   1.1373576e-02   4.6935137e-03   7.8209999e-04   6.3909387e-03   5.5091767e-16   1.9695989e-03   3.0597454e-03   1.5929146e-03   1.5408833e-03   8.3683462e-41
   1.0387341e-02   2.6946125e-03   1.3770041e-03   4.4351111e-03   6.1950883e-25   1.9391569e-03   2.6543154e-03   3.1841190e-03   6.1603066e-04   2.4300535e-32
   1.6725718e-03   4.5160389e-03   1.2791485e-03   3.3892558e-03   1.5066525e-22   1.4323218e-03   2.0042669e-03   3.4391311e-03   4.7687307e-05   2.7252074e-26
   1.3075010e-05   3.3327288e-03   8.1611772e-04   1.6632266e-03   1.5843342e-41   7.9972150e-04   1.1061931e-03   2.8116180e-03   1.1990576e-04   3.7804790e-30
   2.3360412e-09   2.4592844e-03   6.8654256e-04   1.6047444e-03   5.7327226e-53   4.2436423e-04   9.0714078e-04   2.5943516e-03   4.0932775e-12   2.5066737e-28
   6.0992381e-11   1.4915326e-03   5.4705400e-04   3.2766648e-03   5.6056334e-71   2.3796570e-04   1.0786214e-03   1.9083062e-03   7.4899895e-12   3.4141448e-22
   1.3805659e-10   1.0869109e-03   3.9020031e-04   3.5750589e-03  4.6882081e-103   3.9499989e-04   2.2729719e-03   1.2438638e-03   3.5354711e-17   1.5527560e-11
   3.0722690e-10   1.2326411e-04   6.3998941e-04   2.2920573e-02   2.5921176e-60   2.9462950e-04   2.4609690e-03   5.8515759e-04   2.4908101e-12   2.9996551e-03
   1.2219941e-06   4.4453698e-15   7.7403797e-04   9.6055134e-02   6.5340715e-32   1.8438010e-04   1.0224269e-03   1.6511863e-04   1.3300069e-15   6.2470517e-03
   2.1691881e-04   1.0417009e-16   1.4327895e-03   1.3807536e-01   4.7785995e-21   1.2801782e-04   4.0476550e-03   1.0721316e-05   1.2037018e-16   1.0187839e-02
   1.2092326e-04   5.7530828e-28   2.0590735e-02   5.6843956e-02   1.9163631e-38   4.7712657e-26   8.2681434e-03   7.2334743e-13   2.3935229e-29   1.1185957e-02
   1.8503472e-12   2.2345576e-16   5.5413731e-02   8.6485263e-13   8.4623914e-21   4.9662932e-38   3.8155849e-04   7.7896341e-20   2.2126279e-10   7.4704468e-03
   2.2974346e-13   8.3656117e-02   4.0940491e-02   1.0962072e-37   5.9388294e-06   1.7004907e-09   4.8707015e-08   2.0497470e-20   1.8262608e-02   4.6442453e-03
   5.8048014e-10   2.1865309e-01   5.4825960e-03   6.8973530e-04   9.1531256e-03   1.0675230e-02   1.7298922e-08   7.8592436e-05   1.9374204e-02   1.0003278e-03
   7.4534164e-21   1.1016643e-01   2.8732861e-03   4.2171018e-09   1.4564754e-30   8.5818190e-02   9.3336600e-11   1.1209383e-04   8.8740708e-08   4.0610734e-06
   7.7948076e-17   7.9615947e-04   1.2913220e-03   4.9642863e-03   4.2127191e-31   1.8003541e-01   3.4582182e-04   6.4233920e-05   2.3119092e-23   4.0300106e-10
   2.3684603e-09   3.2186831e-15   1.5777486e-03   7.2627694e-02   1.1647848e-66   1.3022891e-01   6.6957642e-08   3.5021880e-05   5.1148360e-18   1.0081793e-15
   4.6123635e-20   3.4980137e-05   1.7488144e-03   1.7848369e-01   1.1137223e-84   3.7593253e-02   1.6231152e-06   8.6102992e-05   5.1183183e-15   1.2178582e-13
   7.9070060e-13   8.1291417e-03   9.9969797e-04   1.6219654e-01   3.3493789e-69   7.5083681e-03   3.2054497e-03   8.3661816e-05   7.2074634e-22   1.8732922e-07
   5.3712928e-10   2.9609311e-03   1.7116389e-03   7.9473665e-02   1.8104382e-65   3.6484972e-03   5.6404720e-03   6.8346150e-05   2.0624369e-21   5.4873337e-04
   1.1465137e-04   4.9690618e-05   4.0387659e-03   2.5298041e-02   1.3526883e-54   2.3132561e-03   6.7823240e-03   3.6291045e-05   3.6744350e-24   3.5438977e-14
   2.0125088e-17   2.1896603e-20   1.6467383e-02   2.0305347e-14   3.8961993e-60   3.7569368e-04   3.4051167e-03   6.9334588e-08   6.5342379e-38   1.6672393e-36
   1.3744576e-46   4.9965447e-42   3.5290717e-02   8.4408002e-50   2.7744141e-37   1.2734883e-32   3.2829738e-12   1.5851202e-26   7.0396927e-28   1.0920646e-52
   2.7804367e-39   2.5499321e-31   3.7093734e-02   2.4349958e-64   4.7273916e-09   9.3039779e-56   2.2823326e-23   1.5849981e-36   2.3135823e-04   1.1498041e-47
   3.9709813e-10   1.0933837e-02   1.9710728e-02   5.3362986e-31   5.9617483e-03   4.9855512e-37   1.5262634e-11   2.7976274e-07   3.9833922e-02   3.6773305e-22
   2.1924629e-04   6.4147872e-02   1.1267654e-02   3.7107030e-03   1.1461739e-25   1.0548914e-12   5.3736015e-05   9.6408712e-05   1.0848649e-02   3.2914361e-13
   2.8991701e-05   9.1427192e-02   4.5028168e-03   5.3237436e-03   9.5110992e-45   1.6168860e-03   2.1274032e-03   1.2121404e-04   6.3230572e-04   9.8723401e-15
   1.2794719e-17   8.2942848e-02   2.3091907e-03   2.0213151e-03   1.2575230e-46   3.3908257e-03   3.7686976e-03   2.8249817e-04   2.8190165e-14   3.0749059e-17
   8.8913125e-29   7.7573539e-02   2.3424267e-03   1.0811943e-04   2.5222850e-72   1.4207562e-02   3.3040547e-03   3.5884330e-04   2.1666376e-28   4.3830195e-33
   1.0473898e-40   1.7258893e-02   2.3392212e-03   6.8013031e-07   2.7524200e-93   5.2669882e-02   2.4151632e-03   4.4030624e-04   3.7213035e-25   9.8457683e-27
   3.4044193e-30   2.5940653e-13   3.9551120e-03   7.9058579e-13   5.0228187e-86   6.0567720e-02   1.1941295e-03   4.1766397e-04   2.1256093e-22   8.2357242e-26
   3.6376174e-28   5.1209064e-14   7.4599481e-03   8.5831169e-29   7.2605316e-87   4.8626392e-02   2.1231689e-03   1.6097771e-04   3.1322427e-25   3.4472689e-28
   1.7745784e-29   6.6390797e-15   1.4713794e-02   8.0416660e-21   1.8546491e-73   1.9909493e-02   1.3627529e-03   8.5030209e-05   1.6872850e-26   4.5433234e-37
   2.0573252e-19   2.1942071e-16   2.2484287e-02   3.5417126e-03   9.2177844e-47   4.7923237e-03   4.6075398e-04   6.2800079e-05   9.8223014e-19   1.5111816e-34
   1.3335308e-30   3.6856027e-29   3.0321496e-02   6.1787381e-03   1.8230844e-17   1.5648074e-09   2.4616450e-08   1.4286290e-04   3.7919591e-04   1.2063787e-52
   3.9833035e-23   1.0039654e-23   2.4353637e-02   3.7220311e-03   8.7759965e-03   7.1505180e-26   1.2142979e-03   2.7611721e-04   7.1960261e-02   6.5255856e-36
   9.2880557e-23   3.5788497e-15   1.5157967e-02   2.0708604e-11   1.6027152e-03   5.3200522e-23   6.4492811e-03   2.1721513e-04   1.0549619e-01   1.8873326e-20
   7.8232212e-13   8.5314079e-03   5.2910767e-03   9.5105447e-16   2.3970589e-13   2.3032459e-05   1.3220131e-02   1.9967632e-04   6.4984463e-02   6.9495765e-11
   2.8478532e-10   2.7124472e-02   3.5457346e-03   8.0311179e-15   8.8471010e-24   1.1846212e-04   1.0639891e-02   1.8098832e-04   1.9773468e-02   2.0522446e-14
   1.4462321e-15   2.9062425e-02   1.9723200e-03   2.9980228e-08   1.7426722e-49   2.1141594e-04   8.4124050e-03   1.7748852e-04   5.1477844e-03   1.7530540e-17
   1.0887631e-22   2.1613480e-02   1.3861252e-03   1.2669464e-05   1.5911137e-43   2.3403066e-04   7.9084396e-03   1.6681890e-04   1.1302812e-19   3.0039752e-09
   5.5448372e-05   2.1223065e-02   2.1267702e-03   2.8605796e-06   1.0649901e-66   4.8595554e-04   1.0019179e-02   1.3828552e-04   2.8839535e-22   2.8110805e-14
   3.8743677e-13   9.8708800e-03   4.3467262e-03   1.5181235e-07   9.2117912e-53   2.7962887e-04   1.2970017e-02   2.1370812e-04   7.9445693e-20   1.5185842e-05
   4.9903570e-17   2.4694591e-04   4.3691829e-03   2.5840723e-06   1.6519816e-38   8.0581312e-04   1.4842975e-02   1.2871500e-04   3.3647215e-19   2.1756820e-04
   7.7618458e-07   1.0100699e-08   5.3824576e-03   1.0545620e-06   7.1943960e-13   1.7362243e-03   1.2652329e-02   2.8600002e-05   1.8349834e-36   1.6514227e-04
   3.0317056e-07   1.5568013e-29   7.0521810e-03   4.3822797e-14   2.2059727e-02   2.2448073e-03   1.2246157e-02   5.2656891e-05   1.3056125e-31   2.3659506e-04
   4.7968128e-04   1.7182667e-39   7.1110497e-03   5.3252343e-09   5.7435108e-02   1.9704219e-03   9.5326129e-03   9.9791083e-07   1.9653430e-05   3.9813418e-04
   2.0474261e-05   1.7136010e-29   3.8634558e-03   4.6690667e-12   5.3313584e-02   1.2206890e-03   9.3083790e-03   1.0510812e-04   1.3514200e-02   3.8283361e-04
   4.1082064e-15   8.7904695e-18   1.8093613e-03   2.2385433e-09   2.3033456e-02   5.3248996e-04   1.1250617e-02   8.9447530e-05   1.5073403e-02   7.2089673e-10
   3.2947879e-04   4.1976772e-10   6.6236870e-04   8.8700339e-07   3.1740500e-03   1.3097000e-04   1.3859550e-02   2.8723913e-05   6.8663511e-03   1.2445840e-04
   7.9475611e-07   1.1458922e-03   3.9637881e-04   1.7949315e-03   3.3405851e-03   1.1756097e-04   1.2274423e-02   2.5067931e-05   2.3368031e-03   2.4071471e-07
   2.5809918e-08   2.4009232e-03   3.7129143e-04   2.7079458e-03   3.7784384e-38   5.9040543e-05   8.2069648e-03   1.6423068e-04   5.7587262e-04   2.1102662e-04
   2.5684074e-06   8.3023418e-04   4.5684928e-04   9.2900731e-04   1.5633602e-32   6.3919941e-05   8.6733070e-03   1.8106659e-04   5.3502540e-19   2.2009726e-04
   6.1030663e-13   9.3163917e-06   4.7039348e-04   4.0770265e-04   4.9164303e-40   7.4770127e-06   1.0170218e-02   1.6371405e-04   9.1673235e-16   1.9558896e-06
   4.8045522e-27   4.3613408e-09   8.2867618e-04   6.5626681e-04   2.0340455e-05   2.2717488e-05   8.9456793e-03   1.5996713e-04   3.0446209e-28   1.5836784e-13
   8.5471129e-13   9.1045537e-09   2.0776731e-03   7.5524639e-04   1.2328927e-08   1.1336713e-06   6.6142451e-03   7.8496387e-05   4.3688768e-36   4.4236541e-15
   3.5602132e-16   3.4914523e-14   3.2428670e-03   1.9249198e-04   1.5911249e-02   2.2572488e-13   6.1314243e-03   1.5543532e-04   4.4093936e-46   1.0388287e-26
   4.9356026e-17   2.6260561e-20   3.4935842e-03   4.9670602e-04   5.2640408e-02   4.5795045e-16   5.7143280e-03   2.2467484e-04   5.5511483e-29   1.2587568e-12
   6.2638304e-24   1.0919442e-16   3.1351099e-03   1.9789603e-03   7.4962456e-02   5.2511475e-05   5.4537559e-03   2.6064602e-04   2.2420699e-06   7.4442777e-13
   1.0359666e-28   5.0670020e-17   1.2645834e-03   3.9832997e-03   5.3503548e-02   7.3790714e-04   5.9197270e-03   2.0248980e-04   6.7563442e-03   2.7314254e-05
   2.1997748e-16   1.1499988e-13   3.9495086e-04   2.3125755e-03   2.3222403e-02   6.2507471e-04   7.4226685e-03   1.7619248e-04   6.2698503e-03   9.6717626e-05
   3.1813316e-04   3.3904857e-14   2.6635172e-04   1.8065901e-03   4.9838349e-03   6.5554941e-04   7.4724276e-03   1.4010299e-04   3.2171285e-03   3.4203388e-08
   1.8388399e-05   2.4949340e-13   3.6739513e-04   1.2966371e-03   3.2575773e-03   7.2142311e-04   9.1628250e-03   2.9601203e-04   1.2666596e-03   2.0124546e-04
   1.2732349e-04   2.8534221e-14   3.4201367e-04   1.8633638e-05   1.3066629e-38   2.5578979e-04   9.0703738e-03   1.6707999e-04   2.8044890e-04   6.5498729e-04
   1.8559547e-07   1.0030368e-10   2.5234989e-04   9.7446571e-06   4.3502491e-27   1.2335779e-05   1.0061856e-02   9.7942270e-05   1.7529221e-32   8.5951129e-04
   7.6453452e-07   1.6358532e-05   6.6710870e-04   2.3642330e-06   8.1650678e-32   5.8189180e-10   8.2055114e-03   1.3938162e-04   1.5277059e-27   8.5489008e-04
   1.1769260e-06   3.0071701e-04   1.2051193e-03   1.2700813e-06   6.4526236e-24   3.2502057e-08   6.5672995e-03   2.5917026e-04   3.0198561e-33   1.5144839e-09
   1.1426285e-18   4.5053431e-11   1.6030850e-03   3.4007968e-04   2.3148979e-03   7.6393193e-22   6.6820470e-03   4.4659060e-04   4.9965324e-37   7.4570374e-16
   8.9665455e-26   1.9798391e-11   1.2123033e-03   7.5553061e-04   1.1003875e-02   5.9179461e-15   6.9247989e-03   4.0558932e-04   6.3185452e-45   1.6621529e-04
   2.9925815e-20   8.0186612e-06   1.3802955e-03   1.0523357e-03   2.0262723e-02   1.2281936e-15   4.8923053e-03   5.7514451e-04   4.7073342e-10   7.5489774e-12
   1.6844679e-23   5.3137871e-04   1.0191160e-03   9.8490058e-04   2.2998665e-02   1.0056586e-17   4.4833802e-03   6.8308470e-04   2.6716820e-03   9.2950766e-24
   1.1438903e-22   3.1765349e-04   5.1450532e-04   8.6428742e-04   1.9291321e-02   1.2203209e-04   5.6497267e-03   3.7430244e-04   4.5857186e-03   2.1489372e-08
   2.0408708e-31   2.8870001e-06   4.5034192e-04   4.9066575e-04   9.4736970e-03   2.7651839e-06   6.5533169e-03   5.3341246e-04   3.1554957e-03   3.2961097e-21
   1.5971440e-20   1.6833931e-09   4.1912087e-04   4.1821427e-04   5.3512766e-03   1.9790562e-04   6.9448488e-03   5.2958252e-04   1.4914778e-03   2.0659880e-12
   2.1042518e-08   8.8502220e-13   4.6464079e-04   1.5361253e-04   2.0128864e-03   7.3653019e-05   9.4012753e-03   3.6424566e-04   7.9298329e-04   8.0890553e-15
   2.2563944e-06   2.7845787e-07   3.8198387e-04   4.4274899e-05   5.7594487e-27   2.3968361e-04   1.1846359e-02   3.1782806e-04   8.6306150e-05   8.9193896e-15
   1.7796300e-04   7.6762463e-04   3.9166721e-04   1.1835094e-03   1.9917659e-31   4.4122494e-04   1.1820410e-02   1.7709276e-04   1.1686448e-20   8.2711455e-04
   6.2359001e-22   9.5403559e-05   7.7415092e-04   2.3722025e-03   1.2064894e-49   5.2789056e-04   1.1019702e-02   5.9976710e-05   2.9583022e-30   7.6462665e-04
   4.6701065e-17   1.8825200e-04   9.9473879e-04   8.4306813e-04   9.8607028e-52   1.0261622e-04   1.2019483e-02   2.3079032e-04   2.1368726e-36   1.2415356e-13
   1.4950128e-09   7.6018230e-11   7.4189389e-04   2.5781116e-04   1.8013345e-03   2.0236551e-05   1.1520243e-02   1.7506378e-04   1.0313410e-31   1.8830229e-15
   5.2454949e-28   1.4975073e-20   9.1594718e-04   9.1620881e-04   8.2406310e-03   3.3557585e-10   9.4341288e-03   1.7275727e-04   4.5325252e-27   7.9407580e-09
   6.1804360e-18   2.5379575e-07   9.6558142e-04   1.0690396e-04   1.2047632e-02   5.2781095e-09   8.0758450e-03   1.8267214e-04   1.8648030e-04   5.6916897e-11
   7.3375656e-16   1.8815385e-03   8.9482866e-04   3.9408778e-04   1.4420471e-02   2.3763729e-05   6.4653196e-03   2.9178818e-04   1.8058495e-03   2.6928305e-07
   1.3748653e-20   1.4660827e-03   4.0106468e-04   8.4966450e-04   1.2601250e-02   2.7056719e-05   7.4702239e-03   1.8857904e-04   2.7161830e-03   1.1012236e-13
   1.6921902e-39   2.5342718e-06   3.7901029e-04   2.7290467e-04   4.0221340e-03   2.5437380e-07   1.1478261e-02   2.7369505e-04   1.5817350e-03   6.8675296e-34
   1.1480409e-21   4.0541981e-09   4.7787489e-04   2.3596593e-06   1.6626881e-03   5.0516932e-09   1.4206158e-02   1.3263254e-04   1.0883796e-03   1.0492922e-14
   1.0134400e-34   9.3901648e-14   4.4391675e-04   1.9011851e-05   2.8971972e-11   2.3977312e-09   1.5482865e-02   2.4424290e-04   7.5656318e-04   9.7304117e-22
   1.7177475e-35   2.1955606e-09   5.2685792e-04   6.9363129e-05   1.5429736e-39   2.0829071e-05   1.3999409e-02   3.5605478e-04   3.2211906e-08   2.1753343e-30
   1.6650918e-32   2.0622734e-13   9.4919406e-04   2.4296188e-04   1.9987372e-31   8.4363535e-05   1.2980434e-02   2.2615351e-04   6.0651274e-22   7.3385156e-34
   4.5704053e-15   2.2398435e-06   1.1893967e-03   3.3269322e-04   4.0325483e-22   4.1874435e-04   1.3273326e-02   1.6023989e-04   2.9834325e-35   1.2349996e-33
   4.0907573e-22   9.5858670e-04   8.5583713e-04   4.2985600e-04   4.1910965e-03   7.6046007e-04   1.2551530e-02   2.3742002e-04   4.7265778e-33   7.1921934e-40
   1.0654172e-32   9.8882389e-04   1.3355309e-03   7.4080165e-04   1.5754092e-02   4.8024680e-04   1.2200407e-02   3.9627171e-04   5.0154229e-55   4.0597302e-32
   1.8329121e-30   1.5519968e-07   1.7992401e-03   3.5230243e-03   2.6428685e-02   6.0603312e-04   1.1930070e-02   5.8232798e-04   9.7460149e-17   1.7761532e-26
   1.6946178e-21   1.1975922e-03   1.7554244e-03   1.5845100e-02   3.2016085e-02   5.5219684e-04   8.8650094e-03   4.6371219e-04   2.1082991e-03   9.8363025e-29
   2.2245526e-17   3.2488943e-05   1.2102055e-03   1.6962159e-02   2.9581172e-02   3.3178823e-04   9.8322209e-03   3.5335867e-04   4.9048163e-03   1.0337608e-19
   4.1553664e-18   5.3513951e-15   2.5200826e-04   2.5047334e-03   1.4289104e-02   4.6214535e-04   1.5207092e-02   3.8180175e-04   6.3054291e-03   8.3175752e-23
   2.5661173e-11   1.6134625e-16   5.4909479e-04   3.5916848e-05   4.4866339e-03   2.8074238e-04   1.6270309e-02   3.8485512e-04   4.2353051e-03   4.2261543e-13
   5.4321710e-04   3.1026712e-16   8.4720717e-04   3.7558921e-05   3.9491894e-03   1.3319700e-06   1.3989128e-02   8.8023872e-05   2.0610080e-03   5.7120595e-04
   1.8265290e-04   3.4370535e-12   1.7866367e-03   8.8342789e-05   8.8532965e-09   7.5888865e-07   1.1089246e-02   1.9900436e-04   3.4932866e-04   2.3383903e-14
   4.2821549e-08   7.4768308e-19   3.4839336e-03   1.2539523e-04   6.8049704e-09   2.4573550e-18   8.9464709e-03   3.5136692e-04   8.5233159e-18   1.6174671e-23
   9.1912130e-17   1.4986257e-28   3.8637534e-03   7.4520979e-04   6.3009335e-29   8.7707574e-28   8.9015281e-03   4.5585872e-04   4.7280407e-36   4.7592908e-21
   3.2745662e-13   8.2836037e-22   3.1163087e-03   2.9787181e-03   8.0175711e-03   4.1835324e-20   6.7716159e-03   4.9788714e-04   6.3088313e-27   4.0058697e-13
   7.6859348e-24   3.9776454e-04   2.5481658e-03   2.5955208e-03   1.8977385e-02   8.8168990e-05   4.1589520e-03   5.2204049e-04   2.6004395e-26   3.2986557e-22
   2.7383494e-35   2.5371603e-11   2.9919406e-03   1.8681943e-06   2.9012366e-02   4.0394080e-25   5.5690646e-03   3.2726178e-04   1.0960235e-29   6.7500447e-37
   1.0827399e-33   1.8418242e-20   3.1349004e-03   6.7592390e-08   3.4030087e-02   1.7177183e-04   4.8653403e-03   7.3735860e-04   8.4722789e-04   3.9420517e-37
   7.7140582e-23   1.2743240e-16   2.3435142e-03   1.1579783e-06   3.4072976e-02   3.6925248e-04   3.9977803e-03   7.0247058e-04   4.2779789e-03   1.5457557e-37
   2.7743217e-33   1.4938489e-17   1.7706386e-03   1.7558840e-05   2.1703782e-02   2.1037658e-04   4.5333800e-03   6.6491876e-04   6.8483847e-03   1.0760636e-37
   1.9398479e-38   3.1952916e-16   1.9766983e-03   7.4862040e-10   3.4001435e-03   8.1010167e-07   6.0748777e-03   5.1462609e-04   6.8029601e-03   6.1623755e-25
   4.2179375e-38   1.3456723e-15   2.0414163e-03   1.8315958e-11   4.5014118e-03   1.8729478e-11   8.3330420e-03   5.7455073e-04   5.1632138e-03   1.5083281e-24
   7.0521163e-48   1.9806881e-20   2.3040997e-03   1.3580473e-08   3.3092435e-03   2.0414113e-05   8.4512870e-03   8.8963840e-04   1.6382340e-03   2.3223694e-27
   3.0666933e-54   2.4675520e-24   3.5948029e-03   3.4560255e-07   4.6499796e-38   1.1321662e-04   5.1644660e-03   1.4742822e-03   2.7533654e-08   2.1186833e-33
   1.5891589e-48   1.7829210e-30   5.9355256e-03   1.0069879e-16   3.4153008e-04   3.2987386e-07   3.5765764e-03   1.7246633e-03   6.0154231e-18   4.2193944e-33
   5.7431814e-33   1.0106898e-25   5.1174026e-03   2.4510016e-24   8.3615654e-04   5.2809367e-28   2.9285773e-03   1.3328945e-03   2.7532907e-32   1.6907641e-23
   1.0207573e-24   8.2570654e-18   3.9211311e-03   1.5709872e-11   6.5537036e-03   1.8818801e-23   1.6677560e-03   1.1187764e-03   3.4317103e-15   4.9662703e-19
   2.1793994e-30   1.9573934e-17   3.8978778e-03   2.6520686e-06   9.5648272e-03   6.4033120e-30   4.2303197e-04   1.3744857e-03   2.0735075e-17   3.5193023e-16
   8.1423171e-30   5.7687758e-19   4.0071117e-03   2.9428971e-07   7.4773380e-03   4.4382757e-31   1.6019028e-04   1.5895584e-03   1.0345830e-11   3.7997289e-19
   1.6016848e-37   4.6788032e-18   4.1770461e-03   3.7025684e-04   6.0167224e-03   8.2225263e-24   2.6738393e-04   1.5523089e-03   3.1521271e-03   2.2520552e-27
   1.0274008e-31   4.2647886e-14   3.6428922e-03   4.5847717e-04   5.5554439e-03   4.0772206e-09   6.5156255e-04   1.4373232e-03   7.2254817e-03   2.8579703e-18
   6.4096054e-16   2.6833547e-16   3.6009025e-03   6.1612883e-04   1.8077908e-03   1.4183630e-04   6.2662342e-04   9.7323597e-04   9.7926939e-03   9.7963054e-11
   1.4700086e-28   1.0057221e-13   1.9862554e-03   2.6357963e-04   6.4561308e-05   8.9658678e-04   1.3676781e-03   1.4178283e-03   1.1490312e-02   7.2547661e-18
   4.0291680e-28   3.8440051e-04   1.2235781e-03   5.0526631e-08   5.6223111e-04   1.9100780e-03   1.5887927e-03   1.3786347e-03   1.0972095e-02   8.6469575e-25
   2.7424238e-03   1.6005061e-03   2.1770189e-03   3.5649699e-09   2.2789212e-22   2.1133939e-03   1.3725187e-03   7.8022530e-04   5.7904254e-03   2.8046568e-20
   9.3471257e-04   1.4696609e-04   2.7022950e-03   1.7101496e-15   7.8573967e-80   1.2743711e-03   1.2950462e-03   7.0677393e-04   3.4294489e-03   2.2390711e-14
   1.0493554e-03   1.3603062e-05   2.7024304e-03   3.3987347e-08   2.8055891e-26   7.2949371e-04   1.1695218e-03   4.0459918e-04   2.8441411e-03   2.8595841e-17
   1.4984013e-04   3.0751325e-03   2.1914705e-03   2.4335452e-05   2.0751310e-25   8.1075535e-04   6.6822827e-04   5.0208547e-04   1.8045438e-14   6.0584867e-04
   6.9538837e-10   2.2724271e-03   3.3670195e-03   4.7953697e-04   2.4190610e-16   7.7314605e-04   5.1823169e-05   2.9374122e-04   5.4929673e-04   1.0911305e-03
   9.8996522e-05   5.6702360e-04   4.1605632e-03   8.0965117e-04   8.2234631e-10   4.6355418e-04   1.3079675e-09   6.7416055e-04   3.2165532e-03   5.1544779e-04
   1.0030133e-07   7.7057144e-06   4.6986562e-03   1.6652574e-04   2.2035656e-13   3.1610472e-04   2.5922443e-06   8.9704627e-04   1.4686923e-03   2.8005367e-10
   1.0611661e-16   2.3811605e-13   4.0732608e-03   7.3244238e-12   1.3676088e-08   3.5618611e-04   8.0033880e-06   8.0931212e-04   1.4604043e-02   2.4201806e-17
   2.2771610e-19   7.7028263e-12   2.7163794e-03   2.5881561e-11   7.0148688e-06   4.3343453e-04   3.1789919e-04   8.0044161e-04   1.9594977e-02   7.5610935e-19
   1.8601320e-28   1.5219543e-04   1.5481162e-03   1.4324432e-08   1.9318175e-06   5.8510922e-04   5.7333629e-04   8.0764713e-04   2.4891375e-02   1.1542363e-35
   7.3466766e-19   3.3624478e-04   9.2815378e-04   1.1392679e-10   6.3470705e-09   6.5396380e-04   9.6943671e-04   8.4896940e-04   2.3849336e-02   2.0510772e-21
   2.6337702e-26   1.1448104e-09   1.2215111e-03   6.7542781e-06   2.0947672e-06   7.0487612e-04   6.7389510e-04   9.0106048e-04   2.0728556e-02   6.9528630e-07
   9.0039765e-15   7.8106909e-04   1.5678336e-03   2.3775036e-04   1.0757024e-18   8.3547133e-04   7.1070893e-04   1.1170444e-03   1.6241755e-02   1.8605870e-12
   4.3881302e-11   7.2515895e-04   1.6237542e-03   6.2233691e-04   8.8219399e-24   9.4135763e-04   7.1973147e-04   8.5217986e-04   1.3010757e-02   2.2678123e-10
   9.0118134e-23   2.4686519e-10   1.3031960e-03   8.2441616e-04   1.9598359e-23   1.1225994e-03   1.0168483e-03   8.3718807e-04   7.8368580e-03   2.6016690e-20
   3.9361645e-14   1.5867128e-03   1.0256027e-03   3.5386890e-04   1.6800784e-03   1.2486730e-03   9.2325335e-04   7.4407467e-04   1.7252018e-03   1.8567141e-07
   1.4299050e-09   8.5600606e-04   1.6097345e-03   4.4794742e-05   8.7869564e-04   1.1583389e-03   7.9507457e-04   5.4500905e-04   4.0653409e-03   3.4521566e-06
   9.4875626e-04   1.6711546e-04   2.2264137e-03   6.9997288e-05   9.7775276e-04   1.0965036e-03   5.7548173e-04   3.5144077e-04   1.2505460e-03   2.1210465e-03
   2.9587436e-06   1.5754665e-06   2.2299831e-03   2.5510949e-04   1.4636328e-03   1.1520403e-03   5.9300364e-04   6.8378114e-04   1.7983763e-03   4.2019570e-05
   1.4855973e-06   3.3789177e-14   1.8058679e-03   7.5873746e-04   1.9699566e-03   1.6847858e-03   7.2525513e-04   9.1452656e-04   9.6254847e-03   1.8054135e-11
   9.7657306e-07   4.0775793e-06   1.3198400e-03   1.4550220e-03   1.3104293e-03   1.8238564e-03   4.4077139e-04   1.0546562e-03   1.0049301e-02   1.6909571e-11
   1.9585017e-26   6.1523831e-04   9.1219296e-04   1.5099722e-03   3.1724758e-04   1.5168533e-03   5.4518525e-04   1.1441326e-03   8.8335175e-03   1.7025420e-26
   5.8857073e-30   6.8691739e-04   8.5569646e-04   7.6172048e-04   4.2740862e-11   1.1968099e-03   1.1720673e-03   1.3500354e-03   8.0063555e-03   1.5580764e-25
   1.0249615e-16   1.0578071e-03   1.4800580e-03   2.9136659e-04   6.3021302e-10   1.0809499e-03   1.1511752e-03   1.0952800e-03   4.8958148e-03   1.0906263e-16
   3.7577265e-14   7.6854240e-04   1.5909889e-03   1.4113554e-05   1.0606439e-63   1.3940261e-03   9.9593623e-04   1.1458822e-03   1.3662505e-03   2.8726293e-15
   2.2488811e-24   4.8518207e-04   1.6940571e-03   2.3760714e-04   1.9738608e-08   1.5505366e-03   1.0965078e-03   1.1305201e-03   2.4172349e-03   1.2427312e-24
   5.8741434e-21   9.8386953e-04   1.2707560e-03   3.9349092e-04   7.0822843e-16   1.0784723e-03   1.2812098e-03   7.9974648e-04   3.0806132e-03   1.0061639e-24
   7.3585746e-11   5.0192578e-04   1.5473859e-03   5.9603621e-04   1.4290258e-03   1.3776403e-03   1.0453624e-03   1.0504632e-03   8.5885719e-07   4.9593270e-06
   3.7950401e-17   1.3553560e-10   2.6807515e-03   4.9621139e-04   1.2685017e-03   3.1839304e-03   6.6270214e-04   7.4272432e-04   7.2640260e-04   8.5428427e-04
   1.3812233e-23   1.0061871e-16   3.6948533e-03   2.4700783e-04   2.4590782e-03   4.7744131e-03   4.1228080e-04   7.6463324e-04   3.7818361e-04   5.7112838e-20
   7.4801767e-34   9.2987886e-15   3.9172557e-03   6.0785927e-05   2.9543829e-03   4.7548637e-03   2.1658577e-04   7.7018776e-04   3.5565317e-03   1.6056054e-19
   1.6571521e-22   7.2274152e-14   3.2956026e-03   1.1975764e-05   2.4734093e-03   3.3855283e-03   5.5124337e-04   8.9181992e-04   1.4054644e-02   1.3823587e-20
   6.2550607e-28   1.2916914e-06   2.9577025e-03   1.7186146e-08   3.1202980e-04   2.1530715e-03   4.2171545e-04   1.1799878e-03   1.4116532e-02   2.6219527e-26
   3.7223716e-30   1.1282495e-03   2.0290945e-03   1.0641854e-11   2.0465249e-06   1.2553502e-03   7.4637460e-04   1.3042325e-03   1.4660829e-02   1.5552080e-10
   3.8169130e-27   2.5993378e-04   2.1313350e-03   5.2051706e-24   8.1289794e-04   1.6024275e-03   8.7848600e-04   1.1475692e-03   1.4294702e-02   2.7804846e-10
   5.7101102e-20   1.5319746e-06   2.1159746e-03   2.5600263e-05   5.0421777e-06   2.4530616e-03   1.2068176e-03   9.2149899e-04   8.7217872e-03   7.9546103e-22
   3.9638890e-14   2.0039801e-03   1.8979902e-03   3.5650243e-04   4.7490505e-18   1.9430957e-03   2.0886313e-03   7.8057188e-04   2.7197149e-03   5.9147794e-30
   5.0169011e-25   9.3310307e-04   2.4335582e-03   4.6099722e-05   3.7650354e-08   1.6871048e-03   1.4881399e-03   5.5748646e-04   5.2670374e-03   9.7299967e-24
   1.3072920e-26   3.9934473e-04   2.6800821e-03   1.3157337e-04   1.8890163e-16   1.5818367e-03   1.8213788e-03   9.5478504e-04   4.8875196e-03   9.8280947e-36
   2.1007640e-29   4.0096665e-05   2.4187233e-03   1.3013300e-05   7.0571386e-05   1.8434319e-03   2.3375993e-03   1.1465403e-03   5.3973656e-21   3.8685363e-40
   1.5524139e-31   1.6316485e-04   3.7585524e-03   2.1302603e-05   8.1093140e-05   1.8023439e-03   1.4237712e-03   1.3107302e-03   2.4851854e-05   3.3287644e-30
   3.4917156e-27   2.2617858e-04   4.9556528e-03   1.0995353e-08   1.5266915e-03   3.1275871e-03   1.9074424e-04   1.1194776e-03   1.9329798e-07   2.2885867e-25
   9.9724763e-26   1.3890820e-04   5.3400059e-03   4.9024993e-15   3.3793888e-04   4.9730892e-03   1.7700641e-04   9.9830909e-04   4.0247927e-04   2.3991551e-27
   6.8184752e-25   1.4910274e-05   4.0480249e-03   4.6231365e-24   2.8850001e-04   7.8552767e-03   3.5544560e-04   1.0101305e-03   1.2936498e-02   1.5204359e-19
   4.8019218e-09   8.3803572e-04   2.8309311e-03   1.1769548e-22   3.5828664e-04   9.3712192e-03   9.8523983e-04   6.8800205e-04   1.4607919e-02   5.0519003e-16
   1.0279685e-05   2.9550373e-03   2.7723995e-03   2.6018191e-10   2.9202024e-05   7.0784456e-03   1.3383946e-03   7.2543544e-04   1.6399383e-02   9.0722419e-10
   3.8675764e-15   2.9529152e-03   2.5980003e-03   8.8434653e-09   5.9105347e-04   5.0080379e-03   1.6398210e-03   7.8163697e-04   1.9525769e-02   1.6536172e-10
   1.9893976e-16   2.4681824e-03   2.6606747e-03   1.7734789e-12   3.5306908e-21   3.5984875e-03   2.8187721e-03   7.2799180e-04   1.2963913e-02   2.8678277e-17
   3.5941756e-18   5.1313634e-03   2.6181546e-03   6.1265328e-14   9.8170130e-04   2.5040025e-03   1.9778390e-03   7.6700934e-04   6.7468093e-03   6.2866270e-18
   4.3966797e-39   3.9687149e-03   2.6423992e-03   1.1617139e-16   4.8098678e-09   2.4847461e-03   2.0852336e-03   8.7262502e-04   5.7689581e-03   1.1536703e-19
   1.3003946e-29   1.7542962e-04   2.9972070e-03   3.5424881e-13   2.0169353e-04   2.1408779e-03   3.5003178e-03   8.6658258e-04   3.7614855e-03   1.2344098e-34
   4.6427619e-26   1.3528953e-03   2.7678991e-03   1.3482197e-11   1.3664776e-03   1.9290770e-03   3.6250078e-03   1.0664745e-03   4.4205465e-20   1.0543762e-27
   2.1612443e-20   3.6698715e-03   4.0012240e-03   5.4866425e-06   4.2555872e-03   1.7127447e-03   1.6057006e-03   6.5684381e-04   6.9200586e-04   8.2886618e-21
   1.6788454e-05   1.8434592e-03   3.9652076e-03   1.8539537e-05   6.1090604e-03   1.9797943e-03   1.2650033e-03   1.8579706e-04   8.8461578e-13   7.9376027e-04
   9.8150973e-26   1.6030613e-04   4.6597344e-03   5.1879308e-16   6.3101635e-06   1.8638369e-03   1.6646664e-03   6.0085089e-04   1.4843898e-03   3.9857804e-28
   4.8085308e-09   1.2926688e-03   2.9303575e-03   1.1246183e-11   1.0169307e-03   1.5924248e-03   2.6904858e-03   7.7463497e-04   6.5804931e-03   8.6761288e-20
   3.0559669e-16   1.7457038e-03   2.0306339e-03   2.4171821e-05   6.8985204e-04   2.9270466e-03   2.0828171e-03   1.1685211e-03   8.4328739e-03   2.1067759e-15
   1.2519457e-19   1.0858463e-05   2.1010815e-03   1.4544904e-05   1.5043674e-17   3.3798292e-03   2.5085638e-03   1.3990335e-03   4.7923722e-03   1.6071359e-04
   1.1210117e-09   1.1637327e-07   1.5348330e-03   4.1894313e-10   2.1414155e-03   2.3835221e-03   3.2773847e-03   1.9267199e-03   3.9426735e-03   1.0717440e-05
   4.4885109e-17   1.5331070e-05   1.2196445e-03   7.2145773e-14   4.0829539e-28   2.2123933e-03   4.5930948e-03   1.9520873e-03   2.0570476e-03   3.7840957e-20
   1.3073897e-31   2.4036039e-06   1.4534915e-03   7.3556762e-15   1.5204828e-03   2.7695629e-03   4.5048433e-03   1.2012990e-03   3.7094783e-06   3.5305150e-13
   5.9744924e-27   4.7925803e-04   9.5163950e-04   1.9631553e-14   3.0898770e-04   2.6126958e-03   3.8066529e-03   1.5238095e-03   4.4115568e-37   1.3587035e-18
   6.2919606e-46   4.8989059e-05   1.1029883e-03   4.0164449e-10   3.0802739e-03   2.7004879e-03   2.7809208e-03   1.5893575e-03   2.0120404e-22   2.5699688e-24
   2.7052628e-25   8.8681956e-07   1.7619190e-03   3.4615931e-11   5.3583333e-03   2.9822953e-03   2.8134162e-03   1.8185097e-03   1.4652884e-15   7.7988478e-12
   1.4609244e-19   1.1897920e-06   1.8694895e-03   9.0779192e-08   5.4499722e-03   2.8990342e-03   2.2353220e-03   1.9856231e-03   9.2778399e-05   1.1025516e-17
   1.8431673e-22   1.3095071e-11   1.9855032e-03   6.9930472e-10   2.0201754e-03   2.8518116e-03   1.8522333e-03   2.2682406e-03   1.0335593e-21   2.2726728e-11
   1.9470153e-34   3.1051619e-07   1.6534596e-03   1.3801609e-11   2.8354281e-10   2.1740604e-03   2.4258674e-03   1.7040625e-03   1.6267780e-12   8.3593015e-16
   3.5336413e-27   2.3701294e-05   1.5521914e-03   1.3702932e-08   8.3294263e-23   1.3560265e-03   1.5105636e-03   1.7451279e-03   6.0949991e-05   3.5978493e-30
   5.8660513e-28   9.9277429e-08   1.3515383e-03   1.6604236e-06   5.9831238e-33   7.3514893e-04   2.1958832e-03   1.5916727e-03   3.0298854e-04   2.1115750e-30
   1.0125100e-47   3.6526144e-05   1.0383613e-03   2.1215407e-04   4.7736162e-49   1.0990419e-03   2.8556891e-03   1.3929964e-03   6.4333231e-06   1.3768036e-40
   1.0589456e-23   1.2011106e-11   1.1335696e-03   8.3592523e-07   5.2170102e-12   1.6548906e-03   2.5016445e-03   1.6654655e-03   3.2652653e-22   5.9293411e-24
   4.1278673e-26   2.4328086e-06   1.0034804e-03   1.5822395e-06   8.0282575e-09   5.2318824e-04   2.6663065e-03   2.3179946e-03   2.8229177e-26   1.3737464e-21
   7.3657256e-40   8.4607383e-08   8.3313081e-04   2.3459248e-05   3.0009982e-66   1.9249052e-03   2.8074745e-03   2.1872350e-03   4.5305785e-17   2.7307995e-28
   2.3227782e-36   7.1284418e-05   1.6402708e-03   1.8811567e-04   1.9318282e-29   1.6305683e-03   1.9781276e-03   1.7743980e-03   2.2433651e-19   5.2748948e-20
   1.5805711e-41   1.6380916e-11   1.3171672e-03   6.6105098e-04   9.3144734e-31   2.5953568e-03   1.9646356e-03   1.6378491e-03   7.6406084e-35   9.2311662e-35
   1.8408051e-30   3.2254444e-20   9.3693781e-04   1.1259281e-03   7.3488004e-13   2.6761141e-03   2.0505527e-03   1.4143070e-03   1.6414062e-52   3.2248198e-22
   2.5662172e-16   1.7307219e-14   1.5719039e-03   5.0113349e-05   3.1526402e-12   2.3785252e-03   7.3533100e-04   1.0865625e-03   4.1573728e-24   1.2647640e-04
   8.4285389e-15   5.0031302e-13   1.6323480e-03   5.1504133e-04   2.6454431e-23   1.9055670e-03   1.0797168e-03   1.4951968e-03   4.7400751e-13   2.4452772e-14
   2.2789775e-13   1.0021316e-10   1.4435752e-03   3.9817649e-04   1.5257164e-45   1.5956058e-03   1.2734920e-03   1.8127816e-03   1.5809203e-09   2.4433471e-15
   2.4374657e-16   2.4038887e-13   1.4132065e-03   1.9315044e-05   3.2458635e-63   1.0819142e-03   1.2268711e-03   1.9161694e-03   1.1940740e-10   1.5820865e-07
   8.8572675e-14   2.4183543e-09   1.0730844e-03   5.9035456e-09   1.9702434e-70   9.9939993e-04   1.0723227e-03   1.4469512e-03   8.7183651e-15   2.0118200e-04
   1.5330104e-22   3.4336887e-25   1.4321945e-03   1.2576451e-12   7.1352708e-28   8.4756797e-04   8.8093633e-04   2.4925693e-03   1.7012408e-17   6.4283685e-16
   8.6724472e-20   2.5826668e-19   1.1051934e-03   1.1023253e-07   4.5491224e-14   8.7473456e-04   1.5098269e-03   2.8287547e-03   4.8262953e-04   3.6405905e-13
   6.4473732e-22   3.9150735e-20   1.2945028e-03   2.8704041e-05   1.0009683e-26   5.4585975e-04   1.4322504e-03   2.8879990e-03   7.2597269e-24   1.5084235e-22
   1.0165589e-37   2.7178058e-18   1.7034211e-03   2.1726870e-04   8.1695149e-19   4.4682436e-04   7.3973547e-04   2.8995466e-03   1.3129108e-19   2.0610579e-35
   4.4650264e-41   7.7396044e-11   1.4187632e-03   6.0932492e-05   1.2850581e-14   1.1643713e-03   6.3544902e-04   3.3467575e-03   2.9642945e-10   1.4223049e-28
   4.7836316e-37   2.8763336e-08   1.8524313e-03   1.0458049e-03   5.7481038e-14   1.0776151e-03   3.7192197e-04   3.5425691e-03   3.1290509e-28   4.4859857e-37
   1.0360707e-27   5.3360921e-07   1.3476793e-03   3.0953970e-05   5.0454707e-06   1.0276116e-03   1.2943470e-03   3.0916766e-03   1.4997024e-13   1.4866091e-50
   4.1349286e-30   1.8315401e-10   1.4277813e-03   6.0275996e-04   2.1363403e-15   1.3659374e-03   1.2107147e-03   3.5822341e-03   6.7910786e-30   1.5817474e-32
   8.5580430e-47   4.2159291e-12   1.6213298e-03   6.5529126e-04   1.1714503e-31   2.2995804e-03   7.5874897e-04   3.6855299e-03   2.8964245e-30   2.6777760e-33
   1.1974987e-19   1.7846187e-20   1.4159249e-03   3.4440827e-04   8.3920165e-45   2.3697031e-03   1.3830304e-03   2.7835790e-03   5.6989373e-09   1.5876180e-10
   7.5198114e-20   9.6951572e-16   1.1482396e-03   2.7677409e-04   6.3083656e-54   1.8491497e-03   1.4247286e-03   2.2685349e-03   1.1415933e-03   4.7753870e-11
   7.2336427e-37   1.8762754e-14   9.2167054e-04   5.7581365e-05   9.2946184e-18   8.8987585e-04   1.9666257e-03   3.9798327e-03   6.4575148e-04   2.0491883e-18
   1.1794276e-47   6.3813994e-06   8.3056179e-04   1.5109053e-06   3.4762414e-22   3.6580575e-04   2.1971073e-03   4.2594462e-03   3.6910597e-04   1.0177867e-27
   6.8374728e-46   2.7185369e-12   1.4306595e-03   6.1977378e-05   3.9980315e-18   2.6843838e-04   1.2554968e-03   4.2158128e-03   2.6975605e-05   9.4797338e-30
   2.5192210e-47   1.1761560e-26   1.1903710e-03   2.0362039e-05   7.6565500e-13   2.2178591e-04   1.5193676e-03   7.2667874e-03   2.1082867e-12   2.7274152e-33
   2.0819869e-37   5.6525057e-14   1.2465670e-03   4.7319122e-05   4.2586956e-21   2.5261646e-04   1.4460268e-03   5.8458695e-03   1.1567722e-09   2.5294692e-33
   1.0747724e-32   7.1061767e-13   1.8011629e-03   4.3208376e-04   1.6709089e-04   5.7688489e-04   9.0391884e-04   3.9830983e-03   1.2983545e-16   3.2935765e-34
   8.1285887e-41   4.6289699e-27   1.6405731e-03   6.1785148e-04   2.9876769e-10   7.3961604e-04   1.0823014e-03   5.0042148e-03   2.3017031e-33   4.7403395e-24
   7.6482946e-25   7.0946085e-11   1.7688119e-03   1.1924248e-04   8.4491582e-21   4.0308966e-04   7.8655397e-04   4.4439882e-03   9.4371856e-15   6.3945091e-21
   3.9648926e-49   5.2570888e-06   2.0280175e-03   4.2638937e-04   2.1528991e-19   1.8391540e-04   9.9852982e-04   3.9587184e-03   3.3738999e-33   4.2111204e-29
   7.6705253e-29   2.2755395e-18   1.7224249e-03   3.6935320e-04   6.1706804e-20   5.6650882e-04   1.6251791e-03   5.1585465e-03   3.2060160e-29   2.5055490e-29
   1.2624637e-19   1.3532277e-09   1.0285552e-03   1.4317888e-04   1.0309183e-10   3.5841074e-04   1.7230789e-03   6.5941953e-03   4.9426058e-04   5.3820219e-27
   1.9391457e-07   1.8124226e-08   1.1432870e-03   7.9330278e-06   3.2744915e-39   3.2014455e-04   1.9907641e-03   4.5595283e-03   1.6135959e-03   1.0052565e-26
   2.0226303e-14   7.9823827e-09   9.5377152e-04   3.7604203e-06   2.8501467e-04   1.3224830e-03   2.4692305e-03   4.3767065e-03   1.7844995e-03   1.1641086e-22
   1.9302137e-25   3.1055197e-04   1.1360854e-03   4.4390553e-06   1.7315634e-37   1.9081699e-03   1.6232396e-03   3.6216649e-03   1.6748096e-03   1.1035083e-24
   8.0578548e-26   8.1745884e-05   1.5039927e-03   1.8592039e-04   8.4794684e-07   8.5099630e-04   2.0029204e-03   3.6894033e-03   1.3192705e-03   2.1605403e-16
   3.4586971e-25   7.4902116e-04   1.8813818e-03   1.8779856e-03   2.9970526e-09   5.5917659e-04   1.3986179e-03   3.8765795e-03   5.3015036e-04   1.9377635e-31
   9.9853757e-29   9.8293739e-05   2.5357547e-03   1.1766616e-03   5.0949169e-34   2.4592891e-04   1.8890007e-03   3.4189080e-03   1.9007071e-09   1.9668934e-19
   1.9504948e-21   4.1173598e-05   3.1313052e-03   5.2718857e-04   3.7895171e-18   1.0303878e-09   1.7939083e-03   4.0729465e-03   7.7609340e-15   4.7866959e-14
   4.1227192e-26   1.7219573e-04   2.7113052e-03   2.3265044e-04   2.4018733e-24   3.2260740e-04   1.4697972e-03   3.4906126e-03   1.2104069e-24   3.9713635e-26
   1.0099655e-31   7.7414677e-05   2.9878659e-03   8.0366197e-06   8.3839906e-26   3.4622093e-04   8.4638385e-04   2.6389956e-03   4.4407425e-16   1.7082000e-20
   2.8366417e-23   8.0772455e-04   2.9593935e-03   6.8112325e-08   2.8612378e-17   4.3629199e-04   1.1787702e-03   2.7803719e-03   6.1451622e-32   3.9049871e-30
   1.6811132e-08   1.3312668e-03   2.3318245e-03   7.6054131e-12   2.5495047e-08   6.6103206e-04   1.5577165e-03   3.2924643e-03   4.3805897e-05   3.9957153e-15
   3.2383645e-27   1.8129056e-05   2.0594564e-03   3.7074083e-09   8.5188730e-53   8.5447330e-04   1.3720783e-03   3.5784112e-03   1.2079836e-03   2.9847903e-07
   4.0748166e-19   6.7109516e-04   1.9567929e-03   1.4929028e-07   5.4344534e-07   9.1014539e-04   1.1350306e-03   3.6844478e-03   2.1984333e-03   8.1633572e-15
   5.1846858e-26   9.9329427e-04   2.3285074e-03   1.3019011e-11   2.3977926e-04   7.5008307e-04   7.3639910e-04   5.2142919e-03   1.0639718e-03   4.2097559e-22
   2.6358960e-27   2.3550954e-03   1.8848227e-03   4.8871939e-18   2.2322747e-39   1.1383409e-03   1.3292439e-03   5.6512511e-03   1.5633502e-03   2.4836807e-32
   2.6419162e-34   1.9630544e-03   2.7762927e-03   6.5450648e-17   6.3931319e-04   1.0537280e-03   9.5058219e-04   4.4404275e-03   1.4022412e-03   3.2838596e-25
   4.8172259e-22   4.2680729e-04   3.3037995e-03   1.4978612e-13   1.8366827e-31   1.7348249e-03   1.1911491e-03   4.4403800e-03   1.5244053e-05   8.8863303e-06
   1.2472637e-27   5.0187444e-11   2.9277559e-03   1.1280103e-21   7.6493750e-16   2.3992933e-03   1.1529108e-03   4.7261630e-03   3.5258523e-36   4.0012001e-09
   9.2080875e-11   2.2469616e-19   3.9008099e-03   4.3224160e-16   1.2983537e-08   2.0550990e-03   5.4129341e-04   4.5236049e-03   4.0353828e-07   5.4381886e-19
   1.0755779e-02   1.9517784e-22   3.1394434e-03   4.8608873e-12   9.9210130e-09   1.8839579e-03   5.6737301e-04   2.6317170e-03   1.9010314e-14   2.1272460e-33
   8.2743771e-03   4.6680030e-15   3.4722363e-03   1.2852302e-17   5.7180360e-05   1.5046117e-03   3.5725784e-04   3.0321172e-03   7.6432497e-16   1.6150316e-14
   2.4766621e-19   1.2896515e-17   2.6678855e-03   1.4815815e-14   3.0890954e-03   1.1996229e-03   1.7338791e-03   2.9381763e-03   1.1453033e-35   4.4070507e-34
   2.5755576e-18   9.0467562e-17   2.5017788e-03   1.1951734e-09   1.4931649e-03   6.3014113e-04   1.5273445e-03   2.1686262e-03   1.7683897e-03   2.9875226e-04
   6.2408552e-14   1.3714401e-03   1.9163017e-03   6.2443728e-11   4.7797246e-38   9.4124176e-04   7.5397120e-04   2.5618698e-03   2.2352742e-03   3.1264447e-05
   1.5602469e-10   1.6827933e-03   2.5922232e-03   6.1591398e-12   2.2426480e-03   1.1533247e-03   8.0634946e-04   2.6664801e-03   1.7934863e-03   1.8193635e-20
   3.8827836e-17   2.3386688e-03   2.5810087e-03   5.7139961e-08   1.1204481e-11   1.9200625e-03   6.5456531e-04   1.8599508e-03   1.2322503e-03   9.8222013e-04
   1.0470153e-02   2.2467923e-03   3.1167381e-03   1.3709678e-16   6.0754427e-10   1.3527386e-03   1.4185163e-09   3.3056840e-03   8.6034960e-22   3.5670934e-08
   1.9293209e-02   4.4663424e-04   3.2826541e-03   5.0244457e-16   4.2436520e-04   9.8733947e-04   8.4411722e-09   3.4797499e-03   7.1499032e-26   5.9819951e-12
   1.0894490e-02   3.2870116e-07   2.8987757e-03   3.5784305e-20   5.3275172e-10   1.8246754e-03   5.3613820e-05   2.8676905e-03   4.3589102e-43   1.0717076e-19
   7.8144874e-05   1.6494157e-11   3.7655748e-03   4.2848155e-25   3.7195854e-03   3.1340024e-03   2.6820218e-07   1.9341987e-03   3.7068600e-15   1.7484942e-37
   8.0960920e-12   2.9928774e-16   4.1429752e-03   5.2794657e-30   3.5710127e-03   3.1862362e-03   1.1472361e-04   2.2503155e-03   1.4380855e-12   3.3679025e-05
   2.3381246e-03   5.9038266e-24   4.1459075e-03   3.1845570e-27   3.6188792e-10   4.2542918e-03   1.0420475e-04   2.1665712e-03   3.4754346e-44   7.8714039e-07
   1.5682628e-03   3.2844751e-22   2.8586723e-03   2.3281063e-18   1.6195260e-03   4.8476379e-03   2.2608656e-04   2.9114993e-03   1.9825571e-08   2.4843513e-03
   1.4853196e-02   3.0002405e-16   2.2107982e-03   7.9716513e-13   2.5198384e-03   3.8370708e-03   9.2139971e-05   2.6267600e-03   5.9774044e-04   1.9893825e-03
   1.6526018e-02   3.9471958e-14   2.0617784e-03   1.9589379e-08   2.3460366e-43   2.3035034e-03   8.4990731e-05   2.7710514e-03   2.3662213e-03   9.8684646e-05
   2.4080854e-03   3.4056301e-16   1.9174425e-03   2.8697982e-07   1.5442425e-03   1.3345657e-03   2.9234586e-04   2.7473299e-03   7.5220275e-04   1.1550236e-09
   8.8402990e-13   4.8776133e-13   1.6965031e-03   1.9364679e-07   2.4768648e-03   1.2554551e-03   2.8471070e-04   2.2046837e-03   3.5908274e-04   3.4562711e-12
   2.7783539e-07   3.8654542e-14   1.8487768e-03   4.4869496e-09   1.7424017e-37   9.8660987e-04   1.9373987e-04   3.0640773e-03   2.7692411e-04   1.3801044e-11
   8.2706475e-08   2.2127689e-18   2.4552599e-03   6.4400866e-05   1.3770721e-12   2.0468033e-03   4.2040425e-05   3.8170655e-03   3.3420618e-11   6.9971038e-24
   5.1666927e-14   9.8116193e-09   2.0532246e-03   6.5185902e-04   2.4191042e-26   2.4562117e-03   1.3963375e-08   3.3859748e-03   9.4330098e-18   5.5882139e-30
   5.9073694e-19   4.5196193e-15   2.2283358e-03   2.0107494e-04   2.0185858e-29   1.7909668e-03   1.0451522e-09   2.5660868e-03   4.9381000e-18   4.7701087e-09
   3.9443153e-21   1.7734153e-16   2.5174476e-03   3.6659183e-05   4.4703095e-13   1.3194260e-03   4.1303586e-08   3.6108071e-03   3.5748017e-04   6.5030740e-21
   5.9741966e-15   2.7002418e-20   2.6636468e-03   2.5506758e-04   4.6174712e-16   1.0549498e-03   1.1418097e-08   4.0736273e-03   4.5713791e-17   5.8437776e-17
   4.8173644e-09   3.6328944e-13   2.3334906e-03   1.0673672e-04   3.7520997e-23   1.5811011e-03   5.0090829e-05   4.2304953e-03   1.1899766e-09   6.4902139e-14
   2.9845124e-10   6.1079081e-11   1.5391361e-03   2.0825418e-04   3.8716121e-04   1.3386843e-03   1.8164622e-04   4.3734478e-03   4.6622485e-06   8.6417840e-11
   3.3434788e-08   7.2071598e-04   5.3247783e-04   3.8148219e-04   1.4145726e-03   2.0438559e-03   2.2465064e-04   3.7406245e-03   1.2086528e-03   6.8217275e-04
   1.0452381e-12   3.5654330e-11   1.3533370e-03   5.6270271e-05   1.7598446e-27   3.1178522e-03   1.3665619e-08   3.3496919e-03   7.7871288e-04   8.6008793e-12
   7.1668208e-20   1.2527485e-21   1.2999083e-03   2.2817143e-04   6.3134614e-04   3.1451458e-03   1.2865811e-04   3.0235184e-03   1.6036989e-08   6.2961798e-12
   4.5341333e-29   8.1640401e-15   1.2446248e-03   7.7224237e-04   4.7772286e-11   2.2877591e-03   4.5798223e-05   2.8248478e-03   1.9250598e-05   1.4338812e-07
   3.4997073e-07   1.5581997e-04   1.1297995e-03   4.5145825e-04   6.2877327e-25   1.1415653e-03   1.2977968e-04   3.7505400e-03   4.4604086e-07   2.2091395e-09
   9.2366309e-05   9.9828288e-14   1.3176000e-03   2.2170262e-04   3.7568658e-04   6.0256036e-04   1.4608927e-07   4.0905195e-03   2.6796627e-13   5.9226197e-12
   4.9680671e-09   1.0239872e-21   1.5869903e-03   1.2481489e-04   4.0391749e-27   8.0031629e-04   1.3685223e-08   3.9209213e-03   2.5794570e-11   1.1439978e-09
   5.8662664e-08   7.0042635e-11   1.4571434e-03   1.2436087e-04   6.3018755e-09   9.8249297e-04   4.8930631e-10   3.7163970e-03   1.0089741e-12   3.2641641e-09
   3.6778113e-10   8.4909798e-18   1.5628583e-03   9.0678068e-05   8.8378900e-04   1.3264927e-03   1.7036707e-08   3.7422827e-03   3.3864741e-04   4.4121505e-20
   6.0023031e-14   5.7873022e-22   1.3370837e-03   8.7693002e-05   6.1012560e-04   1.1065043e-03   6.4982768e-05   4.0077032e-03   2.5337569e-24   1.0226793e-16
   3.2300098e-14   4.3019534e-18   1.4044416e-03   2.6290159e-04   3.5958829e-07   1.0880288e-03   4.5992697e-07   3.7394832e-03   4.8873927e-05   2.9924597e-07
   6.0321558e-08   4.1427999e-12   1.4220106e-03   4.0399889e-04   2.5545332e-04   6.8680799e-04   1.8934593e-11   2.5745122e-03   1.3543191e-04   6.9786209e-06
   5.1517672e-06   4.1988001e-08   9.8847937e-04   2.9334208e-04   4.8047810e-12   6.3387717e-04   2.0909986e-14   3.6988740e-03   3.1801003e-04   1.3144368e-12
   1.1393909e-06   1.9522559e-16   1.2252464e-03   6.1024505e-13   3.9592113e-13   1.0263578e-03   4.9122215e-15   3.8553577e-03   8.5027851e-04   2.2570431e-04
   8.1801388e-07   1.3322476e-26   1.1875333e-03   9.7301801e-05   1.7812893e-12   5.6323950e-04   3.0569894e-14   4.9940325e-03   5.4338414e-06   1.5749242e-06
   9.0096523e-04   1.9849284e-21   9.1624953e-04   5.9718229e-05   6.7092115e-43   8.0870959e-04   1.8091411e-11   5.0135165e-03   8.8023040e-08   4.3255391e-10
   1.6138958e-02   3.9258383e-14   9.6143573e-04   1.7491420e-13   9.2232151e-17   1.4076504e-03   4.4917041e-16   3.2008113e-03   4.6703118e-12   1.2000350e-09
   4.8637886e-09   8.3225173e-19   1.3244976e-03   7.6624840e-14   2.2070519e-16   8.2298532e-04   8.4376989e-12   4.4859911e-03   3.4223939e-21   5.5283922e-23
   1.0851570e-15   9.3835142e-30   1.1767229e-03   1.7348590e-08   1.0942389e-33   5.1290508e-04   9.4789709e-07   4.4550953e-03   7.8705778e-17   4.1610777e-04
   5.3581152e-06   2.4031246e-13   1.2402460e-03   3.1769897e-05   2.0767876e-04   2.7777483e-04   4.1017221e-11   4.0384256e-03   1.0922064e-18   3.5227258e-14
   3.6718593e-06   7.3857745e-26   1.6014622e-03   5.3204629e-08   5.2879614e-04   5.5572175e-08   6.6664797e-08   3.8463880e-03   2.8447947e-05   1.7359904e-03
   3.1925182e-19   1.5131996e-14   1.2974719e-03   3.6325084e-11   2.5185491e-04   2.4594465e-04   7.5927400e-05   4.3389847e-03   3.4599245e-24   3.8202572e-04
   9.8376875e-15   2.5878001e-13   1.4138877e-03   4.3460425e-21   8.2143183e-12   4.8606765e-04   4.0757540e-11   4.1227151e-03   3.8089963e-09   7.0569918e-18
   3.3060750e-10   2.0108843e-05   1.1674179e-03   3.7556534e-08   7.5550801e-06   5.7951033e-04   1.8590624e-08   4.0219946e-03   3.0041713e-20   5.5845787e-16
   1.9567370e-09   1.0989672e-06   1.2621820e-03   1.6868135e-05   3.7129819e-30   5.1398357e-04   1.4051247e-04   4.1218256e-03   1.4366861e-05   2.5085800e-20
   3.1035826e-16   3.4912243e-09   1.5515231e-03   6.2014790e-15   7.5727560e-07   6.4570970e-04   1.9061667e-13   4.8999487e-03   8.5178411e-07   2.4772405e-19
   5.0503143e-12   5.8536152e-14   1.1750439e-03   1.3109261e-27   4.4635109e-22   6.9442522e-04   3.9442798e-13   4.7729830e-03   1.2415414e-04   5.1096864e-28
   2.4567948e-06   6.4730007e-22   1.2655888e-03   2.1708021e-09   2.5806314e-34   7.0556511e-04   9.5680613e-05   3.0045623e-03   7.2480408e-08   5.9029044e-08
   1.4223350e-04   5.2022698e-12   1.2365112e-03   1.0413720e-09   1.2379745e-12   7.0739529e-04   4.3476512e-04   2.2133643e-03   1.3426055e-11   6.2952549e-04
   4.1055170e-10   9.3530634e-11   1.3386565e-03   2.4304756e-20   1.0784852e-32   3.3624378e-04   2.0416501e-04   2.6775096e-03   2.5865063e-14   7.0523925e-12
   2.4455235e-18   5.6098687e-09   1.2948063e-03   1.6999570e-12   6.8334050e-30   3.8047957e-04   1.1674450e-05   3.8651413e-03   4.9627054e-17   6.1100318e-05
   1.0512918e-03   7.0621496e-16   1.3879753e-03   6.1743401e-24   1.3389943e-05   9.3726162e-04   7.5958561e-10   4.2237460e-03   6.1010056e-22   5.2477252e-08
   1.5257929e-02   4.2075910e-17   1.5359055e-03   1.0630625e-18   1.2336194e-10   1.0089294e-03   4.2078483e-05   2.8523611e-03   1.6852414e-18   6.1075056e-05
   1.1757336e-04   5.1629773e-26   1.4319136e-03   3.3970134e-09   2.8426768e-19   3.8617273e-04   2.1804658e-04   3.0166982e-03   1.0964714e-24   2.6965705e-04
   4.4580092e-03   1.4492649e-04   8.7187696e-04   6.1445426e-09   6.1824095e-04   4.4323772e-04   4.9435810e-04   3.1303730e-03   5.5640587e-04   2.2578721e-06
   3.5845728e-03   1.4524511e-03   1.3489580e-03   3.7468857e-28   5.7817727e-19   1.3631484e-04   3.1689630e-04   3.6774621e-03   2.9836839e-26   4.8764661e-11
   4.5264582e-03   1.4188221e-03   1.3602064e-03   4.2707376e-12   9.8161214e-05   2.9765126e-04   4.5094979e-04   3.8325426e-03   2.1392747e-20   4.0495582e-03
   1.3496827e-02   2.7237352e-04   1.1558956e-03   3.3974687e-05   1.0202014e-03   3.3845753e-04   4.2099965e-04   3.2836156e-03   3.6918922e-05   7.3715520e-03
   1.3731010e-02   1.3502622e-06   1.2625224e-03   5.4153974e-10   2.3036787e-52   5.0199642e-04   7.1184143e-04   3.1390685e-03   5.8350938e-06   7.5023572e-03
   5.5681942e-08   9.1664028e-07   1.5588247e-03   3.6308276e-15   5.9719349e-08   7.1776002e-04   5.4430678e-04   3.9511721e-03   4.6406512e-11   5.4905048e-03
   5.0940132e-04   3.8947679e-09   1.4666121e-03   9.0159818e-10   1.5027148e-04   3.0247868e-04   6.4261087e-04   4.5383133e-03   1.5724322e-11   3.5548095e-03
   1.8424676e-02   2.5673332e-04   1.0225651e-03   7.6826933e-10   8.0913646e-38   5.1424678e-04   8.4607432e-04   4.0148852e-03   3.6146509e-09   2.4825515e-10
   1.3792055e-02   9.8287487e-05   1.1974434e-03   6.7157314e-09   7.3618476e-11   4.8128460e-04   6.6542218e-04   3.6430747e-03   6.0423678e-32   6.2899926e-07
   1.2249872e-02   2.3419225e-13   1.5041259e-03   1.6664484e-12   4.5796049e-04   5.0809250e-04   1.0774414e-03   3.2525164e-03   7.7244422e-16   5.2601142e-03
   1.5958639e-04   1.9144126e-10   1.6184941e-03   2.1188773e-11   1.9227789e-16   5.3078182e-04   6.6319201e-04   4.3638945e-03   9.1339439e-14   6.8120129e-03
   1.8718180e-14   2.3629300e-11   1.1858149e-03   5.8724298e-08   1.2561656e-07   9.8082058e-04   6.1208269e-04   3.6053480e-03   1.0840472e-20   3.5731660e-07
   3.4338034e-11   1.2013719e-08   1.3054981e-03   1.4079415e-10   8.9115945e-04   1.1257856e-03   7.0973875e-04   3.4599326e-03   5.8338803e-11   6.2339802e-05
   1.0301356e-02   1.7230930e-12   1.4441252e-03   3.3152233e-21   3.9300297e-24   7.8026692e-04   1.4674231e-03   2.8811209e-03   6.1382526e-14   6.2860109e-03
   1.9796795e-02   1.6644313e-15   1.3713349e-03   2.3417805e-20   3.7672141e-04   6.8773873e-04   1.6732422e-03   2.0405940e-03   1.6396025e-29   1.9772234e-11
   2.2119554e-04   2.8569665e-07   1.3028296e-03   3.0062993e-16   4.6745428e-09   3.7790902e-04   1.1680703e-03   2.7430756e-03   2.3491616e-14   2.6349342e-03
   1.8670449e-05   1.8192486e-08   1.0402045e-03   4.0747113e-09   1.2244579e-07   6.9306769e-05   9.6316415e-04   3.4914560e-03   1.7317970e-09   1.0002520e-03
   2.9013533e-06   1.0904312e-07   1.1678604e-03   2.0641648e-15   4.4711252e-04   1.4572942e-04   8.3516005e-04   3.6644105e-03   4.9566008e-09   2.4315229e-03
   4.9175286e-06   3.2439708e-10   1.0007931e-03   1.9903700e-21   1.1121353e-05   7.2933358e-05   9.1432854e-04   4.6755608e-03   5.5991637e-10   2.6445964e-03
   1.3888954e-05   4.6299417e-09   9.0623641e-04   4.5666789e-12   1.3651892e-33   9.6890272e-05   1.0298008e-03   5.3714540e-03   5.0632114e-15   2.6160072e-03
   1.2325165e-15   9.1123001e-13   1.0671647e-03   3.9887983e-09   1.1245823e-03   1.9939083e-04   6.0792409e-04   3.4290315e-03   6.9266011e-23   1.1280288e-17
   1.7861645e-02   2.8394238e-11   1.1705360e-03   1.1009521e-11   1.1358499e-03   1.7316626e-04   1.2273386e-03   3.4388076e-03   6.9097599e-20   3.4927680e-03
   2.7069742e-02   7.5152860e-09   9.2038595e-04   7.1803190e-14   6.9101524e-04   2.3327526e-04   1.8399997e-03   2.1496879e-03   1.2109411e-28   5.5819646e-11
   1.0162525e-02   1.6273257e-10   9.7558822e-04   1.0305842e-20   1.1655108e-03   1.0094213e-04   1.3986201e-03   2.4791778e-03   3.4142078e-11   2.4140536e-06
   9.1101916e-10   1.5224250e-23   1.0279089e-03   3.0099820e-13   2.0339412e-12   2.6853819e-04   1.0892789e-03   2.7191478e-03   3.5353227e-07   4.6315105e-09
   1.9309634e-23   1.6708058e-17   1.1357457e-03   1.8214299e-08   2.0071257e-04   9.2364945e-05   1.0582206e-03   2.5089870e-03   7.4862513e-23   5.1360942e-04
   1.1255675e-03   1.9837737e-15   1.0135223e-03   1.2180322e-06   1.3488442e-03   2.0343406e-04   7.4289862e-04   2.2037669e-03   1.1560889e-40   6.6114026e-03
   1.6619178e-02   9.8734083e-23   9.9519564e-04   7.5143350e-10   1.3064313e-23   4.7274757e-04   7.8817119e-04   2.0227033e-03   1.9690262e-31   6.7481309e-04
   1.1014640e-02   3.4142386e-23   6.0467997e-04   4.4105317e-09   8.9290369e-04   3.5491292e-04   1.1273558e-03   3.0558188e-03   7.3626890e-19   9.5927093e-04
   1.5591704e-03   2.2473664e-23   5.1920419e-04   9.8886479e-05   1.9039645e-03   1.2532516e-04   6.0712385e-04   5.1157645e-03   1.1416794e-48   1.1393942e-03
   2.2099539e-04   2.7889518e-17   5.4274913e-04   1.1037093e-04   1.6106303e-03   6.4657502e-07   8.3899860e-04   4.9546641e-03   2.0063200e-13   5.9194526e-03
   5.6109733e-11   3.9177616e-22   6.5745877e-04   1.1766864e-04   1.1865111e-03   1.3409103e-11   8.2581358e-04   3.2551020e-03   1.9393968e-24   2.2177571e-03
   5.8856189e-11   4.2373412e-13   7.1450292e-04   7.2482914e-05   1.2571294e-03   3.0146323e-05   7.5219886e-04   3.0157696e-03   1.6105697e-22   5.9720925e-04
   3.5852987e-08   8.2595360e-17   4.5972807e-04   8.0781592e-06   9.4111200e-04   8.7173484e-06   8.6997094e-04   2.8618726e-03   6.9167230e-07   3.3696104e-03
   4.1130729e-03   1.6775461e-13   4.7209590e-04   1.4444571e-05   1.3366537e-03   9.4422265e-06   8.5409219e-04   3.1224180e-03   8.7788770e-20   3.1822946e-10
   3.7979940e-04   3.4312434e-15   6.5457839e-04   7.1164432e-05   2.0443511e-04   7.6826013e-06   4.0599429e-04   3.3096360e-03   1.6037298e-10   1.8760274e-09
   9.2420270e-06   1.8692693e-17   4.2942739e-04   3.9844483e-05   5.4502848e-11   1.0088641e-04   5.7626312e-04   2.7740690e-03   4.4362005e-04   9.1503976e-04
   3.7858373e-03   1.4979856e-19   4.7823704e-04   1.0834808e-10   4.6543704e-05   1.1281697e-04   8.6726542e-04   1.9218256e-03   5.5856891e-04   2.2767399e-03
   1.5566703e-06   1.3228402e-20   7.2439288e-04   9.2506615e-21   2.4362873e-16   9.9393469e-05   6.6857613e-04   2.9957553e-03   5.7176224e-04   2.9771883e-03
   7.1360879e-07   1.5732764e-20   5.7553965e-04   3.5412341e-13   2.6124908e-46   2.0476562e-04   3.1903343e-04   3.3037458e-03   1.0437115e-03   5.7857685e-03
   3.9204823e-03   8.4754510e-19   3.1619878e-04   1.6638359e-13   2.5506768e-15   2.2785628e-04   4.5505855e-04   3.0074196e-03   7.6947929e-04   5.0686482e-03
   2.1634923e-04   3.2078881e-16   3.5556657e-04   3.5976273e-11   1.1008672e-09   2.4751640e-04   2.4945567e-04   2.6862246e-03   4.4875108e-04   6.7124023e-03
   3.0368355e-06   2.2170139e-21   6.1365895e-04   9.5656122e-17   6.0982442e-33   1.5624964e-04   2.5927427e-04   2.5336493e-03   4.7399165e-06   2.4796382e-03
   1.8369470e-08   1.0712376e-20   4.5086918e-04   3.3560350e-07   3.2091031e-36   1.8928123e-04   3.9372999e-04   2.1725454e-03   8.1067190e-04   5.2497453e-04
   7.3028403e-14   3.1894049e-19   3.8836432e-04   1.1586610e-12   2.3444029e-27   1.6432563e-04   1.9355247e-04   2.0858062e-03   1.2358014e-03   1.4670752e-04
   4.3172853e-15   2.1764073e-16   5.7088766e-04   4.8827354e-26   2.0685191e-31   1.2378839e-04   2.2481290e-04   2.7391812e-03   7.6673521e-04   1.7576413e-03
   7.2448448e-10   5.4283416e-19   6.5878980e-04   8.6263107e-22   9.2782480e-64   8.4452635e-05   1.7990677e-04   3.7831832e-03   4.9023092e-07   5.3665766e-03
   2.0146258e-20   5.2805251e-23   4.6887366e-04   7.6973760e-14   1.4940439e-35   4.3700984e-05   1.2695051e-04   4.2852550e-03   6.5375388e-04   4.1037164e-03
   7.9615776e-12   1.7113905e-23   6.5248884e-04   9.7077261e-24   1.3856560e-48   8.4223765e-07   1.2307821e-04   5.3330100e-03   1.2429957e-03   2.1835347e-05
   3.7295250e-06   3.0473669e-32   7.6387394e-04   2.6924774e-35   3.8324497e-33   1.3598592e-05   1.6194177e-04   4.6954638e-03   9.7333624e-04   2.2117342e-03
   1.2096916e-02   1.8419758e-33   9.3061551e-04   1.1421461e-32   2.2579582e-57   8.6838516e-05   5.1245233e-05   2.3125892e-03   6.6887235e-04   6.4700668e-03
   2.1850533e-04   1.6484273e-26   7.9622373e-04   2.5915429e-22   4.7977581e-65   4.1914837e-05   3.9049375e-07   2.6419541e-03   9.7089246e-04   3.4365905e-03
   1.0655037e-03   6.9641637e-29   6.5016684e-04   1.4334085e-16   1.4334621e-60   7.7563659e-09   2.1213797e-05   3.5301328e-03   3.1622493e-04   6.7534249e-03
   1.1449338e-02   3.9752052e-30   7.8891065e-04   3.5462035e-29  5.5383934e-127   3.8456054e-05   2.0647060e-06   2.4470908e-03   3.2978602e-14   5.8705225e-03
   9.8830766e-21   3.2515628e-33   8.5445462e-04   2.8127546e-29   5.5662676e-57   8.6990763e-09   1.5718895e-11   2.9383060e-03   1.4947760e-04   1.5621019e-03
   1.6033433e-05   8.2577238e-32   6.7571961e-04   1.1301462e-28   7.3513049e-68   3.9861841e-25   8.1565551e-10   4.2062332e-03   7.9339605e-04   1.3424108e-13
   3.7827109e-03   6.9090023e-42   7.3374922e-04   1.5863483e-40   4.3895835e-29   1.4888584e-21   1.9058541e-22   4.2318000e-03   1.4251133e-04   3.3801539e-19
   1.5578606e-12   7.1838878e-52   8.6289736e-04   4.6915454e-55   9.2429565e-67   3.3664880e-05   3.0995910e-38   3.7627068e-03   5.7539634e-19   7.1908057e-04
   3.3212180e-09   8.4863503e-30   6.6816080e-04   6.2008535e-36   2.0061430e-30   1.8033438e-04   2.8040249e-27   2.6989586e-03   5.7475956e-25   8.2303753e-03
   9.8329997e-03   2.1400636e-24   5.4563930e-04   6.8605093e-30   2.7229668e-35   2.2340674e-04   1.3274586e-14   1.3933318e-03   9.8062388e-04   6.0429568e-03
   7.4500805e-03   2.6399616e-35   4.8553632e-04   5.4976780e-32   4.0222738e-39   2.7415298e-05   9.1056689e-14   2.8593334e-03   1.5589227e-03   2.5753221e-03
   4.2919792e-03   1.1064756e-42   4.6430314e-04   1.6678329e-33   5.7119186e-22   5.0352515e-08   2.4613840e-14   3.2230988e-03   3.5029272e-04   2.5365149e-03
   3.6831188e-03   4.1266284e-24   4.3088899e-04   1.1919491e-34   5.0347280e-21   9.6012569e-09   2.1316612e-08   3.1369248e-03   3.4649043e-15   5.6322383e-03
   3.0504480e-03   9.0875968e-24   4.5660500e-04   1.0322551e-37   4.1103914e-33   2.3537036e-08   5.7918883e-11   3.4265689e-03   3.6120203e-04   5.3593571e-03
   2.9348497e-03   1.7606801e-27   4.6056135e-04   7.9266892e-30   3.7890952e-24   2.8931795e-16   3.1159856e-08   3.7758470e-03   1.4292169e-04   1.9618937e-03
   2.5099907e-05   7.7046068e-25   4.5591355e-04   1.4945052e-27   1.7795292e-52   3.2505863e-22   1.2490353e-14   3.8162008e-03   8.1392434e-31   1.7482475e-06
   5.1560890e-07   1.2979034e-22   3.8383523e-04   5.8990651e-32   9.0666526e-56   2.6483555e-05   2.8787132e-13   2.8488152e-03   1.0687252e-20   2.6934565e-04
   3.6665127e-15   2.8322602e-09   3.3836563e-04   5.0879408e-30   1.7539452e-17   7.4810380e-05   5.1514299e-08   1.8283539e-03   3.2021754e-15   4.3629258e-03
   2.5273221e-10   7.8344749e-05   3.0484480e-04   3.9002160e-26   1.9277120e-30   5.0001531e-06   8.5836464e-09   2.9383173e-03   4.1228941e-09   3.1674408e-03
   2.2111115e-11   4.8178544e-12   2.8141059e-04   7.1252002e-23   5.3856889e-04   6.0644448e-10   5.4888766e-13   3.3814963e-03   1.6153800e-15   4.7259499e-03
   1.9356055e-04   1.1770261e-17   2.4524024e-04   5.1766802e-13   3.5511590e-04   1.7582201e-05   3.6291730e-20   2.0221524e-03   1.6898016e-11   1.1247374e-02
   3.2969955e-05   3.0033476e-17   2.1894010e-04   2.7264011e-20   1.0954508e-06   5.4885234e-05   6.7687956e-21   2.9517431e-03   3.4009572e-04   6.6360549e-03
   2.0906845e-03   3.5566405e-08   2.2074116e-04   5.9221641e-22   4.0329200e-06   6.3397679e-05   3.8991963e-10   3.9698262e-03   3.4615333e-05   1.1917830e-04
   3.2386365e-06   1.1646333e-05   1.9885837e-04   3.6950996e-28   9.3439447e-05   2.2665035e-05   1.3235757e-05   3.9925363e-03   2.9608299e-08   9.9773050e-06
   1.9842059e-03   1.3431940e-05   1.6271216e-04   5.3635117e-30   3.3656579e-21   1.3368769e-12   5.2295065e-05   3.7082082e-03   1.5493250e-04   2.1141494e-05
   1.0028841e-02   2.2388559e-07   2.2022812e-04   1.3948518e-29   2.1322982e-04   2.6093547e-16   6.1561801e-05   2.9260921e-03   1.0114026e-18   7.8460253e-05
   9.1174427e-03   2.2483986e-04   2.0592882e-04   2.9480170e-27   3.1415450e-12   2.4443947e-05   2.7679747e-05   2.1904909e-03   2.1052096e-20   2.3022332e-05
   1.2755722e-02   8.5475649e-05   9.0273743e-05   1.0786290e-07   2.0607817e-25   1.8622671e-05   5.7373292e-05   1.5293898e-03   7.5508526e-43   8.9597983e-03
   3.6972165e-03   8.7553633e-06   1.0474912e-04   4.5069043e-08   9.8217165e-21   3.8794606e-16   3.4889338e-05   3.0758831e-03   6.5213322e-25   7.0841813e-03
   1.6270938e-10   6.1619917e-06   1.2623607e-04   9.3236487e-18   3.9601643e-05   3.2657280e-20   3.1413649e-05   3.5980882e-03   1.5000966e-24   5.8286859e-03
   2.8924233e-06   5.4201765e-05   1.1707640e-04   1.7479962e-15   3.5354770e-04   1.7409935e-14   2.9754601e-05   3.4784094e-03   1.0559526e-06   4.1051746e-03
   5.9830028e-11   1.5648851e-15   1.6240131e-04   2.4304545e-17   3.5685646e-04   2.5885463e-05   1.0580715e-05   2.4731384e-03   2.0513575e-06   1.5057226e-03
   9.4137828e-08   4.4883095e-09   9.1836691e-05   4.3235872e-06   2.7857877e-22   9.8938340e-12   3.9089947e-05   3.0301863e-03   4.0692449e-05   1.3046430e-03
   4.7744915e-03   1.3252342e-06   9.6170914e-05   6.3318635e-05   1.5566522e-06   3.7867950e-06   1.9754085e-06   2.5785577e-03   1.3023566e-07   4.1268045e-03
   1.0039121e-02   1.8254430e-20   1.2107081e-04   2.8464816e-05   7.3786717e-05   2.8272467e-05   4.5795648e-05   2.3894449e-03   6.3869984e-13   3.4356343e-03
   2.1571236e-02   5.4161303e-05   1.0406135e-04   5.5213345e-10   7.4164764e-05   1.8128199e-05   5.2741352e-05   2.0599701e-03   6.2869802e-08   3.4233792e-03
   1.2310827e-02   1.2817717e-04   1.1260448e-04   4.6348063e-17   1.7460393e-05   4.8599263e-05   2.3133305e-05   3.2053932e-03   6.1433784e-23   1.2415948e-07
   5.3245922e-13   1.4640338e-04   9.4739397e-05   1.9060512e-06   2.8858698e-18   1.3344458e-04   4.2332610e-05   2.3480907e-03   1.9962569e-22   2.0784127e-03
   1.6567152e-03   7.2240586e-06   6.7537626e-05   1.6008146e-05   9.3992426e-06   4.8847287e-05   4.7526059e-05   3.5943341e-03   6.3637623e-18   1.0286186e-03
   4.5949516e-07   4.4129225e-09   1.1887081e-04   5.3201603e-05   5.9575378e-19   2.2777033e-05   1.4982896e-12   3.4042574e-03   8.3470292e-12   1.4937114e-03
   3.2292578e-09   2.7378712e-05   1.1858164e-04   5.0712096e-07   3.1259638e-17   3.4193182e-09   4.2120927e-22   3.1172196e-03   1.7944693e-06   3.4582451e-03
   3.3085026e-07   5.6986391e-09   1.1246646e-04   1.2796684e-07   9.5650574e-06   3.1988412e-05   1.2596259e-13   3.2827850e-03   5.3869745e-10   3.4552659e-03
   1.0473352e-05   3.3610713e-06   1.4175944e-04   2.6061938e-06   1.9034116e-12   2.1182630e-05   1.5165865e-08   2.3682590e-03   5.1693123e-07   2.3972110e-03
   1.1901328e-02   8.3507356e-05   1.1766924e-04   8.2591526e-05   1.3436790e-17   7.0573512e-05   1.3567505e-05   1.3355159e-03   2.1535799e-08   3.9355750e-07
   8.1530550e-03   3.3069010e-04   7.2866427e-05   3.0355149e-05   1.4453542e-16   2.9478701e-05   1.0628802e-16   2.6761822e-03   2.2856045e-17   2.4708504e-03
   3.2135180e-03   2.9946170e-05   7.0296661e-05   5.6994243e-05   1.6432265e-20   9.2509227e-06   1.9879285e-13   2.6055542e-03   2.7275149e-24   7.1608789e-03
   4.6290656e-03   8.3873973e-05   8.4760977e-05   3.7319452e-05   5.6388560e-42   3.7189337e-07   2.1586158e-10   2.4734264e-03   1.4660624e-15   1.9573880e-03
   1.3488685e-03   8.6020236e-05   9.0085024e-05   1.6204318e-11   1.0704402e-45   3.7134786e-13   1.3604784e-16   3.3155686e-03   1.3624770e-23   1.6747930e-05
   6.5516846e-03   1.1728176e-04   7.0160466e-05   5.8875260e-26   8.1538485e-14   2.2180416e-13   2.4291975e-14   3.5049483e-03   1.8926526e-13   1.7126805e-03
   1.5042868e-02   7.9467599e-05   1.0617672e-04   5.7336107e-11   2.2177653e-09   1.7994764e-12   3.5002792e-12   3.0964724e-03   2.0687878e-19   2.3245653e-03
   2.3378868e-02   8.6742849e-05   7.6452308e-05   1.0482937e-05   1.1521598e-07   2.3054956e-16   2.2242699e-05   2.2525358e-03   4.4777568e-33   1.0869090e-05
   6.3026415e-03   1.3482815e-05   7.2523370e-05   3.2283326e-15   1.0551140e-08   9.9416344e-20   5.8319130e-08   4.2581574e-03   1.6598628e-39   6.8996919e-05
   4.1065763e-10   1.1106261e-06   9.7694428e-05   1.7108751e-07   2.9365105e-29   1.7015809e-21   5.7219571e-21   4.7352593e-03   1.6131705e-26   2.4097607e-03
   2.9415249e-18   2.9303342e-05   7.4800877e-05   1.6135851e-10   4.7661779e-06   5.4871784e-27   2.1844675e-21   5.1098628e-03   1.1741339e-13   3.6665203e-04
   7.7425213e-12   6.8825108e-07   1.0614621e-04   7.0011968e-14   9.1663595e-16   3.7201218e-23   4.3912613e-38   4.6472092e-03   1.2963539e-14   7.5837800e-04
   9.7331662e-03   1.0416636e-10   1.1424852e-04   2.0145845e-13   5.4634872e-31   6.0649309e-16   1.5767889e-25   3.0116874e-03   2.4527200e-12   1.4678719e-04
   1.5413991e-02   4.3644121e-11   8.1118961e-05   3.0615011e-07   9.1173743e-31   1.5324161e-15   1.6501201e-23   2.7675747e-03   5.7707196e-08   2.3398455e-03
   1.2301227e-02   6.2768176e-05   9.0687151e-05   6.6785434e-08   7.5042542e-31   6.9359816e-12   3.5037578e-28   2.7605805e-03   2.0629484e-19   1.7292087e-03
   4.7782029e-03   5.2329762e-04   1.1910731e-04   1.6864257e-05   2.1569205e-68   7.3760423e-06   9.6683716e-30   2.0188680e-03   7.6856043e-10   7.9234054e-06
   1.1121457e-08   8.7161422e-05   1.1086672e-04   2.9459094e-05   6.8143917e-47   9.2078019e-06   1.7336089e-20   1.9811621e-03   4.1543462e-07   5.7428957e-03
   8.5772071e-03   1.2098135e-08   8.6338578e-05   6.8938883e-19   6.6260577e-43   3.9612490e-17   1.7381603e-23   3.8438885e-03   1.2731897e-32   8.4239455e-03
   2.4411908e-02   2.8704080e-15   1.1949347e-04   1.6361457e-21   6.4525404e-29   2.5286320e-15   3.1328093e-23   3.5551350e-03   1.3584105e-11   1.9099884e-04
   1.3651484e-02   1.2242391e-06   1.1241861e-04   1.5558798e-10   1.2893528e-37   3.8477977e-13   5.9799086e-16   2.3232832e-03   6.8254890e-20   1.0440886e-02
   1.2424550e-02   1.8688371e-06   9.4240773e-05   9.1178661e-15   2.0859214e-37   5.3119869e-24   4.1911745e-14   3.1322928e-03   2.2508662e-18   1.3506076e-02
   3.2826226e-05   1.7326730e-08   9.1250298e-05   1.2960428e-16   9.9676407e-66   3.1653696e-15   1.0943505e-16   3.4110985e-03   2.2451228e-06   1.5433939e-02
   2.8882265e-03   4.5964262e-06   8.2111058e-05   1.8333560e-11   2.9384719e-44   2.6456658e-08   2.8765697e-20   2.9254048e-03   6.5069714e-14   1.2651520e-02
   2.5642245e-03   1.8346492e-04   8.9124930e-05   1.1139186e-06   2.9534947e-76   2.2811100e-05   5.8081473e-19   2.1849398e-03   5.9371097e-20   7.9899088e-03
   9.3205798e-05   1.5369436e-04   1.1536399e-04   4.0983053e-05   5.6297247e-67   2.2112885e-05   5.0143970e-17   2.0719004e-03   1.8321959e-05   4.6442701e-03
   9.7821235e-03   4.5984682e-05   8.3402664e-05   7.1072646e-10   9.5739944e-55   4.7503277e-08   1.7276851e-15   2.5741729e-03   2.8150017e-04   6.5030223e-03
   3.6166957e-03   4.8936335e-07   9.6623895e-05   3.6308184e-18   8.4284579e-63   7.1393483e-07   4.0802106e-27   3.4073244e-03   2.8088713e-04   8.8792800e-03
   1.0915487e-08   6.8999901e-08   8.3330096e-05   6.5019338e-06   1.3085070e-81   1.8581105e-10   3.9445820e-23   2.8712186e-03   1.9300111e-04   9.2217520e-03
   5.3523403e-07   2.1903125e-05   8.3193620e-05   1.2512754e-06   4.5287590e-62   1.8482764e-08   7.5926637e-20   2.3683319e-03   9.2227216e-05   6.6199052e-03
   7.2499153e-09   1.1655324e-04   1.0719855e-04   2.1953000e-05   4.2840341e-66   5.7811604e-06   3.1235448e-23   2.0650919e-03   2.3392398e-04   2.6551351e-03
   3.7417882e-04   1.6797354e-04   1.0535121e-04   3.0029451e-05   5.9557698e-79   1.4209891e-05   2.0530845e-17   1.7494621e-03   2.6045591e-04   2.4359344e-03
   5.3403556e-03   3.5714204e-05   1.0547238e-04   3.5540957e-10   7.3559042e-97   8.6783212e-08   1.4036080e-12   1.7977118e-03   1.5062963e-04   6.6167219e-03
   5.1897610e-03   1.3481026e-06   8.9217379e-05   5.8274086e-05   1.3746766e-90   8.6267966e-06   1.4382715e-08   1.8230743e-03   1.8742357e-05   1.5009437e-02
   3.1417151e-04   1.6081566e-05   9.7387888e-05   5.0756595e-05   3.0577462e-73   1.3237910e-11   4.1760693e-10   2.5426793e-03   3.3944593e-19   1.3253989e-02
   2.5559319e-03   1.9471775e-10   1.2070695e-04   1.1993799e-09   1.4027487e-55   4.7378364e-22   1.7873643e-18   3.0483512e-03   5.6431025e-06   3.2011323e-03
   1.0299305e-09   6.7840244e-08   7.7437579e-05   6.7515444e-08   3.9303348e-38   1.8941979e-15   2.6922720e-14   2.3420861e-03   1.5376268e-04   5.5356298e-03
   3.7012902e-04   5.3617619e-06   1.1294936e-04   1.8969256e-05   3.7799776e-53   1.9490044e-11   2.0690874e-24   2.4261915e-03   2.1632976e-13   9.0331759e-03
   1.2576575e-03   2.9276633e-15   7.7077421e-05   5.7072340e-05   4.8360861e-33   2.5689247e-16   2.5579261e-15   2.3152147e-03   1.4715021e-04   1.1230915e-02
   4.3306927e-07   7.6215648e-15   1.1065687e-04   5.5325127e-05   1.2167185e-55   1.2078401e-11   8.8691942e-19   1.7579462e-03   1.2862210e-04   1.6595134e-02
   8.1396980e-05   3.9082430e-05   1.0451257e-04   1.1360254e-04   3.1937199e-66   3.6727025e-07   2.5266331e-10   1.8085677e-03   1.6146510e-04   1.4965417e-02
   7.1518959e-09   2.4707447e-06   9.7593739e-05   1.1307903e-04   5.5030289e-74   5.0400577e-13   5.3100491e-12   2.0149601e-03   1.0671822e-04   1.2811376e-02
   5.1302469e-03   2.4976319e-05   1.1208509e-04   8.1606073e-05   1.8917745e-61   8.8565071e-12   4.1307920e-20   2.2915228e-03   1.2955683e-04   1.0173488e-02
   1.7294900e-03   2.1934739e-04   7.4451168e-05   9.8485313e-05   6.1029015e-53   2.2233664e-10   9.4829158e-19   2.2315883e-03   1.0858068e-04   5.0053925e-03
   5.5916331e-04   1.0038948e-06   9.9845598e-05   3.6699942e-09   8.9705319e-68   3.8593327e-15   1.1558834e-27   2.5887060e-03   1.4974623e-05   7.0324221e-03
   1.8747866e-04   3.0425003e-06   9.8957776e-05   5.8807594e-10   8.6879414e-71   1.9819196e-14   3.4935224e-21   2.4855261e-03   5.2899775e-05   9.0090194e-03
   3.6415731e-05   1.8489574e-05   1.0850305e-04   2.9247399e-05   2.8489813e-91   2.0043050e-16   3.5435521e-17   1.7340305e-03   6.1913985e-07   1.2618319e-02
   2.1928884e-08   1.9505801e-07   1.0632575e-04   8.8156903e-05   1.1013511e-71   4.1120457e-14   1.4403280e-21   1.8831317e-03   2.4282224e-06   1.2281595e-02
   5.7162394e-03   5.5319852e-05   1.0021406e-04   1.5607762e-04   2.9999154e-65   1.2163011e-15   1.4963567e-19   1.8516602e-03   7.1904804e-07   5.1400858e-03
   1.2988004e-02   5.9286301e-05   1.0057979e-04   9.8653466e-05  1.5461274e-100   1.4178276e-11   9.8735523e-13   9.9793548e-04   6.4528527e-34   9.4901784e-03
   5.5696461e-04   6.5662784e-05   8.9005559e-05   1.2173496e-04   2.6259055e-77   2.0918270e-12   1.1924185e-11   1.2887115e-03   3.7874006e-11   1.5626210e-02
   1.3694403e-02   2.3755823e-06   9.2003622e-05   9.8342347e-05   1.4995606e-69   1.4327621e-18   1.3376537e-13   1.6869759e-03   1.9841788e-11   1.2048168e-02
   1.0744031e-02   2.8652482e-11   1.2401286e-04   7.9179151e-05   1.4492290e-79   1.6674509e-13   8.0799581e-12   1.4598244e-03   6.0724501e-31   8.8373741e-03
   2.6759306e-06   1.0290224e-07   1.0492950e-04   6.4862583e-05  5.2254742e-102   1.2102606e-17   2.0218203e-12   1.5340059e-03   2.1587416e-24   6.4640522e-03
   7.8650499e-09   1.1656739e-07   1.0772775e-04   1.1645530e-04   8.6910935e-58   6.2375312e-13   2.1998427e-12   1.8751032e-03   4.5319090e-08   8.1950544e-03
   8.6210230e-03   8.7353101e-15   1.1650176e-04   8.3491416e-05   6.3374249e-64   2.1120334e-08   2.2950484e-13   1.6784920e-03   1.1890969e-04   7.6205565e-03
   1.8558870e-02   5.9410671e-09   8.1792696e-05   6.7128408e-05   7.1862631e-57   4.2070021e-09   5.3137454e-06   1.3379844e-03   1.5031768e-04   9.0036475e-03
   6.4037019e-03   2.6244130e-11   7.6955022e-05   6.1716356e-05   4.8778365e-66   2.0427044e-09   5.0834509e-14   1.4940586e-03   1.1875828e-05   1.2774791e-02
   5.3663253e-04   1.1650708e-10   7.3598544e-05   6.5657165e-05   3.9201479e-70   1.1597745e-12   4.0085334e-11   1.7016075e-03   7.9524159e-05   1.1461624e-02
   3.8939404e-03   1.5975429e-13   8.4234816e-05   1.0022128e-09   6.3745833e-59   2.0933787e-22   8.7661736e-09   2.1490455e-03   1.2819998e-04   5.1552535e-03
   2.3655630e-04   6.0498387e-19   7.1145495e-05   3.9872463e-05   1.2229051e-21   5.4159048e-20   5.4452993e-07   1.8493494e-03   5.1008219e-05   1.0121244e-02
   6.3489819e-03   1.1266600e-20   7.0616807e-05   5.4440891e-05   5.3641744e-27   1.6750994e-11   2.5926781e-13   1.1141950e-03   1.1039414e-06   1.3177664e-02
   8.7451697e-04   2.7971663e-24   7.4983030e-05   3.3106165e-05   1.2208688e-29   2.5246142e-13   3.1477398e-13   1.5257954e-03   1.9247313e-07   1.3908658e-02
   2.5323625e-03   1.2433341e-14   6.4869120e-05   5.4492637e-05   9.2519222e-14   7.1915373e-12   1.0217504e-06   1.6660158e-03   1.5099202e-06   9.9407114e-03
   2.0055695e-10   3.2309130e-05   1.0438406e-04   3.3331186e-05   2.5467256e-30   1.0453185e-05   6.6769705e-15   8.8308241e-04   6.8786395e-08   3.7249959e-03
   2.1160099e-03   1.2795287e-16   9.0519161e-05   1.1946545e-05   3.0699632e-33   6.3677743e-07   8.6808392e-16   1.1852512e-03   7.6416339e-14   5.5399674e-03
   2.6123207e-03   4.8031774e-22   7.4717067e-05   3.9053951e-05   5.8452289e-24   1.3693689e-08   4.2693960e-08   9.3362799e-04   9.9547142e-05   6.9298979e-03
   9.4903697e-03   4.4684691e-18   1.0765591e-04   2.5872381e-05   1.8240842e-20   1.0708874e-07   9.7526113e-11   1.3175561e-03   2.4997679e-04   4.1255460e-07
   8.0382068e-03   9.8009760e-16   8.5663441e-05   2.1215524e-05   1.4303547e-14   5.9300427e-10   1.2251212e-10   1.3000629e-03   1.2363939e-09   3.2541665e-03
   7.0284275e-03   8.7552473e-13   5.8974722e-05   2.6229463e-05   5.6858151e-23   5.4250197e-15   4.8767834e-11   1.0514341e-03   2.9457838e-19   4.0765449e-03
   2.4387355e-03   4.3483332e-07   5.9533772e-05   1.8767458e-05   1.2297962e-32   1.8098203e-13   2.5771839e-07   1.4699802e-03   1.6077126e-17   5.9570195e-03
   1.8560155e-04   2.5716453e-12   7.0867313e-05   1.8595041e-05   6.5261726e-21   4.6758831e-08   1.3222798e-10   1.3262743e-03   1.6626017e-10   4.5808805e-03
   1.5523427e-03   1.6646887e-24   6.7484991e-05   1.8948999e-05   2.7022935e-11   5.6352696e-06   6.4293236e-15   1.1496343e-03   2.5676506e-11   7.6676591e-03
   1.5244495e-03   8.1840301e-28   7.8911189e-05   1.3826825e-08   4.5266633e-19   2.9181515e-12   3.7611351e-18   1.2938492e-03   2.2907970e-07   1.0417797e-02
   1.0851958e-10   9.9916395e-29   9.4120712e-05   1.2821544e-06   2.2236440e-21   2.2368820e-10   9.6661614e-16   9.8742641e-04   2.4777848e-05   1.1153677e-02
   1.8185064e-04   8.0000219e-19   7.6619067e-05   1.3241628e-05   1.0007280e-27   3.7162440e-11   2.5072526e-21   1.0863488e-03   4.5133737e-05   6.0567194e-03
   1.1932325e-05   8.4588353e-19   5.1959240e-05   2.0377616e-05   3.3884024e-17   1.2686861e-15   4.2793604e-22   1.2579890e-03   6.4325550e-08   6.6978545e-03
   2.8839322e-03   3.5049752e-25   5.4292777e-05   1.3216072e-05   1.5583435e-23   2.2448463e-14   2.8252875e-23   1.0462966e-03   2.3240758e-27   8.5065783e-03
   1.4553550e-05   4.2836236e-19   6.1547146e-05   1.2744260e-14   8.9752778e-34   7.8573761e-10   2.2101682e-22   1.3583630e-03   5.0909269e-18   3.5005037e-03
   2.5178212e-03   7.4764148e-11   4.5792068e-05   6.5972935e-16   6.1098663e-13   1.0083628e-08   7.3035017e-06   1.5960668e-03   6.3161550e-05   1.4176042e-03
   1.0704984e-02   1.0555397e-22   5.2999615e-05   3.0273608e-17   1.5247033e-05   1.3039586e-05   4.7647350e-10   1.0161582e-03   7.7820377e-05   4.0348323e-03
   7.9270765e-03   2.1364189e-12   6.7250846e-05   1.0367204e-15   1.0157676e-47   1.4205689e-05   3.9370905e-06   6.2841916e-04   4.1505499e-05   4.2422175e-03
   1.6318963e-03   2.7017924e-11   5.6628811e-05   7.8220779e-06   7.7099279e-22   5.4911844e-06   1.4552788e-05   6.0629973e-04   3.1142842e-08   4.6902929e-03
   5.3111335e-03   1.4484282e-11   4.2796455e-05   1.4044593e-05   7.4473871e-31   1.5628969e-05   2.5495549e-08   6.4256638e-04   4.2984048e-05   3.9705718e-03
   2.0424769e-03   3.7246584e-16   7.2188244e-05   4.8267474e-12   3.3481042e-21   1.5184290e-05   1.2236833e-25   8.4457707e-04   7.7958738e-05   8.2578941e-03
   5.9447606e-03   4.4563645e-20   1.0133102e-04   9.5688727e-17   3.6509035e-19   1.3943989e-05   4.6449896e-28   8.3120042e-04   8.2705274e-05   4.6172681e-03
   2.1978915e-03   2.3581280e-18   1.0273425e-04   4.7404768e-16   2.3411408e-10   3.0732983e-05   7.6899226e-25   5.9183918e-04   9.7465112e-05   3.7142670e-03
   1.1029813e-05   2.9587928e-18   8.2150148e-05   8.0108877e-12   2.2409961e-40   4.1527383e-05   8.1394862e-14   7.4155213e-04   1.3323862e-04   5.2970926e-03
   7.2423127e-08   7.4169614e-18   7.1856026e-05   6.7673200e-20   1.4253871e-24   4.4464641e-05   1.9823485e-16   6.5076805e-04   1.3164020e-04   9.0012075e-03
   3.7695294e-03   1.6815555e-11   7.2054538e-05   1.6792370e-20   6.8389428e-25   3.7756004e-05   1.8551533e-12   4.9522241e-04   8.8527551e-05   7.8925925e-03
   9.2661030e-03   3.5465397e-15   8.6498001e-05   2.9913792e-20   4.8371403e-06   2.9415576e-05   1.5665934e-06   5.8373161e-04   5.2284754e-07   2.1678882e-03
   5.1166266e-03   5.2237450e-10   6.7073100e-05   1.0741744e-18   1.5100315e-38   2.5802015e-05   6.8321899e-07   7.9926755e-04   6.9758503e-20   2.0831157e-03
   3.3094757e-03   1.6808476e-08   6.0626313e-05   1.0772234e-16   9.4987534e-06   9.9248715e-06   1.9218697e-06   6.5338423e-04   5.1719524e-08   2.6329514e-03
   5.9529192e-03   8.6961387e-05   4.5544377e-05   6.1355573e-15   2.1416788e-45   2.4650661e-05   7.0570996e-06   3.6376774e-04   6.5805368e-05   4.0825674e-03
   4.4545139e-03   1.2991273e-04   6.8072211e-05   4.4025145e-11   2.9568183e-42   1.3503215e-05   1.4566901e-10   4.6295297e-04   4.4862413e-05   4.7295077e-03
   4.5415569e-03   5.0601878e-05   8.1746990e-05   1.0941201e-18   1.8244654e-20   8.3779632e-06   1.4633613e-11   4.5889210e-04   4.4545373e-05   2.7558387e-03
   8.3059276e-05   7.0412310e-10   8.0607837e-05   1.2929239e-17   3.7377392e-07   4.2667961e-07   2.1154784e-11   5.2783701e-04   3.8512819e-05   4.8040361e-03
   4.3587709e-03   4.0882734e-09   1.2530130e-04   1.1422940e-17   1.7221390e-07   5.9099993e-06   1.6073714e-09   4.1626749e-04   8.5555753e-05   2.0400597e-06
   3.5433222e-03   9.1795877e-05   1.0268978e-04   4.1295777e-30   1.2602802e-17   8.6934320e-06   5.3016638e-08   2.5854420e-04   9.5124955e-05   3.8963648e-03
   3.0000238e-04   9.1242927e-05   6.7226156e-05   1.2887533e-21   5.1063536e-20   5.6143177e-06   8.8327436e-07   4.4538260e-04   1.3506741e-04   3.1760184e-03
   1.3184389e-03   5.7164452e-07   6.4421138e-05   6.5067333e-24   4.8186237e-12   6.2934028e-06   3.7376275e-15   6.1641840e-04   8.4620904e-05   7.5576660e-04
   1.5763186e-03   1.1013428e-10   5.7545426e-05   7.0663551e-27   6.0329139e-05   7.2579571e-06   3.0111974e-12   6.4394497e-04   6.3335927e-05   1.9708447e-04
   5.3452121e-06   4.2183848e-05   4.9415225e-05   1.8352197e-22   4.4074501e-05   9.3092603e-06   1.1931429e-06   5.6569804e-04   8.2316352e-37   1.0792015e-03
   8.5896455e-04   4.3554008e-05   5.4691768e-05   9.5905608e-20   3.9258258e-24   3.1779285e-05   8.3595391e-08   5.1824847e-04   2.1990302e-11   2.2952797e-03
   9.0710382e-04   1.3044928e-06   6.2410937e-05   3.3208686e-15   1.0147670e-08   1.0847268e-05   3.2549083e-06   6.5953599e-04   3.0020442e-33   3.7151358e-03
   3.0421099e-03   8.4048485e-06   7.5437343e-05   2.4262802e-21   1.7161460e-14   9.0166293e-06   2.5512790e-07   5.2871197e-04   8.7341524e-30   3.7898810e-03
   3.3748564e-03   4.6152099e-09   8.2401809e-05   1.4051388e-23   2.3034165e-08   1.7556793e-05   8.1373446e-07   3.1240619e-04   2.4949274e-26   1.4839992e-03
   2.0990635e-03   4.4047114e-13   7.3709597e-05   1.9953909e-33   1.8063037e-16   6.6795425e-06   6.1488526e-06   3.7067954e-04   1.1218848e-22   3.1789473e-03
   2.8725215e-03   3.4181290e-05   6.3656371e-05   8.9246377e-35   7.0709090e-05   1.4587667e-08   2.3940374e-06   3.8052692e-04   1.5160593e-30   1.9727081e-03
   3.0697760e-03   3.7301696e-05   5.9279098e-05   1.6431312e-21   1.1490690e-04   2.1769038e-05   4.4778777e-06   3.1490166e-04   3.2409089e-48   1.4990270e-03
   2.8559361e-03   1.2942438e-04   7.0605113e-05   5.0168490e-21   4.9821505e-05   2.3609033e-05   3.0119471e-13   2.5121138e-04   1.3634554e-24   5.8639631e-10
   5.8016822e-03   5.2786422e-05   5.2281564e-05   4.0852392e-25   1.2658961e-26   1.6329412e-05   3.5460953e-10   1.9578523e-04   5.2580589e-13   1.4942078e-03
   3.0072341e-03   2.4880354e-05   6.0577390e-05   9.3589770e-29   5.6273644e-05   6.7652204e-06   5.4491557e-07   2.1779571e-04   1.9054905e-07   1.2410937e-03
   8.4692700e-06   8.3538141e-14   8.0148407e-05   1.9132284e-30   9.3326848e-05   1.2293214e-05   4.5209505e-07   2.1111677e-04   3.8600067e-18   1.4507379e-03
   6.2745265e-04   1.0398847e-11   6.9054888e-05   3.5460443e-27   7.2045831e-05   5.5131775e-06   4.8592717e-09   2.8941213e-04   5.6351146e-32   1.9194327e-03
   2.2627729e-03   7.3680649e-06   9.4558759e-05   4.4620870e-30   1.6578661e-10   1.7780765e-05   2.6458294e-09   2.8537245e-04   6.0568762e-15   6.1905555e-09
   1.8518631e-03   1.3368922e-08   8.1071528e-05   2.4283862e-37   5.6927175e-13   2.9259198e-05   1.6008043e-07   2.1722021e-04   2.9484714e-11   2.0152147e-03
   6.9313607e-04   1.6781932e-09   7.3391745e-05   1.7453320e-32   8.8701256e-15   2.8558123e-05   1.1340681e-09   2.2261747e-04   3.4513073e-06   9.3797259e-04
