   1.9448922e-03   3.7485514e-17   3.4167672e-03   1.9271514e-75  2.5516320e-104   5.9456849e-03   3.8483857e-04   2.6014818e-39   7.6546952e-14   1.5730295e-03
   7.7635635e-04   2.1042048e-03   4.7403902e-03   9.7902646e-83   1.8831873e-22   6.6992438e-03   6.8301999e-04   5.5560121e-51   4.1299543e-16   1.4320977e-03
   1.0983333e-07   1.6316540e-03   3.7589658e-03   2.1150059e-78   1.7267496e-20   5.4230898e-03   5.6592019e-04   1.5651573e-77   4.0034522e-03   1.0366675e-03
   2.7738706e-04   6.3696315e-04   1.7000181e-03   9.7719773e-45   1.3516684e-36   3.8077253e-03   3.4361463e-04   2.2054831e-62   1.0286120e-02   6.3728776e-04
   8.3470872e-04   3.2545403e-09   9.5551880e-04   2.4985096e-86   4.9051262e-40   8.5684668e-03   2.3582288e-04   3.8109504e-37   4.3736877e-03   3.2188212e-04
   2.9669988e-19   8.8610047e-21   1.7082813e-04   7.7366807e-24   3.4427423e-04   3.7818837e-02   1.4546016e-04   1.5431952e-58   3.7171199e-28   1.3605957e-04
   7.3200716e-36   8.1755887e-27   5.3614098e-05   1.2855286e-09   1.2559356e-04   8.2097858e-02   3.3223768e-04  5.5069699e-101   1.4956983e-32   3.8768901e-04
   3.4502134e-30   1.0703720e-21   2.7251260e-05   7.2598305e-19   3.2874920e-07   7.6094925e-02   5.2106055e-03   7.4880777e-51   4.1636565e-16   5.5834410e-04
   1.0991005e-25   2.9791842e-25   3.9446412e-10   8.6343024e-25   1.8268466e-95   2.6595822e-02   1.4346222e-02   8.2867037e-27   5.5346609e-20   2.5891587e-02
   6.8963787e-23   1.8528604e-04   8.8009509e-07   3.2208269e-18   7.2300981e-80   1.9007072e-08   1.3976608e-02   5.4672126e-02   3.6105933e-26   8.4915138e-02
   2.7011558e-20   1.7725640e-04   6.8953167e-05   2.5067340e-18   7.4523897e-60   1.5454443e-08   8.0159057e-03   6.2702904e-02   4.7021781e-19   8.3414496e-02
   2.5053742e-10   3.3120884e-07   8.1259403e-05   4.2914819e-14   2.8670211e-90   3.2354758e-02   4.3341519e-03   5.2160090e-02   6.4246038e-15   3.0806098e-02
   9.2052771e-03   6.8576381e-03   1.3176256e-05   1.6585992e-25   1.1921935e-95   6.1769823e-02   3.5372980e-03   2.6968582e-02   8.0101450e-22   2.7833959e-03
   6.3794373e-02   4.8072234e-02   5.0468288e-05   1.1720538e-39   1.2733854e-24   5.1953201e-02   1.1276618e-03   1.0284990e-06   5.0066823e-27   4.9215918e-17
   7.5563038e-02   2.9499396e-01   2.1583169e-14   1.1574000e-50   3.1918843e-09   2.1648128e-02   9.8652440e-04   1.0090426e-35   2.7376685e-17   1.0523379e-24
   2.7025233e-02   3.1544884e-01   1.5441626e-16   4.2163321e-37   2.7448448e-67   1.1233386e-02   2.3385178e-03  5.0085211e-112   4.3638643e-10   9.8804811e-08
   1.6000403e-07   7.0619082e-02   1.8899594e-15   3.5010722e-12   3.4180418e-26   3.1844826e-02   3.9895620e-03   5.4072984e-47   2.0373518e-14   9.7615969e-03
   1.0349478e-02   1.0523105e-02   4.7236682e-22   2.0016855e-16   1.2391110e-68   4.0121310e-02   6.5495067e-03   3.5828712e-50   8.9530948e-29   3.6793359e-02
   2.9628752e-03   4.2338428e-05   4.0798721e-19   3.3676224e-21   8.1534435e-18   3.1844622e-02   5.6845929e-03   2.5549477e-70   2.3753503e-38   7.7148434e-02
   9.1043778e-04   5.7139562e-03   8.2727706e-15   5.0572611e-25   8.3359026e-04   2.6380003e-02   6.2289029e-09   3.1009979e-49   1.9441292e-22   1.0572397e-01
   1.2443700e-03   4.5860827e-03   4.4931996e-05   3.2957369e-27   1.0164789e-11   2.2087718e-02   9.8710038e-08   4.6056651e-27   2.7616073e-02   8.0064215e-02
   5.4330456e-07   3.3166324e-03   4.1176477e-06   4.3794291e-28   7.1754505e-57   1.3187698e-02   5.2060274e-03   2.6083022e-02   1.2609977e-01   2.9682936e-02
   1.2320473e-03   3.3743233e-03   5.0090504e-07   2.2560605e-65   2.9879259e-50   2.7583688e-02   5.5477689e-03   2.7314814e-02   1.3488753e-01   4.7731111e-03
   5.4996223e-09   5.4080452e-14   2.1838100e-05   9.6134815e-16   2.0008842e-33   5.5078028e-02   3.9616824e-03   1.1399515e-02   4.0874367e-02   2.5532996e-03
   9.7523341e-03   1.7284035e-09   1.7305451e-06   2.0261672e-13   2.5110821e-12   5.7083935e-02   4.3652119e-03   5.6246882e-25   1.7956638e-11   1.4720975e-03
   2.7944420e-02   5.8700428e-14   5.1182946e-08   1.7917144e-11   1.9380913e-25   3.9743318e-02   8.1403263e-03   6.2584348e-54   1.8586505e-09   1.3122389e-03
   7.9972339e-02   3.7236694e-14   1.9456174e-11   1.3749399e-26   1.1375146e-22   2.1536255e-02   1.3218416e-02   2.9744872e-76   1.5509471e-14   1.2736774e-02
   1.7199912e-01   6.3395966e-06   1.6710702e-22   7.1155281e-32   1.8386895e-21   4.0744663e-03   1.6192745e-02   3.9171100e-86   1.6252458e-19   3.1602420e-02
   1.6647681e-01   8.4394889e-03   1.1114999e-11   2.1200676e-27   3.7511952e-05   7.2483308e-04   1.2691870e-02  2.6178163e-117   1.3162851e-27   4.7700778e-02
   7.1621630e-02   3.5989909e-02   4.1676801e-13   3.1761883e-37   1.9226100e-11   1.1910598e-03   1.7230353e-02   5.5629637e-62   2.7908326e-23   3.8402085e-02
   1.9374189e-02   2.8802211e-02   4.7427703e-15   1.1331258e-27   1.6174488e-79   2.8613157e-03   1.8023377e-02   8.9130356e-32   3.7242294e-06   2.2570173e-02
   1.1682503e-02   1.2659319e-02   4.3990705e-07   4.9410911e-44   6.9972961e-35   5.5540144e-03   1.2496788e-02   5.0053806e-03   3.0616688e-02   6.6412228e-03
   3.1286270e-03   9.4502908e-03   1.7234498e-08   3.1269998e-04   4.2302223e-56   7.7378547e-03   1.2696923e-02   6.8401540e-03   3.1232689e-02   1.2127774e-05
   8.5954079e-05   6.5550671e-03   8.9327647e-06   1.6457016e-33   1.3685860e-64   8.7317813e-03   1.1654261e-02   3.7343977e-03   1.6169423e-02   5.0728435e-08
   1.4928672e-11   1.4374020e-03   1.4705456e-08   6.8017937e-09   3.0969153e-47   3.4921628e-03   1.9229557e-02   1.1782708e-03   5.0392745e-11   5.3773162e-07
   9.0907884e-18   1.3103359e-04   3.3446482e-16   3.5865950e-25   1.1348480e-46   7.2710940e-04   2.8831017e-02   1.7203843e-15   7.3749230e-32   1.2211388e-05
   5.0505334e-19   1.9168809e-05   7.1533393e-30   8.5491367e-31   7.1778811e-63   1.5468828e-07   3.7443143e-02   2.3121079e-34   7.0501020e-37   9.2003836e-06
   2.0347935e-28   3.6215918e-06   1.6563276e-42   3.4353304e-26   1.6775199e-51   5.2315599e-19   3.8941571e-02   1.1614990e-91   2.4794702e-38   1.2708527e-05
   2.2876262e-24   1.3511730e-06   2.7814946e-33   1.5067007e-22   2.0790597e-21   8.7466615e-16   3.2901369e-02   1.0351850e-79   3.6764422e-35   6.1465430e-04
   3.9175568e-21   3.6766660e-06   1.1899901e-20   5.6757853e-13   2.9051632e-24   9.4459555e-07   2.9002999e-02   2.8797949e-73   1.9422069e-31   1.1819607e-03
   1.0879103e-03   3.8457032e-05   3.0576410e-12   2.5360155e-19   3.2355106e-22   4.0681456e-05   2.1745624e-02   1.4922746e-51   1.0539011e-18   7.6144949e-04
   6.8200712e-03   1.7045204e-03   1.0088800e-07   2.5665562e-05   1.4492742e-16   4.9091099e-04   1.7633533e-02   4.8107033e-15   5.6337788e-12   3.7257177e-05
   6.6217217e-03   1.0447625e-02   1.1056309e-05   1.9931199e-04   1.8656740e-18   1.4090899e-03   1.2413943e-02   1.6649583e-03   8.6308678e-07   4.5178300e-13
   5.0504198e-03   8.1595620e-03   5.9336391e-07  1.0654306e-106   3.1193294e-23   6.8357050e-04   1.4757421e-02   1.0052948e-03   5.1826031e-11   1.2286085e-10
   5.1364152e-04   4.0312705e-03   9.5071207e-18   2.9550567e-34   7.2157610e-50   1.5173509e-05   2.0664813e-02   1.3637285e-06   6.9460112e-24   2.0120212e-11
   5.8103333e-04   1.1789840e-03   1.6102134e-25   9.0836055e-31   9.7439390e-31   5.9843417e-04   1.6937819e-02   3.4233527e-55   1.6236338e-31   1.0115843e-05
   1.6679501e-03   7.5740045e-17   1.9034826e-19   1.9591620e-46   5.8134625e-06   1.3130715e-03   1.0584675e-02   4.1680494e-45   1.1580764e-41   1.1363006e-03
   7.5151435e-04   3.0948542e-05   1.3256964e-17   5.1729797e-16   6.6592731e-26   9.0529244e-04   7.9280058e-03   2.7145645e-59   2.2488648e-37   1.5487508e-03
   2.6567640e-08   6.4493242e-05   2.4350661e-08   2.4977944e-09   1.5333819e-05   4.9683989e-04   7.2752364e-03   1.3692061e-56   5.7988211e-33   1.5174583e-03
   2.0716954e-04   6.3670141e-05   2.6033568e-05   1.6604459e-44   7.4490616e-04   6.2563567e-04   4.9847199e-03   1.3956007e-59   7.7131266e-30   1.5848949e-03
   2.7259179e-17   3.0234178e-05   2.0992226e-09   1.1852983e-21   2.8130686e-24   7.0402679e-04   5.7571700e-03   6.6302334e-54   5.3360646e-20   5.8686090e-04
   1.1116885e-04   4.2378786e-06   2.7402749e-05   1.9130375e-14   1.6886013e-04   1.6075789e-03   6.1462868e-03   1.0032372e-27   2.4340745e-19   2.8176911e-05
   4.8258391e-04   7.9931860e-06   4.0405280e-05   7.2854327e-36   2.8699034e-12   1.7441510e-03   5.3788092e-03   1.5172747e-08   1.3247783e-20   1.4751170e-05
   5.0605904e-04   1.4576837e-04   7.8606506e-07   1.8967777e-34   1.4607875e-16   9.1909054e-04   5.3102030e-03   1.1816427e-12   3.0309586e-24   1.6185909e-04
   6.3983425e-04   7.3989664e-04   2.6368647e-11   5.4006583e-17   6.4942048e-05   7.0968777e-04   4.0189649e-03   1.2672344e-68   2.9155385e-24   9.2582707e-04
   2.1665350e-05   2.6792849e-03   5.0889102e-13   1.7323163e-16   2.2115445e-06   4.4335111e-04   4.4176186e-03   6.8059656e-55   4.0112659e-32   1.0212458e-03
   1.1921276e-03   4.8318235e-03   5.1865322e-06   5.5492263e-08   1.4041905e-06   5.6261008e-04   3.5495450e-03   1.6779764e-82   6.1357268e-31   1.2082321e-03
   2.4981701e-03   4.9184694e-03   2.0722038e-06   1.0629988e-03   9.6933912e-40   7.7376243e-04   3.3692777e-03   4.9809208e-59   1.2569227e-32   8.9395206e-04
   2.4169105e-03   5.8308189e-03   6.1617444e-05   1.4095205e-15   2.1365337e-11   1.3867416e-03   3.4955869e-03   3.5802194e-38   3.2801880e-38   1.0174407e-03
   1.1331662e-03   5.1794739e-03   3.1500635e-06   7.7063810e-04   4.6878829e-04   1.3074923e-03   3.6199165e-03   1.1445647e-37   4.9578785e-42   1.2773940e-03
   6.5520394e-04   9.0703470e-04   1.3072832e-06   1.4807801e-03   3.9793222e-04   1.0794643e-03   3.5155978e-03   1.4674782e-26   1.7550573e-41   9.7482622e-04
   1.1328191e-04   3.2473862e-04   3.9868770e-05   3.8177064e-19   1.0005681e-04   7.9970751e-04   3.5554718e-03   1.1088274e-27   4.8965286e-41   4.3655829e-04
   6.0139573e-05   4.1011139e-04   1.0759701e-05  2.8440278e-103   3.2540043e-04   1.1209036e-03   2.5697190e-03   3.5618163e-37   1.1547885e-41   8.5444498e-04
   6.8009478e-06   3.5308299e-04   1.7860981e-05   2.9645095e-42   8.4712282e-04   1.3898228e-03   2.5193350e-03   2.2112388e-35   3.6615381e-42   1.1788122e-03
   1.2515261e-06   1.0114487e-04   3.2758487e-05   2.5423641e-33   1.1802006e-17   1.1819331e-03   2.4172034e-03   2.0579994e-99   5.9889894e-33   2.2683961e-03
   1.7578214e-06   1.5063522e-05   1.5318140e-05   1.5793556e-37   4.5550309e-04   5.5011209e-04   2.4141307e-03   4.3057132e-70   1.8899693e-23   2.8119027e-03
   1.2164362e-04   6.1939630e-05   5.0059626e-05   3.1595260e-61   3.9391524e-04   5.0141969e-04   2.1002603e-03   6.2572114e-44   1.4217870e-25   2.3946663e-03
   2.9437842e-05   3.4724133e-04   4.4210467e-05   2.8611368e-76   4.6241408e-32   1.2856642e-04   2.1692949e-03   1.6066041e-76   3.3423722e-26   1.9706185e-03
   5.7828736e-26   4.9374877e-04   5.1908539e-06   8.1069705e-48   5.9148294e-36   5.2341006e-05   2.9749957e-03   1.0053595e-94   1.4427528e-35   1.2459423e-03
   4.6484557e-30   2.6279522e-04   2.3086319e-05   5.0343628e-32   7.5583550e-30   4.4326625e-05   3.4495945e-03   6.3105414e-40   1.0729176e-41   1.2528532e-03
   4.5085514e-27   1.3369854e-03   8.0086045e-05   5.9558733e-49   3.0268335e-26   2.1689213e-05   3.2944596e-03   1.2767551e-20   3.6472835e-33   9.7366177e-04
   8.2724470e-18   5.3697331e-03   4.8035731e-05   4.5776390e-85   1.2155714e-13   1.5748955e-04   2.4094886e-03   9.3327256e-29   3.3988550e-23   5.1508986e-04
   2.2456192e-14   1.1425633e-02   6.7899578e-05   5.4183225e-92   3.3785453e-06   1.6554416e-04   2.1274989e-03   1.5269359e-63   1.5504774e-20   5.0381858e-04
   2.1973694e-11   1.2414591e-02   1.2724543e-04   2.2193217e-37   1.2283318e-14   1.6370782e-04   2.3678428e-03   5.1589588e-89   8.9021138e-10   4.1969528e-04
   2.0276736e-14   6.5870254e-03   9.4137091e-05   5.2540680e-24   1.8428353e-45   1.7360057e-04   2.5951032e-03   2.5633922e-40   5.1244914e-06   4.3089597e-04
   2.3783488e-22   2.0488517e-03   1.5121791e-04   7.3463473e-36   5.4123334e-59   2.4134645e-04   2.0628427e-03   3.0509586e-31   4.5952341e-06   7.2367801e-04
   2.1969677e-14   9.3287094e-04   1.4830141e-04   1.6939915e-95   1.3880383e-62   1.4127367e-04   2.2519852e-03   1.5254382e-54   3.9701340e-09   8.6090691e-04
   1.2351323e-25   3.5774935e-04   7.0698642e-05   5.5344671e-63   1.6270079e-13   4.4510380e-07   3.6781142e-03   7.3532079e-37   7.7409478e-19   5.9814866e-04
   1.9624008e-30   2.5934921e-04   4.4796114e-05   3.5332611e-34   3.6093489e-04   9.3403434e-10   5.3798612e-03   1.0342274e-32   4.5973272e-29   1.9956669e-04
   3.2533093e-23   3.7486669e-04   6.4370143e-05   1.1426878e-31   2.3434418e-04   1.1292854e-09   5.1528293e-03   6.6131017e-20   7.6695757e-22   3.4265369e-04
   1.6039910e-10   3.7396642e-04   1.0091538e-04   2.0605345e-46   3.8604786e-09   3.1256538e-08   4.9542851e-03   1.3129921e-10   2.0337773e-16   1.7123645e-04
   2.1379034e-04   3.0528300e-04   1.0035930e-04   5.4025120e-96   1.1336191e-09   3.1792604e-05   3.6543691e-03   1.0025631e-29   3.2831327e-12   3.9564186e-05
   2.7399154e-12   1.1085537e-03   1.3185286e-04   2.3642814e-50   2.0276942e-30   7.7765613e-05   3.1880416e-03   1.6863710e-40   2.6357723e-20   7.7415543e-05
   5.0724985e-06   1.1617959e-03   1.2277470e-04   1.0705834e-28   1.9052034e-36   7.3633843e-05   3.9311979e-03   1.9942530e-34   3.0108624e-17   8.8421974e-05
   1.7219771e-05   1.2044981e-03   2.5913725e-04   1.2687847e-16   1.4043414e-27   3.8318000e-05   4.0335903e-03   1.5641526e-17   3.5527763e-08   1.9323191e-04
   2.7147553e-06   5.3854495e-04   1.8663472e-04   2.0293828e-36   4.1214226e-23   9.0195003e-08   5.0835971e-03   1.2017449e-20   3.1045004e-07   3.8469165e-04
   1.9731621e-20   6.7844634e-04   5.5075068e-05   3.4592856e-44   7.9384538e-22   1.0855782e-09   6.9495591e-03   3.3673379e-22   6.8911315e-10   3.6009783e-04
   5.3309557e-46   7.3225196e-04   1.1481147e-06   8.3735770e-65   3.2153402e-84   2.1968011e-15   8.5300946e-03   1.7731027e-05   1.8707876e-16   2.9568692e-04
   2.5964272e-52   6.8031445e-04   3.1892022e-11   2.7344435e-40   4.2348700e-30   8.1095089e-22   9.4203855e-03   1.6153734e-57   6.5395970e-20   2.9572925e-04
   1.1958911e-29   3.0615991e-04   2.5915660e-08   1.2093023e-25   4.2604415e-41   1.9396002e-20   9.4707981e-03   1.9370076e-28   5.8224426e-25   1.7323454e-04
   1.2966892e-26   1.0540874e-04   1.9738821e-05   3.6500294e-26   2.8286348e-36   9.1238659e-14   9.0012107e-03   1.3115425e-12   1.4124476e-21   1.3657177e-06
   1.3750541e-12   3.5861617e-05   8.1890437e-07   7.5159686e-42   2.2538746e-21   4.2621142e-09   6.8174246e-03   7.7253781e-20   1.9020285e-11   8.5584348e-05
   1.0973627e-18   8.6183454e-07   8.7253903e-05   1.0194996e-14   1.7080047e-04   1.1658349e-17   7.0593152e-03   7.3524078e-25   2.5051734e-17   7.1949552e-05
   8.5100427e-13   2.3763186e-05   1.1916574e-04   7.6321000e-18   7.5528850e-08   1.7282288e-15   7.8326501e-03   3.2878926e-42   5.2242253e-08   9.8226670e-06
   1.5908888e-15   3.1931696e-05   1.2631014e-04   3.8584991e-40   9.3236434e-04   2.5556203e-14   8.5100659e-03   1.4943607e-19   2.0990028e-03   3.0474664e-06
   4.3633429e-46   9.3032100e-07   1.5167770e-06   2.1232037e-33   1.9609384e-03   4.3596944e-20   1.0967010e-02   3.9197401e-37   2.0747957e-03   7.0987893e-05
   9.0850279e-20   2.0104727e-06   7.9617442e-09   2.3321604e-25   5.8446731e-04   1.2075313e-24   1.1688756e-02   5.1643296e-50   2.9244497e-06   7.9252609e-04
   2.5575165e-11   9.5133997e-06   2.8019738e-08   1.8448633e-23   2.6745473e-04   9.5001693e-21   9.5776006e-03  1.7728982e-109   3.3240034e-07   2.0067265e-03
   1.3577475e-09   5.3797283e-06   5.7038609e-12   3.5008205e-17   1.4231967e-15   1.9710356e-23   7.5612831e-03   2.6129635e-63   6.2784161e-04   2.4996992e-03
   3.5282935e-14   4.2456136e-06   7.8669356e-05   5.2203019e-06   8.5939104e-14   3.3587635e-23   7.8700501e-03   4.1906512e-42   1.4061186e-03   7.5748530e-04
   2.6969713e-18   8.2306972e-06   6.6490749e-07   1.5401289e-03   6.8289332e-15   1.0110445e-14   7.1938992e-03   7.8066119e-16   1.1875853e-04   3.3944927e-04
   9.6098577e-20   1.5781745e-04   9.7624269e-05   3.5684220e-26   8.2861938e-04   6.1762490e-08   5.7772790e-03   1.8158852e-19   2.0929446e-06   1.8932303e-04
   1.8195571e-21   6.0113431e-04   1.5120732e-04   1.0907704e-39   3.8785424e-30   4.5625487e-07   5.5958285e-03   1.1329520e-21   3.5548308e-03   3.1892693e-04
   4.3608578e-06   4.6878712e-04   1.9115576e-04   8.3299831e-30   4.7831066e-19   5.9612998e-07   5.7449742e-03   7.3148868e-05   4.0056671e-04   8.8452869e-04
   3.2257039e-04   3.4592565e-05   1.3422897e-04   1.4839802e-31   1.9085803e-27   1.5531667e-08   4.8312096e-03   5.9395116e-20   9.4079417e-07   1.5267186e-03
   6.1080955e-05   3.5801298e-05   1.9061881e-04   4.8988199e-11   1.0108238e-16   1.1550793e-10   4.3785015e-03   1.0397224e-52   6.2979058e-04   2.2895581e-03
   8.2228323e-04   7.8249485e-06   3.1645705e-04   1.6182649e-06   1.3092631e-04   6.4949615e-10   3.7732798e-03   1.2735541e-60   1.4854055e-03   3.8251951e-03
   9.2478109e-04   5.1877526e-08   3.5168022e-04   1.7247437e-04   2.6081580e-22   1.6040368e-12   3.9756951e-03   7.4480601e-71   2.7148140e-03   3.4454518e-03
   8.6731839e-05   1.6493019e-05   3.0398532e-04   1.6271113e-01   3.6886478e-28   3.0132605e-08   3.8742020e-03   2.1574302e-51   3.7521637e-03   2.1878115e-03
   2.1229900e-04   1.7693802e-06   2.4928827e-04   1.3745959e-05   1.4463825e-15   1.7390925e-05   4.1985678e-03   1.1060480e-32   1.7668311e-03   1.2777190e-03
   1.4245445e-03   5.4349028e-08   2.7340638e-04   1.6522661e-11   8.2597270e-19   2.8034584e-04   3.8577697e-03   1.3316474e-27   3.1791401e-09   1.0504925e-03
   1.6954754e-03   2.3459101e-18   4.4360653e-04   3.0544071e-03   3.5007533e-38   4.5652065e-04   3.5710392e-03   2.4531977e-50   3.7621374e-16   9.0752989e-04
   1.1827800e-03   2.7272356e-16   4.4753479e-04   6.5696595e-34   3.7007841e-41   5.0585777e-04   2.8738209e-03   1.1882942e-37   8.4035344e-19   1.3870733e-03
   4.9055699e-04   9.7032156e-09   2.9180772e-04   2.0633120e-15   1.3781702e-34   2.6121712e-04   3.3513171e-03   1.1084516e-09   2.0767775e-25   1.7951293e-03
   1.0212220e-04   1.6878025e-10   1.9786373e-04   3.8812376e-23   9.1445193e-19   2.9196993e-04   2.4844042e-03   6.5839753e-29   2.7974501e-28   3.1426223e-03
   1.2143915e-04   6.9352335e-05   2.6589595e-04   1.2883605e-19   5.0054406e-04   3.4312493e-04   1.7757947e-03   5.3841924e-14   6.9752381e-19   4.9614320e-03
   1.3213088e-03   1.1285824e-04   2.5461891e-04   2.8310643e-16   2.1657475e-03   3.0442057e-04   2.1422354e-03   1.7851270e-27   7.5996045e-09   5.3817581e-03
   1.4484008e-03   1.0310175e-04   5.1397869e-04   4.5652781e-18   3.2879095e-04   1.7309107e-04   2.0156825e-03   7.4715863e-26   5.5213524e-04   4.1503415e-03
   1.7197203e-03   2.9915229e-08   4.2931698e-04   3.6881050e-16   4.5150652e-20   2.4155378e-04   1.7194352e-03   1.7855082e-03   2.7573116e-04   3.4978226e-03
   2.3758673e-03   7.8059936e-09   6.6176529e-04   8.2659305e-55   5.2622746e-30   4.7522964e-04   1.5618067e-03   2.3710160e-19   3.2429145e-06   2.8875802e-03
   1.8244650e-03   1.7304465e-16   6.6382601e-04   1.9859581e-34   4.3289805e-36   7.9421734e-04   1.5985788e-03   6.1192893e-28   4.2375617e-07   2.4579060e-03
   1.0961744e-03   4.3525839e-20   8.2729515e-04   4.0884711e-61   3.8660533e-43   1.0599976e-03   1.4110908e-03   4.5306096e-33   4.1154794e-09   2.1603703e-03
   1.8003915e-03   3.1206327e-14   4.4853477e-04   7.9126067e-35   2.8992977e-81   1.1452456e-03   1.4638200e-03   7.2328253e-25   3.9042604e-11   2.2439112e-03
   3.1745101e-03   4.6623541e-20   5.2059619e-04   9.9718588e-27   1.3502279e-35   1.5221931e-03   1.2022435e-03   6.1685041e-12   2.2944907e-09   2.7409519e-03
   3.5451865e-03   3.0951733e-19   4.8970011e-04   6.5062939e-23   7.4929749e-41   1.4463484e-03   1.2274275e-03   3.7545460e-03   2.9726823e-06   3.2827777e-03
   2.6819900e-03   1.1725979e-15   6.2008985e-04   8.7252758e-22   6.5897980e-48   6.4500945e-04   1.1198693e-03   5.0816486e-03   2.9333436e-05   4.4088867e-03
   1.6201514e-03   1.6445062e-12   7.0145878e-04   9.5976914e-18   1.4148928e-21   8.2676314e-04   9.3131285e-04   3.1857816e-04   1.1132136e-04   4.0493846e-03
   1.1976536e-03   8.7217378e-14   5.6354497e-04   4.4896768e-24   2.0553317e-12   1.3277998e-03   8.3205093e-04   2.3207053e-05   2.8746000e-07   2.6863185e-03
   6.4566086e-04   3.4361614e-13   4.4405023e-04   8.0039830e-63   1.0272794e-20   2.0230792e-03   9.2132444e-04   1.3586602e-27   9.4401295e-08   1.6467152e-03
   9.5697356e-05   4.0722905e-10   3.8419025e-04   1.6869249e-71   6.8379650e-18   1.9943325e-03   1.1290564e-03   1.9987621e-26   3.1617157e-03   8.7323243e-04
   2.8056453e-03   7.5377124e-11   3.3459279e-04   2.7364913e-75   3.7639141e-38   2.1874085e-03   9.8275197e-04   1.0602494e-36   4.9869411e-03   3.1318263e-04
   4.1836652e-03   1.7140882e-15   3.6500208e-04   1.4748192e-61   1.5615107e-20   2.2679611e-03   7.8692622e-04   5.1415097e-40   5.5873274e-03   5.1169174e-04
   4.1154859e-03   9.3448210e-10   2.5068479e-04   1.7113744e-29   2.0312355e-14   1.3346539e-03   6.8964060e-04   5.6807101e-69   5.0546892e-03   7.8220864e-04
   3.1121186e-03   3.7087250e-22   2.0745558e-04   2.6866694e-19   6.3887284e-42   1.4319109e-03   7.1717942e-04   1.9749873e-43   3.0078126e-03   1.4577953e-03
   2.3092046e-03   8.9223894e-23   3.1239885e-04   2.0523680e-02   2.3235722e-35   1.9015603e-03   5.4884966e-04   1.4402757e-61   4.4468615e-04   2.3768928e-03
   2.0128754e-03   4.4513540e-27   1.7853945e-04   2.2298622e-16   2.8144563e-53   1.6662771e-03   7.2166632e-04   3.4099367e-77   8.4110737e-04   2.5498185e-03
   3.2436964e-03   3.5631460e-17   6.1639485e-05   6.1771790e-45   4.5270949e-30   1.5346624e-03   6.8769659e-04   1.5692456e-65   1.3511188e-03   2.0774452e-03
   3.3951907e-03   2.8242922e-10   2.6562166e-04   2.1267273e-80   1.0585259e-56   2.3532339e-03   8.5875227e-04   1.7967396e-67   3.3075530e-04   1.3065650e-03
   2.6247439e-03   3.4529625e-09   2.9248916e-04   1.7872079e-69   3.5774387e-50   1.8165789e-03   1.1892097e-03   4.9882337e-53   7.1860964e-06   1.0146799e-03
   1.9901974e-03   2.5043735e-10   1.1896739e-04   6.8262364e-86   4.8860142e-35   1.8059167e-03   1.3720107e-03   7.1243707e-94   4.2492763e-07   6.7924025e-04
   1.5423839e-03   6.1414928e-07   1.2458537e-04   2.7022756e-72   3.0389788e-17   2.0373620e-03   1.1985796e-03   1.8936223e-41   1.1587108e-11   1.1038229e-03
   1.7755005e-03   1.4322948e-04   1.6328868e-04   1.6420693e-32   2.0304987e-05   2.3207703e-03   6.4501349e-04   8.4449398e-48   2.9476207e-16   1.5667021e-03
   2.0146654e-03   1.4452567e-05   1.6609401e-04   2.6429288e-20   7.3712559e-05   1.8729384e-03   1.3009614e-03   9.0406324e-28   4.7754654e-12   1.6610762e-03
   1.9742600e-03   4.2486077e-04   9.9000672e-05   1.2378940e-01   8.7171878e-31   1.3090014e-03   1.1169893e-03   8.5705830e-51   1.8109767e-03   1.8127395e-03
   1.8896539e-03   8.4005179e-04   1.2686015e-04   3.7302206e-14   8.4745231e-11   9.3474633e-04   1.0143371e-03   6.1341667e-95   2.4276405e-03   1.9708545e-03
   2.6584530e-03   1.1690581e-03   1.8900199e-04   9.3383837e-67   1.2557657e-14   1.2195681e-03   6.2336844e-04   1.4370754e-34   1.7500711e-03   3.0434224e-03
   5.4938101e-04   8.7553737e-04   1.6355314e-04   2.3528212e-85   5.4202084e-85   1.1798967e-03   9.6418672e-04   3.5695037e-24   1.0054707e-03   2.4485202e-03
   7.0015215e-04   2.2068288e-04   1.6047554e-04   1.3203766e-61   8.3420501e-30   8.7856894e-04   1.2583756e-03   2.4048829e-54   5.2619298e-05   1.7574737e-03
   6.2067110e-04   5.3079296e-04   1.1634864e-04   2.0822222e-56   1.3899849e-55   6.0170685e-04   1.2210053e-03   4.0899365e-73   6.0719817e-07   1.8508750e-03
   7.5711689e-04   2.1698973e-04   1.0618895e-04   1.2964641e-89   8.9381192e-07   8.2264141e-04   1.0241609e-03   1.4717443e-56   4.5726602e-08   1.6987048e-03
   1.3889799e-03   2.4830864e-04   1.3439886e-04   3.4522647e-55   4.4615141e-13   1.1476405e-03   8.0514184e-04   1.7073908e-41   6.8760998e-04   1.5102669e-03
   1.5316437e-03   1.1439571e-04   1.4645224e-04   1.2106908e-26   3.7028688e-49   1.0516660e-03   9.3808045e-04   8.9674419e-35   1.4360542e-03   1.5155163e-03
   1.0832351e-03   2.3828468e-04   1.5156173e-04   1.1783187e-01   4.2300165e-06   1.1766849e-03   7.6031324e-04   7.7012533e-66   2.0751031e-03   1.7812221e-03
   3.7468140e-04   3.7733108e-10   2.2002175e-04   2.1887538e-02   9.2189872e-07   1.1234242e-03   9.3498683e-04   1.0463667e-18   2.1914076e-03   1.8083481e-03
   9.4410601e-05   1.4308959e-04   1.4268583e-04   3.7422616e-29   3.2534742e-04   9.0071321e-04   9.2980462e-04   4.1329106e-19   1.0133578e-03   2.2836886e-03
   7.5154661e-04   2.5853469e-04   1.2459877e-04   1.4598551e-56   8.5944109e-04   6.9342269e-04   6.9620435e-04   1.7259526e-77   5.0011534e-07   2.9737966e-03
   1.0159027e-03   1.5097563e-04   2.0786947e-04   2.6333099e-69   2.2372792e-04   3.8229777e-04   6.7030294e-04   3.2124509e-30   6.8863286e-12   3.1239361e-03
   7.1223255e-04   2.4072768e-04   2.6875693e-04   1.0128970e-81   4.7637897e-49   8.1892034e-04   7.4112269e-04   2.3501214e-03   7.0964076e-05   2.4833155e-03
   8.5167492e-04   2.3994798e-04   1.9784917e-04   3.9897965e-62   5.7631118e-27   1.0287055e-03   8.8282461e-04   3.2851748e-03   3.0908168e-03   1.4303370e-03
   7.3746722e-04   5.2818245e-04   2.7032498e-04   4.1992366e-32   3.0881263e-44   1.4763429e-03   9.1507417e-04   1.6273041e-03   2.9268803e-03   8.9724351e-04
   8.0807047e-04   7.6426386e-04   2.8563029e-04   7.8214190e-17   1.5535214e-30   1.2931963e-03   1.1384766e-03   3.8528181e-03   4.1787222e-03   4.7739222e-04
   8.3549654e-06   6.9405255e-04   1.6618116e-04   5.5689560e-04   2.3032196e-31   6.4278564e-04   1.3072461e-03   4.6420150e-03   4.9650728e-03   7.5275244e-04
   7.0111870e-05   4.6904937e-04   1.3009333e-04   1.5007771e-01   3.3000520e-28   7.8178258e-04   9.9297542e-04   3.9544808e-03   4.5431334e-03   9.9844762e-04
   1.6570567e-03   1.0490999e-04   1.8268099e-04   1.4829787e-04   6.2986395e-28   1.0269131e-03   8.4629877e-04   6.5571028e-18   4.4559262e-03   1.3357954e-03
   2.6516395e-03   1.3101218e-10   2.2081352e-04   1.5767006e-16   1.7809758e-05   7.2917095e-04   8.5162869e-04   2.5920745e-03   6.1297167e-03   1.2784335e-03
   2.2455861e-03   4.5989681e-20   3.9683433e-04   6.2694742e-50   2.3912811e-27   1.1068923e-03   8.1546809e-04   2.9790837e-05   9.6762694e-03   9.0801569e-04
   1.6404169e-03   5.7898985e-10   1.9480482e-04   4.0628450e-62   3.1710073e-75   1.3274927e-03   1.0115000e-03   5.5964045e-06   9.9234812e-03   6.4634116e-04
   2.0908492e-03   2.5852906e-09   1.1124154e-04   6.6867424e-46   1.9349103e-37   1.5373767e-03   1.0166852e-03   4.3311973e-03   8.8304751e-03   5.4902598e-04
   2.9213533e-03   1.4377456e-06   2.4740816e-04   3.3470368e-20   2.3848147e-23   9.9390155e-04   1.1697608e-03   4.8044335e-03   8.5850370e-03   3.1432702e-04
   3.3324775e-03   1.7695445e-16   4.0376760e-04   1.8722876e-16   9.9617836e-17   8.0964802e-04   1.0098566e-03   1.9902596e-03   5.4663045e-03   3.9516401e-04
   4.4975971e-03   1.5229271e-24   4.3832908e-04   3.0606734e-03   4.7571834e-05   9.3285066e-04   9.5660219e-04   8.6403116e-32   3.4276318e-03   5.2145235e-04
   5.1833105e-03   3.3745781e-19   3.5233201e-04   1.4853390e-02   2.3028312e-07   1.2924217e-03   1.0117851e-03   8.0573142e-30   1.6924708e-03   5.3002723e-04
   3.7708388e-03   5.2907456e-22   2.8151501e-04   3.9810464e-02   8.2651804e-33   1.4808908e-03   7.4058388e-04   1.6492269e-14   1.2850032e-03   6.5324478e-04
   2.6259750e-03   2.9796212e-20   3.0449812e-04   3.3030904e-05   2.8482480e-35   1.3766215e-03   8.3975894e-04   4.3888113e-13   2.1958887e-03   6.7915149e-04
   1.3780229e-03   5.3634448e-17   3.5321876e-04   1.3895244e-14   3.9508698e-11   1.1321983e-03   7.7738361e-04   4.3224237e-40   3.1198861e-03   6.2591630e-04
   1.1330937e-03   1.8843787e-17   4.1234908e-04   4.2704911e-30   4.0111390e-09   1.2481176e-03   6.1619488e-04   3.7633387e-29   4.9160788e-03   4.7911166e-04
   2.0967414e-03   2.8445669e-17   6.3916727e-04   3.5739397e-27   1.7573586e-47   1.2173060e-03   6.6476180e-04   1.5472220e-25   3.7577998e-03   3.3536156e-04
   3.3093699e-03   2.3114835e-18   4.7189289e-04   8.1947092e-14   9.7428748e-43   9.4185521e-04   5.6425501e-04   3.0248981e-25   2.0400244e-03   2.7876562e-04
   3.0685487e-03   1.6672982e-17   2.8510860e-04   1.1112601e-05   5.2032357e-28   9.5180855e-04   5.1988387e-04   3.6348469e-27   9.7630979e-04   4.7495120e-04
   1.5646312e-03   7.9211648e-12   4.2126866e-04   6.1296182e-11   1.9492105e-11   9.5678434e-04   4.6724926e-04   4.3737232e-41   2.5224749e-04   4.4023502e-04
   1.3033335e-03   2.4128923e-16   2.7982619e-04   1.1735422e-07   5.3309840e-12   9.4547778e-04   4.9109578e-04   3.3945264e-49   1.3942597e-03   4.2131393e-04
   1.3628077e-03   3.2519031e-13   2.9976553e-04   3.1939729e-12   8.6253682e-17   1.0138642e-03   5.5008641e-04   5.9879038e-50   6.4789141e-04   4.1119201e-04
   1.0495588e-03   4.0413259e-06   4.9464794e-04   1.2479316e-08   3.0652453e-46   7.5744456e-04   5.2075135e-04   2.0187832e-27   2.9983383e-03   3.7453485e-04
   5.1877673e-04   3.3772973e-10   4.5662252e-04   3.0720460e-27   1.6051107e-26   6.2669525e-04   4.6600581e-04   1.9262719e-53   3.3056664e-03   6.5049227e-04
   1.0036707e-03   7.8159864e-13   3.4753515e-04   2.0921368e-09   3.6455933e-04   7.4140445e-04   3.5180202e-04   5.8811977e-37   2.5212448e-03   6.2317027e-04
   1.1126306e-03   3.3270611e-15   3.7587021e-04   1.2030401e-04   5.5080026e-14   7.7253507e-04   3.8447890e-04   1.1034862e-33   9.3737770e-04   6.0400989e-04
   3.4460200e-04   6.5004955e-10   5.5495531e-04   4.7474192e-24   3.1623517e-63   7.2078319e-04   3.4793092e-04   9.9968873e-24   7.5430033e-04   4.4448307e-04
   1.3090640e-10   2.0845733e-06   4.6396556e-04   1.0436087e-08   6.2216106e-28   5.3613121e-04   4.1835211e-04   5.1008276e-28   1.4079815e-03   4.1985832e-04
   9.4468596e-14   2.6590490e-13   3.4909878e-04   4.3208587e-15   1.4801171e-48   4.8283557e-04   4.7988576e-04   2.9871110e-59   1.0436797e-03   3.7873430e-04
   2.1271942e-04   2.5151357e-12   4.1451783e-04   4.4974639e-27   2.7391651e-73   6.2413629e-04   4.4547955e-04   3.5635774e-42   1.5419135e-03   3.4091214e-04
   3.7713602e-04   2.4598961e-12   3.1054572e-04   2.5145862e-16   7.1408297e-04   5.0643922e-04   4.3423165e-04   6.4718777e-37   2.5516467e-03   3.5196573e-04
   3.6821174e-04   7.5504576e-16   2.5642973e-04   2.5123524e-02   1.2689066e-03   5.8172020e-04   3.6342970e-04   1.7518726e-28   1.8979791e-03   3.6905367e-04
   1.8422815e-04   9.1778471e-10   2.8348279e-04   1.3744538e-05   1.6784887e-50   6.6659412e-04   2.4778736e-04   6.8517609e-44   1.3962857e-03   5.2135445e-04
   8.9935680e-06   2.1077650e-10   3.3971003e-04   1.5291999e-07   1.1547753e-52   5.7378506e-04   1.9421642e-04   5.1472159e-51   2.1240745e-03   7.3692197e-04
   2.4293019e-05   1.6523668e-12   5.0469266e-04   2.7738798e-04   1.8675994e-48   4.3901591e-04   2.9937297e-04   9.1713048e-22   1.7854556e-03   7.2349545e-04
   1.9334269e-04   2.3437991e-08   5.4286035e-04   2.9423488e-13   5.4391359e-60   4.6165436e-04   2.9288727e-04   1.3965001e-18   1.1774041e-03   3.4530486e-04
   6.4257075e-05   3.1881507e-10   3.3877348e-04   7.9259080e-33   1.2869219e-24   3.9866735e-04   2.9328862e-04   1.7812592e-39   1.2962895e-03   7.0677870e-04
   7.5151640e-05   3.8917190e-14   3.6760492e-04   1.2366486e-16   2.9860648e-07   4.0193980e-04   3.3284372e-04   3.9777650e-20   1.4347860e-03   5.8043237e-04
   2.8352431e-04   8.4332409e-11   4.9511513e-04   4.5347982e-25   5.3144839e-58   2.9671237e-04   2.8402399e-04   7.8542793e-49   1.3603829e-03   6.4002608e-04
   1.2910949e-04   2.7017268e-14   5.3351167e-04   1.1441902e-24   3.1741605e-28   3.2399976e-04   2.9294147e-04   5.2871507e-22   7.5352547e-04   5.9792128e-04
   8.6070321e-10   1.0256045e-15   4.1642018e-04   2.7130179e-15   7.8593357e-26   3.7968231e-04   3.4658849e-04   4.7247409e-29   2.9819160e-04   5.4944208e-04
   3.0118551e-09   2.1405505e-14   5.6550461e-04   2.4594680e-29   1.8720383e-37   5.3214698e-04   2.7550746e-04   1.8094638e-09   3.0910846e-04   5.9492406e-04
   9.7692025e-06   1.7374395e-10   5.9851529e-04   1.2647939e-12   2.9440568e-19   4.6667961e-04   2.0071582e-04   2.5880752e-03   5.9144996e-04   7.2758906e-04
   2.5445081e-05   1.9531569e-09   8.8383274e-04   2.0743421e-13   1.6196100e-25   1.9909474e-04   3.0740575e-04   2.1109559e-09   1.8285503e-04   8.2019086e-04
   3.3593851e-06   4.2116524e-17   7.3896424e-04   3.6410466e-17   9.9160535e-27   3.2264321e-04   2.6533200e-04   1.8680473e-10   1.1502565e-03   7.1686544e-04
   1.9078669e-21   4.0522222e-06   4.7330059e-04   1.1052246e-46   2.8264239e-61   1.6141980e-04   2.0223076e-04   1.0935333e-12   1.0220967e-03   1.3899437e-03
   2.2426127e-13   7.4603146e-09   5.5681172e-04   2.5352216e-52   2.6190640e-59   1.0565285e-04   4.2456958e-04   1.5783872e-11   3.1695930e-05   1.1544967e-03
   1.6160417e-09   1.9306277e-06   5.0338787e-04   6.0596949e-52   4.0890770e-44   9.3783160e-05   6.1656343e-04   6.1578590e-30   1.7803640e-06   7.0445579e-04
   7.7739601e-09   6.4233071e-13   5.1844899e-04   2.9475526e-60   1.3097075e-25   2.1727373e-04   6.1729664e-04   2.0171939e-14   1.9854921e-04   7.2930487e-04
   1.3243738e-06   1.7047696e-06   5.7723587e-04   3.6557074e-64   3.6795392e-33   2.6049777e-04   5.9938981e-04   1.2253687e-28   1.4463933e-06   5.6566274e-04
   8.2028985e-05   1.6243185e-06   4.6007513e-04   2.1846407e-54   5.4794381e-62   3.5704970e-04   3.5598189e-04   7.4350776e-22   2.3975232e-16   8.2405262e-04
   2.8754210e-04   1.2972941e-20   5.8833622e-04   4.9616396e-42   1.0377760e-24   2.9728213e-04   5.3062167e-04   1.3270896e-23   1.3473384e-05   6.3657734e-04
   2.6212093e-04   5.2508172e-19   7.6556686e-04   1.5171625e-27   9.8220660e-41   2.8015107e-04   5.7793885e-04   1.2323596e-10   7.1495190e-04   4.7340336e-04
   1.0251665e-04   4.1331626e-06   8.3255408e-04   2.7677532e-29   1.7947654e-56   1.1572629e-04   4.9730760e-04   8.6884625e-15   5.3251956e-04   8.5773677e-04
   1.0496406e-04   5.6033457e-06   7.7941219e-04   7.3288175e-40   6.6429167e-47   1.0467375e-04   3.6747646e-04   6.6206058e-47   9.0578198e-04   1.0216461e-03
   2.2274761e-04   2.2677511e-16   1.0731569e-03   9.5039040e-62   3.0432416e-10   4.7500399e-05   5.1148081e-04   3.5529882e-26   1.7062109e-03   9.6230409e-04
   9.4432227e-05   1.6152104e-05   1.2160654e-03   1.8260528e-71   8.0006898e-05   1.8892472e-04   5.6737604e-04   1.6359160e-06   1.3395272e-03   7.3582936e-04
   3.1615368e-04   2.3003325e-05   1.0636153e-03   2.1118039e-50   5.0271043e-13   2.2632289e-04   6.8826178e-04   6.2320157e-15   1.9493763e-03   7.7721696e-04
   3.9102770e-04   1.4714525e-05   5.6457334e-04   2.6799985e-51   1.3711151e-65   2.8203591e-04   7.4702178e-04   1.8050129e-35   2.7545319e-03   5.9498737e-04
   4.0486273e-04   9.0422672e-09   7.2554492e-04   1.4608974e-44   5.8924934e-19   3.8210195e-04   4.8737750e-04   4.1712460e-25   3.2658191e-03   6.7267768e-04
   4.9373584e-04   7.8017649e-13   9.2591554e-04   2.0552544e-42   1.6902482e-22   3.4440163e-04   3.8266548e-04   7.0593722e-10   3.4204075e-03   5.6080165e-04
   3.3283367e-04   1.0511869e-09   7.6505031e-04   7.5302177e-38   2.5303480e-33   3.8098540e-04   3.9108412e-04   3.2636655e-07   3.3449370e-03   6.0962172e-04
   5.6977871e-05   2.5836805e-07   6.5761439e-04   6.8001207e-23   3.8701417e-47   2.4932999e-04   3.3752897e-04   4.3878395e-10   3.8250625e-03   1.0734433e-03
   3.3748877e-04   1.2199431e-08   3.6329671e-04   3.6025617e-48   2.5176794e-03   2.7837994e-04   3.0584358e-04   4.4483996e-03   5.5309703e-03   1.6563304e-03
   5.5552539e-04   4.0213196e-15   8.2823350e-04  8.5203672e-138   1.4765296e-14   1.1226436e-04   6.1646634e-04   3.8220203e-03   7.0358544e-03   1.5563614e-03
   4.6834310e-04   4.4598148e-07   7.9632098e-04  2.3568646e-101   1.1196931e-53   7.2496204e-05   8.9394130e-04   2.0919353e-03   7.9271778e-03   1.3309365e-03
   2.0344157e-04   1.1162500e-07   8.3061840e-04   2.6401631e-66   1.1138814e-34   1.5359748e-04   9.0309705e-04   1.4756804e-21   8.9216534e-03   1.4361040e-03
   5.7596688e-05   1.1978031e-05   7.9917479e-04   3.3323698e-62   1.6308770e-24   1.7077700e-04   8.2016048e-04   2.0785277e-15   5.2471891e-03   1.6087571e-03
   1.7325597e-04   2.8907562e-05   1.0038597e-03   3.2914099e-82   1.0321476e-29   3.4943038e-04   6.7575196e-04   6.2438642e-20   2.1567867e-03   1.3593874e-03
   3.2707091e-04   3.5429128e-07   1.1357615e-03   2.1396263e-94   3.6715717e-20   3.8715569e-04   8.1691025e-04   1.0560197e-12   4.6655238e-03   7.2285214e-04
   2.2921310e-04   5.3689379e-05   1.0484506e-03   7.8172210e-56   2.6941440e-04   5.9510203e-04   6.4067196e-04   3.9297293e-04   4.5215368e-03   5.1280309e-04
   1.8308412e-05   1.8646015e-04   1.0281012e-03   2.8070619e-55   6.2689000e-27   5.6670684e-04   7.1032746e-04   3.1263716e-12   3.6152594e-03   7.6579626e-04
   9.9047661e-05   1.4888998e-04   1.4318244e-03   2.1888536e-64   2.3315049e-18   3.9274407e-04   7.9245965e-04   4.6486233e-26   4.8061954e-03   9.7655972e-04
   1.1737015e-05   1.3706584e-04   1.1242898e-03   1.4092473e-92   1.2144215e-45   2.8426628e-04   1.0834180e-03   4.4933477e-39   5.7541975e-03   7.7150816e-04
   2.6851836e-09   2.6928619e-04   8.1711550e-04   5.8792094e-89   2.7197898e-56   3.4317578e-04   1.0154767e-03   2.8203500e-03   7.7395125e-03   6.6968972e-04
   4.0774280e-05   3.1276558e-04   7.4499645e-04   1.1018037e-70   1.0687836e-41   4.4811077e-04   8.9796833e-04   5.4277582e-03   8.0438570e-03   7.5399431e-04
   4.3968821e-04   2.0556806e-04   8.1994938e-04   1.6101922e-72   8.1334281e-14   4.8883836e-04   9.8028665e-04   3.7656343e-32   7.2323053e-03   9.2446003e-04
   9.7728453e-04   1.1613748e-04   1.1745137e-03   6.0215575e-87   2.1732108e-24   6.3480115e-04   1.0893610e-03   7.3618424e-10   7.2301163e-03   5.3165266e-04
   1.2362849e-03   8.5208355e-06   1.1095909e-03   3.3791449e-64   4.8527852e-12   5.1568492e-04   1.0761210e-03   4.7105559e-28   5.5914326e-03   3.5845622e-04
   9.3117593e-04   3.2784353e-05   1.5847635e-03   3.4002216e-70   1.5732968e-10   3.5990189e-04   9.7800999e-04   2.4034620e-28   5.3846616e-03   1.8605831e-04
   3.5972336e-04   9.7807344e-05   1.4476435e-03   2.6957457e-69   6.5452751e-39   3.2270667e-04   1.1209740e-03   7.7421673e-12   1.0436503e-02   1.6901539e-04
   9.8015668e-05   3.4387053e-05   1.2148323e-03   1.4808991e-62   4.2507341e-39   2.4707036e-04   1.0820376e-03   3.1087876e-19   1.1825466e-02   2.8708108e-04
   1.6724351e-03   1.2373970e-11   1.0767335e-03   9.9022416e-46   3.5934086e-11   3.9104099e-04   1.0385589e-03   9.4767561e-45   1.1053164e-02   2.4111772e-04
   1.9706079e-03   3.6669662e-08   1.2941206e-03   8.8974248e-43   2.7133959e-17   5.8994488e-04   8.9277922e-04   4.8773714e-38   8.0743548e-03   2.8585755e-04
   9.0195581e-04   3.3026367e-06   1.1830891e-03   5.6380027e-54   1.7069982e-37   6.2052060e-04   7.7301339e-04   3.7757237e-10   6.0381478e-03   3.3795691e-04
   7.9111874e-04   2.2045255e-04   6.4775746e-04   1.8924901e-60   2.7291871e-74   3.1382252e-04   6.6542848e-04   1.1938397e-02   7.6331172e-03   3.6913175e-04
   1.0644124e-03   1.2482309e-04   1.3266720e-03   5.0907772e-96   2.5641796e-65   3.9345623e-04   7.1184682e-04   1.5401678e-02   8.5224799e-03   2.4837438e-04
   1.1480784e-03   5.7680569e-07   8.6313783e-04  1.5807251e-104   1.6979963e-25   3.5569465e-04   1.0120862e-03   1.9322734e-02   1.2777432e-02   1.0777078e-04
   5.0216998e-04   5.4744143e-05   1.0774009e-03   1.8224698e-77   1.7638859e-52   4.6236540e-04   9.1537395e-04   5.6898241e-03   1.2325177e-02   3.9724274e-05
   4.4725578e-04   4.3916779e-05   9.8171386e-04   1.6805351e-52   8.2259040e-55   5.0633958e-04   8.1233253e-04   9.6055223e-45   9.2860847e-03   5.5378020e-05
   7.3871001e-04   3.7261748e-14   1.0305232e-03   5.8672996e-45   1.8701372e-20   4.8323900e-04   6.1744395e-04   1.3255698e-29   7.8474902e-03   2.9700025e-04
   1.3739026e-03   1.0482945e-18   1.1127174e-03   4.3053859e-47   3.0142295e-10   3.2497716e-04   5.4935989e-04   6.2537154e-57   8.9923892e-03   3.4890453e-04
   1.2671857e-03   2.1711017e-24   1.1913486e-03   1.9412529e-33   4.3764663e-13   4.8782886e-04   5.8571155e-04   5.7203400e-72   6.9532729e-03   3.7229988e-04
   1.7264232e-03   6.5422409e-12   1.4902349e-03   2.3695248e-34   3.1918343e-03   4.2105007e-04   4.6630273e-04   1.9460679e-59   3.3747407e-03   3.2474631e-04
   1.1961203e-03   6.0412351e-14   1.8517726e-03   8.6057859e-79   1.9484623e-07   3.5159465e-04   6.1680557e-04   8.7240966e-27   5.5394590e-03   9.6648864e-05
   5.3737671e-04   3.4745645e-15   1.5768664e-03   1.6283374e-55   8.4699819e-08   3.1575259e-04   6.3666215e-04   6.6853080e-31   7.5477339e-03   2.2342346e-05
   1.5551819e-03   4.5638908e-11   1.5791231e-03   5.9391265e-79   1.1887526e-09   4.1359377e-04   4.6774504e-04   2.7794381e-31   7.5433348e-03   8.8823584e-05
   1.6403631e-03   1.5734654e-09   1.4742579e-03   2.8144390e-44   9.2100556e-08   2.6229328e-04   4.4273009e-04   3.1685855e-03   5.9838236e-03   1.3470211e-04
   6.8541512e-04   4.2647843e-07   1.0978021e-03   4.1716622e-27   2.0302493e-45   2.6092193e-04   3.6708187e-04   4.6790324e-03   5.8671133e-03   1.4092655e-04
   5.5552652e-04   8.6327402e-08   1.3813852e-03   3.8233853e-21   1.1351560e-19   2.5766378e-04   4.0556792e-04   3.9332446e-50   4.5022031e-03   1.8760266e-04
   1.3324633e-03   1.8146463e-16   1.3167848e-03   4.1561040e-15   6.3442046e-30   1.8500923e-04   3.7672712e-04   6.1505407e-29   1.0144184e-03   3.4376460e-04
   1.0127677e-03   2.0352930e-05   1.0392092e-03   1.5854171e-23   3.4169492e-53   2.0502131e-04   4.2670945e-04   9.6904634e-26   2.6386057e-03   2.8673639e-04
   3.5302467e-04   6.1530167e-05   1.6867557e-03   8.6270108e-35   1.5364598e-45   1.2119625e-04   3.7028673e-04   3.2144983e-07   4.0935666e-03   4.3643172e-04
   4.0536428e-04   2.6179044e-05   1.5060962e-03   2.9890112e-51   1.1054591e-38   1.2417305e-04   2.9774174e-04   1.9308711e-52   5.4221618e-03   5.1465083e-04
   6.9326338e-04   1.4227701e-04   1.4828494e-03   1.7270853e-33   8.5260693e-43   1.5826440e-04   2.5505841e-04   8.3561571e-03   5.2091695e-03   3.5033314e-04
   9.8050532e-04   8.8207379e-05   1.9946750e-03   2.5888859e-43   1.3515880e-45   2.2600398e-04   1.2997922e-04   1.0160151e-02   5.8497730e-03   2.7869915e-04
   8.3977486e-04   8.3806922e-05   1.9950370e-03   3.7428210e-15   2.6176747e-25   2.2503496e-04   1.5315774e-04   1.0075857e-15   4.6832776e-03   2.3438183e-04
   7.8094282e-04   6.1753916e-05   1.9188354e-03   1.4841214e-15   5.8840296e-53   2.1285469e-04   1.9966766e-04   2.0895941e-34   2.8146413e-03   2.2551226e-04
   7.6862542e-04   6.5746438e-05   2.1321421e-03   5.7522687e-18   1.3572648e-35   2.4639246e-04   2.4121833e-04   3.2518877e-12   1.8533145e-03   1.4465021e-04
   1.1524111e-03   2.4476644e-05   1.8758811e-03   2.8368458e-18   2.6690541e-29   2.5424931e-04   2.8676868e-04   7.2769466e-06   2.5102609e-03   1.1419333e-04
   1.0810287e-03   3.3086542e-05   1.7497146e-03   8.6705405e-19   1.0162002e-29   1.7109580e-04   3.1174133e-04   8.0353821e-03   3.5333814e-03   1.2664382e-04
   1.1326414e-03   5.6010839e-07   1.8504264e-03   8.1968632e-19   8.0465657e-05   2.2200868e-04   2.0624942e-04   8.9303581e-03   3.8049616e-03   6.9853935e-05
   3.8787434e-04   3.4015664e-05   1.7486395e-03   3.9247000e-23   1.7410596e-36   1.4005242e-04   9.9447606e-05   5.7910903e-03   3.1959470e-03   2.5893938e-04
   3.2427844e-05   1.9904804e-06   2.1741870e-03   1.4450078e-09   1.7497668e-25   2.0962585e-04   1.1119927e-04   2.1549934e-12   3.7552563e-03   3.1378664e-04
   3.2248943e-04   3.9461604e-05   2.0329480e-03   7.4726879e-30   1.4109354e-11   2.1034775e-04   1.1828012e-04   9.1431839e-03   1.7238143e-03   2.4090054e-04
   1.2163221e-04   1.3000512e-04   2.6219510e-03   6.6496708e-11   8.8717657e-21   1.8548504e-04   1.5330308e-04   9.7081850e-17   1.1523115e-03   2.1826597e-04
   3.2872223e-04   8.2859810e-05   3.2366207e-03   6.7595119e-41   1.5888220e-56   1.8127238e-04   1.8662672e-04   8.2673365e-17   1.8064811e-03   2.1483153e-04
   5.2854009e-04   6.0355900e-05   2.9441170e-03   2.5546391e-22   2.3664374e-62   1.9678611e-04   2.3041622e-04   2.0977368e-27   2.9615228e-03   1.2947342e-04
   4.3059543e-04   1.4333957e-04   3.1617740e-03   6.5616936e-16   6.0856317e-48   1.5130074e-04   2.0871129e-04   2.5275578e-08   3.9277311e-03   2.2455934e-04
   7.4729071e-04   1.3808863e-04   2.4945625e-03   4.0004910e-04   1.3601104e-34   1.3072062e-04   1.0900088e-04   1.6905467e-02   2.5381020e-03   2.1475860e-04
   7.7584771e-04   1.1887111e-04   3.0609173e-03   7.6852325e-56   2.0244457e-15   2.1695804e-04   1.1423081e-04   1.9813245e-02   1.8099483e-03   2.5236165e-04
   1.0591973e-03   7.0781398e-05   4.8503604e-03   1.0202244e-26   6.0987475e-42   2.4075328e-04   1.2731813e-04   2.0272751e-05   1.6777805e-06   2.3311594e-04
   6.6639103e-04   7.9030018e-12   4.2920156e-03   2.7456747e-55   1.0262713e-30   2.9092884e-04   1.1588592e-04   5.5199204e-56   5.3118175e-04   2.2506131e-04
   6.7713394e-06   3.7261350e-10   4.4784276e-03   7.3133723e-44   2.5608362e-09   2.1006960e-04   2.2113506e-04   4.4046472e-09   1.1140777e-03   1.3151585e-04
   4.7466401e-04   2.0734656e-05   2.3537414e-03   1.1300259e-96   1.4333462e-33   1.9257392e-04   2.1527207e-04   1.5444611e-02   2.0027899e-03   1.4046045e-04
   7.5660618e-04   3.0102705e-08   3.5755407e-03   2.2757491e-21   4.8259646e-04   1.4475522e-04   2.8734579e-04   1.9807243e-20   1.5233904e-03   1.1217318e-04
   3.3407163e-04   6.0956079e-06   4.5233228e-03   9.4900010e-10   3.6121587e-12   1.1257758e-04   2.9800403e-04   8.1253514e-08   1.0434921e-03   1.0990563e-04
   6.8210293e-05   6.5775240e-08   5.9264978e-03   2.7672084e-13   2.2315305e-47   1.5921818e-04   2.5338765e-04   1.2453105e-11   1.0911416e-03   2.4877984e-04
   9.9655989e-04   1.1426686e-07   7.3997907e-03   4.4511984e-29   3.8480352e-20   7.3715519e-05   2.4165383e-04   4.1411175e-35   5.5347191e-04   2.5484006e-04
   1.0678700e-03   1.4447680e-06   5.8197841e-03   3.5677192e-35   1.5035665e-24   1.5289461e-04   2.1168260e-04   1.7908880e-41   1.3668055e-03   2.0257694e-04
   9.5369248e-04   2.2602586e-05   5.3464741e-03   9.7610011e-40   1.4479938e-03   1.4231031e-04   2.6722665e-04   1.6595853e-83   1.3726305e-03   2.0624018e-04
   4.1724868e-04   1.7438124e-05   7.1866708e-03   2.3043068e-32   5.8270228e-03   1.3276222e-04   2.4058921e-04   1.7353348e-37   7.8966270e-04   1.3057512e-04
   7.7639553e-05   3.3814548e-05   5.8536461e-03   3.2289616e-65   1.4076605e-02   2.9450766e-04   2.5159949e-04   3.1463496e-07   2.7998894e-04   1.5720473e-04
   4.1558731e-04   4.5614353e-05   5.1076162e-03   7.1236540e-40   9.0299163e-33   4.0404189e-04   1.7952141e-04   4.4971318e-03   1.0111454e-03   1.7304706e-04
   5.5150339e-04   9.2373839e-07   4.7480688e-03   9.4831151e-29   2.1728935e-10   2.8220010e-04   1.6746009e-04   3.7163168e-19   5.9761045e-04   1.4198917e-04
   2.7946545e-04   4.8743938e-05   5.4493243e-03   1.6529536e-14   5.6411053e-15   2.4304353e-04   2.0342080e-04   2.0588374e-33   3.1283187e-13   1.5878404e-04
   2.8425724e-04   1.6245461e-09   7.2850061e-03   1.1431028e-07   2.3072458e-15   2.1888924e-04   2.3962973e-04   1.8101417e-05   3.4153568e-17   2.1106634e-04
   1.3240780e-04   2.9680005e-05   6.2039276e-03   3.6507049e-17   4.0083477e-22   1.4465703e-04   2.4614067e-04   1.3774515e-02   3.1854274e-16   2.1928309e-04
   5.4612155e-04   3.6154259e-05   5.1446219e-03   4.6848779e-29   1.6244040e-45   2.2205149e-04   2.3313604e-04   1.8264531e-02   6.6714656e-11   1.6199082e-04
   6.1175316e-04   2.3646679e-05   6.1667844e-03   1.4140599e-32   6.5859386e-04   2.5349340e-04   1.8609799e-04   1.5301901e-02   1.5627741e-08   1.9462780e-04
   3.0969953e-04   6.4999225e-07   7.8565366e-03   2.7888275e-45   1.8714084e-44   3.1309808e-04   1.9593429e-04   1.4852984e-27   3.5705239e-14   1.3008033e-04
   5.4349362e-04   2.0178905e-05   8.4614354e-03   5.1965656e-09   3.3420123e-03   3.2505022e-04   1.5868105e-04   3.4812749e-37   6.7262990e-11   1.3425608e-04
   6.7424442e-04   4.9616815e-11   7.9448725e-03   2.2482026e-06   1.2668224e-05   2.1994658e-04   2.2893978e-04   1.4516853e-24   1.0018703e-10   1.5755634e-04
   3.6759663e-04   3.0132349e-05   7.9044596e-03   3.4269588e-15   7.4126893e-19   1.6594695e-04   2.9816231e-04   8.5115648e-37   4.2259323e-10   1.4687355e-04
   1.2218599e-04   8.6611274e-05   6.2620770e-03   4.0765107e-07   4.0870886e-26   1.5422743e-04   3.2848031e-04  1.8220085e-108   3.0815860e-06   1.9928955e-04
   8.6053624e-05   8.9325933e-05   5.8672670e-03   5.5740056e-02   7.3195486e-08   2.5354698e-04   2.5964427e-04   3.0735147e-48   4.4136171e-08   2.1672924e-04
   9.8087795e-05   1.4641955e-04   5.8175636e-03   8.6766683e-13   2.5064919e-02   2.1768178e-04   3.8012671e-04   3.5069657e-33   1.1451295e-18   9.8051420e-05
   6.3325805e-06   1.0747183e-04   6.1411543e-03   3.1861773e-35   3.2959021e-06   2.0767499e-04   4.3680776e-04   1.1074070e-23   2.3741443e-31   6.9620153e-05
   4.9168394e-11   3.6762370e-05   5.9886955e-03   9.1398351e-62   3.3557791e-54   2.4403928e-04   3.3872458e-04   1.6099506e-31   3.0744162e-18   1.6065285e-04
   1.4131491e-04   2.8473672e-05   7.0441223e-03   6.1061614e-36   6.9566315e-77   1.5406436e-04   2.8708191e-04   1.4777666e-18   2.2279439e-09   1.8471153e-04
   7.3884390e-05   2.4666410e-05   5.7698047e-03   2.5902588e-31   1.9570662e-77   1.8988757e-04   3.3802113e-04   8.8986615e-08   7.0956715e-07   9.8893706e-05
   2.1980504e-11   3.7655039e-05   5.9772932e-03   2.7984200e-10   3.0835549e-20   2.8471912e-04   3.1277655e-04   7.6183394e-17   5.0409423e-08   1.0838940e-04
   3.6723876e-05   4.8581725e-05   4.9383002e-03   1.9269069e-17   5.5646327e-61   2.7655794e-04   2.9024473e-04   2.0383777e-21   1.1695297e-06   9.1471801e-05
   2.6128653e-06   1.5747512e-05   6.1988887e-03   7.2253339e-22   1.6892726e-02   2.7003405e-04   2.4601525e-04   5.9881300e-25   5.5831183e-15   7.4125037e-05
   4.0498765e-17   5.3218772e-06   4.8317669e-03   3.1524598e-07   4.0286091e-02   1.5842971e-04   3.2282251e-04   4.9555822e-29   2.2448631e-13   7.6864293e-05
   4.3196015e-05   1.5980352e-05   4.1681577e-03   1.5059062e-02   2.4602430e-05   1.3846213e-04   3.5890776e-04   6.1398653e-64   1.5954684e-07   7.8586745e-05
   3.8421825e-05   3.3545581e-05   4.4566388e-03   1.6544062e-05   7.2061134e-52   1.4226897e-04   3.8875440e-04   6.5921930e-79   4.4599803e-08   9.7525965e-05
   4.3656671e-19   5.3056680e-05   5.5190481e-03   1.1809484e-14   2.2049759e-14   1.7996332e-04   3.5888033e-04   1.1208328e-66   3.2572633e-17   1.2685044e-04
   7.8463205e-08   7.1733785e-05   6.1628911e-03   6.6216974e-19   3.1528112e-21   2.0346211e-04   3.3202700e-04   4.1434348e-55   4.2160037e-25   1.5875145e-04
   3.8840938e-05   6.2443766e-05   4.8209532e-03   1.3547283e-27   1.7934801e-02   2.5427740e-04   4.1861086e-04   3.0283460e-30   5.4124356e-19   7.8406145e-05
   1.6565771e-07   8.9669756e-05   3.4403589e-03   1.6767697e-04   2.7977348e-02   1.7228771e-04   4.3869611e-04   2.2322103e-04   9.2032879e-05   4.9270520e-05
   1.3017748e-24   6.2185219e-05   2.9691090e-03   4.3628228e-02   4.9101545e-51   1.5962620e-04   3.6017339e-04   2.7633742e-14   4.2100481e-04   3.4814694e-05
   6.7619513e-12   8.1646061e-05   5.3809861e-03   1.0050334e-05   1.1607331e-02   2.6805337e-04   2.6894947e-04   3.0328121e-75   1.4193630e-16   5.1912226e-05
   6.3355530e-06   1.0172436e-04   4.4463722e-03   1.2842313e-02   4.7013337e-02   2.6945222e-04   2.8889997e-04   2.5869390e-22   1.6247432e-21   7.4085008e-05
   2.3765635e-09   2.3227613e-04   4.8275526e-03   8.7713415e-02   3.1490271e-03   2.9817333e-04   2.6160110e-04   1.2410884e-24   1.1187750e-20   1.1885969e-04
   3.3097321e-24   1.2427850e-04   4.3181752e-03   7.8272236e-02   1.9372999e-02   3.4746248e-04   2.2487999e-04   4.8991798e-42   2.0338495e-16   1.0558871e-04
   1.2650260e-11   2.6991906e-05   5.0682284e-03   1.3376051e-02   1.5443856e-03   2.4341975e-04   2.9612833e-04   5.0780938e-57   2.6140230e-13   1.0347299e-04
   3.0449393e-18   3.9122358e-05   5.2685038e-03   2.4273547e-03   1.9012732e-15   1.9492218e-04   3.5437991e-04   4.9978544e-34   3.8576508e-06   4.2242934e-05
   4.5641247e-27   4.3487816e-05   4.6504537e-03   3.4533054e-12   4.9344389e-05   2.1922597e-04   4.1303319e-04   3.5898356e-18   3.8110113e-09   8.9009244e-05
   1.2720664e-17   5.3493501e-05   4.9324732e-03   2.5239536e-48   1.0591776e-04   3.4296467e-04   2.8554242e-04   3.4770383e-29   8.4258162e-28   1.9178544e-05
   1.7090010e-12   1.7156417e-05   4.3257455e-03   1.3070007e-18   3.7716680e-02   3.0542350e-04   3.1565624e-04   9.3631940e-81   1.5340861e-35   1.6185867e-05
   3.7008071e-06   1.1254239e-07   4.2933488e-03   2.1245519e-17   5.6070031e-02   3.2815453e-04   3.0140728e-04   4.8168680e-67   1.8460646e-22   7.0652992e-05
   3.6646683e-05   2.4388618e-05   4.1343942e-03   4.7563003e-33   4.1916103e-02   2.8264056e-04   2.0065857e-04   2.2438432e-51   8.8795833e-15   9.5997358e-05
   2.7451620e-05   6.9160777e-05   5.7596500e-03   4.3942602e-05   2.1325593e-03   2.0839684e-04   1.8121848e-04   8.7939578e-89   2.1188620e-17   6.6799550e-05
   1.9265715e-10   1.0395812e-04   5.8098022e-03   2.1383195e-10   1.9124147e-09   1.8047691e-04   2.7067840e-04   1.4774581e-44   2.1951338e-08   6.8791091e-05
   1.3980720e-26   6.8775737e-05   5.0722535e-03   1.6484973e-38   8.3129775e-18   3.1526442e-04   2.4727909e-04   3.8230775e-18   1.0598349e-04   5.8357828e-05
   2.8512912e-11   5.0000749e-05   3.5503434e-03   1.5036303e-09   1.0901064e-07   2.4068453e-04   3.0107055e-04   1.6635921e-10   4.2495030e-05   5.1056115e-05
   3.7333520e-06   2.6808356e-05   3.2294231e-03   3.3205479e-06   5.4926559e-02   2.1379181e-04   3.1396149e-04   9.8623551e-15   6.8189906e-09   1.0700170e-04
   1.5941578e-07   2.3160119e-05   4.1519160e-03   2.6467288e-08   6.6572056e-02   2.3605011e-04   2.1947438e-04   5.8829865e-26   1.0513214e-14   1.3831463e-04
   9.2223764e-08   8.4469663e-07   4.0766406e-03   1.6527552e-21   3.6477893e-02   2.0737936e-04   1.7248878e-04   3.6596182e-22   5.1558176e-23   1.3950667e-04
   6.5611217e-08   3.2169114e-05   4.5829762e-03   3.5857367e-19   9.1502959e-04   1.3135358e-04   1.8627485e-04   6.4308299e-24   1.0137275e-21   1.0787261e-04
   6.2527486e-09   3.3780418e-05   3.1242136e-03   1.4486716e-36   8.7238404e-22   1.4470907e-04   1.7103401e-04   1.9508184e-27   5.7950272e-04   1.1208564e-04
   2.1367783e-17   3.4074221e-05   2.2299076e-03   1.2112724e-79   9.9699324e-03   2.3865396e-04   1.9317518e-04   6.5002194e-03   1.0703300e-03   1.0875666e-04
   4.4849594e-10   4.2976646e-05   3.3892952e-03   2.5564784e-40   1.4337039e-02   1.4575908e-04   1.9500278e-04   2.2515381e-17   8.3385813e-04   1.0390044e-04
   5.2114143e-05   7.5017915e-05   2.7836011e-03   2.7210589e-37   7.8689055e-18   1.2697828e-04   1.4996699e-04   8.2866568e-39   7.4391374e-04   1.0367357e-04
   5.9749668e-05   8.1890641e-05   4.0643629e-03   2.6990242e-08   1.3242815e-12   1.3358393e-04   1.4149801e-04   5.5401749e-42   7.5398485e-04   1.2175184e-04
   3.6318530e-05   8.7739837e-06   3.9372281e-03   2.5972445e-14   4.8522844e-32   1.2516675e-04   1.7470112e-04   5.0733157e-64   2.3735992e-04   1.1132401e-04
   9.5624451e-07   3.7885915e-05   3.2765649e-03   2.2484135e-13   6.9182734e-33   1.1894136e-04   1.6067214e-04   7.6507377e-21   2.1058054e-04   1.7090902e-04
   7.1652718e-06   2.1207956e-04   3.0255361e-03   3.0306922e-28   1.3255350e-41   1.0320975e-04   1.2447638e-04   9.3058143e-12   9.2767034e-04   1.4902923e-04
   5.9295259e-05   1.6869242e-04   3.3523524e-03   1.3202706e-86   4.3616544e-21   1.1755998e-04   1.5108546e-04   4.5481838e-20   1.3729016e-03   1.5939613e-04
   3.4637816e-06   1.7712792e-04   2.3696738e-03   1.3116151e-74   3.7737121e-03   1.6027025e-04   1.9093389e-04   6.5579965e-35   9.8917089e-04   7.5663618e-05
   2.3880641e-09   1.3722228e-04   3.1327706e-03   1.9417129e-95   4.4688663e-17   1.8268429e-04   1.3949050e-04   2.7201017e-26   7.2280459e-04   1.0176619e-04
   8.4579021e-09   6.2906178e-05   3.3198212e-03   1.7082590e-54   7.5795496e-55   1.9096573e-04   1.4186055e-04   1.2013924e-21   5.5157453e-05   9.1322221e-05
   8.3938469e-07   2.2983223e-04   3.2796850e-03   3.7267681e-65   2.3298261e-39   1.5606419e-04   1.3785775e-04   1.3892910e-51   3.1885768e-15   1.6619732e-04
   1.4096235e-11   1.7901022e-04   2.4199510e-03   3.9316904e-54   3.4127179e-06   2.1914169e-04   1.4333561e-04   1.6569846e-86   8.2000376e-15   1.7222197e-04
   5.7756781e-05   4.0764094e-05   1.8332684e-03   6.3268011e-36   5.2328060e-19   2.8377549e-04   1.3448119e-04   7.1228879e-97   4.2042794e-09   1.4687320e-04
   4.9577094e-05   1.1730438e-04   3.8845374e-03   4.3780057e-55   2.4363390e-16   1.7090011e-04   1.7587205e-04   5.6149879e-43   8.6785852e-08   1.3661224e-04
   3.9787493e-16   1.2130877e-04   5.5617061e-03   1.4567373e-71   7.3821819e-06   1.6123951e-04   1.7905992e-04   2.4571167e-32   2.8889516e-04   1.1590096e-04
   1.7573356e-04   1.4339199e-04   3.8021768e-03  1.1913163e-110   2.7899807e-11   1.7200373e-04   1.7488590e-04   9.2190455e-32   6.0282460e-06   1.2362431e-04
   1.7932575e-04   1.0776591e-04   2.1382425e-03   1.2089287e-47   2.3960786e-06   1.8854303e-04   1.4878075e-04   3.1260621e-37   3.0120993e-10   1.8974058e-04
   2.1708071e-04   4.7364303e-05   1.0849332e-03   6.7393592e-39   2.4764432e-03   2.1098459e-04   1.5072779e-04   5.7926785e-03   9.1856806e-15   1.3900788e-04
   1.9102314e-04   7.6607425e-05   2.0425661e-03   7.6284145e-72   7.2097946e-04   2.3007275e-04   9.0159787e-05   1.6708511e-25   1.2428212e-28   1.0703236e-04
   2.9703361e-04   1.3938984e-04   3.1822277e-03   5.7944832e-46   2.2763959e-03   2.7047003e-04   1.3161970e-04   5.9785725e-33   8.1605769e-23   1.2179950e-04
   3.9431027e-05   2.4680030e-04   2.3680115e-03   5.8798394e-87   3.5679529e-06   2.9652335e-04   1.7573963e-04   1.2091169e-26   2.3090478e-16   1.3943718e-04
   3.0474182e-04   1.6041102e-04   2.4562391e-03   1.0743553e-28   6.4255835e-05   2.0194278e-04   2.2718111e-04   2.9353678e-71   2.6757607e-19   1.3906943e-04
   4.5122156e-04   2.4529768e-04   3.9073755e-03   4.3903127e-21   1.1657317e-02   1.6941821e-04   2.3202537e-04   8.4350426e-38   2.2799676e-18   1.3387860e-04
   2.2249238e-04   2.2307053e-04   3.2619997e-03   1.0430227e-04   1.1390103e-19   2.2885882e-04   1.8969593e-04   5.7401858e-23   3.4899296e-20   1.9541011e-04
   1.8111225e-04   2.1378624e-04   3.0488865e-03   2.5122902e-21   1.4125610e-02   2.1702125e-04   1.7211536e-04   1.2671251e-15   1.4261262e-30   2.1540255e-04
   1.3280607e-04   3.7419523e-04   2.4620351e-03   6.1147128e-46   3.7062600e-06   3.2163125e-04   1.4927020e-04   1.3387199e-41   4.2220149e-36   1.6289792e-04
   1.2256698e-04   2.2981704e-04   2.3474732e-03   5.1886612e-37   5.3717944e-20   2.4574931e-04   2.1724969e-04   3.1843802e-30   5.7384056e-32   1.6258154e-04
   1.2958298e-04   1.7035844e-04   2.2405048e-03   2.5966230e-93   1.4209958e-13   2.1332376e-04   1.5730590e-04   1.7391749e-19   6.7290891e-23   1.3050010e-04
   6.3073101e-04   1.4508797e-04   2.5087498e-03   1.9461642e-19   8.8378400e-03   2.6296106e-04   1.5917174e-04   1.5620899e-20   9.8541382e-18   1.3152736e-04
   8.4168042e-04   1.4919317e-04   2.4899527e-03   3.8651895e-28   1.4727757e-02   2.9111864e-04   2.1519544e-04   2.2507054e-28   9.8770775e-15   1.0747074e-04
   5.9293619e-04   1.8189434e-04   2.0866402e-03   1.0971075e-49   4.9915947e-03   2.1545251e-04   1.9737978e-04   2.7323571e-25   8.8503724e-13   1.0996104e-04
   2.9897586e-04   1.8997146e-04   2.8260760e-03   1.8082287e-15   6.6811602e-03   2.2549048e-04   1.7698000e-04   1.7239562e-16   6.8099033e-26   8.9185249e-05
   1.2177257e-04   1.1525799e-04   2.8616248e-03   5.1960994e-11   1.0208764e-18   1.8654341e-04   2.6135615e-04   5.9168774e-21   8.1790214e-34   8.7426706e-05
   1.4037106e-04   2.0190759e-04   2.3908973e-03   8.9216381e-20   4.6178658e-57   1.7077766e-04   2.5946160e-04   5.1049349e-15   3.2745895e-22   7.7048968e-05
   2.9303613e-04   2.4884981e-04   3.5998025e-03   5.0834735e-14   7.5640697e-13   9.9262072e-05   1.5957487e-04   5.4822740e-56   1.1179560e-24   9.0065204e-05
   3.2072067e-04   5.1349285e-04   3.8393317e-03   6.3268308e-89   1.1449176e-18   1.1985919e-04   1.2968820e-04   4.6173456e-19   4.0666802e-28   1.0236485e-04
   3.7346281e-04   2.8310984e-04   3.5480422e-03   8.7201682e-72   1.5828999e-67   1.6407553e-04   1.5713329e-04   6.9830554e-05   2.8206655e-19   7.7475390e-05
   1.2888547e-04   1.0841293e-04   3.2913220e-03   5.5509750e-41   2.3877752e-55   2.0896417e-04   1.5291846e-04   5.0073565e-06   1.5444026e-22   5.8756062e-05
   1.7708235e-04   2.4369980e-04   2.7412788e-03   2.0395083e-38   2.9900803e-44   1.4989783e-04   1.4184141e-04   5.7979838e-14   1.5960992e-26   1.0941820e-04
   2.9668519e-04   3.2591739e-04   3.9330418e-03   2.3117900e-58   2.5678577e-17   1.1277701e-04   1.3414049e-04   1.6794063e-47   1.5830152e-28   6.4894664e-05
   1.4579072e-04   3.3327186e-04   4.8120905e-03   5.9646919e-41   1.0574592e-05   7.8905946e-05   9.2635495e-05   1.5886235e-38   1.7152050e-31   1.0606176e-04
   4.0256684e-05   2.4252755e-04   3.8224497e-03   5.0352295e-44   1.2733781e-03   7.5456395e-05   9.1586937e-05   6.4191184e-23   3.1335800e-27   7.8889040e-05
   1.6493133e-04   9.3118384e-05   4.1600640e-03   3.3081462e-25   7.0485150e-05   5.8249538e-05   1.3715879e-04   1.6095549e-30   3.5727532e-15   5.6912814e-05
   1.4612014e-04   1.2986428e-04   3.8711494e-03   5.4452292e-52   1.8103008e-69   8.1382443e-05   1.4748337e-04   8.1536495e-33   8.7590281e-16   4.0919803e-05
   1.7153324e-04   3.4264736e-05   4.7185793e-03   1.4491328e-33   1.1931848e-02   7.8738071e-05   1.5547118e-04   2.6795796e-25   1.9798734e-18   3.3004717e-05
   2.0857463e-04   3.1154570e-05   3.1128404e-03   1.9754983e-41   2.1099685e-24   6.6061740e-05   1.5783396e-04   1.1245475e-17   4.7512541e-13   8.4609039e-05
   4.8740890e-05   5.5917033e-05   3.7313271e-03   1.2418127e-52   2.0950400e-02   6.5376543e-05   1.1884184e-04   9.3243421e-46   1.7267050e-20   9.1254028e-05
   5.4715954e-11   5.1665347e-05   3.5038226e-03   5.4672134e-44   1.9894880e-02   7.4415868e-05   1.0934081e-04   1.2577312e-47   2.0623200e-13   7.2917101e-05
   3.6667865e-07   8.2631619e-06   3.9025139e-03   7.8161518e-47   1.2093207e-24   7.3759574e-05   1.8127017e-04   1.5413125e-40   7.7165031e-09   7.7030284e-05
   6.0015141e-06   1.8084219e-05   4.2381892e-03   1.1014515e-88   1.6020849e-23   5.4229529e-05   1.3439897e-04   1.2789963e-31   1.5655006e-05   9.2042241e-05
   9.2502488e-07   1.3379176e-05   3.9287074e-03   6.2029588e-44   1.8985067e-15   5.9222945e-05   1.5847460e-04   5.4689068e-22   1.5022466e-13   5.5455633e-05
   1.3537920e-18   5.2140791e-06   4.0579626e-03   1.7633194e-27   2.5570737e-03   3.9547648e-05   1.7961322e-04   8.4157779e-23   2.6434479e-10   6.1423669e-05
   6.3445736e-06   5.1891620e-06   3.8357196e-03   1.2191400e-39   2.3440361e-04   4.8607918e-05   1.9348211e-04   2.1283154e-40   1.8465138e-06   9.8109411e-05
   1.8591197e-05   1.0204941e-05   3.1084165e-03   2.2160140e-46   6.7690284e-78   7.9311641e-05   1.4912640e-04   3.9880422e-58   5.4108636e-04   9.8634117e-05
   4.0482710e-12   7.4603304e-06   3.7683150e-03   4.5537133e-28   8.4457892e-36   6.0610085e-05   1.3739524e-04   1.5587349e-22   4.3842972e-04   9.4704868e-05
   1.8632679e-11   1.5433386e-06   3.1618015e-03   1.3662972e-43   1.7810007e-02   5.8584570e-05   2.0018904e-04   8.9533175e-06   4.6480616e-04   7.3250765e-05
   2.1802386e-07   1.0120504e-08   3.2656190e-03  6.5548209e-106   3.4773934e-02   6.1243669e-05   2.2381150e-04   7.0384511e-17   4.4117051e-04   5.5342358e-05
   7.5229116e-11   1.3638194e-06   3.8331257e-03   8.8209428e-82   9.8427493e-03   8.1654848e-05   1.6159245e-04   3.0929153e-12   8.2164322e-04   3.0527415e-05
   1.2858403e-06   1.2544293e-06   4.8081612e-03   3.5934505e-59   1.5103320e-05   8.9411081e-05   1.9624764e-04   8.7157973e-15   8.0539152e-04   6.5296891e-05
   1.5644649e-05   8.7888648e-06   5.5286448e-03   3.7699806e-59   9.0063121e-16   1.0248199e-04   1.6876825e-04   3.0310335e-21   3.6090408e-04   8.0056035e-05
   9.2533426e-06   2.7139890e-05   5.2379650e-03   1.1306524e-54   5.6866942e-08   9.2898442e-05   1.1530067e-04   8.2999838e-16   3.1770784e-16   1.2086468e-04
   5.6886156e-09   2.8896712e-05   4.5280831e-03   6.8496370e-49   1.8556638e-02   5.9032765e-05   1.2047708e-04   5.1577807e-44   2.5451642e-16   1.5902373e-04
   2.6288583e-05   1.1926088e-05   5.3408084e-03   4.1427016e-44   8.2124942e-13   7.2090464e-05   1.3012409e-04   2.5436262e-14   8.0178645e-19   1.2019868e-04
   1.7735093e-05   6.9170526e-06   3.9632953e-03   4.8656381e-41   1.7844039e-61   9.1189851e-05   1.3645318e-04   1.0554560e-02   2.5452566e-12   9.5194598e-05
   1.0437563e-07   1.2901409e-05   3.7090954e-03   1.9863077e-61   3.7451030e-33   6.6852389e-05   1.8910219e-04   5.4522205e-12   5.0384530e-07   7.5263137e-05
   5.8446532e-13   1.7989970e-06   4.2615514e-03   2.8745864e-62   1.3566292e-25   3.9083019e-05   2.6322731e-04   2.2854986e-14   1.0047273e-07   6.3070377e-05
   2.1123101e-07   3.8448897e-06   4.2025902e-03   6.5983824e-70   1.2296900e-22   6.6897692e-05   2.1376577e-04   6.8485871e-23   1.1215265e-09   5.6449076e-05
   1.0797590e-10   1.7028829e-05   3.5114526e-03   1.6708472e-85   1.0404145e-24   1.1526373e-04   2.2248833e-04   1.9369169e-55   5.6010899e-10   4.8677592e-05
   1.3754538e-05   2.8496566e-05   5.1027947e-03  3.7244537e-101   8.7440881e-05   6.3907531e-05   1.3256775e-04   1.2922629e-06   1.5062173e-16   9.1822655e-05
   5.2587332e-05   2.2376873e-05   5.3678191e-03   4.4960012e-22   6.2361309e-37   6.9517544e-05   1.0201348e-04   2.5523455e-07   1.2855791e-21   1.2277076e-04
   3.1506494e-05   1.7556627e-05   4.4058253e-03   7.0589730e-18   2.3147602e-20   1.2836642e-04   7.8611703e-05   9.2185788e-10   9.4136769e-25   1.5037098e-04
   1.5778879e-05   1.2581493e-05   3.3329834e-03   5.6505187e-62   2.4764621e-33   1.4163487e-04   1.4677177e-04   2.4395813e-29   7.3564733e-17   1.2107053e-04
   5.7745222e-05   1.7338337e-05   4.0949510e-03   3.2373274e-77   8.1241542e-13   9.1572754e-05   1.8074454e-04   2.7007362e-26   2.0098486e-22   9.7082609e-05
   1.0474020e-04   1.4134283e-05   3.6991839e-03   5.9824377e-37   4.1446581e-25   8.9282910e-05   1.3900595e-04   1.0370724e-02   3.8544348e-21   1.0352504e-04
   6.2955416e-06   1.8184896e-05   4.5239514e-03   5.3255953e-28   1.7044450e-28   9.3903208e-05   1.5060201e-04   1.0345043e-02   3.1220449e-26   1.0994505e-04
   3.3789531e-08   9.6930023e-06   5.3422014e-03   4.3683128e-56   2.4551941e-36   3.2069881e-05   1.7214042e-04   4.5178900e-06   9.5188194e-26   8.7067993e-05
   1.5656388e-05   1.9911632e-06   5.6675813e-03   1.5930178e-50   2.6580069e-05   4.8317510e-05   1.5945618e-04   2.9141839e-21   3.6737120e-27   7.5564707e-05
   1.7381988e-06   2.5786251e-05   5.5794939e-03   1.2039290e-37   2.3861405e-19   7.4838805e-05   6.9630146e-05   2.7572098e-48   5.4624823e-24   6.9985046e-05
   1.0302581e-05   2.9279167e-05   5.9118260e-03   1.9672262e-31   2.1791327e-47   2.8408318e-05   1.2143061e-04   2.1872778e-38   1.1752486e-16   9.7714200e-05
   1.1687255e-06   1.7568480e-05   5.8253603e-03   1.5232604e-33   4.9395655e-03   3.4287044e-05   1.2041137e-04   1.1857400e-36   3.1172804e-17   1.3127207e-04
   1.0420798e-05   1.6166814e-05   3.5134970e-03   3.4674843e-86   2.2941523e-05   6.4183691e-05   1.2763345e-04   8.3565281e-33   7.3149368e-19   1.1823067e-04
   3.1909028e-05   7.0680917e-06   2.9885675e-03   1.6633834e-29   7.8321039e-14   7.4422546e-05   1.2214186e-04   1.1699736e-30   5.5273790e-15   1.0595123e-04
   5.2828615e-05   1.0422073e-05   3.2866191e-03   8.0931595e-28   1.2006213e-18   4.7549264e-05   1.1718323e-04   2.4964368e-47   1.4180192e-20   1.7492268e-04
   1.2250875e-04   8.1271214e-06   2.6264468e-03   7.4990050e-38   2.7047536e-02   7.2475526e-05   1.0621586e-04  2.0920653e-100   1.2313882e-19   2.4039585e-04
   1.4897235e-04   1.8242457e-05   3.0873712e-03   4.5765207e-16   2.0578207e-02   7.8759003e-05   1.5032163e-04   8.4361250e-58   9.2335680e-16   9.2631826e-05
   1.9890059e-04   2.1674829e-05   4.4706036e-03   8.4123871e-64   1.8800135e-02   4.7997282e-05   9.9295041e-05   4.0788565e-31   4.0625488e-15   7.2757720e-05
   1.5942894e-04   1.8393644e-05   4.8642236e-03   1.4749966e-13   9.7261004e-04   2.6270291e-05   1.0146665e-04   3.5711899e-39   2.5823476e-12   1.0176328e-04
   7.3785456e-05   1.5114208e-05   3.9216431e-03   4.7639324e-29   1.5799083e-17   1.8750087e-05   8.9455376e-05   8.6156364e-61   2.1398778e-14   1.0363233e-04
   2.8598551e-05   2.8739871e-05   4.6317924e-03   3.4166062e-81   3.8841159e-05   3.4946022e-05   8.3210394e-05   3.7138575e-33   4.0849299e-20   9.8453780e-05
   2.6627781e-05   5.3272159e-05   5.5690560e-03   1.6457887e-26   1.1119231e-11   4.1052558e-05   9.3852074e-05   4.3335727e-19   4.6327994e-25   1.1561375e-04
   8.1149332e-05   4.5280114e-05   5.3890774e-03   3.6601476e-14   8.6552788e-03   3.3912989e-05   6.5226005e-05   1.6283474e-05   4.0658436e-35   1.1363645e-04
   6.3281745e-05   1.8305151e-05   5.1251072e-03   3.6944406e-65   5.9578773e-03   4.2395811e-05   5.4866430e-05   7.8956767e-14   4.0615330e-34   1.0351630e-04
   8.9474048e-05   5.2455194e-06   4.2886497e-03   1.6950479e-08   7.6085546e-13   5.5140767e-05   5.5572436e-05   1.8279731e-56   7.5562050e-20   1.1481175e-04
   1.8883862e-04   2.8785233e-05   3.3775887e-03   4.0273605e-17   4.2461158e-16   8.3138029e-05   6.4942206e-05   8.2110609e-17   3.2491618e-24   6.1247552e-05
   1.9138233e-05   3.9777026e-05   5.2015746e-03   9.5450083e-51   2.4223223e-41   4.0052541e-05   1.1650201e-04   1.7523546e-28   3.5071522e-32   4.8408649e-05
   8.7677349e-05   4.0107512e-06   5.5616026e-03   1.6128254e-18   2.2968110e-18   2.8522609e-06   9.2103432e-05   8.6007481e-27   1.8883869e-33   9.0668118e-05
   1.9493685e-04   8.4605865e-06   5.0238352e-03   6.6298177e-06   2.4893625e-02   1.2127019e-05   5.0046126e-05   2.1498493e-22   1.9581811e-26   9.5837184e-05
   2.2993979e-04   3.0812907e-05   6.9660373e-03   3.3558338e-34   2.1210200e-02   1.2328555e-05   4.7032008e-05   1.3809439e-34   7.7848399e-34   9.6355737e-05
   2.7703717e-04   1.9999431e-05   5.2259740e-03   4.4237895e-36   9.4221970e-03   1.1909308e-05   6.1001397e-05   1.7824831e-14   5.4863953e-32   1.1127086e-04
   1.1296615e-04   1.1583019e-05   4.8746761e-03   1.6552851e-34   1.7878335e-11   1.3338284e-05   4.1307664e-05   5.7484097e-15   3.9824322e-31   1.1997308e-04
   1.5868454e-04   7.7129183e-06   5.2375011e-03   1.5754319e-41   6.3822696e-09   3.5964559e-05   4.2893111e-05   5.7065080e-11   1.3755684e-33   8.2507171e-05
   1.5815947e-04   2.5859555e-06   6.8023089e-03   4.4557958e-10   7.1022966e-04   3.9549106e-05   6.6109388e-05   3.8951059e-09   1.2028764e-35   3.7094767e-05
   3.9811650e-12   2.3880847e-05   5.2872031e-03   5.5517491e-12   1.3362546e-02   3.3328035e-05   7.2878552e-05   1.7886147e-02   2.7651803e-35   6.9803407e-05
   1.3207808e-04   2.8087810e-05   4.3485305e-03   3.4641529e-32   7.4805375e-03   1.9752936e-05   5.3715031e-05   1.9484893e-02   3.2766788e-29   8.7535663e-05
   9.3181303e-05   3.3926221e-05   5.1539026e-03   1.5033196e-14   1.2830704e-07   1.2797705e-05   4.9306226e-05   9.7511491e-10   1.5478986e-28   7.8404773e-05
   9.0424019e-07   3.9835629e-05   5.5618718e-03   1.4637373e-13   6.0364365e-22   1.0377448e-05   2.9996201e-05   1.3095897e-09   2.8249524e-37   1.3438977e-04
   3.0096140e-05   7.9921317e-05   5.8236231e-03   1.9941882e-07   1.3506954e-20   2.8395788e-05   2.2941996e-05   8.9710414e-20   3.3872372e-36   1.1282580e-04
   1.8102088e-07   7.4450545e-05   4.5737987e-03   5.5035623e-87   2.1077163e-24   3.9542674e-05   2.2039298e-05   3.0650241e-15   1.1477634e-37   9.7257190e-05
   9.4720074e-08   6.6035640e-05   2.7102274e-03   5.5501556e-39   2.6808432e-20   3.3787772e-05   2.1197568e-05   1.7127140e-02   2.6717702e-31   1.1121714e-04
   5.9219016e-05   3.5721474e-05   2.6754518e-03   2.0730354e-46   2.0227173e-03   5.3384014e-05   2.3151769e-05   1.6884131e-02   5.2206356e-26   6.1642283e-05
   4.1378968e-05   3.2518176e-05   2.8684892e-03   2.5018671e-73   1.4375227e-02   4.4923043e-05   2.7118761e-05   1.5876788e-02   1.7604414e-26   8.2323591e-05
   1.0202819e-05   4.8754760e-05   3.8411100e-03   9.4394763e-07   9.2537221e-14   1.5694752e-05   2.2347399e-05   1.7905590e-02   6.4135914e-29   1.0652229e-04
   1.5876216e-05   2.3430288e-05   2.9431577e-03   5.3465309e-27   7.1429653e-20   2.1327404e-05   3.3147140e-05   1.6440165e-02   1.8410967e-30   1.0362986e-04
   5.3737793e-05   1.1283967e-06   1.8689647e-03   5.5543854e-19   1.4828354e-02   4.2561006e-05   4.2354337e-05   1.4563738e-02   8.7978292e-23   9.3723624e-05
   3.9522504e-05   2.5227241e-05   3.9333634e-03   3.5256441e-21   2.7076392e-24   2.9717335e-05   3.0338886e-05   3.3779492e-09   3.3784228e-33   8.7105995e-05
   5.1055985e-05   2.0424786e-05   3.6081767e-03   1.7170808e-20   7.3042197e-38   2.8785620e-05   2.0380981e-05   6.9183500e-25   3.2470687e-32   8.2191991e-05
   2.7164638e-06   9.5685113e-06   3.9996399e-03   6.8539465e-04   1.9456728e-31   2.7322249e-05   1.8238995e-05   9.7674463e-03   1.2905725e-34   6.0609819e-05
   4.7286192e-05   1.6692662e-05   3.2524263e-03   4.8695171e-06   6.1393591e-21   1.2649900e-05   1.0973822e-05   1.4022847e-02   2.5174128e-31   7.2724250e-05
   1.5688026e-05   3.1461273e-05   2.2927787e-03   2.2462520e-67   1.1673751e-03   2.7024802e-05   1.9636272e-05   9.8404442e-03   3.6863510e-28   6.8432837e-05
   8.8260958e-12   7.3262316e-06   2.8666210e-03   1.0604701e-38   8.8673555e-04   3.7741922e-05   1.9762845e-05   1.3882844e-02   3.2556676e-28   6.8698338e-05
   2.5336988e-05   6.7788516e-06   2.6354665e-03   5.5363825e-38   1.3396980e-16   2.5148987e-05   1.9394620e-05   2.7188616e-02   3.7857262e-21   6.1603520e-05
   1.3300295e-06   1.5350661e-05   2.3565011e-03   1.1529360e-20   1.8848744e-23   2.1655536e-05   2.3357563e-05   3.1381448e-02   1.1830725e-20   6.0631099e-05
   2.2261746e-08   2.3342910e-05   2.5822523e-03   4.3057107e-48   1.1397281e-17   2.0387779e-05   1.5183852e-05   1.6443993e-02   3.5625697e-28   6.0703480e-05
   1.1804031e-05   1.4574098e-05   2.3315033e-03   2.8796970e-25   1.6836167e-47   2.3009083e-05   1.6643301e-05   6.2260370e-03   3.8356393e-29   6.3253572e-05
   4.6975254e-05   1.0205717e-05   1.9746827e-03   1.0959629e-32   1.0177011e-12   1.3306702e-05   1.3542068e-05   1.1815122e-02   8.8565460e-35   7.5779127e-05
   4.8563338e-05   2.0537613e-05   2.4656177e-03   7.6219471e-13   1.0342614e-04   1.5867962e-05   1.9274838e-05   8.2655025e-03   3.1990113e-28   6.1414321e-05
   5.9468691e-05   1.6678668e-05   2.4274050e-03   3.9818348e-12   6.1665270e-34   2.6107512e-05   1.6470402e-05   1.4215454e-02   1.9958984e-21   7.5419505e-05
   1.2048563e-04   4.2688601e-06   1.3864812e-03   1.3193786e-51   8.4786508e-47   2.4379687e-05   1.1383588e-05   1.6326242e-02   1.7105636e-17   8.5386323e-05
   6.6401302e-05   7.7362026e-06   1.2693393e-03   2.2875259e-20   1.1910898e-40   2.1911447e-05   1.1487153e-05   5.2214486e-03   2.0825920e-23   6.3301277e-05
   2.6246649e-05   1.6866690e-05   1.5939053e-03   3.0892941e-30  2.5261982e-103   3.4421565e-05   1.2240155e-05   7.1148006e-03   1.7316038e-20   4.5178655e-05
   7.6460743e-09   1.4343511e-05   1.8189909e-03   8.5119757e-07   2.7926076e-46   1.7504235e-05   1.6913207e-05   1.5769263e-02   2.5574748e-28   3.1247128e-05
   5.6895102e-06   3.1048362e-05   1.9715574e-03   1.7313080e-16   1.2386067e-36   1.8163801e-05   1.6106474e-05   8.9450388e-03   1.4361164e-34   3.4349758e-05
   1.7209658e-05   1.8899882e-05   1.5585141e-03   1.1693033e-20   4.1967722e-39   1.2468603e-05   1.7443798e-05   2.0843949e-31   1.5144568e-21   5.8049562e-05
   2.6630963e-05   1.5005303e-05   1.3141119e-03   9.6165537e-39   4.7864544e-15   1.4612292e-05   1.9947502e-05   1.0228715e-17   6.9860217e-15   4.5366786e-05
   1.1191473e-05   1.3894646e-05   1.5877976e-03   5.0047397e-15   1.7528433e-14   6.8989090e-06   2.5003539e-05   1.7164203e-05   2.2233955e-24   7.5404619e-05
   1.3311187e-06   3.4368496e-05   1.8952970e-03   9.9011012e-10   6.6574911e-26   7.1081354e-06   1.5689059e-05   3.0935531e-03   5.7645231e-37   7.1459578e-05
   2.1974782e-08   3.5672550e-05   1.5290916e-03   8.6106915e-19   1.3885962e-18   1.3014331e-05   1.2993867e-05   6.3816970e-03   1.0632409e-24   5.7314048e-05
   2.7593731e-05   1.5132024e-05   1.6399567e-03   1.1503199e-16   4.2217069e-08   1.7794957e-05   1.8236009e-05   4.2092336e-03   6.1977969e-22   4.8514469e-05
   3.4352481e-05   2.5528756e-05   2.2851205e-03   6.4370475e-13   2.8746526e-31   2.6973920e-05   1.3748133e-05   2.1967157e-05   2.5749827e-31   1.6198486e-05
   2.9687635e-05   4.1877620e-05   1.8190164e-03   1.3407009e-15   7.8335771e-57   2.6708415e-05   1.4472680e-05   8.1000296e-03   9.4689684e-24   2.2135178e-05
   8.1413923e-07   2.7399103e-05   1.7997413e-03   3.0949331e-30   2.4889716e-09   2.4620070e-05   1.1613441e-05   3.8984049e-03   6.5033233e-18   3.9734896e-05
   2.4267082e-05   1.9367223e-05   1.3565912e-03   6.1724411e-28   5.3806006e-03   2.6151937e-05   7.0011844e-06   3.7268939e-63   1.0560252e-13   5.1471129e-05
   7.1100108e-06   3.7628081e-05   1.5215746e-03   3.2782718e-36   2.9119760e-15   2.5698174e-05   7.8021225e-06   2.6529585e-09   7.3387667e-25   3.9835858e-05
   2.1336607e-05   2.9305023e-05   1.4324119e-03   2.4679497e-20   1.9180672e-48   2.6545694e-05   9.9082549e-06   2.7005145e-05   1.0264201e-10   3.7177280e-05
   1.1274246e-05   3.0164480e-05   9.5014439e-04   1.1971993e-09   5.7362061e-60   2.3206524e-05   1.2512325e-05   3.8862605e-03   1.4442828e-07   3.5645930e-05
   1.4991133e-05   1.7825900e-05   6.3539351e-04   9.2311306e-35   3.0251725e-86   2.7768626e-05   1.6849057e-05   3.7529927e-03   8.8753021e-09   4.5561055e-05
   2.0025470e-05   1.9648859e-05   8.9247262e-04   2.4570412e-17   3.4900070e-43   2.2366460e-05   1.5062379e-05   2.0421773e-16   6.3830412e-07   5.8519715e-05
   1.7872322e-14   3.1618262e-05   1.0923326e-03   1.0812182e-10   1.6770462e-25   2.8093675e-05   7.7556407e-06   2.5338698e-09   5.9113149e-09   5.2975845e-05
   8.9879544e-06   3.1006868e-05   7.9618935e-04   1.6531824e-61   1.4964532e-46   2.4851502e-05   3.0735727e-06   2.5791679e-03   9.3265557e-13   5.7494831e-05
   1.4830215e-10   2.6406364e-05   6.6471506e-04   4.1594172e-35   2.1117515e-41   1.1513997e-05   9.1057291e-06   8.3101176e-14   3.6962475e-17   6.0201514e-05
   1.8162775e-05   2.0311503e-05   1.0676993e-03  4.2574475e-107   2.3898873e-21   1.1395786e-05   1.0288084e-05   3.0623077e-06   1.4773758e-16   3.8902550e-05
   1.0132212e-05   1.9822486e-05   1.2330171e-03   3.1469858e-36   4.9628109e-09   1.1533129e-05   1.2755985e-05   3.7644044e-03   3.2031713e-18   3.0643090e-05
   1.6744039e-05   2.4195957e-05   1.2796923e-03  8.2374576e-113   7.5234533e-10   8.5366055e-06   6.0022401e-06   8.2503027e-07   1.2453712e-19   2.8178354e-05
   4.1142025e-06   2.2406069e-05   9.3006375e-04   1.2181003e-24   6.4405221e-19   1.0898345e-05   5.9721831e-06   6.6089933e-36   1.1777491e-13   3.4087163e-05
   9.1084616e-06   1.6621237e-05   7.5330002e-04   2.0688314e-19   1.8899017e-03   1.3845613e-05   6.6634770e-06   1.1193128e-40   1.3550703e-08   3.6567540e-05
   1.4724150e-05   1.1734875e-05   5.7594052e-04   2.4405768e-14   1.8820051e-04   1.6505689e-05   8.6164319e-06   1.6860803e-33   8.0322275e-12   3.5681453e-05
   1.0213098e-05   1.1317488e-05   6.3685164e-04   4.7228994e-25   2.0668235e-03   1.5069428e-05   6.7318210e-06   1.0736304e-40   2.8671417e-21   4.3246016e-05
   3.7073227e-06   1.1777591e-05   4.9113191e-04   1.5109144e-58   1.9341731e-03   1.5613559e-05   7.7703159e-06   1.0949876e-57   4.7715467e-12   3.9940712e-05
   3.8221784e-06   1.9368387e-06   5.4308069e-04   2.9495334e-78   6.8415048e-36   1.7875540e-05   9.5002775e-06   3.0841102e-16   1.9574183e-07   3.8880891e-05
   2.9556986e-06   1.4478107e-05   7.4580212e-04   6.3990086e-73   1.4903760e-17   1.0234101e-05   6.0332757e-06   2.8192998e-17   5.3049120e-16   3.2625437e-05
   1.1621281e-07   5.6276885e-06   5.2582465e-04   1.2589375e-55   4.8470476e-04   1.5142710e-05   4.1301312e-06   4.7166089e-17   1.2628026e-13   3.5993159e-05
   2.0490209e-05   3.1274488e-06   4.7586430e-04   2.5836907e-56   4.1754166e-04   1.6091837e-05   5.9886339e-06   4.2711369e-39   6.6243805e-06   3.2913999e-05
   2.7836621e-05   7.3492382e-06   3.8073481e-04   4.1677335e-42   7.7930027e-16   1.7336044e-05   5.8812074e-06   1.6515598e-41   8.3435477e-06   3.2225226e-05
   4.4253562e-05   8.3907692e-06   4.9055948e-04   1.7839073e-40   2.6180491e-21   9.4864849e-06   7.2319099e-06   2.7769285e-36   2.7268401e-06   2.3662522e-05
   4.8297076e-05   4.2857679e-06   5.9137411e-04   5.8402448e-14   6.9186176e-13   1.1785463e-05   7.2445088e-06   3.7320201e-40   4.9242200e-07   2.8418196e-05
   3.6197453e-05   6.2481661e-06   7.0942347e-04   2.3133644e-05   2.3494333e-07   6.2899322e-06   4.2624521e-06   7.1500105e-17   3.8503196e-05   3.9814358e-05
   2.3476799e-05   8.8079943e-06   6.3143088e-04   3.9345211e-52   1.1768700e-17   1.1683732e-05   4.3164259e-06   1.0634164e-06   2.4075222e-05   3.7973074e-05
   2.7488674e-05   5.7016759e-06   3.1884603e-04   2.3413711e-38   4.2481930e-50   1.7644504e-05   2.3268340e-06   1.8113151e-03   6.4152405e-19   3.6841638e-05
   4.6758669e-05   6.0392270e-06   5.0117150e-04   3.5983934e-44   3.5548512e-26   1.0087352e-05   3.7215529e-06   3.1333380e-04   2.2487579e-05   3.2044515e-05
   5.0232270e-05   6.6435411e-06   4.8872706e-04   2.2340543e-46   4.8748647e-31   1.4427615e-06   4.3907062e-06   1.4128414e-04   2.6662344e-05   3.2859680e-05
