   1.0349238e-03   2.5523009e-24   2.0275209e-16   8.9975605e-04   2.9626331e-03   6.5313189e-25   1.7692938e-03   3.6172151e-05   2.3861482e-04   1.0880679e-02
   1.5899641e-03   2.4634783e-24   2.6450364e-23   1.0093376e-03   2.1444356e-03   3.0986714e-23   1.1087091e-03   1.9271486e-04   6.0605577e-04   8.8399762e-03
   1.8678429e-03   3.9069265e-34   1.4851430e-31   9.7756328e-04   3.5170343e-04   6.2620488e-24   1.1625849e-09   1.9911717e-04   1.2686735e-03   6.5654687e-03
   2.0268906e-03   2.8091575e-37   4.1702259e-35   5.8765752e-04   2.4185514e-04   4.7184651e-20   7.9573521e-35   9.6089137e-05   1.2660808e-03   3.4100028e-03
   1.7035409e-03   6.6105427e-47   5.7256710e-42   2.9756928e-04   1.2920024e-04   1.4277765e-22   1.1306996e-42   5.5688615e-07   8.7577335e-04   2.7812839e-03
   1.2254008e-03   1.6095315e-45   3.2958229e-37   6.6360202e-05   6.0873854e-05   6.1206406e-09   3.8049463e-40   6.9129138e-07   7.3251752e-04   3.2357992e-03
   9.4352758e-04   8.2052555e-35   2.3032793e-37   2.4386724e-04   3.5862799e-04   5.1037330e-13   1.4022376e-15   9.6517019e-07   7.9308715e-04   4.1415614e-03
   7.3264433e-04   8.4558582e-34   1.0665559e-25   3.6948855e-04   2.4069349e-04   1.2182225e-26   6.5660822e-04   2.5253798e-06   1.0779483e-03   4.3418887e-03
   5.2827701e-04   4.2407788e-25   5.9791315e-25   4.2987330e-04   1.2643418e-04   4.1524577e-29   1.8507174e-03   4.7438624e-10   1.0751797e-03   6.6212410e-03
   4.2025051e-04   8.2115562e-20   5.5510715e-32   4.1075905e-04   3.0767942e-04   4.7472925e-29   1.6183400e-03   3.0554671e-06   9.2056652e-04   2.9250533e-02
   2.5901244e-04   8.3559983e-15   3.1043943e-11   7.0990363e-04   3.4009963e-04   2.2203818e-38   2.8857517e-04   8.6663441e-05   8.1964207e-04   9.4870618e-02
   3.2958272e-04   2.1759306e-10   3.0152173e-02   1.7654207e-03   4.1910026e-05   4.1935103e-25   4.5943399e-16   9.1797196e-05   4.9959664e-08   1.9688921e-01
   2.5031347e-04   3.7733594e-08   1.6375158e-03   7.1952655e-03   1.6066046e-11   5.5969399e-04   2.0381429e-28   2.4825812e-03   6.6037055e-27   3.3550495e-01
   2.3464445e-04   3.1875094e-09   7.2469559e-40   4.7342808e-02   1.9507299e-38   3.1771228e-05   1.3031718e-18   7.7205542e-03   1.3583525e-44   2.0249234e-01
   2.4516643e-04   1.9916089e-14   3.4666362e-18   1.0479749e-01   4.0135595e-46   1.8916678e-28   4.0442502e-18   5.6970444e-03   5.1381313e-30   7.7496104e-03
   2.7652305e-04   4.9159522e-21   1.8217895e-32   8.6412383e-02   8.8237934e-04   1.9660869e-45   3.6204078e-08   1.2323524e-03   6.4619346e-03   1.5668974e-15
   2.8345152e-04   5.8093479e-29   6.0786201e-33   3.2782513e-02   3.4411169e-03   4.4442157e-40   1.6410385e-04   1.3579594e-04   4.2377082e-02   1.0986545e-08
   2.6009942e-04   4.4993582e-18   3.2717507e-11   7.4307342e-03   7.2785264e-03   1.7159117e-25   8.3502532e-04   7.9517264e-05   6.0944264e-02   1.8997583e-03
   2.6379628e-04   3.5496775e-08   1.6613670e-11   2.2398900e-03   4.0586014e-02   2.1497332e-18   4.6197973e-04   6.2621076e-06   4.3776732e-02   2.5606483e-03
   2.4969691e-04   2.2590278e-09   7.8637420e-08   1.1761701e-03   1.4141884e-01   9.6804552e-20   2.6238646e-04   5.0560414e-06   1.1642029e-02   1.2156028e-15
   3.1463778e-04   3.8756996e-09   3.0270126e-05   7.2681736e-04   2.0868284e-01   4.7974256e-12   9.2480916e-12   1.2184260e-04   3.4267346e-03   4.2015359e-09
   3.3511740e-04   4.1761219e-13   9.7366289e-03   5.9518518e-04   1.9557878e-01   2.3396825e-03   1.3773799e-18   1.0835800e-04   1.8888748e-03   1.3064662e-03
   4.5727279e-04   3.7045244e-23   1.2466344e-01   9.6042879e-04   7.4787343e-02   1.1358079e-02   1.3541631e-19   2.3128249e-04   2.4477869e-06   1.9398135e-03
   4.8107322e-04   1.1783710e-12   2.2284007e-01   7.3869164e-04   7.0802044e-03   5.5015788e-02   4.0963787e-18   6.2122640e-06   1.1218898e-03   3.5888084e-03
   7.5807241e-04   3.7106002e-03   1.2102084e-01   1.0260120e-03   1.2194058e-03   1.7477732e-01   8.2467259e-19   2.9648219e-04   1.1826405e-03   6.8102512e-03
   7.8018654e-04   5.3266318e-05   3.8313413e-07   2.4190810e-03   8.6455777e-04   2.5645813e-01   2.1623396e-13   2.9839553e-03   3.9814094e-13   1.2318533e-02
   4.4218532e-04   1.1124923e-17   4.2359061e-18   1.0652043e-02   1.0816086e-17   2.1274857e-01   5.2965907e-26   1.1103201e-02   5.8472352e-38   1.3227391e-05
   4.8273617e-04   1.9932628e-15   8.3726832e-17   5.0573682e-02   2.2072058e-29   8.3960260e-02   5.0435769e-28   1.4195723e-02   1.2639482e-44   9.4368533e-17
   3.7674765e-04   1.2383918e-07   3.9887361e-13   8.7820212e-02   9.3075622e-37   4.0164450e-03   2.5816814e-13   7.9804325e-03   1.2914746e-42   5.7255399e-24
   3.4398092e-04   6.1288991e-22   2.7752015e-22   8.6724935e-02   7.3977126e-14   1.3405507e-25   2.9080458e-04   3.1208037e-03   2.0287357e-24   1.4957276e-28
   4.8971799e-04   9.3256164e-30   1.4645321e-12   5.8257973e-02   3.3529463e-22   3.3090870e-32   1.9637241e-06   2.1184287e-03   1.0991666e-02   3.7005551e-21
   6.3045615e-04   7.2729404e-35   2.7905171e-04   2.9491315e-02   2.5145960e-23   4.1915149e-24   2.3221354e-14   1.1286250e-03   4.3918304e-02   1.2887607e-11
   5.3408463e-04   1.5898263e-22   6.7454620e-04   1.2053866e-02   2.0836821e-04   3.6302495e-09   1.5891734e-08   7.4044133e-04   7.5120106e-02   1.3018662e-07
   4.3929067e-04   4.8013362e-14   3.6801227e-03   5.1195910e-03   2.6011160e-06   1.3935207e-05   2.0527675e-16   6.5166184e-04   8.0197003e-02   5.8364418e-05
   5.1461010e-04   3.2141293e-16   2.4863669e-02   1.7763561e-03   1.4241831e-21   3.5042621e-17   1.4704693e-28   1.3875815e-03   8.1517054e-02   1.1444607e-05
   6.5598329e-04   2.3358879e-05   3.1164508e-02   5.7299792e-04   4.5736572e-28   2.0009294e-05   3.9637570e-30   2.9807472e-03   7.3186193e-02   1.1130484e-03
   6.5392755e-04   3.9541667e-03   7.3303303e-03   1.3409819e-14   1.1642095e-09   7.7489816e-07   4.7940670e-26   4.9777317e-03   6.6186768e-02   5.3815649e-03
   4.9735375e-04   1.9074436e-03   2.8077154e-21   5.8808949e-16   2.2252254e-04   5.0629721e-03   5.8667548e-36   9.8831300e-03   5.2101410e-02   7.3619014e-03
   4.3220730e-04   2.8402184e-07   2.0876472e-44   2.7390367e-15   9.0524056e-04   9.9670418e-03   1.5747676e-34   2.0363059e-02   2.6411718e-02   2.4635966e-03
   3.7213085e-04   3.2997174e-16   7.9106807e-34   2.6753292e-10   1.9865206e-03   6.6836918e-08   7.7730031e-28   3.5958609e-02   9.4842526e-05   8.5963445e-04
   3.3812946e-04   4.3134332e-31   1.1543186e-38   3.0503689e-09   3.9305648e-07   1.5344370e-27   1.2411273e-43   3.7038106e-02   5.2866399e-22   1.6987125e-15
   2.7057503e-04   1.3668756e-26   4.5219594e-47   1.7172982e-03   1.5753398e-12   1.0599650e-41   3.2471805e-33   3.2710631e-02   1.3278255e-32   6.1951446e-25
   2.3046108e-04   6.5832955e-32   4.3515456e-44   3.8381596e-03   7.0601123e-19   1.6768219e-62   4.6582756e-36   2.9882311e-02   2.0833792e-33   2.2345707e-37
   1.5692164e-04   3.8623640e-37   1.5115686e-32   5.2579166e-03   1.1606644e-27   2.4426018e-62   7.2129629e-32   2.7215897e-02   2.3501456e-33   7.1540514e-39
   2.3979665e-04   1.0948598e-30   2.3766956e-04   5.5069092e-03   3.1163408e-22   6.7242402e-49   1.1134023e-39   1.6416541e-02   1.2037556e-21   6.1361564e-23
   3.4123433e-04   1.1588450e-39   4.4286396e-03   3.7389721e-03   3.8775622e-19   1.7480527e-20   1.2211719e-13   7.9794593e-03   7.4114361e-05   9.7799892e-12
   5.0872020e-04   6.4782782e-25   8.5832504e-03   1.4024877e-03   2.2128597e-18   2.7813613e-13   1.7657861e-17   1.9315798e-03   6.1253510e-03   5.0758520e-04
   5.1787689e-04   1.5075605e-10   5.1595236e-03   3.9764974e-04   7.8814079e-25   5.6118884e-04   5.0117720e-22   1.1232128e-03   9.4269087e-03   1.7649982e-03
   3.5455205e-04   8.1036685e-05   6.6753007e-04   5.7608384e-05   7.6021356e-19   2.2540690e-03   9.3226781e-19   1.5403222e-03   1.0722592e-02   2.9949406e-03
   4.7596964e-04   4.2341177e-15   6.0230346e-37   3.2014902e-06   5.0686785e-19   3.5424569e-03   4.1685779e-17   1.4548850e-03   1.0272124e-02   2.1506866e-03
   4.6625972e-04   1.6075910e-21   5.3081454e-52   8.4074196e-14   3.4734075e-18   2.8640153e-03   7.4151985e-16   1.7753189e-03   7.8578514e-03   1.1782588e-03
   3.7816467e-04   2.5036587e-21   7.4548836e-42   4.6074582e-16   2.8818910e-20   1.9951822e-03   4.1547623e-10   3.1078177e-03   6.2470357e-03   3.4260749e-04
   2.9369240e-04   1.3677816e-19   2.3815100e-36   2.1584190e-16   1.4913696e-25   1.0675863e-03   4.6446281e-05   5.5399750e-03   4.0073735e-03   3.8854524e-04
   3.1832952e-04   5.9601497e-22   5.8541012e-43   3.3294628e-16   6.3912271e-28   9.5482683e-07   2.1286243e-07   6.1954048e-03   2.2431390e-03   1.1988313e-05
   3.9303028e-04   3.0518388e-23   8.3883908e-42   2.8680581e-07   1.8459275e-33   2.7616502e-19   1.5587455e-04   6.1957507e-03   1.3491031e-03   1.8041108e-09
   3.8014076e-04   5.3310253e-16   8.6218782e-26   3.8407291e-04   2.1880674e-12   3.7399523e-35   1.1971714e-05   5.4340500e-03   7.0306084e-04   1.1570225e-04
   2.5825776e-04   5.0578271e-16   3.5885264e-04   9.7400061e-04   1.4207147e-08   1.9976431e-41   1.6256116e-04   4.2818582e-03   6.8137574e-12   3.7630910e-04
   2.6376490e-04   8.8282779e-19   1.3977365e-03   1.5635252e-03   3.1189899e-08   2.5680488e-24   2.1262000e-04   2.7291494e-03   1.7041248e-08   5.9849429e-04
   3.7650099e-04   3.1451943e-08   1.3967078e-03   1.7001419e-03   5.9394282e-04   8.6125808e-19   1.1916717e-04   1.3773680e-03   7.1667228e-04   1.7007089e-03
   4.3615517e-04   1.0276660e-03   2.4786968e-04   1.2449617e-03   1.8952889e-03   2.1934607e-13   2.2645310e-09   1.2331388e-03   1.2642484e-03   1.0454248e-03
   4.9382929e-04   7.8743771e-04   4.1509730e-25   6.6485882e-04   2.3805628e-03   7.6171817e-11   1.4994323e-08   1.4517433e-03   1.3060999e-03   1.6787586e-03
   4.1726354e-04   7.7211794e-05   7.3517526e-37   5.7994563e-04   2.0020384e-03   2.5608265e-08   2.1920185e-17   2.3534453e-03   1.8509667e-04   2.8102528e-03
   3.2851921e-04   1.6386292e-05   1.0653535e-32   3.3300321e-04   1.9858518e-03   1.6884910e-12   2.0342826e-05   3.1567420e-03   1.6876278e-03   2.2702470e-03
   3.8677712e-04   6.0747716e-09   4.2200481e-25   3.0268491e-05   1.3108325e-03   1.8805608e-10   4.2144968e-11   3.2457911e-03   3.0009667e-03   8.2011272e-04
   4.3378229e-04   3.0652849e-13   2.2824637e-16   2.0006015e-11   9.6568628e-04   1.8809425e-10   1.3123353e-04   3.6115961e-03   4.0176978e-03   3.7921123e-08
   4.0948780e-04   3.0901003e-24   1.0076174e-15   3.2121143e-11   4.2423196e-04   1.9872925e-12   1.5268052e-04   4.5122169e-03   2.8495610e-03   2.2004759e-13
   3.5337816e-04   9.7781671e-32   2.5032920e-10   5.0508129e-13   1.2637166e-04   1.7763381e-25   2.0586342e-04   5.3332622e-03   2.8163179e-03   8.3064753e-12
   3.4981445e-04   4.2348409e-35   4.0821022e-04   7.0188441e-12   3.2330254e-11   4.0795880e-22   2.6113074e-04   5.1154554e-03   3.4193659e-03   1.4716119e-12
   4.3129497e-04   4.9857590e-24   1.5478573e-03   1.0155870e-05   4.9015967e-24   2.8208647e-20   2.2313077e-04   5.4073596e-03   3.9189977e-03   9.3738264e-10
   4.2383554e-04   1.0461880e-11   2.3129506e-03   6.2042747e-04   8.7832378e-31   1.0330547e-07   5.8275727e-04   4.7502634e-03   3.5209754e-03   9.4965834e-11
   4.4382208e-04   1.6561246e-04   1.6376131e-03   8.2021633e-04   6.8261672e-30   1.9730555e-05   3.3618791e-04   3.9832206e-03   3.4061054e-03   3.1267853e-12
   4.1481661e-04   5.6512484e-07   7.2507467e-04   1.1540419e-03   9.8800609e-28   6.9760182e-04   4.1749798e-04   3.4094979e-03   4.0962661e-03   6.9087906e-12
   4.8957542e-04   7.7846148e-18   9.2642190e-17   1.0728070e-03   6.9962331e-22   1.9595182e-03   5.2807376e-04   2.7403252e-03   5.8989875e-03   4.0128896e-13
   6.0613937e-04   1.0087071e-25   3.2704365e-32   7.4984143e-04   3.2560819e-15   3.8320374e-03   2.8110175e-04   2.5530083e-03   5.9782720e-03   6.5414317e-14
   5.7779226e-04   4.0032067e-34   5.4520849e-29   4.8876197e-04   3.8017115e-18   3.5698971e-03   2.1673114e-10   2.8285375e-03   6.3745002e-03   1.8816854e-12
   5.0825542e-04   1.2972211e-33   1.0613456e-32   3.8708210e-04   3.4175637e-10   1.9612195e-03   3.3258645e-05   3.8512879e-03   3.9564375e-03   1.8057023e-08
   6.7768469e-04   1.4702019e-28   2.6575884e-38   2.9995968e-04   1.7540120e-06   7.8279432e-04   3.2105323e-11   4.8826120e-03   1.6105441e-03   3.8361019e-08
   6.5604955e-04   4.9631389e-25   6.7705597e-37   2.7716432e-04   2.1200112e-04   4.7701613e-05   7.7646584e-13   5.8709315e-03   2.4074853e-06   2.6900537e-09
   6.5868829e-04   1.9016558e-24   2.0806723e-18   5.9164014e-06   5.4442929e-04   4.6101533e-07   7.5359854e-14   5.9020026e-03   1.4787540e-09   2.8575197e-09
   5.6763392e-04   1.6680680e-26   7.4815180e-04   5.3809694e-09   1.9414203e-03   1.0686898e-13   3.1078375e-12   7.1579299e-03   6.8895177e-09   5.2489908e-10
   6.7792710e-04   4.3121696e-25   2.1396283e-03   6.6492389e-10   2.3284059e-03   1.9311454e-21   2.8927230e-12   6.9322971e-03   2.4799405e-05   2.2024659e-11
   6.1851138e-04   3.9885536e-12   2.1826406e-03   1.8170624e-07   1.4172286e-03   6.1203357e-18   4.1007014e-04   6.7776906e-03   1.3388592e-03   9.9219723e-06
   4.5341467e-04   1.3930686e-03   6.3532101e-04   2.0306176e-04   1.1962055e-03   1.4324582e-15   4.0623103e-04   6.9633537e-03   7.1230065e-04   4.0325618e-04
   3.0935673e-04   2.7982229e-03   5.4764295e-19   5.0907363e-04   5.3494889e-04   3.8293666e-19   7.5883968e-04   7.7252961e-03   8.9090272e-04   9.8300503e-05
   2.8211363e-04   2.9555982e-03   6.9812940e-12   5.2580941e-04   4.3430890e-05   1.2213877e-18   8.0044718e-04   8.5780846e-03   1.7657314e-03   2.9569466e-06
   2.7081098e-04   1.3069864e-03   2.7618927e-12   8.2204895e-04   1.5418585e-05   2.8682187e-12   5.7031068e-04   7.4164300e-03   2.4481640e-03   1.3355585e-06
   2.0819261e-04   5.3203561e-04   4.5675035e-09   1.1997088e-03   3.4890660e-13   3.1589660e-07   6.3586190e-04   7.1999164e-03   2.2267083e-03   3.0727475e-05
   3.1427744e-04   6.1687412e-06   5.4022577e-25   1.0434654e-03   3.5212397e-05   4.7944942e-05   3.8155938e-04   5.3864494e-03   2.3883360e-03   1.1883294e-03
   5.4960840e-04   1.0764291e-09   3.9865760e-18   5.4104469e-04   3.0677606e-05   2.0537193e-04   4.3680014e-05   4.7392008e-03   1.7371870e-03   9.5037900e-04
   5.4255077e-04   9.9100095e-13   9.2341606e-13   1.0276692e-07   2.7496353e-17   1.0017151e-06   2.2462252e-07   7.7550272e-03   5.9519883e-04   6.6934992e-07
   4.6438281e-04   3.2699402e-25   2.3506677e-04   2.4761978e-12   4.1642765e-21   5.2158501e-15   3.6420958e-04   1.1142017e-02   1.4035457e-17   1.2877931e-11
   4.0647008e-04   3.3145257e-28   1.6451586e-03   8.5135970e-15   9.9225271e-23   3.6575225e-20   2.0439406e-13   1.2548109e-02   1.0518979e-20   2.3256119e-20
   4.4854873e-04   2.3367945e-28   2.7285245e-03   1.5780075e-18   3.4248285e-26   1.7837712e-23   3.6390193e-04   1.3200300e-02   2.3293761e-22   5.1250544e-19
   6.2650497e-04   3.9186032e-21   1.8298954e-03   4.7424189e-15   1.0034608e-27   1.4777512e-10   6.9910528e-04   1.2946899e-02   1.4257563e-22   7.6633794e-13
   6.1181583e-04   1.5774308e-04   8.0510138e-04   6.6564343e-12   4.8542442e-22   8.4653001e-09   7.3222549e-04   1.1955571e-02   3.5902909e-22   5.8246383e-07
   4.5954101e-04   5.6879868e-04   3.2554225e-04   9.3926509e-09   2.6312748e-14   1.1653274e-03   3.9659192e-04   1.1213764e-02   8.3826112e-13   1.1581808e-09
   5.1853447e-04   8.6182051e-04   9.1894687e-13   6.6392503e-05   1.7652412e-14   1.2963400e-03   3.2949720e-04   1.1403533e-02   2.8254652e-11   8.6137645e-14
   6.3691229e-04   2.0829972e-10   5.2145680e-28   1.5012909e-03   1.7777229e-04   3.0554829e-03   2.6613472e-04   8.9214989e-03   1.0613399e-13   4.3282071e-28
   6.4488442e-04   2.6512615e-04   1.6744083e-41   1.5371934e-03   3.2870217e-03   3.7788194e-03   4.5826379e-04   8.4378859e-03   3.2987475e-04   2.5667252e-27
   5.7402349e-04   2.0445378e-07   7.0413345e-48   1.2761730e-03   6.3825896e-03   3.3534060e-03   4.3868630e-04   7.8050833e-03   1.1621066e-05   2.8840233e-18
   5.0980902e-04   3.6811493e-15   2.4579418e-36   2.1338649e-03   7.1691476e-03   2.4058672e-03   4.0947441e-04   6.5443324e-03   7.9372832e-04   1.6256872e-09
   6.2693247e-04   6.4771469e-14   3.3757888e-16   2.4327251e-03   6.1799571e-03   1.3074798e-03   5.6169410e-04   5.1651905e-03   2.3067004e-03   1.5328934e-07
   6.4580248e-04   4.3939493e-10   9.3394516e-04   1.7619863e-03   6.7476358e-03   1.2335987e-05   4.8677394e-04   5.7556484e-03   2.5340784e-03   1.0516538e-04
   6.0230301e-04   3.5231533e-13   2.7473968e-03   9.4913792e-04   5.4443045e-03   1.0019532e-11   7.4893735e-04   6.3862768e-03   1.8223891e-03   1.4901526e-06
   5.9647446e-04   1.8980590e-11   2.7705374e-03   9.3345236e-04   4.5946330e-03   1.0613824e-11   5.6200531e-04   8.1436856e-03   1.1039892e-03   3.1257060e-08
   9.6877342e-04   6.6496801e-04   1.1563417e-03   9.7525575e-04   3.8195003e-03   5.5685434e-09   1.2023561e-09   8.5251233e-03   1.0989063e-03   4.6653556e-05
   9.5318260e-04   2.0417936e-03   3.4003770e-04   8.4193984e-04   3.4666814e-03   4.9792175e-13   8.6462619e-14   8.5677375e-03   1.0075722e-03   2.6919401e-08
   9.3351522e-04   1.8857865e-03   3.0473305e-04   5.9032438e-04   3.2438970e-03   4.3548173e-09   4.5000693e-19   8.6233340e-03   3.1560448e-04   1.9367802e-04
   9.7934201e-04   1.7919906e-03   2.6728314e-09   6.4891841e-04   3.5521423e-03   4.1736637e-04   3.9645415e-12   7.8001276e-03   9.4985310e-04   2.9160700e-04
   1.0658356e-03   1.5074690e-03   9.1875049e-13   8.6467535e-04   4.2302388e-04   1.2669633e-04   2.5526471e-12   1.1665603e-02   8.4202863e-04   5.1544905e-10
   1.0594715e-03   9.0762555e-04   5.5539694e-17   1.1555688e-03   1.1214148e-03   3.7685057e-07   4.6245132e-05   1.3942973e-02   9.7060389e-15   1.6912671e-15
   8.8751878e-04   1.3879289e-03   9.0229495e-21   1.8492926e-03   1.5008318e-03   4.9083361e-07   6.0251411e-07   1.5099204e-02   1.1757993e-23   8.9265823e-12
   8.7014387e-04   6.6448819e-04   3.2303559e-17   2.8832944e-03   1.9319815e-03   4.6730435e-07   1.7858200e-05   1.5096304e-02   3.7167006e-15   3.5707550e-16
   1.2008689e-03   5.1826196e-04   9.7031310e-05   1.7141724e-03   4.7527285e-04   7.2745115e-14   2.0785432e-06   1.5220011e-02   1.1787496e-10   2.4118222e-09
   1.4596219e-03   4.9721445e-16   2.8655799e-03   4.1512626e-03   1.2263062e-03   1.0205115e-12   1.3782229e-05   1.2091603e-02   1.0385425e-15   4.3602650e-12
   1.4706400e-03   3.3664899e-20   4.4787759e-03   6.7964593e-03   3.3222478e-03   1.8597179e-32   8.7965067e-17   7.5301612e-03   2.8330096e-04   2.4095448e-10
   1.6957021e-03   2.0557950e-12   3.6445993e-03   6.7003793e-03   7.8333486e-03   5.8241184e-12   1.3139175e-27   4.2865048e-03   3.7085214e-04   5.9717841e-09
   1.7319140e-03   1.3140253e-04   1.4995344e-03   4.1592502e-03   1.3855371e-02   1.6181920e-03   1.2964843e-14   1.4179694e-03   2.4207879e-03   4.1241992e-06
   1.4671612e-03   1.5612290e-03   8.8105566e-08   2.9002990e-03   1.7485329e-02   2.2648478e-03   2.0207253e-13   2.0864755e-03   4.1760919e-03   2.1113067e-09
   1.6225215e-03   1.1113157e-03   4.6810502e-05   3.7678643e-03   1.6316299e-02   3.1585184e-04   5.6016992e-04   3.0092374e-03   3.8071712e-03   6.2299499e-09
   2.4993274e-03   1.3889203e-18   1.6670124e-23   2.3586715e-03   1.2821346e-02   3.9349094e-03   8.9942991e-06   2.9825793e-03   2.9640569e-03   1.0595273e-14
   2.4063429e-03   7.2724133e-20   2.9382450e-32   2.3426182e-03   8.3236606e-03   3.7799489e-03   4.3985402e-09   3.1586841e-03   3.6197378e-03   4.3004883e-15
   1.9916592e-03   1.3853762e-21   1.0318634e-48   3.7544178e-03   7.5660196e-03   8.6536115e-03   1.6747731e-20   2.8586275e-03   4.4042308e-03   9.3859065e-23
   2.0385587e-03   8.9022582e-20   7.6291844e-39   3.9939879e-03   4.5025488e-03   1.4259008e-02   3.1379293e-31   1.6879698e-03   4.5379648e-03   1.0647854e-21
   2.4829276e-03   2.1672602e-18   1.2234643e-30   4.2599596e-03   3.2131859e-03   1.2037020e-02   3.0661115e-30   1.8882470e-03   4.8292029e-03   1.4020112e-24
   2.5541873e-03   3.5239597e-06   6.5452690e-04   4.8947286e-03   1.6436726e-03   7.3194233e-03   3.5323220e-19   9.9801829e-04   8.5343595e-03   2.7620428e-14
   2.1762794e-03   3.1250792e-03   2.5259838e-03   4.6675420e-03   1.1388969e-03   2.5109175e-03   4.6738686e-25   8.3003018e-04   6.9716921e-03   3.4603393e-11
   2.6264054e-03   2.1668199e-03   2.4726375e-03   3.5473877e-03   1.0714844e-03   5.6718225e-09   6.2521920e-31   4.0089772e-04   8.6125000e-03   1.8341898e-07
   2.5928624e-03   1.6295967e-03   6.9844879e-04   2.9964138e-03   1.2058339e-03   5.9492274e-04   3.3410643e-34   9.8023639e-04   6.3993499e-03   4.5812844e-07
   3.1169414e-03   2.0799811e-03   9.5646511e-19   4.0817105e-03   1.0949038e-03   1.2852071e-03   1.8924011e-38   8.6196294e-04   6.8681797e-03   2.9002678e-18
   2.5804603e-03   1.7819932e-03   4.4042833e-15   4.6577483e-03   1.0850273e-03   1.1444250e-03   1.0893123e-38   6.2598993e-04   4.8944851e-03   3.8846625e-20
   2.1960588e-03   3.4410592e-03   7.8585469e-10   3.8493666e-03   7.0492724e-04   1.8881988e-06   1.0612227e-35   6.4477780e-04   4.8446372e-03   1.7413141e-22
   1.8091169e-03   2.5679775e-03   1.3558853e-04   2.6852440e-03   7.9142071e-04   1.4789398e-03   6.1286449e-32   5.0686225e-04   4.7606387e-03   1.3927402e-19
   1.5765146e-03   3.5266973e-03   1.4655591e-15   2.1919333e-03   7.0389963e-04   2.4942148e-03   8.0581873e-30   5.1859290e-04   3.4538688e-03   1.4186284e-16
   1.7426815e-03   4.0247107e-03   2.2148092e-27   2.0604464e-03   4.4418258e-04   3.3079843e-03   5.4711949e-28   3.9167959e-04   3.7279224e-03   2.8735724e-18
   1.8578478e-03   8.6207449e-03   5.0486058e-18   2.0929251e-03   3.7902328e-04   2.6444898e-03   3.5099142e-24   2.2185805e-04   3.8380230e-03   7.8669016e-13
   1.6069489e-03   1.1818930e-02   8.2844709e-04   2.1655779e-03   1.7236248e-04   1.3279029e-03   2.9410641e-19   3.8997946e-04   3.0349441e-03   6.3580789e-07
   1.2075610e-03   8.7333849e-03   4.1390269e-03   2.1513426e-03   1.1553837e-03   2.7861517e-03   1.0248887e-11   3.2630807e-04   1.7494450e-03   3.0000867e-05
   9.4163637e-04   1.5501886e-02   6.0318980e-03   2.1251316e-03   2.7597735e-03   9.8198796e-04   3.5544808e-06   4.2796813e-04   1.2805848e-03   4.2385263e-08
   1.3438205e-03   2.1238252e-02   3.3893992e-03   1.8352141e-03   3.1478456e-03   2.9850906e-13   2.3022758e-18   3.0084607e-04   8.7991841e-04   1.5909557e-07
   1.4839029e-03   2.0521247e-02   4.9836740e-04   1.7124055e-03   3.5491125e-03   3.6772265e-05   3.0179694e-35   3.2673697e-04   1.1723946e-03   2.3302051e-06
   1.3823719e-03   1.3948706e-02   7.8850959e-04   2.0891647e-03   2.8579112e-03   2.4489614e-05   9.4327600e-32   5.8720673e-04   3.3629462e-04   2.2086469e-06
   1.2840114e-03   1.5349843e-02   9.9674649e-04   1.5548833e-03   2.8701290e-03   5.6427193e-04   2.4977550e-12   9.8181707e-04   3.7363815e-09   4.8752632e-10
   1.0414615e-03   1.6575330e-02   9.3363292e-04   2.1337978e-03   2.3080885e-03   1.8196550e-03   1.0646366e-07   1.0949449e-03   1.5724996e-11   2.4046304e-15
   1.4726704e-03   1.4311682e-02   4.1783295e-04   2.9713084e-03   2.4623982e-03   2.9059653e-03   2.3975797e-20   8.4461430e-04   6.6678305e-07   1.3715552e-20
   1.4149592e-03   1.2441998e-02   3.0376448e-04   2.9984081e-03   1.8165140e-03   2.2407782e-03   2.9485222e-24   7.0628051e-04   1.9875181e-11   2.2807764e-16
   1.2937456e-03   7.9090534e-03   8.0740529e-04   2.3056358e-03   1.9940372e-03   4.7438610e-03   1.3292075e-24   5.2233246e-04   1.0767316e-03   5.9663873e-13
   1.1517697e-03   7.4886014e-03   4.4312853e-03   1.9259098e-03   1.7340535e-03   6.2532805e-03   7.9120464e-11   4.6026889e-04   7.9581653e-06   2.0019275e-12
   1.0785680e-03   3.2122965e-03   1.2705326e-02   1.1302104e-03   1.2094358e-03   5.8264438e-03   1.5385767e-13   3.9556067e-04   1.3611021e-03   3.4988364e-11
   1.0248083e-03   4.7523439e-03   2.2623452e-02   7.7846717e-04   8.5679501e-04   3.6904168e-03   5.5729305e-13   6.8167067e-04   1.2399672e-03   1.6091206e-06
   1.1592820e-03   1.1088110e-02   2.0619520e-02   1.3649934e-03   8.8317243e-04   2.0051359e-03   3.1618602e-16   7.0625164e-04   6.8279258e-04   1.5719340e-07
   1.2648868e-03   1.2760483e-02   8.2980567e-03   1.4817404e-03   1.5319379e-03   1.0266842e-03   2.1321981e-13   9.3688764e-04   8.5270798e-04   1.5891940e-06
   1.4883570e-03   2.4657673e-02   1.4795163e-03   1.4166890e-03   2.2958501e-03   1.1001647e-04   1.8554280e-20   1.0758372e-03   1.0769177e-04   2.6528933e-07
   1.2213086e-03   3.5064706e-02   1.5851503e-03   1.7714170e-03   2.0006183e-03   2.1080250e-17   7.6283835e-12   1.2890980e-03   8.9547039e-09   9.4413509e-10
   1.2328595e-03   3.5459300e-02   2.2658243e-03   2.4106508e-03   2.8066632e-03   2.4600549e-10   3.3224029e-20   9.9800407e-04   9.7556281e-11   4.6225557e-13
   1.6117685e-03   2.8159457e-02   2.9965306e-03   1.6749074e-03   2.6606552e-03   2.3376479e-08   3.8949439e-29   1.2278754e-03   8.1889113e-14   8.8349996e-10
   1.7305430e-03   1.9521091e-02   1.5449306e-03   1.6096386e-03   2.3790150e-03   1.2497757e-04   2.3516310e-28   1.8582089e-03   1.1300132e-07   2.6399307e-08
   1.7375737e-03   1.4377453e-02   8.6883925e-04   2.1579721e-03   6.1217055e-03   2.2092306e-05   1.0845646e-20   2.2377598e-03   6.0824594e-08   2.4840202e-09
   1.3768147e-03   9.6903951e-03   2.3774919e-03   4.3125880e-03   9.4735380e-03   1.7697620e-04   1.8232017e-15   2.1050455e-03   4.0055977e-15   1.1611225e-11
   1.2604975e-03   7.8283418e-03   6.2145383e-03   4.3726773e-03   9.2543696e-03   7.5414341e-04   8.4636309e-17   2.4903347e-03   4.3885473e-18   1.8127640e-10
   1.4777661e-03   7.7929561e-03   1.5002130e-02   3.3366975e-03   5.4048522e-03   2.0787639e-04   6.7579518e-22   1.9064506e-03   5.2292224e-16   1.0009941e-08
   1.2808502e-03   8.6964219e-03   1.9431743e-02   2.6417107e-03   2.7572546e-03   4.1204934e-04   9.5374947e-27   1.8405126e-03   1.2638941e-03   7.7445603e-07
   1.5813463e-03   1.1913053e-02   1.2413193e-02   2.2545909e-03   4.1376349e-03   1.2805197e-03   2.6293111e-27   2.3726244e-03   1.1426998e-07   3.8998358e-05
   1.9623418e-03   1.3422041e-02   3.7749130e-03   1.8918440e-03   3.6466766e-03   2.3766859e-03   9.8417704e-32   1.8492431e-03   5.2360881e-05   5.1315873e-04
   2.2283579e-03   1.5758642e-02   2.0650566e-03   1.6402097e-03   2.6538083e-03   1.2146870e-03   7.3941673e-31   3.3740313e-03   7.5503085e-21   2.8771436e-03
   1.9506813e-03   1.3878921e-02   3.3172664e-03   2.4119340e-03   1.8744341e-03   1.3694026e-03   1.8042371e-23   2.7592040e-03   1.0490743e-03   3.8436066e-04
   2.0186552e-03   2.4940199e-02   2.2973283e-03   2.1518932e-03   1.3016911e-03   5.2795238e-04   5.1593038e-20   4.4852993e-03   1.6447434e-15   3.5372166e-04
   2.1303819e-03   2.8794928e-02   1.4807409e-03   2.1768699e-03   7.2598670e-05   3.3010629e-04   9.9302148e-24   3.8736639e-03   7.3309420e-09   2.2302384e-05
   1.9343616e-03   2.6729730e-02   1.0214417e-03   2.4700627e-03   1.4493609e-04   1.2390177e-03   1.4409664e-33   4.7354818e-03   3.0521208e-10   1.7393402e-07
   1.9257965e-03   1.7726169e-02   2.0867431e-03   1.8382622e-03   2.2664593e-11   2.6328330e-04   4.3868445e-35   5.7047163e-03   7.4514188e-07   4.1990310e-04
   1.9818590e-03   1.4014829e-02   3.7733910e-03   2.3341529e-03   1.1688749e-04   1.2648765e-03   1.3892264e-38   5.2242618e-03   1.3784112e-12   2.4686665e-09
   1.9742069e-03   1.7717544e-02   1.0160155e-02   2.7643401e-03   1.0330509e-06   2.6871013e-05   4.1800870e-51   5.8710997e-03   1.8933121e-14   1.8484587e-05
   2.2618545e-03   1.1445565e-02   2.0231329e-02   5.6201109e-03   1.8794526e-09   8.4157372e-12   1.4357820e-46   5.2393805e-03   1.2602014e-12   6.2243289e-10
   3.2991905e-03   1.5035758e-02   1.8189349e-02   7.1000228e-03   7.8638562e-14   1.3819680e-04   1.3737909e-45   4.0436122e-03   3.4164543e-10   5.3810783e-07
   4.3790858e-03   1.8249683e-02   6.3095941e-03   6.6885647e-03   3.2595114e-07   3.8941805e-04   1.7067358e-43   3.1623774e-03   1.7175474e-04   1.5919369e-04
   3.8549624e-03   1.7332096e-02   1.1375384e-03   6.0868348e-03   2.3040781e-04   4.1977898e-04   1.0505516e-38   2.8255753e-03   2.8320147e-04   6.9763645e-04
   3.9620593e-03   1.7159943e-02   1.3714871e-03   5.6240331e-03   1.0215058e-03   1.7795886e-06   3.8851959e-50   2.9855427e-03   5.4425938e-06   1.1183813e-03
   4.3741692e-03   1.3349981e-02   2.0007427e-03   4.8586569e-03   9.9726269e-04   1.1705676e-03   3.8726842e-44   2.5886502e-03   1.6539629e-11   1.1024449e-05
   4.8811838e-03   1.3039938e-02   2.0945750e-03   3.7428144e-03   2.3658844e-05   5.5026065e-07   1.2198383e-45   2.5117708e-03   1.8702484e-03   9.2368972e-08
   3.6830585e-03   1.2734797e-02   9.9671290e-04   3.4863409e-03   1.3073675e-03   1.2113650e-03   3.5100894e-42   3.5413608e-03   2.8538743e-04   2.6058620e-04
   2.2462615e-03   1.1860103e-02   5.6753694e-04   2.8912195e-03   9.1248558e-04   1.2286673e-03   9.4508818e-21   2.4514668e-03   3.6192921e-03   3.3031403e-04
   2.7715102e-03   1.6181939e-02   2.7031254e-03   3.8992545e-03   5.7307757e-09   6.9534936e-10   2.9567191e-33   2.4748268e-03   8.4112851e-04   8.3843634e-10
   2.3809078e-03   1.6188524e-02   5.2566078e-03   3.0218495e-03   4.3509803e-04   5.2807933e-07   1.2047157e-37   1.3571558e-03   2.7406890e-03   4.1547522e-10
   2.0950656e-03   8.3070008e-03   1.0891022e-02   2.1870130e-03   1.3218070e-04   6.9438178e-04   4.4026837e-37   2.0232723e-03   3.2726802e-03   3.7362026e-12
   2.2664939e-03   3.4634586e-03   1.3598115e-02   2.5385126e-03   1.8864134e-04   7.0488636e-10   7.0264857e-30   1.7707758e-03   2.0388892e-03   1.2452529e-12
   2.7196786e-03   6.3522940e-03   8.3501949e-03   1.1851183e-03   6.5786546e-16   1.3711160e-04   2.7691176e-27   2.0132919e-03   1.1417094e-03   1.8314219e-08
   2.7216726e-03   6.5805118e-03   1.7740126e-03   8.2727563e-04   1.1841987e-23   1.3656580e-04   6.7402786e-19   2.0255078e-03   9.2300967e-04   2.3176435e-04
   2.5713938e-03   4.4026794e-03   9.9715282e-04   1.4067125e-03   1.1394648e-19   6.0253043e-08   3.2459375e-29   1.8147444e-03   1.2653931e-03   3.1301412e-05
   2.0947464e-03   3.3806834e-03   1.0752928e-03   1.3029231e-03   6.5089781e-08   1.2296727e-09   2.8895916e-21   1.9941926e-03   1.6670401e-03   4.2013306e-05
   2.4060483e-03   2.9174853e-03   5.2508412e-04   7.8336787e-04   3.9414839e-18   1.7289989e-11   3.1901310e-39   1.1683861e-03   1.4898411e-03   4.1466553e-07
   2.2957275e-03   3.2135215e-03   1.4332110e-04   5.8055801e-04   3.5420718e-19   1.3473449e-10   5.3007938e-31   6.6156890e-04   1.3832732e-03   3.1388044e-06
   2.3260853e-03   1.7829909e-03   4.1744665e-04   1.3096073e-04   3.0219223e-10   4.3285960e-04   4.7491659e-30   5.6619603e-04   1.1143098e-03   4.5644874e-06
   1.7044784e-03   2.1060756e-03   4.4756898e-04   5.7856633e-04   7.3406082e-16   2.9800514e-04   6.8317133e-21   5.7399078e-04   7.0791846e-04   2.8294355e-04
   1.6949009e-03   1.9724823e-03   7.9857833e-04   4.9498163e-04   3.7284137e-07   1.8118690e-05   1.4411998e-12   5.4303987e-04   5.1151890e-04   2.4967163e-04
   1.4111949e-03   2.4667073e-03   1.3003905e-03   7.2190397e-04   1.7977096e-06   6.9749914e-04   2.8989927e-14   3.6338551e-04   2.3900090e-04   5.0034757e-05
   1.3678338e-03   4.9577581e-03   2.4240217e-03   7.4428827e-04   9.1308923e-05   4.1400302e-04   4.4223766e-19   4.5893063e-04   4.9875773e-06   7.3985460e-07
   1.6142646e-03   3.7656288e-03   1.8471376e-03   8.1748648e-04   3.1160839e-06   3.0193169e-04   1.6487341e-16   3.1248985e-04   4.0286082e-09   3.5270896e-10
   1.7423958e-03   3.4722101e-03   3.7671476e-04   8.6621832e-04   2.1178104e-04   3.0177724e-08   1.8527752e-10   5.7406500e-04   1.9851397e-04   2.6312177e-06
   1.6593230e-03   2.3458000e-03   2.7595655e-04   5.5476472e-04   3.0063912e-04   4.8461912e-06   1.6772324e-07   7.5422780e-04   6.7153486e-23   1.5159145e-05
   1.5535524e-03   2.5925872e-03   2.6172369e-04   4.5572343e-04   8.5770516e-05   5.3679679e-06   9.9940108e-20   8.8286101e-04   5.8582051e-10   4.7868445e-05
   1.5419293e-03   1.5118754e-03   2.4833757e-04   3.9215381e-04   1.6843023e-04   2.8423689e-13   3.2771064e-15   6.3089801e-04   3.9499780e-04   7.7368376e-07
   1.4695255e-03   1.0193544e-03   4.5379522e-06   5.1902125e-04   4.8527900e-04   2.0023114e-14   2.0026377e-19   7.2642606e-04   1.8365096e-17   2.6283110e-05
   1.5372421e-03   2.3249563e-04   1.2914626e-07   6.9551006e-04   2.0262246e-04   8.8604014e-22   7.0537585e-21   5.0859154e-04   6.4779477e-04   2.7505070e-05
   1.6121520e-03   5.9692745e-07   6.5749567e-12   6.2648678e-04   4.4120548e-05   1.3051281e-15   8.7384809e-26   4.9477929e-04   4.7766122e-04   7.1258919e-10
   1.4328084e-03   1.6825180e-07   4.5677496e-04   5.1753892e-04   2.8715772e-04   2.8735536e-10   6.6760122e-17   2.6219689e-04   3.7534876e-04   2.0737471e-05
   1.5760910e-03   6.8981765e-05   7.5976692e-04   2.8435571e-04   2.0065974e-04   1.6861323e-09   7.8475017e-18   1.6049128e-04   2.7596676e-04   1.0803868e-04
   1.3757684e-03   2.4086091e-04   1.3463546e-03   3.6025673e-04   2.6673136e-04   2.1479948e-06   3.8888897e-17   2.2921589e-04   3.3325939e-04   1.0549286e-04
   1.1273105e-03   6.8161441e-07   1.7872846e-03   3.2646265e-04   2.4839492e-04   3.5318317e-04   2.9166540e-14   5.1928070e-05   5.1965767e-04   1.9656235e-04
   1.2726874e-03   2.5734445e-04   1.2735644e-03   2.9700504e-04   1.7262141e-04   1.2617208e-09   4.2163460e-17   2.4616342e-04   4.5600905e-04   5.4528603e-07
   1.4464153e-03   8.5590507e-04   2.6139812e-04   5.0434769e-04   2.6207212e-04   1.6323511e-11   3.7436716e-13   2.0310062e-04   1.5696805e-04   2.2384840e-08
   1.5473378e-03   1.2094671e-03   3.9854263e-08   3.6720927e-04   6.7022987e-05   8.9151216e-10   3.4747190e-07   3.3983209e-04   1.0938228e-12   2.7328698e-06
   1.6721775e-03   5.9574520e-04   1.2734965e-05   3.2800474e-04   2.3558720e-04   1.3868753e-07   1.8936763e-04   3.6271564e-04   3.5557963e-19   7.0423942e-05
   1.6462362e-03   3.4014223e-04   9.6327297e-07   4.1418070e-04   4.4239679e-06   3.9888647e-17   6.7263413e-16   4.0529096e-04   1.8728681e-10   3.3064315e-06
   1.7465924e-03   4.1902458e-04   1.1868649e-10   3.1998786e-04   2.5809396e-06   1.0521193e-16   1.5175473e-23   3.4272967e-04   5.8061760e-16   4.3807739e-07
   1.6083704e-03   2.3671880e-04   1.0397019e-04   1.9467888e-04   1.7636385e-04   8.9693059e-05   6.4118688e-12   4.2113313e-04   5.6703942e-08   6.5651514e-05
   1.3323754e-03   1.2609715e-06   2.2163943e-04   2.7179358e-04   3.1421138e-04   1.5858979e-05   3.2725512e-08   4.3353858e-04   1.0256116e-13   2.9355064e-04
   1.3391906e-03   2.0006568e-09   4.4702640e-04   3.9760107e-04   4.0883304e-04   2.0515045e-04   4.2457200e-04   4.2544823e-04   8.3390687e-15   1.8257991e-04
   1.3814161e-03   1.1278309e-06   7.7863909e-04   6.0181737e-04   4.1008501e-04   2.0780105e-08   2.8392363e-18   4.8019355e-04   1.5332439e-12   5.7022632e-05
   1.7012363e-03   3.3133811e-13   1.1164969e-03   2.5525608e-04   4.1814216e-04   6.1112641e-04   2.3707109e-53   2.4707165e-06   7.2887760e-09   1.5025630e-05
   1.6141391e-03   3.7057640e-08   1.0047218e-03   1.4109781e-04   3.2563674e-04   6.9919614e-04   3.0972139e-35   2.7985560e-04   1.8906178e-17   1.6340809e-05
   1.8015086e-03   5.3553859e-04   3.1472712e-04   6.6003354e-05   5.4601486e-05   3.5424267e-04   8.3021709e-24   2.0387331e-04   3.0326696e-06   4.7242547e-04
   1.7379101e-03   4.3091195e-04   1.5258493e-04   2.2662222e-06   1.0312933e-04   7.4358620e-04   1.9301449e-28   3.1076030e-04   3.2374418e-05   1.6616849e-04
   1.7701163e-03   1.0781206e-03   1.6312271e-07   8.0335734e-05   9.0448426e-05   6.1623287e-04   2.7455466e-30   2.8376386e-04   4.7681014e-06   5.4104883e-05
   2.0904944e-03   1.9335139e-03   6.3179091e-14   1.6294884e-04   1.3133690e-04   1.8663165e-04   2.8194519e-31   2.6200666e-04   5.7514269e-06   4.8096540e-09
   2.5612603e-03   1.3349990e-03   7.0013571e-21   1.0914688e-04   4.9316800e-05   5.5068573e-10   4.3678588e-40   3.5550214e-04   6.9055255e-11   1.2449656e-11
   2.5916284e-03   4.0009011e-04   7.1539025e-19   2.4198074e-04   4.8605985e-06   2.0388584e-09   2.2063158e-38   3.9689798e-04   1.3321357e-10   5.0908140e-14
   2.7984744e-03   1.0977614e-17   8.8577864e-13   1.0742643e-04   2.0855525e-08   2.9626832e-10   1.7720398e-43   5.0317155e-04   4.5991231e-10   1.0110042e-09
   2.5408575e-03   1.4378460e-19   1.2697080e-18   2.0739211e-05   6.6209582e-08   6.6505883e-05   6.9193782e-40   6.2664900e-04   4.6693893e-18   4.9548426e-10
   2.2967559e-03   7.0981126e-15   6.1593934e-04   2.5823512e-07   9.7931947e-10   1.6638868e-04   6.7505079e-38   5.3046942e-04   1.7820779e-09   2.5684350e-06
   2.8214691e-03   1.6252136e-30   9.0626674e-04   9.5966364e-12   1.0994970e-08   1.6166773e-08   9.2981705e-50   5.9174383e-04   1.1018563e-11   2.4437165e-07
   3.4011707e-03   9.1037910e-25   1.1725911e-03   4.0737492e-10   3.4405616e-07   6.3074601e-13   4.9503297e-53   6.0646045e-04   4.1553045e-11   6.2521045e-10
   3.4555809e-03   1.0686564e-20   6.0505505e-04   8.0785091e-06   1.0340572e-20   4.4885116e-13   1.0993058e-47   7.4759511e-04   1.2471848e-07   4.0132106e-11
   3.1150855e-03   4.3459637e-18   3.4734240e-15   4.8327894e-05   4.5278817e-08   9.9389778e-08   4.2515187e-40   7.4339563e-04   1.5557643e-04   1.1963411e-06
   3.0903666e-03   1.7070421e-15   1.5263321e-20   1.7727837e-07   1.1522265e-04   1.8199467e-07   2.0099664e-40   5.2227391e-04   3.0647609e-09   4.8092007e-08
   3.0310087e-03   2.3675934e-14   2.0731943e-10   5.9513535e-11   2.5390992e-04   3.6287675e-08   3.7520189e-33   3.3288362e-04   4.8907760e-04   1.7271501e-08
   3.4113162e-03   1.4480511e-18   2.5715075e-16   3.1782538e-14   4.4433922e-15   8.9297754e-05   2.2068239e-39   3.7218169e-04   3.1387058e-04   1.3215837e-08
   4.0719460e-03   5.6546978e-11   2.9373031e-20   2.6216722e-11   3.5426698e-07   3.7778852e-05   3.1536458e-55   4.5653097e-04   3.8931306e-05   1.1571908e-11
   3.4147054e-03   9.9677824e-04   1.8849939e-20   2.9577791e-07   5.2139878e-04   8.2827494e-05   3.2141132e-54   1.1033016e-03   3.2988547e-06   1.0547672e-18
   4.8781558e-03   1.8132343e-15   8.6563332e-19   2.9974419e-13   1.5055644e-03   5.1988440e-15   1.7190288e-77   8.4485150e-04   1.6294433e-07   2.8221255e-21
   4.2352870e-03   8.3570078e-20   1.3005980e-04   6.2867937e-12   2.6202873e-03   8.9715771e-05   6.0908378e-61   8.6602160e-04   3.0893190e-11   3.3214036e-18
   4.8671968e-03   1.0970620e-22   1.9113068e-05   3.2816633e-19   2.1655059e-03   1.0499231e-12   6.1858290e-68   7.7176906e-04   5.6621270e-23   1.1061185e-21
   4.0637863e-03   1.3176082e-27   9.6934352e-04   6.4064471e-16   1.5631099e-03   1.4498300e-04   8.4282444e-59   3.8746579e-04   4.1025450e-16   1.0731619e-15
   4.3687156e-03   2.3344551e-24   1.2438380e-03   2.9778841e-14   2.3803825e-03   1.1273030e-04   9.0759998e-66   6.0070621e-04   1.1546729e-20   1.2889023e-15
   5.0688920e-03   1.5113275e-28   3.2811976e-10   1.1251865e-17   1.4675022e-03   6.2319006e-04   1.0594219e-56   5.5757189e-04   1.2317476e-25   1.8812884e-23
   6.1499849e-03   9.3406028e-28   3.4120370e-19   1.3509721e-10   1.0942106e-03   6.0363153e-04   4.7921456e-64   3.8117922e-04   5.4367172e-33   4.7946257e-26
   5.4939312e-03   7.9389095e-23   6.4093426e-17   1.4842545e-04   3.6480833e-04   8.8192738e-04   1.5741523e-63   1.0690103e-03   2.2946749e-36   7.5346522e-25
   4.2895278e-03   9.6983753e-16   2.4905454e-12   5.2807965e-04   3.7517291e-04   1.3157299e-03   8.9609572e-59   2.4580484e-04   3.0971335e-25   2.9556791e-21
   5.0899434e-03   2.0621666e-11   4.3756253e-17   1.2508896e-05   2.0518734e-04   4.9102542e-04   1.5248433e-62   8.4096856e-04   1.9513980e-44   9.7927412e-29
   5.9373356e-03   6.9697403e-20   1.1813524e-24   2.7180165e-18   1.4616156e-09   1.7166122e-05   7.8869066e-70   1.0319648e-03   1.1544185e-49   2.8246317e-33
   5.9952196e-03   5.7819381e-22   1.2796079e-30   7.3867859e-09   1.3520807e-23   4.0885326e-10   1.0122438e-58   6.0715385e-04   1.2981829e-47   6.5594315e-33
   5.7069071e-03   1.0587064e-09   1.3454331e-24   3.0428419e-05   2.6947476e-16   1.6378599e-21   1.9200938e-63   6.2529320e-04   8.0576772e-48   5.8235972e-31
   4.6217329e-03   1.7779588e-04   5.2568227e-04   8.7966189e-04   3.1936452e-10   6.7199196e-18   1.4618878e-59   1.0041148e-03   1.2683083e-45   4.9427656e-20
   3.8549391e-03   3.6855300e-04   1.8983280e-03   1.2123887e-03   1.7730861e-05   2.8633517e-10   1.3647496e-49   6.7073902e-04   2.3790737e-43   5.1926423e-18
   4.3443186e-03   2.9768131e-11   2.2854403e-03   3.6583803e-04   2.4073376e-13   3.9339851e-06   3.4614199e-57   1.2440049e-03   1.0201159e-54   5.5205927e-18
   4.9363955e-03   3.1590422e-14   1.0027301e-03   7.7861141e-04   6.4969261e-26   6.4062593e-17   2.2292714e-53   1.1786052e-03   4.1030708e-44   2.1147028e-17
   5.1607169e-03   3.8860139e-06   2.0630874e-17   6.9420236e-04   8.3564971e-17   1.4453905e-12   3.4517867e-48   1.0983256e-03   4.9896072e-42   1.4867996e-14
   4.7748247e-03   6.2153442e-06   1.0530550e-10   4.4915555e-04   4.5034959e-15   6.2257199e-05   8.2437146e-56   1.5116168e-03   1.0980733e-40   3.7953105e-05
   4.7212367e-03   4.8951158e-04   3.5654429e-04   3.6010518e-04   3.9162165e-19   1.4316637e-03   1.4328122e-60   1.2912472e-03   5.3412618e-37   6.7190736e-05
   4.4971536e-03   1.6412667e-03   4.5675447e-04   1.6822104e-03   1.4838727e-11   1.5933792e-03   2.2731631e-55   9.4212441e-04   1.9739842e-39   5.1936370e-08
   3.9535861e-03   2.5125766e-03   2.7687725e-04   3.6115327e-03   1.3665147e-08   1.2973396e-07   7.8598385e-49   1.4333574e-03   6.6484610e-48   5.0007860e-15
   3.3696305e-03   3.1016301e-03   1.0217939e-03   3.9128909e-03   4.0796169e-18   5.7082720e-10   4.1504934e-51   6.5690565e-04   6.4123122e-53   4.7205988e-12
   2.8082267e-03   4.4393909e-03   1.7793281e-03   3.7118820e-03   1.5490985e-18   5.2709060e-04   3.1493984e-44   1.8411376e-04   3.8266788e-43   1.5543203e-11
   3.0321690e-03   2.2158759e-03   3.3607917e-03   2.4322775e-03   8.8772581e-23   1.2916237e-03   1.6091692e-33   1.6405808e-04   8.4532523e-29   7.4175211e-06
   3.0876881e-03   5.6124229e-06   4.7162923e-03   1.7164493e-03   3.8339041e-22   1.4168772e-04   4.0933917e-25   3.2827735e-05   2.9111181e-24   1.5526091e-08
   3.0695553e-03   7.9122330e-03   6.1353415e-03   1.7718591e-03   3.0792879e-18   5.6220269e-07   9.4199537e-29   1.5091984e-04   7.9234575e-32   4.4222945e-10
   2.5431546e-03   1.1812589e-02   6.2331773e-03   1.5707438e-03   8.4618659e-15   5.1539359e-15   9.8393560e-16   1.3039866e-04   5.7628395e-39   2.4383680e-07
   2.8456929e-03   6.9316262e-03   2.3217538e-03   1.2890986e-03   1.4813514e-13   6.1463920e-13   3.6536423e-14   2.8124431e-04   2.7215008e-26   3.5322020e-10
   3.2372090e-03   7.2772230e-03   9.1650379e-04   5.2566888e-04   3.0539918e-10   1.0814384e-09   1.9195596e-32   3.9151867e-04   1.9693872e-18   5.5119792e-05
   3.9305286e-03   4.5543836e-03   2.0366939e-04   1.6515511e-04   1.5622302e-13   8.7394822e-18   6.4010489e-37   2.3963342e-04   1.0136499e-18   2.8436975e-04
   4.4078376e-03   4.6075258e-03   3.1297099e-14   1.0396336e-04   2.7169805e-19   2.6291989e-08   3.4122904e-33   2.4577419e-04   1.6870495e-18   8.8636301e-05
   5.2283006e-03   4.1993722e-03   3.3624643e-14   1.5446045e-05   8.3776461e-30   9.7802145e-05   1.1986203e-42   3.0057090e-04   3.7852765e-14   3.2580345e-09
   5.0665393e-03   3.0994635e-03   2.7629294e-11   1.6058854e-04   2.9316661e-31   4.3576320e-04   5.6862635e-42   6.5348874e-05   4.5067438e-04   6.1987347e-12
   4.2288320e-03   3.5987695e-03   7.8315383e-06   2.0045657e-04   3.8445906e-23   1.2981333e-04   7.3036106e-27   2.0464650e-04   1.1009070e-03   3.7225858e-13
   4.1614944e-03   2.6827442e-03   2.4449698e-20   2.1667774e-04   3.1788847e-12   9.0512516e-09   3.8003776e-22   1.8918337e-04   1.2857265e-03   2.6464133e-17
   3.8862264e-03   1.3981332e-03   2.6611528e-04   6.6032797e-04   8.4844192e-09   3.4417795e-09   1.3928972e-17   2.7958364e-04   1.3111535e-03   6.7104285e-14
   3.8070611e-03   2.2309085e-04   8.4968907e-04   5.8158424e-04   1.8935462e-17   1.3235593e-22   2.5681397e-10   4.0907221e-04   1.6623586e-03   1.5959978e-14
   4.2007485e-03   8.3958526e-05   1.0489339e-03   1.2959913e-04   3.8487042e-12   3.3835436e-19   3.2800507e-05   9.8121099e-05   1.9701372e-03   3.4984327e-11
   4.0254933e-03   8.6064259e-05   6.2001921e-04   2.4129970e-04   9.4020979e-09   2.7574172e-18   2.7141571e-03   6.1871143e-04   6.7686921e-04   1.1030995e-11
   4.7793494e-03   2.0364853e-04   6.0183769e-34   1.0848378e-04   1.4476173e-08   1.9516925e-24   6.3110333e-18   3.9803639e-04   7.7286767e-04   6.5968075e-19
   4.7210077e-03   1.4025084e-03   3.6241863e-33   1.4281411e-04   3.1021184e-05   4.2045975e-24   2.6201034e-25   1.1460740e-04   1.7346057e-04   7.5703656e-23
   4.8117449e-03   9.5883635e-04   1.8614647e-34   8.2880871e-05   2.0347136e-10   2.0305264e-26   4.6990567e-20   1.4928588e-04   2.1071021e-10   2.8146159e-18
   4.2055279e-03   6.0040032e-04   2.8137750e-26   3.8064625e-07   7.5663264e-10   8.7172152e-27   2.2154592e-32   1.0670888e-04   4.2834522e-04   7.7975422e-17
   4.1826023e-03   4.5292148e-05   2.1237102e-25   2.4548345e-08   9.0650483e-23   2.0997989e-22   2.1304943e-37   4.5548138e-05   5.1966680e-04   5.0039571e-15
   4.3446144e-03   3.1883251e-12   7.7464689e-29   4.3030963e-06   4.4171879e-26   5.7315365e-17   1.1331806e-25   3.1666283e-05   1.7283535e-14   1.4648562e-18
   3.6839969e-03   6.9289670e-07   3.4689434e-18   4.8464292e-05   3.4243753e-17   4.0850475e-15   8.2429867e-22   3.6764329e-05   1.5484260e-19   6.1450323e-16
   3.5689612e-03   6.1973800e-09   4.1747447e-09   4.2592664e-07   8.3478454e-27   3.2281326e-13   3.4177355e-37   9.5719144e-05   1.1375844e-11   1.5516180e-09
   4.4597023e-03   5.6512566e-14   1.3458983e-16   5.8007113e-09   5.6779532e-22   1.2565362e-22   1.9224806e-52   1.9964616e-05   8.6710033e-14   2.2891141e-11
   4.3311081e-03   1.4886018e-14   1.4314184e-04   3.6395253e-06   6.8886112e-21   1.7030730e-20   3.0950357e-44   5.0460555e-06   1.4196361e-09   3.2091079e-11
   3.8301490e-03   3.3530563e-19   3.7930636e-04   4.7836154e-06   4.8928068e-14   1.5367020e-12   2.0593043e-44   3.6150594e-05   3.8465068e-15   8.4465711e-11
   4.2424936e-03   8.9352405e-15   9.9528126e-21   2.6828115e-05   4.0155450e-09   2.5833475e-29   1.8748134e-52   1.4881752e-06   1.4799807e-17   1.5607507e-18
   3.7869526e-03   1.4911482e-10   9.2875990e-45   1.6073086e-05   1.3189240e-10   3.7454871e-12   2.1604068e-54   2.0769002e-09   9.3810712e-05   5.4689773e-22
   3.3621599e-03   4.0880764e-10   1.1347609e-34   1.1651719e-05   1.4525423e-08   2.0114562e-05   9.0116939e-46   1.9123016e-08   1.6986188e-04   4.3677461e-22
   2.9712370e-03   4.2804329e-05   1.0494107e-38   8.1353121e-05   8.4033421e-05   9.0941704e-05   1.4871263e-38   3.3413701e-06   5.5633259e-10   6.9294237e-25
   3.1529848e-03   2.5805393e-09   6.2037625e-42   4.7312406e-05   1.1942729e-04   3.3406822e-04   8.9260755e-39   1.2285086e-07   1.4960099e-17   2.1256480e-25
   3.2440883e-03   1.1015095e-12   8.2294754e-45   4.0958510e-05   4.8312740e-05   3.8460727e-04   6.6826168e-37   1.0703663e-06   1.3992806e-12   4.5236748e-27
   3.3377604e-03   9.9324042e-17   1.1370501e-41   2.8524721e-07   1.5521408e-05   1.4682341e-04   7.0619074e-41   1.0215794e-07   1.0722619e-18   9.7890106e-19
   3.2273476e-03   4.6466176e-23   1.4748293e-35   5.5787125e-07   5.4517690e-19   8.3110312e-10   1.5440196e-23   3.7614372e-07   3.5390070e-26   7.6393250e-18
   3.1696628e-03   1.1839815e-20   1.9718094e-21   1.0047298e-06   8.3048226e-12   3.0029853e-18   3.3510838e-40   9.7559457e-09   1.4567069e-30   2.3720012e-11
   3.3389766e-03   1.7543010e-19   4.3868801e-16   1.3422700e-06   1.5317890e-10   2.2655623e-17   3.1720424e-36   3.8542389e-09   3.8793908e-28   1.0430395e-15
   3.0515341e-03   1.8343703e-31   6.7817634e-09   1.6311300e-06   1.0195647e-04   1.3917032e-25   3.0802997e-23   3.6204621e-12   8.0420543e-34   2.0385098e-12
   3.0868517e-03   2.7107131e-31   8.4807184e-21   1.7947155e-06   4.1691008e-05   1.0658432e-30   3.4435592e-23   2.0809250e-08   5.7618591e-33   2.8575744e-15
   3.0793328e-03   4.0182149e-34   4.6059283e-37   4.6311268e-06   3.7045433e-11   7.9955660e-24   7.7921433e-20   1.0246391e-06   6.0552629e-22   4.2321089e-20
   2.5175422e-03   5.4790658e-36   3.2433467e-31   1.2552287e-04   1.1858397e-06   5.3614674e-17   3.5914717e-25   3.9529125e-05   3.6631551e-20   6.5724908e-13
   2.7372994e-03   1.9089532e-35   4.9138413e-30   1.1801664e-04   2.9120441e-06   1.3208660e-27   9.7738381e-20   3.6549093e-05   6.8659144e-18   2.6090757e-18
   2.5858764e-03   5.3390047e-26   1.5109066e-33   1.4867062e-04   3.7705755e-04   1.1238298e-10   3.6928153e-15   1.2342834e-04   2.9111749e-21   2.0538714e-24
   3.0166633e-03   2.2820796e-34   3.1252603e-34   1.1465025e-05   1.4008247e-04   6.9124180e-15   3.8090263e-20   1.8806221e-04   7.4878434e-27   4.8771999e-24
   3.0962081e-03   8.0581074e-21   1.3368045e-33   4.1026964e-08   3.2209888e-05   1.0486303e-19   3.8188409e-24   2.6175181e-04   6.0483423e-24   1.5570956e-22
   3.6658435e-03   8.0055890e-18   3.4303541e-34   4.6778471e-10   2.5550441e-05   4.2329471e-20   2.8616757e-35   1.5938631e-04   1.1445698e-20   7.6444200e-31
   3.8505410e-03   1.5776498e-27   4.1457880e-29   1.5669065e-08   8.4031750e-05   1.3417668e-29   1.7866331e-19   5.8452998e-05   1.7265365e-31   6.1179384e-31
   3.2211047e-03   7.5346491e-34   5.2091929e-23   1.3943132e-09   1.1675039e-04   1.2817795e-31   6.7933682e-15   2.0752243e-04   2.9707686e-26   5.4965005e-22
   2.9379820e-03   1.9821880e-26   2.9537728e-07   2.6332813e-09   6.9328502e-05   5.4301217e-19   1.2975983e-15   1.9204382e-04   1.9609112e-25   5.8303532e-17
   3.2183781e-03   1.7209685e-38   9.3837120e-05   2.2421848e-11   6.5082464e-06   1.2773961e-21   3.6857006e-19   2.4712624e-04   9.7362441e-41   4.2594014e-20
   3.1323941e-03   6.2730281e-36   4.0007111e-24   6.1644504e-14   9.5697420e-10   6.7484611e-24   2.4766460e-19   4.1834942e-04   1.4149452e-37   2.4455206e-22
   3.1893064e-03   1.7677684e-45   3.5047387e-44   1.1887588e-11   1.8407714e-08   1.3224690e-35   3.0720382e-16   3.0678909e-04   5.5507631e-30   6.9729415e-26
   2.8969610e-03   5.0490418e-41   1.0141542e-38   4.8713643e-05   2.6064331e-07   1.1910272e-15   1.7589614e-17   5.7415970e-04   1.5845704e-34   3.9993609e-20
   3.1520986e-03   4.0416666e-45   3.1673586e-28   1.3142126e-04   6.6376457e-05   3.6022253e-09   1.5654042e-15   9.0643108e-04   5.8187784e-43   3.8946924e-28
   3.8106781e-03   6.9521292e-48   4.4161946e-32   1.4019162e-05   2.5118168e-12   6.9491031e-08   3.8690434e-16   5.3360164e-04   4.0050154e-36   1.2412434e-28
   3.9546648e-03   2.0331829e-48   5.1515295e-31   3.3743195e-04   1.6027154e-21   5.9797601e-11   3.4069405e-11   3.0078461e-04   2.5249881e-36   5.2338823e-31
   2.7855230e-03   1.3488240e-42   5.1493751e-32   3.5752058e-04   4.8673404e-37   9.5536108e-07   1.8187062e-06   8.3779545e-04   7.6147616e-35   2.0934232e-30
   3.1366717e-03   4.6336949e-42   2.4043623e-28   4.7147504e-04   4.5830392e-24   5.8526624e-05   8.5424531e-32   7.4108318e-04   1.4449866e-26   8.2388926e-26
   3.7143063e-03   1.6795040e-40   2.9229352e-27   3.9001915e-04   1.4077837e-33   2.1877731e-06   2.8193946e-24   5.6162908e-04   5.3909858e-28   2.7584874e-26
   3.9758072e-03   9.7778810e-32   3.5630199e-20   1.8008791e-04   3.8946120e-25   8.6357198e-05   7.0948748e-21   2.1255442e-04   3.5689994e-26   1.4199912e-22
   3.7287852e-03   1.1454350e-16   1.4889840e-11   1.4930197e-04   3.0967149e-28   6.8607997e-05   2.3112427e-11   8.7245882e-04   1.1724521e-29   9.8512567e-17
   3.6431198e-03   6.2405561e-14   5.8035017e-20   1.8325294e-04   2.0973164e-29   5.6196705e-08   4.6542906e-13   7.0974950e-04   9.3598483e-36   5.1207719e-19
   2.5259051e-03   3.4312285e-08   3.7729208e-27   5.8447121e-04   2.6794989e-09   5.4361699e-04   1.8887997e-04   5.2016523e-04   3.8949000e-20   1.8736055e-14
   3.2123903e-03   1.5670009e-06   3.4303584e-42   3.3335062e-04   3.0381542e-18   2.4917423e-10   1.0795409e-03   9.8480413e-04   9.1967293e-19   2.3360924e-25
   3.2817505e-03   7.5501104e-06   1.5566895e-38   3.0240145e-04   1.0153691e-19   1.0828405e-12   1.3111878e-05   1.2924086e-03   1.0974917e-09   5.2500994e-21
   3.1876851e-03   3.2174909e-21   7.0175755e-38   7.3047245e-04   1.9471425e-14   2.4295333e-18   5.3982909e-04   8.8991287e-04   3.7515071e-07   2.5978055e-24
   2.9091610e-03   2.1799392e-17   3.4762319e-33   1.1884821e-03   2.3053508e-14   1.2662185e-29   1.5328733e-03   1.5706148e-03   1.5271348e-20   1.4618907e-29
   3.3544062e-03   4.1125773e-04   1.3515066e-35   8.6676478e-04   5.8656054e-21   9.8598635e-20   5.7146138e-14   1.4462146e-03   6.3176077e-18   1.1619249e-25
   3.3284795e-03   7.5144775e-04   1.1953917e-33   4.5326894e-04   2.1929564e-38   1.3423975e-14   9.6686490e-08   1.1316084e-03   2.1363714e-15   5.2097906e-21
   2.8356444e-03   1.9693304e-03   1.3664873e-21   7.7477109e-04   1.6989232e-34   1.2607623e-21   2.4315063e-03   1.4281887e-03   3.1055393e-14   4.9758993e-17
   2.8854690e-03   2.1124342e-03   7.8218855e-11   1.3012310e-03   1.6687841e-29   8.7154565e-19   2.3323187e-03   2.2487779e-03   1.9505147e-33   1.8220766e-17
   3.5338896e-03   2.1205805e-04   1.0274157e-03   1.0699903e-03   2.9995649e-22   3.8877049e-16   1.3458882e-08   1.1585487e-03   1.9889550e-17   1.3850486e-12
   4.0146755e-03   2.3158024e-03   1.1332057e-03   1.4349379e-03   1.2316034e-31   3.7701809e-23   1.3423797e-18   6.3813416e-04   2.5154956e-19   1.6487222e-15
   3.1700884e-03   3.3000562e-03   1.0542164e-04   1.8440472e-03   2.0340599e-27   3.7695654e-26   1.7021067e-08   1.1454424e-03   6.6507847e-33   1.5659248e-11
   2.2515595e-03   4.4481983e-03   5.3083251e-15   1.0556980e-03   2.4825059e-15   5.4211445e-20   2.6736447e-04   1.6180049e-03   8.1573493e-30   1.5390951e-13
   3.2436398e-03   1.5055870e-05   8.3596510e-20   1.1950826e-03   1.1946192e-23   5.6171679e-29   1.1209571e-07   1.3271385e-03   4.6541926e-29   1.5968316e-21
   3.4264896e-03   3.4231658e-03   1.1296578e-20   2.4462057e-04   7.6165130e-29   2.3844789e-14   7.2022626e-09   1.0215715e-03   3.9688230e-27   2.1204181e-16
   2.9378977e-03   3.0636122e-03   5.2747607e-09   2.5658337e-05   1.3894307e-43   3.7633063e-19   1.4907185e-03   1.3673541e-03   7.8820174e-18   4.3458902e-12
   3.4295095e-03   1.6516868e-03   4.0231787e-12   5.8156433e-05   2.3348318e-45   1.7090934e-25   5.8868769e-05   1.0090086e-03   7.5228335e-19   6.2282174e-14
   3.6505687e-03   2.4442385e-03   3.7899561e-10   3.2507743e-05   5.0230441e-51   1.1626729e-23   1.4646326e-03   8.4386314e-04   9.9870030e-26   4.9718978e-16
   2.7119613e-03   3.5439363e-03   3.6028716e-07   5.5117276e-04   9.5961607e-34   1.3006189e-22   2.1195098e-03   1.0494493e-03   1.8390755e-25   4.6336207e-12
   2.4802152e-03   3.1521942e-03   1.1276904e-04   7.4686284e-04   2.3810436e-34   2.8805141e-24   2.3492746e-06   1.2576428e-03   1.7996058e-23   4.0952061e-13
   3.5295940e-03   1.0830994e-03   3.6264497e-12   2.0729338e-04   5.2815432e-40   7.5516845e-20   1.4226060e-14   8.2557949e-04   1.4764842e-22   5.8175433e-15
   3.5384727e-03   1.5769218e-03   1.6189857e-04   2.0852377e-05   8.8082120e-35   1.9719565e-16   1.3206780e-07   7.9527276e-04   1.2280342e-30   4.5285989e-11
   2.8717013e-03   2.0485786e-03   2.0691571e-04   2.4261565e-04   4.9651392e-38   6.8455919e-13   2.6591307e-03   1.0031144e-03   1.4704053e-31   1.8322484e-07
   2.7543168e-03   3.3021036e-04   2.0680286e-30   4.5395524e-04   3.6395945e-34   3.7016507e-10   1.6203835e-03   7.6704820e-04   2.0124775e-21   2.1643364e-12
   3.2031360e-03   2.6330501e-04   1.2394343e-39   2.9207959e-04   1.2227200e-31   6.4163587e-19   4.6260553e-05   4.5505025e-04   4.3285094e-20   3.8148908e-18
   2.6515551e-03   2.0596282e-09   2.1569652e-47   3.2288845e-04   8.5207569e-35   8.9891119e-30   2.6692816e-03   8.0671496e-04   1.5320266e-25   4.8266982e-23
   2.8290977e-03   2.1530482e-04   1.6400191e-50   7.6271803e-05   1.1915230e-32   8.8387275e-28   2.0116045e-03   6.9677676e-04   9.7715216e-19   1.9128411e-19
   2.8451410e-03   9.0162296e-13   8.6559464e-47   7.8691174e-06   7.0322873e-40   1.7562906e-29   5.2422523e-04   6.1052552e-04   1.9547791e-07   8.9539013e-17
   2.5204765e-03   3.0339115e-30   7.0624620e-40   1.0905164e-08   4.7500288e-32   3.8637492e-40   3.2073817e-03   9.7499864e-04   4.3964462e-12   1.3740743e-19
   2.7367909e-03   7.5193867e-28   3.1778067e-27   4.8446900e-09   3.2433324e-29   2.9097874e-41   3.5015724e-03   9.5002070e-04   3.6137643e-07   9.9856816e-15
   2.4096447e-03   2.0294192e-27   8.6827258e-12   4.1310896e-06   2.6171581e-20   2.0899797e-41   3.2161768e-03   5.2631946e-04   2.0183223e-05   1.6297436e-11
   2.3483606e-03   2.6764970e-27   4.1618838e-17   1.2168551e-06   2.0861355e-29   8.3235680e-34   3.5567211e-03   6.2679546e-04   8.3252642e-05   9.0997974e-08
   2.8611816e-03   6.0602488e-34   1.0733639e-26   4.3155139e-06   4.0754213e-31   6.4462494e-41   3.0965371e-03   5.3838404e-04   1.2364427e-07   6.0825265e-13
   2.8018030e-03   4.8692486e-36   4.6173640e-26   5.7585174e-07   7.4342234e-27   7.2089903e-47   3.4604524e-03   7.4251420e-04   1.0368637e-08   3.1815034e-19
   2.1175886e-03   5.9262757e-31   2.4261873e-26   8.3515697e-06   8.5278227e-19   8.4523214e-36   5.2451323e-03   1.0303507e-03   2.1385822e-06   4.0172091e-16
   2.0476507e-03   2.4672017e-39   5.6151459e-50   1.5328494e-08   7.8027756e-18   2.3923228e-32   4.0470804e-03   9.6606463e-04   1.1088299e-04   6.6587023e-21
   2.0738744e-03   4.2997172e-34   2.5751053e-48   3.3773869e-12   5.2536648e-23   6.5923169e-36   2.2502762e-03   7.7153607e-04   2.4079031e-04   5.3541492e-23
   2.2411200e-03   3.0272574e-42   9.3476142e-45   1.1516205e-08   9.6141628e-39   5.4889480e-43   2.5450813e-03   4.3367125e-04   1.7747663e-04   1.8072776e-24
   2.4098806e-03   2.1408716e-53   3.2407927e-46   1.1427100e-08   9.5361673e-30   1.2928932e-42   2.9112701e-03   4.7130751e-04   2.1361046e-07   3.8603485e-26
   2.2605189e-03   2.3755768e-53   3.2648364e-41   2.5152019e-16   4.9138778e-30   5.7675625e-43   3.3983150e-03   6.7212963e-04   1.2757740e-10   3.2395726e-30
   2.2978314e-03   2.2552504e-54   5.6039832e-32   1.1035881e-19   7.8857020e-34   2.8346386e-43   3.9697447e-03   5.6191638e-04   8.5297801e-05   7.3335865e-23
   2.2722177e-03   8.0535267e-55   5.0463188e-22   2.0088121e-15   1.2318176e-38   4.0252946e-35   3.9115748e-03   5.0097663e-04   1.7032018e-04   7.4371635e-18
   2.1898663e-03   1.5592142e-52   7.6909943e-20   1.7163469e-18   8.5781801e-36   4.4325893e-35   3.3479389e-03   5.8933093e-04   1.4762749e-13   1.5208890e-15
   2.2886113e-03   1.2758208e-65   2.2220945e-27   1.9088083e-19   1.7704293e-40   1.6673086e-44   4.2868644e-03   3.3307889e-04   8.7014090e-21   4.8297874e-21
   1.7356958e-03   3.6673167e-40   1.2569680e-05   2.0007216e-10   5.0365478e-30   2.1127534e-30   5.4000064e-03   2.3699914e-04   2.1594676e-08   1.7727041e-11
   2.3035722e-03   4.3049235e-43   1.5118088e-24   8.2639921e-14   1.2095777e-37   3.3381233e-32   3.5460046e-03   1.3287889e-04   2.4129064e-08   7.0906983e-19
   2.3625777e-03   5.9496001e-46   8.1980358e-44   7.4218372e-14   2.9307343e-35   3.3582635e-39   3.3151062e-03   1.4525431e-04   1.8936982e-10   7.7618029e-26
   2.7826398e-03   2.0846539e-59   1.2134912e-52   5.9089495e-20   5.8739629e-36   1.8574817e-44   3.5887396e-03   1.2161601e-04   5.5691743e-16   2.0928995e-32
   2.6599720e-03   2.5706484e-62   6.8331672e-48   2.7522473e-19   9.0890999e-35   2.3890242e-39   3.7693621e-03   1.4026953e-04   1.7923899e-14   9.7067832e-32
   2.1463672e-03   2.7015697e-47   3.1383273e-45   3.8468953e-18   1.7112212e-26   7.3512877e-36   4.9481218e-03   2.3931958e-05   2.9705096e-05   6.9848644e-25
   2.4635097e-03   7.5275407e-53   3.5104245e-49   5.1328312e-17   7.9176218e-29   8.1348116e-33   6.7396727e-03   3.2490109e-06   1.3168722e-10   9.2840306e-25
   2.2650631e-03   1.7046275e-50   4.7853144e-33   8.0281220e-19   1.0844033e-34   1.3415416e-28   6.2874472e-03   7.8737704e-06   7.1463635e-10   9.6825016e-25
   2.1804596e-03   1.0383747e-50   2.4050754e-23   9.5626542e-19   2.1320262e-27   1.1747025e-27   5.2532947e-03   6.5660854e-06   6.7040104e-05   1.0534507e-22
   1.6972012e-03   1.9300094e-47   1.6361261e-11   4.8588410e-16   8.2964833e-32   3.4741741e-29   5.6419927e-03   8.0685115e-06   1.0291682e-04   7.5944954e-15
   1.9484456e-03   7.3903634e-45   1.6231297e-22   2.2430646e-21   1.0771081e-35   2.3224412e-40   5.2953748e-03   1.2348411e-06   7.8545400e-05   1.9712708e-16
   2.0147323e-03   1.2947167e-47   2.0847563e-22   7.8578949e-15   3.0264015e-28   1.3941328e-34   4.0847471e-03   4.5444400e-11   8.1631409e-11   2.7528346e-16
   2.0023116e-03   1.4326318e-44   5.8499443e-19   1.1668331e-12   6.7613484e-39   5.3321177e-27   4.3255975e-03   5.5250163e-18   2.0523700e-17   9.8030504e-10
   2.4059961e-03   1.1083876e-50   1.2364776e-37   4.1357227e-22   1.7000285e-41   9.7704255e-38   6.6006328e-03   6.1081552e-23   4.3219103e-18   2.0783593e-21
   2.1102411e-03   9.2080339e-65   7.1809746e-50   9.4095475e-19   8.1138459e-31   3.0119682e-40   5.4502294e-03   5.4432365e-24   4.0522630e-21   1.6263976e-21
   1.6607969e-03   9.6290273e-54   3.5005325e-46   1.9874789e-14   1.5986868e-21   1.1045371e-37   4.9445938e-03   1.6244897e-13   8.4622684e-09   1.3401791e-21
   1.5870684e-03   5.7771618e-60   1.2436208e-40   3.1978148e-13   1.7095833e-20   4.7046634e-35   5.6210051e-03   3.5118916e-16   1.7547254e-28   6.3368636e-15
   1.6831401e-03   5.1120683e-47   2.1454951e-48   2.2195579e-10   4.2746337e-30   7.9106062e-30   5.2282985e-03   7.0777272e-14   2.5528698e-16   1.7522712e-21
   2.0564541e-03   4.0834256e-61   1.7393252e-55   1.8118879e-17   4.1921799e-21   2.0074956e-32   7.5653341e-03   2.3802587e-25   1.5084346e-23   6.1604789e-26
   2.2326760e-03   2.7538356e-61   2.5075343e-50   9.0699048e-19   7.0469372e-16   3.6155569e-43   7.6495405e-03   1.6101064e-28   6.2803987e-18   7.5894738e-27
   2.5014898e-03   2.7609769e-65   2.6882595e-44   2.2987683e-18   7.4385361e-29   6.6757747e-47   6.9918674e-03   3.1035191e-35   1.9758745e-25   6.1432101e-27
   2.7095037e-03   9.1908731e-64   6.4805038e-44   1.5433934e-23   9.2470149e-32   1.3618620e-48   7.8154151e-03   4.0314250e-34   2.5631063e-32   2.3005439e-32
   2.3781697e-03   2.1234526e-56   2.8362933e-41   6.9992039e-21   6.6689513e-27   2.2828029e-40   1.0544468e-02   2.4294773e-33   3.0957331e-24   1.2091182e-29
   1.9489580e-03   2.2354835e-44   1.4540312e-29   3.0288676e-17   1.1167777e-18   9.2552313e-28   8.8695373e-03   1.6538540e-35   1.3454430e-20   1.1971329e-16
   1.8314485e-03   4.6556773e-45   1.4587172e-36   2.2402202e-16   7.0303729e-29   7.4928778e-30   9.3219756e-03   1.8605173e-35   1.5249180e-21   1.1192170e-20
   2.0903211e-03   1.2011479e-58   6.5477058e-63   9.3121749e-22   3.6537682e-35   3.4178620e-45   1.0316215e-02   2.1738969e-38   1.9265720e-25   3.5617310e-31
   1.8365702e-03   6.7500701e-55   3.3195542e-65   6.2563416e-21   6.3143104e-26   2.9440850e-49   8.9802558e-03   3.2325978e-33   2.0500106e-23   1.1402613e-31
   1.9422703e-03   2.9488515e-53   4.6846492e-60   4.8668917e-16   3.2844629e-26   7.5508509e-46   8.6927300e-03   9.7003255e-36   4.5951922e-30   1.9330199e-31
   1.8958503e-03   7.2271498e-55   2.2959689e-56   1.0426864e-09   4.6621997e-32   1.2908133e-40   1.1244126e-02   8.8685740e-31   2.3690637e-35   2.9436422e-24
   1.6790854e-03   1.5630622e-43   8.6429293e-59   6.9091748e-12   1.5819749e-18   9.2796015e-43   1.0794760e-02   1.0305503e-25   1.6205927e-25   1.3250245e-11
   1.7446517e-03   2.3417146e-47   6.9401876e-46   2.4463977e-13   1.8979938e-24   3.3486746e-31   9.4154069e-03   2.4602074e-27   1.9279272e-14   3.3992682e-18
   1.9577357e-03   2.4308252e-44   5.9747607e-46   4.1346301e-13   2.2042118e-25   5.3432413e-30   9.6554887e-03   4.1384025e-27   1.9680294e-16   3.4451983e-25
   2.0934158e-03   3.2425833e-44   6.8316600e-57   1.7921251e-15   6.5458454e-28   1.5707392e-36   9.0679381e-03   2.9427082e-29   5.9815459e-28   4.5761900e-28
   2.0060594e-03   8.9858998e-37   4.6004510e-52   1.6397761e-11   1.8594205e-26   1.2016971e-33   9.5937996e-03   2.9369071e-30   8.8282872e-21   1.0848529e-22
   2.0541447e-03   9.7271413e-41   2.6155460e-62   1.6351547e-12   2.2352977e-26   1.7090086e-42   1.4220350e-02   2.1649140e-29   4.6424716e-23   1.5177005e-29
   2.2273140e-03   2.1978579e-49   1.2375926e-63   2.6400244e-10   6.2779478e-33   1.4528985e-51   1.6864113e-02   2.1991246e-30   9.8902444e-29   1.3778019e-32
   2.2359060e-03   8.8853457e-37   1.8173588e-58   4.1689686e-10   1.9762472e-24   2.3102528e-38   2.3390227e-02   4.1937876e-38   1.0329942e-40   6.5251901e-32
   2.0743137e-03   3.7393357e-35   2.6233658e-63   2.5569592e-12   2.7671940e-20   2.0209202e-30   2.4535257e-02   7.3745563e-32   4.7740028e-38   4.6872468e-27
   2.0872462e-03   5.1851567e-24   2.1139441e-59   3.7816868e-09   3.8904466e-21   3.3690908e-31   2.0242992e-02   4.0992846e-29   1.4423617e-24   3.5102470e-27
   2.1452340e-03   4.8286604e-22   1.3713481e-52   3.7870697e-10   8.5398274e-28   1.0604259e-37   1.7698162e-02   3.2391421e-34   1.4874389e-26   2.7836995e-21
   2.1948172e-03   6.7542027e-33   2.5999981e-68   5.5464316e-16   5.0208210e-32   4.3719612e-45   1.8566760e-02   6.2817998e-39   6.4681584e-30   1.5706100e-29
   1.9748192e-03   4.5957267e-32   1.2678861e-63   1.8606057e-10   3.5791540e-18   7.2611909e-45   1.9284521e-02   7.4562247e-30   3.2185352e-35   1.9401182e-25
   1.8789652e-03   7.7997592e-21   2.1081711e-60   6.0149919e-06   9.8737864e-13   1.0796707e-48   1.8566072e-02   3.5658374e-27   1.0248837e-18   4.8265105e-26
   1.8533552e-03   5.2491581e-22   9.1361153e-60   5.2689135e-12   7.1652243e-14   2.2022474e-44   1.5797703e-02   2.5285287e-27   2.5872315e-16   4.1812788e-25
   2.1823749e-03   1.4389690e-37   1.2465929e-54   5.0899767e-20   4.8686761e-13   2.9871599e-46   1.4966347e-02   8.9499692e-34   2.1794792e-22   1.7754649e-30
   2.2033981e-03   1.7828331e-23   2.3147647e-45   7.5124815e-17   1.5647070e-12   9.6469832e-35   1.2210366e-02   1.1338783e-35   2.0177701e-16   1.1473188e-26
   2.0028331e-03   2.5947899e-34   1.5110325e-38   1.9371105e-11   1.7383366e-14   7.3400234e-29   6.2455814e-03   4.7723274e-26   4.4135973e-08   1.0918279e-24
   2.3758985e-03   3.4081769e-29   1.6905578e-36   2.6650505e-13   2.6142708e-10   1.5878196e-34   4.8144054e-03   1.4576335e-25   1.9992939e-20   1.2794432e-26
   2.2666325e-03   3.0548401e-39   1.9818563e-52   1.5383816e-12   6.5228042e-05   1.3098635e-41   8.1455210e-03   1.0926278e-24   5.2619376e-37   8.9060444e-28
   1.9849393e-03   7.9068610e-45   2.0023636e-57   1.1837544e-11   2.6801099e-04   8.5279287e-39   7.5452675e-03   4.5593565e-21   7.7123665e-21   8.4766551e-26
   2.2163670e-03   3.9241762e-32   5.5619289e-45   2.5422172e-12   9.5828468e-05   8.7409558e-30   5.7913130e-03   7.2384515e-22   7.1073924e-27   1.6304929e-22
   2.2299597e-03   3.4089055e-38   4.9042292e-38   1.9421410e-13   2.3205352e-05   3.4776025e-36   4.2478136e-03   1.9344714e-23   1.1429968e-22   1.0043250e-23
   1.7976550e-03   5.7981457e-42   3.3444832e-21   1.3375973e-07   2.5108667e-04   9.7343617e-30   4.2968660e-03   3.2701325e-18   2.3103499e-24   7.3382023e-18
   2.0814005e-03   8.0213070e-46   1.1060092e-22   6.6911447e-10   1.0905030e-04   6.8607869e-38   3.1161762e-03   5.1292250e-27   5.0057486e-32   2.0037980e-22
   2.0598122e-03   2.4093041e-45   1.2157180e-16   4.5528069e-14   1.7368380e-04   1.9960638e-47   2.5055337e-03   8.2655582e-29   1.2811627e-16   1.6604624e-28
   1.9932772e-03   3.9074212e-40   1.2352306e-25   9.8572492e-17   1.2103533e-04   1.4014906e-33   5.3042891e-03   1.9434661e-25   5.4408189e-19   2.1611624e-25
   1.9517242e-03   8.5323428e-38   3.4275584e-22   1.1872711e-13   1.5582704e-04   2.9699937e-40   4.4787359e-03   8.5723907e-25   5.3860085e-11   4.5011386e-22
   1.8320179e-03   5.3317162e-42   1.6423964e-17   4.5077973e-12   3.1541196e-04   4.7167607e-42   2.5449541e-03   7.6744362e-22   2.7197975e-15   7.4803139e-21
   2.0797994e-03   7.2566963e-43   3.4296084e-21   2.0511865e-12   1.3524460e-04   1.4727776e-42   2.2130062e-03   4.9895544e-30   7.8305777e-24   1.9286047e-21
   2.2089490e-03   1.7465536e-40   4.1892923e-34   9.7221991e-10   2.3233567e-04   1.2230774e-47   1.3858429e-03   3.7037413e-29   5.6664046e-18   1.6397415e-24
   2.0316383e-03   1.7223667e-30   2.0950121e-39   1.2231048e-09   2.5539768e-04   9.8971251e-32   1.7424280e-03   4.5597212e-20   1.1992668e-08   4.4679331e-24
   1.7566356e-03   3.0272172e-29   1.4827568e-34   2.0028307e-11   2.5471852e-04   9.6411261e-23   5.3551681e-03   4.6839634e-15   2.5826526e-05   9.4184575e-25
   1.7709185e-03   5.2043520e-39   2.7094108e-19   7.6232655e-18   2.4242691e-04   2.3915837e-23   7.4479532e-03   1.3863229e-17   4.3492718e-12   1.4261135e-21
   2.1670412e-03   1.4766747e-37   6.5852661e-19   2.0732580e-19   2.6291485e-04   3.9105334e-23   6.7540322e-03   1.0010787e-14   2.1279594e-13   2.2136969e-25
   2.1491416e-03   8.4859647e-38   1.1528794e-24   5.0848588e-15   1.1695786e-04   3.0277198e-36   5.8503085e-03   3.1264496e-13   2.1632111e-14   1.3127489e-29
   2.0349491e-03   7.6753274e-44   1.8216742e-22   1.1566418e-14   8.1116024e-05   7.6127516e-31   5.8866369e-03   3.1615081e-17   1.0917518e-37   5.0841224e-25
   2.0224103e-03   1.3794469e-36   2.3196125e-13   3.2024862e-13   9.0594401e-05   4.4923567e-34   4.8262561e-03   6.5497733e-16   4.6310802e-18   1.2781857e-25
   2.2427765e-03   7.0422970e-38   9.5840813e-20   2.6214299e-20   6.2474637e-05   1.0132528e-35   3.0954172e-03   3.4940875e-19   1.4830549e-26   1.7696064e-29
   2.1224541e-03   4.3818715e-37   1.5226607e-19   5.9299325e-20   4.3158767e-05   5.8359926e-31   3.8083464e-03   3.9272187e-22   6.0526635e-28   9.5525423e-27
   1.8130371e-03   1.1708616e-39   1.6536505e-16   9.0499840e-14   7.7577343e-06   4.8073499e-30   4.5518334e-03   9.6276966e-17   2.7966797e-20   1.2741205e-23
   1.9335979e-03   8.1587122e-32   2.6091902e-15   6.7515429e-15   5.7480836e-08   8.3369930e-29   4.9342808e-03   1.2221521e-17   8.4295339e-23   1.1819611e-23
   1.7115215e-03   5.3744047e-22   5.1984431e-20   5.0995265e-09   1.0606043e-07   2.5464664e-24   5.2736862e-03   8.2502503e-12   2.0574444e-06   1.7763816e-20
   2.0344007e-03   2.1793261e-32   9.2478472e-39   3.6591551e-15   8.2120559e-13   3.3774493e-40   5.3586934e-03   8.0067448e-20   6.8064469e-11   1.4812707e-33
   2.0484773e-03   1.0101601e-36   3.8725979e-30   3.7117346e-17   3.0081175e-11   4.2460784e-43   7.1407158e-03   1.9480822e-23   2.9820468e-16   1.7537129e-30
   1.9332814e-03   2.6736863e-34   1.4298958e-28   5.4419837e-20   4.3343436e-27   3.9987927e-32   6.1028509e-03   1.0770332e-20   1.9985204e-16   8.0456802e-29
   1.8176533e-03   5.2261316e-31   8.0829862e-19   1.4054392e-14   6.9809079e-19   1.1673941e-33   5.7460493e-03   2.1141032e-13   9.8716855e-08   9.5769332e-26
   1.7763238e-03   2.6536310e-35   1.0844472e-11   5.9729220e-17   9.3291270e-22   5.9527231e-38   5.4481320e-03   2.3140702e-11   2.2915337e-05   4.2578875e-23
   1.6873646e-03   1.4864464e-39   7.4852700e-12   5.5509310e-20   1.7398223e-17   2.5185203e-37   7.1600347e-03   4.2200025e-08   1.0656643e-04   3.1142563e-24
   1.9126025e-03   2.5298887e-32   2.7543618e-24   1.4336482e-18   2.3143575e-19   2.3653237e-39   4.7642187e-03   6.1296268e-13   8.7347063e-05   1.2337565e-27
   2.0846946e-03   2.0622044e-33   5.1136826e-21   1.4716190e-15   3.1420040e-13   2.6351359e-50   3.7805728e-03   7.2242315e-18   3.3636278e-06   1.9971321e-27
   2.1811707e-03   3.1880942e-37   1.0355314e-29   4.8733048e-17   1.4367482e-15   1.8327517e-44   2.8782071e-03   4.7199532e-20   1.0866178e-06   7.1200008e-28
   2.2299145e-03   3.8426955e-42   9.3487896e-29   2.1831681e-20   8.4633720e-13   5.7960162e-37   6.7139576e-03   1.2472399e-16   1.9613233e-05   9.2288669e-30
   1.7924511e-03   2.0268903e-40   4.0725810e-25   2.4633423e-20   4.5711581e-12   9.8840855e-28   6.3938971e-03   3.3012851e-13   8.5841371e-05   5.4448916e-24
   2.0082575e-03   2.6754022e-45   8.5166714e-42   4.4232228e-24   2.9381387e-14   6.0925439e-39   4.7515816e-03   1.2521329e-12   4.9135805e-09   7.3560025e-22
   1.8805938e-03   3.0602249e-44   6.2034901e-31   5.7843352e-24   5.1540876e-07   2.2623858e-21   6.8325929e-03   2.3340525e-08   2.8800840e-05   3.1590674e-20
   1.3845124e-03   1.3230525e-31   2.5221073e-15   3.7340499e-12   3.4232078e-05   1.7430903e-18   6.5442514e-03   1.0038133e-08   1.1681337e-04   3.2338684e-13
   1.2291882e-03   1.3438473e-19   2.0753386e-05   5.3328000e-07   5.6637081e-08   2.4104903e-13   5.0850118e-03   5.0796866e-06   1.1202923e-04   4.0401974e-09
   1.5447920e-03   2.2360200e-33   1.1046017e-10   8.1811448e-12   4.1549170e-16   3.1029349e-20   4.7378951e-03   7.8379536e-08   9.9719775e-05   7.2038699e-18
   1.4215120e-03   2.3509697e-36   2.0892240e-19   2.9330575e-14   8.9042031e-13   4.9984699e-28   5.3626568e-03   5.2013249e-08   1.4280279e-04   1.9739532e-17
   1.2436200e-03   3.7695829e-32   1.4276644e-04   1.7328768e-10   3.2457271e-11   5.0491408e-25   5.8945222e-03   2.5600465e-06   2.1569700e-04   7.8440327e-16
   1.0385244e-03   3.7454325e-39   1.5907734e-04   1.4681313e-15   1.0648136e-11   8.2905233e-29   7.2211851e-03   1.3798109e-05   6.4396977e-05   3.3638920e-11
   9.6213528e-04   1.3263010e-28   2.6654748e-04   9.3920349e-18   6.4281550e-19   1.2972729e-26   7.0951770e-03   3.0290327e-07   6.8052023e-05   2.0321743e-15
   1.1262959e-03   1.0490997e-21   2.7512579e-04   2.0100794e-11   1.5063281e-23   2.8667199e-30   6.7570824e-03   9.4465161e-08   1.1621249e-04   1.2614843e-14
   1.1061517e-03   3.2007459e-23   8.9390690e-05   2.3489156e-07   4.7632928e-27   7.9420353e-26   6.9680240e-03   2.2149869e-05   9.9296402e-05   8.3013296e-15
   1.2674199e-03   3.5981290e-18   1.0094566e-20   1.7879714e-13   3.7844200e-26   2.8104645e-32   3.8788992e-03   1.7631825e-05   1.6522289e-04   8.6346325e-15
   1.2809371e-03   1.7668453e-16   1.5843039e-10   7.5027562e-16   1.5161969e-27   1.4011267e-19   4.3686227e-03   4.9592345e-05   1.9133874e-04   3.0776361e-11
   1.2743339e-03   8.1573629e-29   1.1088772e-14   3.3084915e-17   8.8058343e-37   1.3855395e-28   5.4590015e-03   5.1206872e-05   9.4642027e-05   3.8418499e-14
   1.2671689e-03   1.1109270e-20   1.1479171e-18   1.1653436e-21   4.3473015e-26   2.7557055e-36   7.1455703e-03   3.1732328e-09   8.6692021e-05   2.8738333e-18
   1.4097702e-03   3.3920230e-18   1.2574199e-22   3.8256533e-25   3.1231792e-36   5.6832043e-30   5.7369277e-03   1.3642258e-05   1.8712206e-04   3.7400217e-21
   1.2899086e-03   2.1848774e-25   3.4221395e-17   7.0339472e-17   1.5160206e-32   3.5717936e-28   4.7160640e-03   4.5769884e-05   1.0072708e-04   1.4020668e-17
   1.0389017e-03   5.0556829e-32   1.1928285e-04   5.8282823e-13   3.8543217e-29   2.6044043e-29   5.6273006e-03   1.0232944e-04   5.0387214e-06   1.6897985e-13
   1.0654608e-03   1.4948376e-18   1.7186450e-04   8.4496515e-12   1.6823865e-31   3.5339818e-22   6.1147032e-03   3.0216698e-05   2.5025713e-04   1.5512652e-15
   1.4315522e-03   2.4421932e-20   1.2985491e-13   2.9612693e-19   5.7647537e-38   3.9651699e-24   4.2038267e-03   1.4607087e-05   8.6886059e-05   1.0230251e-17
   1.1351418e-03   1.4977087e-21   1.6399823e-04   1.0945879e-18   1.8095725e-33   8.4430551e-28   5.1522683e-03   9.8487548e-05   5.1543831e-05   6.0766988e-16
   8.0441175e-04   7.9302444e-30   2.3062263e-04   2.7169453e-15   2.7537769e-27   2.9064398e-35   6.0883720e-03   1.8085797e-04   2.2312237e-04   1.5989242e-09
   8.9143328e-04   2.1300545e-31   1.0808114e-08   9.6298867e-14   9.3119620e-33   1.6025841e-34   5.9755465e-03   1.9426821e-04   1.4409168e-04   3.5692635e-11
   8.5209962e-04   1.8850491e-30   6.0958545e-25   5.0139259e-18   2.1837533e-21   2.0953655e-39   6.8896845e-03   1.7280164e-04   1.7703982e-04   1.6031797e-17
   8.6768999e-04   3.0566917e-27   8.0162540e-10   1.4269504e-10   2.8162070e-15   7.7663742e-28   5.1869072e-03   5.3650958e-05   2.4784027e-04   1.2307147e-12
   8.0233729e-04   3.8965974e-20   6.2368501e-07   1.0003959e-07   1.9280796e-19   2.9378788e-27   3.9129719e-03   1.4457877e-04   1.0705001e-04   2.3954303e-06
   6.9313017e-04   5.9508062e-14   1.7694274e-05   2.6874009e-07   8.0653677e-31   1.5815381e-21   3.1130836e-03   1.3538175e-04   1.5742977e-04   6.7805323e-06
   7.5699610e-04   3.7847891e-20   8.8963162e-05   9.1712919e-12   2.3807352e-30   2.3844490e-25   4.8095886e-03   7.4389427e-05   3.0717515e-04   2.6360920e-09
   9.0813049e-04   4.4149053e-25   9.0589169e-05   1.5359712e-13   3.0623568e-28   7.3587351e-26   6.8952386e-03   3.7129320e-05   3.2335711e-04   1.1271959e-10
   7.3979012e-04   3.3716229e-12   7.8769800e-05   2.8879712e-10   4.7923039e-25   1.6031351e-22   6.7548610e-03   1.5931281e-04   2.1772667e-04   8.0851409e-12
   7.7364363e-04   1.1694164e-05   1.1169034e-04   3.9163782e-07   8.1796782e-28   4.9521809e-21   4.6294205e-03   2.4566006e-04   4.1329773e-05   1.4506180e-10
   8.5075300e-04   2.0035645e-11   6.2592879e-05   1.1267712e-11   1.0671842e-37   3.0237362e-26   3.4407727e-03   2.5079645e-04   1.3921625e-04   2.9073476e-15
   8.7152389e-04   4.8322677e-19   1.1223488e-04   1.0091517e-15   2.8705942e-21   6.6059541e-28   5.0224634e-03   1.9011494e-04   4.4751277e-04   3.7621746e-13
   8.2814374e-04   1.5139099e-17   1.0429036e-04   7.3586444e-09   4.9665343e-12   6.9920545e-25   5.2242716e-03   1.0258772e-04   3.9548254e-04   9.1294566e-11
   8.0375131e-04   2.2413477e-12   2.6913550e-08   2.4174641e-05   3.8763495e-17   5.3900082e-28   3.2634086e-03   1.1938585e-04   2.6901028e-04   7.4932363e-14
   9.0668985e-04   5.7273329e-13   1.0878535e-10   2.7762537e-13   3.7390994e-12   6.3583984e-28   2.2498611e-03   2.0424539e-04   2.7441340e-04   4.7657030e-14
   8.5458066e-04   1.6934131e-05   2.1594328e-14   1.7174503e-16   2.4255505e-22   1.8968161e-19   2.8525303e-03   1.4228071e-04   1.1343660e-04   4.2247072e-11
   7.4300858e-04   1.1904339e-09   1.3896337e-04   6.1668753e-11   3.6265619e-11   1.6947985e-16   4.1429604e-03   1.6900881e-04   1.7273998e-06   7.6048593e-12
   6.6855314e-04   7.1200240e-05   1.8221198e-04   4.3294833e-16   3.8222336e-11   1.8567691e-06   3.6335662e-03   3.1079494e-04   1.4885740e-04   2.1919472e-13
   6.3938716e-04   1.5468779e-13   9.3010891e-05   1.7270890e-14   1.3677083e-06   4.5407582e-15   4.1409040e-03   4.0282040e-04   8.9378346e-05   1.2808404e-16
   7.7079958e-04   6.5621798e-19   9.8308429e-05   4.7887335e-12   2.1992631e-05   4.0622972e-20   3.8319270e-03   2.6779233e-04   1.0795972e-07   3.9269627e-13
   7.8698470e-04   2.7869227e-09   1.3931782e-04   1.4290498e-13   1.9261517e-06   1.8932139e-17   2.4396160e-03   3.0630066e-04   3.9978828e-05   6.5431859e-10
   6.6551235e-04   3.7636610e-04   1.5006907e-04   1.6994833e-15   7.2818711e-05   7.2364485e-13   3.1838512e-03   3.0282395e-04   9.1260223e-05   1.8357444e-11
   6.1411288e-04   2.9536011e-04   3.1970190e-04   2.0442970e-19   1.1376023e-04   4.4398088e-11   3.5816949e-03   3.9169060e-04   3.7204572e-05   3.6382495e-14
   6.5138000e-04   1.0977270e-04   4.8018647e-04   3.0216196e-13   1.0156312e-04   6.9277001e-12   3.6406107e-03   2.4666359e-04   1.5998459e-04   5.2227928e-11
   6.7582064e-04   3.3123470e-06   3.3204406e-04   1.3842404e-07   5.5162912e-05   1.2285845e-17   1.9905291e-03   2.5367127e-04   1.8922474e-04   1.0045293e-09
   5.3636166e-04   8.0372316e-10   1.5093977e-04   3.2812213e-05   2.6226184e-05   3.8253896e-17   1.3829819e-03   3.4626566e-04   9.3437748e-05   2.0650498e-09
   5.6946329e-04   4.3830513e-11   1.2666395e-04   3.3490598e-11   1.5435528e-05   4.8591110e-21   1.5134894e-03   3.3571995e-04   1.0418156e-04   7.0736926e-14
   6.1697167e-04   8.7811350e-05   7.0140468e-05   7.2594854e-11   2.2055554e-10   1.2127054e-19   1.9481541e-03   4.5622813e-04   1.5534880e-13   5.9645818e-14
   6.0457204e-04   5.2752610e-05   9.7720583e-05   9.6166340e-11   1.1600480e-12   1.1781301e-28   1.3789593e-03   3.5086387e-04   2.1588055e-07   6.9296378e-11
   5.8267957e-04   3.5632096e-17   1.7561285e-04   2.2135744e-16   9.4062761e-13   5.7597223e-23   2.7112655e-03   1.8035805e-04   1.1485700e-04   1.5780219e-11
   5.1871706e-04   3.9880190e-23   2.7487482e-04   2.3794993e-16   1.3666638e-13   4.6575607e-30   1.8990757e-03   2.6834066e-04   1.6959009e-04   3.6561817e-13
   4.1474035e-04   5.8693433e-24   2.4676756e-04   2.3839741e-14   3.6308517e-14   2.4451951e-32   1.5120879e-03   2.4579610e-04   1.4403380e-04   3.2391475e-08
   4.0538396e-04   2.4640402e-11   2.0479320e-04   6.2283584e-08   1.6604368e-14   3.1938170e-22   1.5667000e-03   1.4674810e-04   1.4943401e-04   4.6840553e-08
   4.3679596e-04   6.1520839e-07   1.7865198e-04   1.2403233e-05   3.1519204e-13   7.7004065e-23   1.9857692e-03   1.2790574e-04   1.8029844e-04   8.9502731e-10
   4.7903859e-04   1.4128736e-16   1.8309516e-04   2.3538991e-10   1.0425721e-16   1.3707627e-29   2.0998450e-03   1.9580838e-04   1.4413164e-04   2.0392387e-12
   4.0020176e-04   3.2304131e-22   1.5485567e-04   2.1940680e-10   3.2378993e-15   3.6849344e-29   1.5625957e-03   2.5935834e-04   2.1026631e-05   3.1933788e-12
   3.2430559e-04   4.1478591e-17   5.5234556e-05   9.3937537e-13   6.4885098e-16   5.6496450e-25   1.6679530e-03   2.8843402e-04   3.2308125e-15   3.3750546e-06
   3.8021760e-04   2.5808874e-17   1.5125651e-13   1.1410902e-10   6.4751737e-16   5.1056252e-34   2.6452963e-03   1.5445388e-04   1.3816414e-04   9.2184949e-09
   3.7419187e-04   1.6895689e-29   9.4414033e-20   3.5462906e-13   7.9377943e-20   7.8050619e-47   2.1452703e-03   1.7420305e-04   1.6020774e-04   4.4714047e-17
   3.7404422e-04   2.0234637e-25   9.0941471e-06   2.7658725e-18   8.7693123e-28   1.6726200e-41   2.2793572e-03   1.6118170e-04   1.5760857e-04   2.5756367e-15
   2.9864886e-04   1.3882728e-30   5.3338295e-05   2.2926871e-15   2.7825683e-38   1.9863693e-39   1.5654906e-03   1.1424878e-04   2.0324164e-04   2.3186017e-19
