   3.3057064e-03   5.5817438e-08   1.2261064e-23   2.8524107e-16   3.4634845e-02   1.0220984e-03   3.6590589e-03   3.2401127e-02   2.4753698e-03   1.5231394e-05
   3.3576431e-03   5.5576311e-11   4.5522973e-26   7.5615516e-26   2.5947810e-02   6.6149915e-04   2.7592147e-03   3.2362322e-02   1.4108232e-03   1.8205636e-03
   2.7011889e-03   7.9968109e-25   7.1590940e-34   2.8414475e-24   1.8202233e-02   7.8847416e-04   4.5497398e-04   2.0794282e-02   2.1092188e-08   3.1529730e-03
   2.1547435e-03   2.3746434e-03   7.7466234e-30   2.0471251e-34   5.0938774e-02   2.0725874e-03   1.0767682e-07   1.7956087e-02   3.5400669e-05   3.0050710e-03
   5.8536006e-03   2.9958009e-05   9.2183210e-57   1.4345075e-28   2.2390862e-01   3.1240755e-04   1.6720519e-04   6.3058792e-03   2.1792626e-02   5.1476315e-04
   2.3384851e-02   2.7146559e-09   4.1086869e-28   3.4493861e-08   2.5186777e-01   3.9714841e-21   6.0197060e-04   4.0970543e-15   1.6486941e-01   6.7526709e-23
   5.2989396e-02   2.4225986e-11   1.0378460e-32   1.5403552e-02   2.9294271e-02   2.1591293e-19   1.3978900e-07   9.2019817e-31   1.2231436e-01   1.9878300e-14
   3.6747870e-02   1.4949678e-16   1.7375968e-41   2.4700750e-02   8.2445028e-15   5.2936193e-06   2.5612156e-12   4.2902124e-19   2.0159910e-07   1.8083390e-02
   9.6032883e-03   5.1996643e-13   1.2065147e-54   5.9594600e-16   2.6478894e-02   8.5653532e-03   6.7655915e-22   7.6710368e-05   1.7775306e-21   3.4131348e-02
   5.7043977e-03   7.7750473e-04   5.8986639e-55   1.0600899e-35   9.1565720e-02   6.7668472e-03   4.9462871e-26   1.0534755e-03   7.5317029e-05   1.2247291e-02
   6.5421424e-03   2.9123798e-05   1.5366171e-46   5.4778506e-32   9.6130498e-02   3.5895015e-03   8.8499972e-12   7.2850013e-05   8.3359304e-02   7.0405617e-03
   1.7131571e-02   1.8542131e-11   2.2080199e-17   3.6465953e-16   4.8293782e-15   1.5943501e-04   8.5391475e-10   8.6081643e-20   1.9328642e-01   2.0286445e-22
   3.6742777e-02   1.0273898e-12   1.1865615e-23   4.2772763e-02   1.0276976e-28   1.8793642e-23   1.0548760e-15   2.5398597e-41   5.4501130e-02   1.7643984e-47
   2.8943596e-02   2.4820383e-23   1.8239916e-35   8.4461668e-02   1.7192162e-04   1.7604611e-15   2.1333127e-18   8.9137892e-33   7.8128287e-23   2.7238405e-08
   1.3774330e-02   4.7403704e-15   8.1143375e-55   3.5181502e-03   4.0365009e-02   2.7609720e-03   3.2340885e-34   6.5543197e-20   2.1443911e-26   2.9378668e-02
   6.7041458e-03   2.1059768e-02   2.3213194e-50   1.8717054e-40   5.5434052e-02   6.0326975e-03   7.8952842e-24   4.2289235e-09   3.1262704e-04   3.5263246e-02
   6.6537733e-03   3.9713390e-02   4.9115048e-27   1.5641641e-60   9.8306324e-04   4.4280455e-03   3.0815061e-25   1.9706349e-04   5.2890000e-02   1.7951994e-02
   1.1589241e-02   5.3751743e-03   9.4983138e-15   2.3640830e-21   1.0211671e-27   1.3855424e-03   5.9323732e-17   1.7929576e-10   7.1959882e-02   8.0981898e-03
   2.0928896e-02   3.0205126e-10   7.9446693e-19   5.1472570e-02   7.0381457e-18   1.0638361e-07   1.6475899e-13   1.0418353e-26   2.3034990e-03   2.7012205e-05
   1.9336192e-02   7.9859625e-15   3.6679098e-35   9.6748540e-02   2.2047103e-05   1.2043006e-09   1.2770653e-15   2.3425992e-26   4.3234351e-20   1.7199032e-08
   1.5712527e-02   1.4847445e-02   6.1924738e-58   8.0751281e-03   1.1912524e-02   6.8499645e-06   2.7479260e-25   1.0892094e-17   1.4913416e-13   7.1075297e-07
   9.7128203e-03   1.1068734e-01   2.0595967e-60   3.6358494e-57   4.9552545e-03   1.1904666e-03   1.6411621e-22   1.0512979e-09   1.9082012e-02   1.1452432e-02
   9.2473136e-03   1.3751299e-01   1.9627859e-26   3.2526330e-60   5.0635761e-23   6.2671068e-04   5.1211294e-37   1.2225618e-09   5.9660885e-02   1.6441939e-02
   1.4441217e-02   6.1097930e-02   1.2640785e-17   7.7747567e-25   7.9117173e-29   3.1641419e-07   2.0198330e-30   4.0904238e-14   4.5134477e-02   7.8231879e-03
   2.1168532e-02   4.7703021e-05   1.2912956e-08   7.8225449e-02   1.8477467e-18   7.1826026e-19   7.1547568e-24   3.1391119e-27   8.2596007e-06   4.8992982e-03
   1.9114232e-02   4.1585587e-26   1.2212066e-08   2.1002943e-01   2.1666853e-17   1.2844608e-19   1.6315358e-22   8.2701792e-33   1.6541421e-29   1.2481284e-02
   1.7604054e-02   4.4422716e-24   2.9949625e-12   1.0359515e-01   4.9633736e-32   8.8566533e-10   3.7151423e-13   5.9229412e-23   3.5612332e-34   1.2745622e-02
   1.4578364e-02   3.8859128e-15   3.0141236e-15   2.2679745e-25   3.0241276e-26   1.3136910e-03   4.0393521e-08   2.0307477e-17   2.1659067e-11   7.4365782e-03
   1.1583375e-02   1.4933049e-25   1.5946497e-30   2.2699325e-45   1.2340981e-24   2.5788535e-03   1.0812906e-05   3.3208937e-08   1.1363943e-07   1.7146293e-02
   1.3687027e-02   3.5453201e-34   5.4313315e-03   8.5929165e-80   2.2853865e-26   1.0351852e-04   9.0698104e-08   6.2359256e-06   4.7477115e-13   3.2921107e-02
   1.0055960e-02   2.4331287e-23   1.7020877e-01   2.8555604e-36   4.8830913e-16   1.1460601e-08   1.4370184e-21   9.1828758e-05   7.0096918e-17   3.6585228e-02
   1.0770919e-02   1.1650749e-17   2.2501281e-01   1.9608868e-04   5.3195040e-25   1.1641465e-10   1.7259930e-21   2.3030269e-05   6.7272782e-21   5.2147406e-02
   1.0963843e-02   2.1612352e-05   1.6093909e-01   9.9950465e-06   4.9225421e-36   4.1416528e-04   5.5797030e-22   1.2573364e-08   3.5395083e-08   7.2419169e-02
   9.6378902e-03   2.8875679e-09   5.2681034e-02   3.7600723e-33   7.5279745e-28   5.0174535e-03   7.8728345e-10   1.0106837e-07   1.1495013e-03   8.3523826e-02
   9.2617108e-03   9.5474510e-30   9.0514310e-18   1.5149690e-76   3.2406092e-23   9.2063548e-03   9.4326473e-06   3.7360759e-13   1.1640392e-05   6.4361642e-02
   7.5052295e-03   2.3054726e-37   4.0118006e-17   1.3303222e-69   3.5653010e-20   1.0419938e-02   1.3419917e-05   9.9674241e-09   6.2816117e-12   3.3491653e-02
   5.0000827e-03   6.6639564e-34   5.1367240e-02   4.4594923e-63   1.8108223e-21   1.1154521e-02   5.4170235e-13   1.2557244e-04   4.9214928e-20   2.5731479e-02
   4.2395123e-03   8.8045352e-26   6.3799599e-02   3.4566278e-07   3.5778423e-20   1.0255503e-02   5.8743490e-06   5.7592858e-05   5.0130583e-19   1.3088285e-02
   5.1998007e-03   5.3997072e-32   1.2409150e-10   1.7892907e-08   6.1944633e-37   1.2692910e-02   2.8755804e-10   5.1608569e-10   2.0179302e-19   8.0313570e-03
   3.9842617e-03   9.5028889e-47   4.1634153e-07   4.8195545e-30   1.3554424e-34   1.5796330e-02   1.3533146e-06   1.9475996e-10   1.0298922e-15   1.3088716e-02
   3.2961243e-03   4.9178652e-45   2.6581693e-09   6.6353050e-53   1.8107922e-38   2.0710555e-02   1.8025780e-07   5.6200512e-11   3.9947449e-15   1.0285432e-02
   1.8803542e-03   5.6269568e-27   2.3096111e-02   4.0100638e-66   1.3424936e-27   2.6278225e-02   2.5412163e-22   4.0296140e-16   4.3153140e-15   1.8449020e-03
   1.3744393e-03   1.3164743e-05   4.9330204e-02   2.6038071e-55   1.2198057e-21   2.5407656e-02   1.9796342e-13   3.5621722e-08   1.4352776e-10   4.5659070e-16
   1.2682374e-03   5.3220814e-04   2.9479524e-02   5.5574841e-09   1.9643705e-30   2.1641208e-02   1.2310961e-07   3.4806617e-04   2.3831377e-12   8.8209250e-17
   1.5102814e-03   2.6412927e-12   6.2619331e-19   7.4667760e-04   7.1391358e-34   2.2989020e-02   2.3070139e-07   7.9228003e-10   2.5615260e-11   2.6835766e-07
   1.3407454e-03   2.1698467e-44   7.4539303e-48   5.7201804e-07   1.4390306e-25   2.7724306e-02   3.2410313e-13   3.3307960e-13   3.1835010e-16   1.1561761e-04
   1.3529879e-03   2.1750349e-39   2.4743750e-24   7.4679592e-32   2.7239857e-31   2.6711750e-02   9.7235520e-24   4.1110561e-19   2.4651122e-14   5.6661807e-03
   1.2654024e-03   3.8198907e-36   8.3909269e-07   3.9570820e-49   3.3124828e-19   2.2282021e-02   3.4875566e-15   3.5563911e-19   6.2210733e-19   4.9799727e-03
   9.1473888e-04   1.8519481e-12   2.1319631e-05   2.3659398e-57   1.5411161e-11   1.6389150e-02   2.5172793e-07   5.5153532e-07   6.7787895e-15   7.2666742e-03
   9.2162097e-04   3.8536744e-07   4.4889740e-06   7.1434547e-41   2.4542734e-17   1.7717749e-02   1.5753540e-07   1.7176458e-12   8.6395118e-09   4.1000071e-03
   1.1377869e-03   3.3826891e-19   3.1330314e-14   1.7795271e-07   2.8376949e-21   1.8181673e-02   3.3184439e-16   2.0991988e-10   2.9579802e-07   2.4549979e-03
   1.1702194e-03   5.3775892e-26   3.3326891e-16   3.0387174e-06   1.1648310e-14   1.6839360e-02   3.2524527e-19   1.9817900e-06   9.3350129e-08   1.7074539e-03
   9.0081482e-04   6.1572040e-15   2.5786909e-14   4.4816528e-26   5.6413583e-15   1.4100959e-02   3.7781647e-14   2.7007708e-09   1.3168838e-05   6.4449265e-03
   8.2089024e-04   1.0613012e-04   3.9276185e-03   1.2250326e-53   8.3919553e-13   1.1789205e-02   1.3255210e-21   1.6194801e-07   2.2231581e-06   8.1749740e-03
   7.2350585e-04   7.0933983e-04   9.0514445e-03   1.0354391e-25   2.3684994e-04   1.2364717e-02   3.3233029e-15   6.5233867e-05   2.6858542e-10   6.4166473e-03
   9.5070232e-04   1.2904785e-06   2.8434314e-05   4.4262317e-28   9.9193548e-21   1.2897751e-02   2.2917173e-10   6.8589963e-04   3.7658600e-12   5.9049503e-03
   1.0289865e-03   2.3326229e-13   6.4295014e-40   3.1466622e-03   7.5721987e-27   1.1736787e-02   2.1622135e-05   4.1063687e-04   1.0210189e-20   6.4044090e-03
   1.1136555e-03   1.4786535e-21   3.8679661e-34   4.4718992e-03   7.6946013e-22   7.8462903e-03   8.0809070e-06   5.2647067e-04   2.4030263e-18   8.7958581e-03
   9.1290957e-04   6.2567399e-23   2.0071119e-41   8.4772653e-04   4.8694277e-11   6.3577993e-03   1.9286946e-08   9.6185696e-04   1.7746009e-22   1.5853973e-02
   8.8870021e-04   1.0362741e-06   1.0801723e-04   4.0492298e-50   1.3686348e-14   8.5995169e-03   5.8220387e-09   1.1416708e-04   2.1787045e-14   2.0082978e-02
   7.6819331e-04   1.4927539e-04   7.1867694e-03   7.3795723e-60   4.8174438e-15   8.5627914e-03   8.5151996e-27   2.1845484e-04   2.3725124e-09   1.4407723e-02
   9.6226660e-04   1.4764041e-12   4.6135192e-03   1.0164500e-47   1.2112921e-10   9.0330516e-03   9.1895117e-21   2.0105374e-03   4.0946065e-06   8.3053980e-03
   1.1352181e-03   6.9994993e-17   1.0620369e-20   1.2256066e-08   2.8627493e-13   9.1004263e-03   3.8093719e-13   1.8796386e-03   6.0906344e-08   7.5139423e-03
   1.1134163e-03   2.6278844e-07   6.7367951e-24   3.2710151e-04   4.3256353e-11   8.6217938e-03   2.6595886e-15   1.4871623e-03   1.0869867e-10   1.4757235e-02
   9.2592347e-04   5.0181886e-05   4.3152578e-21   2.9524240e-14   3.5985641e-05   6.9373444e-03   8.3827154e-25   1.9948934e-03   4.7239091e-07   1.5945659e-02
   8.7765451e-04   5.9493327e-05   2.8842811e-21   1.7541654e-32   8.0145477e-04   7.9912103e-03   2.7577041e-18   1.7675004e-03   2.2265196e-06   2.1194654e-02
   8.4183383e-04   3.0518907e-20   3.7482023e-24   3.9705940e-31   9.6489258e-04   7.7665312e-03   1.7474896e-11   1.9874533e-03   9.5210668e-06   2.5863857e-02
   7.8661161e-04   4.8017486e-29   6.7835442e-18   2.6704427e-24   3.7746461e-07   7.9615172e-03   2.4536444e-13   9.0252952e-04   2.9162099e-03   1.9571624e-02
   1.1278064e-03   4.4038065e-36   1.5074565e-54   1.5405537e-04   4.3745672e-06   1.0317666e-02   9.9929570e-10   2.5579404e-04   2.0403458e-03   8.8385101e-03
   1.3773851e-03   4.1027176e-16   1.8710655e-26   3.9092611e-03   1.9919842e-03   1.2628700e-02   3.8165507e-16   8.0458641e-04   4.1928804e-07   3.9112090e-03
   9.2989959e-04   4.2461393e-05   1.0281645e-41   3.7674991e-03   2.6477416e-03   1.1766068e-02   3.3245467e-05   5.7888114e-04   1.4522623e-12   5.7035724e-03
   1.1557300e-03   3.9010736e-13   3.3763190e-09   1.4750233e-23   1.9642474e-03   1.1331310e-02   4.9656593e-11   9.3226293e-06   2.7153466e-08   7.8280112e-03
   9.0251463e-04   6.2003608e-27   4.8213078e-03   3.6695922e-54   6.0323607e-04   1.7509748e-02   5.8066946e-10   5.7518665e-12   2.4061156e-03   5.8358623e-03
   9.5677112e-04   1.3085051e-36   4.8268947e-03   4.2730700e-34   9.3633210e-13   2.0523296e-02   1.7863856e-20   3.7566639e-10   3.8118190e-03   3.5496717e-03
   1.0555538e-03   5.0513316e-25   1.9369217e-20   1.2095731e-16   3.9107010e-10   2.1151118e-02   5.9106198e-21   1.0348467e-08   3.1089345e-03   1.3090420e-03
   1.2095474e-03   6.6919931e-09   3.6985793e-21   2.0509359e-03   9.9631851e-04   1.8349450e-02   3.3948538e-16   1.0856344e-11   5.7359977e-05   3.9134432e-20
   1.0951256e-03   1.3924344e-07   1.2597919e-28   1.6903729e-03   1.8254059e-03   1.4209198e-02   1.1187133e-14   1.6522190e-05   3.9092908e-09   9.0354038e-18
   1.1940297e-03   1.2798164e-30   1.6432523e-15   2.0615362e-23   9.0542061e-04   1.4320567e-02   7.9969274e-27   2.3485597e-05   7.4049865e-07   2.9781529e-16
   1.0022388e-03   2.8251838e-47   5.1485873e-17   7.2510014e-27   6.7966727e-11   1.4926515e-02   1.4297760e-22   2.7161859e-06   4.8574615e-03   5.7166528e-21
   9.3044537e-04   5.3798092e-57   2.5853736e-20   1.3444353e-22   8.5824293e-04   1.6723252e-02   5.2951416e-22   3.2744171e-13   4.8489723e-03   5.9115849e-27
   1.0954942e-03   3.7809386e-31   1.2494257e-41   2.9831644e-28   1.0684487e-03   1.5743854e-02   5.2689449e-11   1.3909490e-09   3.9265708e-04   3.2871303e-20
   1.3235869e-03   3.4516511e-22   4.1625686e-13   1.8008401e-03   5.9403310e-04   1.5141862e-02   6.7141944e-34   6.5951609e-10   1.6635333e-09   4.3826242e-14
   1.5596863e-03   8.1838096e-30   1.8709815e-36   4.1924586e-03   9.3730864e-09   1.2778892e-02   1.9882275e-12   8.6237176e-06   5.8176370e-10   3.1051381e-17
   2.0129385e-03   4.5405265e-34   1.3117168e-25   4.1013959e-10   7.9588215e-30   7.1077357e-03   1.8476725e-04   1.7606846e-05   1.0228479e-03   4.6490962e-22
   1.9413425e-03   1.2172797e-45   1.0364169e-10   9.8951488e-65   3.9164153e-22   3.8550309e-03   8.6932426e-18   1.6025629e-03   2.8421151e-03   2.5307955e-09
   2.3417063e-03   1.4873864e-49   1.3960723e-12   1.5149372e-60   9.1094720e-26   2.1789623e-03   2.0440298e-23   1.4851904e-03   2.4496092e-03   7.2138844e-12
   2.4593126e-03   8.6370567e-41   1.2064380e-46   2.4579824e-47   4.6624872e-25   1.0220869e-03   5.9558973e-16   1.0372969e-03   1.1110034e-04   6.2531281e-05
   2.8439444e-03   1.8626517e-45   1.7684381e-33   1.1697314e-16   3.6284679e-26   2.1661651e-03   1.9412792e-13   1.0631358e-03   1.6981028e-13   5.2163436e-23
   2.8246652e-03   5.2039267e-54   2.2426772e-45   4.9272601e-03   7.4958764e-20   3.7081751e-03   2.5998027e-10   1.2101814e-04   2.6597054e-21   6.3456560e-24
   3.3418994e-03   3.1871029e-58   3.4325790e-28   2.4361739e-10   1.1662974e-14   3.3016712e-03   7.2076048e-05   1.3064570e-04   1.0403073e-09   8.3863541e-26
   3.1237375e-03   6.1928460e-49   5.0177025e-14   2.1478645e-31   4.2897791e-13   2.7787785e-03   2.1903539e-24   6.0384074e-04   5.6392950e-06   2.0947215e-22
   2.8951376e-03   1.2645010e-40   3.5324421e-16   7.5962685e-39   7.8663026e-19   2.1747909e-03   9.0692462e-24   8.7230151e-04   9.6694265e-09   1.3061009e-17
   3.7038829e-03   7.9567298e-40   1.0083875e-30   3.4814633e-49   1.1135924e-36   8.8087262e-04   8.6366862e-26   6.7082500e-04   1.1907460e-16   3.2907612e-14
   3.8227360e-03   1.5382735e-43   1.4117474e-10   5.5972389e-20   8.4101161e-33   1.8240650e-04   7.3685205e-05   1.2148539e-03   9.0590667e-25   1.5296491e-19
   3.1975113e-03   5.8463281e-46   3.5678191e-19   1.2456700e-02   1.8403595e-23   3.8831751e-04   6.6262796e-08   1.8854702e-03   1.6096735e-19   5.4363405e-27
   4.2543154e-03   3.5640575e-50   1.6933955e-24   9.4005582e-03   3.8444729e-34   6.3607122e-04   3.9265486e-04   1.4205211e-03   3.4574898e-18   4.2086070e-26
   4.3758786e-03   4.4252674e-51   6.9704390e-18   4.1623246e-24   4.0780127e-33   8.1523910e-04   1.1695641e-04   1.3849889e-03   2.5292836e-17   9.6430813e-25
   3.3710957e-03   1.8167201e-47   3.5938179e-21   5.3852632e-34   2.5378620e-31   1.4990917e-03   3.4600706e-05   6.1760472e-04   2.2760928e-15   3.6299085e-32
   3.4459917e-03   6.3768295e-48   4.3611806e-25   2.2662446e-29   3.0139742e-28   9.9525328e-04   3.8309317e-05   1.2773324e-03   1.7565226e-24   1.4701830e-21
   3.4012400e-03   3.4288666e-46   1.0095244e-03   3.5367382e-05   2.3946094e-29   3.7921557e-04   8.6329606e-20   2.2205787e-03   1.0320640e-36   1.8978531e-13
   2.8691049e-03   2.3768923e-50   1.3853072e-11   3.1831845e-02   9.1315254e-26   9.4068831e-04   1.2822946e-04   2.8790937e-03   1.5965108e-18   1.0456277e-22
   3.5900278e-03   7.4275087e-47   1.0090553e-02   3.8799411e-02   2.1125140e-24   6.7899642e-04   2.8323992e-04   9.1700297e-04   1.1489608e-15   2.0355926e-35
   3.9006840e-03   5.2704512e-35   5.3264684e-03   1.4880892e-02   4.3974720e-27   1.1287006e-04   2.0951726e-13   1.1830797e-03   3.6295544e-29   5.7546611e-42
   3.6500398e-03   1.7607694e-28   7.5637203e-05   4.5211061e-16   3.1001339e-18   1.0768632e-05   7.6698168e-16   2.2082916e-03   7.1114782e-21   7.6269343e-33
   2.8957154e-03   3.3792572e-23   1.2029262e-02   1.2519030e-26   2.1629245e-23   6.5300962e-05   1.0098276e-04   2.1768067e-03   1.3372275e-16   9.2239173e-45
   2.8894178e-03   3.4153478e-25   6.9550339e-03   5.0193149e-31   1.6198961e-29   9.6322537e-07   3.8966937e-05   1.4365318e-03   1.7871196e-15   8.9843157e-28
   2.1445882e-03   7.3043143e-26   1.2390850e-13   4.2052737e-06   4.8644007e-19   2.3042733e-04   4.6009013e-09   2.5281887e-03   6.7230709e-06   1.3675003e-11
   1.9769492e-03   4.8328680e-15   3.4317817e-03   2.2503565e-03   1.0281873e-11   7.3781907e-04   1.3337268e-12   2.4747923e-03   8.7386988e-05   5.2191061e-20
   2.2332384e-03   1.1340859e-27   4.4813326e-23   1.1888619e-07   2.3621231e-13   7.8265756e-04   2.3375054e-21   1.3246921e-03   6.0815767e-13   4.2121105e-39
   2.3972801e-03   4.4436566e-27   2.0624508e-29   3.8141336e-32   2.6028962e-16   5.4685850e-04   1.9959698e-26   1.0201278e-03   1.5594001e-28   9.5169444e-50
   2.4575073e-03   1.0893003e-28   5.7509257e-03   1.8311715e-45   4.5014215e-18   1.0993954e-04   2.5302253e-17   1.6202056e-03   5.3730957e-25   4.5789237e-44
   1.8099021e-03   1.7600447e-14   2.4454619e-02   2.3544500e-40   4.6672959e-10   1.6922713e-06   1.5181074e-13   1.6343803e-03   1.3198133e-10   4.1104070e-55
   1.8718658e-03   1.1565920e-05   1.7981428e-05   1.7519426e-14   8.0475650e-17   1.7128032e-12   6.3030203e-16   2.0182134e-03   3.0379468e-05   5.2588141e-23
   2.0064276e-03   6.1646315e-12   4.9678581e-03   4.6941157e-03   8.2511148e-16   7.7177545e-08   1.3529631e-16   1.7618934e-03   5.7658978e-11   1.2335856e-22
   2.8021913e-03   2.0479611e-10   4.2537597e-05   4.6522896e-04   2.4786910e-23   8.4431802e-05   8.0564918e-07   1.3099344e-03   7.1274742e-16   4.9634483e-24
   2.2455699e-03   3.0043805e-08   1.2241959e-11   4.4177260e-32   1.0242627e-30   7.2238351e-04   1.2174785e-06   1.9109854e-03   1.5096813e-13   5.2642945e-22
   1.9416611e-03   3.9183544e-04   4.3618918e-12   7.5191888e-65   1.7004571e-16   8.2598642e-04   8.0301118e-22   1.9712788e-03   7.6978050e-10   5.1227847e-26
   1.8469223e-03   5.0558398e-04   2.4818559e-05   9.7332133e-50   1.1555991e-07   6.0506029e-04   1.5287702e-37   1.4245616e-03   1.2828395e-05   4.1993586e-31
   1.3167279e-03   4.9469374e-04   3.1471640e-30   2.5095907e-36   9.8011043e-06   5.3327924e-04   7.2993525e-28   1.8133429e-03   2.3911044e-04   1.4650503e-36
   1.3010608e-03   7.6029591e-07   1.2090672e-03   2.5289815e-04   4.9946138e-09   1.6658336e-04   6.4561482e-17   1.8196542e-03   7.1244008e-06   1.6852433e-20
   1.4943480e-03   3.0402487e-05   2.7801309e-03   9.4562000e-06   1.5271050e-08   2.6521714e-04   1.2436858e-13   1.8456896e-03   4.4945679e-14   9.0263717e-20
   1.4012243e-03   2.8727856e-03   1.4514823e-13   9.3039702e-30   5.4576533e-08   3.9862936e-04   1.5252891e-11   9.0226641e-04   2.0570166e-11   1.6809316e-21
   1.2592592e-03   3.0721079e-03   1.4404364e-09   4.2879814e-42   5.8475189e-06   5.2613974e-04   1.5327028e-35   1.0424726e-03   4.0591422e-07   7.2047598e-21
   1.1750245e-03   2.8667972e-03   3.1489432e-03   5.3022921e-39   6.9782425e-17   7.4930467e-04   1.5039874e-21   1.9822881e-03   5.2249722e-04   1.7095208e-19
   1.0969477e-03   5.0059437e-03   2.6542390e-06   7.7296304e-52   1.3922067e-20   8.0658363e-04   1.4302992e-24   1.7287087e-03   3.0991431e-04   8.7018895e-18
   8.0386262e-04   6.9901040e-03   3.9575644e-65   9.7828077e-04   8.5838327e-11   6.6403841e-04   1.8894418e-16   1.7280554e-03   1.2309111e-04   3.9115905e-25
   1.1284497e-03   5.4282030e-03   1.2726647e-23   2.3619662e-03   1.3773504e-06   4.4499231e-04   8.0104991e-23   1.9779211e-03   1.2495055e-06   2.5667914e-28
   1.3769722e-03   8.8722361e-03   4.5384382e-52   2.7639881e-14   3.6587632e-14   6.4821731e-04   4.4211748e-12   1.6689818e-03   7.8570431e-07   5.6475622e-29
   1.1797374e-03   4.4327045e-03   5.2557444e-38   1.2649611e-65   4.9899456e-10   7.9437930e-04   1.0767412e-14   2.1058010e-03   9.1975237e-04   7.5433656e-28
   1.1922948e-03   5.1854349e-03   9.7423887e-17   2.5884246e-44   5.2554471e-21   6.5720157e-04   4.3956161e-24   1.8111833e-03   9.4536592e-04   8.4101219e-27
   9.3291395e-04   5.3519204e-03   1.2749835e-26   1.8970847e-39   5.2727834e-12   6.3257069e-04   5.1584035e-22   1.7505795e-03   1.5214804e-03   6.9377050e-10
   8.4503078e-04   1.0534422e-02   1.8685141e-14   8.0250159e-16   5.0579317e-04   6.5957794e-04   2.0105715e-25   1.1310795e-03   4.5705235e-05   2.7920675e-05
   1.0689301e-03   1.0535631e-02   1.4036102e-08   1.1652969e-03   9.8114059e-08   5.0664184e-04   1.1775479e-04   1.3611664e-03   2.6277621e-08   7.1185162e-13
   1.2424478e-03   8.0654571e-03   9.0551868e-32   1.0373934e-05   5.4078130e-13   5.4900799e-04   5.3999419e-05   1.0651691e-03   1.9371566e-06   5.0020780e-16
   1.0578383e-03   1.5176650e-02   2.7204920e-15   1.0257254e-22   3.8697564e-07   1.0568516e-03   3.4883854e-12   4.5453322e-04   9.7212215e-04   2.1463159e-12
   1.0084827e-03   1.7425298e-02   6.6234368e-04   3.6180304e-35   3.0739860e-12   1.2693951e-03   1.0339077e-05   4.3803570e-04   1.2318045e-03   5.1352608e-17
   8.3674757e-04   1.1819022e-02   4.6733887e-04   1.2823067e-50   1.4851306e-12   1.4200875e-03   3.5470408e-09   8.4110636e-04   1.1499535e-03   6.6813311e-34
   6.9181083e-04   1.6419483e-02   3.3800703e-32   1.8696769e-25   1.4936748e-06   1.4158687e-03   7.4157847e-10   8.5364041e-04   6.5166012e-04   1.6029863e-18
   1.2928380e-03   1.9069376e-02   4.1052457e-32   1.4936362e-04   1.8739768e-10   9.2469237e-04   2.3189470e-10   6.2877338e-04   5.2240612e-05   2.2401298e-11
   1.4243729e-03   1.2594019e-02   2.2131883e-82   3.4547813e-04   5.0625088e-15   4.4571144e-04   6.5891347e-05   7.8998747e-04   1.4518706e-03   1.0277908e-07
   1.3960023e-03   1.5506478e-02   1.9025152e-40   2.1324457e-37   2.5214634e-08   4.0246302e-04   1.2846431e-04   3.5915775e-04   1.8253908e-03   3.1529203e-08
   1.3557530e-03   1.2779840e-02   2.4321607e-20   1.3490619e-51   3.0879806e-08   9.3751012e-04   7.9019362e-09   6.2112519e-04   2.5079655e-03   1.4509164e-08
   1.2190140e-03   8.5853296e-03   1.2010159e-28   5.6546428e-47   1.2445292e-04   1.8477838e-03   9.8350972e-13   1.5740728e-03   9.8718410e-04   2.8046130e-10
   1.0798709e-03   1.2356696e-02   7.6154789e-24   5.1120854e-55   7.4538650e-04   2.5933868e-03   6.3566394e-06   1.3055882e-03   1.5163841e-04   2.6579626e-25
   1.7653381e-03   8.4349207e-03   1.3145145e-19   2.4123197e-10   4.2281603e-16   2.1868690e-03   1.8606002e-04   2.8618713e-04   2.6337152e-06   2.5554035e-40
   1.3006815e-03   9.5716306e-03   5.2903372e-26   3.5857123e-03   8.5611481e-13   1.8160721e-03   4.1689802e-09   1.6481461e-03   3.4813365e-03   1.5395166e-14
   1.7542569e-03   1.2418243e-02   2.4315096e-27   6.0585069e-07   8.1059525e-05   1.2276549e-03   9.3672471e-06   9.4395633e-04   3.4669169e-03   3.7335560e-05
   2.0686531e-03   1.0626557e-02   1.0100855e-13   7.9673575e-27   1.0494409e-03   1.4279200e-03   2.2949352e-16   9.4976564e-04   2.3716223e-03   8.4669058e-05
   1.9937353e-03   7.9212229e-03   7.7134127e-17   4.3711667e-44   1.9070669e-03   2.1163949e-03   4.0204958e-24   6.6054499e-04   1.1467377e-03   2.3470139e-04
   1.5587373e-03   1.0040898e-02   1.9696519e-26   2.3751626e-46   1.6682168e-03   3.4795655e-03   2.6930324e-06   3.0575734e-04   7.2406050e-04   2.9431168e-04
   1.9110626e-03   1.6989686e-03   4.1981364e-21   5.0283345e-14   4.0816338e-09   4.3140984e-03   1.0243308e-04   4.3266666e-04   3.8685292e-03   1.3891509e-15
   2.0434296e-03   3.7415425e-03   4.9908233e-28   2.7909860e-03   2.4800834e-13   4.1413100e-03   7.6681246e-06   9.9655615e-04   5.2248645e-03   5.1347820e-24
   2.6532197e-03   1.3524772e-02   1.0365570e-22   1.0759521e-05   1.5601512e-09   3.3237834e-03   7.2059070e-22   4.3288587e-04   4.0051704e-03   5.6124329e-22
   2.2570036e-03   2.1748230e-02   1.8940161e-06   1.5877790e-30   3.2712208e-05   2.6006554e-03   8.1102653e-07   5.9135447e-04   1.3651062e-03   4.1124958e-10
   2.3033961e-03   1.1185198e-02   2.3354178e-23   2.1457466e-53   8.8930741e-16   2.4409801e-03   2.2331572e-12   7.7520040e-04   3.7823767e-05   3.8819649e-06
   3.1807356e-03   2.9741049e-03   3.7888884e-34   1.3843312e-51   1.0426860e-08   2.0606560e-03   4.9668120e-24   1.0614429e-04   6.1886037e-06   2.6005950e-12
   3.0556107e-03   7.9714728e-03   2.9983048e-13   2.1097242e-32   4.2613192e-15   2.4098408e-03   6.3365017e-20   1.4469488e-04   5.4270983e-03   3.1466694e-17
   2.8153265e-03   8.0455313e-03   6.8354456e-15   4.1928741e-03   2.7602446e-17   2.2819603e-03   1.1282077e-14   2.3158455e-04   6.1899092e-03   2.9174520e-17
   2.9036708e-03   4.9311568e-03   1.0703907e-08   7.4306969e-03   1.1283201e-15   2.0230528e-03   8.0241774e-21   1.4876649e-04   3.6756192e-03   6.9314311e-22
   3.1870587e-03   1.9040129e-02   2.5148528e-04   6.7027254e-05   3.2132423e-10   1.9530282e-03   8.5011144e-13   1.7009488e-04   1.0157172e-04   2.0000752e-21
   2.6969947e-03   1.5934746e-02   2.8508497e-07   1.5954216e-19   1.4261774e-05   2.0140954e-03   1.3974722e-05   8.8346380e-04   1.4604150e-07   1.8317978e-10
   3.4437328e-03   3.7693995e-03   1.6320912e-20   1.0072285e-39   1.0813490e-20   1.7950857e-03   2.5552416e-09   6.3114061e-04   9.6381511e-05   6.9327674e-15
   3.3445156e-03   3.1575305e-03   1.4228741e-06   1.0239098e-47   9.0951973e-17   1.7251112e-03   2.9349003e-23   8.2301528e-04   1.0812905e-03   7.7723052e-24
   3.2439737e-03   7.5433424e-03   9.6447217e-14   3.0864318e-04   5.6900530e-13   1.6484975e-03   3.7706663e-24   1.1138625e-03   1.6755374e-03   3.1779362e-19
   3.0114119e-03   9.3307804e-03   1.1004983e-11   6.4059850e-03   6.9926598e-20   1.2014273e-03   1.0277734e-10   1.5218735e-03   3.2389925e-04   6.4663564e-13
   3.1659935e-03   7.5809494e-03   2.6682293e-05   4.1954415e-12   1.0201932e-17   8.0308856e-04   7.3124609e-05   1.5161459e-03   1.9610834e-14   2.2927915e-08
   2.8134637e-03   1.7075162e-03   2.0265790e-03   1.0076577e-38   2.6355256e-13   9.1613312e-04   7.2858481e-08   1.1982054e-03   2.1497186e-17   2.9558936e-04
   3.0222531e-03   9.6921564e-03   1.9020090e-11   1.5390504e-49   4.2313122e-27   2.5891513e-04   8.0033580e-21   2.2913452e-03   6.3214863e-10   3.3406854e-04
   3.1850801e-03   5.6493158e-03   2.1514278e-14   1.6372156e-62   3.9605105e-44   2.7388988e-04   1.9327889e-18   2.4094508e-03   4.5130846e-08   1.7712724e-10
   2.9807061e-03   1.7246796e-04   7.6685686e-34   2.7895568e-13   2.4573336e-27   8.9611885e-04   1.4330395e-15   1.8130199e-03   2.7959481e-09   1.5489779e-35
   3.0190803e-03   5.7535339e-03   3.2623855e-45   6.5356984e-03   6.5189143e-27   1.4750752e-03   2.2318593e-09   1.1241828e-03   2.3424131e-15   9.2415612e-40
   2.3235127e-03   5.1896044e-03   2.0952746e-48   3.3567418e-03   1.4792910e-32   1.5920922e-03   5.4972515e-05   1.4476882e-03   6.3868365e-17   1.3294126e-15
   1.6900575e-03   1.2844261e-03   1.0962756e-32   3.5632260e-17   7.5848624e-17   1.5867156e-03   8.2625190e-04   5.3630414e-04   3.0024954e-14   3.9524526e-16
   2.1989037e-03   2.1463198e-03   2.9771491e-17   7.8033971e-43   5.0812381e-35   6.6246082e-04   6.1072242e-04   1.1732744e-03   1.3804797e-11   6.6595503e-11
   2.6378339e-03   2.8887031e-03   7.2977147e-12   1.8408031e-37   1.8155891e-37   4.7148214e-06   1.6309060e-18   1.6298052e-03   5.4805735e-11   2.4781064e-09
   2.2845671e-03   3.4340262e-03   3.0519907e-15   1.7073013e-27   9.9462471e-26   8.0658407e-05   5.0777242e-16   2.7751991e-03   1.5501290e-12   4.9977543e-16
   2.0005700e-03   3.2221688e-03   5.3794318e-20   8.8001957e-04   4.8777857e-22   7.4158849e-04   9.9965613e-23   2.4703201e-03   2.6827110e-15   8.7222825e-44
   1.7916320e-03   1.1560617e-05   1.2394910e-11   1.2326691e-05   4.9024975e-32   1.2134946e-03   1.1556317e-18   3.1054045e-03   7.4053656e-19   1.0234760e-29
   1.7560406e-03   3.1390024e-03   2.9512434e-03   3.5720858e-28   8.5115419e-29   1.1582422e-03   1.9740838e-30   3.2232420e-03   4.4224354e-16   4.8923080e-16
   1.6841269e-03   8.6422544e-04   3.3417032e-14   8.6259022e-39   1.7803463e-23   1.4867505e-03   1.9128120e-19   3.6861654e-03   8.7682650e-14   4.4982014e-15
   1.6283664e-03   1.1485890e-07   4.1273706e-50   1.2071561e-44   2.1455019e-27   9.6547856e-04   6.2387936e-18   3.6900470e-03   3.6216024e-14   1.7015209e-08
   1.7896965e-03   3.1978084e-03   1.9786849e-22   1.1820865e-39   2.7416415e-29   6.0425844e-04   5.2544844e-26   2.6549985e-03   1.0176507e-13   1.2445116e-07
   1.7824851e-03   2.8313337e-03   1.1327711e-16   1.5079163e-03   1.1138823e-29   8.5264291e-04   4.7187486e-14   2.5264610e-03   1.2166899e-17   8.8806169e-19
   1.8100529e-03   4.0355334e-05   1.4154928e-25   2.0588944e-03   1.1226389e-33   8.2025985e-04   7.5674217e-15   3.3270377e-03   2.1001387e-15   1.9179352e-24
   1.6683031e-03   1.8458759e-03   1.4363377e-22   6.0083095e-30   1.5261733e-42   1.3190992e-03   1.7163535e-27   2.1480462e-03   2.8806172e-06   2.9329332e-34
   9.5497107e-04   4.3333031e-03   2.8096260e-67   9.4379099e-38   9.0264718e-30   2.0645864e-03   1.3975081e-04   2.6311480e-03   2.3305523e-04   1.7523587e-23
   1.3344868e-03   2.1050346e-03   6.3109825e-23   1.3680936e-55   5.6978142e-31   1.6372014e-03   2.1709792e-16   3.1855578e-03   1.3074163e-04   1.4906990e-19
   1.4478033e-03   1.1858172e-03   5.0573923e-36   2.5749802e-45   2.5517876e-20   1.1326117e-03   6.2976918e-05   2.4437406e-03   2.1225956e-07   4.9754580e-10
   1.7273702e-03   2.7165360e-05   1.4745482e-26   2.4451039e-14   1.1386247e-24   1.2364484e-03   4.8668389e-05   2.8229880e-03   5.5435618e-10   5.5029967e-06
   1.5418271e-03   1.0164766e-03   1.1276167e-19   1.6238233e-03   1.6846445e-20   1.7601809e-03   1.6901081e-12   2.8905651e-03   1.5387910e-08   5.4168541e-08
   1.4867567e-03   1.2300037e-14   3.7647624e-07   1.1151040e-10   1.1112550e-14   1.6636798e-03   4.1104848e-21   2.4939423e-03   4.2286681e-04   1.3545574e-15
   1.1954191e-03   9.8877727e-10   9.9923886e-13   2.7786414e-20   3.4615544e-07   1.8478723e-03   7.8270265e-12   4.0620917e-03   1.3129585e-03   7.9090296e-21
   1.0121924e-03   1.8629919e-03   9.6032857e-51   1.9824642e-29   3.2928486e-15   1.7318656e-03   2.4163320e-04   2.9876481e-03   1.0670411e-03   2.5198905e-12
   1.1936508e-03   7.3647332e-04   8.7462737e-33   1.3675313e-30   8.8266325e-11   1.4456458e-03   3.9492327e-12   3.3574030e-03   3.4480570e-04   1.1897532e-09
   1.7743180e-03   6.0782944e-06   6.7397918e-20   3.4644634e-23   1.7053220e-15   1.1257495e-03   9.4449623e-28   2.3870544e-03   5.6539688e-05   1.8294017e-11
   1.9937044e-03   4.7499451e-04   7.2626127e-24   1.0621408e-03   2.4609823e-12   1.5100876e-03   7.6101570e-23   2.4226462e-03   5.1787240e-05   1.8711068e-08
   1.7145758e-03   1.4548834e-03   1.0273471e-16   8.3798224e-06   8.0953235e-05   1.7291471e-03   5.5525662e-14   3.1158918e-03   4.9564278e-05   1.0174465e-08
   8.9778003e-04   1.7312335e-03   2.0473444e-35   5.7145677e-33   1.2159933e-03   2.6187215e-03   2.5603778e-04   3.2426130e-03   1.1766518e-03   1.4474510e-11
   1.2350574e-03   6.8752890e-04   1.4572205e-33   3.1545318e-44   1.0329031e-04   3.0981679e-03   2.0056718e-09   2.8644641e-03   2.2920231e-05   2.4982573e-17
   1.3272743e-03   2.3635130e-04   1.9296412e-42   5.5571699e-44   1.6769994e-17   2.7194822e-03   6.1221746e-17   3.3450728e-03   5.4639012e-06   1.5876947e-25
   1.6494080e-03   1.1711780e-03   1.5516468e-21   6.4449110e-36   4.8735634e-13   2.0046578e-03   2.6943554e-04   2.4789224e-03   1.1206745e-05   9.3645037e-33
   2.1357567e-03   7.5685865e-12   4.1571683e-26   1.2508832e-06   1.6057202e-19   1.2464882e-03   7.9316785e-14   2.5488439e-03   6.3526997e-13   4.1815405e-12
   2.0850224e-03   1.5305772e-04   1.5814396e-16   1.5478284e-03   8.8398714e-28   1.0694318e-03   2.3989472e-19   2.3069620e-03   3.3399546e-05   1.2939446e-03
   1.5288751e-03   1.6531604e-03   8.6978156e-28   1.5385519e-06   3.1161197e-27   1.1952756e-03   2.6301296e-08   2.6076922e-03   6.7312971e-04   2.8894842e-03
   1.3566622e-03   4.5865835e-04   1.6324337e-45   2.2526457e-10   2.8787686e-17   1.5797278e-03   5.2977511e-19   2.4163775e-03   7.8490712e-05   1.6580595e-03
   1.4933763e-03   1.2154356e-03   6.3972853e-30   4.0013731e-41   4.5199874e-17   1.9011546e-03   2.5884964e-11   2.7045689e-03   3.3511800e-05   5.8417100e-05
   1.8828346e-03   3.0734612e-03   6.6704813e-08   3.0360929e-35   7.5512633e-25   1.3211171e-03   5.6044585e-16   2.2248720e-03   1.6298336e-04   4.5087741e-09
   2.5954615e-03   1.9053816e-03   2.1292861e-11   1.6112877e-19   1.0098242e-23   5.1140150e-04   1.9386730e-09   2.4312878e-03   5.1672628e-07   2.5780342e-15
   2.2320803e-03   1.9553582e-03   4.0801885e-11   2.7013307e-03   2.3230493e-32   6.2169189e-05   7.4863849e-05   2.8753430e-03   2.2122034e-08   1.0502017e-04
   1.4877643e-03   4.2291882e-05   4.7150297e-28   1.3987391e-03   2.9261042e-21   2.3018167e-04   2.7266142e-18   3.8749980e-03   7.0009200e-09   7.3306105e-04
   1.8697347e-03   3.3088764e-03   1.3880228e-40   1.3683968e-30   2.3729679e-20   1.3045945e-04   1.7224902e-11   3.1647046e-03   6.2375268e-08   1.1269797e-04
   2.2120297e-03   3.2199724e-03   4.8506353e-37   1.0887012e-61   6.8123299e-22   1.4558909e-04   5.4972873e-14   4.0933827e-03   7.4927416e-09   9.0005420e-10
   2.3631324e-03   2.7276090e-03   3.0169148e-03   2.5180634e-45   1.3519619e-28   1.0065607e-04   9.4929780e-11   4.0327942e-03   1.1969919e-08   2.4899739e-19
   2.4596891e-03   5.8009696e-03   1.1759190e-04   1.5638726e-38   3.4393451e-44   5.2380614e-06   3.2389447e-04   2.0650556e-03   9.5144162e-08   3.9363907e-30
   2.7776422e-03   4.8641421e-03   1.5374436e-13   8.8379454e-09   1.5716295e-44   5.5637489e-14   5.1872942e-05   3.9406356e-03   3.7361499e-10   1.0842274e-16
   1.6886261e-03   4.8949880e-03   1.6334928e-31   3.4216942e-03   3.3238614e-32   2.1612873e-07   1.7698206e-04   3.5468507e-03   4.5549929e-10   3.3710275e-08
   1.6690052e-03   7.0448626e-03   2.5897457e-29   4.1178990e-04   2.8769378e-25   5.9243043e-06   5.2934058e-04   2.3121903e-03   1.4554221e-15   9.3514245e-16
   2.3716573e-03   7.1648098e-03   1.3671160e-05   5.4761118e-32   3.1051607e-38   1.2048583e-13   4.6736776e-04   2.3981634e-03   2.7027074e-14   5.3076822e-14
   2.7139779e-03   2.8895830e-03   7.1230512e-03   2.5126132e-48   1.7513029e-47   8.7983615e-17   1.6067074e-05   3.0845681e-03   3.1563484e-10   2.3549920e-14
   2.2143975e-03   2.6206542e-03   1.3870756e-02   7.2756802e-42   5.3595971e-43   4.7660488e-16   1.6990509e-06   3.3372345e-03   9.0562458e-09   1.0819718e-28
   2.6324392e-03   5.8114800e-04   3.3827111e-05   2.5736082e-08   1.0407330e-35   1.1853857e-17   3.0975652e-05   3.1099257e-03   4.5972902e-16   9.9879882e-41
   2.2611320e-03   4.8079786e-03   6.0343814e-19   3.5405338e-03   4.0851317e-19   1.2094352e-07   1.7339788e-04   5.2807938e-03   9.1697211e-16   8.4913117e-26
   2.2779175e-03   1.7764530e-03   8.0473912e-25   1.8928894e-14   2.5669985e-18   5.3003378e-05   7.9031393e-04   4.0053130e-03   1.1894456e-19   1.0732383e-22
   2.5036629e-03   6.4236382e-06   4.0122121e-10   4.7455289e-36   2.6111048e-35   5.9961462e-05   3.1230022e-17   4.0716541e-03   2.9905213e-19   3.7088641e-25
   2.9791805e-03   1.1164042e-04   3.0328208e-03   1.6307526e-67   1.3203032e-41   1.3922854e-05   2.9031940e-05   2.5698460e-03   1.8436633e-16   2.1720057e-31
   2.1696521e-03   5.2722311e-07   7.0016207e-17   9.9946437e-61   6.6084972e-32   3.8385656e-04   1.3155833e-03   1.6616079e-03   3.0396261e-12   1.5163354e-34
   2.3990977e-03   1.4315634e-07   4.3935959e-23   2.0020276e-08   7.6882482e-33   2.1591255e-04   5.9138802e-04   3.4967706e-03   5.1069928e-23   6.0183697e-45
   1.8410845e-03   1.6267180e-03   4.0658217e-32   7.1946547e-03   8.2930128e-14   4.2091188e-04   4.7013553e-04   4.2593860e-03   5.8133992e-25   5.2913121e-37
   1.7927170e-03   2.3801780e-03   8.3330797e-24   3.5043555e-03   3.6280316e-14   5.4603102e-04   9.2134917e-04   2.0566671e-03   2.5876479e-19   2.6680354e-34
   1.8794280e-03   4.7960733e-04   3.4547032e-17   2.2468871e-25   7.6664399e-23   6.6006457e-04   3.2830450e-11   2.5497103e-03   4.4998601e-14   9.1947434e-34
   1.8844013e-03   4.8154545e-07   1.1942776e-08   3.9507725e-44   3.5823235e-22   8.0980094e-04   8.8661889e-04   1.7529932e-03   8.0415976e-16   1.7422341e-32
   1.8516991e-03   1.8813866e-10   5.5000833e-13   1.0956305e-44   5.5481848e-14   9.6304086e-04   1.0009665e-03   2.7795737e-03   7.3526439e-15   3.8087618e-41
   1.8486701e-03   1.7340582e-06   8.1449107e-20   7.6669212e-13   1.2108348e-10   9.2405838e-04   3.7075701e-04   2.8035563e-03   6.2982028e-15   6.4428546e-34
   1.5106930e-03   1.6694950e-09   1.9410245e-19   4.5078778e-03   2.0505852e-21   9.7493954e-04   5.5876303e-04   2.1084573e-03   1.4161020e-15   1.3266895e-52
   1.4203250e-03   4.4262253e-14   7.2770913e-29   2.2245146e-03   6.0780275e-20   8.5166446e-04   2.6419842e-04   3.3351432e-03   7.1143411e-18   1.4673331e-48
   1.4316347e-03   4.0762533e-05   5.6546143e-58   2.2755358e-15   7.2085065e-12   7.6172500e-04   8.4826671e-04   2.1894887e-03   1.2187863e-06   5.4009638e-25
   1.7567431e-03   1.2613425e-10   2.2821556e-11   4.1676358e-32   4.8201760e-21   3.4248420e-04   1.5147480e-04   3.6329330e-03   9.6604592e-09   3.4711725e-29
   1.6287369e-03   1.9468803e-09   5.4993412e-03   3.7807354e-48   1.2567026e-15   1.8907518e-04   6.8000409e-13   3.8654629e-03   1.6098171e-11   1.4357229e-18
   1.4103945e-03   1.4725997e-05   4.3297926e-19   2.8673737e-15   8.1327037e-14   1.6441055e-04   6.0361660e-04   2.5086964e-03   1.5361940e-14   1.7437470e-15
   1.4513116e-03   2.3003436e-05   2.9709502e-38   3.9964883e-03   7.0860566e-20   5.2059804e-05   2.9328154e-04   2.2878531e-03   4.3089452e-09   2.1121537e-26
   1.1909869e-03   6.4118169e-07   1.0390079e-27   4.4333137e-03   6.2602356e-09   6.7132944e-05   2.8645521e-08   3.1399097e-03   1.9558813e-05   7.0250267e-23
   1.1274152e-03   6.1387279e-06   1.2275845e-47   2.1227469e-06   1.9876067e-07   5.6857270e-07   2.3569382e-04   3.1752305e-03   2.1147404e-04   5.2441870e-34
   1.2224488e-03   6.6943345e-10   2.8359111e-06   4.3500841e-39   8.8026188e-23   2.2768442e-08   7.2848647e-09   4.5534074e-03   3.3297805e-05   9.2557214e-13
   1.1005381e-03   9.5884924e-06   1.5712038e-03   2.1443765e-36   8.7052845e-19   1.8828908e-08   8.6328966e-07   5.0237916e-03   3.9174373e-05   1.0386263e-08
   1.0950800e-03   4.1609652e-15   1.0063163e-20   9.2655313e-36   1.7512965e-15   7.4724602e-16   7.4002660e-04   5.0145795e-03   6.0036266e-12   9.5720196e-11
   1.2503423e-03   5.2159134e-08   2.2624347e-22   1.7717179e-03   1.5652991e-19   2.3185586e-24   6.2877144e-04   3.0828272e-03   2.1518608e-09   4.5326271e-12
   1.0593592e-03   3.0252623e-05   1.0695075e-28   3.9913311e-03   6.0535981e-11   1.2611847e-23   1.5831371e-04   4.5436042e-03   1.9680787e-04   6.4029283e-20
   1.1052556e-03   4.9312518e-09   1.0983449e-64   1.7606589e-03   1.0516412e-18   1.7490115e-14   2.4563372e-04   5.5115125e-03   1.8031457e-04   6.2552256e-27
   1.1601082e-03   1.2780509e-07   4.1009887e-10   6.8537683e-08   1.7978190e-21   9.5616716e-18   5.4916007e-04   4.3702885e-03   1.3840240e-06   1.8324491e-27
   9.5782775e-04   1.0156559e-05   5.3485628e-03   3.7261624e-17   4.7060887e-27   2.2740370e-13   2.8096354e-04   7.2118539e-03   6.5992994e-09   2.6266108e-34
   1.1371466e-03   3.3263342e-04   1.4118746e-07   1.9047306e-24   8.3495464e-23   9.8098962e-15   2.4672696e-04   7.3053177e-03   1.4511818e-09   7.3333867e-08
   1.2155526e-03   2.8303268e-04   2.4404597e-31   1.1631430e-05   4.6213452e-11   1.7838184e-18   2.8854050e-05   5.6218862e-03   1.0244138e-10   3.7534874e-10
   1.0096775e-03   3.3559886e-18   4.7516574e-24   5.6265345e-03   2.8446968e-12   1.5820292e-22   2.7343220e-04   6.9409088e-03   1.6104229e-07   2.0998341e-04
   9.8143967e-04   2.8954786e-04   6.3671180e-50   4.3270901e-03   1.0451577e-15   1.0317829e-17   3.2593603e-04   6.5397930e-03   2.1761634e-05   2.7514807e-04
   1.2909235e-03   5.1758471e-04   6.3496304e-18   9.0018014e-11   9.0234724e-26   2.4814215e-21   9.4116169e-10   4.5571171e-03   4.7915906e-13   4.2200154e-20
   1.1195680e-03   9.4084367e-10   1.7909860e-03   2.3501919e-22   6.4982506e-19   4.7752540e-18   4.3966946e-07   6.4545709e-03   7.4368155e-19   4.0713195e-07
   9.4508905e-04   4.7138133e-04   2.8155318e-18   3.9479034e-13   1.5844701e-16   7.6294156e-25   1.4405138e-04   5.8903463e-03   7.2614774e-12   1.8441847e-06
   1.0524375e-03   3.1809766e-04   2.0256688e-20   1.3701570e-52   5.3159892e-24   3.1140356e-24   1.4069204e-05   6.3360585e-03   2.5188111e-12   6.1722159e-07
   1.0992730e-03   6.9185299e-05   2.2299674e-25   2.3082404e-03   1.0627058e-26   2.7871856e-15   7.8212382e-05   5.7113799e-03   5.8193608e-08   1.2650120e-10
   9.1765900e-04   4.3084031e-05   1.4237314e-55   4.2863018e-03   8.4084698e-25   4.9795628e-11   4.1847540e-07   5.6749367e-03   2.9667163e-04   2.1237960e-11
   1.1507811e-03   3.1320592e-05   1.1879632e-15   1.4446085e-03   8.9649050e-42   2.3074122e-16   8.6856764e-04   4.6340278e-03   3.4631473e-08   4.5525404e-07
   9.7752957e-04   9.4024961e-04   2.3678226e-03   5.3715580e-06   3.4910333e-07   2.1114179e-08   1.1617331e-03   3.7422404e-03   2.2008488e-11   2.5301005e-05
   9.2964287e-04   4.7448781e-04   2.3919308e-04   3.3775041e-17   3.6098552e-04   4.6037459e-17   7.1026246e-04   5.5813106e-03   3.2150668e-10   4.4526920e-05
   9.1471433e-04   1.0896912e-03   1.2744398e-17   4.2930695e-40   4.6772333e-06   1.7771339e-15   9.1334137e-04   4.2501887e-03   1.0446355e-04   9.5889127e-06
   1.2334595e-03   1.0189079e-03   5.3330760e-24   1.2850342e-04   4.4946821e-16   7.1431430e-31   7.5483104e-04   5.3890962e-03   5.9841383e-06   1.1159763e-12
   1.1870196e-03   2.8450933e-05   4.5018681e-29   3.7785247e-03   2.3694650e-17   4.6158908e-26   9.6430184e-04   7.0968338e-03   8.1018193e-05   8.8697083e-09
   9.6602093e-04   2.0987597e-10   9.2959702e-31   2.0357909e-03   2.7703511e-09   6.7583319e-22   5.8188914e-04   7.1267957e-03   4.7992648e-09   6.7186784e-05
   1.0452903e-03   8.6627059e-04   2.1799321e-03   5.0941323e-17   1.2664969e-12   4.8332719e-09   5.5835853e-04   7.1366695e-03   9.0295201e-06   7.8995880e-04
   9.2209506e-04   1.5875834e-03   1.4057963e-04   2.3045638e-27   3.6398202e-17   2.3909784e-06   7.9925704e-04   6.8681049e-03   2.0923837e-04   1.3545674e-03
   7.3826335e-04   1.2183966e-03   4.0691718e-25   2.1350173e-59   3.2428954e-20   4.1438299e-18   8.8015632e-04   6.7405420e-03   8.6038014e-04   9.4908969e-04
   1.1985454e-03   4.0360112e-04   4.0185993e-34   5.6242176e-28   4.0583258e-41   1.2050693e-25   1.3760546e-07   6.3932391e-03   2.4896373e-07   1.5214690e-04
   1.3449542e-03   3.8452575e-04   3.7912171e-51   5.6123871e-04   2.6880485e-33   7.0504627e-32   2.4597718e-05   6.5062267e-03   9.0001040e-09   5.8876024e-05
   9.6100957e-04   1.7786661e-03   5.0738761e-56   9.1474096e-04   1.2094809e-25   5.7902230e-14   3.1818727e-04   6.6049231e-03   4.4411454e-10   3.0843010e-04
   8.3692951e-04   9.6813295e-04   7.4639215e-09   2.3944769e-11   7.3345178e-38   2.9013888e-11   5.5230947e-04   6.2260708e-03   1.6555058e-04   1.0297422e-03
   8.2193020e-04   6.9330271e-04   7.1914631e-09   6.9350993e-14   2.6059564e-25   3.8738910e-05   1.3855156e-04   6.3373262e-03   4.8341284e-04   1.0140410e-03
   6.6368473e-04   6.6065068e-04   1.2927108e-12   7.0848941e-12   2.9345142e-16   3.6594388e-14   5.1138549e-04   5.9648505e-03   5.6335699e-04   7.0877063e-04
   8.4363493e-04   2.4977707e-04   1.9409016e-21   1.0705312e-41   1.5134178e-27   1.1511376e-13   7.6971665e-04   6.3682862e-03   4.5735367e-05   3.9469436e-04
   9.7415734e-04   2.2544553e-11   3.1633173e-27   2.8673741e-04   1.7864950e-26   1.2278856e-18   9.1332683e-04   8.7600854e-03   7.8180619e-13   4.9480531e-04
   9.1210306e-04   9.4068875e-05   5.4233269e-40   1.2660729e-03   2.7714459e-20   3.1152937e-14   1.3055595e-03   1.0887550e-02   6.4783102e-10   6.7707268e-08
   8.6277893e-04   2.5646316e-04   1.9232925e-08   8.9453902e-16   6.5131380e-25   5.1920605e-08   2.0791802e-03   9.5880267e-03   1.2835755e-11   9.8962679e-13
   6.6486312e-04   2.1436515e-04   6.3716315e-06   6.4660135e-27   3.8928876e-25   3.2420763e-05   2.8406338e-03   8.8723481e-03   6.7178557e-08   5.8476612e-07
   4.2156319e-04   4.3438139e-04   6.6892381e-37   1.5541738e-44   7.9068206e-11   2.7508409e-04   3.6799283e-03   9.0283620e-03   3.0311723e-06   2.1354932e-04
   6.4887972e-04   1.4086092e-08   8.4512732e-44   2.2525901e-71   3.0362063e-20   1.9724379e-04   1.6232325e-03   7.8905930e-03   1.8877723e-10   2.4155049e-04
   7.1493785e-04   2.1880840e-04   2.7465942e-51   7.0111278e-34   1.3481132e-21   5.0811744e-05   1.4103493e-03   7.1652301e-03   2.7686874e-14   8.3265607e-08
   5.6334057e-04   1.9410312e-04   1.2921512e-65   2.1879909e-11   3.2008840e-18   3.2559996e-08   3.2982627e-03   4.6018754e-03   7.9010717e-10   3.6894098e-05
   4.9144217e-04   4.8286149e-05   1.4245243e-46   7.9082064e-35   1.7067342e-15   8.6417838e-09   3.2276298e-03   4.9271468e-03   1.2015681e-08   1.0004790e-04
   4.8342217e-04   4.4814828e-04   2.3760872e-37   3.5054246e-40   2.4753523e-14   1.6122555e-04   3.7734071e-03   6.3385046e-03   1.3015554e-04   6.3559504e-07
   5.2494198e-04   4.0714821e-05   1.2473176e-21   1.4285423e-27   1.3753774e-10   2.0629482e-04   3.1216954e-03   7.3266591e-03   4.9485856e-07   8.4049928e-13
   5.9060027e-04   8.6310279e-06   2.7661567e-18   3.0240834e-43   2.6853231e-05   2.6392622e-04   1.6594321e-03   6.0185715e-03   1.4979843e-09   1.2243271e-04
   4.9957455e-04   8.3351942e-05   9.4382360e-45   5.5038708e-14   6.7912129e-07   1.4477489e-04   2.6553441e-03   6.6150889e-03   6.0310547e-09   3.5161096e-04
   3.7401789e-04   1.5277777e-08   9.4338464e-24   5.2539139e-04   5.3401938e-05   1.3334718e-04   3.6905115e-03   6.7723052e-03   1.9812031e-13   4.9385871e-05
   5.7465856e-04   3.0816215e-07   9.4448536e-19   1.0869590e-15   2.5996481e-05   1.8856116e-04   4.2416502e-03   5.6110010e-03   4.5009505e-11   2.9795304e-17
   5.2434203e-04   3.1150560e-07   1.3063169e-17   1.5400957e-27   6.9036442e-05   2.5816782e-04   2.0292707e-03   5.5390880e-03   1.0093331e-09   5.5495356e-27
   4.3236137e-04   2.2916548e-08   4.7134161e-26   3.6188205e-37   4.8534102e-05   4.9253657e-04   2.8378615e-03   4.9376114e-03   2.2533812e-06   3.5303494e-08
   3.6264974e-04   4.0249970e-16   3.9208393e-30   1.1174653e-68   5.9004076e-07   6.3229638e-04   3.5529731e-03   4.3126880e-03   6.2738524e-18   1.3736467e-10
   3.1510153e-04   1.9099478e-24   5.6058422e-46   3.1139321e-48   1.2938785e-15   5.3411199e-04   3.6957627e-03   3.5682531e-03   3.4323844e-13   3.3604603e-11
   3.7182374e-04   2.8050466e-15   1.0366511e-59   9.1370905e-27   1.3012325e-06   3.7751313e-04   1.9696834e-03   4.1010361e-03   6.4871937e-10   1.2028296e-04
   3.7880079e-04   3.5233371e-21   2.6673524e-39   1.4086783e-33   4.6862332e-06   3.5785497e-04   3.6851687e-03   2.6869280e-03   6.4566076e-06   6.2766860e-08
   3.1649725e-04   1.3669139e-04   1.3531670e-38   3.9666400e-42   3.7875721e-04   4.0408064e-04   5.5706856e-03   3.1230038e-03   8.1992213e-05   1.5774453e-19
   3.9021495e-04   2.9420502e-07   3.2021434e-40   5.2600399e-42   2.7941872e-07   4.0902333e-04   4.4173271e-03   4.0464492e-03   2.5199230e-09   5.6264245e-35
   3.0619749e-04   9.7425482e-13   1.1811511e-19   5.1472173e-30   4.1956912e-04   6.0099615e-04   3.9592580e-03   4.4693865e-03   2.6881272e-15   2.7999216e-17
   2.9143558e-04   6.5918504e-16   2.1814354e-47   2.4579233e-31   5.6855438e-04   7.3632860e-04   3.5105105e-03   3.1296980e-03   5.2324208e-12   3.3172180e-27
   2.4513987e-04   4.4969292e-26   1.8793088e-36   4.9751500e-11   3.5108157e-04   1.0338732e-03   2.9292313e-03   9.7207678e-04   8.6134329e-12   3.3332578e-46
   2.2117101e-04   5.3337332e-08   1.5308228e-25   3.1833461e-05   4.5540996e-05   1.3202737e-03   4.0675318e-03   1.8769774e-03   2.2044367e-06   5.5696904e-34
   3.2373248e-04   8.8017684e-11   2.1327101e-29   3.3906559e-16   1.0332948e-04   8.1498922e-04   3.9999707e-03   3.3993908e-03   3.0108820e-06   7.9256055e-40
   2.9865939e-04   4.1889515e-25   7.6214588e-15   1.5856143e-26   2.2343886e-06   5.0015235e-04   4.5522371e-03   4.3309351e-03   2.5732642e-07   5.7782171e-11
   2.4287610e-04   1.1285006e-29   5.5342620e-21   2.4460908e-28   8.0214223e-21   1.2612079e-03   4.6391718e-03   4.6410086e-03   3.3735661e-23   1.6503819e-18
   1.7945205e-04   3.6750435e-23   6.4123387e-56   2.7344300e-36   2.6385243e-05   1.4357481e-03   4.8011048e-03   4.2032622e-03   6.3458078e-10   4.1376040e-12
   2.0197423e-04   2.3800715e-24   1.2987176e-25   3.5597772e-16   1.0762221e-13   1.3059598e-03   5.3287956e-03   4.2976574e-03   8.8507993e-05   2.7432958e-11
   3.1434859e-04   7.1455447e-25   9.3218451e-16   5.6657741e-24   3.1034652e-20   6.2088862e-04   4.9287229e-03   3.6183001e-03   1.4546033e-06   1.1821730e-22
   3.7128408e-04   6.7098716e-24   2.6868907e-12   1.4957583e-34   9.7050140e-06   8.1943919e-04   4.7314989e-03   2.9841107e-03   1.8105842e-08   1.8714411e-12
   3.8092162e-04   2.6407746e-18   8.9155936e-68   6.9601881e-49   1.4974399e-04   7.8104175e-04   4.1762263e-03   3.1850999e-03   2.0513145e-08   5.0651279e-10
   3.3640279e-04   4.1307249e-14   2.5171954e-25   1.2207040e-40   1.7795531e-04   1.2023495e-03   5.2391480e-03   2.4089597e-03   1.1607070e-15   1.5108566e-26
   2.6284517e-04   1.6277907e-09   3.6294293e-49   2.6374513e-27   4.0216382e-04   1.8130276e-03   3.8325040e-03   1.9139310e-03   6.4605624e-06   5.4274676e-36
   2.2391198e-04   1.6120276e-19   9.9388221e-32   2.0852460e-23   2.2684585e-04   1.4354344e-03   3.2386165e-03   2.1107307e-03   1.5207240e-04   8.0280549e-30
   2.7201365e-04   2.9027582e-13   1.3615194e-44   6.1203768e-24   3.1909860e-04   1.2154893e-03   4.0401431e-03   2.9587426e-03   9.4002964e-05   3.9678970e-21
   2.2050459e-04   8.8580002e-13   1.1295834e-54   1.1126833e-22   4.4086543e-04   9.6115515e-04   3.4588445e-03   3.7651941e-03   1.0232918e-04   3.1321535e-25
   3.1790866e-04   8.7337594e-18   2.5615344e-21   2.4093206e-27   3.5751583e-05   4.8846832e-04   5.2534993e-03   1.1974001e-03   9.9366835e-19   1.3030082e-07
   3.8505456e-04   1.8054914e-10   4.4786516e-27   2.2014776e-24   1.0811563e-07   6.3418640e-04   3.8376775e-03   1.7382061e-03   1.5400942e-14   3.0742904e-11
   2.9693925e-04   4.1459511e-13   1.8450894e-67   1.2890748e-30   2.4886182e-09   8.6073208e-04   2.6993542e-03   1.9636571e-03   1.4339391e-06   1.0599636e-09
   2.4293128e-04   6.6569066e-15   1.1597742e-48   1.8545990e-35   2.4171187e-10   1.1004016e-03   3.9023473e-03   2.4987117e-03   1.0489880e-05   5.2386636e-07
   2.3660795e-04   1.8001576e-12   2.8566906e-23   3.7811631e-10   6.6420509e-16   1.1162873e-03   5.2032484e-03   4.5240029e-03   5.3990686e-07   3.9892193e-06
   2.7648848e-04   2.3984975e-12   7.4853761e-11   1.2960985e-28   5.9232507e-06   1.4825282e-03   4.3172856e-03   5.4182982e-03   1.0334951e-09   4.0607744e-05
   2.4142898e-04   1.1075284e-15   2.0261735e-19   3.2756738e-50   8.9268241e-08   8.3416640e-04   2.8274059e-03   6.8557464e-03   4.2405663e-12   4.9211395e-05
   2.7583727e-04   2.8672580e-19   6.5074849e-24   1.6678103e-34   1.1626621e-04   2.2050464e-04   6.1644529e-04   7.8029651e-03   6.8203184e-18   5.0639177e-04
   3.0693323e-04   1.5530651e-11   1.1036774e-39   5.5660531e-17   3.0673035e-05   4.4366037e-04   2.9295864e-03   5.4116278e-03   2.0816596e-13   5.1987282e-04
   2.6006297e-04   7.2534700e-16   4.7332097e-42   1.1122667e-16   1.5112533e-04   7.3923774e-04   3.2437714e-03   5.5538740e-03   5.5107685e-15   9.7471435e-05
   2.6999059e-04   2.3229465e-09   1.2278640e-34   1.4126772e-25   2.8729129e-04   8.4119509e-04   4.0946704e-03   3.7939508e-03   2.6568095e-16   8.6406359e-05
   2.2549206e-04   1.7836298e-05   8.8564769e-34   5.5302312e-54   4.4416107e-05   9.0985371e-04   5.3170186e-03   2.6198920e-03   6.6242440e-11   2.6296907e-07
   1.5267762e-04   2.2430545e-09   2.3298143e-56   2.2407336e-12   9.2088795e-05   1.2363802e-03   4.3363093e-03   2.8135707e-03   1.4372948e-10   4.2377311e-08
   2.1781777e-04   2.9741734e-10   2.0679759e-28   5.3105581e-19   3.0128658e-04   1.0776318e-03   3.3781346e-03   2.7137882e-03   2.1086953e-19   6.8996471e-14
   1.5974008e-04   9.6548907e-05   2.1332666e-38   6.3744379e-27   6.8167535e-04   9.4269814e-04   4.4265524e-03   2.6117041e-03   3.4048475e-13   2.5851407e-21
   2.1916048e-04   6.5058808e-20   7.6415637e-35   3.1306827e-27   4.4413903e-04   7.0413337e-04   5.6456787e-03   1.8789273e-03   3.5654440e-20   5.8350190e-16
   1.7687798e-04   3.3967782e-26   1.0242413e-57   3.0083561e-15   8.1744891e-05   6.9135104e-04   5.3312102e-03   2.6612150e-03   2.5212666e-17   1.2851225e-20
   1.8197503e-04   5.3309832e-14   8.7293623e-36   8.9853838e-33   1.1172244e-22   8.4983463e-04   4.6882645e-03   3.0769147e-03   5.7696537e-17   1.8139898e-16
   2.5181638e-04   3.8398975e-23   2.4968649e-37   1.8701420e-29   7.4305733e-08   8.8868900e-04   4.6714229e-03   2.5297103e-03   1.0067074e-19   1.7747383e-18
   2.2592949e-04   1.1841917e-13   1.7262737e-36   2.2475560e-32   1.3490671e-04   8.7383876e-04   3.8598596e-03   2.5877564e-03   1.9121524e-16   3.1861816e-23
   2.4244344e-04   1.1220219e-18   1.8815607e-44   1.0625305e-41   2.7391111e-10   6.9536734e-04   4.4968273e-03   3.1582880e-03   1.5297733e-25   1.4321320e-13
   1.6769722e-04   5.9012486e-29   1.0123897e-40   4.2295523e-31   5.6463112e-15   1.2749205e-03   7.8502328e-03   2.2561441e-03   2.1364566e-25   8.9781811e-28
   1.4419122e-04   2.2029301e-29   6.5033418e-30   4.3766467e-30   4.9079702e-08   1.1761528e-03   8.4232160e-03   1.7360700e-03   2.8188471e-25   3.8299877e-27
   1.4065338e-04   2.9179014e-27   5.3422924e-31   1.3435700e-48   2.6855928e-06   7.9378330e-04   7.8203893e-03   2.2358013e-03   3.6928920e-21   1.5537047e-24
   9.4663931e-05   1.2358754e-12   2.1480465e-52   6.5424902e-38   5.2040187e-05   6.2166426e-04   9.9967107e-03   1.2728259e-03   5.4633991e-09   6.7930574e-33
   1.3089427e-04   3.9656807e-05   4.8178649e-40   2.0538386e-30   1.9333520e-18   6.1203529e-04   9.8891755e-03   2.7655872e-04   5.7265342e-14   4.0130813e-27
   1.3993637e-04   3.3562778e-05   2.7001458e-66   2.0935253e-28   2.1933116e-13   8.2985213e-04   7.5648819e-03   9.7757962e-04   3.6463614e-16   1.5516181e-39
   1.4931257e-04   1.6103227e-17   1.1959832e-56   1.0052671e-18   2.8721921e-23   8.2681862e-04   6.4803925e-03   1.9010550e-03   3.0865454e-26   1.5649286e-43
   1.3328856e-04   9.8239670e-05   2.6470354e-59   1.3732845e-15   1.0020475e-21   8.3169975e-04   5.5308649e-03   1.6949821e-03   5.2457047e-12   3.1775891e-34
   1.6814183e-04   4.8030701e-04   1.6679278e-57   7.1181820e-21   9.2493246e-06   4.4563012e-04   5.3120504e-03   1.7670171e-03   3.3925618e-14   8.8088137e-23
   1.9463384e-04   4.6936491e-04   3.9230207e-60   9.8812907e-31   8.8858580e-14   4.7779421e-04   3.9966390e-03   1.5004230e-03   5.4337041e-10   9.0242995e-36
   1.9984547e-04   4.6144500e-04   3.8578314e-48   3.9121243e-23   2.1585286e-06   7.0598294e-04   4.4054299e-03   9.6455892e-04   4.4619423e-13   1.0569709e-42
   2.0614388e-04   3.2061282e-04   5.2274139e-58   2.0833996e-21   6.7929811e-05   6.2333405e-04   4.5025917e-03   1.0312869e-03   2.1593133e-13   1.6209374e-37
   1.2865530e-04   3.3704338e-04   1.4853288e-81   6.4876512e-45   1.3577782e-04   3.2004076e-04   3.6938694e-03   1.4225857e-03   1.2288185e-08   3.6608907e-27
   1.4572418e-04   2.0541715e-04   7.2938316e-39   4.4820909e-36   1.0342380e-10   4.2279845e-04   6.3431229e-03   7.7131825e-04   5.2151863e-15   1.0183545e-36
   1.6658498e-04   4.8691704e-04   2.3232738e-42   2.8422794e-36   2.2754554e-06   2.6992152e-04   5.6685644e-03   6.8345915e-04   6.2492791e-17   2.9420233e-29
   1.8854750e-04   3.6901077e-04   3.0297872e-48   3.4529971e-27   2.4892175e-14   2.1040939e-04   5.0220815e-03   7.8794516e-04   2.3123671e-16   2.6414470e-13
   1.3782941e-04   5.0070426e-07   8.0227569e-33   4.1691568e-23   2.9726280e-06   2.7389784e-04   4.6640572e-03   4.1295128e-04   6.9392752e-12   2.8826157e-39
   8.5911368e-05   3.1932139e-05   4.2239899e-24   1.1480788e-25   1.8236096e-10   2.4741529e-04   7.7815914e-03   2.0668604e-04   2.9601952e-06   1.4213797e-15
   1.4038764e-04   9.8348796e-09   1.8208872e-64   6.4785127e-24   1.3308996e-15   3.0308858e-04   7.6057437e-03   6.2259783e-04   1.0614411e-14   1.3365776e-38
   1.9103769e-04   6.7729479e-18   3.3397000e-68   3.5339745e-30   1.1114708e-05   2.0662272e-04   9.8903359e-03   8.9120663e-05   4.7460492e-22   1.1284938e-20
   2.2465430e-04   1.7664539e-12   2.9303868e-69   2.6504259e-29   1.2369883e-12   1.9483837e-04   9.1907019e-03   1.6167965e-05   9.5144064e-25   1.0067858e-28
   2.0393681e-04   2.5795464e-09   1.7520369e-65   2.6987964e-28   1.2270737e-18   8.8365049e-05   7.7813603e-03   5.1939646e-04   3.0663207e-18   6.1065524e-16
   1.1303383e-04   5.0872368e-06   1.5579804e-55   2.4173241e-27   2.6560086e-05   5.5284632e-05   8.4066889e-03   3.9333656e-04   1.3655544e-07   1.5235569e-08
   9.3723571e-05   3.2034717e-13   4.8816319e-65   4.7638826e-51   3.3555948e-06   1.0651183e-04   6.6053971e-03   6.5059042e-04   2.5122993e-05   1.2997125e-16
   1.2803792e-04   1.8416286e-13   1.6398474e-63   3.4973202e-31   2.0354512e-05   8.4559348e-05   6.4796913e-03   9.3363835e-04   4.3408633e-11   6.9163162e-05
   1.3087709e-04   2.3005062e-09   5.6786588e-68   1.2097405e-26   1.9700214e-18   1.8838602e-04   5.9436704e-03   8.1865255e-04   1.0314908e-14   2.5835795e-06
   1.9252922e-04   1.6524747e-13   4.2633856e-66   5.3352624e-29   5.1242020e-12   2.1111715e-04   5.6175979e-03   2.5993199e-04   7.5589380e-13   6.2595719e-23
   1.7058353e-04   9.5471897e-24   4.8112483e-71   9.0649490e-31   4.0497109e-05   1.2024058e-04   4.8522631e-03   2.1216158e-04   3.5590074e-14   2.1498647e-23
   1.5078166e-04   5.5554022e-09   3.8275586e-64   5.7058223e-32   1.0256135e-04   2.6461747e-05   4.2601301e-03   4.8475408e-04   1.0885000e-12   9.4195358e-38
   1.3365946e-04   2.3011985e-20   1.6700158e-58   2.1516857e-50   3.1140293e-06   7.1387725e-05   5.3954265e-03   4.5492743e-04   3.5911904e-05   5.6578918e-06
   1.9292822e-04   1.5717323e-18   1.0965622e-79   1.0882455e-36   2.1452357e-08   1.8901118e-04   4.6352300e-03   6.8469100e-04   3.0290066e-06   9.8848569e-08
   1.6353480e-04   1.4245532e-15   6.9418116e-43   8.5026000e-44   5.3556727e-16   1.1544549e-04   5.7784647e-03   8.0319572e-04   2.5856355e-07   4.1376859e-18
   2.1893157e-04   3.7300407e-28   1.9925860e-54   3.3482014e-60   2.6763416e-23   1.3968975e-04   3.4532885e-03   1.9318561e-03   1.3333327e-19   4.7390866e-12
   2.7642825e-04   1.6529137e-26   3.0907674e-58   1.1763692e-42   1.6965010e-17   2.8709353e-05   4.4467790e-03   1.0360842e-03   3.5542215e-18   2.0055776e-25
   2.8615094e-04   5.2982596e-32   2.4180225e-80   1.0849795e-38   5.6329881e-12   1.3284216e-04   2.9615902e-03   1.8611605e-03   3.7644474e-22   3.4726547e-25
   1.8728644e-04   3.0026136e-31   2.6564304e-58   3.1745814e-34   5.5290544e-09   1.3522885e-04   4.9979194e-03   1.8514348e-03   4.1407287e-09   9.9129473e-09
   1.9370256e-04   3.8978826e-19   9.1238741e-48   3.4626758e-42   7.7374520e-16   1.1908887e-04   6.5763383e-03   5.8535955e-04   8.7525801e-14   3.1035237e-05
   1.7839137e-04   3.3419944e-09   1.1713891e-37   7.5721329e-36   1.4383771e-14   9.4938683e-05   5.3172449e-03   4.6391536e-04   4.9330943e-05   6.4010449e-08
   1.5000232e-04   1.2737977e-09   1.1050667e-48   1.0480319e-33   1.1080050e-08   1.3511076e-05   5.2642105e-03   6.4222518e-04   1.2733947e-04   1.0391868e-04
   2.0940248e-04   8.8201399e-20   6.3394593e-48   2.7929445e-12   3.7314833e-12   8.5607728e-05   3.7620950e-03   8.8913565e-04   5.0850533e-10   7.7395767e-05
   2.0706047e-04   1.0761803e-16   2.4093569e-41   1.4139848e-04   2.5429673e-27   8.8007436e-05   5.3177129e-03   7.3507183e-04   1.7159418e-10   5.2548195e-24
   1.8099821e-04   3.0567767e-15   1.2558439e-45   3.2584056e-19   3.3568710e-27   6.5285426e-05   8.0309238e-03   2.2304392e-04   4.0944690e-06   8.8916433e-16
   1.0396784e-04   1.5260786e-08   4.0374016e-35   9.1593405e-55   9.6459248e-25   6.2848555e-05   5.5478141e-03   3.3566606e-04   1.4813613e-04   8.6350847e-06
   1.7139804e-04   3.4645858e-11   7.1887689e-32   1.8603947e-42   9.0697370e-23   9.4832499e-05   3.4851264e-03   5.3857954e-04   1.9152989e-05   1.0728126e-13
   1.8185302e-04   2.2135940e-08   2.4196529e-44   1.6537617e-32   3.1143186e-23   7.1189610e-05   5.6729990e-03   2.8958863e-04   3.4024665e-05   1.3928322e-09
   2.0970843e-04   2.4037775e-06   2.1999662e-38   1.0949972e-25   9.7865405e-14   6.3070962e-05   4.4128846e-03   1.2268954e-04   4.1690893e-08   3.2959973e-09
   2.0987730e-04   1.1224514e-04   1.7458198e-37   5.4820036e-32   6.7264064e-11   5.4783538e-05   3.9109779e-03   2.6311234e-04   1.1634175e-08   2.4187576e-05
   2.0581024e-04   1.7967891e-04   2.9655512e-52   2.0175605e-19   2.9050147e-13   1.0168737e-04   3.5616299e-03   2.9357755e-04   4.6366504e-07   1.3656712e-07
   2.5820097e-04   3.1383647e-04   9.5701793e-47   3.0172490e-20   5.4403844e-15   4.8714229e-05   5.3685453e-03   1.9558862e-04   9.7050039e-08   5.3794993e-18
   2.9871454e-04   2.1216477e-04   1.6143974e-38   2.6143162e-08   1.4897278e-14   2.8874730e-07   4.4652800e-03   3.8066559e-04   8.2090890e-05   2.0410927e-21
   3.1920103e-04   3.8809526e-04   3.3144177e-71   4.4274211e-07   5.7666829e-12   2.9056140e-14   3.7607231e-03   2.2205721e-04   1.4322174e-06   5.0281342e-22
   3.4413936e-04   2.6074297e-04   5.5005244e-43   1.8866593e-04   4.4259026e-24   7.9518408e-09   6.1087617e-03   3.5079427e-04   1.1568011e-10   5.2444115e-42
   3.4254892e-04   8.3704602e-05   2.7182604e-52   9.4172661e-04   4.0700945e-31   1.0095846e-04   3.8135416e-03   8.9194826e-04   2.0959705e-11   9.5844362e-27
   3.3910266e-04   2.3009590e-04   3.6600630e-53   8.7185213e-04   2.1029110e-27   4.0230004e-05   5.4744915e-03   4.4911738e-04   3.8997843e-14   2.1622025e-14
   2.8674575e-04   8.5261360e-05   3.4054977e-52   4.6171974e-08   6.6844259e-18   1.9972324e-05   4.9034836e-03   4.0361686e-04   1.6534320e-09   5.8511659e-08
   2.2682727e-04   1.9580090e-04   7.6198872e-25   1.0119750e-43   7.2495423e-27   6.8228450e-05   5.9196252e-03   3.5464351e-04   8.3443291e-05   1.4957180e-06
   2.8144192e-04   4.1522754e-04   4.5164785e-35   1.1373356e-31   6.2118418e-25   5.5481298e-05   5.9811624e-03   3.5511598e-04   2.2932595e-07   1.5919711e-25
   2.3715647e-04   7.7390478e-05   5.4010876e-35   8.2171422e-27   3.8391876e-28   9.7994663e-05   8.1299017e-03   1.9030843e-04   1.6381868e-08   8.8773177e-33
   2.7696385e-04   5.4118674e-05   4.6742274e-29   1.1493691e-17   5.9321356e-18   5.7536434e-05   7.4928305e-03   1.3352408e-04   9.2746421e-12   9.4122409e-23
   2.8135958e-04   6.4592665e-11   3.3962578e-36   1.6085111e-21   1.4535252e-11   1.4148823e-04   4.5735352e-03   3.5347500e-04   1.5393054e-14   6.9894694e-24
   2.7212431e-04   1.0868683e-19   1.8717781e-36   1.2998900e-22   1.5124974e-04   1.6315104e-04   3.7712481e-03   3.3609245e-04   2.3067716e-16   4.6914890e-21
   3.7329716e-04   7.2717262e-08   1.2386609e-56   5.2344843e-22   9.8273043e-10   1.0176037e-04   3.8656351e-03   1.9889644e-04   3.0990166e-12   4.6085662e-23
   3.4647331e-04   5.5734185e-06   4.9051576e-41   3.6299742e-12   1.6777814e-29   8.9408602e-05   6.7798333e-03   7.2252184e-05   7.9340103e-17   4.1637585e-26
   1.9602043e-04   2.4432270e-04   2.7453204e-41   5.2719430e-05   2.8107081e-12   2.1479754e-04   7.1301436e-03   1.4286816e-04   1.5249380e-11   3.5739901e-38
   2.3899388e-04   1.2795852e-04   2.0710622e-32   5.2411848e-06   6.4930144e-05   1.9882153e-04   5.4588988e-03   2.7084199e-04   1.1779797e-11   1.9886777e-22
   2.8386247e-04   4.7827737e-16   1.2516139e-37   4.7884958e-04   3.3968486e-09   3.3902390e-04   5.0086578e-03   8.6322133e-04   1.8002390e-28   1.0394544e-16
   2.7310467e-04   2.3591470e-08   6.0701533e-34   2.5956073e-04   6.6254591e-14   5.9113391e-04   6.5250683e-03   7.9303483e-04   5.2169320e-17   1.6636112e-25
   2.3219680e-04   1.0926982e-04   7.6661939e-62   2.6577996e-20   4.6031763e-06   3.9583980e-04   5.6840135e-03   8.3963828e-04   6.2324258e-10   3.2968573e-29
   2.2867847e-04   2.8444332e-06   9.0035749e-23   4.7928886e-20   1.4668740e-12   3.1337429e-04   4.6100661e-03   1.3269241e-03   2.8766601e-17   3.5534764e-13
   2.6883974e-04   1.3448766e-05   5.4103344e-29   6.6265870e-07   4.4660101e-14   1.5864275e-04   5.4222638e-03   7.1170274e-04   2.6919988e-12   3.7698044e-13
   2.2540853e-04   2.5239652e-08   2.6972805e-64   3.8875220e-05   1.5463820e-13   1.2002055e-04   5.5055000e-03   4.3902873e-04   1.0409704e-18   7.1876853e-17
   3.1923055e-04   4.0766250e-13   3.5080836e-32   8.9987351e-16   3.9236115e-11   1.6611934e-04   3.5961733e-03   3.7409515e-04   2.6230606e-18   2.8880849e-23
   3.3405082e-04   3.5110803e-04   4.0132318e-17   8.2728986e-09   2.2060220e-18   2.9153798e-04   4.5925958e-03   6.5694668e-05   6.5047436e-15   7.9879746e-25
   2.2495119e-04   4.1802251e-04   1.0629504e-53   5.0205568e-04   1.5695465e-12   3.0949394e-04   4.5500243e-03   2.8563762e-04   8.5282003e-16   1.0660781e-20
   2.4940619e-04   5.3466030e-04   1.3388826e-24   3.1515143e-20   2.2276343e-17   1.4797526e-04   3.6993320e-03   5.2326499e-04   1.5104271e-08   6.1092134e-40
   2.6798023e-04   1.9385241e-05   3.0550617e-49   1.5492943e-08   2.0612805e-08   1.7168005e-04   4.3111418e-03   5.8779531e-04   1.8195688e-08   1.1589570e-15
   2.7937966e-04   1.4743624e-04   5.0681482e-49   2.0679962e-04   2.7743865e-11   2.5089704e-05   6.0855617e-03   3.9917681e-04   3.5925598e-10   1.2287514e-10
   2.7518935e-04   6.6122952e-04   1.9642790e-62   1.1423681e-03   2.2698605e-12   4.6516372e-05   4.5910888e-03   3.3343158e-04   9.4081329e-08   1.2291040e-34
   2.7199626e-04   2.4838442e-04   8.1062558e-75   1.2212851e-03   1.5792360e-08   7.2397867e-05   6.0548125e-03   1.7846415e-04   7.0486701e-06   2.9771819e-30
   2.7397570e-04   4.9898152e-04   5.6026604e-60   4.8287300e-04   2.6573047e-06   1.5320402e-04   6.2294002e-03   1.2926806e-04   1.4459325e-05   1.7981668e-30
   1.8961523e-04   7.4305451e-04   1.7911151e-44   2.8034464e-07   3.4890935e-18   2.8777023e-04   6.8094159e-03   8.5817617e-05   3.9417655e-04   1.1834759e-25
   1.3754958e-04   1.0640496e-03   1.4459774e-41   5.3248186e-05   1.0934190e-11   4.6122555e-04   5.4883334e-03   1.0570603e-04   1.8691085e-04   4.2757041e-12
   2.2793072e-04   7.1118523e-04   2.9615275e-26   1.9244832e-09   2.6572583e-11   3.5698902e-04   4.4191099e-03   2.1782448e-04   3.0259917e-05   3.4958128e-19
   3.0104421e-04   9.1698944e-04   7.4459548e-22   3.6624194e-04   2.7213406e-04   6.4958639e-05   4.5931778e-03   1.0602232e-04   2.6523084e-05   5.1735378e-19
   2.0226092e-04   7.1269782e-04   1.0282995e-15   1.0692167e-03   2.8323173e-04   4.2641183e-06   6.6227763e-03   4.8829833e-04   6.2852546e-06   2.0341728e-04
   2.4579395e-04   4.6222486e-04   1.9086738e-32   1.5568811e-04   4.8417866e-16   5.9757490e-06   6.8656892e-03   9.0724142e-04   2.6470312e-05   2.3720420e-04
   2.2321019e-04   2.2823587e-04   1.7035713e-25   5.1823177e-28   5.0187767e-24   4.4132944e-05   6.2352729e-03   8.9249959e-04   1.2794821e-05   9.5983531e-05
   2.2606816e-04   1.4713623e-04   8.3862998e-63   3.7746415e-07   1.1652226e-07   1.1560570e-05   6.3976721e-03   5.7491110e-04   2.0369482e-08   1.5556123e-04
   2.7330815e-04   1.1866199e-04   9.7415371e-45   7.9351808e-06   1.2570405e-04   1.4059379e-05   4.1672461e-03   6.9321721e-04   3.5213458e-06   2.4816131e-09
   2.9051745e-04   3.2301569e-04   1.0281254e-44   6.9321534e-06   8.5099573e-07   4.5306455e-05   4.8947268e-03   5.2761810e-04   2.1636244e-07   1.2486840e-05
   2.3108676e-04   1.6158957e-05   4.9532477e-60   4.0888979e-04   2.4278232e-09   2.4100861e-05   5.5280407e-03   3.2657594e-04   7.3688652e-10   9.7625130e-06
   1.8104334e-04   4.4370083e-05   1.7850500e-53   6.7548084e-04   2.3246625e-07   3.1668279e-05   5.5454696e-03   3.6310830e-04   1.2502482e-07   4.4336658e-08
   1.4896378e-04   1.1342494e-07   4.6337740e-43   4.3441392e-04   1.8338326e-04   4.3379927e-16   4.6800652e-03   5.6105527e-04   5.6136739e-11   8.8825747e-07
   1.1018027e-04   3.0313847e-04   3.8979798e-78   1.6229319e-04   3.2777789e-04   5.0376769e-05   3.5025132e-03   6.2266743e-04   1.9627175e-11   5.9372791e-05
   1.2598563e-04   6.8567266e-04   1.3818264e-69   2.0334332e-09   1.1782501e-04   1.0873644e-04   4.0326557e-03   4.5687292e-04   8.1378660e-06   1.0839347e-04
   9.8971640e-05   1.9268864e-04   2.4046906e-44   3.4571109e-04   1.2374382e-04   1.8287937e-04   5.3027425e-03   2.5047150e-04   1.1582314e-05   6.9267809e-05
   1.4403592e-04   3.0198279e-04   2.4147037e-59   1.0792533e-03   8.8606276e-14   6.1578496e-05   6.0862259e-03   2.1750188e-04   2.1778045e-08   6.3740120e-08
   2.4450840e-04   3.4628961e-05   6.1800543e-67   9.9851894e-04   7.0723367e-18   2.2543313e-06   4.1164403e-03   3.0800484e-04   1.0463403e-18   4.0952320e-05
   1.6964979e-04   1.0711379e-06   5.9002302e-53   2.7519114e-09   4.8211216e-12   5.1166556e-05   6.5041494e-03   2.8896415e-04   5.1298133e-24   1.1454267e-05
   1.2793366e-04   4.9008074e-07   2.7820729e-61   8.9259306e-19   9.2208474e-16   8.3236408e-05   6.2412215e-03   3.1341073e-04   2.3943335e-24   9.8570789e-05
   1.4742832e-04   2.1227638e-05   2.8755683e-54   5.6814640e-26   8.2280869e-07   6.9920940e-05   4.1520217e-03   7.9497315e-04   1.5648466e-19   6.3486987e-05
   1.2788896e-04   4.5781506e-06   2.5318371e-46   1.5471669e-04   7.2920265e-06   2.4912384e-05   4.9132137e-03   9.1552691e-04   1.9558897e-10   8.0025439e-05
   1.0691348e-04   2.0359864e-05   9.3984597e-45   2.3584858e-04   1.6176802e-11   3.7448505e-05   5.6136143e-03   5.2702371e-04   4.0452897e-15   3.0455545e-04
   1.1113151e-04   8.5668711e-07   2.9103924e-59   1.9753208e-07   2.9802147e-10   5.9357963e-05   5.8003100e-03   1.8422924e-04   2.3648955e-08   1.1658522e-04
   9.7371363e-05   1.7557652e-05   3.7802598e-51   2.8279243e-10   5.2364791e-07   1.2434465e-04   6.3465190e-03   1.0934134e-04   6.1383027e-15   2.2149573e-06
   9.6694249e-05   1.1885561e-04   2.1056259e-72   1.6283209e-27   1.1028242e-05   1.0992447e-04   4.9342715e-03   1.9206661e-04   9.6303181e-09   3.0341518e-05
   8.2387397e-05   2.0592343e-04   2.1686224e-46   2.6979624e-38   8.0935921e-05   1.0991040e-04   4.9801107e-03   2.0195218e-04   1.0370597e-07   1.0980014e-07
   8.9649307e-05   1.5850474e-04   3.0692694e-61   3.0499600e-14   1.2926103e-11   1.0539291e-04   4.7545040e-03   2.9933817e-04   1.9111100e-12   2.2636922e-08
   7.0139690e-05   2.0994667e-05   1.8345918e-67   1.5348661e-04   9.5135403e-05   6.4530468e-05   5.0300308e-03   2.2243934e-04   4.1617957e-09   9.2453087e-16
   8.7122719e-05   3.9525140e-11   1.2503302e-45   2.7982480e-05   1.3330458e-04   3.4840689e-05   3.9191107e-03   2.6772302e-04   3.6604103e-11   8.2278506e-05
   8.8180841e-05   5.0501999e-06   7.8388690e-33   1.8065480e-23   8.2231841e-05   3.7454473e-05   4.7781167e-03   1.8472758e-04   1.7187805e-17   4.5342023e-05
   9.0865745e-05   9.4018352e-14   7.6834795e-48   5.0772275e-26   6.8059503e-05   6.5788653e-05   4.3235493e-03   9.6041778e-05   3.4969815e-15   7.2732907e-06
   8.4077189e-05   4.8656863e-08   2.8983954e-52   1.5344826e-28   9.8156614e-07   1.2744367e-04   3.5408031e-03   3.7192524e-04   8.0766976e-08   2.8432269e-05
   9.7921405e-05   1.0127309e-05   1.1606534e-43   2.8275803e-14   7.3859566e-05   1.6602971e-04   2.6168782e-03   4.8370516e-04   5.6110747e-14   4.1296054e-14
   7.0672900e-05   5.2708986e-16   3.4328594e-35   8.8863072e-27   1.0385998e-04   1.6509082e-04   2.2954376e-03   4.9845073e-04   1.9575019e-16   7.0756720e-05
   7.6870271e-05   1.4071440e-04   2.9734792e-35   5.6624552e-25   9.4579652e-05   9.4354320e-05   2.9320387e-03   3.6874662e-04   4.7025711e-14   1.1738100e-04
   6.0126597e-05   2.4699216e-04   5.0718206e-35   4.7512923e-22   2.4979365e-04   6.0372645e-05   3.2168068e-03   2.5497014e-04   4.0568350e-09   2.1564653e-05
   7.3508099e-05   2.3473638e-05   4.2095995e-30   1.0525163e-28   6.7806931e-05   3.2769923e-05   3.9284888e-03   1.9756821e-04   2.0648618e-06   4.5287392e-05
   6.9694620e-05   1.9023873e-04   2.3855973e-29   1.5837160e-33   6.8321103e-06   2.9337618e-05   4.2540638e-03   3.2023658e-04   7.5192637e-07   1.2686186e-04
   7.5000790e-05   3.7074017e-05   9.9026385e-36   1.6049653e-28   1.3628404e-04   4.6236128e-05   3.7607749e-03   5.8056274e-04   1.1441051e-05   7.2602963e-05
   6.8172892e-05   2.9273786e-10   1.7716318e-44   4.0958241e-34   8.8657745e-06   9.2651677e-05   3.9817364e-03   3.8335125e-04   9.5089783e-08   1.8412404e-04
   7.4040404e-05   2.2665770e-05   2.7759258e-52   3.9771111e-24   1.1707730e-04   9.5968030e-05   2.7743737e-03   3.4388374e-04   3.0954156e-11   7.7483519e-05
   7.4508082e-05   1.3559199e-06   1.0224103e-43   1.8129824e-10   4.0045552e-05   8.8831038e-05   2.5222316e-03   4.7276975e-04   2.0629622e-05   1.0756381e-04
   6.1271788e-05   2.1666402e-04   3.6531702e-35   7.2972457e-29   1.0924786e-04   6.5552006e-05   4.0269132e-03   6.5162943e-05   3.8027694e-05   8.5594028e-10
   7.6223346e-05   2.2664134e-05   1.8283322e-36   2.0167012e-28   2.4620246e-04   4.5890003e-05   3.6395058e-03   1.4554441e-04   3.8366769e-07   7.6213217e-06
   6.7637400e-05   1.6076119e-17   2.7273066e-30   9.8077895e-47   2.1646477e-04   3.7364910e-05   2.0389327e-03   1.4794737e-04   3.9770348e-06   2.7053937e-05
   5.8709098e-05   1.4317182e-04   3.2264660e-67   2.4383396e-24   5.2729391e-05   4.6601139e-05   3.0588639e-03   2.2158582e-04   3.2249302e-06   8.4372833e-05
   7.9367539e-05   2.0268889e-04   5.3571111e-48   1.4252259e-53   2.1305863e-09   2.3809691e-05   2.6769365e-03   2.0251771e-04   8.2774520e-06   2.8939042e-05
   6.4000837e-05   2.0195907e-04   3.0644920e-49   2.0872172e-43   7.1505533e-05   5.1230074e-06   3.5855624e-03   7.6172447e-05   8.8279806e-07   2.2973900e-05
   5.3546916e-05   3.6101627e-04   1.4383784e-42   7.0923854e-32   1.5848793e-11   1.8432518e-05   4.4302801e-03   4.0259413e-05   1.9530376e-07   2.8327481e-05
   5.7147118e-05   2.9958813e-05   1.1293385e-38   1.0616080e-27   1.6649820e-04   1.0956176e-06   2.9470749e-03   2.1623040e-04   3.2888345e-05   3.5049331e-05
   4.8091069e-05   1.0640982e-04   9.7841755e-46   5.5909700e-28   1.0703647e-04   4.0649710e-06   2.0556232e-03   5.2236838e-04   7.9527686e-05   2.7962911e-14
   4.4220345e-05   3.7174379e-05   2.8992000e-53   3.1654517e-45   8.8755978e-05   8.3397458e-06   1.8162657e-03   5.0854590e-04   7.8929461e-05   9.5366814e-06
   5.3404001e-05   1.4637455e-09   2.0198082e-54   1.8235704e-36   1.0771916e-04   4.0192843e-06   1.9352731e-03   4.4435426e-04   2.3067402e-05   2.4145561e-07
   3.7499244e-05   1.0224247e-04   4.1562269e-58   1.2491446e-26   1.4718631e-04   3.3758167e-06   2.8366303e-03   1.9315429e-04   5.0998029e-05   9.7051478e-06
   3.8009129e-05   1.6931494e-04   4.2576331e-50   6.5328545e-16   4.5183716e-05   5.5518627e-06   3.8263055e-03   1.1321546e-04   4.3202319e-05   3.1317192e-05
   3.9692419e-05   2.8747236e-04   2.3980927e-49   3.5974863e-47   6.9337113e-05   1.3196838e-05   2.8920409e-03   1.3153500e-04   6.3962017e-05   5.6127664e-12
   3.8240039e-05   3.5515366e-04   3.6240551e-30   1.2646424e-32   1.2203506e-04   8.4550750e-06   1.9080830e-03   2.6549683e-04   1.0337751e-04   8.8098429e-06
   2.6850630e-05   3.5720677e-04   5.7090649e-22   6.1435659e-27   1.6643877e-04   4.1898716e-06   1.8062075e-03   5.0721746e-04   6.0576713e-05   1.7997054e-05
   4.1253377e-05   5.1128105e-04   4.1467842e-29   2.0755008e-27   1.3017584e-04   4.2505382e-06   2.0304083e-03   4.3237607e-04   7.1964421e-06   3.4892622e-05
   5.3804001e-05   4.3972078e-04   1.1907008e-45   1.0952900e-24   3.5034444e-05   6.5893555e-06   1.4594416e-03   4.9306020e-04   8.5875855e-08   2.6578466e-09
   4.9969867e-05   2.6106481e-04   1.2599531e-62   3.0682004e-30   8.1051135e-05   5.7995601e-06   6.1821925e-04   7.7278183e-04   1.3976515e-12   7.9609501e-08
   2.9889332e-05   4.6915555e-04   1.8985627e-42   8.2553490e-38   1.1437515e-04   7.3197267e-09   9.9640530e-04   6.6302770e-04   2.1787401e-08   3.1931809e-05
   2.8413477e-05   2.6220246e-04   4.2878574e-30   7.2815436e-32   6.0774706e-05   2.9966769e-11   1.6914856e-03   3.3101249e-04   1.3526050e-05   1.8398759e-05
   2.8263373e-05   2.8358820e-04   3.9870224e-28   4.9651571e-25   9.2442046e-05   3.2846332e-10   1.8340485e-03   1.4603479e-04   1.1330125e-05   4.9102755e-05
   3.3696826e-05   3.6585543e-04   8.3305134e-58   5.0821377e-34   2.2079899e-05   7.0720934e-14   1.4247144e-03   1.1528789e-04   9.2020927e-07   2.8778426e-05
   3.4162688e-05   4.3716330e-04   2.4387212e-43   7.0344460e-51   1.0263469e-04   6.1619431e-07   1.3103925e-03   1.0533558e-04   2.3386495e-07   2.2639009e-06
   3.5309253e-05   3.7248402e-04   1.9425432e-53   3.2297099e-18   9.1734124e-05   8.1952038e-07   1.1966263e-03   1.0816534e-04   4.4150097e-07   5.4616808e-06
   3.4953670e-05   3.7946638e-04   1.7654729e-40   1.4929442e-17   5.6084339e-05   7.8760216e-07   8.1754086e-04   3.6492903e-04   1.1222498e-05   1.2626099e-05
   2.1958189e-05   3.6057899e-04   5.3208336e-37   4.2511107e-36   4.5462114e-05   4.2864539e-06   1.0933840e-03   3.4239839e-04   3.4886571e-05   2.7345376e-05
   2.5466275e-05   4.1751653e-04   2.9253997e-25   1.3102110e-22   8.3712370e-09   1.5538184e-16   1.4891073e-03   2.9174830e-04   3.7551238e-05   3.3472980e-05
   3.6531102e-05   5.5732048e-04   7.8476909e-40   3.2024992e-29   5.5381355e-05   9.8066623e-14   1.3184753e-03   3.4329653e-04   1.4264693e-07   8.1786548e-06
   2.9743946e-05   4.4523934e-04   8.7152906e-36   2.2263250e-36   6.6787154e-05   1.9220070e-11   1.6440232e-03   2.7296925e-04   1.0360728e-11   2.8299944e-05
   2.0620817e-05   2.6649853e-04   1.0021256e-40   4.0879262e-12   2.9072494e-15   8.6506822e-14   1.6997070e-03   2.4020672e-04   5.8411953e-07   1.3319294e-05
   2.5697691e-05   1.2273590e-04   4.3962383e-29   3.7895193e-18   2.8990156e-09   3.9140511e-29   1.2344954e-03   3.8594329e-04   2.6797948e-06   2.0825615e-05
   3.1356232e-05   8.3561098e-06   7.9927467e-40   1.1067381e-38   6.1066526e-05   1.6358024e-19   8.4031330e-04   4.3274575e-04   7.0435267e-08   1.7669413e-09
   2.8640024e-05   1.2309385e-10   1.9908826e-77   1.0889417e-14   1.2437008e-04   3.3217798e-08   6.7974561e-04   3.7959129e-04   1.2317773e-05   1.4217375e-05
   3.8355068e-05   2.9508421e-06   3.7976798e-92   6.8847309e-22   1.3225914e-04   1.0495466e-08   8.6451393e-04   2.9217732e-04   1.8243945e-07   2.3722318e-05
   2.6469931e-05   1.9748272e-04   2.1875127e-50   9.8337032e-25   3.4627090e-06   6.3416747e-12   1.2652548e-03   2.5743451e-04   8.2335439e-06   8.1030019e-08
   1.7827120e-05   1.7852024e-04   6.6229521e-21   7.6353575e-26   9.7804165e-06   2.0129115e-14   1.0897836e-03   3.3881388e-04   1.8338697e-06   1.5188012e-05
   2.1457148e-05   4.3897811e-07   2.2125375e-23   6.2700217e-21   4.2267800e-05   1.7638462e-17   6.9284548e-04   5.0369396e-04   1.7984040e-06   6.3933550e-06
   2.5413859e-05   1.0713422e-04   1.8117932e-60   5.8703922e-24   7.0824663e-05   1.6203684e-30   6.1876537e-04   5.4602950e-04   1.1095028e-05   1.2413310e-05
   2.9922355e-05   9.3974122e-05   4.5242354e-35   2.5351332e-19   7.3123037e-05   1.6643256e-36   6.4277741e-04   5.2954133e-04   4.3910756e-05   4.4835794e-06
   4.2197706e-05   2.0936743e-12   1.1747221e-25   2.8794849e-23   8.1041793e-07   4.4473275e-31   8.9290609e-04   3.5991937e-04   2.7357672e-05   1.7651078e-07
   3.7402163e-05   4.8252927e-05   4.5220672e-23   1.1804047e-30   1.7287038e-05   1.9066665e-30   7.7216979e-04   4.0087459e-04   5.8171978e-06   3.2676145e-14
   3.4205954e-05   1.1813988e-04   1.2374206e-43   3.4633954e-27   4.4314412e-05   6.9596334e-29   4.8306359e-04   3.5409635e-04   5.8671316e-09   3.6586662e-08
   3.0167077e-05   2.6408807e-05   2.1822902e-28   1.3566874e-26   7.6112878e-05   1.1567022e-31   3.3873763e-04   3.4253243e-04   4.5238189e-06   1.4582576e-07
   2.5061837e-05   1.4081617e-08   1.1904290e-23   1.5675257e-31   8.4099436e-05   7.3751401e-36   7.9033586e-04   3.3995685e-04   1.7926004e-05   9.2436275e-07
   2.4462886e-05   4.7393770e-07   1.9429703e-18   1.1547346e-23   6.3660162e-05   2.6930039e-32   8.9589959e-04   3.2420433e-04   3.1734800e-05   1.3887687e-05
   2.5849637e-05   4.2815231e-05   1.1579687e-31   5.2762557e-27   8.3806228e-05   7.2576615e-36   3.9288255e-04   3.4147883e-04   1.4810596e-06   2.2308713e-07
   2.1370366e-05   9.7859809e-05   1.1777153e-48   1.4641415e-16   7.1889913e-05   9.9759852e-19   5.6001213e-04   3.2539437e-04   2.6057155e-12   5.7835075e-06
   2.4765741e-05   4.4128918e-05   8.8234329e-56   1.1565474e-34   4.7724252e-05   2.6049038e-25   3.4704142e-04   3.7130794e-04   6.3067737e-07   9.6079387e-06
   3.4130191e-05   5.6968476e-05   9.8530541e-28   3.3757735e-40   8.0640837e-05   3.9505005e-30   3.5796829e-04   2.6042248e-04   7.4848304e-07   5.5059699e-08
   2.6097409e-05   2.1715372e-08   2.8334489e-32   3.2226153e-35   1.1365450e-04   1.3291716e-28   5.9983984e-04   1.4550262e-04   3.3171705e-05   4.8934602e-06
   2.3634468e-05   1.8309567e-05   3.8828016e-44   6.6748958e-66   1.2038876e-04   5.8810991e-23   8.6873500e-04   1.0610774e-04   4.7018301e-05   8.5337950e-07
