   4.8899444e-05   1.6997048e-18   2.4027899e-03   8.4208027e-04   4.7920665e-04   2.1975118e-13   2.0596780e-05   1.1411626e-02   7.7359691e-04   5.2965791e-03
   7.7179241e-05   7.7361658e-04   1.8486201e-03   6.3578041e-04   2.6884183e-04   1.7955429e-06   2.1333282e-05   9.5014515e-03   5.4433852e-04   4.8019617e-03
   5.7403976e-06   1.0018121e-04   3.5001963e-04   3.1590215e-04   2.6311341e-05   1.7972532e-07   2.6964561e-06   4.3087884e-03   2.6802451e-11   2.2787847e-03
   1.5681634e-14   2.1896393e-04   1.9343849e-04   2.1222155e-04   3.2760512e-05   6.5609653e-08   1.2951551e-05   2.7172308e-03   4.3356538e-08   1.5700505e-03
   6.6486577e-11   1.6620719e-04   1.5548334e-05   1.7554846e-04   4.7805318e-06   4.5688492e-17   4.6879541e-06   3.4700916e-03   9.3901042e-12   1.6224618e-03
   3.3225129e-08   2.8311343e-17   1.0967508e-08   1.0542008e-04   1.0559740e-06   3.9503030e-12   7.3914753e-06   5.2349952e-03   3.2420761e-24   1.6082328e-03
   6.1387027e-06   4.3347762e-05   3.4542298e-05   7.6071039e-05   1.1986110e-06   7.0877763e-14   1.3233632e-06   4.2406184e-03   1.3956087e-29   1.8049083e-03
   1.2047364e-05   1.8957133e-05   5.9038558e-05   5.9914052e-05   1.0123042e-05   1.8051823e-06   3.8734372e-05   2.9565305e-03   1.3634071e-20   2.7433664e-03
   1.2205792e-05   5.6821121e-05   3.1813830e-05   4.5659917e-05   7.8660211e-31   9.7581220e-05   8.0888369e-05   2.9231438e-03   3.6796784e-04   6.1585609e-03
   1.2858064e-06   3.0597030e-40   6.3832977e-05   5.2130534e-05   9.2792616e-59   1.2752570e-04   8.3484485e-05   3.0040109e-03   1.8392980e-03   9.1151738e-03
   9.5154485e-09   1.9103012e-69   2.9851621e-12   1.3744016e-04   1.4883606e-66   6.5585764e-12   3.0883304e-05   5.4145781e-03   1.1156539e-02   8.1385919e-03
   1.9425490e-22   3.8153157e-69   1.2720251e-28   2.7403620e-04   1.0504369e-64   1.4762158e-43   2.4270227e-29   8.7794588e-03   4.1180422e-02   4.7353492e-03
   5.5529531e-14   3.4259143e-62   6.2893934e-24   2.1323015e-04   7.4421104e-56   5.2158130e-39   1.0955966e-30   4.7733248e-03   8.1642200e-02   8.3594289e-03
   4.7818850e-06   4.6323885e-52   6.6936483e-19   1.9834000e-04   1.3452705e-41   2.0952063e-34   3.9421424e-12   1.1309297e-03   7.5384966e-02   2.2480486e-02
   1.0801162e-07   1.6063668e-25   1.0075765e-12   3.4565072e-04   2.4504477e-14   3.2574971e-12   9.0509847e-06   4.1724590e-04   2.3391369e-02   4.6269701e-02
   2.0354086e-09   1.1519570e-21   1.0824769e-11   5.6551158e-04   3.8960252e-03   7.5306784e-04   1.4889927e-05   1.7853284e-07   2.4327437e-03   7.5437942e-02
   6.5916313e-10   1.7586052e-03   6.9008321e-13   1.2519754e-03   8.0621466e-03   2.9278334e-03   1.9509650e-07   2.5654117e-25   2.2747427e-39   1.2633283e-01
   1.7208577e-17   4.3926963e-02   8.6336854e-05   3.9472218e-03   2.9086455e-03   7.3784885e-03   5.8445590e-04   2.1206815e-40   1.1152277e-68   1.3441966e-01
   1.8723806e-20   7.0302886e-02   4.6214435e-02   7.6609165e-03   4.9923988e-32   1.5607858e-03   4.6586097e-03   9.7246652e-38   8.1883686e-75   6.4067247e-02
   1.9892875e-04   2.3134093e-02   1.5042005e-01   4.7817135e-03   9.6360738e-46   5.7784384e-15   5.6622333e-03   2.3566188e-21   7.7492806e-64   1.3986065e-02
   4.5755457e-03   1.7087519e-16   1.6632448e-01   1.3826896e-03   6.1562978e-77   7.3273274e-26   1.6005193e-03   3.7767953e-03   1.2506185e-40   2.9953585e-03
   7.7729791e-05   1.1799636e-14   1.0483991e-01   6.5238072e-04   5.3936864e-49   2.5546092e-28   2.1973741e-04   5.4036073e-02   2.6501091e-16   1.8391515e-03
   1.8188428e-07   1.0856876e-10   3.0175909e-02   5.6709821e-04   6.0828170e-52   1.6824523e-23   5.4571149e-07   1.1340913e-01   7.5736947e-04   7.7923392e-04
   1.7495174e-05   1.2202077e-12   6.5473676e-03   6.2692368e-04   1.0578679e-67   4.8778664e-45   2.3251345e-22   1.0102986e-01   1.2387395e-02   6.2907154e-04
   6.0041662e-06   7.9544623e-19   1.5120595e-03   7.6017888e-04   4.7776999e-78   9.8206950e-47   1.0540098e-27   3.6502292e-02   5.5744697e-02   1.4905256e-03
   1.3217874e-07   1.5713335e-21   2.7198577e-03   5.1769792e-04   7.0594634e-74   5.6030149e-21   1.4959446e-13   1.1067677e-02   1.0277338e-01   3.3318586e-03
   4.6163373e-06   1.6883411e-28   2.2287708e-03   4.3482634e-04   2.2449362e-64   1.4343947e-12   1.1163180e-16   3.0223917e-03   1.0903399e-01   6.5821379e-03
   4.1529164e-07   1.2551733e-18   8.1565515e-04   7.7564142e-04   1.0205749e-66   1.9707687e-21   7.6765587e-13   1.1745821e-03   6.5322439e-02   1.6164823e-02
   3.8057951e-11   7.3178715e-31   6.1339913e-05   9.6773266e-04   1.0013667e-65   1.0724961e-30   1.3727793e-24   6.1847932e-04   2.0820402e-02   4.0265184e-02
   1.1101408e-09   1.1280896e-31   6.5924333e-06   9.9753295e-04   1.3089475e-21   1.3622800e-26   7.6289670e-33   4.2392400e-04   4.3062911e-03   5.3148335e-02
   1.1552893e-11   5.1649213e-08   1.1266896e-14   1.2648793e-03   5.6148269e-04   1.7404240e-20   3.5071356e-29   5.3056727e-10   3.6308538e-35   4.7693652e-02
   2.5988617e-15   2.4837038e-14   8.6308828e-27   2.1434841e-03   5.4510904e-03   1.0411998e-05   2.1612805e-31   7.4887137e-21   1.6858360e-61   4.8269993e-02
   8.7999155e-20   3.1999451e-29   1.7344538e-36   4.3721507e-03   1.0595395e-02   1.3276238e-03   1.5281431e-29   2.8970454e-37   2.4789272e-73   5.5089584e-02
   1.7041093e-20   1.2029508e-45   4.0108114e-49   7.9314254e-03   4.0936644e-03   3.6308091e-03   1.3205153e-30   3.1913477e-37   8.5816058e-80   6.5019988e-02
   1.0406310e-26   5.9298284e-13   2.1015982e-40   1.2532043e-02   8.2565307e-14   4.9090113e-03   1.5738713e-15   6.5181088e-31   5.4240010e-67   4.1917911e-02
   5.4085168e-32   8.9686531e-02   5.0839254e-24   1.7448951e-02   3.5336262e-45   4.1255332e-03   1.8689111e-06   5.3973197e-32   4.2780502e-55   6.0267758e-03
   3.5006763e-23   1.2568404e-01   6.2702911e-08   1.9201896e-02   6.5704912e-67   1.0587248e-08   6.8448016e-03   2.3490816e-38   5.4476149e-48   6.6141270e-10
   5.4521921e-26   5.6197501e-02   2.8580172e-02   1.5560639e-02   2.9242256e-86   3.0161165e-29   1.3153205e-02   1.6492490e-42   1.4235745e-30   6.9125482e-20
   3.4451615e-07   1.3875873e-09   1.0574172e-01   6.4549800e-03   3.9712882e-90   1.2854142e-42   1.2416730e-02   4.8358489e-34   2.8382561e-03   3.6122064e-31
   7.3682961e-03   2.3545836e-15   1.0535552e-01   2.1004482e-03  1.8090222e-108   2.1746344e-43   8.2120379e-03   1.1693903e-19   4.9912638e-03   7.6258244e-26
   1.3811500e-02   6.2480196e-05   6.3297830e-02   9.7158634e-04  2.3492887e-122   3.0301283e-39   5.1199176e-03   5.1070447e-09   1.1631820e-03   8.5099550e-14
   9.6865253e-03   2.2666295e-32   4.0162002e-02   6.3368035e-04  1.7216431e-108   1.4991190e-37   3.0417202e-03   2.9183621e-03   1.3428029e-05   5.8806189e-04
   5.6180783e-03   1.6834911e-18   1.9598537e-02   5.4203502e-04   2.0968840e-94   1.6641894e-24   1.6309819e-03   7.1354207e-03   8.1287673e-21   1.9999333e-03
   2.5816786e-03   5.5334493e-40   6.1223656e-03   6.2458921e-04   1.7725520e-80   1.9142119e-10   1.0665359e-03   1.3660527e-02   2.4447315e-41   1.8629610e-03
   1.0222516e-03   2.2906896e-34   6.9580025e-07   5.2366955e-04   3.7876247e-58   9.7882219e-04   8.7283312e-04   2.0542803e-02   1.3281664e-54   1.8398398e-03
   3.3117257e-05   2.7444905e-08   6.6013585e-15   3.9358807e-04   3.9094201e-04   2.4341347e-03   9.9675128e-04   2.5867144e-02   1.4510772e-51   1.4706164e-03
   1.0484735e-07   2.0940145e-40   1.7809503e-31   4.8546359e-04   2.7998836e-03   2.1537508e-03   3.9474365e-04   2.8246604e-02   5.0010319e-47   1.8104014e-03
   9.7760227e-06   9.7633894e-30   4.4971372e-30   3.9030021e-04   1.6154355e-02   4.1478906e-03   5.4326682e-04   2.3636278e-02   4.1790933e-25   1.2857016e-03
   7.2765721e-07   4.6166341e-31   3.3710672e-34   5.9495965e-04   2.4949347e-02   8.0745547e-03   2.5873228e-05   1.2676742e-02   1.1778639e-10   1.2636074e-03
   2.7241318e-07   9.0489996e-46   1.3095461e-23   8.2771749e-04   1.3123894e-02   1.5697425e-02   6.4817765e-09   1.1164346e-03   5.9960838e-05   2.0188233e-03
   7.2230019e-12   1.7376044e-40   8.0828614e-19   1.1787801e-03   3.3510274e-03   2.1526111e-02   6.3176832e-11   2.4126726e-07   1.6914856e-03   3.0006017e-03
   4.9381503e-14   1.4148999e-10   3.6173441e-14   1.6183796e-03   4.4165533e-04   3.0277577e-02   8.5485067e-06   5.5251961e-11   1.9967233e-03   3.0294266e-03
   1.5567142e-10   3.0429966e-03   1.0119712e-16   1.8437849e-03   6.7057895e-15   4.0356772e-02   1.9887750e-03   4.4239217e-18   5.1191846e-04   8.8073259e-04
   2.1478562e-08   1.2969199e-02   2.0500005e-14   1.7510409e-03   3.0865151e-39   3.7969731e-02   7.8307548e-03   1.4313467e-23   1.7803646e-17   3.1599923e-05
   6.9910492e-16   1.2670105e-02   3.7199001e-05   1.6669666e-03   1.2157446e-37   1.7721307e-02   2.0129092e-02   2.4068238e-24   4.5505308e-32   2.2498852e-05
   2.4342880e-12   3.9438086e-03   1.3724698e-04   1.4171660e-03   3.4336842e-37   4.1760761e-03   3.6510518e-02   6.4844401e-25   1.8034147e-26   1.8163630e-05
   2.5061370e-06   6.8573782e-17   4.1838333e-03   1.1320377e-03   3.8991189e-22   3.4375407e-21   4.0462495e-02   5.7986879e-25   5.3191118e-30   4.1993862e-05
   2.4325771e-03   2.4773399e-35   1.4846607e-02   6.3817241e-04   3.0796239e-68   6.7547050e-34   2.7466409e-02   1.6450304e-13   2.7376291e-33   3.6279364e-04
   1.3592206e-02   9.7594356e-53   1.5616205e-02   5.5826482e-04   6.9449592e-91   3.7477584e-44   1.6646551e-02   2.7996288e-14   2.1463369e-29   7.7989608e-04
   3.0996150e-02   2.2644587e-32   1.2070656e-02   5.2022347e-04   1.0764318e-78   1.7318883e-44   8.3524988e-03   1.0789140e-11   9.9425156e-26   1.5535676e-03
   3.2790120e-02   7.1552914e-15   9.1943613e-03   6.0507927e-04   5.6922213e-50   3.2657613e-25   4.1613069e-03   1.0557410e-16   1.5665028e-14   1.9017010e-03
   2.6881257e-02   4.8097009e-37   7.6389097e-03   8.3118934e-04   3.9689299e-21   4.7884904e-10   2.1545001e-03   1.8722538e-05   4.7235926e-04   2.0427278e-03
   1.4692004e-02   1.5586024e-25   5.5300355e-03   5.6638556e-04   2.2859120e-02   5.6998577e-03   8.0799383e-04   6.2031410e-04   2.6250743e-03   1.6342659e-03
   6.1342093e-03   2.2187916e-04   3.0461301e-03   2.8454534e-04   7.2415145e-02   8.1059831e-03   8.6823031e-04   1.2695494e-03   5.7726252e-03   1.3613852e-03
   1.9185582e-03   6.5197929e-06   1.6238003e-03   3.9589632e-04   8.4601677e-02   7.8483555e-03   9.6051398e-04   2.6370694e-03   4.6069404e-03   1.3264618e-03
   1.2287100e-03   5.2281568e-37   2.8325130e-12   5.3033381e-04   3.8854755e-02   1.7078778e-02   7.5960979e-04   4.5186844e-03   1.3617741e-03   1.7807761e-03
   3.4870278e-04   8.7504274e-15   4.8659632e-11   6.9786718e-04   1.7157047e-02   2.9587420e-02   3.6856232e-04   3.5008431e-03   2.4413863e-08   2.0656682e-03
   1.1713245e-04   3.3271671e-32   6.6629525e-14   7.0925581e-04   7.4741316e-03   2.7716337e-02   4.1326022e-04   2.8713815e-03   6.0867809e-29   2.1244280e-03
   2.6952612e-04   1.9229703e-10   3.2862095e-20   9.7669145e-04   2.8362965e-03   2.2194287e-02   8.3867201e-04   2.9371886e-03   5.3652889e-40   1.6662348e-03
   2.7380819e-08   3.6896112e-14   3.5856547e-20   1.2072457e-03   1.0406100e-03   1.9693995e-02   1.2488100e-03   2.4823151e-03   1.6156360e-45   1.4565850e-03
   1.7917758e-06   6.4107144e-03   1.4112313e-22   1.5453740e-03   8.3317059e-05   2.1301142e-02   2.3289716e-03   1.4705524e-03   2.6804325e-46   3.4500129e-05
   1.7921142e-05   1.5616082e-02   1.0714518e-28   1.6755032e-03   4.4316390e-05   1.9203419e-02   5.7812703e-03   3.9293430e-04   9.5231851e-46   4.9159077e-09
   3.1405789e-08   1.2910780e-02   1.8160869e-33   1.9038906e-03   2.2263695e-24   8.1647069e-03   1.4839754e-02   5.0814120e-18   3.0824424e-43   1.2985567e-12
   6.5983579e-19   3.8698526e-03   8.3150795e-29   1.8080769e-03   5.2279547e-56   2.2648359e-03   2.4814179e-02   7.5324782e-24   5.0614384e-29   2.8575875e-12
   8.1627764e-05   9.7462186e-33   6.0816743e-21   1.5123765e-03   2.5832821e-16   3.7477213e-11   2.9226976e-02   6.5426509e-26   5.1324025e-12   2.0404374e-12
   1.3512976e-03   1.1948238e-59   6.2043856e-11   1.0940030e-03   1.0414340e-43   8.6750491e-27   2.6247377e-02   4.2666957e-21   1.1953829e-03   1.7034740e-06
   4.8698008e-03   1.0889051e-45   1.7907742e-03   1.1500525e-03   6.0184815e-41   1.3030281e-19   1.9083027e-02   4.4245367e-20   2.5200181e-03   1.2495780e-05
   1.4761083e-02   2.7172351e-50   2.7388081e-03   1.0181865e-03   2.6305977e-15   5.2814354e-36   1.3517750e-02   4.7514066e-19   1.7187727e-03   8.3468152e-08
   3.0813467e-02   3.4041064e-17   1.7214389e-07   8.1306652e-04   6.5200153e-03   6.6725060e-29   7.7133760e-03   1.1249452e-19   5.4623179e-06   1.2435759e-04
   3.4840922e-02   7.2434837e-16   6.8943025e-10   6.8190354e-04   2.2838735e-02   2.6580210e-19   3.8017290e-03   3.5053779e-27   7.1222693e-21   1.0045270e-04
   2.4146305e-02   3.5705993e-27   3.5910214e-12   8.1515526e-04   3.5438225e-02   5.2331144e-03   1.4612058e-03   6.5479241e-23   1.2974578e-42   3.4559378e-06
   1.5576248e-02   9.8496588e-10   1.2776648e-13   1.0255330e-03   2.0429221e-02   1.0417052e-02   2.6446205e-06   6.1428021e-18   5.6180249e-49   1.4048586e-04
   1.1635598e-02   1.9791698e-31   1.1349685e-15   1.0997517e-03   1.3105857e-02   1.7258818e-02   1.0934314e-05   3.9968560e-13   7.7218912e-42   4.2490149e-04
   6.1284405e-03   4.6480321e-22   1.5916085e-18   1.1075905e-03   7.5759303e-03   2.2182055e-02   1.2467977e-05   2.0468451e-08   1.7876286e-41   9.5052020e-04
   2.4392075e-03   4.8315058e-15   1.2710152e-22   1.1807056e-03   3.1414199e-03   2.2800209e-02   9.8062500e-06   2.4200273e-05   9.9284746e-40   1.2670826e-03
   6.8517124e-04   4.7828987e-30   4.2857879e-11   1.0476929e-03   1.4929190e-03   2.0975509e-02   1.2109264e-05   4.4807076e-04   5.0271569e-28   1.5908232e-03
   2.4998698e-04   1.1861767e-14   2.1715037e-06   9.3252084e-04   4.7997245e-04   2.0388567e-02   1.2176118e-04   5.9523242e-04   1.0664754e-19   1.0260308e-03
   2.9973075e-06   8.6735265e-04   4.5586587e-09   9.7332661e-04   5.3617419e-04   2.4323287e-02   8.9156647e-04   1.3917993e-03   2.2994966e-12   6.6150093e-04
   2.8439588e-11   6.9692249e-03   1.1204371e-24   9.8946872e-04   2.0576733e-13   2.7722607e-02   2.6359929e-03   1.3852154e-03   4.0097033e-04   4.8802961e-05
   7.7608829e-06   1.3542901e-02   4.7449267e-19   1.2290447e-03   7.4525759e-05   2.4579792e-02   3.0845841e-03   1.8920552e-03   7.0234522e-04   8.7064315e-06
   1.6392169e-06   1.0235862e-02   1.6208033e-28   1.3429421e-03   1.8233412e-16   1.0888879e-02   1.0588701e-02   2.7367926e-03   7.2777261e-06   3.5950021e-08
   5.8391475e-08   2.8304057e-03   8.3726029e-22   1.3537869e-03   4.0118588e-04   2.9698633e-03   1.6099987e-02   3.3639938e-03   3.7836397e-39   3.5843312e-09
   4.8257843e-06   1.0989071e-41   7.5130486e-18   1.3381450e-03   9.1087013e-04   2.6283000e-08   2.2923930e-02   3.3637386e-03   7.2115717e-22   7.8449072e-07
   8.1049768e-04   5.1174124e-55   4.4647566e-13   1.1543057e-03   4.3186275e-03   4.5521282e-22   2.2346633e-02   2.8895904e-03   1.1332100e-26   7.9372065e-05
   1.3018498e-03   1.3978961e-56   9.8968160e-07   1.1206150e-03   2.4465076e-02   2.8369099e-09   1.5597346e-02   1.5629739e-03   4.0999495e-35   1.1316490e-04
   2.8145082e-03   3.3599222e-48   3.6495719e-03   9.9926878e-04   5.3008101e-02   5.8383802e-09   1.0854826e-02   4.7427355e-08   8.6909332e-41   1.9214125e-05
   6.0209392e-03   1.4234472e-37   7.8848653e-03   7.0348137e-04   5.4538150e-02   4.9466878e-03   1.0228053e-02   6.4341591e-15   3.3833149e-33   3.0404329e-07
   2.2448971e-02   1.3404373e-39   5.6136912e-05   1.1810528e-03   2.1987903e-02   8.1248086e-03   5.4790704e-03   1.4880091e-25   2.8032234e-41   1.1268702e-04
   3.4745076e-02   7.0032120e-40   2.8624019e-09   1.0021790e-03   1.2532581e-02   1.3213699e-02   2.4255125e-03   2.8495716e-27   7.9145848e-28   4.9836493e-04
   4.0882134e-02   8.6559124e-30   1.1276861e-13   1.2228389e-03   9.6781525e-04   1.8215367e-02   1.4654829e-05   3.2950650e-30   2.1580154e-24   5.7608259e-04
   2.5459906e-02   1.4462881e-42   7.0497484e-13   1.1190501e-03   4.1827188e-07   2.0310324e-02   1.0632315e-13   1.8601325e-23   6.8595808e-05   9.7498898e-04
   2.0473211e-02   1.1661697e-45   6.9775781e-11   1.1972354e-03   3.3860467e-28   1.8035441e-02   8.1792512e-09   1.2928714e-22   8.3864822e-04   6.1702089e-04
   2.0478642e-02   5.5627761e-23   5.8481962e-14   1.2475400e-03   5.0193914e-47   1.4816074e-02   3.4847060e-06   2.6433295e-20   6.7960948e-04   6.9512962e-04
   1.5480515e-02   2.6447171e-31   2.1172221e-13   1.1795168e-03   3.8945449e-46   1.1872244e-02   2.8583691e-10   2.0006877e-12   1.1674810e-09   5.3952722e-04
   9.0428844e-03   1.0496493e-09   1.5263735e-13   1.4798432e-03   5.0207123e-52   9.9572215e-03   7.9743271e-05   2.4743725e-07   1.0085343e-39   3.5518276e-04
   3.9500802e-03   9.4765913e-04   1.3953620e-09   1.3838277e-03   1.5870834e-59   1.3870015e-02   1.8589886e-03   3.9426496e-04   3.7200297e-35   1.1507922e-05
   1.1468976e-03   4.2559370e-03   2.0005658e-05   1.4129935e-03   6.5732975e-59   1.8439471e-02   3.0464511e-03   2.2990362e-04   6.3430587e-34   8.8815380e-06
   2.2756453e-04   9.6131129e-03   3.6654357e-07   1.4584293e-03   1.9245310e-15   1.5598455e-02   4.0967164e-03   7.4712166e-04   1.7031421e-37   1.1217543e-05
   8.7517579e-05   7.8530433e-03   7.1629849e-07   1.7309016e-03   5.4171506e-05   6.5266656e-03   1.1843211e-02   2.0538203e-03   6.6024304e-41   7.5531727e-09
   3.0591299e-09   3.9797652e-05   1.3137321e-16   1.7863801e-03   9.3509214e-04   2.8854814e-03   2.0083416e-02   1.5337524e-03   3.4490675e-39   2.3568632e-10
   6.4207395e-04   1.5170822e-42   2.4789971e-12   1.2989721e-03   4.8807841e-03   7.4873359e-11   2.5642281e-02   1.2720216e-03   3.0697383e-28   2.0461111e-09
   6.2092838e-05   3.2180650e-48   6.4104024e-15   1.1585861e-03   1.1055382e-02   2.8144093e-12   2.3062292e-02   9.3890365e-04   7.5449994e-19   1.6353112e-10
   2.7711653e-07   1.8438596e-47   2.4463179e-06   1.4058064e-03   9.8753607e-03   1.6870424e-09   1.4519588e-02   2.7242290e-03   1.6693399e-24   1.3740981e-06
   1.0226526e-03   1.2084458e-38   3.7752067e-15   1.6123789e-03   3.9242903e-03   3.4363280e-10   8.5931914e-03   3.9362255e-03   2.2644944e-08   5.7847994e-05
   1.9974220e-03   4.8935224e-58   3.0695478e-10   2.0041344e-03   2.7699628e-03   2.0370226e-03   6.5316186e-03   2.4170563e-03   1.3540877e-05   4.5518000e-06
   4.2984874e-03   1.5979419e-56   3.3265152e-04   1.9306022e-03   1.7203840e-03   3.6404926e-03   4.3636864e-03   3.4911301e-03   4.2490795e-06   1.6559346e-06
   5.6577544e-03   1.9868226e-40   2.9662024e-03   1.8519567e-03   1.5448201e-22   4.1681071e-03   2.4187949e-03   4.3643531e-03   2.5122933e-31   6.4963376e-05
   1.0959593e-02   8.2868532e-28   1.8912698e-03   2.1648056e-03   7.5983316e-44   2.9165076e-03   1.1331893e-03   4.1429258e-03   1.4628749e-37   4.9675649e-05
   1.3519875e-02   1.5665143e-43   2.4901650e-03   2.2998956e-03   4.2958181e-66   1.9908980e-03   4.6516722e-05   3.4588810e-03   3.8232653e-37   1.4867861e-04
   1.1621027e-02   6.7034338e-29   2.9560136e-03   2.7025618e-03   4.5111722e-75   1.1255559e-03   6.4616008e-06   1.6397936e-03   1.2295305e-41   1.0656345e-05
   7.9263261e-03   7.6508773e-17   5.2059171e-03   2.5377148e-03   2.5894169e-79   6.0632142e-04   1.9093046e-06   1.6563756e-04   8.2288112e-45   1.1633584e-06
   6.2255522e-03   4.3980821e-19   5.0001550e-03   2.3404149e-03   4.2116611e-68   1.3944484e-05   1.1952285e-06   1.8196509e-03   5.6874098e-49   1.2179518e-06
   7.0042593e-03   1.2131976e-03   4.3521767e-04   2.6106880e-03   9.6967709e-81   4.8640444e-08   7.9500507e-05   6.1209624e-04   2.2813552e-51   6.4734856e-05
   4.8127382e-03   2.2726227e-03   2.4042803e-06   2.8920406e-03   6.8031234e-76   5.2264027e-07   7.7678491e-04   1.9150196e-04   1.9385295e-52   5.2270601e-06
   2.6315163e-03   1.1019092e-02   9.1862083e-12   2.5662457e-03   1.4412345e-64   5.9052542e-06   1.9835280e-03   1.2543712e-03   5.1560318e-43   5.0432382e-09
   3.6231090e-04   2.1205894e-02   2.8639674e-16   3.0060609e-03   2.6325429e-23   4.7769202e-07   1.4564057e-03   4.5581675e-04   1.8970445e-39   3.0273655e-11
   5.7314829e-06   2.1970722e-02   9.6374716e-15   3.2694347e-03   1.0842650e-03   7.1163489e-21   1.7925243e-03   4.8898196e-06   2.3078462e-24   3.8315214e-16
   3.2064926e-08   1.2139992e-02   1.3577904e-19   3.7871819e-03   2.8436153e-03   2.7582149e-19   2.2359198e-03   3.8661384e-04   1.0088932e-19   1.8632859e-17
   9.7511958e-09   7.8127261e-04   5.2234078e-18   3.6340295e-03   2.6741551e-03   1.2450723e-22   2.1694426e-03   1.1855495e-03   1.9551234e-28   1.2779283e-15
   8.0669237e-08   5.2642273e-55   2.6037959e-15   3.1912570e-03   1.4016410e-03   8.2862836e-16   2.7075025e-03   2.7800016e-05   2.9595361e-54   5.2700692e-11
   8.2297268e-13   8.8756749e-60   8.8462845e-23   3.3910897e-03   8.2404824e-04   1.5279002e-13   1.8110856e-03   4.1073590e-05   1.9177854e-51   1.0540498e-12
   5.5277600e-16   1.2499434e-69   8.0048106e-19   4.0965744e-03   2.5161458e-04   7.2434716e-10   1.1248672e-04   8.5959956e-04   1.8316942e-52   3.7708285e-13
   2.7356413e-11   5.5275973e-78   2.6000630e-09   4.1179215e-03   2.1887262e-09   4.7903532e-07   5.4786411e-08   1.4329110e-05   4.0617561e-56   4.8252948e-13
   2.3117773e-12   1.4650707e-83   1.5207036e-06   4.2666025e-03   2.8857003e-20   9.8376859e-07   1.1245578e-10   3.5062105e-09   1.0337780e-63   5.1589503e-13
   6.3136324e-08   1.5399252e-88   1.8047908e-03   4.7370432e-03   4.2648273e-40   9.8629596e-11   1.5900014e-15   2.4888950e-08   8.6195888e-64   1.6745791e-19
   1.2533319e-05   5.7885486e-62   4.0633052e-04   5.2938512e-03   1.4608982e-65   8.4330629e-15   4.5606960e-21   9.1924490e-09   2.9574354e-63   1.5022844e-15
   9.7653500e-04   3.4517546e-52   1.6298230e-08   4.6248862e-03   3.3200187e-85   5.3866028e-18   1.3644393e-22   1.3065075e-05   4.7140752e-57   3.2399687e-11
   2.3554762e-03   4.6817131e-48   8.3267447e-11   4.3048590e-03   2.8240111e-67   7.4425563e-19   4.0526906e-23   1.2587954e-03   1.6577096e-39   9.2521403e-15
   2.7263659e-03   5.3036668e-30   3.1019490e-13   3.4925115e-03   1.3190641e-80   2.2881766e-22   7.9189978e-25   4.8028377e-03   3.7856321e-21   1.6199306e-15
   1.6020380e-03   6.3183307e-11   7.5879049e-12   3.4060590e-03   1.3570492e-62   6.1221089e-27   6.0301800e-37   4.4552463e-03   8.1755511e-04   5.0808698e-10
   8.4466745e-04   3.6071085e-03   1.8940028e-11   3.4756683e-03   4.9969946e-49   7.1212033e-20   2.7749256e-32   2.0360659e-03   1.3750597e-03   6.1173424e-11
   3.4415088e-04   2.3346082e-03   1.3478733e-13   3.7991744e-03   8.4607459e-14   4.3343938e-13   2.7258383e-23   1.4074451e-03   6.4501061e-13   1.4247863e-11
   5.9655521e-04   1.2527839e-02   6.6006734e-12   3.7963983e-03   1.1719988e-03   2.6982405e-18   1.0165794e-19   4.0567822e-04   4.2945770e-33   6.0108628e-15
   4.8469889e-04   1.5081404e-02   1.2250945e-13   4.1189266e-03   2.8869332e-03   1.4703989e-25   9.4341063e-24   2.0856397e-06   7.2414892e-23   1.2345654e-13
   1.0110976e-04   8.0311555e-03   5.5377621e-21   4.3968123e-03   2.1351952e-03   1.0415010e-29   6.8242088e-22   9.2972617e-12   8.2988367e-26   3.4927552e-14
   2.0211503e-09   2.2906872e-05   1.6420970e-27   4.7755849e-03   3.4367485e-04   3.5436280e-27   3.4723730e-13   1.0736599e-15   2.3636062e-28   9.5485372e-16
   3.1329598e-16   1.9223212e-22   5.9438554e-26   4.8766017e-03   1.3431472e-04   2.8819071e-31   2.6643747e-08   5.1523547e-16   1.4951116e-28   1.0146510e-12
   9.2982487e-18   2.4058731e-37   6.3510891e-24   4.9204738e-03   1.1760358e-06   1.0178810e-33   2.2282164e-05   3.6302761e-16   4.2726352e-25   8.2084133e-10
   1.9049939e-18   3.9983824e-60   5.7729869e-24   4.9599858e-03   3.3878793e-10   1.9080862e-25   3.6319130e-05   5.1383485e-17   1.0040939e-23   1.9548674e-05
   2.8113945e-18   5.4168085e-79   5.8045478e-23   5.1705769e-03   4.7390501e-16   3.6349984e-19   3.5809688e-08   1.9082476e-12   3.2644635e-21   8.2150552e-05
   8.6230338e-24   1.4852791e-93   1.3561454e-25   5.1735780e-03   6.1584679e-24   1.3205686e-16   2.1467140e-12   1.9872632e-06   6.7676471e-07   1.0237104e-04
   5.7226549e-21   1.3354904e-70   2.2563600e-19   5.0110336e-03   2.0806273e-36   9.6196796e-17   3.5947942e-12   3.8086087e-06   8.6015791e-03   5.7456276e-04
   4.6173370e-11   5.2830941e-64   1.1522422e-15   4.4666192e-03   9.2525714e-59   1.4873895e-19   2.9921680e-16   6.3905662e-08   2.0192570e-02   1.4604411e-03
   9.2394996e-11   5.3870546e-41   1.1966516e-18   4.3470291e-03   7.5001468e-53   6.8827409e-27   1.2394294e-14   3.0080870e-06   1.8207231e-02   1.8658563e-03
   6.1770980e-07   1.9137282e-41   2.5110331e-17   4.2836578e-03   1.0563031e-52   1.4275731e-25   4.4874222e-17   4.7651306e-04   4.2689995e-03   1.9032148e-04
   4.3619697e-05   3.5302107e-32   6.4863863e-13   4.0073032e-03   3.2625480e-65   7.5613811e-31   6.8832411e-19   7.7273277e-05   1.9978905e-03   4.4571482e-04
   9.8198020e-04   4.4803561e-26   2.2743218e-14   4.1456251e-03   5.6071588e-50   1.9869559e-34   4.2063794e-22   2.2799336e-05   6.2802382e-03   6.0629036e-04
   1.9356085e-03   3.2053233e-03   9.0042460e-15   3.5977325e-03   5.8982587e-11   6.9274573e-33   4.7083362e-28   5.6951341e-04   9.3030282e-03   3.0678607e-04
   1.9079773e-03   7.2666478e-03   5.9003331e-18   3.6690283e-03   1.0539676e-03   1.4166711e-27   1.5187604e-30   1.3299802e-04   8.0656520e-03   5.5309794e-04
   8.7760116e-04   1.6881902e-02   1.5894467e-19   4.0912936e-03   2.2785439e-03   9.6768771e-20   7.3446521e-29   1.4911097e-06   3.9789124e-03   5.3482117e-04
   3.6140378e-04   3.1708738e-02   7.9064318e-21   4.4951948e-03   1.4484906e-03   8.8185842e-16   1.1984167e-20   7.3575012e-06   1.0108608e-03   2.7114675e-05
   1.7698628e-04   3.3798798e-02   1.3523952e-22   4.6171335e-03   5.0784240e-04   5.0104038e-25   1.5814677e-20   3.2177313e-07   4.9017991e-09   2.1276674e-06
   1.0961835e-05   2.0366587e-02   1.7162584e-19   5.3633442e-03   1.2879024e-04   6.0187935e-25   4.8857242e-20   7.2911282e-11   1.9562127e-08   7.7502128e-09
   2.5465431e-06   5.3567084e-03   2.9987513e-21   6.1820057e-03   3.7646786e-07   7.8472470e-30   1.0358025e-16   6.5797516e-19   1.6319936e-03   7.1978214e-12
   3.4619574e-07   6.8534147e-15   3.2615996e-26   6.5345673e-03   1.1393274e-08   1.3414430e-26   1.6394027e-08   1.7422051e-26   1.0807208e-02   4.3286329e-11
   2.2277869e-11   3.0478380e-40   5.6931738e-32   6.1523541e-03   6.4636677e-11   3.3418486e-24   1.5257573e-05   1.4278776e-30   2.0101232e-02   1.9576434e-10
   1.0617894e-16   1.6497105e-52   1.1571788e-26   5.7944785e-03   1.6199166e-13   4.8671774e-17   5.0819541e-04   9.7707659e-33   1.6946256e-02   1.0176746e-07
   5.3150222e-18   7.5311329e-64   1.0442883e-16   4.9954015e-03   1.9047747e-23   2.5586509e-14   6.8532368e-04   1.0899593e-27   2.7125223e-03   2.7072289e-04
   3.3511220e-19   1.6138366e-62   8.3777614e-18   5.0656361e-03   2.4300981e-25   1.5869231e-11   4.8541289e-06   2.2159569e-30   5.7890367e-24   8.2013275e-04
   4.8885174e-18   3.6560862e-59   3.2516136e-15   5.1811390e-03   1.3672622e-34   2.9665603e-14   7.9519961e-10   2.4486582e-26   4.0717331e-16   1.0454771e-03
   2.4048802e-18   1.1963126e-42   4.6331584e-15   4.9550584e-03   1.7647180e-38   1.8968404e-22   3.0382810e-12   1.8776364e-22   1.0235928e-13   4.3700144e-04
   1.3526150e-12   3.2251718e-37   3.2658845e-13   5.0007757e-03   7.2545503e-31   3.4977103e-18   3.2412137e-10   1.7914892e-20   2.4404819e-18   1.8867176e-04
   4.3989963e-08   8.9836374e-33   9.5854823e-19   5.0947256e-03   2.4442264e-14   7.6071053e-14   7.1767236e-09   3.6150290e-19   9.3378229e-22   1.0400228e-05
   5.4731828e-06   3.9446427e-29   6.1445527e-13   5.2770578e-03   4.0223548e-04   3.5212575e-18   1.3205622e-12   7.3658360e-19   1.1342989e-26   1.7338950e-05
   2.3055849e-04   2.9851435e-26   3.6004144e-09   5.3705773e-03   3.2241102e-03   1.1945762e-26   1.5689123e-12   5.0167240e-23   3.3314735e-24   7.3910591e-07
   1.0792669e-03   5.2388276e-05   2.8478358e-05   5.1384794e-03   5.2269188e-03   1.9219306e-31   5.2642950e-14   2.0969632e-20   1.3414731e-07   1.4802089e-08
   2.5918705e-03   5.2867000e-17   1.2152838e-06   4.9891411e-03   3.1764106e-03   6.6336567e-20   3.7715507e-14   4.0899529e-21   5.0640409e-03   3.7683195e-10
   2.8573646e-03   5.9446711e-03   4.8935280e-11   5.2339701e-03   9.1924579e-04   3.4980005e-16   2.4462314e-15   5.0758746e-21   1.7624487e-02   8.1516412e-10
   2.3078771e-03   1.4573924e-02   1.1014638e-13   5.6092156e-03   8.6195648e-04   2.2348459e-13   3.7954530e-16   4.5251418e-20   2.3870443e-02   3.1851614e-09
   9.4115859e-04   1.5931361e-02   1.0098428e-15   5.8631598e-03   6.2854901e-04   7.0262264e-19   3.0132437e-14   9.6949780e-22   1.3048779e-02   2.2205281e-10
   9.1090914e-05   8.0350383e-03   3.6254439e-18   6.6227959e-03   3.3174651e-04   9.2281542e-12   1.0963206e-12   3.8216102e-22   3.2131639e-23   2.4712812e-14
   3.4509079e-04   1.4064158e-17   1.8780339e-19   6.5704599e-03   5.7344739e-05   4.3939691e-22   1.7706856e-11   9.6300748e-25   4.4304285e-18   2.1909719e-17
   2.0794907e-06   1.4369456e-34   8.1788115e-26   6.8842636e-03   3.4085436e-05   3.4068130e-10   2.0061779e-05   3.8152215e-24   7.3632466e-13   5.0512942e-18
   3.0066187e-04   7.8966706e-61   1.0137409e-16   6.4829650e-03   1.2850733e-15   1.9902030e-09   1.1329706e-03   3.0816045e-22   1.0164769e-17   2.9973182e-17
   3.2842632e-04   1.1048137e-50   8.6128760e-19   6.8013281e-03   1.3608970e-33   4.5489414e-13   1.8755825e-03   3.1247914e-24   6.9946734e-26   1.5178388e-15
   2.1547039e-05   7.9730568e-67   2.0422327e-16   5.9036999e-03   8.7595025e-48   4.2387210e-08   2.9369129e-03   2.5953291e-15   2.6779960e-26   4.2839250e-12
   2.7933533e-07   4.4687688e-54   3.4505876e-24   6.0175680e-03   5.3861858e-15   6.5514161e-07   1.6641735e-03   5.4558685e-16   1.7247407e-25   3.2344893e-13
   1.7722143e-09   5.4292843e-53   2.6985237e-22   6.1697020e-03   9.4678976e-36   1.6625004e-08   1.1978107e-03   1.2674268e-22   1.3031375e-19   4.6847288e-10
   7.0159241e-10   2.0939551e-48   7.5140677e-18   5.9303539e-03   3.3248621e-15   4.8268578e-11   1.0069039e-03   1.2072784e-22   4.3974457e-12   2.9848807e-10
   1.2804448e-12   9.2775150e-38   3.5905440e-19   5.9961275e-03   5.6632259e-04   1.9666631e-12   5.9034960e-05   5.3650470e-26   3.7138227e-06   4.1095103e-15
   1.2210621e-07   2.2719157e-40   4.0719494e-12   5.8941152e-03   5.4875346e-03   3.6519277e-08   9.6825684e-04   1.0445811e-20   3.3349938e-03   3.2337736e-15
   5.1530380e-05   9.7754317e-31   2.4182279e-06   4.9846735e-03   1.0304952e-02   3.0517033e-13   6.9488628e-04   1.4883007e-24   3.8537782e-03   1.9963367e-16
   5.5295573e-04   4.2605179e-15   1.7959233e-06   4.4495051e-03   8.3057915e-03   5.3226514e-08   5.6088280e-04   1.0647095e-19   3.5328841e-10   1.2973559e-17
   1.5298976e-03   1.1650071e-03   8.3863872e-05   4.5081336e-03   4.1970439e-03   7.1600188e-07   6.0449701e-04   1.3854836e-23   4.0312354e-26   2.8545318e-18
   2.2452605e-03   2.9832026e-03   1.5792444e-09   4.7505667e-03   2.8369404e-03   1.4201672e-03   6.4937607e-04   4.1380518e-19   5.5205753e-24   1.0017639e-17
   4.4411974e-03   1.0174504e-02   5.7150955e-13   4.8188617e-03   1.8249262e-03   1.8350282e-03   8.4353586e-04   1.7512103e-14   5.6801455e-19   1.9889372e-17
   7.3117162e-03   1.5221102e-02   7.2978779e-18   4.4279936e-03   7.2857311e-04   1.4787852e-03   7.5488720e-04   1.6913311e-17   1.8100411e-18   1.1225617e-17
   7.8641480e-03   1.2156941e-02   3.8651748e-18   4.4423314e-03   3.7066292e-12   8.2539238e-04   6.8219518e-05   2.5013585e-12   4.5739742e-20   7.3289581e-17
   7.1746760e-03   5.8946948e-03   3.3259223e-15   4.0607170e-03   1.8599082e-15   1.2547837e-13   6.4558135e-04   1.3371762e-08   7.3689493e-25   7.0618794e-19
   4.9333319e-03   3.8653888e-13   2.3721863e-13   3.9619052e-03   2.1300356e-27   2.1792604e-03   9.2666275e-04   1.5844968e-05   4.9172919e-26   9.7129368e-23
   2.5289662e-03   4.8958868e-30   2.1668700e-12   3.7732917e-03   2.0726986e-32   1.4742422e-03   2.5432644e-03   3.9748299e-04   1.0059661e-29   1.6376735e-24
   4.2914945e-03   3.5921071e-70   3.3742988e-17   3.6216004e-03   2.4680649e-62   1.6421375e-03   4.1797599e-03   1.6103888e-04   7.5335569e-10   2.8472335e-26
   2.1147195e-03   1.2586822e-64   1.5827598e-14   3.5686555e-03   8.1346346e-41   1.1222767e-04   5.7146053e-03   7.8815856e-07   4.3167552e-04   1.3024992e-23
   3.7212384e-03   5.6180945e-64   5.0549294e-15   3.2328335e-03   1.5476950e-66   6.3677730e-04   5.3959912e-03   1.7089785e-04   2.3995205e-03   2.1381751e-20
   6.6910422e-03   1.0047809e-45   1.0087439e-12   2.5605529e-03   1.7717605e-49   1.2209042e-03   3.7259606e-03   1.5445728e-03   2.0163438e-03   1.9969979e-17
   5.8426703e-03   3.6801363e-55   2.8532171e-16   2.6205301e-03   8.4737817e-04   6.0416605e-05   1.9378145e-03   8.4866005e-04   1.7615644e-19   1.2836959e-18
   3.8311621e-03   2.1970891e-46   4.2552341e-18   2.4720181e-03   3.8200064e-03   7.0478715e-05   1.5990619e-03   8.1292109e-04   1.3260433e-26   1.2301732e-16
   2.1201202e-03   5.4088187e-30   6.9989755e-21   2.2830490e-03   5.0855764e-03   5.4706706e-06   8.5727695e-04   1.0255356e-03   2.1540074e-23   1.5242001e-18
   7.4321870e-04   1.6065634e-32   1.5007580e-17   2.2187913e-03   3.0629475e-03   2.2788123e-04   6.3573665e-04   2.3970633e-03   4.4893484e-23   4.3050201e-16
   3.1055982e-04   6.1080379e-28   2.3473765e-12   1.9147875e-03   2.0851782e-03   2.3940146e-07   7.4053408e-04   3.5843126e-03   1.4740942e-17   1.1443290e-13
   2.9211364e-04   4.8461610e-14   2.0174533e-12   1.9394116e-03   1.4937399e-03   1.8487863e-07   4.6995635e-04   2.5676793e-03   1.9109490e-15   4.7602683e-17
   5.9039702e-04   1.6929596e-05   5.9904038e-14   2.0915633e-03   9.7554149e-04   6.0572349e-04   1.4980450e-04   5.5584955e-04   1.3679852e-16   3.4760189e-16
   6.8966721e-04   2.3415779e-13   8.8262834e-11   1.9341884e-03   6.0410870e-04   8.2171483e-04   4.2504424e-04   1.1564653e-03   4.3733169e-17   2.5155222e-15
   8.8496873e-04   1.0363469e-03   3.5756553e-17   2.1574868e-03   1.5750741e-04   5.6469383e-04   2.2214439e-04   1.5287598e-03   1.4896984e-16   1.0623909e-18
   1.0302920e-03   3.4220391e-03   3.3358632e-21   2.1690719e-03   1.3333034e-09   4.2044334e-04   3.8842226e-04   7.4179345e-04   8.8777285e-07   1.8280529e-16
   2.2963347e-03   4.3819904e-03   1.8625523e-18   1.7361978e-03   1.0821458e-25   5.5303612e-06   4.2072711e-04   1.5294197e-03   2.9171165e-03   2.5442576e-15
   3.0144822e-03   2.8015549e-03   1.6752868e-17   1.6734558e-03   1.9180213e-37   5.9116375e-04   1.5199429e-04   2.5572936e-04   3.9944118e-03   4.3363406e-16
   2.7269746e-03   8.9383165e-13   1.1267864e-18   1.9757225e-03   2.3067218e-58   1.4107932e-04   1.4229780e-04   3.4417148e-04   1.3726540e-03   2.7520193e-19
   1.8537406e-03   6.0284109e-35   6.6545555e-21   1.9287069e-03   4.3311288e-37   5.3236941e-05   1.4658375e-04   2.6500545e-04   1.1956683e-23   1.6821232e-16
   1.2361175e-03   3.8783309e-62   7.8426275e-26   2.1410801e-03   8.7748307e-52   5.4636871e-05   5.9780112e-04   2.0276150e-09   4.1900539e-23   1.4268499e-15
   7.8639343e-04   3.5635935e-57   1.1766143e-24   1.8683426e-03   2.8315566e-08   1.6031799e-06   1.6009593e-03   3.0789642e-04   9.1218153e-18   1.5878433e-11
   1.3560943e-03   2.3385684e-50   3.8655621e-25   1.9006218e-03   5.5145378e-04   1.0322063e-04   1.9011267e-03   4.6773135e-05   1.1940584e-19   9.4305751e-14
   8.7016576e-04   1.1692173e-57   3.5111115e-25   1.5918166e-03   2.1663266e-03   4.3378158e-04   1.8585433e-03   4.4362278e-04   4.3081870e-11   2.3304024e-10
   6.4730367e-04   4.5583909e-57   1.1363366e-24   1.6338391e-03   2.5797259e-03   8.8030526e-06   1.0547415e-03   8.7358381e-04   4.0654646e-09   1.9124725e-11
   1.4745081e-03   1.9424534e-55   4.6523215e-24   1.6597830e-03   1.2641681e-03   8.2867016e-07   6.7846283e-04   5.1909845e-04   1.6049128e-09   2.4360913e-12
   1.6128616e-03   5.6603434e-30   6.7480732e-24   1.8480563e-03   1.0973477e-03   1.1777717e-04   5.2494042e-04   1.1509483e-04   5.7259583e-11   6.7864350e-15
   1.1569470e-03   1.1380803e-37   7.9960371e-22   1.7082248e-03   9.4593360e-04   3.0307459e-07   1.7488385e-04   1.1831074e-04   9.1153608e-06   3.2913577e-12
   6.6437743e-04   2.7015146e-32   2.1275019e-25   1.7946606e-03   7.6472139e-04   8.0244551e-05   3.5309304e-04   5.0184036e-04   5.9590922e-04   4.7225155e-11
   6.5119956e-05   1.7513386e-10   4.1405004e-26   1.9032079e-03   6.0789939e-04   8.9164577e-05   3.2151857e-04   7.8823395e-05   2.0923862e-03   3.1088490e-12
   2.8113751e-04   1.1362149e-08   1.4308732e-19   1.8844359e-03   3.3780371e-04   2.0239476e-04   9.3608842e-05   1.2903035e-05   2.5177507e-03   4.3531020e-12
   7.9162972e-05   1.0725651e-03   2.8734864e-15   1.9604117e-03   2.1957260e-04   6.6612777e-04   2.0609258e-04   1.8983640e-05   2.9847001e-04   1.3263343e-18
   1.8258203e-04   3.4161590e-03   1.0717168e-14   2.1774388e-03   7.1485550e-15   6.5487100e-04   6.3675138e-05   1.2778176e-04   4.5157629e-29   4.0201880e-11
   3.2135665e-04   3.9837783e-03   8.6139714e-16   2.3549214e-03   2.9134540e-28   2.7422132e-05   2.3109228e-04   3.6114475e-04   2.1258535e-15   1.2392456e-08
   6.8822154e-04   4.3622768e-03   1.9540036e-11   2.0813739e-03   9.0669275e-34   2.3955697e-05   4.4798110e-04   1.4896382e-04   1.9629620e-12   1.3942722e-11
   1.1727002e-03   1.5199001e-03   2.7556249e-17   2.3873129e-03   6.8457184e-37   1.5344161e-04   5.4461928e-05   2.2476062e-08   6.9814871e-15   5.6685935e-09
   2.1380882e-03   1.2762028e-14   3.3133224e-18   2.3222942e-03   1.3432166e-44   2.1117987e-08   2.0195842e-05   3.8550121e-15   1.4648615e-10   8.3633887e-06
   2.5474728e-03   6.7521144e-41   1.1789816e-17   2.4774858e-03   9.0481629e-28   2.3047654e-06   1.0322011e-05   1.6935706e-14   1.0794785e-10   4.7163433e-07
   2.4342817e-03   9.1241037e-50   2.7353404e-21   2.3799251e-03   9.3704323e-04   1.4533351e-09   4.6285790e-04   2.3093864e-07   1.3782827e-08   4.9314818e-13
   1.5162505e-03   2.6386844e-47   7.3180017e-22   2.3007181e-03   3.0317158e-03   2.2112577e-06   1.9694709e-03   5.6089977e-06   5.9274037e-07   8.8499260e-12
   6.8265224e-04   4.5353309e-48   3.1694172e-24   2.6076967e-03   3.0578757e-03   5.2723733e-05   2.1747297e-03   2.3877813e-15   1.8221016e-07   6.8684942e-09
   6.4208948e-04   1.8517330e-56   8.8164145e-25   2.4800080e-03   1.5237256e-03   2.6243235e-06   2.3671057e-03   3.5879623e-11   1.5139325e-03   1.3166364e-08
   7.0768572e-04   5.5365691e-49   7.6141313e-20   2.2787124e-03   1.4760652e-03   3.7392468e-05   1.5035870e-03   1.7031259e-04   5.8485354e-03   3.9050343e-07
   4.9935089e-04   6.6875940e-42   3.1138108e-24   2.4919701e-03   1.1486838e-03   1.3368326e-04   9.9744523e-04   1.4016879e-06   4.2623153e-03   1.8567498e-08
   5.4290205e-04   1.9228417e-25   2.0921211e-26   2.6987193e-03   8.2952674e-04   6.7886216e-10   1.0263992e-03   6.8211565e-08   3.8373843e-04   2.6163556e-08
   9.6985623e-04   1.4060983e-34   2.4369270e-23   2.9003291e-03   6.0579231e-04   5.6240432e-05   3.0445799e-04   1.7845198e-13   2.0154202e-18   2.0863815e-10
   1.7976178e-03   6.4878149e-28   2.9810791e-23   2.8990172e-03   8.7496441e-08   6.1098647e-06   2.6942629e-04   3.0015843e-10   1.9116737e-11   9.7328145e-11
   8.8806024e-04   3.5240605e-06   5.2821743e-24   2.9199039e-03   3.5398341e-04   2.3617163e-12   4.1411294e-04   1.6617000e-07   5.5939085e-18   4.8971132e-11
   2.9079398e-04   2.4498643e-10   8.9519555e-23   3.1218870e-03   3.8791292e-12   6.5684305e-04   2.2025348e-04   1.4860751e-09   3.3254972e-24   4.5840094e-10
   8.2656028e-06   1.4591398e-03   7.1249930e-23   3.2002332e-03   4.9908187e-23   4.2752732e-04   3.5381203e-05   2.7937110e-15   6.6921115e-10   9.5041618e-08
   2.8001325e-04   6.2577646e-03   8.9036549e-14   2.9555874e-03   3.8959470e-32   4.5776283e-04   5.9956415e-04   4.1184653e-13   5.6633534e-04   2.2259250e-07
   1.8282405e-04   5.4172621e-03   3.3466657e-13   3.1823604e-03   6.7931730e-26   3.9195872e-12   1.1251239e-04   3.8594518e-14   4.9439288e-04   1.1667999e-09
   6.9899914e-05   3.2317122e-03   3.3994982e-18   4.1961851e-03   5.5575887e-24   2.4193956e-06   1.0792817e-04   2.4867182e-22   1.7101035e-15   8.8057384e-10
   4.8259521e-04   4.1180417e-06   1.1536588e-16   4.1512146e-03   6.7113482e-10   4.1482040e-06   9.5574991e-05   5.8922175e-26   3.0169937e-04   1.1034595e-08
   8.8126487e-04   4.3891267e-19   1.1840475e-18   3.9138336e-03   1.5603643e-03   2.0232858e-14   8.4504585e-05   1.0343208e-26   5.2522212e-03   4.4783603e-13
   2.0910532e-03   1.0090851e-38   3.2998981e-23   4.0458365e-03   3.8580328e-03   1.6920166e-05   4.9673158e-05   5.0647292e-21   9.9209832e-03   8.5832589e-15
   3.3089970e-03   1.7082009e-34   3.0752054e-27   3.8535795e-03   3.6893234e-03   3.7708053e-05   6.1357379e-06   4.3287927e-14   6.4320631e-03   9.4037760e-13
   3.5759929e-03   8.5530797e-45   2.5478709e-29   4.0361149e-03   1.1571939e-03   1.9702454e-05   1.8402778e-03   2.2871645e-19   6.9727151e-06   1.0689804e-12
   2.9143913e-03   1.4284790e-37   1.9592346e-29   4.2588844e-03   1.2594051e-03   2.2348015e-04   2.9436110e-03   4.2626907e-22   1.3915628e-06   3.3413980e-16
   1.6117793e-03   1.1113947e-52   8.6222547e-26   3.9848701e-03   8.5851943e-04   1.0161719e-04   3.5232015e-03   4.5214373e-22   2.9339945e-04   3.9427021e-13
   9.2303327e-04   2.7602178e-50   1.6833758e-23   3.7729776e-03   6.8672155e-04   2.9303695e-06   2.8174300e-03   8.4304770e-22   3.7127358e-06   1.8273176e-09
   1.3874229e-03   3.1609900e-31   5.7694197e-18   3.3446429e-03   6.4204965e-04   1.1594703e-07   1.8738262e-03   1.7400144e-15   1.8281647e-04   2.5357317e-09
   3.4479396e-04   1.1381826e-22   7.5292105e-25   3.7918607e-03   3.6377162e-04   9.1484916e-04   2.1173379e-03   3.4609232e-14   7.6514549e-04   1.8489902e-12
   8.9040844e-04   4.0697334e-21   1.3708512e-25   3.6647478e-03   4.1685102e-04   8.6885344e-06   1.3764577e-03   4.1628316e-20   1.6983500e-03   1.0431807e-14
   1.4249641e-03   2.4835589e-24   1.3508099e-25   3.3907921e-03   9.2298029e-07   7.6311361e-09   2.0710454e-04   1.9858600e-17   1.8407694e-03   4.6446611e-11
   6.6296185e-04   6.6840993e-04   1.7028150e-25   3.4820692e-03   2.9594431e-14   9.8904199e-04   1.3154190e-03   6.2532351e-16   5.3564248e-04   1.4946526e-12
   1.6861856e-03   1.6438602e-06   6.5743810e-21   3.6061874e-03   7.0264729e-30   1.6456094e-03   9.3676806e-04   1.7972058e-19   1.3696186e-04   2.1958333e-14
   8.4468040e-04   3.8706294e-03   2.4895659e-25   3.7748369e-03   3.5762985e-35   1.0136560e-03   2.2703235e-04   2.3919573e-15   5.9214033e-03   5.1155308e-15
   3.7634276e-04   8.5445342e-03   3.8534312e-23   3.7877603e-03   1.7725674e-29   1.4629868e-05   9.0404810e-04   5.5799360e-12   8.8297620e-03   1.5358124e-13
   1.2566260e-04   9.0215513e-03   3.5419582e-28   4.1040234e-03   2.6549576e-05   4.3074176e-05   6.6177962e-04   5.6361303e-17   2.9177239e-03   1.3699165e-14
   3.9081401e-04   8.3630569e-03   9.8231337e-22   4.1690370e-03   2.1356046e-03   5.6190661e-04   9.4190020e-04   3.5668877e-18   3.2839265e-22   4.0602315e-15
   5.2184355e-04   3.2275171e-03   3.3119014e-22   3.7020451e-03   4.1764798e-03   3.3625064e-08   5.4612982e-04   1.5301939e-12   2.4594208e-11   2.9670940e-12
   8.7502259e-04   1.0922910e-04   9.1522475e-26   3.5123736e-03   3.3601941e-03   4.0526192e-04   1.0234884e-03   8.5803769e-19   7.2532668e-05   1.5369070e-11
   1.6704638e-03   6.0637453e-26   1.1382313e-22   3.3685218e-03   1.8899940e-03   2.2708618e-03   7.2411199e-04   1.6146449e-17   4.7481754e-09   6.3884749e-10
   2.3462365e-03   6.5212885e-33   2.6193508e-29   2.8975355e-03   2.4266506e-03   1.4856507e-03   7.9634770e-04   3.2882290e-08   2.2174687e-11   3.4874014e-11
   3.3104422e-03   5.4360726e-30   1.1631422e-28   2.8907784e-03   2.2912011e-03   2.3792911e-03   2.2080896e-03   5.2760516e-13   2.5371801e-04   1.6269405e-15
   4.1522453e-03   3.8576444e-31   3.5081461e-34   3.0162008e-03   1.7037601e-03   3.3351935e-03   4.5964553e-03   3.9691938e-23   4.2308769e-04   8.3700952e-17
   3.9954553e-03   1.1927330e-47   1.2647165e-25   2.8486799e-03   1.9006519e-03   8.4630966e-07   5.7299796e-03   3.0722639e-18   4.3764741e-04   5.9622897e-10
   3.0825825e-03   1.7896895e-41   3.9196438e-21   2.8090979e-03   1.7223800e-03   3.1794978e-04   4.2241983e-03   3.9405560e-12   1.9166151e-04   2.7692195e-11
   2.0654250e-03   7.6735638e-36   1.0122225e-15   2.6605208e-03   1.6765419e-03   2.5256531e-03   2.8073674e-03   7.8956589e-09   2.4665473e-03   4.8093875e-15
   1.8738326e-03   1.2743424e-19   1.8813304e-14   2.5092926e-03   1.5017735e-03   2.1452329e-03   3.3690176e-03   6.4684259e-06   9.0971989e-03   3.0114218e-09
   1.9259965e-03   1.4091619e-23   1.6508233e-12   2.7550386e-03   1.2064303e-03   4.9742424e-04   3.0008117e-03   3.1664345e-09   9.7604708e-03   3.0476604e-05
   1.4214229e-03   2.3396595e-11   6.7222683e-10   2.6446211e-03   8.7035350e-04   1.8086252e-03   1.2926923e-03   3.3486659e-14   3.4386249e-03   6.2469238e-07
   1.7220014e-03   2.6723090e-05   2.9803644e-07   2.4070598e-03   9.6756419e-04   3.1976079e-03   9.0477340e-04   6.7955727e-17   9.9405010e-16   1.4082370e-10
   2.4558566e-03   2.2261791e-10   4.2367312e-06   2.3756510e-03   1.1496838e-03   4.0075942e-03   1.5153785e-03   6.7583965e-14   1.5087320e-08   8.9664519e-13
   1.1531560e-03   2.7580295e-03   3.6553571e-11   2.7157140e-03   1.7102390e-03   1.5612004e-03   1.0905988e-03   3.3228816e-06   8.6128838e-12   4.2717612e-11
   9.6862347e-04   4.7511321e-03   1.4543687e-11   2.7289556e-03   6.0879643e-03   9.0127687e-04   1.2407265e-03   1.9712488e-04   7.5482862e-23   7.7316733e-10
   1.0156355e-03   4.0250227e-03   1.0080149e-22   3.0651082e-03   1.0571525e-02   2.2828809e-03   7.6878254e-04   2.6459328e-06   3.4997909e-10   5.7117771e-11
   1.3291354e-03   3.4770613e-03   1.5927871e-23   2.7990797e-03   9.3158281e-03   2.6789380e-03   1.0812582e-03   4.8749321e-07   2.1233033e-04   1.9327862e-10
   1.3401114e-03   4.6368067e-05   9.2302060e-25   2.6961214e-03   4.1680616e-03   7.4554804e-04   1.4100372e-03   1.9949782e-05   6.5437559e-04   6.4052226e-11
   9.0575830e-04   3.6379767e-15   5.9188871e-20   2.7336842e-03   4.6294242e-03   2.3667758e-03   1.3584858e-03   1.1058548e-08   5.4536708e-04   5.4787920e-14
   1.1395592e-03   7.7844392e-33   3.8485570e-24   2.6116733e-03   3.8713935e-03   2.9433195e-03   1.0819264e-03   2.6813668e-15   3.9190812e-04   2.8950447e-10
   1.2263749e-03   1.4459663e-33   1.9257757e-26   2.1439028e-03   2.9388355e-03   3.5147256e-03   1.6526119e-03   1.1384657e-09   3.8632049e-03   4.5198460e-10
   1.3207334e-03   1.2617183e-24   2.8727182e-27   2.2879144e-03   2.1943533e-03   4.4686896e-03   2.3596531e-03   9.5052634e-16   6.9243190e-03   4.2344219e-13
   1.6618103e-03   1.5328074e-22   1.3921388e-29   2.0472051e-03   2.0958111e-03   3.0007653e-03   4.5353820e-03   1.4815502e-17   5.7441028e-03   1.7785131e-13
   2.9149198e-03   2.7242978e-31   3.0087268e-21   2.0096316e-03   2.4038678e-03   2.9216220e-03   5.3550395e-03   3.7012136e-16   5.8151550e-04   1.7319649e-12
   3.2626707e-03   2.1562785e-39   2.3156223e-21   1.9889273e-03   1.5964517e-03   3.3566488e-03   4.8695266e-03   9.1092237e-12   1.9570282e-08   2.1524851e-10
   3.1020996e-03   1.8777996e-19   1.6742526e-26   2.1604330e-03   1.1945323e-03   2.0689721e-03   3.2115453e-03   5.8412355e-07   2.0547137e-04   5.3701217e-06
   2.0617889e-03   1.3932675e-14   6.4081307e-22   2.1548658e-03   1.2285604e-03   1.3704963e-03   2.4782014e-03   6.4993188e-05   8.1725157e-05   4.2830589e-07
   1.6155244e-03   1.0298552e-07   7.4562643e-18   1.7272185e-03   8.5670018e-04   2.8332420e-03   3.0235174e-03   1.7330799e-04   5.2312699e-04   1.8718904e-11
   1.7601035e-03   7.5865288e-08   1.9143363e-16   1.9097624e-03   1.2721397e-03   2.7080362e-03   1.6481690e-03   8.0517430e-06   5.4954435e-05   4.1650906e-09
   1.3681671e-03   6.1919435e-05   7.8197331e-14   2.1781072e-03   2.6690668e-03   4.3401773e-03   6.4157884e-04   2.3648317e-06   4.8267804e-04   3.2505941e-10
   1.2722462e-03   5.4238684e-04   6.5139085e-17   1.9528817e-03   7.8310604e-03   3.3782405e-03   1.5157654e-03   6.9641367e-09   5.3984211e-04   1.1255638e-06
   1.4410710e-03   2.7513583e-03   2.5367778e-22   2.4337541e-03   1.2703992e-02   2.7099978e-04   1.1751816e-03   4.3765046e-10   6.4114615e-05   2.5047132e-09
   1.3314123e-03   3.3113367e-03   8.0405946e-22   2.6343933e-03   8.9050633e-03   3.0301618e-03   1.3391146e-03   5.9091066e-13   2.8388333e-10   9.7662161e-15
   1.2877177e-03   4.8456553e-03   3.5591395e-25   2.4184966e-03   6.3257363e-03   4.1797821e-03   1.5861636e-03   2.0014593e-11   1.8116388e-03   2.0418591e-13
   1.8528558e-03   5.3875184e-03   1.3523457e-19   1.7879376e-03   5.3483291e-03   3.3321887e-03   1.8469350e-03   3.3570083e-08   5.9625355e-03   1.2776613e-11
   1.5305042e-03   1.5937334e-03   9.3122246e-22   2.0224716e-03   5.1400011e-03   1.3541115e-03   1.9098382e-03   2.2881528e-15   3.0171352e-03   1.6724271e-09
   1.7152979e-03   2.2091521e-05   1.0984152e-19   2.1647034e-03   3.6127900e-03   4.2161767e-03   1.1721022e-03   1.0061414e-15   2.0741818e-12   1.3063062e-15
   1.9933835e-03   7.9757539e-25   1.5733987e-18   2.1704190e-03   3.0548843e-03   5.5624004e-03   1.0859215e-03   4.1071066e-10   1.1455846e-27   1.7895288e-20
   1.3066703e-03   6.9084492e-41   1.6523871e-17   2.2038485e-03   2.1117570e-03   4.1161735e-03   2.0452717e-03   9.2461572e-09   7.4464084e-20   1.3339442e-17
   1.3846543e-03   1.0412410e-23   5.6093268e-19   2.1338456e-03   1.9951894e-03   4.1599778e-03   3.3794410e-03   1.3990832e-08   5.5351530e-17   1.1347117e-20
   1.4454940e-03   4.1231930e-20   7.9745327e-20   2.1215248e-03   1.7504550e-03   5.3978183e-03   3.1539726e-03   2.8930584e-08   4.7794246e-19   2.3832376e-19
   1.5815254e-03   1.4934070e-36   1.1493649e-23   2.0907052e-03   7.5064666e-04   2.5743247e-03   5.8244828e-03   2.6605704e-08   3.3928281e-14   3.5639747e-16
   2.2979955e-03   3.4979759e-36   1.3107345e-21   2.0753627e-03   8.1905962e-24   1.0891371e-03   6.0984865e-03   6.7241486e-08   2.9162361e-10   1.9903748e-15
   3.0201543e-03   1.4525617e-18   6.8839837e-16   1.7691953e-03   4.1088337e-04   2.6288133e-03   4.6730734e-03   1.3795648e-09   5.0977992e-07   3.0698103e-22
   3.4156449e-03   5.5212478e-23   2.3075511e-21   1.7522256e-03   1.1540661e-03   3.1234662e-03   3.5771633e-03   3.2782433e-15   5.5705008e-06   3.7334933e-21
   2.9900845e-03   1.1947843e-22   1.6150287e-22   1.6311891e-03   2.7988814e-03   3.2081504e-03   4.8086317e-03   1.7063106e-17   2.9019066e-05   3.1026770e-18
   2.0084712e-03   1.3329076e-14   1.8485181e-20   1.6543989e-03   6.0352505e-03   3.6317032e-03   3.6768595e-03   7.2204584e-18   1.0058871e-03   2.2110343e-18
   1.5397077e-03   1.6888791e-10   5.0734930e-24   1.8728795e-03   8.8671887e-03   4.3272578e-03   1.9410667e-03   1.7203005e-17   9.4473498e-04   1.7232137e-18
   2.0265319e-03   1.0826869e-07   1.4629952e-17   1.9503865e-03   5.3803197e-03   5.8286134e-05   3.0383046e-03   7.3940074e-18   4.5203788e-09   1.2262631e-12
   1.4212581e-03   1.6928295e-03   1.1037527e-17   1.9689404e-03   3.7184368e-03   3.1265782e-03   2.6158269e-03   1.5123730e-10   1.3125092e-32   6.6538592e-17
   9.5676214e-04   2.7653518e-03   2.1142096e-22   1.8787192e-03   2.7347378e-03   5.2534534e-03   3.7697786e-03   1.7809238e-07   4.5675217e-43   6.6789719e-17
   1.9541964e-03   4.3078073e-03   1.0204966e-13   1.6813005e-03   2.6228976e-03   3.7944101e-03   4.2114845e-03   6.7021162e-09   5.0207609e-38   1.0431222e-14
   1.3029855e-03   3.2412165e-03   2.5353095e-13   1.8034989e-03   2.0456045e-03   1.5546470e-03   3.1271619e-03   1.6173940e-08   8.6147023e-36   2.3592560e-11
   1.5577025e-03   1.1315256e-03   8.7321575e-17   1.7020379e-03   1.5280785e-03   2.3293557e-03   3.7754257e-03   9.2075971e-06   2.6142620e-28   5.4857899e-14
   1.8402356e-03   3.1487370e-15   6.5752693e-17   1.9139575e-03   9.2012236e-04   4.3080604e-03   3.2889012e-03   8.5042688e-10   4.4172223e-30   4.9137208e-23
   1.7546549e-03   6.1915357e-26   1.9603218e-12   1.7104150e-03   1.0505755e-03   3.4699414e-03   2.5051888e-03   7.6161201e-09   2.5714783e-25   1.6888809e-23
   2.4619133e-03   1.2861232e-48   1.3347355e-10   1.9341432e-03   6.8304333e-04   2.8723608e-03   2.0533360e-03   8.2389911e-14   2.9476545e-31   9.4077653e-22
   2.7959661e-03   1.3704004e-38   5.2012413e-16   2.1499526e-03   2.8177792e-21   4.1965087e-03   3.0045674e-03   3.9268294e-23   6.1173725e-34   2.5497342e-24
   2.4494703e-03   8.3080477e-44   8.0997882e-16   2.0676344e-03   2.3168791e-29   1.9989740e-03   5.0170353e-03   5.3027976e-18   6.6234735e-28   8.8429445e-23
   2.3487793e-03   5.2172334e-70   3.3466827e-18   1.9755312e-03   2.1131979e-08   6.1706769e-15   4.7501893e-03   2.3086045e-06   1.2219398e-11   2.9709009e-22
   2.5885466e-03   1.5304672e-50   4.2683150e-23   2.0367953e-03   2.2164544e-04   6.7307972e-07   8.1513367e-03   1.4808047e-16   8.2873145e-09   5.7125173e-28
   3.6083396e-03   1.4586509e-40   1.2505041e-19   1.5208980e-03   8.2323047e-04   1.6543374e-03   6.2168698e-03   6.7281085e-14   7.9628992e-12   9.6824294e-20
   5.0703355e-03   6.6387260e-47   3.3983524e-15   1.3425688e-03   1.7086011e-03   8.4984063e-04   5.1611429e-03   3.0683608e-14   3.7563573e-42   1.4370480e-11
   5.9643068e-03   8.1501154e-62   1.2628524e-17   1.4278665e-03   2.6147420e-03   1.4242620e-05   5.5364310e-03   4.3931496e-13   2.3823449e-56   1.5086378e-14
   6.1466614e-03   2.9623042e-39   5.7854871e-18   1.4362960e-03   1.1300412e-03   7.9926448e-10   4.9065398e-03   2.9508122e-14   8.2117821e-50   2.0565406e-15
   5.4090024e-03   3.6859732e-23   1.2670501e-15   1.3048070e-03   2.8823639e-09   1.0923635e-08   4.4724500e-03   1.2570435e-09   1.8086451e-45   4.0093618e-07
   3.0454940e-03   8.9104085e-21   6.4287386e-13   1.2561714e-03   5.8058505e-05   3.0361840e-15   3.1027911e-03   3.0718163e-04   6.3197629e-52   2.6993507e-05
   2.3884352e-03   5.0464112e-04   1.0054316e-12   1.4328283e-03   4.1092255e-11   6.7647046e-04   3.9878299e-03   3.1411420e-04   2.6065700e-57   1.9707190e-07
   2.5809686e-03   1.4461184e-03   6.7700827e-12   1.4907494e-03   8.3193732e-35   7.2086380e-04   3.6652885e-03   4.4598841e-04   1.3509766e-61   2.4669627e-10
   1.3380581e-03   2.6872154e-03   9.3030723e-12   1.4001625e-03   8.3348915e-19   2.9821137e-06   2.9692948e-03   1.5473953e-04   1.9537559e-62   8.1904237e-09
   1.3671193e-03   2.4986745e-03   1.0228011e-04   1.4300179e-03   6.5442536e-35   6.1121967e-14   3.0111847e-03   2.4006138e-04   6.5777284e-57   2.5702628e-10
   2.4048786e-03   1.0989010e-03   6.1269152e-12   1.6533937e-03   3.7215191e-38   6.4160757e-13   2.4095584e-03   3.6609040e-07   2.5133917e-66   2.2376443e-21
   1.4427663e-03   1.4261998e-04   4.4750684e-12   1.4993155e-03   6.5234746e-35   3.7354611e-06   2.1164814e-03   1.9492520e-04   2.9236048e-67   8.5056385e-19
   1.7930848e-03   9.6121074e-23   6.7216246e-06   1.4258461e-03   1.7364637e-44   2.9798588e-05   2.0142506e-03   1.2134405e-03   1.2049378e-52   6.0759900e-08
   1.8908526e-03   6.5862417e-67   2.9243561e-16   1.7648502e-03   5.0538174e-51   3.6489178e-04   1.0948932e-03   4.6644571e-04   2.4890046e-56   2.8026358e-08
   1.2990750e-03   3.6725907e-35   7.3034981e-06   1.7246187e-03   2.2869615e-36   3.6233010e-09   7.2418139e-04   4.7718195e-05   2.8385358e-69   1.1258706e-10
   1.8116537e-03   5.1849284e-43   3.0300670e-04   1.4131448e-03   9.7761813e-39   2.4373929e-22   1.6881340e-03   2.6991437e-04   6.8382041e-69   2.5068634e-16
   2.2072726e-03   4.2415105e-57   1.6214511e-13   1.3300023e-03   7.3346964e-10   3.9737327e-22   3.0820110e-03   1.0650790e-04   4.3188636e-63   5.5473865e-17
   1.7722386e-03   3.9354608e-48   2.3993281e-12   1.4383467e-03   7.6653374e-04   1.4540890e-14   1.6698405e-03   7.4191654e-04   1.3780729e-62   8.2113074e-15
   1.7676045e-03   4.7839258e-43   1.9573085e-20   1.1598789e-03   1.2005381e-03   3.0303475e-24   2.8602705e-03   5.8121803e-04   7.0253851e-62   9.2118561e-12
   2.4151792e-03   1.9017602e-36   9.7619627e-19   1.0127242e-03   4.4877658e-04   5.1702570e-31   1.2891467e-03   8.4156549e-04   2.5072324e-61   2.3579958e-05
   2.9003227e-03   9.5885560e-41   1.2299536e-14   1.0047581e-03   5.9426812e-08   3.4766731e-23   1.4137736e-03   9.4036100e-04   4.4861231e-57   2.0155629e-07
   4.1347336e-03   3.8190240e-33   1.8781487e-13   8.8927400e-04   1.6253283e-15   4.9562680e-22   1.3094402e-03   1.2158131e-03   2.8790175e-61   1.1338656e-05
   4.8847586e-03   8.3197768e-21   3.6879529e-15   8.3254122e-04   1.0149403e-18   1.7795575e-31   7.3238483e-04   1.1965523e-03   1.2560654e-63   1.0553643e-04
   4.0956380e-03   2.6000085e-22   2.6318052e-16   9.8500945e-04   2.5422613e-24   4.5215623e-27   4.9342321e-04   6.7529791e-04   8.3470544e-65   2.1052690e-06
   3.2485532e-03   9.7367036e-23   8.6157020e-12   8.7682616e-04   6.0493116e-33   4.1369267e-22   5.3974234e-04   7.8786019e-04   2.1267331e-58   2.8344075e-09
   1.8267190e-03   2.7773231e-04   4.8614346e-12   8.1216372e-04   9.4281811e-19   7.9508831e-21   6.1129591e-04   1.3853148e-03   1.0508671e-51   1.7239178e-06
   1.3214473e-03   8.0782633e-04   5.8443778e-10   8.1122802e-04   1.2970966e-15   2.6639237e-29   8.6529546e-04   1.2185230e-03   8.9591923e-65   5.5999034e-08
   1.0624357e-03   6.4119495e-04   4.7995204e-09   1.0029567e-03   6.9879920e-23   7.1678508e-14   4.7131624e-04   1.5646257e-03   3.9986705e-68   1.4735280e-11
   6.0653254e-04   5.5498826e-04   1.8598474e-11   8.8935721e-04   3.9079102e-39   5.9220074e-13   3.1796149e-04   2.0226110e-03   2.1863933e-68   1.6914804e-15
   6.6254218e-04   2.0902598e-10   2.1790017e-16   8.6842412e-04   5.2182799e-36   2.2526387e-05   4.5085617e-04   1.7554980e-03   1.3469822e-67   6.1126289e-13
   8.3958641e-04   1.2276353e-18   3.7715757e-10   6.1827356e-04   1.7467270e-17   3.2965454e-04   7.1915758e-04   1.8234030e-03   1.2715428e-58   1.6764421e-06
   8.1874027e-04   4.3719480e-37   4.1591332e-13   7.2260252e-04   3.0752497e-11   1.4548892e-04   1.8658553e-04   2.0777185e-03   3.5576559e-66   1.6457477e-10
   7.0999543e-04   1.3037933e-58   5.4216973e-14   8.2856028e-04   2.0726155e-04   4.2335537e-12   8.2144717e-05   1.7136641e-03   6.1560163e-59   1.4915348e-13
   3.5193200e-04   4.5668471e-44   1.6547569e-15   7.6533423e-04   6.6315383e-04   1.1825276e-11   3.2070765e-04   1.4384271e-03   9.4110654e-62   3.8126065e-11
   7.8232181e-04   2.7144864e-50   2.4873862e-16   6.4496181e-04   6.6259756e-04   2.6389738e-07   6.2621471e-04   1.3899771e-03   1.8890242e-54   4.4857322e-07
   6.3381273e-04   7.6441195e-63   4.5446641e-16   6.5690645e-04   1.8417301e-04   7.3558448e-07   7.7309435e-04   8.3845201e-04   1.4759880e-49   1.1794756e-10
   6.5698579e-04   4.2066964e-72   3.7530148e-22   6.2105776e-04   1.4482410e-04   1.2910383e-11   2.6870035e-04   9.8855346e-04   1.0568189e-61   8.6943800e-08
   5.1968927e-04   5.8202466e-69   9.6768579e-37   6.0091247e-04   1.7132891e-04   2.3762493e-07   4.6731093e-04   8.7028560e-04   2.8828945e-57   5.7541579e-06
   6.3254905e-04   1.3887804e-50   2.5015180e-22   4.9285332e-04   1.4383360e-04   5.3580656e-05   8.2172943e-05   8.8578256e-04   8.0936903e-56   1.0553349e-04
   8.6102419e-04   1.1008420e-28   3.1206334e-23   4.2207000e-04   1.0201419e-04   2.1277455e-08   5.7703731e-04   8.6730853e-04   1.1849949e-64   6.0037613e-05
   8.6939231e-04   1.6794887e-25   2.2623687e-28   4.6409842e-04   1.4271190e-04   1.0651389e-11   4.6094859e-04   7.2938255e-04   5.8507021e-64   8.6529409e-06
   9.8458804e-04   7.8953823e-36   7.1283528e-28   4.6985106e-04   1.1564300e-19   5.2126385e-11   3.0464030e-04   1.1854328e-03   3.0230650e-60   6.8538782e-05
   1.0285470e-03   7.5590004e-39   8.0672531e-26   5.4314721e-04   2.3349198e-26   1.0147880e-04   2.4226913e-04   1.2941499e-03   5.0290102e-68   4.2974553e-05
   6.3608583e-04   4.8636914e-29   2.8077830e-34   4.4589485e-04   1.9132917e-11   1.0942381e-17   3.5797677e-04   1.4078265e-03   3.2691443e-71   1.5776679e-04
   3.1843620e-04   8.5565816e-21   4.5825895e-23   4.5396353e-04   3.0012436e-52   1.6410755e-09   3.1937441e-04   1.2723353e-03   3.9097874e-74   1.7003339e-04
   1.3042525e-04   6.6028889e-28   2.6126451e-30   5.1486250e-04   6.8358596e-24   1.4648668e-10   4.0278424e-04   1.7144268e-03   1.2713109e-65   2.9941236e-05
   1.0214763e-04   4.7270070e-35   1.8951207e-28   4.9038709e-04   2.8251083e-05   7.6368806e-05   3.4893668e-04   1.1959511e-03   4.9862175e-52   3.2097416e-08
   2.0452403e-04   5.0584235e-54   2.4651027e-23   4.7961677e-04   9.2057608e-05   3.6456619e-06   2.2853248e-04   8.6025781e-04   1.6057638e-56   1.1650108e-05
   1.7741914e-05   1.0406770e-87   8.2034854e-28   4.7444912e-04   2.1181749e-04   4.8645982e-05   2.1717334e-04   1.2830112e-03   1.0850826e-57   1.7336719e-04
   8.4916535e-05   4.4819851e-65   8.9947393e-31   4.6481670e-04   4.6215579e-04   3.4651263e-07   1.3588222e-04   1.9342099e-03   1.0774784e-72   2.5227773e-05
   5.4976158e-06   2.7350972e-59   1.0199569e-12   4.3211621e-04   4.2897658e-04   1.2660095e-05   8.5029407e-06   3.3769138e-03   4.4566948e-71   1.7460286e-08
   5.2523562e-06   5.2633252e-57   4.6210114e-16   4.8533133e-04   1.8359246e-04   2.3563944e-09   1.6710130e-06   2.9948458e-03   3.2143926e-66   9.7633658e-11
   1.8410405e-04   1.3928396e-57   1.3455957e-29   4.6201006e-04   1.1257449e-04   1.9778042e-09   6.4747481e-05   1.6789026e-03   3.5472632e-63   1.5056006e-06
   9.9304558e-05   1.2513354e-44   1.3484744e-20   4.7777689e-04   9.9647377e-05   4.9575662e-16   6.1034451e-04   1.2715628e-03   1.5383555e-61   3.0103534e-10
   4.1443425e-04   2.0906961e-30   3.6402497e-21   4.0171355e-04   2.1758791e-05   1.7455941e-21   5.3925960e-04   1.5408875e-03   9.5269830e-57   6.7004186e-09
   4.2456937e-04   8.7865977e-36   4.0180260e-25   4.1485326e-04   1.4135088e-05   1.6992393e-16   3.6972757e-04   1.3480220e-03   9.2337189e-55   3.1565084e-06
   4.8841316e-04   3.4860680e-57   4.8287629e-23   3.2299308e-04   1.1475285e-04   7.3524073e-14   5.9634674e-04   9.3956891e-04   2.1337153e-49   1.1748306e-05
   6.9358797e-04   1.1740149e-24   4.1378336e-25   3.3067049e-04   1.9142003e-16   1.1620693e-28   1.6843412e-04   1.1336677e-03   1.5850458e-61   1.1383496e-05
   7.9373945e-04   8.4653058e-10   1.3694023e-23   3.1510494e-04   2.2096885e-19   5.3208418e-21   1.8127041e-04   2.2260973e-03   1.6491825e-55   7.7639010e-06
   9.0645498e-04   3.8230055e-05   3.9548789e-29   3.2036148e-04   6.7747805e-29   4.9436920e-12   3.6786609e-04   2.3712277e-03   6.0127192e-50   1.8777741e-06
   9.8084256e-04   2.4004224e-08   4.6218771e-35   3.7748733e-04   8.2840889e-43   2.0453355e-11   1.3536025e-04   1.9609934e-03   7.9370923e-51   6.6957678e-09
   1.1089512e-03   3.5847674e-06   8.0573141e-29   3.1231300e-04   4.8554610e-51   1.8551410e-23   1.3608143e-04   2.2886208e-03   5.1000933e-41   3.1458781e-08
   1.1607279e-03   2.4351521e-22   7.5143277e-31   3.4292924e-04   1.8036254e-44   2.7678346e-15   1.4862220e-04   2.1737210e-03   6.9267347e-38   2.7846867e-06
   9.7272136e-04   3.0297388e-48   5.8308497e-35   3.5071591e-04   8.6252244e-45   2.1153544e-16   1.4589271e-04   2.8869163e-03   5.6477616e-49   4.5103672e-08
   6.2885477e-04   5.4452643e-33   1.0428615e-34   3.3828898e-04   1.6877899e-18   2.2989502e-05   1.7765067e-04   3.2625959e-03   1.0687362e-62   2.5337510e-08
   5.8194502e-04   1.3212094e-42   2.7320568e-33   3.3324474e-04   1.4915299e-04   2.3633910e-05   1.2988652e-04   2.5766643e-03   6.4644480e-50   1.0277280e-06
   4.8630569e-04   2.1254103e-51   7.9594606e-26   3.3487334e-04   1.2801067e-04   1.3332357e-04   1.0643975e-04   2.5090614e-03   8.5081879e-50   2.5908983e-07
   3.9832185e-04   1.1193188e-37   1.3716854e-31   3.5177065e-04   1.7494009e-15   7.9628855e-09   1.4902043e-04   1.9180596e-03   1.5003747e-51   5.1280111e-07
   1.9599115e-04   3.0057322e-44   3.5018957e-19   3.6744250e-04   4.4719344e-05   1.0861034e-05   3.6852756e-05   1.2211679e-03   5.7852185e-47   1.6916412e-06
   3.5579594e-04   6.3376798e-37   6.1865187e-20   3.0558453e-04   6.5766364e-21   1.3578681e-16   5.3873252e-05   2.2980518e-03   3.2240474e-48   1.0841985e-05
   3.3140934e-04   6.4796712e-34   2.0292877e-23   3.3231250e-04   3.4189378e-29   2.0185703e-08   9.1573551e-05   2.9286211e-03   1.0875307e-40   3.1506248e-06
   1.3524880e-04   5.3359731e-51   4.7008441e-32   3.7302562e-04   7.6441612e-33   3.3700205e-08   8.1773198e-05   2.1971837e-03   6.9532228e-45   4.4495382e-08
   2.7076910e-04   9.9455792e-62   7.9168694e-32   3.6162824e-04   2.8365573e-42   1.8518091e-12   1.2521527e-04   2.1192366e-03   8.0938855e-45   3.1487880e-12
   4.8218651e-05   3.7049723e-37   1.7359558e-23   2.9702450e-04   2.8576937e-21   5.9383714e-08   9.3028327e-05   2.1576892e-03   1.5880946e-29   2.9198000e-10
   1.6430641e-04   1.0756457e-26   4.9230744e-19   2.9883184e-04   1.1891737e-51   2.0870290e-26   6.0002564e-05   2.1050560e-03   1.7875206e-15   8.3034864e-08
   8.3706851e-05   5.1058931e-46   3.4410479e-13   3.0197443e-04   3.8343553e-47   1.1809322e-12   1.2898041e-04   2.0783902e-03   2.0526316e-10   6.6979415e-06
   2.1141869e-05   4.7249958e-26   5.3515592e-21   3.4667610e-04   3.0634623e-43   5.1505251e-14   5.3151639e-06   2.4605604e-03   3.6820893e-21   3.1074069e-07
   1.6812840e-04   3.4013084e-12   1.0985786e-25   3.6957160e-04   1.0480810e-52   4.2664013e-08   2.3265504e-05   1.7969243e-03   1.1206213e-40   5.2395667e-07
   2.2942129e-04   2.5332298e-09   3.2462834e-30   3.2737965e-04   9.1070231e-65   4.2228365e-12   5.0652042e-05   2.2677004e-03   2.3047905e-49   1.1444339e-06
   3.5395919e-04   4.8640072e-06   4.3268814e-27   2.6058470e-04   5.7272322e-45   8.0633649e-14   1.3494385e-11   3.3303982e-03   5.1241946e-24   4.3744910e-08
   4.7876438e-04   1.3208843e-05   7.0955537e-22   2.6798720e-04   1.1306237e-16   3.1974556e-18   1.8179584e-10   2.5839000e-03   1.0217481e-24   6.6922635e-08
   5.4144592e-04   9.5792868e-12   1.8515682e-24   3.0663896e-04   2.0949895e-05   1.6022480e-15   2.4232168e-07   2.0275880e-03   4.8312418e-32   3.5982537e-06
   5.0173804e-04   4.0788104e-22   7.0690444e-31   3.1026332e-04   3.1003381e-07   3.2270595e-07   2.8552762e-06   2.9264741e-03   7.8279037e-34   1.6852488e-05
   3.9249570e-04   1.6235821e-51   2.2727403e-29   2.6889489e-04   4.4550790e-08   6.1418170e-09   3.2762320e-05   2.6511643e-03   2.6756355e-16   1.1792751e-05
   2.7298474e-04   1.2024955e-51   7.2795722e-27   2.4161984e-04   3.0293575e-08   1.1043334e-05   2.1023819e-05   2.1957700e-03   4.8735220e-13   1.1855250e-05
   2.2588206e-04   7.0307660e-57   5.8105199e-21   2.3646609e-04   5.4671826e-11   2.1310838e-06   1.2092934e-06   2.7955055e-03   4.2824134e-27   1.6134141e-05
   6.9932740e-05   1.7797916e-45   1.9769293e-21   2.3492188e-04   2.6589150e-05   5.5238065e-06   2.7754294e-08   2.2207984e-03   1.9249649e-20   1.7083385e-05
   3.2336552e-06   3.6311113e-40   8.5596561e-18   2.1905013e-04   1.6579395e-05   2.2078641e-07   2.3248127e-06   1.9774244e-03   1.5307302e-07   5.1950397e-05
   1.4406825e-04   1.0385312e-55   8.5468978e-13   1.6893625e-04   3.8399169e-11   9.2503653e-05   3.7161157e-05   2.2594797e-03   7.6113137e-05   1.0287373e-04
   1.2324181e-04   2.1074031e-44   8.7777597e-06   2.1203316e-04   8.3105267e-23   3.3634480e-14   1.3589344e-05   1.8573260e-03   6.3799410e-23   5.8521897e-05
   7.6602056e-05   1.1692256e-46   1.8808225e-06   1.8528294e-04   5.0512929e-16   3.3428492e-20   7.5989708e-05   2.6342844e-03   5.8860913e-25   3.0553230e-05
   6.5136525e-05   2.1344252e-16   2.7061620e-19   1.9135480e-04   8.1483052e-06   8.4079310e-20   8.9364501e-05   2.7278465e-03   3.5035837e-29   9.3654385e-05
   4.9870048e-05   1.2147138e-12   2.0715864e-28   2.0288675e-04   1.3853886e-10   3.6272981e-06   8.7863980e-06   3.5471026e-03   9.4363602e-47   1.0426368e-04
   1.2338907e-04   7.4553000e-37   2.4373831e-16   2.0040294e-04   2.0459679e-10   5.5599669e-05   5.2715194e-06   3.0247542e-03   1.8843721e-37   1.4197677e-04
   8.8574813e-05   5.6372378e-18   3.2366229e-21   2.4184191e-04   2.3286858e-05   4.7149813e-06   1.0189490e-05   2.3307149e-03   4.1755536e-32   1.3585812e-04
   6.6739291e-05   1.1934806e-06   6.7780113e-19   2.4427227e-04   3.0290236e-05   4.3085132e-06   4.5543016e-07   2.5570667e-03   5.1419539e-26   1.1233396e-04
   5.2444033e-05   1.1197211e-04   2.2567631e-12   2.3064905e-04   6.0938252e-05   1.8437199e-05   6.6464202e-07   2.4404085e-03   1.9588354e-23   5.6019243e-05
   1.5345488e-06   8.1356744e-05   7.5714330e-19   2.2106841e-04   1.9109809e-04   9.3131846e-09   8.2461540e-06   3.0841070e-03   6.0883083e-32   4.9672578e-06
   8.8903053e-05   1.2607559e-05   1.6699423e-22   2.0135104e-04   1.2316584e-04   6.7525193e-11   2.1107073e-08   3.2487188e-03   4.6600220e-31   5.0368940e-06
   1.7913245e-04   1.2960924e-07   1.9049415e-24   2.2567173e-04   1.1987945e-04   2.1070543e-06   7.0056236e-08   1.9312731e-03   6.9503040e-24   8.6123294e-06
   2.5132981e-04   2.7368803e-17   2.0450356e-23   1.8344273e-04   1.0009122e-04   5.3786428e-05   1.0159669e-05   2.3781515e-03   1.3132943e-07   6.9971345e-05
   2.3140799e-04   1.2200801e-38   6.0831486e-29   1.6383146e-04   1.0642394e-04   8.2894759e-05   8.6755292e-07   3.4605801e-03   2.1855198e-05   6.5481897e-05
   1.8397395e-04   2.6883053e-30   2.8882435e-19   1.4944179e-04   1.1497919e-04   5.2492229e-05   2.9783018e-06   3.2461409e-03   5.4667907e-25   7.0772504e-05
   1.0802669e-04   7.5896191e-44   1.6205406e-13   1.9381018e-04   8.5082347e-05   1.3266902e-04   8.4807256e-08   3.1072046e-03   3.3265266e-22   4.3533915e-05
   5.1414811e-05   1.6862775e-34   5.3157671e-14   1.9817252e-04   7.3742031e-05   9.3567447e-05   1.4586851e-11   2.8852387e-03   1.0162602e-20   6.3808487e-05
   2.1264519e-05   3.4229663e-29   1.9664227e-27   1.9082286e-04   4.4331956e-05   1.5956847e-06   4.1737261e-08   3.3262072e-03   5.3142417e-06   2.3327829e-05
   1.0862124e-05   7.5270001e-61   7.5424176e-24   2.5197698e-04   2.1115712e-05   1.9276118e-06   6.2703753e-07   3.0437629e-03   5.7469036e-10   1.6740868e-07
   5.9966816e-08   8.3411210e-50   3.8651434e-22   2.5449940e-04   2.1431256e-05   1.5752978e-14   3.5601919e-06   2.5057381e-03   8.1978754e-15   1.8426264e-05
   9.7379335e-09   1.2500724e-46   3.7954181e-24   2.8145147e-04   1.0740048e-17   9.7032174e-06   1.5643975e-05   2.4423168e-03   2.6833454e-12   5.8966394e-05
   2.0286197e-08   4.1566919e-22   1.8148664e-14   3.0051911e-04   6.6969054e-09   6.1281549e-08   1.5408771e-05   2.6730863e-03   8.2424867e-07   3.6233841e-05
   1.7765016e-07   7.2585698e-15   8.8287955e-13   2.8886608e-04   2.8389949e-05   1.7237998e-06   1.6241365e-05   2.1982298e-03   1.3493568e-08   5.1666646e-07
   5.5429768e-09   3.2878310e-15   3.0929487e-21   2.5378805e-04   4.4735034e-05   3.8826864e-06   4.6570039e-06   1.8071750e-03   1.8834298e-04   5.0045862e-06
   2.0323279e-09   1.9837162e-09   1.5868717e-09   2.5873076e-04   8.5307773e-05   4.6171913e-05   6.2551106e-07   1.8869231e-03   4.9513480e-04   8.4432022e-06
   1.2153595e-07   5.2427735e-06   1.3823786e-10   2.4370140e-04   2.4057482e-04   1.5113109e-04   8.9452817e-07   2.7602706e-03   4.9935188e-04   1.7639133e-05
   1.3876457e-11   7.7055480e-05   7.3480981e-06   2.4295384e-04   1.4126043e-04   6.0231036e-05   4.4574528e-07   2.7704121e-03   9.1260604e-05   7.0604726e-06
   1.5450659e-06   7.2053222e-05   7.0835808e-19   2.3678035e-04   1.3160507e-04   5.0181965e-05   4.7255314e-06   2.8402152e-03   2.6728511e-06   8.1397461e-08
   2.6201798e-06   8.7021149e-08   9.9580470e-19   2.1013959e-04   1.1255609e-04   1.4855548e-06   1.3024957e-06   3.4003501e-03   4.9503047e-05   5.5179440e-05
   1.0196908e-06   3.1402968e-05   1.2020659e-20   1.9581579e-04   1.0362937e-04   6.5663056e-06   2.0235097e-06   3.8588296e-03   2.7576579e-04   4.0515264e-05
   4.1125054e-05   5.6798166e-08   2.2213814e-17   1.6156733e-04   1.0565651e-04   8.5494168e-05   5.7484853e-06   3.9712010e-03   5.8193055e-04   1.3453719e-05
   4.1586827e-05   3.4871594e-05   1.8775604e-09   1.3811820e-04   8.5016883e-05   1.5372117e-04   1.9679055e-06   3.8809426e-03   5.1794821e-04   3.1892566e-05
   4.5760394e-05   6.3875013e-12   2.3636301e-10   1.5016349e-04   5.7826842e-05   1.6040982e-04   1.0788904e-07   4.2471827e-03   2.6469156e-04   2.4802337e-06
   7.2366129e-05   5.9789495e-36   3.0747986e-14   1.3953675e-04   3.7353235e-05   1.2566157e-04   1.5234768e-08   5.0463324e-03   5.2826705e-04   3.6785217e-06
   4.4965456e-05   5.0232770e-24   7.3679503e-15   1.5942028e-04   3.8740879e-05   3.2069342e-05   8.4032417e-09   5.3060611e-03   4.6143926e-04   2.8798972e-05
   1.1364279e-05   2.5258206e-35   8.0342069e-15   1.5842195e-04   5.3361006e-05   1.0048690e-06   7.1060746e-06   4.0873957e-03   3.3209012e-04   1.0051403e-04
   5.7179467e-08   1.5023954e-29   1.6151365e-16   1.8714615e-04   2.9221042e-05   5.5736106e-07   6.3380835e-07   3.6397067e-03   4.1318318e-04   6.8657133e-05
   8.1424851e-08   2.5016298e-28   2.1871806e-18   2.1567099e-04   1.1940895e-05   3.8721314e-05   1.1976208e-05   2.8656603e-03   6.3305548e-04   9.8375197e-05
   1.2396844e-10   4.9397119e-31   2.2121395e-13   1.9953882e-04   3.9647651e-05   6.5561897e-05   3.9291423e-05   4.2587715e-03   9.1905255e-04   3.3042809e-05
   1.9195915e-09   4.9783037e-12   6.7893408e-19   2.1374910e-04   4.5108735e-05   5.6690636e-06   1.0816123e-04   4.1085688e-03   6.2459260e-04   4.5269036e-06
   1.1532932e-10   5.9487705e-08   4.6021064e-16   1.9857335e-04   9.4308199e-05   7.5108788e-12   1.2172250e-04   2.6610498e-03   2.6217513e-04   3.8236207e-05
   4.7215291e-08   4.7636975e-12   2.6960886e-06   1.7639268e-04   2.4506525e-04   3.0392047e-06   6.9354063e-05   3.3874309e-03   2.7756021e-04   4.2709844e-05
   1.0117150e-06   4.2615681e-10   3.4335815e-09   2.2595089e-04   1.2313449e-04   6.4570224e-05   5.5515675e-07   2.8485028e-03   4.1869170e-04   7.8791760e-06
   3.1145541e-05   2.4150669e-05   4.2127012e-10   1.7918317e-04   1.0475660e-04   1.5243674e-04   3.6092686e-05   3.8652390e-03   5.5748664e-04   5.5510363e-05
   8.0890341e-06   1.3899103e-04   2.4272994e-11   1.7800615e-04   1.1215371e-04   7.2281650e-05   1.2997021e-05   3.5197802e-03   3.8929001e-04   1.2511827e-04
   2.3372522e-05   7.5701326e-05   4.7827034e-05   1.7792266e-04   9.6173144e-05   6.7212848e-06   2.1192088e-08   3.0992553e-03   4.2487144e-04   1.9399494e-04
   2.1208498e-05   1.2923544e-06   3.9545465e-06   1.8791750e-04   1.1180679e-04   5.1870410e-21   3.1254802e-11   2.1059918e-03   5.6423932e-04   1.8117758e-04
   5.2542817e-05   4.5301707e-05   4.5219852e-14   2.0920617e-04   8.8461961e-05   2.3877908e-06   9.9400184e-06   2.0270810e-03   3.6496869e-04   6.8277089e-05
   5.2008906e-05   3.4309461e-06   5.2389772e-07   2.1112595e-04   6.5296531e-05   4.8443434e-05   1.0900718e-07   1.9453871e-03   5.0062862e-04   3.0680172e-05
   1.0911418e-04   2.3560649e-13   1.1121237e-06   1.8845213e-04   3.3857923e-05   9.5665751e-05   1.4364906e-09   1.9316581e-03   5.5996906e-04   8.0560645e-05
   1.2923430e-04   2.4536794e-18   7.3545631e-09   1.9871538e-04   1.4817591e-05   8.6831930e-05   1.3798602e-08   2.0192443e-03   6.9298235e-04   1.2443389e-04
   1.9233199e-04   9.5045238e-20   8.1449767e-09   1.8746195e-04   5.9135871e-06   4.4546576e-05   5.1118635e-09   2.4484525e-03   6.3202646e-04   2.0454474e-04
   1.7348526e-04   1.0316471e-07   1.2230193e-07   1.5872808e-04   7.9888501e-21   2.0247823e-09   5.8811560e-08   2.3558542e-03   2.2885954e-04   2.0161970e-04
   1.5888670e-04   2.3843261e-17   1.0800124e-06   1.6717348e-04   2.5063253e-18   2.4460700e-05   1.0347164e-06   2.6131841e-03   9.7487708e-05   1.0164113e-04
   8.4677401e-05   1.9877563e-17   6.0545855e-09   1.8598928e-04   5.3375947e-05   2.9274525e-05   9.8234380e-08   3.4233741e-03   1.7769816e-04   4.5328149e-05
   5.1196728e-05   1.0165757e-23   3.5825984e-10   1.8471420e-04   7.9526619e-05   2.3244746e-06   3.1508598e-07   2.4977321e-03   2.2511121e-04   1.8392829e-05
   9.2485758e-06   6.5430801e-19   2.9927726e-12   1.7277114e-04   1.2105311e-04   4.0059949e-18   1.1293362e-05   1.6803376e-03   2.6404920e-04   3.6592126e-05
   5.3317574e-06   8.6841987e-07   1.2284780e-08   2.0743002e-04   2.0402089e-04   1.4473873e-23   7.7389094e-06   1.5833505e-03   1.8119852e-04   2.4648569e-05
   2.4264291e-09   1.2751809e-08   1.2094813e-11   2.1021604e-04   1.2721716e-04   4.1146431e-12   4.8072954e-05   1.6036967e-03   4.7029600e-05   1.3404956e-05
   3.3997779e-08   5.1999028e-24   7.9694684e-12   1.9592916e-04   9.7803214e-05   3.2931630e-05   5.8395552e-05   1.9114595e-03   5.2314564e-05   3.2534343e-05
   3.0744097e-07   1.6066751e-10   1.5717023e-11   2.2020894e-04   8.2223136e-05   1.6818064e-05   7.4432533e-06   1.5856262e-03   2.1352828e-06   2.4327946e-05
   5.4742869e-07   9.3450706e-05   6.9605028e-06   2.1265762e-04   6.7402998e-05   1.7920783e-07   7.8490624e-06   1.1799238e-03   3.8937423e-07   2.3038792e-05
   1.7858897e-05   2.9339946e-04   4.4222396e-08   1.8775677e-04   7.3315452e-05   1.1126991e-06   2.3942864e-05   1.4502826e-03   3.3484342e-05   2.9969903e-05
   2.9708740e-05   2.9127795e-04   1.1382410e-13   1.7405516e-04   4.9388342e-05   2.1410420e-08   2.3908575e-05   1.5386834e-03   2.1069571e-04   4.9461220e-05
   2.9372782e-05   2.5480037e-04   1.1653436e-11   1.8283809e-04   4.3251494e-05   2.0434058e-07   2.2642309e-09   1.6286241e-03   6.6224684e-05   4.2758515e-05
   3.4150942e-05   1.5843020e-04   1.3876060e-13   1.8922447e-04   1.0870368e-05   3.3067648e-05   1.6724302e-07   1.3923971e-03   3.5224879e-32   1.0005037e-05
   2.9070952e-05   1.4328488e-06   8.0457013e-14   1.9347781e-04   8.8613885e-06   2.8362971e-05   2.4781045e-05   1.4483786e-03   7.4889631e-07   3.1842898e-05
   3.8520173e-05   5.7855526e-10   5.8172484e-18   1.7645187e-04   3.2880192e-06   1.8231027e-05   1.2622706e-05   2.0637452e-03   4.5396861e-08   9.9193876e-05
   9.7785132e-05   1.9524680e-24   7.7993328e-16   1.5099915e-04   3.6375635e-21   1.8924513e-05   6.0708160e-10   2.0121831e-03   3.9223044e-11   5.9966290e-05
   1.2618487e-04   3.4201711e-32   5.5421277e-15   1.3922773e-04   8.6763812e-20   1.6296173e-08   2.7514576e-07   1.2981919e-03   1.3659314e-08   1.0314717e-04
   7.3328479e-05   7.7952930e-16   3.7320453e-17   1.5341525e-04   3.5078912e-05   7.0247217e-07   7.1249528e-08   1.2121672e-03   2.3323314e-12   8.2140841e-05
   8.0112423e-05   7.1665346e-26   5.9260749e-13   1.3023862e-04   7.5059970e-05   1.1361961e-05   9.1377458e-06   1.6129279e-03   6.7892577e-11   1.4374557e-05
   7.7571292e-05   9.9845576e-10   1.1731210e-20   1.2320731e-04   1.1158572e-04   1.9944821e-06   1.1414175e-05   1.5432444e-03   8.3389952e-06   1.7572394e-07
   8.4418573e-05   4.8917249e-21   9.0217315e-16   1.3256463e-04   1.7598947e-04   6.4509707e-08   6.7766234e-06   1.2470658e-03   2.6079460e-06   2.5782791e-06
   5.7902743e-05   8.7860967e-20   6.8311734e-17   1.4395303e-04   1.2650339e-04   4.1226035e-09   4.0041792e-05   1.3358867e-03   1.3433707e-10   3.6436888e-06
   3.5397063e-05   2.1944715e-10   2.6203474e-24   1.8183807e-04   1.4805421e-04   1.2055134e-06   3.3118044e-06   1.5763317e-03   1.3700523e-09   6.1758162e-07
   1.3962936e-06   1.9943066e-15   3.3920407e-20   1.8073443e-04   1.4721721e-04   1.5847838e-05   1.3924479e-05   1.7299344e-03   9.4423881e-06   3.8036390e-08
   2.7479415e-08   9.0188228e-13   8.3879126e-17   1.4139495e-04   1.7751276e-04   1.7308700e-05   6.8235065e-05   1.1511084e-03   1.1178874e-07   5.8984874e-07
   4.3666143e-06   1.0328579e-04   9.5783583e-17   1.2968431e-04   1.7031807e-04   1.3568730e-06   5.2787350e-05   9.6183446e-04   1.3624609e-54   3.8329063e-06
   2.2145533e-06   1.4926927e-04   1.8580434e-13   1.4388258e-04   1.7418450e-04   5.1559732e-05   2.1988382e-07   1.0709152e-03   1.9682852e-23   1.2313165e-06
   4.1736943e-06   9.1467304e-05   1.2346629e-11   1.4497901e-04   1.6907841e-04   6.6910814e-07   6.5342622e-05   9.6247905e-04   7.0436567e-20   6.7790305e-07
   1.9420653e-05   1.1041283e-04   1.4900291e-11   1.2675659e-04   8.2732577e-05   1.1318661e-06   9.9361520e-05   1.4289882e-03   1.0769758e-22   4.7810973e-06
   1.0371034e-05   1.5801676e-04   4.8739965e-12   1.3355493e-04   4.6517195e-05   2.8482346e-05   2.7777544e-05   1.4257550e-03   1.7849584e-19   1.6990250e-06
   3.3881655e-05   6.4887011e-06   5.3423449e-16   1.5088187e-04   2.7148882e-05   4.5489377e-05   9.0156322e-07   1.2238358e-03   1.7553812e-14   1.5474710e-06
   1.0291073e-05   6.7228964e-11   4.0604568e-14   1.3581218e-04   8.2345064e-06   1.8634586e-05   6.4392294e-05   1.5278762e-03   5.6041900e-23   3.8178846e-08
   2.9980287e-05   1.5761917e-05   8.9879024e-16   1.2308163e-04   2.8145486e-05   1.3509560e-09   9.7489920e-05   1.5079533e-03   3.1038964e-21   9.7190075e-08
   4.2407595e-05   2.9191774e-25   3.9484076e-17   9.8162627e-05   6.0353118e-05   2.7426590e-06   5.6204032e-05   1.2930106e-03   1.9510778e-10   2.3445185e-06
   6.5505271e-05   2.7079101e-06   1.1256123e-16   1.0250236e-04   1.4419871e-04   5.7235512e-05   6.7365406e-06   9.3813726e-04   1.5320713e-11   3.3147556e-07
   9.7003372e-05   1.8113054e-05   1.3943018e-18   9.9843470e-05   2.3546235e-04   6.6707243e-05   1.0804256e-05   9.6951095e-04   2.8395350e-07   3.6267265e-10
   7.2080735e-05   1.7682339e-20   3.8706806e-16   1.0055403e-04   2.9217308e-04   3.5512526e-05   3.4200795e-05   9.4474521e-04   1.4464992e-08   3.6328187e-12
   2.2776220e-05   1.6811058e-11   1.0497913e-23   9.9754366e-05   2.2340660e-04   2.1795136e-05   5.0750497e-05   8.7778777e-04   1.2967921e-43   1.1496423e-12
   2.5693414e-05   2.7156193e-15   3.4679793e-16   8.8187459e-05   2.6811828e-04   5.9720963e-05   6.8907748e-05   9.4780389e-04   5.6818403e-39   8.6214476e-10
   2.9261308e-05   7.0536274e-06   4.1838324e-14   8.5774103e-05   2.3945834e-04   1.3559094e-04   3.1457801e-05   6.7269393e-04   2.1229595e-59   1.8963597e-11
