   6.9081942e-04   4.5348310e-03   2.1272075e-03   1.1246979e-13   1.5177197e-20   1.2421408e-03   2.1558640e-03   1.2564990e-03   4.3823996e-03   2.1994358e-03
   1.3555938e-03   3.5762363e-03   2.9960875e-03   1.0723701e-26   8.5094548e-34   7.5926127e-03   1.9356543e-03   2.3175789e-03   8.4558593e-03   5.0544510e-30
   8.0938816e-04   2.5609838e-03   2.5249095e-03   2.0888643e-51   1.3584876e-52   6.1110387e-03   7.8843018e-04   1.9215622e-03   6.6562189e-03   6.4844374e-79
   1.9648780e-04   1.7534504e-03   1.5347273e-03   4.3793592e-31   1.9508069e-68   5.2645535e-03   1.8425448e-12   4.5499144e-04   6.1668516e-04   1.8320852e-82
   9.7508510e-05   1.4183553e-03   1.0650334e-03   1.2468319e-31   1.1478916e-59   4.7464895e-03   7.4217112e-22   3.1493421e-04   7.7810428e-04   1.6297957e-79
   2.1753509e-04   1.3971893e-03   7.4154370e-04   3.2146672e-28   7.0173686e-72   4.0713745e-03   3.8939261e-20   2.5025675e-04   1.0932086e-03   4.8612449e-82
   1.3952027e-04   8.4319289e-04   5.4902382e-04   4.2920434e-38   5.4826891e-94   6.6629045e-03   2.2892883e-28   3.5860091e-04   1.3860776e-04   1.2527730e-80
   6.2796912e-05   6.0345702e-05   2.1894864e-04   5.2982032e-28   2.3857931e-73   1.1907791e-02   2.1511207e-26   6.8188967e-04   7.7725685e-04   2.3269098e-87
   2.4252881e-04   1.0035722e-10   2.5777832e-04   1.2109101e-13   1.4598344e-80   2.7098203e-02   4.5668658e-45   1.1801372e-03   5.3332655e-12  1.9970401e-103
   1.6961959e-04   9.2655789e-16   3.6845609e-08   3.7922866e-30   8.2193805e-91   6.2891658e-02   2.5340564e-48   1.8514959e-03   7.0877525e-03  5.5307450e-114
   6.3730732e-04   2.3321686e-10   6.2155450e-04   1.9852091e-15   1.8014221e-76   5.9796903e-02   6.8112591e-40   1.5530072e-03   6.7561784e-02  4.1750856e-117
   4.0092451e-03   1.8146215e-03   4.1877520e-03   1.2803038e-03   8.9222118e-49   9.6441574e-03   1.1990644e-09   5.9470443e-04   1.5940985e-01   1.4156691e-86
   9.6199265e-03   2.0525204e-03   3.1629057e-02   2.7250105e-12   1.0508578e-31   7.1266166e-11   1.0819542e-21   1.8778071e-05   1.1967217e-01   3.8977362e-10
   2.9232563e-03   1.0596229e-04   8.7765918e-02   5.9341126e-03   1.1490966e-24   2.5864256e-07   1.9825054e-03   1.8655234e-04   2.6008800e-10   7.4652476e-16
   3.2515052e-05   2.7928556e-11   7.4692923e-02   2.6988303e-01   1.2674892e-34   2.3117667e-03   1.2413593e-01   3.7964452e-05   2.9047848e-33   6.5885616e-41
   1.5654785e-10   7.4486690e-10   2.9903250e-02   2.3029184e-01   1.6230956e-26   2.9667626e-02   2.5209747e-01   8.1174971e-05   7.7801313e-46   1.8864373e-47
   7.8516117e-09   4.7246095e-06   1.2335043e-02   1.3531235e-02   5.3742541e-18   7.4073426e-02   1.5297075e-01   1.3441632e-04   9.4968719e-34   8.4140477e-14
   7.2129653e-07   3.8299351e-06   4.7938185e-03   1.3502080e-18   8.2334335e-15   8.5746483e-02   1.2132818e-20   1.6587628e-04   1.4428978e-20   2.1884828e-01
   1.7428764e-04   2.2377269e-04   1.4454738e-03   1.3419201e-22   9.4184672e-16   8.3134252e-02   1.4582910e-44   2.6420557e-04   1.2314609e-04   3.2987954e-01
   1.8368395e-04   3.8690284e-06   1.2099442e-03   7.4845112e-25   1.0185026e-16   8.5285915e-02   1.9581766e-49   4.5840130e-04   2.0890396e-03   1.5809052e-01
   5.8927844e-04   4.6653772e-07   8.5775083e-04   5.5791375e-26   2.7120575e-29   8.5349741e-02   3.8352460e-31   5.4581051e-04   6.9580747e-03   1.1414025e-04
   5.1624642e-04   1.2558369e-08   9.1425687e-04   1.2406776e-22   3.3439652e-33   5.1395084e-02   5.2456163e-48   6.3857029e-04   4.9164729e-02   1.3783069e-20
   2.1571861e-03   5.2656689e-05   1.9081477e-03   1.1068320e-19   1.7127810e-15   1.8361814e-02   7.1462633e-31   6.2950794e-04   7.8175350e-02   6.3511885e-35
   5.0537252e-03   1.7260361e-05   3.0194796e-03   1.4571019e-19   9.1704428e-14   6.1894116e-03   4.2453090e-30   5.0553065e-04   1.0071172e-01   2.2190611e-24
   1.2755500e-02   2.4866313e-04   7.4807470e-03   6.1341297e-31   2.0709401e-04   9.5318790e-04   1.1428790e-17   2.4866844e-04   9.7331113e-02   2.6730149e-36
   1.3401401e-02   2.8533975e-08   2.8023882e-02   3.2796399e-36   1.3866517e-03   4.8503865e-12   4.7216494e-36   2.3442657e-05   4.4891104e-02   4.0941423e-22
   4.0972332e-03   6.1882101e-12   7.2232627e-02   2.6910222e-44   4.4566361e-09   1.3826193e-13   3.9608901e-40   3.0901879e-04   4.5801404e-10   8.4572681e-12
   2.0220321e-04   2.0567416e-16   8.4729400e-02   3.8639509e-29   5.4844301e-20   3.2848907e-13   4.4152307e-45   3.6703805e-04   7.4383627e-34   1.6455266e-16
   2.8159723e-04   3.2776999e-09   6.4126638e-02   8.6279130e-10   2.4401018e-04   2.1085777e-07   1.0505691e-35   4.3593989e-04   1.5575266e-48   2.2236867e-36
   1.7147312e-04   5.8714670e-12   4.6456230e-02   5.2461248e-10   7.4610763e-05   2.0921170e-03   2.3208014e-02   8.0859047e-04   1.8289880e-46  4.6285160e-134
   2.3339095e-03   8.6683977e-11   2.8370428e-02   1.2728680e-30   1.3762727e-18   1.1657559e-02   6.4414829e-02   9.6793918e-04   3.5259443e-38  3.8456881e-145
   2.2285759e-02   1.0219675e-09   7.6540356e-03   9.8219032e-37   1.0629515e-10   1.5179964e-02   5.0422278e-02   1.1832330e-03   5.1449109e-16  1.6605657e-120
   4.1703062e-02   4.4611820e-05   2.4005233e-03   1.3203136e-26   1.1163298e-06   4.7603389e-03   9.3246043e-03   1.0106857e-03   2.5185178e-10   4.4828272e-75
   4.3909451e-02   8.5787539e-04   7.4037270e-04   4.9736429e-09   1.8292309e-10   7.6995678e-11   2.0441729e-14   6.7193777e-04   7.1490752e-03   1.0677075e-42
   4.0866783e-02   8.8327166e-04   3.7694855e-04   9.1373731e-06   1.0247734e-06   1.1168237e-06   1.9437581e-04   5.4984859e-04   9.4997152e-03   2.6763026e-06
   3.1648856e-02   2.3117308e-04   3.3932120e-04   1.3111596e-04   4.1361719e-10   6.3519049e-06   1.1589109e-07   8.8230821e-04   1.0637177e-02   4.6804562e-03
   3.3462147e-02   2.1630421e-04   3.1114762e-04   1.5039296e-08   2.0188902e-04   3.7345101e-11   8.1793418e-06   8.2418175e-04   6.1378923e-03   6.3364006e-03
   5.3114598e-02   4.3866791e-10   5.1210836e-04   2.2257895e-31   1.2433661e-05   2.9983723e-28   2.7440119e-27   6.4131239e-04   4.8581402e-14   4.9657389e-03
   3.7855462e-02   2.8299426e-18   2.1283894e-03   5.8200243e-50   2.0266654e-18   1.6252225e-18   2.7127912e-41   6.9967227e-04   4.0056562e-25   3.2632731e-03
   2.9189243e-02   9.8980160e-24   6.5753980e-03   1.1528582e-64   3.3617828e-19   1.7632028e-11   1.8340316e-32   6.1974837e-04   1.5847681e-36   8.9876038e-04
   2.0895729e-02   6.0551923e-17   9.3333595e-03   2.2807058e-50   3.0458330e-11   2.2624454e-12   3.3598094e-48   8.5509930e-04   7.6461915e-44   2.2111553e-24
   1.5459274e-02   2.6893846e-09   7.4829453e-03   3.4869597e-19   2.0941341e-08   4.6404854e-09   1.3924704e-54   1.0564948e-03   1.0811089e-36   5.0253505e-39
   1.3189925e-02   2.4279578e-04   5.4230219e-03   1.0830809e-02   3.0387703e-12   2.8400299e-05   6.0479516e-53   8.7603007e-04   2.3440524e-22   2.2337123e-43
   1.3199508e-02   9.9591200e-05   2.9553662e-03   1.4252440e-02   7.7656881e-23   6.5418096e-06   1.7656306e-14   8.6109783e-04   4.1210927e-13   1.2608610e-58
   1.0750156e-02   2.6039641e-06   1.7333815e-03   2.2611955e-03   1.0062334e-30   3.9155250e-05   3.6322896e-03   8.3082378e-04   1.6322938e-03   4.1535785e-63
   1.0217332e-02   3.8182510e-09   8.8274255e-04   3.0891072e-14   1.2700054e-12   3.0410531e-05   7.4248640e-03   5.1604153e-04   2.8130635e-03   3.7028878e-89
   8.2607357e-03   4.0772899e-04   2.5936208e-04   1.3955875e-25   2.1044461e-05   1.8242686e-04   6.0392880e-03   3.7385495e-04   5.7043444e-03   3.5619402e-77
   7.6074763e-03   3.2426810e-04   3.7140057e-04   5.3876543e-24   2.5553929e-09   5.4035192e-04   9.4564901e-04   4.7594561e-04   6.7644423e-03   2.1102642e-52
   9.0002087e-03   3.7218541e-09   2.3919733e-04   3.9834496e-22   8.4995053e-20   1.5279516e-03   4.1622399e-23   5.7972403e-04   4.2473159e-03   5.0288280e-40
   1.5520711e-02   6.0954357e-11   1.7637187e-04   5.2216615e-28   2.8067359e-07   5.8025439e-04   3.7445234e-23   3.8453170e-04   1.3768837e-03   2.9322307e-32
   1.3857905e-02   2.8614239e-11   2.4761969e-04   1.1649161e-27   2.8920304e-06   1.1447062e-03   4.2968862e-17   3.9553053e-04   5.6262300e-13   5.4724203e-13
   1.1156646e-02   1.6957230e-08   5.5097974e-04   5.9956036e-26   4.3904958e-07   9.4290001e-04   4.4355469e-36   5.2103413e-04   3.1158480e-22   4.5199037e-04
   8.6970783e-03   1.7202633e-13   1.6881302e-03   1.4898954e-52   1.7365369e-05   6.6154269e-05   4.1350705e-50   4.9353755e-04   7.3072839e-15   1.9340301e-03
   6.7064788e-03   2.3244516e-10   2.6901436e-03   8.6246115e-47   2.8531538e-10   1.2148765e-15   1.6863087e-43   3.9331813e-04   8.6174016e-07   2.2629634e-03
   6.5228035e-03   3.7069231e-16   2.4746275e-03   4.7884613e-41   4.4812062e-15   8.1403562e-06   3.4255149e-30   4.2731468e-04   1.0710905e-13   3.2472006e-03
   6.8577503e-03   1.6955673e-08   2.0724382e-03   1.1157918e-27   7.0440122e-06   8.4201707e-04   1.2451333e-26   5.7154751e-04   2.6242047e-15   2.4038453e-03
   6.5799899e-03   3.2481592e-05   1.6219832e-03   1.1629701e-14   8.9963759e-06   9.8087283e-04   2.5808585e-37   5.6273629e-04   1.1132020e-14   1.5631576e-03
   6.7219572e-03   2.8374245e-04   1.2519918e-03   1.8777017e-03   6.8854695e-16   4.1836470e-04   1.5564168e-44   7.4212134e-04   1.5780526e-07   1.2884774e-03
   6.7375786e-03   4.9799667e-04   7.2309730e-04   1.4990102e-04   2.1574261e-18   7.8691318e-04   1.0339003e-15   7.7470539e-04   1.7870185e-03   3.8171432e-04
   5.5609289e-03   4.1555691e-04   3.3771756e-04   2.3915431e-04   8.2179386e-19   1.4292826e-03   1.9478428e-03   6.5914517e-04   1.6806255e-03   1.8623629e-25
   9.0180899e-03   5.3420682e-04   1.0846499e-04   9.3776034e-05   6.8438987e-09   5.5128768e-04   4.0672753e-03   5.5731264e-04   1.6680424e-07   4.3076315e-29
   1.3486492e-02   6.3407739e-04   1.0054381e-04   7.2097093e-05   2.3829756e-05   1.5575256e-08   3.1770431e-03   4.0259972e-04   1.0082613e-25   5.9349769e-67
   1.5559321e-02   4.6092838e-04   1.6817245e-04   2.6380044e-05   1.2402541e-10   9.5223626e-08   5.8800072e-04   3.1083141e-04   2.1159591e-25   1.2599591e-40
   1.2619406e-02   6.6056095e-04   4.1863400e-04   1.7471549e-08   3.1642636e-11   6.8131482e-05   1.3796281e-05   5.5024690e-04   1.6384985e-25   6.4649221e-49
   1.1819717e-02   1.9802929e-04   9.2712052e-04   2.1714695e-27   5.5986195e-07   8.3444091e-08   2.3240316e-30   6.1733512e-04   3.1323005e-33   7.5687744e-19
   1.0678068e-02   1.5029215e-04   1.5895843e-03   2.4721102e-27   4.5893331e-04   1.3745544e-07   2.1612825e-23   3.9411709e-04   2.3524564e-33   2.1369196e-04
   9.0576764e-03   9.7289798e-10   2.2632911e-03   1.1914601e-27   1.2596479e-06   1.2759225e-05   1.4229246e-39   7.5898255e-04   1.7671732e-33   3.3614047e-04
   8.4893305e-03   2.0680430e-11   2.0034289e-03   2.8321579e-18   1.2092198e-09   1.4103142e-04   1.3716139e-30   7.5552004e-04   9.5275480e-34   8.6434381e-04
   6.5900700e-03   5.6528564e-05   1.3977212e-03   7.6826480e-04   2.4644196e-09   6.2246543e-04   7.1178933e-44   6.6511703e-04   3.3478547e-23   1.0978574e-03
   5.2399227e-03   6.5053762e-04   1.2665060e-03   1.3881190e-03   3.3753059e-08   8.0418668e-04   9.6854413e-55   5.7683856e-04   5.1371269e-08   1.9051417e-03
   6.4565618e-03   9.7373990e-04   9.7174436e-04   4.0089359e-03   1.5614495e-07   2.7225770e-04   3.6298092e-26   4.7982118e-04   5.7359581e-04   2.8925427e-03
   1.1149893e-02   8.9261082e-05   5.9307195e-04   5.3979827e-03   5.2788041e-04   6.6394140e-07   5.5584841e-30   5.4640531e-04   2.3001728e-06   3.9715769e-03
   1.6432610e-02   9.4897341e-10   4.1156551e-04   2.5348295e-03   1.1971319e-04   1.3867358e-10   6.6964802e-24   4.8243894e-04   9.0025968e-26   4.4251912e-03
   1.9899625e-02   7.9271874e-09   1.5510469e-04   1.0753147e-03   1.0294858e-04   4.0050675e-17   3.2019644e-04   4.4883956e-04   7.9995683e-38   3.5601364e-03
   1.9505059e-02   1.6516461e-09   2.1939595e-08   1.0149423e-07   4.4602502e-06   1.8427916e-22   9.8052545e-04   4.8742681e-04   1.0814605e-48   2.4740093e-03
   1.4661602e-02   1.2728325e-06   6.3944192e-09   9.2189431e-14   5.5365064e-08   4.2645467e-10   3.6374787e-03   7.8090952e-04   3.7074754e-41   1.6316065e-03
   1.0130191e-02   8.9550621e-08   3.9470900e-04   5.5153559e-09   8.8199305e-09   3.1432223e-04   4.4715604e-03   7.5034287e-04   6.0897734e-32   6.3203663e-05
   7.6489081e-03   2.9146985e-15   8.3685822e-04   7.1187605e-32   6.2766197e-22   2.8127779e-04   2.4462118e-03   6.7456024e-04   1.3192583e-34   4.4238375e-25
   5.5547055e-03   1.2692612e-07   1.3569927e-03   3.1359893e-37   7.6551776e-13   4.6623448e-04   2.4048272e-13   7.0170546e-04   4.7025725e-34   2.4681866e-32
   4.1507598e-03   1.3902197e-04   2.0881040e-03   2.2447552e-51   3.7736245e-08   2.5737318e-04   6.1791803e-06   5.8956236e-04   4.4921803e-27   5.0297255e-18
   3.0799723e-03   6.0307208e-04   1.9504267e-03   2.0907049e-62   1.2182904e-06   4.1269355e-04   1.8943464e-23   7.5548325e-04   9.7272962e-17   7.8875073e-67
   3.4433654e-03   6.9512284e-04   1.3556888e-03   2.6694500e-38   7.6616502e-08   4.3510229e-04   6.8342840e-11   6.7219553e-04   4.4389945e-04   2.6663018e-42
   2.7436865e-03   6.0425329e-04   1.0875080e-03   6.3848995e-18   9.2730163e-13   8.9171363e-04   3.6363153e-24   5.6058803e-04   1.1911837e-03   2.0696440e-52
   2.7752159e-03   5.9968666e-04   1.0531150e-03   4.1511482e-11   1.5993022e-10   4.1813883e-04   8.3823910e-39   6.3885004e-04   1.0397385e-03   1.3146653e-60
   2.9021817e-03   7.7687663e-05   9.3806235e-04   1.4551711e-03   4.3323450e-24   1.0991422e-03   1.8736095e-50   8.0156359e-04   2.6632878e-04   2.0132306e-29
   2.5920953e-03   8.5718912e-04   7.9400342e-04   1.2816594e-03   1.0347593e-35   2.5599826e-03   1.8295444e-49   6.2326849e-04   8.3413609e-13   8.7146150e-31
   6.2636352e-03   4.2131502e-04   5.3366009e-04   3.0149711e-03   4.8234502e-29   1.6159543e-03   8.2879422e-41   7.0965496e-04   1.0567551e-23   1.5759056e-09
   8.3951715e-03   2.2132153e-05   6.7970280e-04   1.0316843e-05   2.6311946e-13   9.2035482e-04   2.8132943e-15   7.3860953e-04   7.9453377e-30   5.4289770e-04
   1.0105614e-02   1.3628871e-04   6.7467330e-04   4.8011737e-10   3.1199727e-08   8.0380939e-04   4.7043811e-04   4.1495183e-04   2.2406508e-32   9.8262361e-04
   1.0536850e-02   1.2742721e-04   7.2979176e-04   3.6321376e-06   4.1944311e-07   1.1111769e-03   5.1114256e-04   5.3489883e-04   1.8114389e-41   1.2610413e-03
   9.3682427e-03   2.0049218e-06   1.3052439e-03   5.5291907e-06   1.5576684e-08   8.9234555e-06   2.5545867e-03   5.3623799e-04   3.8550814e-38   2.3104910e-03
   7.9108958e-03   6.2411103e-09   1.9475558e-03   3.5794542e-17   2.8784855e-19   9.4055181e-09   2.6823868e-03   5.1644974e-04   1.7257507e-25   1.8499390e-03
   4.6384818e-03   3.1704638e-07   3.3204278e-03   5.9549216e-42   1.7001610e-08   5.0535068e-04   4.1757226e-04   6.0460423e-04   7.5406834e-13   9.9284718e-04
   3.0945576e-03   6.6988424e-04   4.0300579e-03   1.6653734e-30   1.1512919e-05   3.2860913e-04   4.9497307e-07   6.6666262e-04   2.5734507e-04   5.0880233e-04
   3.3921999e-03   1.5534412e-03   3.6834565e-03   2.1072432e-22   6.6485513e-05   3.4993962e-04   8.3106047e-53   4.9319890e-04   1.2653171e-03   2.8960058e-04
   2.5819844e-03   9.5146308e-04   3.1162838e-03   3.4837296e-17   9.4144813e-10   1.3755514e-03   2.5952230e-41   6.8884719e-04   1.3190523e-03   5.6356965e-08
   2.1104688e-03   5.5889387e-04   2.5126723e-03   3.5124960e-11   2.3525457e-12   1.4678882e-03   7.3445292e-46   7.8562918e-04   2.0411205e-05   2.7234775e-22
   1.0803568e-03   5.0528387e-04   2.6704796e-03   1.5718413e-15   1.1944728e-10   1.8029816e-03   1.1766342e-56   8.3275679e-04   6.2013109e-17   3.8202592e-29
   2.6426605e-03   1.7234223e-06   2.6533421e-03   2.2232101e-06   3.2819714e-20   1.8251984e-03   8.4649146e-28   6.4554115e-04   1.9681296e-28   9.8634455e-41
   3.0280641e-03   7.9631017e-05   2.4639873e-03   2.1107850e-03   3.9235733e-14   2.1309857e-03   3.6912644e-31   6.8927735e-04   8.0784143e-26   3.4341166e-35
   3.3290169e-03   6.4200240e-04   2.7870291e-03   2.3963793e-07   1.2491760e-04   2.2537949e-03   9.9833214e-70   6.1927762e-04   6.6415579e-20   2.5659869e-17
   1.6188020e-03   7.0228304e-04   2.6748751e-03   3.6643433e-18   9.5727425e-04   3.0146883e-03   4.0333204e-43   4.3846567e-04   7.4580483e-09   8.0875840e-38
   1.9376833e-03   3.3220555e-05   2.7461670e-03   1.2579410e-64   1.1832403e-03   3.4680836e-03   1.3812905e-27   6.4226313e-04   1.6083443e-06   7.4045832e-21
   8.9440117e-04   4.3780866e-05   3.0530939e-03   1.6623025e-55   3.8951960e-06   2.7013675e-03   1.0580565e-04   6.9690831e-04   1.4775894e-03   1.0940560e-10
   1.0574732e-03   8.1639178e-05   3.9238221e-03   9.4495114e-43   2.8320115e-13   1.1374852e-03   1.1726808e-05   8.1853220e-04   3.2172680e-03   7.5899430e-04
   5.4364996e-04   1.0161961e-04   4.7327000e-03   9.1233025e-38   4.4560942e-14   6.0223336e-04   2.7975680e-03   1.4020259e-03   4.5297332e-03   1.5873011e-03
   9.5713250e-04   5.8108786e-05   5.0359221e-03   3.3118709e-38   2.0685612e-10   1.7157850e-03   3.6799203e-03   1.7657554e-03   5.6492652e-03   2.0451926e-03
   1.3013076e-03   3.9374474e-04   5.1445691e-03   7.1789839e-35   4.4542169e-10   2.6920499e-03   1.0411554e-03   1.2446180e-03   3.3410867e-03   1.7281848e-03
   6.6333458e-04   4.6638396e-06   4.2672551e-03   4.6519123e-39   3.0292186e-03   3.6123981e-03   9.5390274e-18   9.2290621e-04   8.3257891e-04   5.7646002e-04
   6.0274610e-04   1.4669707e-03   2.5898873e-03   3.3319573e-16   4.8092155e-10   4.9045076e-03   2.9634090e-17   7.1395695e-04   1.3756561e-03   1.0121255e-12
   1.1493968e-03   1.9366518e-03   2.3083673e-03   1.0846526e-15   1.9695255e-04   4.0218989e-03   1.2283560e-32   7.3307108e-04   1.5192213e-03   3.9725671e-15
   1.5993580e-03   4.9906162e-04   1.4618213e-03   3.0168237e-03   1.1200361e-19   4.4804360e-03   9.0834184e-18   1.1220346e-03   2.6366828e-03   6.5304021e-28
   1.9429199e-03   1.6857295e-03   1.1327903e-03   5.1260657e-03   4.7271055e-19   3.5776234e-03   2.4277143e-36   9.1316766e-04   2.6927060e-03   9.6024571e-15
   1.3629204e-03   2.3750924e-03   1.0847956e-03   4.0786519e-03   7.0222767e-25   4.9041363e-03   3.7189879e-32   1.0534734e-03   3.1643315e-03   1.0855194e-31
   7.7474420e-04   3.6826217e-03   1.5652709e-03   1.7849579e-07   4.0471317e-20   4.9464914e-03   7.7018882e-34   5.7964750e-04   4.2097281e-03   1.1055134e-24
   1.7638239e-04   3.7047755e-03   8.8440594e-04   1.7090795e-03   5.9838684e-19   6.3730346e-03   2.1459052e-33   9.3482480e-04   5.1775755e-03   2.3953537e-67
   3.8888891e-04   3.4964553e-03   1.1949985e-03   1.8185130e-21   1.5444846e-14   7.1336418e-03   4.4970086e-32   1.1728026e-03   6.6465229e-03   2.1460807e-40
   6.4847085e-05   3.7570409e-03   1.7477178e-03   7.0430692e-29   1.5522999e-13   7.5998417e-03   9.4809977e-40   1.2590814e-03   8.3840915e-03   3.4458349e-24
   1.4656508e-09   2.5825015e-03   2.6488780e-03   5.9448190e-31   9.7531337e-20   6.8284865e-03   3.3688345e-23   1.0251429e-03   6.4210290e-03   1.6617973e-23
   3.6035948e-09   3.5376415e-03   3.3035569e-03   5.9850679e-29   2.1200669e-17   6.5062999e-03   1.8918202e-08   1.3191799e-03   1.9611648e-03   7.1068886e-09
   6.9137557e-12   4.6160163e-03   3.0869073e-03   1.9896004e-30   3.5488563e-08   4.3121729e-03   5.5804715e-03   1.2274819e-03   1.0281760e-07   6.4953805e-03
   3.8246111e-08   4.5710784e-03   2.8305982e-03   1.9309406e-26   2.1336707e-04   3.2879456e-03   7.1331670e-03   1.0954704e-03   5.8910626e-09   5.1510697e-03
   3.2088798e-10   3.3288079e-03   2.5877275e-03   5.0072560e-14   8.6092371e-09   1.1080432e-03   3.0131516e-03   1.1039596e-03   4.8024366e-04   3.4989557e-03
   8.8968766e-05   3.5852374e-03   2.9449249e-03   2.5883121e-03   2.8489278e-14   4.1574478e-03   9.9485790e-20   8.1020399e-04   3.0952149e-10   1.1557605e-04
   2.9839774e-04   4.1223863e-03   2.4215434e-03   2.2699550e-02   2.1197454e-03   3.5027403e-03   1.1306626e-51   7.3322116e-04   9.7849673e-17   1.9162270e-03
   3.2778095e-04   6.5116218e-03   2.1922730e-03   3.5638258e-02   2.4357847e-11   2.2858067e-03   3.1940231e-34   6.2074100e-04   7.5080378e-14   5.3062456e-09
   2.1016248e-04   6.2137565e-03   1.4940320e-03   3.9424469e-02   1.3916004e-06   2.4465023e-03   3.5348223e-19   5.7682879e-04   1.9393284e-03   2.0997062e-05
   5.8085584e-05   5.7456261e-03   1.7265762e-03   4.0964450e-02   3.9206651e-06   2.3648235e-03   1.9807528e-32   7.3227407e-04   8.7384175e-04   1.2156866e-03
   3.2974285e-08   5.8396345e-03   1.6698655e-03   3.4991649e-02   1.0743319e-14   2.7101712e-03   3.1466609e-17   5.6226842e-04   1.8155533e-03   7.0691251e-09
   2.5578147e-07   4.0235005e-03   1.5019126e-03   3.0666845e-02   1.0849673e-25   2.7873696e-03   8.5478639e-12   4.6902464e-04   2.9081875e-03   2.1878457e-07
   2.1495135e-08   2.4770496e-03   2.1405442e-03   1.0814769e-02   1.1642736e-19   1.3944189e-03   2.1710430e-03   6.7095774e-04   2.5372335e-03   2.4955641e-03
   4.9291262e-15   4.4532175e-03   2.4405812e-03   8.6243327e-06   4.0687852e-18   5.5810979e-04   1.9606148e-03   6.5723750e-04   9.2340702e-04   2.8910595e-03
   1.9295776e-14   4.2950088e-03   3.3216133e-03   1.2652006e-27   3.4742361e-08   2.6555842e-04   1.5018752e-03   1.0343275e-03   2.3241543e-13   2.9552619e-03
   2.3521446e-09   3.3920443e-03   3.2107467e-03   1.0975220e-23   8.9393869e-07   9.1015578e-04   8.3149555e-04   1.2985638e-03   6.0169418e-23   2.8709471e-03
   8.3099726e-11   1.7255012e-03   2.1324454e-03   1.1173104e-11   1.1889117e-11   1.8874934e-03   5.8706438e-03   1.5639607e-03   6.2151356e-11   3.4817885e-06
   7.4448545e-05   2.0035083e-03   1.7920014e-03   4.7753812e-16   2.0396643e-08   2.2156758e-03   2.0059149e-02   1.2936072e-03   7.9995268e-08   1.7655485e-10
   2.7171944e-04   2.7627947e-03   1.7414885e-03   1.0842771e-04   1.7406955e-19   1.2486525e-03   2.3228027e-02   6.6554907e-04   4.8617117e-04   3.2490861e-97
   3.2734876e-04   2.4662035e-03   1.2868710e-03   4.8469428e-03   8.2199622e-16   2.3941547e-03   1.0377710e-02   7.4272597e-04   2.3543165e-06   1.1055974e-33
   3.3715174e-04   2.8516388e-03   9.2768829e-04   3.8968751e-03   1.1891666e-15   2.5374179e-03   1.0221058e-03   6.3997891e-04   6.9311409e-04   3.5293803e-32
   1.0918380e-04   1.7572733e-03   1.0333383e-03   5.8201203e-03   1.3728840e-30   2.1320259e-03   2.0098792e-16   6.6096502e-04   2.0248933e-03   2.9298890e-07
   5.1554602e-09   3.5689462e-03   1.5493094e-03   5.8956275e-05   5.0471044e-13   1.1556895e-03   2.1369683e-08   5.6782656e-04   1.8759455e-03   2.3738852e-03
   9.7806543e-07   2.8650746e-03   1.8572318e-03   1.0747038e-08   1.0682010e-18   9.0252858e-04   5.4512902e-04   8.3449618e-04   2.3920632e-03   3.4570234e-03
   6.7288283e-08   3.9902138e-03   1.2773563e-03   8.6199713e-03   1.5826832e-29   1.5664051e-03   1.5300373e-22   8.1322593e-04   1.9369844e-03   3.7121728e-03
   5.3986789e-08   3.8657031e-03   2.3238194e-03   6.8565785e-05   5.6208469e-25   1.8760931e-03   1.6665787e-33   7.1636602e-04   4.3871927e-04   3.9154169e-03
   5.0411002e-09   4.0281853e-03   2.8969365e-03   1.0559014e-16   1.2856150e-10   1.1309419e-03   4.4658464e-17   5.1479931e-04   1.0267870e-12   4.7326937e-03
   1.3758138e-12   4.2395075e-03   3.9676260e-03   2.4183988e-24   6.8309360e-04   5.2001692e-04   3.1979917e-05   5.7354364e-04   2.9125351e-20   4.5204797e-03
   1.2427984e-10   2.4736334e-03   4.2562588e-03   5.1623957e-32   1.0706369e-03   1.5809216e-03   9.4224623e-37   7.2528300e-04   1.3216290e-21   5.6108106e-03
   8.1811917e-07   1.6496708e-03   3.9343489e-03   1.1869888e-19   3.8743678e-19   2.2278032e-03   1.5423430e-14   8.3105250e-04   3.5798683e-20   6.5919730e-03
   1.1612375e-04   3.1548837e-03   3.4967136e-03   2.2051964e-08   3.8321764e-25   1.4346271e-03   6.5485572e-09   5.0413422e-04   1.1901422e-11   7.8943637e-03
   3.8811398e-04   3.6912212e-03   2.2248085e-03   1.9500735e-13   1.5298923e-16   1.8003870e-03   2.5807874e-03   3.5361467e-04   7.6496876e-04   7.9993697e-03
   3.7396085e-04   3.7560484e-03   2.2911582e-03   1.3447651e-07   5.1024975e-12   1.7748123e-03   1.1017292e-02   3.9298267e-04   1.3269158e-03   7.8576844e-03
   4.1318480e-04   4.4126011e-03   2.5413984e-03   1.5870760e-07   3.7807955e-14   1.3646786e-03   1.3582627e-02   3.8517366e-04   6.8333048e-04   5.1094841e-03
   2.3085371e-04   5.6878410e-03   1.9644942e-03   1.6173338e-02   1.1246646e-09   2.0414442e-03   4.9948171e-03   3.0706142e-04   8.0312321e-04   4.2631220e-03
   3.8809464e-05   2.6330346e-03   2.1544738e-03   3.3389746e-02   3.7339475e-10   4.8394535e-03   8.3797923e-04   5.9782336e-04   2.1902834e-03   4.6219523e-20
   1.1232071e-04   7.3841733e-03   2.8329359e-03   1.6798426e-02   2.3822473e-17   3.3677409e-03   2.6946640e-07   6.4282046e-04   8.0433295e-04   2.3654247e-64
   1.9026463e-05   7.4909597e-03   2.3464603e-03   1.0690073e-02   1.4349934e-10   5.9136714e-03   5.6597084e-19   6.6503919e-04   1.3977676e-08   5.5459129e-48
   3.9062307e-06   3.2078248e-03   3.5529885e-03   1.8399254e-02   1.3502981e-10   6.5840899e-03   2.1396284e-35   6.7474485e-04   6.8820752e-16   6.0676373e-45
   8.6808992e-05   4.4547714e-03   5.4452056e-03   7.9300318e-03   5.3089250e-09   4.2529599e-03   9.8991436e-26   4.3773776e-04   7.5852170e-22   1.1603902e-42
   2.5039662e-07   8.3945559e-03   6.4329631e-03   7.5642171e-10   5.0336360e-06   1.5005521e-03   1.7460091e-34   5.5543947e-04   5.5106854e-28   1.7865452e-31
   2.7648946e-06   8.2210531e-03   6.0940849e-03   1.3446216e-08   1.3523351e-06   7.2203157e-04   9.9209637e-18   5.4235694e-04   7.4201023e-18   4.8978746e-71
   1.5233439e-04   9.2733758e-03   5.0799948e-03   4.3655007e-05   7.9940501e-11   5.9596157e-04   5.5197315e-04   4.9678814e-04   1.9991534e-10   5.2474630e-26
   7.2813788e-04   1.1144843e-02   4.3501701e-03   2.7547726e-07   8.4520659e-16   2.1323816e-08   2.5421287e-08   4.3299429e-04   1.1667417e-03   1.6475562e-34
   1.2382993e-03   1.0208015e-02   3.5845614e-03   1.0440712e-08   6.6481210e-17   9.6063347e-10   9.4646268e-05   6.4612312e-04   1.7952908e-03   9.1257875e-37
   1.7698212e-03   7.9913493e-03   2.9788479e-03   2.4760802e-10   1.8072243e-15   1.7632586e-04   1.0806017e-03   7.8020661e-04   3.3468838e-03   1.8858356e-40
   1.9692307e-03   7.1836513e-03   2.5346427e-03   1.2112418e-10   1.3350526e-07   4.4694026e-05   2.2686695e-03   8.7927125e-04   5.8636654e-03   4.2725611e-51
   1.5215920e-03   8.2491972e-03   2.1807379e-03   2.6986078e-14   1.8810138e-05   1.6648927e-05   1.5657336e-02   8.9002606e-04   5.4055939e-03   7.7937345e-67
   7.7280621e-04   9.4836586e-03   1.6903438e-03   2.6485824e-03   1.7916997e-05   8.6656262e-05   1.6739271e-02   7.2035414e-04   2.2396888e-03   4.8954253e-77
   7.4671666e-04   8.4881716e-03   1.6691016e-03   1.7003045e-03   4.0263240e-20   5.7676698e-05   5.0124420e-03   5.9108064e-04   1.8793428e-04  8.1688219e-104
   7.5263837e-04   5.3349758e-03   1.4400296e-03   8.3665412e-15   2.7861246e-09   1.2221328e-03   4.5710144e-04   1.6135406e-03   1.0942959e-03   3.7445250e-77
   1.1339262e-03   5.3857037e-03   1.6634263e-03   9.8109037e-19   2.0784791e-03   5.2447112e-04   1.5568838e-03   1.6863823e-03   1.5530913e-03   2.2391878e-55
   9.1931698e-04   4.4973812e-03   2.5739845e-03   2.3128695e-16   1.3336596e-09   9.7081732e-04   1.2938199e-03   1.8292537e-03   1.3876634e-03   1.0014216e-67
   7.0860078e-04   5.3836840e-03   3.3106838e-03   1.2339011e-16   1.2477612e-13   2.9969351e-04   1.1911770e-03   1.3006247e-03   2.7293437e-03   1.7718513e-54
   2.4053661e-04   7.0462956e-03   3.2649950e-03   1.2449760e-22   7.8609724e-06   1.0463452e-08   7.8351430e-08   1.4014354e-03   2.7503675e-03   1.1254597e-37
   1.3609705e-03   6.1729834e-03   1.8852955e-03   5.7309511e-28   3.2198772e-07   1.6865524e-05   5.3411414e-05   9.8869697e-04   3.9395468e-03   8.2522482e-36
   1.2322795e-03   3.8743515e-03   1.8169357e-03   1.7075690e-26   5.9087883e-22   2.3366143e-07   7.3681012e-13   1.3846417e-03   4.8523868e-03   6.4956497e-32
   9.5224045e-04   5.5736218e-03   1.4081421e-03   1.1074463e-22   1.1228794e-08   4.9052968e-13   8.4946107e-10   1.3324177e-03   3.4451050e-03   8.2453497e-51
   1.6941146e-04   5.7118019e-03   1.3032087e-03   4.7260743e-15   5.3528924e-04   2.4201835e-09   4.1899295e-09   1.5389863e-03   3.5877762e-03   2.1768293e-58
   3.0404844e-04   7.5301253e-03   1.0000967e-03   8.0811840e-14   6.9176746e-04   9.0291321e-10   7.7739721e-18   1.1102122e-03   4.1498224e-03   1.1788750e-59
   2.0073147e-04   5.4808771e-03   9.4150683e-04   5.9025528e-11   2.9123125e-03   9.2834514e-10   2.8655270e-14   1.2924029e-03   6.1422561e-03   2.1439706e-91
   6.0301595e-04   6.5176797e-03   8.3819888e-04   3.2350725e-18   6.0181987e-05   3.3981448e-10   1.0825817e-26   1.2765817e-03   3.5513525e-03   5.4829872e-88
   9.5376217e-04   4.4279064e-03   8.6933709e-04   2.4418835e-11   4.9265835e-23   4.5080936e-07   2.1325529e-03   1.8371536e-03   3.2689097e-03   7.4264142e-43
   1.0655986e-03   3.6822275e-03   7.7044603e-04   5.7131404e-03   1.1888704e-26   1.4922865e-07   4.3589321e-03   1.6980457e-03   4.1598733e-03   8.4238347e-37
   1.1034660e-04   5.8834652e-03   7.7904802e-04   3.8123315e-03   1.8892855e-30   4.5249597e-06   2.3700424e-03   1.4340708e-03   3.0656907e-03   7.8533544e-43
   2.4490095e-04   4.2895762e-03   1.2445229e-03   7.2903814e-08   8.7007283e-38   8.7224877e-08   8.0649435e-21   1.9208197e-03   3.3113253e-03   8.3730310e-21
   2.4938815e-04   5.8115965e-03   1.4041278e-03   1.1212470e-08   2.2672611e-18   3.5166328e-08   1.1755531e-23   1.4969689e-03   1.4101615e-03   1.4290118e-26
   3.0718364e-04   5.7374930e-03   1.3894989e-03   3.0903601e-10   5.1134256e-04   8.1762681e-07   1.0482467e-17   1.3362644e-03   1.3584848e-03   3.4083180e-28
   3.5993520e-04   6.8262280e-03   1.2789042e-03   1.2945212e-04   9.0851498e-05   1.9764401e-07   3.8025580e-50   1.4298594e-03   1.2002129e-03   4.9958469e-31
   4.1286120e-04   6.3138067e-03   1.1407628e-03   1.6158954e-04   1.7494160e-04   1.1897397e-09   1.6564431e-48   1.4423285e-03   1.7161337e-03   9.6789999e-29
   3.8617211e-04   5.2643413e-03   7.4187076e-04   1.4558984e-05   2.4614038e-10   5.5690759e-07   1.7920639e-18   1.4179174e-03   1.7994283e-03   2.0194430e-41
   1.5807492e-04   9.7246848e-03   4.7378809e-04   1.4029802e-08   5.0525748e-08   6.2546237e-07   5.8057833e-32   1.2657354e-03   8.3410770e-05   9.7428484e-38
   5.5321969e-04   1.2296116e-02   4.6031322e-04   1.6897041e-08   2.3242634e-03   6.9241250e-14   1.9786739e-38   1.2335007e-03   5.6740704e-09   2.2862252e-85
   4.7010791e-04   7.0524316e-03   5.8787279e-04   7.2573349e-05   9.9515040e-03   1.0489574e-05   9.8295411e-26   1.0731831e-03   1.0810516e-03   7.8044819e-40
   2.1600634e-04   8.0399935e-03   4.0711153e-04   7.1125624e-04   1.6721293e-04   2.2432822e-04   1.1021033e-39   1.9142434e-03   2.0565999e-05   1.2897849e-51
   4.7635122e-04   7.6128469e-03   4.3468513e-04   1.7972534e-03   4.5404765e-07   2.7697329e-07   8.9580946e-20   2.1071168e-03   3.6843857e-06   6.6310436e-13
   1.7121623e-04   7.0787650e-03   5.8822273e-04   2.1724595e-05   3.2447279e-03   2.7621740e-05   5.8494814e-27   1.3989434e-03   1.2748147e-06   6.8279829e-26
   1.7315500e-04   6.0195274e-03   3.3429838e-04   2.4900672e-03   4.9419322e-03   1.1078630e-03   1.1183250e-03   9.8780900e-04   2.2248867e-09   7.2066900e-15
   2.3925011e-04   5.9693451e-03   4.4796826e-04   1.5842525e-04   1.8477831e-03   6.5513862e-04   1.4352326e-03   1.1111256e-03   2.5536349e-07   4.2571307e-10
   2.9291753e-04   6.3216113e-03   4.7678577e-04   2.7147383e-04   9.2556989e-03   6.5307355e-04   4.9835707e-04   9.2617888e-04   3.7372275e-14   3.0842857e-03
   2.8439518e-04   8.4254826e-03   6.6169412e-04   1.8197931e-03   9.1933085e-03   2.1522643e-04   4.0590021e-13   5.8215315e-04   1.2408189e-18   6.2275431e-03
   2.7429829e-04   1.1802333e-02   5.2169548e-04   4.2685012e-04   1.9084292e-02   3.7377731e-07   1.1623200e-32   6.3758476e-04   5.6218954e-16   5.9277060e-03
   4.0384592e-04   7.2562256e-03   5.7369257e-04   1.6004356e-04   3.8734411e-02   3.8299467e-04   6.3957818e-31   6.8112247e-04   8.3397188e-06   6.4579044e-03
   4.9176048e-04   9.7371016e-03   3.7947952e-04   1.8021532e-12   2.6437706e-02   4.9122362e-04   2.4305867e-39   6.8885867e-04   7.3350713e-05   6.2814037e-03
   4.7544358e-04   9.5617337e-03   1.6720206e-04   1.7668412e-14   2.2453955e-02   7.3431266e-04   1.2558885e-26   6.3489643e-04   3.7848665e-08   4.3393139e-03
   4.4986315e-04   9.2720767e-03   2.5666978e-04   9.9931162e-06   1.4974351e-02   6.6722085e-04   2.7782589e-20   8.4955491e-04   1.5704808e-19   4.9027828e-03
   3.9308744e-04   9.0477200e-03   2.4106485e-04   1.1719040e-11   7.1191216e-03   3.4486896e-04   1.7696529e-21   5.4867148e-04   1.1433155e-18   2.8452714e-03
   3.8584139e-04   6.4708795e-03   1.5434496e-04   4.8428346e-22   9.4216218e-03   5.8841097e-04   1.3147568e-09   5.6921826e-04   3.0871642e-15   2.7879008e-03
   4.3934851e-04   5.6774935e-03   1.7879505e-04   9.8540075e-04   8.0814340e-03   5.0952596e-04   3.3490213e-04   7.1864448e-04   6.3372664e-14   6.1460796e-10
   3.9432243e-04   4.2625105e-03   1.6056661e-04   4.1321788e-03   1.4301405e-02   6.5549377e-04   2.3169094e-32   8.6850426e-04   4.0186083e-08   1.4384548e-03
   3.5831485e-04   6.5495798e-03   1.5688379e-04   2.3359043e-05   1.3056653e-02   3.3191880e-04   2.6220924e-04   8.4050188e-04   1.9303140e-04   2.4396423e-04
   3.2435055e-04   7.8972889e-03   1.3096170e-04   1.4918615e-24   6.9104400e-03   3.0391472e-04   5.6379832e-04   6.1708692e-04   7.0924580e-06   4.2485064e-05
   2.8560459e-04   6.6251945e-03   2.8872940e-04   1.7629640e-17   1.9515220e-02   6.8445998e-05   1.9703757e-03   5.5766179e-04   7.5191054e-10   3.0455094e-21
   3.5943588e-04   5.8854766e-03   3.2882742e-04   1.5973201e-26   2.5400966e-02   5.1861382e-05   4.4558834e-03   5.2119787e-04   3.9543133e-09   2.8987472e-18
   4.0425190e-04   6.0289569e-03   2.2421405e-04   1.2274279e-11   2.8351963e-02   9.4421150e-05   3.7759829e-03   4.6329673e-04   1.2327762e-06   2.3611890e-29
   5.0142925e-04   5.5734322e-03   2.2948118e-04   3.5366718e-12   4.3614668e-02   3.0092733e-05   8.9865441e-04   4.5025985e-04   9.0310603e-06   6.1555808e-22
   7.1529531e-04   6.3439662e-03   1.9508342e-04   3.3086455e-08   3.3513144e-02   6.2034798e-10   4.4620306e-21   4.7706436e-04   4.1772480e-10   1.3947312e-05
   2.8557610e-04   7.7196683e-03   1.3296929e-04   9.6242911e-20   1.3417999e-02   2.3937344e-10   8.2587970e-32   3.4571624e-04   4.5967012e-16   9.4452847e-04
   7.1848328e-04   8.6146750e-03   2.9271760e-05   1.0211969e-36   5.4440967e-03   2.4704267e-08   1.1707739e-33   6.8015809e-04   4.1972697e-19   2.1202757e-03
   7.8725869e-04   7.7894018e-03   3.0117937e-06   2.9715796e-15   2.7133305e-02   9.1742530e-06   7.6277883e-22   8.9013944e-04   1.3210410e-20   9.7589364e-04
   7.2295979e-04   6.7419350e-03   2.9115989e-05   9.5214727e-12   2.2840576e-02   8.4630104e-05   1.2316727e-05   1.0906712e-03   3.0978830e-24   1.8453639e-03
   3.8483022e-04   6.4475522e-03   1.0663792e-04   5.0709408e-09   1.4815104e-02   2.7876109e-05   3.8277852e-05   9.7368925e-04   2.5373198e-30   2.4610148e-03
   5.5302343e-04   4.4221031e-03   1.0048882e-04   6.7410005e-06   8.1042593e-03   2.0596501e-04   5.2933965e-04   7.2739390e-04   2.1011109e-22   3.4330347e-03
   4.8314821e-04   5.9030873e-03   1.2490506e-04   2.1626884e-04   1.4692957e-02   2.1375583e-04   1.3222327e-08   7.3659237e-04   2.4567592e-30   3.4410223e-03
   4.7798873e-04   9.0902083e-03   3.5314319e-05   3.1891809e-06   1.6488214e-02   3.2724960e-06   9.3951028e-24   6.2971910e-04   1.1062303e-32   3.1609254e-03
   9.9021542e-04   7.0051229e-03   9.0049044e-05   1.1658472e-09   1.2891804e-02   3.0498554e-05   8.9405504e-18   8.5412144e-04   1.8292916e-23   3.0426642e-03
   1.1698955e-03   5.2841118e-03   2.1251888e-04   1.7564099e-19   1.0868573e-02   1.3472998e-06   1.1920860e-11   9.4065909e-04   1.0220547e-24   1.3152186e-03
   7.8171289e-04   7.4654009e-03   7.1167892e-05   5.3647643e-29   2.5762599e-02   2.4695110e-09   6.4541727e-04   1.0731630e-03   2.5615641e-30   1.2602651e-03
   7.8077505e-04   7.7192624e-03   8.4726005e-05   7.6577937e-15   2.4232164e-02   3.4295870e-06   3.0592896e-03   1.1768170e-03   1.3807973e-38   4.5622057e-09
   5.0698028e-04   5.7583160e-03   2.1153944e-04   9.1117165e-22   1.6940550e-02   3.6636172e-05   3.8123510e-03   1.0300607e-03   2.0373836e-46   2.9449188e-04
   4.4332871e-04   3.7215617e-03   2.8779578e-04   8.6616481e-15   2.5521184e-02   3.6949718e-04   1.3088318e-03   8.5839195e-04   1.0785777e-38   4.9538481e-22
   3.5411996e-04   6.6503358e-03   3.1012996e-04   1.4979759e-16   1.7465312e-02   4.9906132e-04   3.0705766e-10   7.4479409e-04   7.7185283e-34   1.3718531e-03
   3.7109843e-04   6.5863553e-03   3.9427640e-04   3.6482401e-13   1.1078936e-02   3.6875843e-04   1.1800808e-21   6.8562970e-04   1.5702714e-38   1.8519461e-03
   4.6673129e-05   6.1365549e-03   2.4185999e-04   3.1410652e-12   2.0994551e-02   2.7776171e-04   2.6652336e-47   9.1032358e-04   2.8407489e-29   4.6247637e-15
   1.3692354e-04   7.8551146e-03   2.0025925e-04   7.1745312e-09   4.0419658e-03   4.3844377e-04   1.9275240e-54   1.2400176e-03   2.3795975e-29   3.3091541e-03
   1.9977384e-04   6.0217373e-03   3.2572750e-04   1.0800913e-11   1.1209458e-02   3.5261236e-04   1.0118509e-32   1.6027004e-03   1.5569168e-37   2.3071738e-03
   5.6587790e-05   5.7944534e-03   3.7877481e-04   6.3164243e-12   2.6305170e-02   1.5993943e-05   2.7106395e-36   1.3543799e-03   1.1504850e-28   1.1598865e-03
   6.5316754e-05   6.9452626e-03   4.1432154e-04   4.1284686e-05   1.0951348e-02   1.0006309e-05   2.5274774e-53   1.1864277e-03   1.0313475e-28   2.5032078e-03
   8.5081209e-05   4.9379741e-03   8.5731522e-04   6.8589920e-04   1.3898135e-02   5.6227384e-05   4.6153220e-44   8.5835979e-04   3.8271095e-34   2.0077152e-03
   9.2058833e-05   5.0078803e-03   7.7496443e-04   1.7094903e-08   3.6348234e-03   1.1906522e-05   1.8187004e-30   1.2594868e-03   2.2348618e-27   3.1337966e-03
   7.4125572e-05   3.5919027e-03   7.1023729e-04   4.8189347e-06   2.2758500e-02   4.2588397e-05   3.2630516e-20   1.1986808e-03   6.4444920e-29   2.3094714e-03
   4.4250903e-05   2.8267191e-03   5.6172243e-04   3.7913400e-03   1.8893911e-02   1.4945625e-04   9.8007690e-12   1.4556174e-03   4.8254726e-40   2.2841951e-16
   2.5246201e-05   2.1590797e-03   5.0365142e-04   2.1033204e-04   7.0996684e-03   7.6975702e-05   6.3404940e-34   2.0937529e-03   8.6854946e-35   1.9185128e-03
   2.2922132e-06   3.2865299e-03   3.1348400e-04   4.6086796e-08   9.7322214e-03   1.1441422e-04   7.8174923e-04   2.6000194e-03   1.5745740e-24   3.1265490e-04
   1.4726767e-07   6.0344956e-03   3.3668205e-04   3.4360314e-03   9.0204625e-03   1.5715487e-08   1.1590958e-03   2.1002259e-03   7.3873626e-29   4.1104673e-19
   8.5389182e-09   6.7551170e-03   3.5439931e-04   8.1881503e-04   9.4140792e-03   9.4641082e-10   1.8232172e-05   2.0819238e-03   5.6504192e-23   2.3062822e-48
   2.0928783e-08   9.4271657e-03   2.1065784e-04   7.4863599e-06   6.5145485e-03   1.2610312e-15   8.2988751e-16   1.4734544e-03   5.2641437e-21   6.9904785e-61
   1.0004629e-05   8.2520082e-03   1.7495323e-04   7.0492045e-11   6.3916882e-03   3.0966731e-14   2.7702285e-20   1.4421568e-03   3.9213176e-35   3.9891743e-70
   1.1937986e-05   6.2781286e-03   2.4743952e-04   1.8482031e-05   2.2989612e-03   1.1587123e-23   3.3941937e-44   2.0641331e-03   5.2934915e-19   1.2092850e-41
   5.1808073e-06   5.6949495e-03   2.9232413e-04   2.1573956e-14   8.1435728e-03   7.5853653e-24   1.1329361e-32   2.1958421e-03   3.1971400e-09   8.0445084e-45
   3.3139603e-07   5.7658114e-03   3.8248802e-04   2.0785687e-07   5.3149724e-03   3.3249539e-24   5.4478577e-29   1.8769719e-03   2.9662451e-09   6.2169274e-55
   1.3484659e-05   3.7939235e-03   4.4501548e-04   3.6821152e-04   3.7746463e-03   1.2463810e-06   1.5157137e-40   2.4125576e-03   3.5105314e-12   4.0622795e-09
   3.1276743e-05   3.5301095e-03   4.5140230e-04   4.9797023e-13   9.8699271e-03   1.4528127e-08   4.3786042e-34   1.8330600e-03   8.7187877e-20   3.0505972e-40
   2.0722619e-05   3.2657480e-03   6.9334324e-04   6.6943516e-07   4.2042496e-03   6.7641206e-11   1.7957149e-54   1.7341586e-03   1.0702645e-25   1.3710226e-21
   3.2667964e-05   2.0943444e-03   4.8853265e-04   6.1799700e-03   6.5093705e-12   2.8281498e-05   4.2609375e-29   2.7239358e-03   4.1811364e-23   4.6276047e-04
   3.7226919e-07   2.4665841e-03   2.8047236e-04   5.8142344e-03   8.2882457e-12   3.4767528e-05   6.9293408e-17   2.8994326e-03   9.5773307e-22   4.0141422e-04
   1.3093914e-06   4.2322079e-03   3.8335956e-04   1.8072766e-03   3.1066526e-08   3.5851241e-07   1.1790906e-24   2.3786649e-03   3.0575616e-25   3.4377660e-04
   1.2776347e-05   5.3523981e-03   3.3057561e-04   3.9626544e-09   2.1335569e-04   2.0910887e-06   1.2386207e-12   1.5598248e-03   2.2580645e-25   5.0663208e-04
   1.6581027e-05   4.8645229e-03   2.0549525e-04   3.5179602e-18   1.8658751e-03   3.8590331e-07   2.7877892e-10   2.5345976e-03   1.4486643e-15   3.4106952e-09
   1.2786164e-05   3.5771474e-03   2.1317816e-04   7.1172769e-06   8.4586239e-04   2.8004779e-05   2.8299407e-12   2.4042866e-03   5.0748559e-17   3.2376787e-04
   1.0700452e-05   2.1629981e-03   2.5989030e-04   2.5739801e-04   1.4453407e-09   1.5373510e-08   2.9849715e-07   2.5727171e-03   6.8037413e-19   8.3189356e-04
   3.9416977e-05   2.1239140e-03   2.2257959e-04   8.2248794e-08   8.1793280e-04   1.9083056e-06   3.2946475e-29   2.6109980e-03   5.9207028e-08   6.5474515e-04
   2.8746288e-05   2.5875374e-03   2.3972467e-04   3.9044392e-13   3.5745872e-03   2.5855315e-06   3.9603340e-47   2.8112043e-03   6.8363192e-10   2.5242599e-04
   7.3034865e-05   4.8974397e-03   1.8356729e-04   2.6961304e-20   8.2912498e-03   6.0503879e-19   2.4789321e-61   2.1172995e-03   1.0900135e-14   7.3482011e-21
   2.8505385e-05   3.1844669e-03   3.2511523e-04   7.5881232e-09   8.4820961e-06   1.5554149e-18   4.0212503e-51   1.9013063e-03   2.9044119e-20   1.4886704e-35
   1.4502898e-06   3.1219147e-03   3.1424334e-04   9.7026094e-04   4.4151124e-03   1.4982781e-12   8.2417301e-70   2.1783885e-03   1.4433850e-17   1.7468827e-10
   1.0398429e-06   4.4905160e-03   4.8156167e-04   2.3044343e-04   4.2385524e-03   3.2898096e-16   3.8035982e-67   2.2311009e-03   1.0762618e-25   2.0948713e-05
   1.5892716e-06   4.5060739e-03   4.3151958e-04   3.3476184e-08   9.0964238e-03   5.0243532e-23   1.8559003e-68   2.0306308e-03   1.7435033e-21   1.5469893e-24
   4.4136605e-05   3.5550260e-03   2.8709190e-04   2.0481477e-20   6.1000924e-03   2.8313329e-14   1.1191984e-51   2.2725292e-03   4.8739055e-18   5.4056907e-09
   3.9047160e-06   2.4471497e-03   3.4977335e-04   1.5735737e-22   3.2273433e-04   1.2410809e-05   4.7848312e-21   2.5805584e-03   2.3135084e-09   7.3952500e-04
   3.5506370e-05   2.4916249e-03   3.3527559e-04   1.3727710e-24   8.8104346e-07   1.7090990e-08   8.0117625e-11   2.4583685e-03   9.5776166e-10   4.0045833e-04
   2.2914740e-04   2.1592999e-03   2.2618059e-04   1.3090713e-24   5.3638615e-03   2.0841061e-05   5.7077792e-12   2.8935181e-03   1.8422200e-07   5.2606164e-04
   1.7525488e-04   1.8772002e-03   2.3720931e-04   2.3358440e-21   5.1474755e-03   6.1732253e-05   2.6824516e-16   2.0234725e-03   8.8128229e-05   6.4641985e-04
   1.3758601e-04   2.4630440e-03   1.6033162e-04   3.0360634e-25   3.0119836e-03   1.5048396e-06   4.6931808e-04   2.6693483e-03   2.0306648e-05   1.1089612e-16
   2.1621867e-04   2.2930384e-03   1.8564724e-04   5.0646256e-23   3.5678785e-03   2.4353181e-06   1.0184798e-03   2.9217184e-03   1.7773474e-08   1.1331998e-27
   4.9327227e-04   2.6346893e-03   1.0216471e-07   8.2180459e-19   1.8779473e-04   6.7222484e-07   1.0805983e-04   3.4304148e-03   5.8094753e-14   2.5082340e-04
   3.5278719e-04   2.4505341e-03   1.0181779e-04   1.7992495e-21   4.5875591e-17   1.7953286e-07   5.0149543e-30   3.4556899e-03   1.6528139e-21   1.7442981e-04
   1.8795003e-04   4.1060931e-03   1.0364691e-04   1.0008359e-23   2.7590929e-04   4.5322856e-14   1.2590977e-22   3.1274036e-03   1.2021592e-25   4.9870293e-05
   3.1553090e-05   2.9023284e-03   9.5524839e-05   5.8109435e-19   7.2960822e-04   1.0151783e-13   1.3667147e-07   3.2336254e-03   1.2628153e-19   4.4267377e-04
   7.1804421e-05   1.3992722e-03   1.3005982e-04   3.8894803e-30   3.9600365e-03   3.2146217e-06   6.4832409e-16   2.9545010e-03   8.8759200e-14   2.9087171e-19
   1.2421823e-04   1.4267992e-03   1.4059681e-04   1.0234460e-24   8.8470475e-03   5.3510249e-05   3.3965864e-22   3.6274868e-03   2.1488484e-12   5.6198014e-05
   6.2641294e-05   6.7316265e-04   1.0963467e-04   2.7306792e-23   4.6714246e-03   7.4210670e-11   1.3252188e-08   4.2309758e-03   1.8659794e-14   7.8281089e-04
   1.2350698e-04   9.5062983e-04   1.1465525e-04   7.2707004e-18   3.5500721e-03   1.5241310e-04   1.8801249e-12   3.1085134e-03   3.3121334e-13   1.5131973e-20
   2.0878886e-04   1.1382252e-03   9.1714038e-05   6.4892646e-23   1.0172797e-03   8.3824690e-05   2.6889707e-22   2.9548847e-03   2.2079010e-13   5.1750026e-04
   2.0902196e-04   5.3700960e-04   1.5566211e-04   8.5447112e-20   4.1050542e-27   1.4853006e-04   4.1614261e-04   3.0736866e-03   1.5274793e-04   1.3804717e-03
   1.1282912e-04   1.6031349e-03   6.9902135e-05   1.9031686e-14   9.3256982e-11   2.3386336e-04   1.0126780e-03   2.9999924e-03   2.6342333e-12   1.0573838e-03
   9.7772321e-05   1.5837566e-03   1.2799512e-04   8.1567250e-10   3.2191055e-03   9.9877374e-05   1.6390522e-03   3.1621856e-03   3.3061217e-24   8.9270578e-04
   7.4632500e-05   7.7545633e-04   6.9668740e-05   1.7651329e-16   1.3014806e-03   1.2611172e-06   1.8528337e-03   3.6999858e-03   3.8288690e-20   1.7436275e-03
   7.9120491e-05   1.2819027e-03   7.6599028e-05   1.7190851e-21   4.7197484e-06   5.4335234e-05   2.8357915e-03   2.5737443e-03   1.5880960e-14   2.0666919e-03
   8.8061081e-06   7.6220214e-04   1.0122626e-04   1.9591388e-37   3.0289583e-10   3.1354056e-04   4.5562364e-03   3.1914381e-03   9.0684678e-15   1.7387987e-03
   6.4407809e-05   4.6055417e-04   8.4187275e-05   6.4872742e-35   1.3074677e-12   4.7341776e-04   2.7560791e-03   3.6916017e-03   4.2066431e-16   1.0551545e-03
   1.8547981e-05   1.0804709e-03   8.5820410e-05   3.0138432e-33   7.7145070e-26   4.2252165e-04   3.2487748e-04   3.4717981e-03   6.6648721e-05   1.0349760e-03
   4.4319098e-05   8.2797270e-04   1.4457123e-04   1.6626254e-35   1.0705309e-15   3.3811733e-04   4.6109660e-11   3.6524640e-03   3.9185478e-11   1.4084116e-03
   6.7095065e-05   1.1142731e-03   1.1166634e-04   8.3749858e-19   7.5475052e-22   3.0081310e-04   5.7657877e-18   3.4830725e-03   9.8317994e-11   8.6186905e-04
   9.0268115e-06   2.6423167e-04   1.3419519e-04   9.0530958e-09   4.3191362e-22   1.2698229e-04   3.0810437e-15   4.4082667e-03   1.4381422e-08   5.4047261e-07
   1.6524758e-06   2.0179551e-05   7.3894806e-05   5.9800291e-09   5.9973043e-19   4.6619100e-06   5.2587177e-19   5.1325613e-03   4.7943841e-05   2.6602160e-04
   7.5984910e-06   5.8761577e-04   1.0845622e-04   1.4112031e-16   1.0657725e-08   3.9672511e-07   1.9700017e-10   4.3102300e-03   2.7892912e-10   3.8237878e-04
   4.4072761e-06   3.8092741e-04   1.3114345e-04   6.3133463e-12   2.4701775e-12   1.2458458e-07   3.4498537e-17   4.4256435e-03   2.6391198e-09   2.9112559e-10
   7.7753720e-05   2.0449928e-05   8.3942410e-05   5.8273051e-07   3.5189027e-18   1.0269878e-08   4.8523884e-05   5.6135588e-03   4.5068835e-06   3.5628242e-30
   9.0187912e-05   1.9806963e-04   4.0446274e-05   6.1616970e-13   2.4330751e-09   4.0747201e-10   1.1122528e-05   5.4577537e-03   2.1676912e-04   2.7062644e-18
   6.2962438e-05   1.8733691e-03   1.7443496e-04   8.9693774e-13   2.8160938e-07   6.0197525e-07   1.8918909e-04   3.6831273e-03   9.1974532e-10   1.6272776e-21
   8.8090747e-05   3.0110172e-03   1.1306643e-04   7.7345187e-24   4.6634720e-05   2.2411706e-09   4.4456782e-04   3.2312409e-03   2.3390997e-09   4.1693104e-51
   2.5287670e-05   1.5359040e-03   2.3837759e-04   6.3706006e-11   1.3439286e-12   5.5564249e-06   1.8574413e-04   3.5020340e-03   1.6450184e-09   6.9432829e-18
   8.7794651e-06   1.9481824e-03   2.3859732e-04   3.0460460e-11   2.1162832e-10   5.5956745e-09   2.5268512e-03   3.6815252e-03   1.4932739e-09   8.1686242e-19
   3.3798084e-05   2.7456512e-03   2.2336361e-04   1.3779807e-29   3.8485946e-05   1.6353390e-11   2.7799110e-03   3.3088365e-03   1.3073079e-16   1.0475528e-47
   2.4503495e-05   2.7062909e-03   2.3154859e-04   4.4604618e-21   3.2458846e-04   1.2869296e-08   1.4632135e-03   3.6147808e-03   2.1894378e-15   2.1598630e-51
   5.8438756e-07   5.2135393e-04   3.2697794e-04   1.6322030e-04   8.1083321e-10   2.6367157e-07   3.3780910e-04   4.7578828e-03   9.4547684e-08   1.2316003e-23
   3.1733114e-08   4.4507595e-05   4.6919803e-04   1.1483022e-03   2.1238313e-26   3.8785291e-07   1.9364502e-05   4.4821343e-03   1.1450926e-04   1.3444327e-22
   5.1259267e-05   9.0780577e-04   6.4323247e-04   2.2286741e-05   1.1421803e-28   5.6206116e-05   5.7912764e-04   2.6783411e-03   4.5976969e-04   6.7791965e-29
   2.3133066e-04   7.8088283e-04   6.0121658e-04   1.4976318e-03   3.1717125e-19   2.8751968e-04   1.9622924e-04   2.4060012e-03   3.2282516e-04   6.5708166e-30
   3.7230016e-04   1.2973519e-03   4.4557873e-04   3.7460383e-04   8.6596738e-20   3.0178304e-05   9.9171528e-05   2.6113567e-03   1.4606908e-07   1.5495451e-22
   2.5162541e-04   1.3934028e-03   4.9481458e-04   4.3148827e-14   1.3704540e-14   4.7348762e-04   6.6479098e-04   2.1667646e-03   8.4346946e-17   2.3756513e-63
   3.2076503e-04   1.3201280e-03   4.3330423e-04   1.1745542e-12   1.7578493e-10   8.0582191e-04   6.7338813e-04   2.2027509e-03   2.3896031e-21   2.4726044e-53
   2.9746346e-04   1.0484637e-03   3.7671312e-04   2.3960255e-07   2.0732445e-10   6.7988399e-04   1.2181033e-03   2.6368922e-03   1.0171920e-22   4.2338076e-30
   2.5804407e-04   3.8277118e-04   3.7279101e-04   5.7017480e-04   3.9603957e-12   3.7237382e-04   1.0513065e-03   3.3613981e-03   5.5963525e-19   2.4816793e-21
   1.6570409e-04   9.4712360e-04   4.1055014e-04   4.4781976e-08   8.9378365e-13   3.0360360e-04   2.0270388e-16   3.8198324e-03   2.4715578e-23   9.8468523e-39
   7.5832972e-05   1.8793011e-03   6.1649251e-04   8.0657585e-21   2.2413453e-10   4.8513998e-05   2.4626751e-03   3.4692527e-03   9.6316858e-22   3.1519386e-74
   1.0852577e-04   2.9333308e-03   7.1632665e-04   9.8947000e-29   6.0176644e-04   7.2853289e-08   1.5338962e-03   3.3369240e-03   3.1938249e-25   5.5272608e-27
   1.5607534e-04   1.7328814e-03   7.6186978e-04   2.3565867e-31   6.5956393e-08   1.4665702e-07   2.1607231e-03   3.2611651e-03   5.3640882e-17   1.5653065e-18
   8.3310861e-06   7.7076629e-04   7.5517770e-04   4.1557783e-34   9.5165647e-04   9.0896485e-09   4.9563450e-03   4.0953530e-03   1.7767553e-18  1.0334554e-103
   2.8289499e-04   1.8754396e-03   8.6773625e-04   1.6071515e-22   6.2349557e-03   2.3103455e-08   2.8071660e-03   2.5122638e-03   5.2532665e-23   6.4397381e-37
   3.2402514e-04   1.6762133e-03   9.7270985e-04   3.9983888e-24   2.3664158e-03   2.1008983e-05   1.1522781e-03   2.7293905e-03   3.8029662e-30   6.0270391e-34
   2.4552583e-04   4.8214649e-07   1.0775092e-03   1.5056064e-22   1.3102844e-15   1.9360124e-04   2.3553391e-07   4.0120592e-03   7.2708076e-25   3.8672344e-23
   2.8188251e-04   5.9518676e-04   8.6006829e-04   7.1178908e-04   7.1765653e-09   1.1153208e-04   1.6097307e-04   4.3424021e-03   1.1972929e-20   2.9603882e-54
   3.1574473e-04   1.9844996e-03   7.0618211e-04   5.3391198e-04   6.7212019e-10   4.9735882e-05   9.9860092e-04   2.5826288e-03   3.1214723e-23   5.9484860e-21
   1.8244189e-04   2.8493850e-06   7.5777097e-04   1.4611795e-11   4.6157722e-08   8.5198253e-05   9.0907142e-04   4.2854331e-03   9.7227524e-18   3.5950251e-33
   1.6582703e-04   2.0250192e-05   8.2788287e-04   2.4439210e-08   1.0396767e-09   2.7724908e-04   5.5005801e-04   4.2581505e-03   6.1978330e-18   5.4778400e-27
   1.7353996e-04   1.2896301e-03   6.1036819e-04   5.8154118e-09   4.4165204e-16   3.4362471e-04   1.8229272e-38   4.1969761e-03   6.9897482e-17   4.2019742e-26
   1.3330771e-04   1.2737128e-03   3.4890429e-04   2.5193702e-08   3.0202562e-13   1.2411406e-04   1.1438731e-04   4.5369210e-03   1.9674298e-19   1.1178128e-05
   2.3530413e-06   3.1860221e-09   7.6831817e-04   3.1410666e-22   7.3036908e-22   2.1533314e-06   1.2835686e-04   4.9388493e-03   1.3410198e-24   5.4495197e-39
   4.2278754e-10   3.5507425e-05   1.0582393e-03   8.6626379e-12   1.7221444e-04   2.7641944e-10   1.9508115e-06   4.5662882e-03   2.1232410e-34   4.0348135e-22
   1.6611813e-06   9.9976162e-04   9.9429044e-04   6.9942858e-08   6.5282962e-08   1.8456450e-05   8.8541810e-04   2.8647101e-03   2.6835901e-23   7.0421192e-07
   2.3601814e-05   1.5774955e-03   5.8283304e-04   6.0217145e-20   1.7338462e-06   4.8150728e-05   9.0928785e-04   2.8562861e-03   3.8733377e-19   2.6167055e-06
   2.6022036e-06   1.0082717e-03   6.3189696e-04   3.8253383e-23   2.3646101e-03   3.3853710e-05   2.1982127e-03   4.1210209e-03   1.9153948e-21   9.4658001e-20
   1.4760466e-07   1.3554674e-05   6.3752401e-04   3.3959119e-13   9.5978561e-06   1.4634892e-04   3.0550727e-03   5.0840728e-03   1.1583417e-21   2.4028833e-23
   1.2827998e-05   3.4423895e-11   6.9051463e-04   3.0785030e-17   2.1988420e-27   3.1024225e-04   1.2376286e-03   4.0433740e-03   1.6343852e-17   3.9527431e-06
   9.7976433e-05   2.8153620e-08   7.2693100e-04   1.5580212e-17   5.3432459e-07   2.1731107e-04   7.7795721e-04   3.7715320e-03   7.9921828e-26   7.7182671e-04
   9.5566816e-05   9.2916893e-08   6.9031132e-04   1.1921700e-03   2.0696061e-08   2.7796369e-04   4.4483184e-04   4.1624980e-03   2.1136008e-22   1.4251106e-04
   5.0074738e-06   1.4015550e-08   3.6730577e-04   1.2955695e-03   6.1753537e-13   3.5485088e-04   9.7098779e-05   4.7403738e-03   1.2545872e-17   9.4637428e-10
   7.7208646e-06   1.5076834e-06   5.4215979e-04   6.4316431e-04   5.3216836e-08   5.8107630e-05   3.0477769e-09   4.6434107e-03   4.7857671e-20   4.7890595e-04
   4.8821739e-07   1.7821610e-04   5.3159768e-04   7.4622709e-04   1.0486004e-09   1.6261886e-05   1.0498949e-04   4.2810422e-03   1.4340382e-25   3.4369348e-04
   3.8632284e-07   1.0406758e-04   3.4340845e-04   1.4754000e-03   4.2254358e-06   4.2932769e-04   2.5040039e-14   4.2511462e-03   1.1185656e-19   6.6405979e-23
   7.7522847e-06   3.1375668e-04   4.1316523e-04   7.3080989e-13   7.0459546e-04   3.8418999e-04   7.1828915e-18   4.2983835e-03   1.3503736e-23   2.8360414e-08
   1.5709732e-06   9.3167181e-05   5.6965383e-04   4.5201086e-18   5.2555858e-07   1.8902051e-04   5.2997869e-16   4.5324554e-03   1.9028939e-28   1.6936552e-04
   3.4128034e-07   6.4049046e-06   4.7578070e-04   1.3553897e-03   1.4760843e-07   1.4516952e-04   4.4793837e-20   4.4042608e-03   1.5090242e-24   5.0995620e-16
   6.5987213e-07   4.7882981e-08   4.6311796e-04   1.3182752e-03   5.2200668e-10   2.1857945e-04   2.3600030e-04   4.2504589e-03   4.1508720e-13   9.3852294e-35
   1.3077058e-06   6.6999403e-10   4.2347011e-04   3.1719740e-06   1.1445068e-20   6.1096954e-04   7.8291088e-04   3.3764485e-03   6.3253937e-05   9.3361910e-26
   2.0311571e-06   3.9982386e-08   5.8281851e-04   1.5124907e-08   7.2080231e-20   5.3947284e-04   3.4355631e-04   3.5153354e-03   5.1917874e-10   4.0297912e-29
   4.6719617e-05   1.8670332e-08   5.1245366e-04   5.8696568e-14   9.8396765e-31   3.5458302e-04   3.9992062e-04   3.6705965e-03   2.7747732e-08   7.6339588e-38
   1.6871515e-04   2.6253780e-09   4.7552078e-04   1.0551734e-30   8.2637364e-15   5.4190863e-05   1.1792235e-03   3.7973494e-03   6.4998620e-16   1.1129191e-36
   1.6140887e-04   1.9835671e-13   4.4045438e-04   2.5927186e-29   1.4224549e-15   8.8596962e-08   6.6729087e-04   4.4833517e-03   3.5024890e-25   1.1327262e-04
   1.8877663e-04   1.0703550e-17   2.3780899e-04   1.2277051e-15   2.4139389e-26   6.5349942e-08   1.0460484e-04   4.4933974e-03   2.2380609e-24   2.9891065e-10
   9.5195701e-05   5.0797228e-16   1.1200682e-04   2.1828548e-22   2.8921648e-19   5.7176955e-16   4.8365984e-26   5.6745468e-03   5.8816262e-40   9.9769378e-42
   5.9404625e-05   6.4923891e-16   8.7167056e-05   1.1817723e-17   4.6848867e-16   1.1127126e-20   1.0393129e-33   5.3781990e-03   1.0398759e-30   1.3725410e-43
   9.4695908e-05   7.1238983e-15   7.6199140e-05   8.1573490e-25   2.0592776e-24   1.3388031e-23   2.2717059e-16   4.5644570e-03   1.0418106e-15   6.0950052e-07
   9.9389375e-05   1.2053200e-10   1.1786003e-04   4.6075885e-14   8.6185953e-22   2.1131144e-20   4.2057856e-10   4.6056255e-03   3.9381539e-13   1.5596273e-19
   1.0065433e-04   2.2103065e-09   2.6092649e-04   7.8164550e-08   1.5182020e-25   8.8929835e-13   5.3313353e-19   4.1974801e-03   1.0472438e-10   1.0088836e-35
   1.0875953e-05   5.2401342e-07   3.9758359e-04   2.7274325e-15   3.4063803e-15   8.0349897e-09   4.5856369e-29   3.9129445e-03   2.9917244e-12   8.9539607e-12
   4.6206024e-07   1.7334257e-04   2.3199968e-04   2.8363835e-13   1.5497806e-06   3.5598556e-15   1.9118120e-12   3.8114636e-03   5.1424713e-05   5.5582642e-48
   1.6171294e-07   2.6064596e-09   9.0023574e-05   5.6737156e-33   2.9366558e-11   6.0463837e-10   2.0674042e-14   4.5689601e-03   6.9345833e-05   3.2172525e-30
   5.6721008e-06   4.7771953e-04   2.4357728e-04   2.9394765e-09   1.8014225e-23   4.7346421e-17   5.3783663e-16   3.1172248e-03   1.7571719e-15   3.1439754e-52
   6.6652553e-06   8.9903486e-05   3.2667530e-04   3.9659664e-04   1.8546116e-18   2.4675247e-20   4.0822771e-10   3.5165690e-03   4.4892484e-26   1.3074013e-86
   1.5648298e-10   1.1613851e-07   2.6467558e-04   1.1062206e-12   2.5886921e-10   8.1907881e-17   5.7036828e-25   5.0562275e-03   1.3572697e-28   2.0791078e-38
   9.8153221e-10   4.7288330e-09   3.6306663e-04   6.0816078e-19   1.1401419e-12   1.8762743e-14   7.6876760e-09   4.8005026e-03   2.0907757e-33   2.3822593e-37
   1.1539316e-05   1.7615196e-09   2.0672998e-04   1.7859017e-12   3.3925863e-10   3.2384591e-19   4.0373702e-04   4.6098738e-03   8.6172298e-23   9.2415535e-73
   3.3878794e-05   4.0326470e-08   2.1914610e-04   9.0892808e-13   1.5230522e-10   1.2952824e-14   3.6126282e-05   4.0743033e-03   5.3663345e-18   2.3747982e-34
   7.2608303e-08   5.3225768e-11   1.4597117e-04   9.9403985e-12   8.3508846e-20   1.9675304e-16   1.3075259e-12   4.3926873e-03   1.7522572e-20   8.5054622e-40
   1.2549897e-06   2.7841407e-12   1.3423134e-04   9.1749116e-13   9.5295053e-18   1.8178626e-14   1.4785028e-21   4.1019968e-03   4.4854572e-13   1.5179704e-49
   5.5406454e-05   5.9291793e-05   1.6878224e-04   6.8773071e-23   9.5109774e-05   1.3075103e-13   2.0478944e-25   4.0981782e-03   8.0188628e-13   3.7819106e-55
   1.3170536e-07   3.9438618e-06   2.1478463e-04   3.1622273e-20   6.2347966e-05   1.7918057e-29   3.8257013e-39   4.4243128e-03   1.2580198e-12   1.5848005e-40
   1.1829185e-07   1.8596756e-14   2.2625020e-04   1.2895443e-23   2.2221076e-19   4.5803191e-19   1.4322775e-43   4.6291273e-03   7.3930366e-14   5.7967610e-26
   3.4566118e-06   3.5261499e-21   2.1438581e-04   2.3502126e-40   5.7208830e-26   4.2545973e-21   7.2262588e-38   4.8816069e-03   3.9499413e-24   6.7953910e-23
   1.6179450e-05   1.2538612e-15   1.3446581e-04   3.2523815e-29   2.9977497e-20   2.0737973e-26   7.3625138e-39   4.5941126e-03   4.1222597e-25   1.5788362e-14
   4.0294768e-07   3.7561830e-08   1.8290908e-04   2.9079416e-13   4.2252207e-14   3.8997044e-27   1.3992961e-27   3.4737884e-03   3.6798752e-14   3.1174345e-20
   4.3881305e-05   2.4146934e-07   1.0127681e-04   2.8810180e-10   1.6530171e-07   1.8797107e-29   2.7234324e-50   4.6693773e-03   2.0546320e-28   9.1027850e-30
   1.2714579e-04   5.3832890e-05   9.1070672e-05   1.8978615e-04   1.3642950e-07   2.0509978e-26   3.7346790e-31   4.5719880e-03   1.4979989e-34   1.0021690e-23
   1.5093382e-04   2.0618513e-04   1.8152462e-04   2.6979695e-06   8.4920620e-05   3.0928370e-24   1.0343032e-24   3.9397494e-03   5.7017389e-30   2.2608185e-46
   1.2581969e-04   5.2247095e-06   1.8793682e-06   5.7585439e-08   7.7123074e-09   1.5502788e-26   6.6074741e-24   5.5762151e-03   4.3161727e-26   9.7966046e-48
   1.1067315e-04   1.4404708e-05   2.0023308e-08   4.0301041e-04   5.7812245e-12   3.5885677e-23   6.8261726e-08   4.4320337e-03   1.7527468e-19   2.4960015e-32
   1.1208977e-05   4.3644856e-09   3.0090404e-05   5.3531197e-06   5.1553390e-11   1.3494298e-18   3.5300894e-06   4.3022197e-03   2.1857171e-09   1.3705254e-40
   3.9943987e-05   2.6069393e-07   5.0192328e-05   1.3664392e-14   5.0737653e-15   5.2898574e-11   1.1124310e-08   4.0420721e-03   5.9911090e-07   4.4309285e-45
   9.2120085e-05   1.0855738e-03   4.5346690e-09   6.3369005e-18   8.5806611e-06   4.9750322e-08   1.2968432e-04   2.4046365e-03   4.3161394e-21   6.3171860e-43
   5.9258125e-05   1.8600229e-05   3.4590719e-05   2.5665283e-19   4.2056794e-04   5.5174914e-10   1.6914431e-32   3.6721337e-03   6.2653612e-13   2.3594056e-19
   9.4892225e-05   1.3232634e-04   1.3256725e-04   4.6596989e-26   1.4408964e-03   2.9160338e-12   3.1959710e-26   3.0935889e-03   1.0653978e-16   2.6460790e-43
   1.2504193e-04   2.2684537e-12   6.7743276e-15   5.7223235e-20   1.2131611e-07   1.2779130e-17   9.3398320e-30   4.9246279e-03   9.9872250e-38   3.2169445e-40
   1.7385071e-04   5.1642287e-15   6.0902974e-20   3.2393493e-24   2.9278278e-12   4.6117416e-19   1.8624342e-39   4.8677373e-03   1.8902964e-16   3.5768849e-45
   2.9842464e-04   7.4515080e-11   1.7883629e-19   1.5729168e-29   2.0110226e-04   9.4811515e-20   1.8622224e-37   4.5082155e-03   1.6441454e-18   1.5074047e-16
   4.7647623e-04   4.8039595e-04   3.5599957e-10   1.9846697e-05   6.8676476e-05   3.8707013e-08   5.6180292e-27   2.9869824e-03   1.5651897e-21   1.4241381e-05
   4.3164599e-04   3.6758258e-04   1.8513513e-10   9.4018532e-11   5.7339933e-04   3.7204802e-07   4.5491077e-45   3.2776941e-03   9.8802180e-19   2.9758954e-53
   3.6894531e-04   1.0777750e-11   4.9046912e-11   1.3068419e-08   1.8661253e-11   9.0715858e-22   8.5794904e-27   4.5271116e-03   9.4286160e-33   1.8820868e-14
   3.2406397e-04   4.7740028e-08   9.0880782e-15   5.5247074e-06   5.2216252e-07   7.1224011e-14   4.6828126e-25   4.9361399e-03   7.6690354e-29   2.6873148e-23
   3.7665274e-04   6.3210320e-10   1.4872318e-08   2.7102560e-10   4.1182231e-10   2.1313296e-05   2.9891137e-37   4.3684098e-03   2.7855692e-13   7.3712862e-11
   2.0971077e-04   6.4215756e-08   2.8523649e-05   1.0603328e-08   4.5804732e-15   7.7546411e-18   5.4068913e-46   4.1065104e-03   5.9636351e-07   8.9891166e-37
   4.0229604e-04   7.2757949e-12   6.6457519e-13   2.8041576e-41   9.3589694e-16   1.6817703e-05   1.7339031e-07   4.0546855e-03   1.9467935e-14   7.7906595e-05
   3.4731262e-04   3.9672007e-14   1.0891357e-07   4.8982148e-21   6.4689612e-41   4.5676829e-05   8.2733185e-05   3.7764629e-03   3.8006537e-12   8.0284069e-11
   1.1573582e-04   7.5963524e-05   9.5693182e-05   1.0973960e-15   5.2431703e-09   4.5270907e-12   3.3048820e-07   4.4109964e-03   4.7081976e-32   1.2213209e-04
   2.1420192e-04   1.4909534e-03   1.5001292e-04   2.1260839e-21   1.3933351e-04   9.5409861e-14   8.6760495e-07   3.1505887e-03   4.6834309e-26   1.1743833e-04
   2.9469143e-04   2.3773805e-03   1.0459511e-04   3.4284119e-39   6.5180658e-03   4.6012127e-12   2.8469240e-04   2.3534153e-03   1.9370787e-22   7.9210998e-33
   2.8405039e-04   1.7470531e-03   5.8138477e-05   6.4342453e-32   9.0701447e-03   2.1378019e-09   5.6513375e-04   2.2441580e-03   6.0885805e-25   1.3592291e-30
   3.6850984e-04   8.6658958e-04   8.0181272e-05   3.6865869e-21   8.4980653e-04   9.6385418e-05   1.2656986e-11   2.5930375e-03   1.2991787e-19   6.5819025e-09
   3.2928904e-04   3.6528032e-08   1.2212388e-04   4.0044269e-14   1.7219839e-17   1.1710012e-04   1.4789378e-46   2.6514443e-03   2.0372752e-05   2.4750131e-04
   3.4320343e-04   2.9483462e-12   6.5627572e-05   9.7468672e-28   3.7320665e-09   1.0685596e-05   2.9784916e-13   3.3028177e-03   8.3600470e-05   5.4544005e-04
   3.2125989e-04   9.1196073e-06   8.9007110e-05   4.8832364e-28   7.9596771e-05   8.8419563e-05   2.0267871e-12   3.1143304e-03   2.3940584e-04   5.7655376e-04
   2.4169143e-04   3.5378145e-08   1.1687577e-04   1.1583830e-15   1.1653894e-21   1.6812239e-04   5.1001214e-39   2.6879663e-03   2.9382186e-04   4.7453658e-04
   3.0835787e-04   1.0176644e-08   1.1348957e-04   9.5872276e-24   4.9352314e-25   1.9132438e-04   4.1692839e-17   3.0478982e-03   1.2325265e-04   7.6533309e-04
   2.2895264e-04   6.1453663e-08   1.4952498e-10   8.0497625e-33   5.9612522e-09   2.0666754e-04   2.5527887e-18   3.9793570e-03   1.4558313e-04   5.4473064e-04
   1.1324227e-04   9.0058479e-06   4.5089848e-05   5.0681750e-23   2.6637694e-09   4.9270271e-04   1.5448738e-35   3.3550311e-03   2.3189087e-04   2.5141969e-04
   5.7133816e-05   6.8753089e-04   1.8661294e-04   1.7381935e-21   4.4825336e-09   3.3370548e-04   8.0587910e-16   2.5571897e-03   2.5607199e-11   4.5864904e-04
   1.7355194e-04   9.8056730e-04   1.7670808e-04   3.0087615e-20   5.4634152e-06   1.0457212e-06   2.4031466e-09   2.8240253e-03   4.6102274e-05   4.0048829e-04
   3.1982950e-04   2.1436565e-04   1.7728584e-04   4.4327083e-12   1.5434298e-07   1.6451240e-05   4.6794511e-11   3.1165184e-03   1.9083261e-04   2.7052397e-04
   2.9643567e-04   6.4793263e-11   1.1382881e-04   6.7948652e-19   7.1746250e-11   4.9813616e-05   2.3986859e-08   3.5439096e-03   1.5137324e-04   1.5358021e-04
   3.5520867e-04   1.1593578e-06   1.9633791e-07   2.6576074e-25   6.1218124e-10   1.9510381e-04   7.2429511e-05   3.6432471e-03   4.4048525e-04   7.5981813e-05
   3.4952442e-04   1.8938266e-03   1.1767320e-04   3.8276699e-24   8.2353619e-09   1.1488363e-04   1.0610345e-20   1.8784829e-03   6.1724874e-05   9.2982621e-32
   2.1956426e-04   2.1941423e-03   1.1386053e-04   3.3025962e-32   1.3698835e-04   1.5837368e-08   6.3121250e-31   2.2200246e-03   2.3552463e-07   7.7302430e-86
   3.2083318e-05   1.1067489e-03   1.0311479e-04   5.5118366e-32   6.1327683e-04   2.5891763e-17   9.6134493e-33   3.1766573e-03   1.7597254e-12   2.7314877e-27
   1.1119779e-04   6.4334388e-04   3.7724572e-05   4.2041489e-20   2.3293327e-03   7.3308391e-13   1.3672402e-23   3.6365820e-03   1.7366312e-05   4.1693176e-35
   6.8283794e-05   7.4223913e-04   8.1897512e-05   1.9626843e-24   1.8410279e-03   6.8229258e-07   4.2971247e-31   3.1708436e-03   5.0249916e-06   2.4734337e-39
   3.3235684e-04   2.0023813e-04   7.1183390e-05   7.2262019e-29   1.3889268e-05   2.5064966e-05   8.0470246e-53   3.3534133e-03   4.7937364e-17   7.1665456e-71
   2.1303824e-04   1.5524239e-08   7.9544788e-05   1.1415702e-20   4.7837621e-04   1.9582022e-05   3.4366945e-32   3.0355887e-03   4.1400151e-25   2.4493109e-23
   1.7227908e-05   1.1301021e-04   2.3015010e-05   3.1678057e-22   1.0336350e-03   1.2326088e-11   4.0531250e-32   3.2582790e-03   5.7080222e-05   1.1924688e-13
   3.1812913e-05   3.0091040e-05   3.7582124e-05   1.5157347e-14   9.2700497e-05   1.5631483e-06   1.6868603e-30   2.8988417e-03   2.2448876e-04   1.0274110e-07
   1.0916212e-04   9.3202671e-04   1.3993239e-04   1.8913938e-20   4.6931048e-04   3.1616669e-11   1.7420209e-30   1.9791472e-03   5.4770740e-12   3.2800797e-52
   1.8845874e-04   6.8395808e-04   1.3868915e-04   1.4895055e-19   4.3497505e-05   5.2763541e-18   1.1450964e-32   2.7408449e-03   3.6522124e-21   1.1054376e-44
   1.6502062e-04   1.0780735e-07   9.6180862e-05   2.3566847e-15   1.4119511e-07   7.5114539e-19   2.2589224e-51   3.4326344e-03   1.7441046e-05   2.0309003e-26
   2.6241046e-04   1.5547925e-09   2.0443880e-09   1.3684480e-30   8.5317533e-09   2.3824473e-17   2.6106304e-41   3.3107847e-03   5.5915378e-05   6.0419580e-10
   1.6179856e-04   1.3676184e-11   2.2498117e-12   1.5704665e-32   5.4560834e-14   5.7083097e-17   2.8235945e-40   4.2049129e-03   2.3779037e-06   1.5621287e-09
   5.7653474e-05   8.8654990e-15   4.6897883e-11   1.4148702e-46   4.7733804e-07   1.7483760e-25   3.9133951e-40   4.7998938e-03   4.9871683e-05   9.5019069e-25
   6.0685094e-06   2.3125689e-10   8.4112613e-12   1.2874070e-38   2.5556825e-05   3.0643663e-20   1.7703379e-52   4.2742184e-03   5.2140774e-05   4.4923387e-32
   5.9416421e-05   3.0639561e-11   2.0036088e-12   1.9518880e-25   5.0840697e-13   7.7372475e-18   2.1095153e-34   3.4809384e-03   1.9912337e-05   2.6327374e-58
   2.4345157e-05   4.2938662e-10   8.6991606e-13   2.1127929e-24   9.0964862e-09   5.1128415e-14   1.4880814e-45   3.3226066e-03   7.1127773e-05   7.5954477e-07
   1.4028464e-04   5.1637618e-08   7.4131653e-10   9.7676556e-15   1.5443208e-29   1.7308065e-09   5.7353256e-71   2.9849922e-03   1.0439062e-05   7.2809020e-06
   1.6767786e-05   6.0194746e-08   1.1133818e-07   3.9924110e-14   7.3015424e-08   2.0115823e-14   2.4966011e-60   3.5039706e-03   4.8513605e-12   1.0530255e-45
   1.5336487e-05   1.6777007e-13   1.0402216e-11   2.2107699e-24   4.8768360e-14   2.2489017e-24   1.0627327e-47   3.9141968e-03   5.3823756e-12   9.7963534e-57
   2.9375295e-05   2.2087054e-18   2.1096166e-11   6.4804048e-21   1.6423911e-24   4.6326048e-21   6.8773429e-49   3.9795951e-03   2.1785551e-11   9.0780852e-42
   5.9524733e-05   5.0578765e-15   1.4599645e-08   1.9162516e-18   6.4630842e-25   7.7804582e-14   1.0756296e-47   3.0710165e-03   1.1337808e-05   1.0253627e-08
   9.7657461e-05   2.6914269e-13   1.1252778e-08   1.0449379e-26   8.5119212e-17   7.6591857e-14   3.0947730e-48   3.1859486e-03   5.0460145e-06   1.9761788e-14
   1.5440760e-04   2.0542096e-17   7.3743899e-14   2.2519217e-12   4.1424132e-28   3.7303168e-13   3.7041926e-55   3.0251020e-03   5.2275375e-12   1.7046980e-26
   1.0906882e-04   1.1919188e-20   7.8214560e-09   9.7820518e-13   5.9521455e-25   1.7076283e-17   2.9516567e-43   3.5513228e-03   1.4758624e-13   1.7644276e-57
   2.7267551e-07   5.9090458e-16   6.6426257e-16   9.4196565e-26   1.8014682e-13   8.6509831e-20   1.9980731e-36   3.8590419e-03   4.0079097e-13   1.2940913e-61
   2.2447012e-05   5.6870363e-14   1.5023168e-14   1.3870543e-48   2.3762464e-06   2.0099788e-16   2.7747452e-40   3.5570465e-03   4.0820169e-20   4.2763234e-24
   2.9086690e-05   3.0879570e-14   1.9434432e-11   5.4235292e-46   1.3376070e-13   9.0553255e-18   9.7270412e-27   3.4268651e-03   3.9395804e-24   7.6647374e-37
   3.8889326e-06   8.5921443e-19   1.1330564e-06   1.5933380e-27   9.1698739e-27   1.4439647e-11   3.7589367e-24   3.3996301e-03   6.1309109e-25   2.0161644e-43
   5.6640747e-05   4.6354780e-27   2.7097667e-10   1.4058754e-34   1.4922846e-34   1.0224559e-15   1.4902501e-44   3.4668439e-03   2.8154330e-28   3.1321987e-36
   4.8312640e-05   3.9845121e-20   3.7418015e-13   1.3878622e-28   4.2669035e-25   9.6005084e-18   1.9079380e-40   3.6971540e-03   7.0742390e-24   3.7389001e-39
   3.0207784e-05   6.5917472e-18   1.4819026e-09   8.7515593e-23   3.3343376e-32   1.9294804e-16   4.1064011e-39   3.2185479e-03   1.0717906e-20   2.1816387e-43
   3.3431835e-05   7.8753922e-26   5.3812843e-05   6.5991852e-16   3.7295482e-52   1.3306303e-21   4.0568664e-37   2.7970807e-03   2.5040599e-32   3.8565129e-57
   5.9613633e-06   8.0216444e-26   3.9048031e-05   1.9807466e-08   4.6393634e-36   1.6104352e-24   4.8900940e-47   3.0345621e-03   3.8084634e-28   1.1822271e-52
   4.2657211e-06   1.5205789e-16   2.3298877e-05   7.2446468e-06   9.3028995e-24   1.0130544e-11   1.2650418e-46   2.6846535e-03   2.0176803e-22   3.8055655e-21
   1.2034781e-06   4.7785358e-13   4.5465811e-05   3.2584212e-37   5.5241858e-04   9.0381014e-14   3.4422402e-29   2.9416286e-03   4.1241084e-34   1.4847331e-30
   7.5515599e-07   5.0580706e-13   1.6866602e-05   3.8761306e-48   1.0912171e-06   3.2385430e-14   2.9202017e-46   3.0671664e-03   1.2397654e-24   2.9069746e-62
   1.4085030e-05   9.8837021e-13   8.6202848e-11   4.3214952e-50   3.9911814e-15   3.1704179e-14   1.2225144e-28   2.9272302e-03   7.5958028e-21   4.1446762e-74
   2.0004737e-05   8.7488248e-12   1.9300855e-07   3.0222585e-27   9.2830290e-17   1.1257048e-09   1.2833741e-33   2.5952199e-03   1.5220404e-21   2.9019824e-75
   1.5263814e-07   1.3144623e-10   2.8793495e-05   1.6748822e-22   5.4488407e-14   5.8046410e-11   2.9233419e-21   2.5660892e-03   1.3399392e-21   1.1458043e-35
   3.3306855e-07   4.5496343e-12   1.1985981e-05   8.7745468e-29   4.1006415e-13   4.6013146e-25   5.5099324e-43   2.6114303e-03   3.0088271e-24   3.7505234e-22
   2.2522771e-06   2.5617569e-19   1.7067815e-06   8.0566859e-36   1.0959944e-16   1.5165360e-21   9.5717186e-21   2.6732264e-03   4.3908341e-26   1.3787836e-31
   6.6811790e-06   7.1642172e-24   1.1217937e-12   7.6150060e-33   4.3889991e-19   3.2601884e-27   6.3053369e-24   3.2310383e-03   4.7575094e-39   2.0670264e-72
   1.8664146e-07   2.3134384e-34   1.7885349e-15   6.6252500e-41   3.8278257e-36   9.1795550e-24   1.3335840e-12   3.6660815e-03   8.2297647e-40   1.9610182e-53
   4.3000091e-08   1.9388329e-35   2.7794129e-14   1.6881974e-49   7.8722490e-48   1.8769760e-21   1.1986344e-12   3.2604183e-03   2.2272086e-23   2.7230096e-27
   2.1025673e-06   3.4998754e-27   1.7886964e-08   3.2050729e-42   8.9919626e-43   1.7288772e-21   2.6092913e-06   2.4835964e-03   1.7920042e-19   1.0483961e-21
   1.9460518e-07   7.7764481e-16   3.0740509e-05   4.3336651e-27   1.4625783e-27   6.2460297e-12   3.3030079e-07   2.0871693e-03   7.2156183e-32   5.6883081e-21
   8.7810834e-07   4.3094060e-16   5.1722836e-05   2.7397891e-30   2.1968147e-32   4.8232119e-14   3.6401775e-24   1.6877796e-03   1.7139729e-33   1.6636466e-45
   1.6890486e-06   1.5101723e-22   9.7683150e-05   6.6146611e-41   9.8855483e-31   5.0050051e-16   1.7053365e-51   1.7884225e-03   5.9125270e-35   8.3446774e-57
   3.7152497e-06   3.2031635e-18   3.7496487e-05   9.8569011e-31   4.9424092e-21   3.3284347e-20   2.8935886e-42   2.0596103e-03   8.3060283e-27   1.1609720e-41
   1.4792157e-09   3.2663296e-16   1.9406159e-05   6.5116839e-25   1.9789442e-17   6.1146798e-14   6.9228603e-25   2.0744635e-03   2.8260955e-28   6.4787232e-37
   2.4399810e-07   2.8519377e-15   3.4796389e-12   1.7634101e-29   7.6048859e-12   4.9253739e-16   1.3467228e-32   2.4994436e-03   9.3189045e-35   8.4614974e-26
   5.3297161e-07   1.4717525e-10   3.1324790e-05   2.1922357e-21   2.2501158e-07   1.8591370e-17   3.3197921e-69   2.0114842e-03   8.1886543e-37   1.1847117e-15
   1.0908235e-09   1.3799394e-09   4.1548464e-05   1.3923077e-20   1.1834146e-08   3.3244339e-07   1.0240447e-21   1.5666937e-03   1.9902444e-36   2.2007954e-08
   4.1652171e-06   3.9468545e-17   2.4769746e-05   3.1119917e-27   1.6726285e-16   1.2400629e-10   2.4199254e-05   1.7320571e-03   2.7611116e-19   3.2700359e-13
   5.0280997e-06   1.5427938e-10   3.6604512e-05   4.5637574e-14   4.9694895e-08   4.2902320e-10   6.1570482e-05   1.7486850e-03   1.7396313e-20   4.7088784e-37
   9.3599149e-06   7.5117202e-08   3.2013963e-05   3.1369446e-22   9.2233172e-16   2.4175549e-05   2.0361472e-04   1.5291540e-03   2.1535459e-29   1.3562029e-45
   8.4097282e-06   1.5557284e-13   3.7979689e-05   5.2261875e-22   9.9656024e-27   2.1815796e-08   6.9707460e-05   1.5747517e-03   7.4421485e-23   5.3001641e-34
   4.1561814e-07   2.0213373e-15   2.4203272e-05   3.6446220e-27   6.9200742e-17   3.2150821e-10   1.2011004e-04   1.7474740e-03   9.1789228e-21   4.5688003e-26
   1.2172174e-07   1.2435818e-16   2.9940321e-05   3.7435393e-31   1.9642628e-23   3.1671705e-07   2.6405551e-04   1.5240553e-03   9.8630190e-19   8.4249914e-53
   1.6013165e-07   2.3877189e-10   5.4592637e-05   1.2087815e-13   1.3964557e-23   2.8432174e-13   1.4280554e-04   1.3725944e-03   2.0424330e-13   1.0927436e-35
   7.8878888e-09   5.6851706e-14   9.1395949e-05   2.5056605e-16   5.1133222e-29   1.2444032e-05   9.8027310e-05   1.3783871e-03   1.1893027e-23   3.8460194e-33
   4.5991092e-07   5.7253464e-08   1.0313268e-04   1.9317346e-12   8.5725112e-12   7.4304129e-06   7.6815015e-22   1.3671334e-03   6.5161961e-18   8.0963454e-34
   5.3586804e-07   5.0475794e-07   6.6165902e-05   3.8709273e-05   2.9059183e-09   2.4593595e-11   6.3104330e-25   1.2035583e-03   1.2105515e-06   1.0413569e-47
   2.7609856e-09   6.3451045e-18   3.5558403e-05   5.7051338e-06   1.3548090e-30   1.1315688e-10   2.7704916e-17   1.3053638e-03   1.5289539e-13   2.6491513e-18
   2.4158016e-10   7.0059559e-21   4.5044838e-05   3.6743157e-12   1.2413117e-34   4.6374852e-07   1.9372588e-23   1.4918573e-03   2.1893350e-06   5.4301404e-73
   2.0295561e-08   1.8690342e-14   5.9534691e-05   9.0641614e-06   1.7937116e-27   2.2818890e-06   1.1609673e-04   1.2065097e-03   8.3470780e-06   6.6571641e-80
   5.5790320e-08   1.2533537e-11   6.0265921e-05   2.9782111e-12   2.1036608e-19   3.8159208e-05   2.5773404e-05   1.0226704e-03   2.2699482e-05   3.7382802e-55
   2.7489956e-16   5.3670790e-08   3.7021014e-05   1.4169110e-11   1.0091264e-05   2.9125634e-07   3.5287484e-18   1.0603904e-03   8.1933546e-05   1.1130716e-42
   1.2028240e-07   1.3509675e-05   6.0179438e-05   3.2042651e-04   1.6164639e-12   1.5495277e-05   2.0343640e-05   7.9220517e-04   8.5269326e-05   3.8122999e-09
   2.0961249e-06   9.6272368e-06   6.1002495e-05   1.2984447e-10   4.4414095e-22   6.9842438e-05   4.9452414e-05   7.7277325e-04   2.7691941e-05   3.2810970e-28
   4.8435420e-07   7.0693328e-05   4.4477768e-05   2.3894814e-04   2.2256912e-15   2.4208487e-06   8.2654755e-05   8.9103346e-04   4.3155241e-05   1.3525770e-28
   9.5043955e-06   2.1723725e-04   3.0927288e-05   3.5190300e-04   1.3391535e-15   1.8391170e-05   9.3439853e-05   7.7504856e-04   5.5557130e-06   4.0246337e-22
   2.4220624e-08   2.1431940e-05   2.1824441e-05   1.9056187e-04   1.2616554e-12   4.3902282e-05   1.5286572e-04   8.7089843e-04   2.3112380e-05   2.0478205e-32
   9.6130517e-07   1.8629459e-11   3.5471035e-05   7.6107033e-08   1.5981699e-16   7.9784562e-08   2.4014446e-04   1.0637060e-03   2.1090244e-05   8.7576717e-35
   7.1091150e-07   1.1659231e-19   5.9459564e-05   1.0894152e-07   1.2737828e-31   1.7582617e-10   1.5429814e-06   9.4076108e-04   2.3380581e-05   3.8299476e-14
   9.6911974e-06   9.1247126e-17   2.2835610e-05   1.2567863e-04   5.9768576e-26   9.4544085e-06   2.7146495e-05   8.6030826e-04   2.3639516e-05   3.3556363e-24
   5.9554426e-06   1.6841859e-16   1.1793553e-05   2.8920739e-10   6.4921244e-23   4.3821050e-08   5.3958315e-05   7.0662140e-04   4.8481298e-05   3.6341950e-17
   5.0193463e-06   9.4002234e-19   3.1649354e-05   1.1477143e-18   4.6235817e-30   1.9361439e-05   1.5463582e-05   6.4632525e-04   4.6483781e-05   5.8972571e-12
   5.0408238e-06   3.3062113e-21   3.0197963e-05   1.5662384e-18   1.9488087e-33   8.2064458e-06   3.0591169e-05   6.9932545e-04   2.6716620e-05   2.9725200e-14
   9.5977616e-06   2.7824380e-20   2.4947264e-05   9.6167644e-17   3.2627383e-30   6.2671069e-06   3.0572595e-05   7.2968980e-04   1.5520940e-05   2.4957800e-24
   4.2079671e-05   2.8057088e-08   3.1905256e-05   8.5675993e-12   3.0600235e-19   1.3051651e-05   2.7254332e-06   4.7177865e-04   1.6999644e-05   3.8652850e-50
   3.6519314e-05   1.1936913e-09   2.1793263e-05   1.2241184e-16   2.7162863e-28   2.4874019e-05   6.8415798e-06   4.8616117e-04   2.2182128e-05   2.6050310e-28
   4.4228193e-06   2.2752877e-08   1.7908675e-05   3.9989171e-06   2.6899858e-21   2.6000678e-06   1.4036290e-13   5.9062265e-04   2.0342546e-05   2.3952948e-20
   3.7896437e-06   2.6061826e-05   3.2025844e-05   2.6894081e-21   2.5061835e-15   8.6244542e-09   1.9129640e-05   4.6313138e-04   1.4689852e-05   6.1594662e-20
   9.4008316e-06   5.3566977e-06   4.1748973e-05   4.5196149e-28   1.4893499e-17   2.8499593e-05   2.2594388e-05   3.7665608e-04   6.3684889e-06   2.2950727e-20
   7.5482328e-06   6.2880754e-12   3.8206862e-05   1.3878809e-25   1.2368009e-37   1.1799165e-05   2.2136669e-06   4.3033736e-04   1.2678558e-05   5.1240713e-16
   2.2620133e-05   1.9358669e-14   3.3297534e-05   3.4444229e-37   2.2201433e-38   4.2947522e-07   1.5387057e-12   6.2681455e-04   1.4311781e-10   1.8876706e-25
   4.9260525e-05   8.0479844e-19   3.4760434e-05   3.2730743e-33   8.8855527e-39   1.9940105e-10   1.0347011e-05   5.7539940e-04   6.5354408e-16   6.3322065e-18
   3.2570431e-05   2.1095142e-18   4.3160061e-05   1.8519453e-19   1.3006756e-35   1.0013250e-05   7.9480475e-12   4.4364563e-04   2.6560609e-21   2.1502372e-23
   5.6581098e-07   2.2972322e-17   1.6234543e-05   3.6339799e-10   3.5322180e-43   1.4078160e-10   2.0671678e-30   5.4961479e-04   5.9990965e-07   1.8536123e-05
   1.7236069e-06   2.7551497e-17   3.4808188e-05   1.1736534e-26   1.8129114e-51   6.6281566e-06   1.7400041e-31   4.1832761e-04   6.6466978e-06   5.8343283e-05
   5.9956131e-06   1.3126875e-10   4.3853150e-05   8.7627807e-29   2.3034551e-20   1.2255042e-06   4.4222287e-42   3.4396907e-04   2.3100207e-05   2.7437178e-05
   4.2963525e-06   2.0879503e-11   5.3565697e-05   4.6391814e-19   9.9971077e-29   8.4588541e-09   1.8403980e-39   4.0060145e-04   2.5665729e-05   8.6190725e-06
   2.9875390e-05   6.7761930e-13   3.3536672e-05   3.1089138e-14   2.7069903e-27   8.9774710e-10   8.7830230e-28   3.7720023e-04   9.6583843e-06   1.0603380e-05
   1.3862725e-05   1.9924267e-14   2.8192619e-05   1.9946332e-19   2.1933926e-34   1.1642070e-06   4.0084089e-39   3.3487267e-04   8.9361120e-06   1.8641406e-05
   6.0727539e-10   1.4394666e-13   3.0811704e-05   8.3615167e-35   2.3672218e-27   2.5042872e-09   1.4174540e-47   4.4055571e-04   9.4587611e-06   8.3597878e-06
   1.9957200e-06   4.3949234e-15   3.3153806e-05   2.0821879e-40   1.3255667e-32   4.4531238e-09   9.3941595e-25   5.0755051e-04   1.8558759e-05   3.2304971e-12
   5.1256076e-07   3.4866546e-18   3.2486459e-05   3.6313669e-30   1.4426034e-31   2.1328624e-18   2.4150577e-05   4.7290074e-04   4.0964841e-06   1.6093850e-08
   2.2793717e-06   6.4951450e-14   3.1620832e-05   8.9077959e-22   4.3219521e-26   1.3823653e-06   8.6304279e-05   3.8969245e-04   4.2465616e-07   7.2196927e-06
   6.3540658e-06   1.7696888e-12   4.1851545e-05   3.9306918e-29   2.3719232e-35   7.3648013e-08   7.0453412e-10   3.7789258e-04   1.4873694e-19   2.2099096e-26
   3.1916602e-05   6.6993023e-15   2.5258220e-05   2.4211000e-20   2.2665342e-50   2.4346634e-07   3.1947715e-05   3.7356603e-04   5.6153418e-12   1.4203141e-54
