   2.9751138e-07   9.6427843e-18   6.9450607e-03   2.4348756e-37   2.8898779e-03   2.2860664e-01   3.0425452e-18   3.3580727e-03   4.9710222e-03   4.5140679e-26
   7.3426661e-06   9.0777666e-14   4.4715860e-03   5.5970899e-24   2.4442007e-03   1.6799976e-01   1.2001756e-16   3.9682467e-03   3.5868788e-03   2.5263214e-26
   4.9445437e-04   7.5706006e-07   1.8999867e-03   3.5802234e-26   1.2763871e-03   8.4799130e-02   9.8141594e-08   3.6928235e-03   1.3391830e-03   7.2490567e-23
   1.0145468e-03   2.1176636e-04   1.6588804e-03   5.3554323e-82   1.2123277e-03   8.7180867e-02   2.5252249e-17   3.1884421e-03   1.3716018e-03   4.3646501e-25
   9.8607484e-04   1.8445974e-03   1.5868222e-03   3.0116341e-15   1.2907266e-03   8.3084615e-02   1.2535092e-19   2.4481143e-03   1.1849778e-03   4.5137853e-22
   1.3238266e-03   9.2204920e-04   1.4077356e-03   1.3703866e-20   1.0400014e-03   7.6211595e-02   1.1944227e-22   2.1311945e-03   1.1210176e-03   7.4623557e-26
   2.7741312e-03   4.2912892e-05   1.1435875e-03   1.1672358e-07   8.0496083e-04   6.4065339e-02   2.4350384e-14   1.6683284e-03   1.4742663e-03   4.0859069e-19
   2.0910019e-03   1.6429433e-06   1.1552769e-03   1.8623174e-11   9.1030327e-04   5.4824664e-02   4.2105153e-09   1.4212986e-03   3.1977768e-03   3.8517790e-18
   4.7584229e-03   1.8005321e-11   6.8525179e-05   1.8181270e-20   2.2526264e-03   2.4557852e-02   7.6081411e-03   2.5480336e-03   1.1833416e-02   4.9583983e-22
   1.4417546e-08   9.3026422e-17   3.0772480e-12   1.1215923e-13   3.2515058e-03   1.1808861e-04   4.9243668e-05   6.3145660e-03   7.4881663e-02   1.3365935e-29
   1.2199875e-10   5.8526438e-26   5.9425257e-03   6.1509056e-18   1.6113833e-04   4.1928661e-30   6.7994900e-19   1.7339596e-07   2.4794945e-01   5.1892132e-20
   1.2033912e-20   3.5273265e-35   1.4616613e-01   3.6288262e-29   3.3510308e-13   1.4120405e-45   1.7594413e-31   4.1461904e-16   2.1852747e-01   3.6490593e-26
   1.1503173e-02   4.1794582e-30   2.5921341e-01   9.2588989e-33   4.0928797e-08   7.1944403e-31   4.4711381e-24   1.9673048e-10   1.8448109e-02   5.1607920e-17
   2.8435763e-01   7.5340255e-17   9.0619471e-02   2.0140067e-21   3.4180798e-04   3.2208992e-27   1.6032283e-12   1.4657228e-08   6.5279999e-07   1.4407024e-05
   1.9502522e-01   6.9615623e-11   1.4370039e-02   6.0986432e-06   6.0901806e-04   6.9429747e-10   8.6863237e-04   7.5618397e-07   1.8430556e-03   1.5535908e-32
   5.7080456e-02   9.3517147e-14   8.2097403e-03   6.8575549e-03   8.5505062e-04   1.0537356e-02   1.0682322e-03   7.2358617e-04   3.5007497e-03   4.4138171e-33
   2.7441178e-02   8.9373563e-06   6.6423705e-03   2.5648897e-03   6.7293716e-04   2.1248064e-02   2.8408675e-03   1.3760580e-03   3.7875103e-03   1.3290946e-51
   1.6640239e-02   9.2056305e-03   4.2266780e-03   1.1553079e-23   8.8050243e-04   2.7092265e-02   4.5623410e-08   7.9178173e-04   4.4787304e-03   5.8981684e-52
   8.6508169e-03   1.0449006e-02   2.8052442e-03   1.4241158e-20   1.0097359e-03   2.0631224e-02   1.1313694e-16   6.7950180e-04   6.6301245e-03   1.5671829e-50
   6.0604235e-03   3.7792847e-03   9.6417495e-04   1.9753737e-18   8.5102633e-04   8.1569572e-03   6.5313994e-07   1.5662307e-03   1.3261965e-02   4.6727271e-35
   4.3381783e-03   7.4063498e-14   8.1344642e-07   4.0547405e-46   2.3855330e-04   1.9712974e-04   4.9017851e-21   2.1840212e-03   2.6485664e-02   1.6974583e-08
   2.7038234e-03   3.1714167e-11   8.6441796e-04   2.2999732e-22   2.0652210e-04   2.5579263e-10   5.3926265e-23   1.1290132e-03   3.7451982e-02   1.0121726e-16
   6.6754591e-18   1.1831170e-16   1.0617132e-02   1.1517099e-24   4.3012973e-04   7.0120188e-04   1.3234274e-25   1.1358798e-04   2.8140420e-02   1.3464107e-33
   1.3466408e-17   2.3816581e-18   3.0143965e-02   3.3085715e-40   3.7234654e-04   6.7620085e-04   1.6726600e-14   1.5257081e-03   2.5908124e-03   1.1234222e-06
   2.0587488e-03   1.2131364e-14   2.6197839e-02   9.4629182e-38   4.5722681e-04   1.5660379e-04   2.5502137e-18   2.3412965e-03   3.1267490e-06   7.2628621e-02
   5.6179195e-02   4.7307339e-07   1.2563773e-02   1.9132908e-04   3.2979802e-04   2.9594593e-03   6.2205671e-17   2.4496638e-03   3.9072905e-07   4.2725726e-02
   7.5920552e-02   1.1662987e-03   3.7753583e-03   2.7356013e-12   5.9045964e-04   2.7712188e-03   4.1788817e-14   2.0031596e-03   7.3982140e-04   8.6002324e-07
   5.1686625e-02   3.9868528e-03   2.2925031e-03   2.5108907e-19   9.5388161e-04   2.6620215e-09   8.5505181e-16   1.4889854e-03   1.5077393e-03   2.7792878e-09
   2.3701877e-02   8.0164801e-03   1.2312148e-03   1.0685639e-03   1.4957597e-03   1.2646845e-03   8.3624034e-13   1.1421407e-03   3.4088082e-03   1.9184292e-11
   8.2041558e-03   1.2141269e-02   4.9376206e-04   1.1093009e-47   8.2634331e-04   1.3969978e-03   2.2470598e-18   1.7674528e-03   7.0198624e-03   6.3948012e-08
   3.2915772e-03   1.3687385e-02   3.7217323e-04   5.2803078e-41   3.2942926e-04   4.8363210e-04   2.9178941e-04   1.5074324e-03   1.1433683e-02   6.0365831e-12
   1.7896660e-03   1.0528587e-02   4.5529126e-04   2.4230923e-03   3.6757960e-04   1.3529990e-03   1.1697612e-06   9.4316966e-04   1.4534991e-02   2.4462806e-10
   1.0263722e-03   1.1425292e-02   1.0987414e-03   3.0466083e-14   3.2075154e-04   4.4797055e-03   1.3579360e-12   6.7668720e-04   1.4163589e-02   1.9682110e-22
   7.5598292e-08   1.0908254e-02   4.2388567e-03   6.0425904e-28   3.8194590e-04   3.3753443e-03   8.1802823e-12   6.1276163e-04   9.4382471e-03   2.5074134e-41
   2.0011904e-14   7.0882015e-06   9.3473221e-03   1.5097932e-12   5.7793583e-04   3.2299574e-03   1.0923213e-10   2.2955832e-03   1.8952394e-03   1.6890840e-26
   2.1392595e-12   6.7026176e-03   1.1069506e-02   1.0795514e-31   4.6591907e-04   7.7622455e-04   6.6954393e-07   3.7256979e-03   3.1649687e-04   3.1163624e-05
   2.2836673e-05   7.4565191e-04   9.7942993e-03   5.6015530e-28   2.5326304e-04   7.9699730e-04   1.3497671e-09   5.4713225e-03   1.1067093e-06   3.0736567e-02
   3.7907468e-03   7.4010802e-03   6.3438807e-03   1.7197376e-31   3.1942858e-04   1.2435506e-05   1.5088331e-23   5.7930513e-03   5.3035399e-05   1.7386237e-02
   1.7978439e-02   3.9386997e-03   2.0484330e-03   1.0467636e-11   3.5901751e-04   1.8518389e-10   1.8954430e-17   6.9310697e-03   6.0697525e-04   9.3158656e-05
   2.0536294e-02   2.0113051e-03   6.2012408e-05   4.1914853e-23   1.8282349e-04   8.9304546e-16   6.2444358e-20   7.4824226e-03   1.6100920e-03   2.6626490e-09
   1.0344046e-02   3.1643082e-03   1.6648235e-05   2.0487327e-06   1.1479172e-04   3.8342161e-18   5.8754995e-15   7.8400317e-03   2.3237558e-03   5.0168743e-16
   2.9156974e-03   2.9234363e-03   1.4213611e-09   6.0715395e-07   1.5478040e-04   2.1365927e-22   2.5103448e-04   7.0889325e-03   3.6743030e-03   1.0335891e-25
   1.1110874e-03   4.4177584e-03   1.5790202e-05   4.6197948e-66   1.6858563e-04   2.9196567e-16   3.7148269e-05   7.3771696e-03   5.0966234e-03   2.8406292e-13
   2.6267610e-04   6.7165820e-03   2.0540600e-04   1.0847409e-32   1.6417820e-04   6.7234693e-15   9.2882133e-12   6.3023372e-03   4.9306358e-03   7.2787072e-16
   3.6085428e-16   3.7739087e-03   6.7851623e-04   1.6478360e-12   8.4827128e-05   6.3478431e-09   1.8871127e-35   5.2940261e-03   3.0557473e-03   1.4184245e-25
   5.4522048e-20   2.8416663e-03   1.5430822e-03   9.1664878e-04   1.6410995e-04   2.8699626e-05   3.4403607e-28   4.8427789e-03   9.6787281e-04   8.6556970e-19
   1.9297221e-22   2.9249904e-04   1.9852500e-03   3.7213962e-20   1.7732137e-04   5.1347359e-06   4.3555836e-39   5.0895925e-03   2.7505014e-04   8.7382715e-08
   9.7221610e-22   2.1647636e-03   2.6224367e-03   1.2893454e-26   1.1565785e-04   2.6635553e-09   5.2820712e-13   5.0814460e-03   2.0993920e-06   5.3646094e-02
   4.7625632e-15   2.2571239e-04   2.1457999e-03   2.5899939e-50   1.4789341e-04   3.8804282e-11   1.8445123e-27   5.1172058e-03   2.6719462e-06   1.0027759e-01
   1.7968463e-04   2.8154441e-04   1.3346652e-03   2.0301215e-30   1.1696380e-04   1.0144849e-13   3.4387951e-34   6.0019798e-03   1.5692137e-04   5.4469260e-02
   1.6151864e-03   1.0122731e-04   4.5528139e-04   7.0733685e-33   1.4714281e-04   7.4583908e-12   5.7880128e-21   6.9355423e-03   5.6646520e-04   1.3534881e-02
   4.4932666e-03   2.8945435e-10   4.8889162e-05   8.0712138e-08   1.1097521e-04   9.2976837e-15   1.0766135e-04   7.8191335e-03   1.0715764e-03   4.8672736e-03
   4.3516176e-03   5.2063249e-21   9.8414687e-12   2.1195661e-10   3.3991707e-05   4.0599515e-23   4.6667269e-19   8.6438243e-03   1.4007839e-03   3.5172440e-07
   2.2498502e-03   5.3002331e-20   6.5592608e-10   4.0821875e-26   2.7459245e-05   8.2521433e-24   2.4545577e-19   7.8893529e-03   2.0938480e-03   1.4826627e-20
   9.9090015e-04   4.8148601e-14   9.6499755e-05   1.2284719e-71   3.3279504e-05   6.9264209e-12   8.9875052e-19   5.0382334e-03   3.1917274e-03   7.3880217e-18
   2.2729336e-05   2.4289167e-09   7.3510113e-04   6.2681132e-44   7.2248821e-05   3.0538650e-05   2.4329160e-10   3.3706686e-03   2.8117409e-03   2.9584781e-20
   2.4672368e-12   1.9779397e-18   1.3923551e-03   2.3101869e-31   1.2703979e-04   6.0766214e-04   3.5611899e-06   2.5674880e-03   1.6380004e-03   6.7211382e-25
   6.9903532e-08   8.0094441e-07   1.7305707e-03   4.8636879e-33   1.2640701e-04   4.5690442e-04   4.1399684e-14   3.5741634e-03   7.4941938e-04   8.8287336e-18
   2.8053317e-08   1.1802220e-10   1.9614964e-03   3.5713550e-26   1.4257059e-04   5.4166251e-06   7.5059989e-25   4.6516047e-03   4.7823920e-04   2.2332146e-17
   1.6935421e-12   1.0468844e-26   2.1224921e-03   2.8509840e-61   1.6925836e-04   3.5728078e-13   3.2899163e-15   5.3149548e-03   1.3579954e-04   4.7081036e-02
   3.2150230e-09   4.4210590e-31   1.9839765e-03   1.5001277e-30   1.5640118e-04   6.2109645e-11   1.9026837e-29   5.4198563e-03   1.1994072e-04   8.6975137e-02
   8.7103505e-05   2.5980392e-24   1.4584386e-03   1.1372957e-87   1.0489684e-04   6.7031008e-09   6.8332694e-19   5.6375310e-03   5.1128829e-04   3.8187697e-02
   9.5989810e-04   8.8587399e-21   4.9786666e-04   2.7593615e-05   6.0625552e-05   4.0139885e-15   1.6662883e-04   7.8743836e-03   1.0101372e-03   2.2012989e-10
   1.8512565e-03   1.5960613e-28   6.0204983e-06   6.9420210e-04   6.2894776e-05   9.0404019e-17   5.7343546e-10   7.7048093e-03   1.2703273e-03   2.8195073e-15
   2.3513223e-03   9.9785735e-32   6.9200334e-11   1.4902162e-04   7.9816917e-05   4.6238453e-15   2.7358299e-16   7.2597660e-03   1.4659545e-03   1.8778250e-23
   2.3079990e-03   1.5867293e-31   1.1637423e-07   6.3829677e-24   1.0423764e-04   1.6348888e-15   5.1109746e-22   7.6096098e-03   1.8485962e-03   4.3781725e-27
   1.4159965e-03   6.0609405e-35   1.3229028e-04   4.5765064e-96   1.2254265e-04   3.2089117e-12   1.1568954e-21   7.2245623e-03   1.7799241e-03   1.4725548e-20
   2.1212651e-04   1.1692586e-32   7.5085757e-04   6.0521787e-24   7.3481364e-05   2.0941576e-13   5.2054773e-30   6.8275547e-03   1.3070565e-03   2.5430851e-36
   3.0115139e-09   2.4269045e-29   8.8746427e-04   8.1959594e-26   8.2678428e-05   1.5093863e-12   1.2754582e-22   6.9422131e-03   7.0674844e-04   7.3072535e-29
   1.4735506e-17   3.2660239e-23   9.6755762e-04   9.1767481e-40   1.2644383e-04   7.5041272e-15   7.1790198e-29   7.6466949e-03   4.5807611e-04   1.8503478e-22
   1.4126734e-24   4.8216641e-22   1.2658556e-03   1.4231640e-11   1.9452237e-04   3.2922062e-11   1.3617916e-29   7.6653902e-03   3.8897000e-04   1.0047626e-21
   7.3515575e-29   3.4469592e-34   1.3014658e-03   5.9525375e-04   2.2676337e-04   2.6497129e-15   4.9575010e-24   7.6375492e-03   2.6390705e-04   4.1426081e-02
   2.4202588e-23   5.7772466e-39   8.1243420e-04   1.9454983e-05   1.4706649e-04   3.6542032e-24   3.3271339e-15   9.0667358e-03   6.2636242e-04   7.1334577e-02
   3.6775487e-10   1.5921900e-32   3.9753754e-04   2.4847311e-30   1.2892730e-04   4.7739015e-19   2.5159198e-39   9.8874929e-03   8.7776662e-04   3.2211681e-02
   1.5884894e-04   3.0929880e-18   3.5337235e-04   3.4268139e-53   1.4841248e-04   5.3431641e-21   2.6953500e-18   1.1168751e-02   1.1649311e-03   6.7066064e-07
   1.2842557e-04   4.5712206e-18   2.8995544e-04   1.3912928e-58   1.0739034e-04   1.9519773e-23   6.9828425e-13   1.1593994e-02   1.2518761e-03   6.0182149e-09
   1.5271158e-04   1.2011019e-27   2.0612406e-04   3.3812043e-15   1.5671341e-04   1.5081165e-15   7.0084638e-25   9.9812317e-03   9.8552569e-04   1.2879159e-12
   3.8349276e-04   3.7725161e-30   2.7937252e-04   4.0501064e-10   1.0392527e-04   8.2670409e-12   3.8447077e-38   7.8249141e-03   7.1177517e-04   1.7128278e-17
   9.7682947e-04   8.2935113e-37   6.7586438e-04   4.8757863e-41   1.7469051e-04   1.6470469e-13   4.0041989e-25   7.5075837e-03   5.8530856e-04   2.0891597e-17
   7.2617642e-04   2.6427744e-32   7.3855742e-04   4.7326850e-12   1.7739819e-04   4.2818813e-16   7.1056828e-18   8.0455692e-03   5.4129327e-04   4.2022825e-21
   1.8940854e-05   6.8402525e-30   7.3330873e-04   5.8089819e-16   2.6277909e-04   3.0075283e-16   1.9182693e-22   8.0876860e-03   2.0884625e-04   5.4395858e-23
   1.7892147e-15   5.8332443e-27   6.5726037e-04   2.5037026e-31   3.2665701e-04   7.5650855e-21   2.3584305e-23   9.0966239e-03   2.8475835e-04   1.1726109e-23
   1.7791995e-13   6.7159643e-28   8.1083386e-04   4.1709008e-19   2.9860227e-04   3.4905058e-25   6.5610689e-21   9.9434287e-03   4.3150245e-04   4.3218852e-14
   2.4861995e-16   3.6359993e-36   6.8621498e-04   1.3615205e-20   2.1561332e-04   7.7217125e-20   3.4654872e-31   9.8047603e-03   5.9614852e-04   2.1951059e-02
   5.7770044e-11   6.5428382e-33   4.3615163e-04   5.3743808e-49   2.0902586e-04   1.5029571e-20   1.1239637e-30   9.2430656e-03   7.2702245e-04   4.7332420e-02
   3.3309123e-04   3.1031638e-26   2.7306307e-04   8.9452756e-21   2.4640575e-04   1.6633463e-19   3.4268391e-21   8.7662236e-03   7.8698258e-04   2.5470980e-02
   2.3235041e-04   1.1721765e-14   3.9305813e-04   1.7638776e-20   4.2340729e-04   4.0142912e-23   6.4710835e-26   9.1345197e-03   9.4993742e-04   3.9582792e-07
   1.5002388e-04   8.2369988e-17   4.6028414e-04   5.0597732e-32   5.0565783e-04   6.9739847e-22   6.4523530e-40   1.0502911e-02   4.4607795e-04   1.7349551e-05
   1.0047236e-03   1.2066410e-20   5.1578082e-04   3.5787302e-28   3.2273466e-04   4.9652096e-23   4.6689807e-42   1.0016045e-02   3.1830634e-04   1.9427863e-06
   1.9698600e-03   4.8249809e-18   5.1250288e-04   1.2630131e-54   4.3400037e-04   2.4731036e-18   5.0882837e-32   8.3200367e-03   3.7522140e-04   3.7589511e-10
   2.1517226e-03   2.0316619e-15   6.8135579e-04   1.2486456e-57   5.4175352e-04   1.3164871e-21   2.4940301e-35   1.0394683e-02   2.3581498e-04   3.6652555e-10
   3.6469324e-03   2.4258806e-13   7.2538336e-04   2.7503481e-61   6.6645971e-04   2.8982946e-22   2.2143097e-37   9.8502403e-03   1.7025773e-04   9.7629024e-13
   4.1711825e-03   4.3940201e-21   8.2960300e-04   5.6412118e-50   5.6298229e-04   4.8957102e-21   6.2864563e-40   1.0320254e-02   2.8014418e-04   8.8902566e-08
   1.4094266e-03   1.0186124e-14   1.1108237e-03   3.8825469e-53   5.7123337e-04   1.6404653e-18   4.3075619e-39   1.0705891e-02   4.6557661e-04   5.0451943e-14
   1.3119263e-04   3.1111798e-16   1.4543874e-03   1.8372332e-48   5.8504984e-04   8.6916931e-20   5.1137868e-42   1.1498239e-02   4.4680878e-04   2.0021034e-03
   1.6031797e-06   2.9098995e-19   1.4546434e-03   5.4222946e-62   4.1943534e-04   1.1422808e-21   9.5505256e-31   1.1889021e-02   5.4444690e-04   2.5620045e-02
   2.9065356e-06   9.6897179e-17   1.3694233e-03   2.1014313e-28   3.1709908e-04   1.1098601e-21   2.6750169e-22   1.2026638e-02   7.9973574e-04   3.3931617e-02
   4.7951315e-04   1.1516614e-13   9.8278247e-04   2.7908119e-32   3.4630748e-04   4.5352251e-24   8.8032900e-24   1.2156018e-02   9.3973829e-04   8.9259318e-03
   1.4375807e-03   6.5400527e-14   9.3204447e-04   3.2553995e-67   4.1487551e-04   1.2831399e-24   1.1707979e-34   1.2577262e-02   6.9422799e-04   1.1252111e-05
   1.6077722e-03   3.6580479e-10   1.2212396e-03   9.8746103e-43   4.2505877e-04   3.7709379e-23   6.4090164e-37   1.1648676e-02   5.9901402e-04   3.1303253e-09
   1.7806473e-03   4.7490364e-10   1.4952791e-03   2.4390519e-04   5.2430821e-04   3.5688903e-18   2.9360177e-25   9.6895248e-03   4.2963241e-04   4.1550825e-10
   2.3786857e-03   2.7392103e-09   1.4381821e-03   6.1224977e-07   7.6490184e-04   5.9787031e-19   1.2357353e-30   7.4959955e-03   3.5046400e-04   3.1189494e-13
   1.4503873e-03   1.7806865e-07   1.3693852e-03   1.7669063e-21   6.6089939e-04   1.4927357e-15   5.9177697e-32   8.3569217e-03   4.0806553e-04   1.7895709e-15
   2.3834407e-03   1.5593870e-13   1.2842227e-03   6.0882873e-73   7.1009798e-04   1.9942020e-17   1.5276432e-26   8.0329851e-03   6.4939342e-04   2.6783340e-09
   2.4501087e-03   4.5049014e-13   1.2749602e-03   1.2876115e-59   8.6095597e-04   2.1158106e-19   1.8569082e-29   8.2056681e-03   8.4107340e-04   1.6019739e-07
   3.2149444e-03   4.3068904e-05   1.0705226e-03   3.0964846e-43   8.6898704e-04   3.5474433e-18   2.8395020e-34   9.1342973e-03   1.0642155e-03   5.5606672e-17
   1.4957218e-03   8.3491250e-15   1.3069437e-03   1.5819580e-17   6.3475923e-04   2.4368655e-19   1.3262712e-15   9.1193810e-03   9.0052695e-04   5.2458943e-09
   3.7690554e-05   4.4002534e-14   2.1558018e-03   3.2193625e-46   4.5303744e-04   5.1062034e-18   1.1149799e-12   8.0273722e-03   7.5436068e-04   2.2091690e-02
   4.7748138e-05   1.5412023e-07   2.2624919e-03   7.1652313e-43   5.9905851e-04   4.4172314e-14   7.2184922e-21   6.8759109e-03   6.7049606e-04   3.1753420e-02
   2.4670961e-05   5.6154441e-06   1.8065713e-03   2.9842493e-37   7.0046177e-04   5.9526875e-09   4.4157936e-18   6.0538670e-03   8.0498624e-04   1.1232030e-02
   2.4367464e-04   8.8079863e-05   1.3500688e-03   2.8689521e-30   8.8462911e-04   1.6477356e-10   4.8363701e-24   5.9707013e-03   1.0850994e-03   1.1109090e-12
   1.0050277e-03   4.4990800e-04   1.3603063e-03   3.2865888e-33   5.8482713e-04   2.0055523e-08   3.3690442e-25   5.2144742e-03   9.4951722e-04   1.0852904e-17
   3.9112939e-04   4.8051064e-03   1.4698702e-03   1.2263435e-50   5.9814151e-04   3.9875860e-08   1.4343276e-25   4.4079439e-03   5.2388940e-04   3.9267100e-15
   3.5273633e-04   6.2886114e-03   1.3994909e-03   2.3465826e-24   7.0284483e-04   4.1578158e-11   3.1173792e-18   3.6969727e-03   5.9286882e-04   4.0059664e-17
   1.3263266e-04   8.5349172e-03   1.4750780e-03   2.1906889e-08   6.0509901e-04   3.9883690e-07   6.9668874e-16   2.9461602e-03   6.9983552e-04   3.9931685e-25
   1.7905657e-04   6.7659153e-03   1.2510422e-03   9.0498777e-04   4.3988083e-04   7.1729503e-05   1.3279021e-09   2.8507580e-03   7.7333030e-04   4.6415768e-31
   5.6471324e-04   8.3046393e-03   1.0060740e-03   1.6320748e-19   5.5999269e-04   6.8246522e-05   1.1014988e-11   2.5823100e-03   8.5802740e-04   2.3678143e-29
   5.0041806e-04   8.7163818e-03   1.2133562e-03   6.8615691e-09   4.9010753e-04   3.1050378e-07   1.9082746e-27   2.7666057e-03   5.2945866e-04   5.1643911e-18
   4.0716789e-04   8.0255868e-03   1.5048960e-03   1.2677638e-06   4.0885369e-04   4.2663782e-05   7.5201766e-15   2.0939199e-03   2.1055176e-04   3.0898145e-16
   8.2164500e-07   6.5141437e-03   1.6141890e-03   6.1923455e-04   6.2644176e-04   1.0332801e-04   3.0005397e-13   1.7680639e-03   3.0323688e-04   3.4537174e-07
   6.8142097e-09   6.0656967e-03   1.3529177e-03   1.5975953e-03   5.2452630e-04   2.0015022e-04   1.0561721e-12   1.9602555e-03   2.6185087e-04   2.9888792e-05
   3.4988533e-09   8.4666098e-03   9.0294035e-04   1.8919151e-03   4.2739135e-04   1.4167994e-04   3.0304368e-16   2.1126234e-03   2.6444406e-04   4.3585444e-16
   7.0520404e-15   8.1564637e-03   9.6706994e-04   1.3629586e-03   5.2935963e-04   1.9232204e-04   2.1602744e-21   1.5967946e-03   2.7771304e-04   1.5909831e-20
   5.7095037e-08   9.3684933e-03   9.5307045e-04   3.9382040e-26   5.4532116e-04   4.4421341e-11   2.9467530e-21   1.4499725e-03   3.8668814e-04   1.5521428e-17
   1.1850595e-08   1.3098403e-02   1.0324421e-03   1.7105851e-17   5.6655724e-04   1.4771525e-07   2.1936697e-16   1.2004407e-03   4.0470074e-04   2.0709618e-20
   1.2230264e-09   1.5693266e-02   1.0331090e-03   1.0527446e-03   5.2829715e-04   9.8695253e-08   1.5944601e-16   8.7803229e-04   3.9045438e-04   2.0659003e-19
   7.2052287e-07   1.8785520e-02   9.7280781e-04   8.6694144e-04   2.7030168e-04   9.9538904e-10   9.1983585e-10   1.0604536e-03   3.8754764e-04   1.6186663e-17
   2.4510011e-06   1.9340383e-02   9.3942321e-04   1.3807689e-27   2.4448298e-04   6.3032655e-11   9.8794471e-21   9.7025393e-04   3.9802706e-04   5.4230526e-29
   3.8633224e-09   2.1619567e-02   1.1606831e-03   1.3295066e-13   4.0737989e-04   7.3626316e-09   2.0461119e-10   6.8328464e-04   3.8091780e-04   2.2394467e-25
   4.2133115e-09   1.3880164e-02   1.0979876e-03   2.4925474e-03   3.2826082e-04   2.4765427e-07   1.1604922e-03   8.1805023e-04   3.2801129e-04   5.3707173e-18
   1.2374551e-11   1.2839133e-02   1.2323671e-03   2.1150374e-03   2.9038738e-04   6.8910312e-07   3.2860226e-06   8.7204325e-04   2.1795061e-04   2.3846964e-16
   6.5595276e-07   1.0172141e-02   1.1515267e-03   1.9061862e-03   3.7956099e-04   3.2152245e-06   2.7549997e-08   1.0346045e-03   1.4343984e-04   3.8696496e-07
   5.5911966e-08   1.0817269e-02   1.1352950e-03   6.0655708e-04   3.5831123e-04   4.1867753e-05   7.9865336e-04   6.1332675e-04   1.4300527e-04   6.4447548e-04
   6.7917590e-13   1.0486089e-02   1.0666807e-03   9.1550832e-04   3.1821806e-04   8.5211884e-06   6.9106628e-14   5.7191708e-04   2.6072089e-04   4.7896345e-14
   1.9140996e-12   5.4997724e-03   9.1155521e-04   1.1853933e-03   3.4495722e-04   1.6314087e-04   1.2982458e-10   5.5916755e-04   3.9957698e-04   9.1048348e-19
   1.4625861e-10   6.4111664e-03   8.4325655e-04   1.8775219e-03   3.6073597e-04   2.7395783e-04   2.4892582e-15   4.8771422e-04   4.1794775e-04   6.3788646e-18
   7.8641552e-09   5.8169133e-03   7.5101149e-04   1.0645652e-03   2.4362555e-04   3.1453746e-04   1.9825359e-24   5.5229911e-04   4.0382433e-04   1.2395863e-17
   3.0194152e-08   6.1652078e-03   7.6391279e-04   1.3213670e-03   3.9531611e-04   3.8301566e-04   2.3730819e-10   4.5552789e-04   3.4948543e-04   5.8622064e-26
   2.1931214e-11   7.3027669e-03   8.2820282e-04   3.5476630e-03   3.7449697e-04   2.7277697e-04   1.3314060e-05   5.0912329e-04   4.1763820e-04   1.2871651e-20
   9.6560898e-08   5.9280100e-03   8.9068535e-04   1.3111123e-03   3.4884844e-04   2.6882185e-04   3.7847427e-14   7.9264641e-04   3.7636886e-04   1.7763339e-25
   6.2641617e-07   4.7000488e-03   9.4684027e-04   1.1794141e-03   4.8599969e-04   2.7093332e-04   5.4511365e-10   7.9530240e-04   3.1764836e-04   2.7509203e-26
   2.1447546e-05   3.7795420e-03   1.0559904e-03   2.8785510e-03   4.6746589e-04   4.6772291e-04   2.7781396e-09   6.4797096e-04   3.2274082e-04   7.2910768e-28
   1.4199643e-05   2.2190870e-03   1.0886910e-03   2.7066396e-03   4.3609967e-04   4.1818949e-04   3.4813933e-15   6.9005142e-04   1.5182388e-04   4.2170699e-14
   2.2235373e-07   2.2413554e-03   1.1929358e-03   1.9094538e-03   4.6409761e-04   5.0617350e-04   6.8262352e-20   7.3328154e-04   2.0547716e-04   8.8249986e-07
   1.2574839e-04   2.2396520e-03   9.9180649e-04   1.3922883e-03   4.3925900e-04   6.3731011e-04   9.0549217e-04   7.2765964e-04   3.5176262e-04   1.9924479e-04
   9.9090830e-05   4.3402915e-03   9.8007764e-04   9.0046835e-04   3.2000042e-04   5.0898804e-04   1.0290816e-03   7.8620758e-04   3.8356705e-04   8.2516615e-14
   1.6399304e-06   4.8629152e-03   9.5596007e-04   2.2484221e-03   4.1078669e-04   5.6744009e-04   6.3602409e-10   6.3841914e-04   4.3150825e-04   2.2918252e-19
   3.4688135e-10   5.2356518e-03   8.7301258e-04   1.5569068e-03   4.2886993e-04   1.9101592e-04   2.4294420e-21   8.2150220e-04   2.9813277e-04   2.6083443e-13
   3.7501757e-11   3.5838174e-03   8.4349197e-04   2.4324700e-10   4.7007364e-04   4.9544408e-04   1.5137592e-33   1.0066927e-03   4.1860242e-04   9.4962130e-13
   1.9498301e-14   3.5674576e-03   1.0418742e-03   9.1962697e-25   3.8054348e-04   5.6263078e-04   6.3943521e-38   1.2048823e-03   5.1426876e-04   7.6903731e-17
   6.9771809e-12   6.3051973e-03   1.1715820e-03   3.0316676e-49   3.1456886e-04   3.5205403e-04   7.6163712e-22   1.0801164e-03   4.4830292e-04   2.6473895e-24
   4.8990899e-11   8.0889714e-03   1.3767529e-03   1.0620848e-03   3.9504927e-04   5.1803420e-04   6.9153077e-22   5.9359687e-04   4.9713356e-04   1.0446184e-26
   1.7224124e-07   3.4189021e-03   1.3591019e-03   6.7748580e-04   6.5789615e-04   1.5634681e-04   6.0234647e-26   1.1671910e-03   6.0886855e-04   3.0850109e-19
   2.2727178e-06   3.7852262e-03   1.6437924e-03   2.4334250e-03   6.4511113e-04   1.8887903e-04   7.2457824e-16   1.4755052e-03   3.3614816e-04   6.2734861e-15
   6.1543751e-07   4.3070254e-03   1.6101455e-03   2.6141785e-03   4.8515852e-04   7.2310249e-04   5.2738286e-12   1.2560869e-03   5.5084009e-04   1.2752498e-10
   2.3956459e-10   1.2321504e-03   1.3264870e-03   2.7187214e-03   4.3057551e-04   4.4247420e-04   1.9428347e-11   2.3304067e-03   8.4046820e-04   9.8355408e-07
   1.5360545e-04   3.4688040e-03   1.2499576e-03   1.3357490e-03   5.3590222e-04   5.1943192e-04   1.2360049e-15   2.1894829e-03   8.0692395e-04   8.8454894e-06
   4.0439135e-04   1.2864169e-03   1.6797612e-03   2.0734667e-03   5.4213632e-04   8.7904911e-04   4.3376128e-09   1.6862382e-03   7.0923158e-04   1.2467255e-09
   7.5697061e-05   3.5603194e-03   2.0571133e-03   5.8524307e-03   5.5825825e-04   1.7790694e-04   2.7476402e-11   1.8602176e-03   8.4657444e-04   5.1537842e-19
   9.6870951e-06   5.8174528e-03   1.9315355e-03   2.9255556e-03   4.1922698e-04   1.6542806e-04   1.1057109e-18   2.0227174e-03   8.3637676e-04   1.3796084e-13
   3.9424958e-07   3.9646793e-03   1.7733327e-03   3.3888215e-25   4.6450222e-04   3.2579389e-04   2.0392821e-26   2.0718646e-03   6.7541194e-04   6.3790825e-16
   5.5761645e-07   3.7274561e-03   1.9293926e-03   2.7231788e-03   6.2203574e-04   2.1468100e-04   7.0329471e-12   1.9279228e-03   8.3381785e-04   9.2043113e-14
   5.2859517e-06   3.6566868e-03   1.7396882e-03   4.9557975e-03   6.2236444e-04   1.1393424e-04   4.7306144e-10   2.0984119e-03   1.0427077e-03   2.0856500e-09
   4.6728483e-06   6.9175066e-03   1.7395185e-03   1.6566272e-03   4.7794409e-04   2.6221671e-05   3.2430057e-10   1.9187832e-03   1.1331882e-03   4.6409326e-20
   1.6425697e-05   6.1924608e-03   1.9319561e-03   2.4493159e-13   5.1485759e-04   8.5051442e-05   1.0624565e-03   1.8435489e-03   8.3667678e-04   3.0947509e-11
   8.1138592e-06   4.8074127e-03   1.7661074e-03   1.9828174e-03   8.7749119e-04   7.6007250e-07   2.5449530e-09   2.6042224e-03   9.4924700e-04   4.9289073e-06
   8.0065980e-06   4.0051150e-03   2.3190033e-03   2.3008485e-03   8.0687920e-04   3.1506559e-12   8.6865558e-21   2.7458667e-03   7.9150887e-04   4.0020471e-05
   2.3485788e-05   5.7277792e-03   2.4875469e-03   8.7761138e-04   7.0149691e-04   5.6936621e-06   2.3295951e-08   2.1140278e-03   6.9449246e-04   6.5324637e-06
   1.4529062e-06   3.6232317e-03   2.0929820e-03   7.4636092e-04   3.8030334e-04   2.6238860e-04   6.9790230e-04   2.3254779e-03   6.7241634e-04   7.6294645e-03
   3.5734033e-06   4.5028985e-03   1.7350687e-03   4.1209593e-03   6.3382314e-04   7.6033858e-11   2.6055203e-11   3.2828454e-03   7.1808763e-04   4.5930426e-03
   6.9217788e-05   6.2190595e-03   2.0168890e-03   3.4902382e-03   8.1432031e-04   5.4968672e-10   5.8034365e-07   2.4763084e-03   6.6051231e-04   1.3456026e-05
   2.9016822e-05   4.4850378e-03   2.1170776e-03   1.3093256e-22   8.2439121e-04   2.1589597e-07   3.3941694e-12   1.9456687e-03   6.8606827e-04   1.3851782e-09
   6.1225477e-05   4.3953380e-03   1.4110689e-03   1.2813006e-03   9.4892887e-04   3.2957166e-09   9.2903394e-13   2.2416245e-03   1.3309040e-03   2.0485209e-18
   6.8156673e-07   5.1631706e-03   1.8082010e-03   2.7399526e-04   1.0126760e-03   1.6005912e-11   2.9209789e-15   2.6986788e-03   1.3095917e-03   1.9887704e-15
   2.5497967e-09   9.3676235e-03   1.3555742e-03   2.8179545e-03   7.1582748e-04   1.7310533e-14   1.6879886e-15   3.0300643e-03   1.2653540e-03   4.3810317e-20
   1.1344144e-09   9.1291771e-03   1.6409702e-03   2.0614288e-03   1.0057279e-03   1.7500037e-15   6.2423488e-18   2.8241967e-03   1.2931312e-03   2.6928504e-16
   3.3452242e-08   1.0552257e-02   1.4762924e-03   4.3659409e-03   9.3686172e-04   4.8986942e-15   1.5339942e-11   3.1407095e-03   1.5385106e-03   6.5129044e-17
   2.0828169e-04   1.3043441e-02   1.7876517e-03   1.8868548e-03   5.7404082e-04   4.3989924e-16   2.3810066e-09   3.0034227e-03   1.7908748e-03   2.5240041e-24
   6.5891793e-07   1.0877220e-02   2.2097341e-03   4.4729962e-16   6.2889620e-04   1.4845163e-12   1.0081448e-06   3.1156700e-03   1.0172290e-03   1.8578631e-20
   4.7354437e-05   1.2063927e-02   1.9417650e-03   4.4313543e-12   8.5272697e-04   1.5443766e-04   1.1202170e-11   2.7283121e-03   9.2947003e-04   1.3047957e-23
   4.9335516e-04   1.1263040e-02   1.5424865e-03   2.1733540e-03   9.0185970e-04   1.3532800e-04   3.5484696e-10   2.3147500e-03   1.1372520e-03   1.4841079e-18
   6.9717091e-04   6.2463557e-03   1.4002416e-03   1.9938161e-17   7.9053829e-04   2.2030070e-11   1.0425828e-03   3.5206421e-03   9.0293099e-04   9.0399227e-15
   6.0746554e-04   8.9312079e-03   1.4840139e-03   3.2153480e-14   8.0839637e-04   6.4322581e-14   2.0875119e-03   3.5262455e-03   8.8793245e-04   4.8845991e-14
   7.8352989e-04   1.2744751e-02   1.5297516e-03   1.7753343e-17   7.3820360e-04   1.2759584e-13   3.7299926e-06   3.5003623e-03   9.3691890e-04   9.5946541e-21
   7.6947056e-04   1.2248879e-02   1.7142050e-03   6.5129129e-03   7.8672238e-04   1.3048437e-12   1.2381627e-03   2.5670942e-03   7.5444930e-04   1.9752801e-24
   1.9545625e-05   9.5296330e-03   1.9836538e-03   8.3776215e-03   1.2133308e-03   4.2426725e-15   6.6528940e-04   2.6789479e-03   4.9646003e-04   2.2851684e-17
   6.6411944e-10   5.8577317e-03   1.6980330e-03   6.7016549e-03   1.1141258e-03   1.9034240e-14   3.2214126e-03   2.9691893e-03   6.8122846e-04   3.6199714e-18
   1.9579834e-11   7.5044575e-03   1.6453313e-03   9.4640386e-03   9.8848563e-04   8.8882863e-15   3.4051476e-03   2.6481871e-03   6.2460155e-04   7.0841192e-13
   8.1933481e-14   1.0826963e-02   1.5951784e-03   5.2728792e-03   1.0528718e-03   2.2677280e-12   2.6196932e-03   2.2962118e-03   4.8234985e-04   1.9161654e-17
   2.1107523e-06   6.0205616e-03   1.2375529e-03   3.4457276e-03   1.3900113e-03   7.8864033e-09   2.6216046e-03   2.2368966e-03   5.0271723e-04   3.8165281e-24
   3.7221534e-08   8.1814994e-03   1.3315033e-03   3.6506821e-07   1.5206173e-03   1.2896456e-11   2.0534534e-03   1.8638133e-03   4.5531364e-04   3.0906439e-21
   4.5568465e-12   5.6867760e-03   1.6286694e-03   4.1708004e-03   1.2528307e-03   4.0454170e-06   1.4127545e-03   1.4537874e-03   3.7334598e-04   3.5059850e-18
   6.5276813e-10   5.4523420e-03   1.4647023e-03   3.8527733e-03   8.9325192e-04   1.3792844e-04   3.7658099e-07   1.8392908e-03   3.9164827e-04   1.1259522e-17
   4.4772411e-08   5.3089713e-03   1.2208669e-03   3.9575274e-03   8.6991928e-04   1.6534517e-07   4.0743294e-03   1.9955140e-03   3.1546486e-04   2.6014982e-16
   1.3502939e-11   4.5084837e-03   1.1925854e-03   8.9561332e-03   9.6123599e-04   5.6965689e-08   6.0017452e-03   1.7828357e-03   4.5269490e-04   1.3496543e-20
   2.4139473e-09   3.8481832e-03   9.3981080e-04   8.1905232e-03   1.1510316e-03   1.7273630e-04   2.8766702e-03   1.6514716e-03   5.4706149e-04   3.3926413e-30
   2.2063001e-05   4.7030222e-03   9.6022949e-04   1.3808723e-02   8.8831719e-04   7.0561806e-05   7.7697110e-03   1.6510008e-03   4.2022474e-04   7.3237107e-22
   4.6713504e-11   2.8953365e-03   9.6035795e-04   1.6259230e-02   9.8873773e-04   8.8777427e-06   7.5244774e-03   2.0558999e-03   2.7284107e-04   1.1385984e-22
   3.0414720e-07   4.8085919e-03   8.2985227e-04   8.7917594e-03   1.0305322e-03   2.1737372e-06   5.5935494e-03   1.9816046e-03   2.0699849e-04   1.2634864e-36
   1.7559219e-08   4.4467009e-03   8.7239726e-04   1.5468948e-02   9.5174035e-04   5.6420867e-07   4.6219466e-03   2.1448871e-03   1.4616659e-04   8.1189113e-29
   2.7886237e-12   3.5109657e-03   8.6737307e-04   2.7985738e-02   1.1036195e-03   7.2893796e-08   3.6296930e-03   2.0471143e-03   1.0207826e-04   9.4590960e-25
   2.8032038e-10   2.6012582e-03   1.1216979e-03   1.7812645e-02   1.4521966e-03   6.8452773e-09   7.5793361e-03   1.5665178e-03   7.0590097e-05   5.8190934e-28
   1.3009527e-12   2.1241572e-03   1.2123632e-03   5.6988278e-03   1.2434606e-03   1.3078690e-04   1.0189641e-02   1.2197694e-03   1.3668790e-04   3.2952659e-28
   6.2435795e-12   1.8643578e-03   8.8267644e-04   1.7800024e-08   1.5966680e-03   4.7611209e-05   1.0231940e-02   1.2068736e-03   1.7972005e-04   1.2572663e-24
   2.8440465e-09   3.0412459e-03   8.3657919e-04   3.8633395e-26   1.4546249e-03   4.2452891e-05   8.5620640e-03   1.2541571e-03   1.7556518e-04   2.7952442e-19
   4.6884229e-09   1.3304931e-03   5.6440514e-04   1.2652365e-37   1.0404263e-03   1.1134623e-04   1.4244012e-02   1.5172383e-03   2.3690619e-04   1.0690524e-17
   8.8616746e-08   1.1248106e-03   6.5217164e-04   1.0110616e-02   8.2783682e-04   3.2027101e-04   1.2693151e-02   1.7010390e-03   1.3214294e-04   6.3971601e-25
   1.3127852e-15   1.9506143e-03   4.6046557e-04   2.3511892e-02   1.0472399e-03   1.5439939e-05   1.3120987e-02   1.3435594e-03   2.4275571e-04   4.0312383e-27
   7.5911389e-12   2.8036443e-03   5.0278948e-04   2.9820209e-02   1.2696872e-03   2.3773176e-06   1.6453611e-02   1.1813323e-03   2.6363082e-04   1.9837681e-32
   1.3209406e-16   2.8874640e-03   6.0807079e-04   2.5457195e-02   1.6399779e-03   7.6319068e-05   1.6271794e-02   9.4785992e-04   1.7659929e-04   2.0960491e-21
   9.4679403e-13   1.8581189e-03   6.1557217e-04   4.0955735e-03   1.7432149e-03   5.3788660e-08   1.6047899e-02   1.0369813e-03   1.8725835e-04   6.7379443e-18
   4.6922243e-12   2.6311596e-03   4.9793242e-04   1.6530909e-02   1.6704676e-03   3.0231847e-07   1.2629326e-02   1.1269408e-03   2.4198029e-04   5.6589123e-25
   1.9171410e-07   3.9812291e-09   4.5321788e-04   2.5029586e-02   1.5494345e-03   7.6284382e-10   2.3437233e-02   8.9877156e-04   2.4113257e-04   2.9481149e-23
   2.0713272e-11   2.6363121e-06   5.1418809e-04   1.6326476e-02   1.7226110e-03   4.6694629e-10   2.4276767e-02   1.1082438e-03   1.5038120e-04   9.1361630e-21
   1.4797865e-11   1.5398247e-03   5.0693747e-04   2.6542719e-02   1.6570424e-03   2.0395024e-10   1.4903925e-02   1.6860321e-03   7.0950941e-05   9.4372258e-16
   2.6525318e-13   9.7443946e-04   4.6167748e-04   3.7612387e-02   1.5391276e-03   3.8533789e-07   1.4747765e-02   1.3972841e-03   1.6785987e-04   1.7115497e-16
   5.5368694e-13   1.8655520e-05   4.7795308e-04   2.9902260e-02   1.6701994e-03   4.2028425e-10   1.6449583e-02   1.4238072e-03   9.8773396e-05   1.7598690e-11
   4.5955808e-08   7.9589858e-09   4.9279151e-04   2.0389149e-02   1.6251247e-03   1.8577238e-08   1.9671511e-02   1.2558981e-03   1.6271430e-04   1.8655279e-11
   7.5115418e-11   1.0400039e-09   4.5074659e-04   1.9849416e-02   1.8799337e-03   1.8394195e-13   3.1797472e-02   1.2802629e-03   2.2515717e-04   2.0100885e-18
   1.0156236e-08   1.1531063e-09   5.3544626e-04   2.5302605e-02   1.5395253e-03   4.8083850e-12   2.4350702e-02   1.7379385e-03   1.6126347e-04   4.7695687e-17
   1.4308109e-12   1.0184463e-05   4.6999191e-04   7.6586761e-03   1.5883163e-03   2.5007707e-07   2.4357311e-02   1.5185530e-03   2.1388030e-04   6.5161895e-25
   2.5692052e-05   1.9731200e-03   4.8473788e-04   1.8507884e-03   1.6518623e-03   1.2764587e-06   2.2435985e-02   1.4647915e-03   2.1093532e-04   5.5310228e-29
   1.3485354e-06   3.6006484e-04   6.4583417e-04   1.2335952e-02   1.5481515e-03   1.1253213e-05   1.2477121e-02   1.6476306e-03   2.6621268e-04   2.6083294e-29
   7.2063417e-05   1.4920934e-03   6.4917739e-04   5.1712129e-03   1.5538897e-03   3.3114517e-09   1.3764203e-02   1.3087768e-03   2.1694658e-04   2.0895993e-24
   4.7045383e-05   8.6808495e-04   4.8333880e-04   4.1331966e-39   1.8540507e-03   8.2884422e-10   1.9408261e-02   1.3446521e-03   2.9879054e-04   2.5202074e-24
   2.0132708e-08   3.5358536e-06   5.7189174e-04   2.4276525e-11   2.3434547e-03   5.9491156e-13   1.9748412e-02   1.6063727e-03   1.8072488e-04   9.6877777e-35
   5.1493224e-11   1.2419878e-08   7.0739848e-04   1.9294611e-11   2.3249946e-03   5.1287340e-09   1.9516611e-02   1.5301982e-03   1.1715252e-04   6.3463585e-20
   9.9886662e-13   4.9885210e-14   4.9406948e-04   8.1675590e-27   2.0133262e-03   9.5850810e-11   2.4097530e-02   2.1104524e-03   1.1938405e-04   2.7183547e-22
   6.3585646e-17   3.0629513e-16   4.3107413e-04   1.1121518e-26   1.9627371e-03   2.9311605e-11   2.2026712e-02   2.4701136e-03   1.3717010e-04   4.7955638e-19
   6.7266780e-16   9.0837041e-11   5.3674157e-04   1.6940079e-29   2.2202084e-03   2.6106302e-10   1.2053648e-02   2.2423639e-03   1.9676651e-04   1.7654059e-21
   1.4281627e-11   9.3242033e-05   7.3388722e-04   5.3620837e-29   2.1729436e-03   4.9583651e-13   9.9092835e-03   2.6072408e-03   1.6293026e-04   3.8328345e-25
   1.0617859e-12   2.0622000e-05   6.7632031e-04   5.9915128e-46   2.1273582e-03   3.8001252e-10   8.8275757e-03   2.9782368e-03   1.3746661e-04   1.4656977e-23
   3.8573484e-15   4.8277730e-09   4.3798848e-04   1.4388856e-19   2.0289152e-03   1.5775161e-09   8.3631403e-03   2.7535507e-03   3.8743554e-04   7.8933345e-31
   7.7474725e-14   1.2058260e-03   3.2842040e-04   3.7807373e-03   1.8475976e-03   1.4843147e-08   6.1098599e-03   3.3528160e-03   3.3074823e-04   2.7443265e-31
   6.6749663e-22   4.9182885e-05   3.9939431e-04   1.0245804e-05   2.4091490e-03   6.4516216e-07   5.5792398e-03   3.6542272e-03   4.1570993e-04   1.5950173e-30
   1.3897941e-21   2.3301953e-08   4.9684355e-04   5.1764398e-11   2.1027579e-03   4.0927551e-05   6.6211839e-03   2.7840031e-03   4.4066687e-04   9.5027655e-19
   1.1240107e-11   1.2244636e-06   3.5982059e-04   6.1307767e-03   2.1284700e-03   2.0501631e-08   1.4131334e-02   3.5263078e-03   3.6876860e-04   8.6265146e-25
   4.2835033e-18   2.1039579e-13   6.7173883e-04   3.8698733e-08   2.2154079e-03   2.8550416e-07   1.6566995e-02   3.7505394e-03   2.5345027e-04   1.5226198e-32
   2.0069114e-17   1.6513344e-08   7.8778328e-04   6.3002166e-03   2.3410685e-03   7.6193868e-08   1.1924896e-02   2.9259942e-03   5.0668855e-04   2.7451122e-28
   1.0871125e-15   9.2960509e-08   6.0164552e-04   6.3487159e-03   3.4061554e-03   1.7794178e-14   9.0416942e-03   3.5976089e-03   3.7540406e-04   7.3528557e-19
   1.5962957e-18   6.0183333e-11   8.3694315e-04   7.6917055e-54   3.5219198e-03   1.3751525e-16   4.9793205e-03   4.0262456e-03   3.4607069e-04   3.9724196e-12
   1.1108788e-18   7.9997579e-07   1.2547275e-03   1.1856528e-04   3.1478182e-03   2.7989348e-15   9.8657233e-08   4.5139864e-03   3.1855669e-04   8.7871306e-09
   2.1378553e-19   3.7448635e-08   1.1206210e-03   1.5517270e-03   2.3017614e-03   7.7130242e-08   3.9461279e-03   3.9210745e-03   4.5074860e-04   8.7023359e-09
   1.0500192e-17   3.0933543e-04   1.0191906e-03   6.6590188e-03   2.1513222e-03   4.2868466e-08   9.1803707e-03   3.8010113e-03   4.5941221e-04   1.1281343e-15
   1.1318342e-22   7.6707387e-03   6.2545830e-04   9.3560210e-03   2.4995968e-03   1.3577834e-18   7.9595695e-03   4.3120626e-03   6.0313259e-04   3.0048017e-13
   1.7443880e-24   5.5657530e-03   4.5990519e-04   1.1156508e-02   2.4966252e-03   4.4148354e-19   1.3390386e-02   3.9926634e-03   6.7306191e-04   1.5650984e-14
   8.0978830e-24   1.0739639e-09   3.2281081e-04   1.0280818e-02   3.0006490e-03   5.2499470e-18   1.9394912e-02   4.5108818e-03   8.2009934e-04   4.7338356e-24
   2.3630325e-20   4.2750553e-03   5.7128714e-04   4.0108202e-03   2.4378137e-03   6.3050166e-23   2.0680164e-02   4.1311689e-03   4.4769944e-04   4.7089082e-15
   5.3184377e-23   6.2152168e-03   8.2075194e-04   2.1373995e-03   2.4620981e-03   1.5022997e-19   7.5859576e-03   4.1802616e-03   3.3268397e-04   6.6332949e-16
   2.4489235e-25   8.7682975e-03   8.0656871e-04   3.5258988e-03   2.3803516e-03   2.4080398e-17   1.6729617e-03   4.2606882e-03   4.5083851e-04   1.3352639e-27
   4.1794484e-25   6.2955233e-03   9.3915119e-04   2.8473396e-03   3.7078055e-03   6.3826627e-25   1.1866834e-03   5.3901628e-03   2.6356164e-04   2.0134948e-21
   4.6211532e-21   5.4438602e-03   7.9624207e-04   7.4306694e-05   3.6321258e-03   4.4295103e-29   8.9710312e-03   3.6563334e-03   4.6959848e-04   2.1873324e-22
   3.5840617e-17   1.9592795e-03   1.2114878e-03   1.8542904e-03   4.3401033e-03   8.1777335e-31   6.4938456e-03   3.3707417e-03   3.0480669e-04   2.2071331e-12
   1.8592074e-18   3.8778780e-03   1.6109645e-03   7.6797967e-17   4.8278312e-03   1.0179005e-32   2.4658528e-16   2.4995352e-03   2.4184507e-04   1.4097989e-07
   3.3663304e-10   4.9432615e-03   1.3736660e-03   5.9499023e-13   4.2515045e-03   3.9304532e-25   6.7232789e-16   1.6748614e-03   4.2443813e-04   5.2764998e-06
   4.3365822e-07   2.5050292e-03   1.2903242e-03   3.6616390e-09   4.3611129e-03   3.0950454e-27   2.1982927e-07   1.9701013e-03   4.6201452e-04   7.6480619e-11
   1.5752640e-06   5.1433953e-04   1.6880984e-03   2.3855455e-04   4.7312510e-03   5.5568653e-30   3.9266940e-03   1.9639784e-03   2.0545677e-04   3.2356238e-21
   8.9232037e-08   2.3927376e-03   1.6632745e-03   3.7534993e-03   4.5202370e-03   6.4189778e-26   9.1047874e-03   1.0800709e-03   3.2172957e-04   7.3557799e-24
   3.5673501e-05   4.8345801e-03   1.5409759e-03   8.8556998e-03   4.7081291e-03   2.9473343e-17   1.7610963e-03   4.4659583e-04   6.0163484e-04   2.6294674e-24
   1.2651068e-04   4.7038337e-03   1.5535944e-03   2.4539720e-10   4.5814508e-03   1.1251565e-17   1.7855800e-12   6.5695132e-04   5.6112149e-04   1.0194781e-32
   1.5126071e-06   6.8577072e-03   1.8172354e-03   5.8376335e-37   4.1223411e-03   5.7759277e-16   7.1037837e-16   4.3178195e-04   4.7676391e-04   3.3917428e-26
   2.0535916e-04   9.5326761e-03   1.4347863e-03   5.5744478e-61   3.7226774e-03   5.4575495e-13   2.3325201e-10   4.7326080e-04   5.8426624e-04   1.1059332e-26
   3.1534363e-05   8.8176176e-03   1.6769390e-03   3.4449074e-49   3.1173907e-03   1.4348773e-14   1.9807923e-05   6.1050190e-04   4.3397151e-04   4.9578794e-32
   1.0141488e-04   6.7209906e-03   1.8340905e-03   2.1878750e-28   2.8780208e-03   8.6759476e-12   2.9429345e-03   3.9056246e-04   7.3512641e-04   4.0952363e-36
   5.6489636e-05   7.4310419e-03   2.0276723e-03   6.1733717e-04   3.0533090e-03   9.7745083e-12   4.5731647e-03   2.6003199e-09   9.0109007e-04   2.2081767e-37
   3.9092302e-05   6.9628456e-03   1.9962410e-03   5.0209207e-03   2.9093262e-03   5.7913708e-07   4.9113621e-03   3.6365554e-06   8.3673623e-04   1.2354110e-30
   1.5712127e-04   5.0304845e-03   1.7497348e-03   7.3836952e-12   2.8005447e-03   2.2060581e-06   4.0675272e-03   2.4752958e-04   9.0995484e-04   9.8006335e-29
   2.4485447e-04   3.4234456e-08   1.6354354e-03   3.3065999e-16   3.4428379e-03   4.8755403e-10   8.6967605e-03   6.2055037e-06   9.1127138e-04   6.7403967e-37
   1.3053441e-03   1.9154743e-04   1.4362789e-03   7.5572100e-05   3.3358781e-03   3.2081642e-10   7.2247341e-03   6.5828960e-09   8.2840549e-04   2.0127934e-37
   1.5138545e-03   4.6351392e-03   1.4122312e-03   1.7557678e-10   3.1040654e-03   3.0854998e-09   3.7947118e-03   1.5103807e-11   6.3515429e-04   1.8560905e-46
   8.8445255e-04   3.8068969e-03   1.4745502e-03   9.4758274e-20   3.2574558e-03   3.5281045e-09   6.6448045e-07   1.5176898e-10   5.6590431e-04   4.1218125e-49
   9.7113612e-04   2.6788184e-03   1.2445817e-03   1.8642180e-26   2.3220161e-03   1.2159309e-08   4.9595555e-03   1.0355960e-05   6.2648975e-04   4.7697961e-39
   5.4728465e-04   4.1117729e-03   9.0880226e-04   1.3621769e-49   3.0036901e-03   2.4700482e-09   2.2452168e-03   3.9647664e-11   5.0961715e-04   5.7952064e-35
   8.8243630e-05   1.6265766e-03   8.3708164e-04   3.3607747e-42   4.0687848e-03   6.8710296e-14   2.1060445e-14   3.9361299e-09   5.0739591e-04   2.7117026e-32
   3.8893039e-05   1.3589519e-03   1.0421014e-03   3.5292919e-05   4.0775349e-03   4.1443887e-18   3.9538632e-13   1.9781437e-10   3.9440826e-04   3.4503972e-35
   1.5822052e-05   4.6106776e-04   1.2064331e-03   4.7378067e-03   3.3030613e-03   9.5572605e-17   6.4674677e-03   3.8920939e-09   4.5228287e-04   1.2480719e-35
   5.9988871e-05   1.7058169e-10   9.9597299e-04   1.5968187e-04   3.5768800e-03   1.9221297e-16   7.2540600e-03   1.0528713e-09   4.6783916e-04   2.2571161e-35
   4.3367377e-05   3.9172976e-03   8.4249717e-04   4.9682083e-27   4.1943902e-03   1.6100881e-15   9.4319852e-09   1.1437227e-08   4.0389040e-04   1.6080645e-27
   6.3592575e-06   4.0263081e-03   8.7413053e-04   3.5230869e-22   3.6448939e-03   1.4618043e-13   2.7943956e-03   1.3956956e-09   3.4006204e-04   1.8616019e-33
   2.3166818e-10   2.2450574e-03   6.7122021e-04   2.8428552e-03   3.4322706e-03   1.8084742e-14   5.8165129e-03   8.8019991e-09   3.3174584e-04   3.2084844e-34
   4.9123443e-10   3.4153989e-03   8.4955425e-04   8.4171020e-03   2.9493208e-03   7.5936662e-12   5.1630226e-08   7.7668620e-06   4.0935929e-04   9.6752389e-35
   4.0209366e-05   2.9434173e-03   7.6497224e-04   5.2084570e-03   3.6684723e-03   2.1004602e-12   1.5908286e-07   3.7848041e-10   3.0288829e-04   1.4141018e-34
   3.8355136e-06   2.5446917e-03   6.2943017e-04   5.2269718e-04   3.3562375e-03   3.0546849e-09   5.9924072e-10   9.2252960e-12   3.5856795e-04   4.4201824e-45
   1.9708182e-06   2.9383070e-03   5.9008277e-04   3.7084050e-13   3.5875032e-03   2.8865984e-16   8.1173573e-09   3.8543580e-10   3.6461752e-04   1.2523581e-43
   1.5664341e-04   4.6335011e-03   3.5782695e-04   6.2382651e-05   3.5940703e-03   1.6225910e-15   9.4451748e-04   1.0046070e-10   2.8705260e-04   6.2342646e-33
   3.0110656e-05   4.2229972e-03   3.0420892e-04   7.6817800e-13   3.3566060e-03   6.8075200e-14   3.6635803e-03   1.1633174e-06   3.3232994e-04   7.7096803e-23
   1.4783686e-08   3.3799670e-03   3.1994308e-04   1.3243916e-23   3.3893775e-03   2.1297556e-16   6.2010706e-03   1.4467461e-11   3.1323223e-04   2.6370148e-19
   1.2705857e-06   2.5751792e-04   4.4229893e-04  1.1490023e-100   3.6231902e-03   2.3712242e-17   1.0003402e-02   7.1154036e-15   2.9261202e-04   6.5325557e-27
   4.7182234e-05   3.8118263e-03   3.2738597e-04   6.2284243e-15   2.9437252e-03   4.1971603e-13   1.0277614e-02   3.9674996e-09   3.0767602e-04   2.3275016e-29
   1.3768607e-05   3.7335834e-03   3.8389553e-04   1.5702530e-26   4.2888458e-03   1.1587263e-17   8.5070557e-10   3.0870710e-10   3.0661636e-04   1.1449990e-33
   3.4101200e-05   2.6880735e-03   4.3827511e-04   4.5793783e-43   4.7817953e-03   1.3457805e-23   6.5587968e-17   3.8837691e-14   1.4831290e-04   4.7520214e-33
   3.4495758e-05   2.7872581e-13   3.8508048e-04   1.7390071e-14   5.2627783e-03   1.2573816e-28   5.1521679e-08   1.4105724e-16   2.3770042e-04   4.9981070e-39
   1.4780575e-07   2.2122784e-10   4.5347806e-04   3.3267417e-22   4.5098934e-03   5.3789774e-21   4.5843375e-05   1.4064181e-14   2.8522342e-04   2.2146723e-32
   3.7213119e-08   7.4546750e-09   5.2165178e-04   2.8215233e-03   4.4771669e-03   2.2352791e-21   1.0324089e-16   2.5576924e-17   2.2699035e-04   2.8554276e-40
   9.4265596e-06   1.3735958e-09   4.5858241e-04   5.5260860e-03   4.4651154e-03   1.5047776e-22   3.8044650e-19   9.0207586e-17   2.2909000e-04   1.3508984e-43
   1.0142197e-04   9.7614584e-13   4.1200465e-04   3.9140819e-03   4.0914803e-03   1.0107103e-18   1.0718406e-20   9.1432444e-14   2.4808846e-04   9.4343377e-30
   2.3651063e-04   1.9963321e-12   3.4016355e-04   4.1789096e-16   4.4421914e-03   1.3218842e-22   1.1003039e-14   3.0155908e-17   2.4860047e-04   2.1557213e-33
   1.5086564e-04   2.0390975e-20   3.3244198e-04   1.5074560e-19   4.8997977e-03   1.6928233e-22   1.2980192e-13   1.7137868e-13   2.7984745e-04   2.1260412e-24
   3.1507914e-05   3.7553223e-15   3.3873689e-04   1.7434796e-44   4.8083543e-03   2.4737577e-19   3.5100835e-21   2.8550608e-10   2.5738536e-04   3.1657196e-24
   6.9587461e-07   6.2506388e-19   2.6985581e-04   1.1700606e-33   5.4570020e-03   6.0988696e-24   1.4522236e-21   7.6962494e-14   2.7993637e-04   1.0117350e-34
   1.0851387e-05   2.0810793e-13   2.9115520e-04   2.8279612e-25   5.4562119e-03   1.2619000e-25   1.5422218e-09   9.2210089e-15   2.2845520e-04   3.6623910e-32
   4.6718763e-05   1.7232409e-10   3.6988220e-04   1.3247143e-04   4.1955646e-03   1.2844424e-17   2.4077139e-03   6.2326418e-15   2.4865348e-04   1.0847369e-24
   2.8208149e-04   7.9958244e-09   5.4731083e-04   3.6872439e-03   3.3760537e-03   1.5182373e-12   2.2906959e-03   7.5424804e-12   1.9882964e-04   2.9103777e-36
   3.2059403e-04   7.3618167e-11   4.8207448e-04   1.7887543e-25   3.9282879e-03   1.2208892e-16   1.2048592e-03   1.4291434e-13   1.5427119e-04   6.6096015e-42
   4.0483213e-04   7.3754343e-26   1.9772931e-04   1.1362557e-24   5.1542996e-03   5.7052983e-23   2.0203604e-10   2.9124993e-19   2.1851798e-04   3.3531746e-37
   3.9330411e-05   8.9624199e-24   2.5619335e-04   4.4989596e-12   5.2915584e-03   3.1569199e-25   1.1685987e-10   6.3256779e-19   1.7854225e-04   1.0597766e-37
   4.5794096e-04   1.0916019e-20   2.3082870e-04   5.8113854e-16   3.7305066e-03   3.5736681e-16   1.6726673e-08   7.4458315e-14   2.3466525e-04   9.6582433e-44
   6.3694532e-04   8.7685614e-26   3.0694123e-04   1.7994421e-03   4.1130835e-03   3.0191625e-20   3.0001148e-17   1.2598633e-16   2.1268881e-04   1.5662762e-29
   3.0512092e-04   1.9703176e-26   2.5922332e-04   5.6466077e-03   4.1773572e-03   1.3128263e-20   3.4279561e-22   1.2566642e-14   2.3462696e-04   7.4245630e-28
   2.1926341e-04   4.3819553e-22   1.9974035e-04   4.2632322e-03   4.1259069e-03   1.4425283e-15   1.7434416e-05   2.3448965e-14   2.7138946e-04   3.8216264e-33
   5.4603660e-04   3.3819045e-18   2.0192106e-04   4.6965100e-03   3.3620831e-03   6.9624023e-16   6.7122884e-03   3.3880447e-09   2.4400617e-04   5.0226086e-20
   5.0567025e-04   1.5380341e-21   1.5400968e-04   2.6104309e-03   3.7932499e-03   1.8917353e-17   4.4474210e-03   5.8220711e-09   2.5002852e-04   3.3894486e-21
   1.9046503e-04   4.6963196e-25   2.2531224e-04   3.2345992e-06   3.9819602e-03   3.2136572e-21   1.2668759e-02   4.5619597e-08   2.3720371e-04   1.1667651e-10
   2.4549598e-04   2.3154008e-26   2.5555652e-04   9.4986914e-08   3.9801098e-03   1.1214372e-21   1.2324505e-02   7.0048815e-07   2.9135567e-04   1.5492078e-05
   2.1219874e-04   3.9322680e-22   1.7334393e-04   4.2315014e-13   3.2576963e-03   7.0450003e-14   3.2450492e-03   2.8333152e-04   3.2117508e-04   2.4449122e-09
   6.7642774e-05   2.6403787e-19   1.4531136e-04   4.2654969e-03   3.7444505e-03   1.7091027e-14   3.0127509e-03   3.3350764e-04   2.6452521e-04   7.5246125e-14
   3.8600999e-05   1.7924721e-26   1.7895641e-04   1.8779064e-02   4.5052937e-03   1.4885553e-21   6.6002580e-03   5.7414734e-05   1.9255577e-04   8.7145659e-06
   1.9544327e-04   4.9548477e-13   1.4019734e-04   2.4599698e-02   3.8940546e-03   1.0248728e-18   4.7945939e-14   5.2535547e-04   2.9913804e-04   1.0055331e-16
   6.5724767e-05   1.3352713e-21   1.5386798e-04   1.3011197e-02   4.4361448e-03   3.5693846e-25   6.0918525e-03   4.6359719e-04   2.9088904e-04   1.4337410e-08
   1.1276885e-04   3.9345736e-29   1.4684522e-04   2.9273109e-57   3.9413273e-03   4.4819313e-24   1.0896611e-02   4.6336111e-04   4.0643743e-04   1.2258334e-05
   1.7817982e-04   1.9143053e-38   1.3429022e-04   1.6130475e-18   4.7271848e-03   6.0548124e-30   4.9859342e-03   3.8695384e-04   4.0076526e-04   2.4335205e-04
   1.4310715e-04   7.4384060e-30   1.0133628e-04   1.9946038e-14   4.2979793e-03   5.3224076e-26   4.4512108e-03   8.8887293e-04   3.1539485e-04   6.6434312e-05
   5.8454665e-05   1.0190612e-27   1.7964370e-04   8.1772685e-03   3.2322444e-03   1.6676636e-23   5.7092337e-03   9.1633330e-04   2.9650281e-04   8.2188395e-05
   1.3986876e-04   8.5542733e-24   2.2316277e-04   2.0427367e-02   3.0777612e-03   6.0464153e-19   9.8393070e-17   1.0107450e-03   3.6925746e-04   2.0953606e-04
   8.0301041e-05   9.7562639e-29   1.4120103e-04   2.4994876e-02   3.9218990e-03   4.7088380e-24   9.2641281e-03   8.9603335e-04   4.2082719e-04   9.5032980e-04
   1.4912624e-05   1.7508457e-29   9.8177712e-05   1.2872967e-02   4.4197344e-03   3.9118334e-24   9.8467735e-03   7.8882336e-04   3.5751424e-04   7.6687519e-04
   3.5650146e-08   1.6987988e-32   1.8221732e-04   1.0305205e-02   3.7827322e-03   1.3520005e-24   1.8157613e-09   7.5494551e-04   3.8658040e-04   6.2135261e-04
   3.5855036e-09   9.1419323e-32   2.1990287e-04   9.6021961e-03   3.1573003e-03   4.9208461e-26   3.1691607e-10   1.1296722e-03   3.8526332e-04   2.3097169e-05
   2.6731407e-07   3.7105432e-32   1.1375467e-04   6.4524928e-03   3.1843034e-03   1.5987399e-23   1.3049197e-09   1.2528173e-03   4.9327330e-04   3.8936404e-08
   2.8206801e-16   3.7648026e-38   2.3148389e-04   3.4240844e-03   3.2119032e-03   3.2509673e-20   1.4030310e-14   1.1619923e-03   5.6816676e-04   1.1331118e-07
   1.0744011e-09   1.4253653e-37   2.0776449e-04   4.4289051e-15   3.6915468e-03   4.1494779e-24   1.1560177e-06   9.5724462e-04   6.7464711e-04   6.0385348e-07
   9.0876188e-10   3.2067583e-34   1.6731214e-04   5.7708375e-03   3.8265834e-03   7.3504317e-29   3.1579678e-13   8.6532072e-04   8.0124294e-04   2.1230674e-04
   3.1043533e-10   1.6075196e-40   1.3942912e-04   4.4292732e-13   3.3324900e-03   1.6339149e-24   6.1923261e-16   7.5405777e-04   9.3664314e-04   7.4819792e-04
   2.1511945e-05   7.4864749e-35   1.5620840e-04   1.0563299e-14   2.5943849e-03   8.5411840e-15   5.1895561e-10   1.0037794e-03   7.6808528e-04   2.0323832e-03
   1.2312311e-05   2.5822637e-37   2.4344266e-04   2.1399012e-43   2.5521458e-03   6.2727074e-20   8.5201416e-20   9.8933957e-04   7.3110587e-04   1.4203656e-03
   3.1011099e-06   2.0528681e-36   3.5738563e-04   1.9746756e-06   2.9327986e-03   5.1612461e-23   4.5039131e-30   6.4939061e-04   7.4901139e-04   1.0902506e-03
   2.4251653e-05   9.2373295e-42   4.4446629e-04   3.9284531e-03   3.2397341e-03   3.1244533e-23   1.5701016e-19   5.8926460e-04   6.2249164e-04   1.7616340e-03
   6.9286975e-06   4.7556203e-43   3.9424271e-04   6.5406481e-03   2.9521040e-03   1.7523894e-19   1.9245330e-18   9.1908232e-04   5.6660788e-04   1.3940966e-03
   1.1040801e-09   1.1469902e-41   3.6104717e-04   8.0826972e-03   2.1200833e-03   1.0324969e-16   4.2436004e-25   1.1039877e-03   7.2418408e-04   5.9250908e-04
   7.4032306e-09   5.1340173e-42   3.7175345e-04   2.6418300e-03   2.5328766e-03   5.2625342e-16   8.3698512e-27   7.1898349e-04   7.6104592e-04   6.6868723e-04
   1.7817478e-08   7.6288856e-38   3.6782782e-04   1.5256343e-03   2.5036536e-03   3.3960830e-12   2.6875645e-19   5.0827606e-04   7.5409118e-04   7.2715284e-04
   2.1765356e-07   8.7768415e-39   5.1858396e-04   3.7172516e-08   2.5003245e-03   3.8989958e-15   2.6344437e-13   5.0121193e-04   8.0643639e-04   7.2861369e-04
   1.4349649e-05   8.0664714e-37   4.0306574e-04   2.7456518e-03   2.7443724e-03   8.1975246e-15   2.9000268e-07   4.7263440e-04   8.0238029e-04   1.2910055e-03
   3.5978856e-04   1.2049404e-26   2.7283832e-04   5.5632174e-03   2.3076804e-03   1.8211365e-10   6.3016526e-04   4.5888068e-04   8.8414375e-04   9.8707612e-04
   1.3784942e-04   7.0664918e-29   4.5675797e-04   3.7234462e-03   2.0993770e-03   1.6501357e-08   9.5046897e-13   5.4937901e-04   7.7992485e-04   2.0897690e-04
   4.6618757e-05   6.4649764e-33   6.3009583e-04   3.4379480e-03   2.1126244e-03   8.5361888e-10   4.8184662e-18   3.2904943e-04   6.3101043e-04   1.9123205e-03
   3.8550936e-06   1.0292485e-28   1.0355018e-03   4.1191162e-03   2.3541317e-03   1.6084652e-15   1.9235884e-14   3.1475459e-05   5.7616255e-04   1.3718785e-03
   1.0435289e-04   2.8247028e-25   9.1334638e-04   3.2199725e-03   2.3214230e-03   1.2678125e-12   3.8000991e-19   3.3426984e-06   6.4555527e-04   2.8772275e-04
   3.6030605e-06   4.2044181e-11   8.5610504e-04   2.1461579e-03   1.5510691e-03   2.4335288e-08   1.4900387e-30   3.6597017e-04   6.5221960e-04   1.0208070e-03
   5.8866233e-05   2.7443573e-21   7.3475364e-04   4.1085645e-05   1.8347023e-03   1.0509746e-05   9.7900108e-32   3.0256295e-04   6.7681625e-04   1.0672824e-03
   5.1221482e-04   3.0602941e-21   6.0867461e-04   2.0948176e-03   1.9839407e-03   1.6092973e-05   3.2050975e-26   3.7603794e-04   6.8007465e-04   8.1785474e-06
   3.3165916e-04   8.0546942e-18   6.6317946e-04   2.3934457e-03   1.8699376e-03   1.5274331e-10   9.8241252e-30   2.4164030e-04   7.7812721e-04   1.3719379e-06
   1.0234651e-04   1.2806938e-08   6.8600377e-04   4.2997578e-06   1.9939079e-03   1.2620283e-10   9.7327435e-23   2.3623429e-04   8.1792971e-04   2.3680575e-06
   2.1027066e-04   6.6306992e-05   6.4495054e-04   6.9472200e-18   2.1874125e-03   4.9954019e-15   3.3780786e-24   3.5400552e-04   6.7758477e-04   4.3369439e-07
   6.1044441e-04   4.2901861e-06   4.9610180e-04   2.4056700e-20   1.9175831e-03   3.2568534e-09   3.5780739e-23   4.0324017e-04   7.4544148e-04   1.4204481e-07
   7.1765386e-04   7.8975045e-06   4.2617322e-04   1.4702566e-03   1.5194248e-03   2.3431955e-04   2.9049901e-25   2.2881169e-04   7.0171439e-04   5.2226086e-10
   3.2843909e-04   2.7473673e-12   4.9573229e-04   7.1323696e-08   2.3065861e-03   7.9387604e-06   1.6831461e-33   1.3554606e-04   6.0704663e-04   6.4762731e-10
   2.2406991e-04   2.6584153e-14   5.8489646e-04   4.4042435e-60   2.5606456e-03   3.4580384e-10   5.7548409e-33   2.2127546e-04   3.7296090e-04   8.3397951e-07
   2.1220140e-04   4.2139226e-15   6.0351875e-04   3.8675280e-76   2.4038725e-03   3.0460560e-14   1.5298964e-36   1.9076651e-04   5.0401844e-04   7.3259060e-06
   2.2819300e-04   3.9729587e-09   6.4849574e-04   4.6265136e-85   2.5454153e-03   3.2893289e-11   1.4466552e-39   2.0302317e-04   4.8617482e-04   1.5379282e-10
   1.9033967e-05   1.2923606e-03   5.8904101e-04   2.1880745e-88   2.2451146e-03   3.3623487e-07   3.8352240e-43   2.8645935e-04   5.0226915e-04   5.3412779e-06
   1.6866062e-04   1.2810781e-03   5.3310912e-04   1.0675537e-63   1.5925037e-03   5.2113606e-04   1.6743605e-47   4.8501324e-04   4.8296385e-04   9.1724100e-10
   5.1779252e-04   4.9811897e-12   4.9770032e-04   1.0061808e-03   1.7244194e-03   4.9310482e-04   4.7486799e-19   2.9802889e-04   7.3305755e-04   4.8304196e-23
   6.5058305e-04   2.4222971e-17   5.8049012e-04   2.9911494e-12   2.1500075e-03   5.0141288e-07   8.1387451e-25   1.6312187e-04   7.6004727e-04   5.2504332e-20
   5.6801317e-04   1.8472813e-20   4.7732761e-04   4.1680143e-61   2.0975255e-03   1.4683876e-07   5.8637451e-30   2.2963260e-04   8.5090072e-04   2.1770576e-09
   3.4298443e-04   3.3177168e-04   3.9042780e-04   6.8834936e-16   1.9769353e-03   7.4564195e-11   1.1419017e-28   3.4036259e-04   8.2693247e-04   1.3918497e-07
   2.2614304e-04   5.0813907e-04   5.0588647e-04   9.1212848e-12   1.7714931e-03   2.9186635e-10   1.0485702e-30   3.1196356e-04   7.0526656e-04   2.4364606e-11
   1.2311273e-04   5.6188609e-09   3.7485374e-04   2.1553648e-32   2.0010305e-03   4.0626311e-09   1.3194823e-29   2.7827350e-04   9.5390331e-04   2.5666727e-16
   4.3598751e-05   1.0530125e-23   4.3972528e-04   7.2825394e-25   2.3930793e-03   6.4364755e-11   4.4537894e-50   2.4746130e-04   6.4064856e-04   5.0016402e-24
   9.6934420e-05   4.5286637e-27   4.2369458e-04   4.2140286e-64   2.5364644e-03   6.7980317e-14   1.4770080e-48   7.4284153e-05   9.0677527e-04   7.7544764e-17
   1.2390458e-04   8.4921400e-23   3.3763914e-04   9.6366737e-43   2.4340192e-03   1.5050509e-07   3.5379340e-38   1.9399850e-04   8.0444833e-04   9.7709701e-19
   7.7076231e-05   1.0927652e-25   2.9950946e-04   3.7102211e-19   2.9939047e-03   1.3311461e-10   6.8325895e-39   8.6436366e-05   6.0635149e-04   2.1211686e-10
   7.5123581e-06   1.2151073e-32   2.9642823e-04   2.1347203e-21   2.6813054e-03   1.7079407e-12   2.6004880e-39   1.8466604e-05   6.8875864e-04   2.5584636e-09
   3.2046386e-05   1.4783080e-25   2.4468648e-04   5.5066581e-49   2.2934571e-03   1.9325610e-11   8.2397825e-47   2.0294279e-05   9.5319375e-04   1.7941420e-13
   4.5749511e-04   5.4973610e-19   1.7576236e-04   7.0874997e-31   2.0219146e-03   4.8289062e-11   1.7686706e-31   7.7948413e-05   1.0917070e-03   5.7885460e-16
   4.8602104e-04   9.3706424e-14   2.7011483e-04   5.8475180e-48   2.5618005e-03   2.0741712e-17   3.6820221e-43   2.3386899e-06   1.0210526e-03   6.7994349e-14
   1.2198131e-04   7.4427964e-20   2.6468762e-04   4.5469175e-55   2.8859379e-03   5.3041254e-18   7.1057012e-51   1.6321198e-04   7.7141104e-04   9.5523391e-21
   1.4415369e-05   9.1119641e-16   2.4289835e-04   9.0908944e-49   2.7522386e-03   4.7071617e-12   6.0197265e-42   2.3425676e-04   5.9788809e-04   1.3858321e-15
   2.1663296e-04   5.4735600e-14   2.7569410e-04   1.0810351e-59   2.1563647e-03   5.6056117e-10   4.3552766e-36   3.0029909e-04   6.0560610e-04   5.7237840e-19
   3.0574417e-04   1.9723383e-20   2.8577086e-04   1.4057335e-66   2.2096290e-03   8.3784482e-10   2.8478253e-26   1.8569573e-04   5.2920079e-04   2.5068223e-25
   1.0035136e-04   1.6001890e-20   3.3344230e-04   1.0656633e-16   2.4195009e-03   3.6198587e-09   1.3360073e-21   1.0693457e-04   5.7363282e-04   1.5577061e-26
   1.9869280e-04   6.7576129e-22   2.6961526e-04   9.0748902e-13   3.1006894e-03   7.8995998e-15   4.0685472e-37   1.4190673e-05   4.5689512e-04   1.0566843e-17
   5.6442785e-05   4.4964139e-20   2.5471480e-04   1.6990327e-23   3.2982557e-03   2.2950487e-23   2.1095783e-46   9.6790557e-07   4.5344911e-04   2.0875201e-17
   1.3514285e-04   2.5962681e-24   2.7764689e-04   2.0162956e-39   3.0065206e-03   2.6068820e-21   2.5467823e-37   3.3328002e-06   4.3734202e-04   2.0116362e-21
   1.2488445e-04   2.1920460e-16   2.0691754e-04   1.8551585e-66   2.6849517e-03   1.6539417e-15   2.7683685e-46   6.5832867e-05   5.1188106e-04   2.6673712e-16
   1.5574260e-04   8.7238890e-16   1.6424751e-04   2.0035082e-52   2.4954951e-03   5.7525046e-12   1.1725799e-48   1.8210293e-04   4.7625178e-04   1.4768371e-17
   7.5648642e-05   2.4287658e-25   1.4916115e-04   1.8371340e-31   2.7965730e-03   2.9933884e-13   4.1365013e-55   2.3782616e-04   4.6956075e-04   2.8868718e-18
   3.1087588e-05   1.4991679e-29   1.9272014e-04   3.7693906e-28   2.7756757e-03   3.4665272e-17   8.7389826e-53   4.2221936e-05   4.4122656e-04   3.9109460e-25
   2.2925482e-07   1.7621496e-22   1.9400247e-04   5.7647130e-45   3.0188271e-03   3.4817710e-19   4.7929401e-50   2.0434350e-08   3.5497389e-04   1.1073558e-31
   3.9770865e-05   2.3324973e-16   1.3679924e-04   1.5094641e-95   3.1792191e-03   9.3974911e-19   4.1620218e-51   6.3618570e-06   3.8953558e-04   4.6231321e-18
   1.1582963e-04   4.9529957e-27   1.7118138e-04   1.0192626e-70   3.0034636e-03   2.3332237e-15   2.7794529e-64   6.8013234e-06   2.5512646e-04   3.5194524e-20
   1.3289879e-04   2.7818275e-21   1.9182598e-04   2.3409633e-56   2.5802552e-03   4.0234143e-12   2.2335286e-52   1.9473537e-05   2.2452740e-04   7.4831618e-27
   8.4070917e-05   1.8168687e-19   1.9033666e-04   2.0847876e-62   2.6874592e-03   9.3214548e-08   2.3538662e-49   1.1509326e-05   2.3815921e-04   4.0673791e-27
   2.1319929e-05   7.9070770e-17   1.9299180e-04   1.1823601e-76   2.9328657e-03   1.2161170e-10   5.2374934e-43   4.7883112e-05   2.2694764e-04   1.6080381e-29
   1.6447607e-05   2.7608999e-13   2.0138967e-04   2.1084954e-64   2.4214827e-03   8.7756089e-06   6.6644623e-41   5.6225027e-05   2.5714141e-04   4.1111403e-32
   3.3446155e-05   8.5192593e-12   2.2492364e-04   5.0433125e-50   3.0810480e-03   8.5205782e-15   1.8703656e-55   4.3860803e-06   1.8557338e-04   1.4950569e-29
   3.4844767e-06   2.1377956e-19   2.1468034e-04   7.4764775e-41   3.6134521e-03   3.9516749e-29   2.6396757e-59   2.8316530e-07   1.3857566e-04   2.8836471e-32
   5.4482826e-06   6.2524406e-16   2.1208884e-04   3.6427232e-60   3.6256209e-03   5.5903185e-25   2.3717764e-62   3.0096304e-09   1.2530767e-04   4.3609569e-28
   3.9490697e-07   2.2693913e-13   1.8533656e-04   1.7821307e-63   4.0346609e-03   4.8514945e-28   2.1583266e-60   1.1580249e-07   1.3857850e-04   1.5079636e-16
   4.1018696e-07   4.3266407e-28   1.3258423e-04   7.9969467e-63   3.9178374e-03   5.8845805e-29   4.8320452e-44   7.5083608e-10   1.3941209e-04   8.0792284e-21
   9.1500473e-09   7.9303114e-04   1.7908257e-04   1.9214131e-72   2.8769610e-03   1.6625871e-24   3.7834077e-46   7.6215815e-06   9.6107097e-05   7.9467439e-23
   1.7475516e-08   8.2191492e-04   1.5181506e-04   7.9112287e-64   2.9298393e-03   1.8466367e-21   6.7620684e-46   1.9815886e-05   1.0313197e-04   2.5897280e-17
   4.0945913e-07   3.1414862e-11   1.0178371e-04   1.4559889e-29   3.2738425e-03   1.6212718e-21   1.0197099e-38   1.1346160e-04   1.2356618e-04   6.6114221e-31
   8.4832374e-09   2.2522012e-10   7.6223302e-05   6.0609613e-07   3.5220226e-03   1.5404012e-22   2.5077936e-26   1.0660662e-04   1.5216817e-04   1.6118801e-33
   4.5196315e-10   2.1394806e-09   7.3913029e-05   2.6093038e-04   3.5405108e-03   4.3045624e-21   4.6799046e-27   5.9971527e-05   1.4878936e-04   2.3604229e-36
   6.2915393e-13   2.3508323e-11   6.4748612e-05   7.0444276e-29   4.0177536e-03   2.3115621e-28   5.0413274e-41   6.6101903e-05   1.0006860e-04   5.1379372e-23
   2.5348626e-07   2.5480595e-14   1.0106082e-04   3.9027605e-48   3.8892818e-03   3.6387088e-27   4.1642115e-41   5.1125392e-07   8.5306723e-05   3.9462894e-23
   1.3571609e-06   1.6530736e-06   1.1140114e-04   4.8628256e-22   3.7450714e-03   3.5219154e-23   3.9007396e-38   1.3308299e-06   5.9785991e-05   5.1170984e-25
   4.8068352e-09   3.3152992e-07   7.9681772e-05   2.6257500e-16   3.3665742e-03   6.3280320e-22   1.0847814e-37   1.2470838e-04   8.9117388e-05   8.6605519e-30
   1.1157300e-06   5.8982963e-04   8.3838495e-05   2.3008830e-16   2.6676438e-03   1.0559282e-15   1.3905253e-31   2.4627904e-04   7.6816152e-05   4.7530533e-38
   1.3556924e-05   7.3376520e-04   1.0339314e-04   3.7590685e-30   2.6492340e-03   1.1230274e-12   7.7215693e-30   1.0998475e-04   5.3675678e-05   1.5012866e-30
   6.1752077e-14   5.1758913e-20   9.4779186e-05   9.0303235e-49   3.8462980e-03   4.9657579e-24   7.6901070e-38   1.3452783e-06   5.5691553e-05   1.1395446e-35
   4.3136694e-15   4.0967067e-28   7.3135935e-05   4.4446923e-51   4.1458998e-03   2.2623706e-27   4.2010953e-43   1.2323046e-08   6.5727594e-05   3.5199886e-37
   7.7551808e-13   2.1653530e-27   5.4491711e-05   7.0197414e-61   3.8614666e-03   7.6873555e-27   3.6147708e-46   2.5979537e-07   7.3518642e-05   5.7350575e-34
   4.7866981e-08   1.1091238e-28   7.9738300e-05   3.6862861e-32   2.9741542e-03   3.1875426e-15   5.2833970e-33   8.0054485e-05   6.4237563e-05   1.2822339e-31
   3.6427810e-08   5.9810917e-31   6.0990401e-05   1.6799809e-09   3.1688714e-03   1.2177777e-13   3.4781471e-27   8.2951310e-05   7.4442597e-05   5.1291377e-36
   4.4528810e-10   1.4914587e-38   7.2879571e-05   4.1497528e-15   3.2068034e-03   6.7747811e-14   1.1296469e-18   7.6575029e-08   5.7350096e-05   6.5356309e-31
   1.4209758e-11   4.2690331e-34   6.1784400e-05   4.1239170e-46   3.6169673e-03   2.5865417e-22   3.9101399e-29   1.5016685e-12   4.7268955e-05   5.7690866e-26
   9.0407655e-17   4.9123990e-43   5.2483758e-05   2.2958725e-19   4.2151747e-03   1.8887949e-24   7.6824398e-38   5.5599373e-14   4.6483270e-05   1.1203015e-21
   1.4988499e-20   5.5245058e-46   5.0507383e-05   1.7671627e-03   4.2447198e-03   3.7435315e-24   1.6402468e-13   1.9025995e-12   4.7766771e-05   5.1985603e-23
   3.1863734e-16   1.7309943e-42   5.4260754e-05   1.2151879e-12   4.2437217e-03   2.3758892e-24   1.1300440e-09   1.4243160e-13   3.4728994e-05   6.7566716e-27
   1.7709770e-09   5.1538064e-36   4.4468344e-05   2.4166956e-33   3.5034919e-03   6.2246281e-19   4.7488663e-24   1.2700821e-05   5.3276979e-05   3.6962175e-23
   4.7336976e-10   5.6792190e-40   4.5619103e-05   1.0686348e-10   3.4097761e-03   2.8787060e-21   5.0546440e-18   8.2838840e-06   4.5366049e-05   3.3219852e-23
   2.3226456e-13   1.0315862e-52   2.6547102e-05   9.6639087e-19   3.8812695e-03   9.4653277e-25   6.0161363e-18   9.7707102e-09   6.0569811e-05   1.0299216e-08
   2.3175721e-20   8.3939897e-47   3.6634507e-05   7.9863954e-50   3.5319298e-03   7.9417493e-21   2.7554525e-27   2.2907986e-09   7.2296251e-05   1.7160643e-18
   1.6116016e-20   1.1896784e-44   3.8742488e-05   7.8246158e-45   3.1466044e-03   2.9789929e-17   2.8426000e-35   8.5843015e-06   9.3938947e-05   2.3991311e-22
   8.9001392e-14   8.1603125e-48   5.7255817e-05   6.1474954e-37   3.0310931e-03   3.0239655e-13   2.5691929e-25   4.7759394e-06   7.0372452e-05   1.6404840e-24
   6.8536439e-10   6.2748207e-50   7.5627958e-05   1.6144949e-08   3.2000807e-03   2.9949777e-17   1.9874807e-26   9.7374912e-12   4.2594769e-05   6.0783292e-22
   1.0867828e-14   1.2551642e-52   4.8627731e-05   9.6785231e-21   4.1194765e-03   1.2836430e-24   2.6279249e-25   1.0156728e-14   2.4042057e-05   1.0625360e-21
   2.4465239e-11   3.2408392e-57   5.6849932e-05   2.1029184e-69   3.8532736e-03   8.3377769e-22   4.2615264e-26   1.6441459e-13   4.1039227e-05   1.1644888e-18
   9.6922181e-13   3.2510029e-54   8.3189556e-05   1.3960815e-07   3.3829557e-03   2.9525990e-19   6.2238210e-22   4.9835245e-10   4.1402393e-05   2.1115216e-15
   6.0701878e-16   4.0016571e-47   8.2970422e-05   1.3103656e-11   3.1563619e-03   1.6017251e-16   8.2696834e-26   5.0171239e-09   4.9340635e-05   1.6864232e-23
   4.3641186e-19   3.7805324e-46   7.1625230e-05   1.0277719e-28   3.5234500e-03   5.6218395e-22   6.0913166e-37   3.1136344e-12   4.3080587e-05   5.4241961e-23
   6.3558797e-22   2.2245783e-47   9.5596247e-05   4.7422378e-57   3.8790120e-03   8.0166432e-29   4.6850188e-42   8.4463791e-15   3.2047752e-05   3.1467356e-19
   8.3674073e-19   1.7324914e-47   7.1756638e-05   6.9277878e-80   3.6367143e-03   6.6444309e-25   4.0733787e-38   3.2817020e-11   4.1513715e-05   1.4277218e-17
   1.5544069e-11   4.5433997e-42   6.5418234e-05   1.0066227e-64   3.3683122e-03   1.3174928e-20   2.6065879e-29   7.9557824e-12   3.6366252e-05   2.3030013e-19
   5.0389644e-13   1.9790477e-38   7.2755791e-05   3.0296013e-33   3.2385083e-03   1.2788635e-19   5.0879404e-25   6.0974725e-08   4.4643172e-05   4.8210012e-20
   1.0886535e-17   5.9238280e-33   6.4592903e-05   4.6302510e-20   3.0972035e-03   6.4450204e-20   2.8364995e-23   7.2136312e-07   5.1916911e-05   2.2463623e-16
   3.7376747e-12   4.4151579e-28   6.5367985e-05   2.2183587e-20   2.9515383e-03   6.4940318e-19   2.0736892e-27   1.1115070e-05   6.2518730e-05   2.3265356e-14
   2.9020874e-13   3.5826954e-35   6.4718884e-05   1.5537468e-40   3.2773065e-03   3.1629902e-20   4.1776001e-30   1.6012771e-10   5.9145792e-05   2.8706828e-14
   3.2082377e-09   1.1973602e-41   5.8098751e-05   9.0243633e-46   3.1122336e-03   6.8701519e-15   1.8997103e-31   2.1391820e-08   5.5551897e-05   1.3992277e-14
   9.2152845e-15   3.6215488e-31   7.2869476e-05   6.2144942e-42   2.9297435e-03   5.5358154e-11   1.8071023e-27   1.8702292e-07   4.8411538e-05   7.6536805e-14
   2.7119141e-20   3.8253267e-38   5.1619385e-05   1.4315745e-45   3.3275550e-03   2.3532143e-21   7.0072390e-34   1.2087311e-11   5.6615208e-05   1.0192387e-14
   2.0730138e-15   6.0569660e-45   5.3353776e-05   2.1108115e-71   3.1475260e-03   3.3181442e-21   1.9331326e-42   5.8103944e-13   4.1362731e-05   1.3442888e-19
   2.2829173e-11   3.0320452e-45   5.7735507e-05   6.6557325e-34   3.1823535e-03   1.8010851e-21   5.6123587e-42   3.5127002e-12   3.3293882e-05   1.8611044e-08
   6.3891218e-10   2.4483371e-46   3.7165540e-05   6.3685002e-28   3.1356852e-03   1.6205657e-18   3.7350471e-33   4.7664724e-07   4.0081185e-05   1.5280264e-04
   8.4989744e-17   1.5973215e-56   3.8856607e-05   3.3937287e-64   4.0865438e-03   1.6127432e-27   3.0811820e-36   3.0214897e-15   3.1935840e-05   6.9024731e-14
   1.9451437e-19   3.2071328e-49   4.1328417e-05  8.6423719e-105   3.7187599e-03   3.4500398e-29   1.5286901e-40   4.9695549e-14   3.0329421e-05   5.9080893e-13
   6.7589173e-19   1.0509199e-45   4.4147814e-05   5.4659080e-88   3.5749664e-03   1.3442355e-26   5.4428057e-42   4.5318278e-14   2.7307953e-05   1.6572925e-06
   5.5578301e-27   6.3727026e-49   3.5556858e-05   1.1206864e-65   3.2899772e-03   1.7519503e-23   2.9883123e-43   8.3806283e-13   3.6232362e-05   2.2613686e-04
   4.2111285e-24   3.6292161e-53   4.4323346e-05   1.5486396e-54   3.5413988e-03   6.9909059e-26   5.5868386e-48   8.1900351e-12   2.5108231e-05   2.6696612e-04
   1.0909986e-18   5.8195659e-47   4.5722874e-05   3.6693877e-49   3.5212194e-03   4.6222645e-27   2.5181482e-54   1.4708211e-09   2.4506682e-05   4.0976421e-04
   3.7193475e-18   9.1555969e-54   3.1939501e-05   5.4789756e-54   3.6724100e-03   5.4246979e-30   1.9846780e-51   5.2298839e-12   2.9786292e-05   4.3722232e-04
   1.4616950e-23   3.3524916e-62   3.2658725e-05   8.3173140e-56   4.2898657e-03   1.8956218e-36   8.6638209e-50   5.4104991e-15   2.2273827e-05   2.9836410e-04
   3.1066639e-23   5.9868982e-54   4.8073727e-05   1.3429228e-68   3.7221241e-03   2.4292200e-34   3.0984724e-44   2.9006639e-14   1.5538611e-05   1.2667933e-04
   5.0852466e-19   5.4532931e-50   5.8917291e-05  1.4712957e-102   3.4801025e-03   3.1360869e-27   1.2580120e-48   6.9161348e-08   1.3854698e-05   8.6690491e-07
   1.0161281e-13   3.8501326e-49   5.3219935e-05   2.5155860e-61   3.2364899e-03   1.9245512e-24   2.2812438e-50   3.3776618e-05   2.1314539e-05   7.6163682e-05
   9.8282952e-15   4.0195195e-51   5.2710730e-05   8.0435293e-59   3.2826761e-03   1.5357555e-26   1.7100502e-54   3.2795701e-06   3.2141003e-05   1.2409861e-07
   1.2981600e-26   1.2175063e-63   4.3955096e-05   3.3118440e-64   4.0256943e-03   1.9284889e-34   5.1423851e-61   3.9504625e-14   2.4182105e-05   2.1433751e-11
   4.9347426e-20   2.1915904e-59   4.5690704e-05   4.7093915e-60   3.5522026e-03   2.4340930e-26   2.2267816e-60   2.3484448e-11   3.1733544e-05   3.5132432e-04
   3.3113239e-14   7.9438965e-53   4.6096121e-05   8.7523146e-71   2.7796373e-03   2.8869433e-20   5.9914131e-48   4.7578588e-06   4.7503152e-05   3.5774581e-04
   1.2360040e-11   1.0761545e-46   6.6716745e-05   1.0057167e-70   2.6091120e-03   6.6466239e-20   2.0837901e-44   2.2881747e-07   2.7640425e-05   3.6027321e-06
   1.3519339e-12   4.2077119e-44   6.1051317e-05   3.5016162e-62   2.1823439e-03   1.8046019e-18   9.6176696e-44   6.7988041e-06   4.2064177e-05   5.9856221e-04
   4.3694977e-15   2.0396040e-44   3.8082368e-05   8.2817483e-73   2.2706220e-03   4.6607599e-16   1.6558009e-46   1.2440717e-05   5.7799395e-05   7.6108724e-04
   4.4346744e-13   9.0561104e-47   2.8319404e-05   1.0778275e-66   2.5211419e-03   1.8415291e-13   8.0175400e-47   7.6228545e-07   4.7313110e-05   7.7987804e-04
   1.3372629e-13   2.2394764e-45   5.2499588e-05   3.3189931e-71   2.0906771e-03   6.1337244e-16   1.0708806e-45   8.7530708e-07   4.2136927e-05   5.7591921e-04
   4.4882124e-13   4.1509531e-54   5.6076210e-05   5.5152980e-68   2.3740933e-03   3.2513068e-21   2.1822981e-49   1.0088487e-07   4.1408246e-05   4.5282253e-04
   3.4342424e-15   7.2954238e-59   2.7099665e-05   2.5399119e-65   2.8658767e-03   2.1856281e-23   3.1206642e-48   2.3363288e-08   5.2351502e-05   4.0259191e-04
   9.6018188e-17   2.9054972e-56   3.3365363e-05   1.0706625e-85   2.5704243e-03   7.9510300e-20   1.6323840e-54   1.0500255e-07   3.4694550e-05   4.3478403e-04
   1.3324853e-07   1.1984693e-51   3.2446620e-05   1.2800492e-61   2.4059256e-03   1.2192374e-15   2.5668345e-58   3.7482414e-06   3.6893598e-05   4.9730273e-04
   6.3082874e-07   2.4480358e-50   2.2961459e-05   1.2975395e-48   2.5027134e-03   1.7081468e-25   6.6835144e-51   2.9004029e-06   3.6970512e-05   4.9500868e-04
   3.4070565e-05   2.3215542e-54   2.9153467e-05   9.0520657e-54   2.3252276e-03   4.0417913e-26   5.0376576e-54   2.9547516e-07   5.8465754e-05   2.8499040e-04
   8.1888998e-05   7.5092108e-54   2.8809174e-05  2.5047610e-108   2.0062382e-03   1.5262897e-21   3.9752011e-53   1.0749185e-06   6.2775167e-05   3.6109671e-04
   1.9844225e-05   5.8332188e-51   3.9089020e-05   1.5535199e-59   2.0765306e-03   4.9212503e-21   2.9692985e-51   1.3073105e-05   5.4807298e-05   2.5056608e-04
   3.5154688e-12   4.5502880e-55   2.6592362e-05   2.7991271e-60   2.4385762e-03   5.7063732e-30   9.6278704e-61   3.2978181e-09   5.2515057e-05   5.6457686e-04
   6.7185154e-10   1.2261622e-57   2.6230020e-05   1.7437645e-75   2.6179913e-03   4.8905509e-28   8.5051841e-66   3.4885793e-09   4.9577440e-05   7.0271208e-04
   3.2895977e-10   3.2311170e-53   4.8997994e-05   9.7460606e-54   2.2280784e-03   1.5288558e-20   5.2083460e-48   7.9945031e-07   4.6454431e-05   3.4986896e-04
   6.7491998e-06   1.8793051e-50   4.6532676e-05   7.5323218e-37   1.8217810e-03   6.0449134e-13   5.2755731e-38   3.1757132e-05   4.7566206e-05   2.8315244e-04
   2.2181541e-05   1.2485284e-58   5.4267525e-05   1.2010529e-40   2.0621083e-03   2.6734429e-25   9.1801970e-46   1.7656213e-08   3.7905950e-05   3.6158903e-04
   1.6909372e-06   8.8999292e-60   5.2565719e-05   5.6209923e-33   1.7614405e-03   1.6127795e-24   4.2587172e-40   8.0619468e-07   3.9896344e-05   4.0965826e-04
   2.2213226e-14   5.2469286e-55   5.5047261e-05   5.0757551e-30   1.6378948e-03   6.8319453e-23   2.7659588e-44   1.0325472e-06   4.6206170e-05   3.7138698e-04
   4.7235120e-12   5.0742950e-51   3.3992069e-05   2.5157743e-49   1.9280836e-03   5.8142435e-31   6.7604197e-54   2.1020477e-06   4.8535393e-05   3.2360079e-04
   2.2846652e-15   1.1025617e-52   3.8370816e-05   4.5583485e-62   2.1572997e-03   1.2678534e-35   2.9867963e-66   1.3395669e-06   4.0634664e-05   3.7862885e-04
   2.3160652e-19   3.0199030e-51   3.4833518e-05   2.8388820e-87   2.2559584e-03   1.8146706e-35   2.5758833e-66   9.6806644e-07   3.1244630e-05   2.5844702e-04
   6.5258919e-07   3.4191628e-50   5.6984935e-05   2.2613090e-82   2.1823440e-03   1.2862221e-34   1.9457616e-56   1.0923483e-05   2.2753327e-05   1.0899728e-04
   9.2057518e-05   1.5870629e-52   4.2706483e-05   1.2944076e-66   1.9963245e-03   6.2159654e-34   1.3004883e-60   2.9192391e-08   2.6317095e-05   2.4974761e-04
   4.1981810e-05   5.9495941e-51   6.0236877e-05   7.5800278e-69   1.9003553e-03   6.7165337e-33   1.1343930e-56   8.6785020e-11   1.6724274e-05   3.8532171e-04
   7.6868881e-05   1.0211121e-47   3.7001439e-05   5.1356276e-57   1.5721892e-03   2.2802920e-28   6.7443472e-51   1.1409401e-05   3.0520646e-05   5.5651275e-04
   8.2100807e-05   3.1892743e-44   5.2650336e-05   3.0425679e-60   1.5600304e-03   5.2331741e-31   8.1615760e-53   1.3953042e-06   1.9497916e-05   1.7823461e-04
   7.8441219e-07   2.7277172e-48   4.6817570e-05   9.9519974e-73   1.7972586e-03   3.6729890e-36   2.8396650e-56   7.2343760e-12   1.4480499e-05   1.4692964e-09
   3.0563502e-12   4.5068903e-50   2.9804451e-05   1.5637466e-77   1.6469903e-03   5.4981741e-29   7.3414865e-55   6.3375008e-08   2.3803688e-05   3.5579743e-04
   1.3840269e-06   2.6561318e-46   3.7466158e-05   8.8457191e-77   1.3948477e-03   4.5330693e-23   2.4483861e-60   1.4929294e-05   1.8875595e-05   3.9283032e-04
   8.0837744e-07   2.7023223e-50   4.2654876e-05   6.8768037e-41   1.3245583e-03   1.0953409e-28   5.8387103e-56   1.0619998e-07   1.0784805e-05   2.5618691e-04
   1.0032126e-06   2.7582183e-46   4.9071395e-05   6.3766587e-45   1.2578254e-03   2.3358041e-30   4.5607593e-57   3.3987478e-06   1.2895895e-05   2.9560338e-04
   4.2387121e-11   1.3218518e-37   4.7192369e-05   3.2285415e-75   1.3501821e-03   7.7438385e-32   1.1095922e-63   2.5834418e-05   9.9179785e-06   2.7206281e-04
   7.6946397e-18   5.7901557e-44   3.5973376e-05   3.0741606e-92   1.4544204e-03   4.2469020e-34   7.6235626e-70   1.1198199e-05   1.6184851e-05   5.1434086e-04
   3.0426900e-20   1.9297687e-49   2.6781317e-05   2.6476848e-86   1.4912432e-03   1.7362397e-29   3.4319895e-71   2.4561693e-06   1.6027598e-05   4.2406547e-04
   1.0155789e-06   1.1837066e-44   3.3233389e-05  1.7167721e-130   1.1346508e-03   2.2932029e-26   1.1564117e-65   2.6407071e-05   1.5652715e-05   4.0395875e-04
   1.4861657e-10   1.8383981e-46   2.7944997e-05   7.6697418e-54   1.1907307e-03   3.9160965e-28   2.3387051e-65   3.1660826e-05   6.0760968e-06   6.6338768e-04
   1.2633969e-19   2.8569485e-48   2.9084856e-05   1.3803673e-39   1.3743713e-03   1.1462278e-31   2.2614330e-65   4.0890188e-06   1.2158603e-05   8.0734465e-04
   3.5669537e-16   2.5885389e-38   3.7926832e-05   7.9350205e-37   1.0863514e-03   6.4465371e-27   6.4601231e-57   2.1745445e-05   1.5860572e-05   4.1874593e-04
   4.5243269e-18   3.4128141e-38   3.8436194e-05   2.3154384e-83   1.0052734e-03   3.4279122e-27   1.7124504e-66   4.8749772e-05   1.3044804e-05   4.8198906e-04
   2.9253609e-17   4.4420940e-47   2.6735419e-05   7.4790349e-70   1.0723638e-03   1.4578380e-28   1.2545323e-58   2.3432638e-05   9.7213350e-06   6.1929113e-04
   7.5493157e-19   4.9219886e-55   1.8810434e-05   1.7387820e-71   1.0887894e-03   3.2011305e-33   8.5545990e-61   2.5609584e-05   1.6643479e-05   5.6957555e-04
   9.8939301e-21   8.0484822e-53   2.3639608e-05   2.1287354e-73   9.7578249e-04   9.6898805e-28   1.6194108e-68   2.2618259e-05   1.9880825e-05   6.5280612e-04
   2.2848428e-18   3.0002302e-44   3.1624375e-05   2.6262583e-50   7.0936400e-04   4.4187692e-19   6.7996920e-61   3.7490080e-05   1.8889181e-05   8.0894278e-04
   4.9682478e-10   5.1868801e-36   3.4592182e-05   1.7819791e-54   5.5924260e-04   1.6138735e-10   2.4832141e-50   3.9195476e-05   1.8660238e-05   3.6727552e-04
   7.1801718e-15   1.4057941e-40   3.6731296e-05   8.7483656e-68   7.6498404e-04   1.6820221e-24   8.3041162e-66   3.2178668e-05   1.8351485e-05   9.4698117e-04
   2.3080344e-19   2.9222046e-45   2.9397848e-05   1.0648614e-74   1.1021064e-03   4.6140400e-33   2.6814947e-71   1.4347936e-05   2.2540492e-05   8.3196539e-04
   5.1656342e-17   7.8192113e-46   3.0942499e-05   3.7556337e-86   1.1790143e-03   8.8366140e-37   7.9420393e-73   3.0365226e-05   1.4550401e-05   4.5903147e-04
   3.5095698e-16   5.8736360e-48   2.9881000e-05   1.6454036e-60   1.0528356e-03   9.2458941e-34   7.3892588e-66   5.1511008e-05   2.0015474e-05   4.5452296e-04
   2.4571762e-21   8.8588985e-43   2.1963039e-05   2.3035342e-55   9.8154877e-04   1.2838349e-34   2.7359427e-67   5.5155319e-05   2.6187786e-05   7.5001144e-04
   2.7823081e-24   3.6382342e-48   1.7927116e-05   1.4832999e-50   1.0761447e-03   5.8316201e-44   5.8758701e-58   1.7446666e-05   3.0718492e-05   4.6616208e-04
