   2.3924568e-08   8.8367898e-04   1.3077525e-03   6.3512118e-04   3.1066232e-24   2.7267655e-03   1.6404070e-06   3.0598679e-03   8.5382903e-04   3.5849549e-03
   2.8627899e-14   4.9260033e-04   2.1969540e-03   4.0762956e-04   1.1137788e-27   2.5798124e-03   3.1047379e-04   5.0459685e-03   9.1647963e-04   4.9231580e-03
   1.4258507e-13   1.2750312e-04   2.1163043e-03   1.3172360e-04   3.2556270e-34   3.2499017e-03   4.5638883e-04   5.1282298e-03   1.0596841e-03   1.1905264e-03
   3.1242310e-15   1.8936546e-09   1.4293222e-03   1.7625274e-15   5.7999320e-36   3.2101171e-03   1.2600809e-05   6.9403942e-03   8.3468156e-04   2.7230255e-03
   1.4205763e-10   6.9768101e-15   1.4635231e-03   1.5066708e-26   3.1034181e-41   2.8527145e-03   2.4437592e-13   7.4694643e-03   4.0051021e-04   3.2372806e-03
   1.6072277e-11   2.1845696e-12   1.7944853e-03   5.0138157e-32   4.7212404e-53   5.6923365e-03   8.2275167e-13   8.8110725e-03   3.9869779e-04   2.5607443e-03
   3.9168317e-19   1.5577045e-32   1.2684018e-03   5.4298963e-30   2.2165642e-57   2.2803217e-02   1.5793478e-15   7.5990859e-03   2.6750396e-04   3.7507624e-03
   1.7271505e-10   2.7472203e-14   1.5022890e-03   3.2913106e-29   3.8351979e-41   6.3098551e-02   1.2124374e-19   4.8271666e-03   2.2781580e-04   1.7221256e-03
   4.4443150e-07   3.9688103e-04   3.1662697e-03   5.4823217e-12   1.5796699e-23   1.0356244e-01   1.8168876e-05   2.3975108e-03   3.1719591e-04   5.6635408e-07
   2.6019719e-19   3.2568110e-03   1.0169009e-02   8.1605835e-32   3.4171825e-15   1.4360909e-01   3.4513006e-13   1.9305432e-03   3.4058210e-04   1.2883144e-23
   4.8552031e-23   1.8703270e-02   4.9086792e-02   1.3058089e-23   1.7395491e-11   1.1964426e-01   1.6124874e-20   1.3791406e-03   3.1326202e-05   1.3391640e-21
   1.7877624e-14   1.7781728e-02   1.1031558e-01   1.9922864e-03   3.9142386e-10   2.8499846e-06   6.3505084e-12   7.5645467e-04   5.0680690e-04   2.6718079e-03
   3.5439530e-08   4.8027550e-13   9.8993982e-02   2.8467815e-02   2.8068751e-17   9.4117678e-31   8.9327455e-03   5.0331292e-04   2.3513313e-03   3.4711877e-02
   1.4156539e-08   1.4529752e-37   3.7359957e-02   4.1207654e-02   2.0600025e-20   5.3066318e-40   2.0495639e-02   4.7633862e-04   8.9185538e-03   2.4724330e-01
   7.8068031e-07   5.3265678e-44   3.8525509e-03   9.4730357e-03   7.9743422e-26   5.5350681e-31   1.2488294e-05   1.0562973e-05   2.1954514e-02   3.5490819e-01
   1.5221327e-15   1.8630418e-61   1.3267041e-06   2.7546537e-20   1.8960636e-29   8.0669069e-25   8.4257252e-29   4.6116945e-10   2.9105817e-02   1.9843663e-01
   9.7689720e-25   7.8496698e-74   3.7290687e-05   2.7743701e-34   9.5465098e-20   2.4730344e-07   7.8774403e-32   2.6896803e-06   2.3919176e-02   3.7488187e-02
   4.3153924e-24   2.9263428e-56   3.8399894e-04   6.7575397e-29   2.8080094e-20   1.9231760e-02   3.3484432e-25   5.6400524e-04   1.3450989e-02   1.1197677e-14
   6.4182366e-21   3.4847452e-26   1.7740441e-03   2.0540408e-36   4.1500621e-26   3.7885605e-02   2.9767116e-17   1.0514435e-03   6.2519159e-03   3.6038799e-15
   6.5587530e-17   1.1464552e-03   5.9767534e-03   9.3104705e-42   1.6273721e-18   6.0537025e-02   2.6777836e-26   3.5650508e-04   4.4252728e-03   4.6113730e-22
   4.6467561e-21   1.0811130e-02   1.5755922e-02   1.6922223e-49   1.7482227e-25   5.6791371e-02   1.4685438e-30   4.1740551e-04   2.8161991e-03   7.8938209e-21
   1.0479081e-17   2.1159559e-02   3.9077371e-02   4.8160123e-33   8.8489858e-10   1.6883129e-06   6.8964576e-19   4.5613794e-04   2.0873331e-03   8.9136309e-29
   3.1022733e-12   8.5715871e-03   5.8306857e-02   2.5113738e-12   4.6707617e-04   1.6206271e-22   1.7324277e-05   8.3641185e-05   1.4929946e-03   2.6837650e-38
   6.3622382e-08   7.4255058e-24   7.2527927e-02   4.0464048e-03   1.2734942e-03   3.5337296e-30   6.4965532e-04   1.6966431e-05   1.7771176e-03   3.3774212e-19
   3.3146316e-03   5.8655082e-50   7.4746303e-02   2.1812635e-02   6.1131219e-09   1.7268946e-29   2.5296751e-07   1.9508526e-07   2.0397214e-03   5.9664953e-11
   5.7733069e-14   9.3803630e-55   4.7838822e-02   8.4824107e-02   2.3559352e-07   1.8719332e-30   3.8551378e-03   8.7170294e-05   4.4977489e-03   1.6506604e-05
   1.7311610e-25   2.6278364e-58   1.7569511e-02   7.9933576e-02   3.3319045e-07   1.7870206e-26   5.6179637e-02   8.3164880e-09   8.9867604e-03   2.2147867e-03
   1.9757235e-28   1.6751984e-49   3.1321406e-03   2.7811778e-02   7.6697665e-15   2.5349041e-25   6.9684904e-02   1.2132558e-07   1.6996227e-02   2.3857192e-02
   1.1250185e-27   5.8636717e-42   1.0885272e-03   6.9699309e-03   3.5713692e-23   2.3016374e-26   3.2572156e-02   1.8219069e-14   2.1761598e-02   4.7015089e-02
   8.2776427e-19   2.6070510e-11   3.7493347e-04   1.4006719e-05   3.4945319e-31   6.2339404e-21   7.1361587e-03   3.1433089e-19   2.7128508e-02   4.3539494e-08
   1.0577130e-06   2.7732371e-03   1.8294435e-03   1.0515212e-13   1.8137156e-28   1.2968074e-23   1.0961075e-04   1.4255120e-20   2.6381876e-02   1.3043805e-37
   5.4617130e-04   1.4604456e-02   5.0862081e-03   1.1678292e-16   1.0594176e-30   5.5292910e-36   3.6485407e-09   5.5437541e-22   2.1103403e-02   4.0665183e-66
   4.8484593e-03   1.4761025e-02   9.4584413e-03   2.0518617e-16   8.5783708e-27   4.9796562e-35   7.3046713e-07   3.8097423e-14   1.2802489e-02   3.4158673e-67
   1.3568478e-02   3.6110123e-03   1.5039977e-02   1.6407658e-21   2.2174793e-10   6.9233578e-31   1.1097816e-04   6.7590370e-12   5.5603848e-03   1.3383030e-52
   1.9927582e-02   1.5892177e-23   1.9786546e-02   9.9237100e-12   1.6400571e-10   3.1454539e-32   1.6852448e-03   1.4830478e-08   1.7664204e-03   1.0609218e-45
   2.8867133e-02   1.2257942e-45   1.8160201e-02   4.7083268e-04   1.4832613e-05   3.7297132e-36   5.6107827e-04   1.0552807e-09   3.9153553e-04   1.7583142e-37
   3.9027885e-02   1.1006353e-52   1.3226747e-02   5.0495486e-03   3.3622392e-06   2.0232432e-33   1.9850609e-03   5.9461347e-09   3.3719737e-04   3.1401230e-32
   3.3169278e-02   5.2253340e-44   8.2222745e-03   3.1011208e-02   7.1013636e-05   5.1719177e-22   8.5641411e-16   3.8209805e-08   2.6554826e-04   2.1693869e-20
   1.5772216e-02   5.8707964e-12   4.4000965e-03   7.2023229e-02   7.9413180e-15   5.0257871e-07   4.8421014e-03   1.1784318e-04   2.7783292e-04   1.1270023e-24
   4.8639245e-03   1.8991113e-03   2.5893379e-03   6.2101953e-02   8.2676816e-13   2.7674362e-03   1.6314834e-02   4.3397963e-04   3.5756081e-04   6.4303318e-20
   1.2773457e-03   1.1526092e-02   1.8541958e-03   3.1547289e-02   1.1003641e-04   1.0302617e-06   2.0416181e-02   1.9008091e-04   1.9555913e-03   2.4571428e-22
   9.3137213e-04   3.3358634e-02   1.7735364e-03   9.9783931e-03   1.1363280e-08   1.5917446e-20   1.2528250e-02   2.9572586e-12   3.5677993e-03   5.0184747e-21
   1.1205999e-03   4.8670517e-02   2.8872292e-03   7.0537131e-04   9.4038147e-24   1.4743684e-29   3.4101395e-04   2.2200757e-19   5.0743451e-03   4.9629463e-14
   3.2935114e-03   3.0667832e-02   2.5873841e-03   3.0170313e-17   3.6623406e-21   2.9505971e-25   1.1043848e-10   5.9335790e-14   5.4738637e-03   9.5763197e-22
   4.9500584e-03   1.2197493e-02   4.7725206e-03   9.9172634e-21   4.4798169e-10   4.9954384e-21   9.5046780e-21   3.4242744e-11   5.8275888e-03   1.3989790e-35
   7.7402575e-03   3.8654842e-03   4.5070166e-03   5.5279078e-20   2.1226304e-09   3.1792966e-21   4.4826970e-27   3.3911024e-16   5.9251853e-03   1.0782051e-47
   1.0111539e-02   1.0271490e-03   5.3102670e-03   1.3931907e-16   6.0256016e-12   2.8161539e-27   3.6814138e-35   2.6108472e-14   5.2666852e-03   1.0425990e-44
   1.3061215e-02   1.9466559e-23   6.7666621e-03   1.3622532e-04   4.0670732e-17   5.0246535e-29   1.6771290e-38   2.4638984e-10   3.6039107e-03   5.0733673e-41
   1.7850685e-02   3.7327355e-29   5.9285607e-03   2.5100880e-03   6.3795233e-08   3.9984689e-32   2.6022436e-42   3.9134359e-08   1.7211597e-03   5.8403379e-36
   1.8893573e-02   6.0764029e-04   3.8246363e-03   8.0610454e-03   1.0056467e-05   1.1640484e-23   2.4063564e-31   1.2315406e-07   9.0066076e-04   2.1465075e-46
   1.5068834e-02   6.0599736e-03   2.6018012e-03   1.3993174e-02   2.3145911e-05   4.0573633e-18   3.7019621e-25   9.7363448e-06   2.6794384e-04   7.1867007e-31
   6.7281928e-03   1.8208853e-02   1.9463625e-03   1.7519843e-02   1.0261702e-04   5.0494507e-18   1.3155677e-04   6.6389171e-05   3.3515367e-04   7.4411554e-13
   1.5933122e-03   4.0489038e-02   1.7899622e-03   1.3326134e-02   5.8406770e-18   1.2984956e-16   2.7412604e-06   3.5216831e-05   2.1458588e-04   2.3380703e-05
   1.3554871e-03   3.6841229e-02   1.6533784e-03   7.5286318e-03   8.5241718e-14   5.5688130e-10   1.6863211e-03   2.0981153e-04   2.7757656e-04   9.5442466e-13
   2.8032913e-03   1.4899286e-02   2.2877294e-03   4.4170464e-03   4.8106913e-19   5.2991754e-04   2.6970379e-03   2.0950762e-04   1.0455394e-03   1.4813975e-05
   2.9535595e-03   5.1409645e-03   3.9202630e-03   1.3421194e-03   5.3966634e-14   4.0347051e-03   1.3148605e-03   1.7983248e-04   1.7740473e-03   3.6416504e-08
   3.6405746e-03   2.0038247e-03   4.4745906e-03   1.3891932e-04   1.5396167e-12   4.3378038e-03   2.9809533e-04   1.3911830e-04   1.8776927e-03   1.0084958e-07
   5.2606897e-03   1.2244178e-03   4.8380446e-03   8.1015899e-04   1.3756087e-13   2.7678893e-03   3.5606114e-06   1.5997387e-04   1.7600747e-03   7.2731325e-14
   5.8647024e-03   5.1914304e-04   4.1743388e-03   1.6704909e-03   7.8479258e-18   1.1308293e-03   1.1783801e-13   2.0533988e-04   1.9355185e-03   2.6372062e-17
   9.1435492e-03   8.3817245e-04   4.7046913e-03   1.8138384e-03   1.4010087e-33   3.5731156e-03   1.4233585e-14   3.2947773e-04   2.1993520e-03   7.1060727e-17
   1.1235474e-02   2.9579020e-03   4.6616080e-03   1.6594995e-03   1.0809746e-25   2.5860310e-03   1.2169828e-12   2.8958526e-04   2.0530249e-03   4.5394307e-21
   1.4642176e-02   5.8006227e-03   3.4754344e-03   2.6060743e-03   1.9570463e-11   6.2153365e-06   2.1814206e-15   2.7896544e-04   1.8123145e-03   2.3800208e-31
   1.4613285e-02   1.1178014e-02   1.6902910e-03   1.0207128e-02   3.6071567e-23   2.7462387e-08   1.5334025e-04   5.8133780e-04   1.5582011e-03   1.9323388e-28
   1.0573244e-02   1.7559852e-02   1.4729484e-03   1.7374831e-02   5.4062081e-30   8.2978916e-05   5.8550643e-19   1.0310286e-03   9.9690254e-04   2.0682219e-25
   4.8842398e-03   1.7168271e-02   1.0735583e-03   2.4384297e-02   5.0615416e-30   4.3490459e-03   2.6440365e-03   7.2533266e-04   8.0136151e-04   4.1049806e-29
   4.5309748e-03   7.7347218e-03   1.8096900e-03   2.3214487e-02   3.6319969e-35   4.7562009e-03   3.1518732e-03   5.6825073e-04   6.1452778e-04   2.7693061e-31
   5.5036446e-03   1.8514733e-03   2.4868017e-03   1.8927558e-02   1.5504224e-32   3.1113888e-03   3.5635582e-04   5.5329932e-04   5.9363583e-04   1.2382958e-21
   4.6768965e-03   9.1372683e-04   3.4684381e-03   1.2968303e-02   3.8414020e-36   3.8510072e-03   9.4360996e-05   5.0862738e-04   5.2884838e-04   3.0894016e-23
   5.5486475e-03   6.1966359e-04   4.4956761e-03   9.6547316e-03   3.7658045e-34   4.0119279e-03   4.3477193e-04   4.4392097e-04   5.8804088e-04   1.5795727e-15
   7.6385556e-03   4.9559377e-04   4.2081336e-03   7.7628091e-03   9.8579660e-35   2.5126796e-03   8.8240610e-05   5.2116344e-04   7.5137397e-04   3.8295673e-04
   9.3544237e-03   2.3060092e-03   4.1008987e-03   5.2854057e-03   2.7270110e-30   4.9080344e-11   1.2360165e-05   4.2780859e-04   8.6824205e-04   2.9802622e-08
   1.0495876e-02   7.0066161e-03   3.5761320e-03   4.3340605e-03   6.8860712e-20   1.8993556e-20   6.6999928e-13   1.8355819e-04   6.5848508e-04   2.0331024e-03
   1.1158876e-02   1.1437734e-02   3.0307621e-03   4.4207412e-03   6.5425964e-11   4.9025937e-15   9.6464971e-13   1.9364692e-04   5.5420681e-04   7.0704576e-12
   9.9498436e-03   1.8266368e-02   2.0443157e-03   6.0841740e-03   1.9526436e-09   2.6971398e-18   1.0174683e-13   1.6940321e-04   4.9644563e-04   8.4042543e-21
   9.6539203e-03   2.1525971e-02   1.5025951e-03   9.8913925e-03   1.8645593e-09   9.3877827e-07   4.8974682e-16   2.7568675e-04   6.2714372e-04   3.0960488e-14
   8.9781084e-03   1.4723528e-02   1.0204862e-03   1.4034761e-02   6.0870433e-09   2.8665537e-04   9.7128974e-14   3.7822851e-04   6.0434481e-04   1.6050521e-11
   7.0626997e-03   7.2002956e-03   1.3315687e-03   1.4456856e-02   6.5434636e-10   9.5358690e-14   7.0554777e-05   4.0757879e-04   6.6874809e-04   5.7730480e-27
   6.2933057e-03   4.3406587e-03   1.6118256e-03   1.2298230e-02   1.0969196e-11   2.5140694e-03   4.5469143e-03   4.7237739e-04   6.8575016e-04   5.6341972e-35
   7.6122051e-03   2.6767544e-03   1.8507675e-03   7.5186378e-03   9.1581513e-19   2.8225664e-03   6.5406476e-03   5.9771477e-04   7.8175840e-04   1.6198667e-26
   1.1116767e-02   1.0363076e-03   2.3912345e-03   2.5495767e-03   9.4387186e-32   1.0313100e-05   3.7892412e-03   6.5950724e-04   6.7171942e-04   5.3459161e-18
   1.1820596e-02   4.4446569e-03   2.1960526e-03   2.2432225e-03   2.2077283e-32   8.0649140e-09   2.2520422e-03   7.5914750e-04   5.3005713e-04   2.1561621e-14
   1.2679807e-02   1.4723891e-02   1.7204221e-03   5.4900919e-04   2.8170177e-24   3.4003962e-07   1.4054454e-03   5.8998681e-04   4.0205824e-04   1.6157384e-07
   1.2668555e-02   2.9417364e-02   1.3673384e-03   8.4471160e-24   5.6978382e-31   1.3560119e-06   1.6844668e-03   5.8524061e-04   2.8874290e-04   8.1312635e-04
   1.4070655e-02   3.5664887e-02   1.5084864e-03   1.1223883e-07   3.1430789e-25   7.3243684e-20   1.3358847e-03   7.9319820e-04   2.9396978e-04   6.2411214e-04
   1.3463187e-02   3.6019942e-02   1.4736830e-03   4.3160917e-08   8.2027009e-16   9.1532797e-20   1.0868930e-03   8.8277691e-04   4.3482618e-04   8.4436559e-04
   1.2130449e-02   2.8731243e-02   1.6655182e-03   5.7495327e-09   1.0768708e-07   3.5349239e-20   2.6789891e-03   5.4004633e-04   6.4383714e-04   2.2743695e-11
   1.4864249e-02   1.8223958e-02   1.1226335e-03   1.7831916e-03   2.1906525e-23   3.6783059e-19   6.4037702e-04   5.9516018e-04   1.0326552e-03   2.1854801e-03
   2.1355055e-02   5.6824361e-03   7.6133147e-04   7.2631727e-03   7.6573377e-20   2.3995701e-19   6.9532904e-03   4.0475063e-04   1.0304256e-03   1.5281906e-09
   1.8108755e-02   4.2570044e-03   1.0948276e-03   1.2290667e-02   6.6660874e-20   9.9525051e-06   8.7938261e-03   4.0218447e-04   7.7607627e-04   6.6102041e-11
   1.0356330e-02   3.5973585e-03   9.3422107e-04   1.3833321e-02   7.7731530e-29   1.7803380e-03   1.0902402e-02   5.8263256e-04   1.0781814e-03   3.4879338e-19
   7.2313243e-03   1.9244694e-03   9.8841889e-04   8.0400709e-03   3.9685256e-33   2.3369891e-03   2.0688126e-02   3.7070617e-04   9.9433638e-04   6.8601361e-24
   8.0825748e-03   2.2193535e-03   9.5425100e-04   2.0333618e-03   3.0703530e-23   4.8388636e-05   1.8267885e-02   6.9339387e-04   1.1733124e-03   2.0803767e-23
   7.7851449e-03   4.6335664e-03   5.1261052e-04   5.8101381e-06   8.1593878e-18   1.4697282e-03   1.6002837e-02   8.7852068e-04   1.3707894e-03   7.5049534e-21
   4.8642791e-03   5.8350488e-03   8.0353456e-04   2.0273084e-13   7.2258341e-21   1.9691492e-07   1.8217108e-02   1.0237763e-03   1.0169254e-03   1.4714434e-26
   3.9754888e-03   7.8266788e-03   1.2510200e-03   2.5720039e-20   9.9857178e-22   9.4354497e-04   1.5113472e-02   6.6206254e-04   6.8442021e-04   2.0390366e-22
   5.6944107e-03   8.0760343e-03   1.1346338e-03   1.2311592e-16   2.3930013e-66   1.1623748e-03   1.9620205e-02   1.3409697e-03   7.1992325e-04   1.7226502e-23
   5.6868850e-03   5.7726117e-03   2.4275290e-03   1.7417239e-18   1.2378861e-49   1.1111537e-03   2.2932886e-02   1.5688826e-03   7.2674802e-04   4.1307605e-21
   5.4191727e-03   1.7740720e-03   3.0449762e-03   6.1075958e-18   2.8333531e-28   1.3874239e-04   2.0196903e-02   7.3917394e-04   7.9222998e-04   4.1871042e-16
   5.7782305e-03   6.3085894e-04   1.9311263e-03   3.6949796e-06   7.1189530e-25   8.8108206e-06   2.0239397e-02   6.5714943e-04   9.6499641e-04   4.5625304e-15
   6.4085820e-03   1.0863640e-03   8.1171485e-04   3.5632588e-07   1.7960114e-39   7.6523002e-06   1.6746185e-02   1.1653174e-03   1.2884206e-03   8.6096772e-05
   5.4768079e-03   4.6105255e-04   2.9614648e-04   5.1563403e-04   4.7551439e-39   5.8425534e-04   2.0118463e-02   9.1161071e-04   1.6287228e-03   1.6035275e-03
   4.2469384e-03   7.4265686e-04   2.1285290e-04   3.6006589e-03   1.1706155e-28   8.0873729e-04   1.7979578e-02   8.0809486e-04   2.0550809e-03   6.1813210e-20
   2.4446707e-03   1.1736048e-03   1.2379962e-04   5.2528722e-03   8.4802596e-28   1.8997235e-04   1.7905749e-02   8.3536129e-04   2.0626612e-03   5.7624197e-24
   1.5406553e-03   1.8489431e-03   6.1494672e-05   4.9416120e-03   1.4864933e-21   4.9558754e-04   2.7611657e-02   5.6291133e-04   2.0061436e-03   4.4488135e-11
   2.1751832e-03   2.0445983e-03   4.5639587e-05   2.7694164e-03   3.7837522e-12   2.1845602e-06   2.2876470e-02   7.8822651e-04   1.9557586e-03   2.9485224e-11
   2.1474709e-03   2.7054066e-03   2.4130383e-04   1.0558512e-03   3.3013628e-14   5.2010072e-04   1.2671879e-02   9.5391530e-04   1.6279632e-03   2.8726156e-08
   2.1163120e-03   3.1600085e-03   9.2749548e-05   3.3584005e-07   4.0629347e-12   4.6173144e-05   1.2160469e-02   8.1283852e-04   1.8969088e-03   1.2884989e-17
   1.7408789e-03   1.6744458e-03   1.5208313e-04   1.7208394e-23   8.9318040e-16   2.0221989e-13   1.4289246e-02   9.8687305e-04   2.6966097e-03   8.3583164e-15
   2.1158881e-03   3.3198533e-04   2.9105524e-04   2.5110348e-22   6.0087910e-21   6.1059524e-11   1.4075038e-02   9.6271889e-04   2.9549658e-03   1.1007301e-15
   2.4854916e-03   7.3816336e-04   1.3120341e-04   1.5621376e-23   2.3472812e-13   5.2319117e-06   1.1300141e-02   7.6957966e-04   2.8031682e-03   2.9581937e-14
   1.9934280e-03   6.3416140e-04   1.9988335e-04   2.5590235e-11   7.8403286e-08   2.1307212e-04   7.3415755e-03   9.6498220e-04   2.4895747e-03   9.2642278e-13
   2.3389378e-03   5.6799200e-04   2.6245711e-04   3.9186517e-06   2.2475725e-16   1.2730148e-04   3.1208208e-03   1.0857245e-03   2.6967297e-03   3.8781573e-06
   2.3722584e-03   9.3320950e-04   3.5841843e-04   6.9578460e-05   5.3381216e-13   5.6978994e-06   5.0712360e-04   7.8801238e-04   2.5825946e-03   1.5904735e-03
   1.7082531e-03   1.8439979e-03   6.1594829e-05   1.1331447e-03   1.5978753e-05   3.8340695e-06   2.1552817e-05   6.0601619e-04   3.0538267e-03   2.7604135e-14
   1.0769171e-03   2.3079664e-03   2.1033399e-05   2.2497083e-03   5.9455724e-07   2.2522799e-08   9.9896815e-04   8.2041656e-04   3.1237014e-03   1.8030903e-21
   5.9874913e-04   2.2951658e-03   3.4711483e-06   2.6324967e-03   8.2842821e-20   1.3640734e-05   2.2555474e-03   5.9891949e-04   2.8545529e-03   7.1039349e-21
   6.2917263e-04   2.7436080e-03   8.7130176e-06   1.8502498e-03   4.6805955e-04   5.7717748e-06   9.3837007e-03   7.3243154e-04   3.0292338e-03   1.4392745e-21
   9.0438059e-04   2.0302301e-03   2.7837923e-05   8.1419293e-04   3.6538169e-03   1.3413682e-10   1.1893379e-02   3.4584867e-04   2.6905753e-03   1.0117525e-26
   1.2988004e-03   4.8874886e-04   6.0322811e-05   3.5007333e-04   1.5049658e-03   5.8420290e-11   8.5975312e-03   3.4772714e-04   2.6449076e-03   2.0100581e-13
   1.1610739e-03   4.8568195e-04   7.8966212e-05   1.7439382e-07   9.5165867e-08   8.1451002e-10   3.7685904e-03   3.3770802e-04   3.2127353e-03   1.4539551e-30
   8.6309996e-04   2.7040236e-04   1.1723871e-04   6.4497932e-15   1.3461448e-05   6.5563319e-10   4.6535000e-04   4.2419853e-04   4.3278324e-03   1.2955450e-24
   7.5887951e-04   2.4245170e-04   2.0779044e-04   1.6888864e-20   1.1530377e-07   1.2827917e-15   9.2332769e-04   5.2385691e-04   4.0801036e-03   3.7528361e-21
   9.7843858e-04   5.5774927e-04   6.3174515e-05   7.7405623e-14   1.5969440e-09   1.6387199e-07   1.2532391e-03   4.7609303e-04   3.3644266e-03   1.7133069e-18
   9.8364624e-04   6.2595306e-04   6.8201646e-05   1.0064074e-07   3.6295262e-12   1.2639205e-14   7.6144165e-07   3.9568427e-04   4.1215284e-03   2.1812277e-05
   1.0597043e-03   1.0137154e-03   2.3222442e-05   3.7748347e-08   1.1076864e-09   9.5849927e-10   2.2907900e-07   3.6450813e-04   3.8321017e-03   5.3435641e-03
   8.1662102e-04   8.8483098e-04   1.7541759e-05   2.3259494e-05   4.9805932e-08   2.7628434e-07   6.1611601e-08   3.7869860e-04   3.3436144e-03   5.9848941e-03
   2.5992402e-04   1.1450451e-03   1.0332092e-05   1.0985992e-03   1.5362852e-05   1.0930925e-09   4.5724313e-09   3.1508110e-04   3.3061734e-03   2.2844128e-03
   2.8345078e-04   1.3751201e-03   9.4020320e-06   1.9603841e-03   8.3558393e-04   5.1709200e-09   1.3895451e-05   3.0950958e-04   3.2855754e-03   9.0143686e-13
   3.7700377e-04   6.9191742e-04   3.8724949e-05   1.8625223e-03   6.6272591e-04   9.0972820e-05   7.4432223e-07   3.1269833e-04   2.6380624e-03   3.4134749e-26
   3.7205036e-04   1.7092913e-04   5.9560095e-05   1.0362628e-03   5.9223404e-05   2.2688409e-04   2.6226838e-03   3.4316457e-04   2.4555124e-03   5.5687524e-29
   3.9256851e-04   1.3975973e-04   1.2752965e-04   1.9023607e-04   3.2818925e-15   6.9827514e-05   2.9508621e-03   2.2194544e-04   2.5542746e-03   5.7044269e-26
   5.4795009e-04   7.3294986e-05   8.1303954e-05   3.9232625e-05   9.0342345e-07   1.8940958e-06   3.6184647e-03   2.6431137e-04   2.6242738e-03   5.4081265e-41
   5.0800141e-04   1.8167302e-04   1.6264553e-04   1.9103837e-21   6.5940685e-10   8.8369064e-08   2.1755770e-03   2.7937251e-04   3.1387457e-03   1.8850942e-36
   4.6651069e-04   3.3492308e-04   1.0423507e-04   1.6860464e-13   5.2110867e-06   4.0869905e-15   1.8545178e-05   1.8229989e-04   3.9036424e-03   9.9330145e-41
   3.0663587e-04   4.8791733e-04   1.7450899e-05   2.0061654e-16   7.2193836e-11   1.2529707e-21   6.3655127e-11   2.0558104e-04   4.9865188e-03   4.6523502e-45
   2.3115506e-04   5.1927218e-04   5.1693623e-06   7.6975760e-24   5.0472759e-07   3.8559923e-19   5.6027218e-14   1.0074166e-04   5.3890447e-03   9.3797291e-46
   4.8198717e-04   6.0842968e-04   3.9917640e-06   1.9373884e-10   5.8195167e-04   1.3423139e-13   5.8480655e-11   2.2093645e-04   4.4464837e-03   4.3580202e-41
   6.6151262e-04   1.3166809e-03   4.5880445e-06   1.7951776e-06   5.9397780e-06   6.4023397e-10   1.9986903e-07   2.2739987e-04   3.8328490e-03   2.2998447e-33
   5.2321987e-04   1.2517804e-03   7.9352774e-06   7.5779268e-04   9.0967882e-17   2.8057739e-09   1.4089349e-11   1.9252023e-04   3.6420217e-03   1.2898934e-27
   1.5787203e-04   4.2419777e-04   2.4550093e-05   2.3878866e-03   8.8888808e-14   2.2204060e-06   1.5793723e-04   1.5009636e-04   3.5322996e-03   4.7485835e-23
   4.1837528e-04   4.1408938e-04   6.4181093e-05   3.6375900e-03   2.1997130e-12   3.4102848e-06   2.1509099e-04   1.6217209e-04   3.8668668e-03   2.5867885e-24
   3.0003996e-04   3.4284329e-04   2.0779066e-04   4.6432515e-03   1.0777426e-10   1.0982039e-08   1.0214251e-04   2.4090710e-04   3.9151525e-03   1.1554713e-33
   2.0502941e-04   4.9132304e-04   4.2081905e-04   3.8257137e-03   7.6369240e-07   5.8303930e-15   4.2216114e-03   1.2762782e-04   3.4445702e-03   4.2808454e-23
   8.2340991e-04   1.1954046e-03   6.2058016e-04   2.4732804e-03   6.1554392e-14   6.3105201e-06   4.3222640e-03   3.4978620e-04   2.5037888e-03   5.6902939e-19
   8.9051009e-04   1.3432373e-03   9.1009517e-04   1.7303127e-03   7.1150842e-11   3.9877107e-05   2.8465234e-03   5.6419066e-04   2.4693517e-03   8.1754981e-29
   1.4272507e-03   1.8261660e-03   1.1757461e-03   1.6364784e-04   4.9210137e-12   4.3143579e-07   6.4186403e-06   3.9731827e-04   2.4167312e-03   1.1004624e-16
   1.6102699e-03   2.0122794e-03   1.2907725e-03   1.1866888e-04   1.4114550e-07   1.3346299e-04   8.1961463e-04   4.0930152e-04   2.3511683e-03   5.6976896e-21
   1.5149133e-03   3.2207533e-03   1.6850863e-03   2.7855982e-04   9.6682813e-05   6.6044328e-05   2.0640966e-04   4.0463603e-04   2.7238181e-03   1.0183344e-18
   1.4329662e-03   3.3494105e-03   1.1007190e-03   1.2253124e-03   2.7252309e-05   5.1112815e-05   5.6189569e-05   2.7624824e-04   3.6982476e-03   7.6221847e-22
   1.4905961e-03   1.3969048e-03   6.0662922e-04   3.4474994e-04   5.6653959e-05   1.0940616e-05   7.9547067e-04   1.9208291e-04   4.3569200e-03   1.1637866e-28
   1.7790848e-03   7.3165702e-04   7.1916254e-04   1.0417032e-03   8.3934212e-06   6.4219041e-08   6.4457837e-04   3.0404908e-04   4.5371664e-03   1.0987031e-12
   1.6402274e-03   8.2862240e-04   7.8705834e-04   2.3242936e-03   2.7354066e-06   6.2183305e-09   3.2197978e-03   3.5352055e-04   4.4784809e-03   2.0851077e-07
   1.3850191e-03   1.0457256e-03   6.3597687e-04   3.7464276e-03   4.7247778e-04   1.4962409e-11   5.9094534e-03   1.1671380e-04   4.0954489e-03   1.7908400e-06
   1.9237642e-03   1.9877135e-03   4.3532179e-04   3.5311319e-03   3.7968045e-08   6.9606649e-10   1.1841814e-03   1.8680525e-04   4.4953879e-03   4.3899117e-16
   2.3494385e-03   2.0397589e-03   3.9905873e-04   2.2836859e-03   1.0140287e-07   9.0623051e-11   9.3570400e-03   3.8266070e-04   4.0586822e-03   3.1337248e-14
   2.4396404e-03   2.7647787e-03   6.4105920e-04   1.1245636e-03   7.6784641e-06   1.3038975e-10   1.2037328e-02   4.2115776e-04   3.4940418e-03   4.2724654e-22
   2.6782463e-03   3.1631754e-03   8.2714444e-04   6.6142729e-04   7.3873878e-07   7.1089105e-04   8.4566089e-03   3.9185603e-04   3.9223563e-03   3.8544086e-18
   2.7623795e-03   3.5077078e-03   1.2271939e-03   3.2995613e-10   5.1455161e-04   1.2915037e-03   8.1639130e-03   3.1838286e-04   3.5615937e-03   7.0258177e-26
   2.5093696e-03   4.6987894e-03   1.7018423e-03   3.2675718e-16   8.8675265e-06   2.3801354e-05   8.2515527e-03   3.8303207e-04   3.1508842e-03   9.3115680e-23
   2.1697320e-03   3.6324635e-03   1.4423646e-03   1.0836520e-08   1.8129986e-12   1.0011572e-03   3.6856889e-03   2.8307052e-04   3.4156472e-03   4.0517072e-23
   2.9327447e-03   1.0116152e-03   1.0715875e-03   1.3552632e-17   5.9779331e-14   2.7609661e-03   9.2119566e-04   5.1027839e-04   3.4647070e-03   4.2522277e-17
   5.8549744e-03   7.7282595e-04   1.3588271e-03   1.4079921e-05   1.3421791e-23   2.2095401e-03   1.8085397e-08   7.6470206e-04   2.1142925e-03   2.2820944e-10
   4.8523670e-03   1.3586889e-03   1.0299719e-03   6.4525431e-05   2.4605928e-17   8.9819047e-05   1.1674169e-04   4.8393388e-04   3.2744498e-03   2.3032434e-14
   3.7005786e-03   2.5206445e-03   5.6040744e-04   4.8799337e-05   4.3701010e-21   1.9624823e-05   1.8727448e-05   7.0514508e-05   4.4937616e-03   8.2829528e-25
   3.9449438e-03   4.7639393e-03   2.5933099e-04   4.5344356e-06   1.5351919e-11   8.6130414e-05   1.2371157e-06   1.9966821e-04   4.8223435e-03   4.2060381e-40
   3.1589208e-03   4.4465729e-03   2.8806303e-04   2.3053057e-04   4.9416982e-04   8.8853212e-04   2.3811697e-07   2.7739243e-04   5.0125753e-03   9.0069533e-21
   3.0973745e-03   4.3051418e-03   4.8800299e-04   5.6165304e-04   7.9011193e-07   7.8518635e-04   8.0661869e-07   3.7057477e-04   4.5327620e-03   4.1598780e-21
   3.3659756e-03   3.0134763e-03   8.9854001e-04   1.1630508e-04   3.3945118e-20   1.3230930e-03   1.3962913e-13   5.5914310e-04   4.3974841e-03   4.4310201e-17
   2.7769142e-03   3.0768266e-03   1.2449301e-03   8.3528673e-06   1.5262242e-16   5.3292944e-04   2.1949021e-04   3.4040932e-04   4.0677856e-03   5.4052876e-21
   1.8499370e-03   2.9254750e-03   1.7588523e-03   6.9545989e-19   1.1383398e-15   3.2805389e-04   3.2163452e-04   4.3878202e-04   3.8903520e-03   1.7298923e-17
   1.8558371e-03   1.5201973e-03   1.8377410e-03   7.8927283e-17   1.3221300e-12   2.8433559e-04   2.0281094e-04   3.2788172e-04   4.2668807e-03   6.0452030e-17
   1.0573458e-03   4.9417404e-04   1.2971305e-03   3.1896515e-31   8.0213160e-07   4.0155576e-04   6.2919120e-06   4.0048770e-04   4.3844667e-03   1.1992138e-19
   7.9523200e-04   5.4409730e-04   3.3291442e-04   4.8262932e-22   6.0970682e-09   2.6080213e-04   5.2530847e-08   7.4032213e-04   4.6959487e-03   1.7331205e-25
   6.8494208e-04   8.3126414e-04   1.5308634e-05   2.3084467e-11   9.6258108e-05   8.4734187e-04   1.4257848e-09   6.1173016e-04   4.9098096e-03   2.4822484e-21
   1.4839255e-03   1.3498463e-03   1.1855919e-05   2.3822775e-10   6.6006136e-07   2.2237638e-03   6.0566969e-20   6.4519859e-04   4.5457396e-03   4.1587567e-27
   1.2640278e-03   1.5053966e-03   3.8012081e-05   9.1311736e-10   1.6570443e-08   9.3306720e-04   1.5087774e-23   9.8241143e-04   4.6080807e-03   1.4058020e-33
   1.3783831e-03   1.6222359e-03   1.0057854e-04   4.8150712e-05   1.3361620e-09   7.2211795e-04   2.1229273e-09   9.9798503e-04   3.5585501e-03   2.5166264e-22
   1.5960532e-03   1.3578176e-03   1.8342422e-05   1.6465152e-04   6.2954697e-12   4.7054987e-05   5.8605584e-06   9.5703485e-04   3.4036594e-03   6.2743618e-24
   1.7352792e-03   1.1075965e-03   2.8329297e-06   1.6464714e-05   5.3869131e-10   4.4041416e-05   5.1909425e-05   7.4784822e-04   3.6958223e-03   2.8379068e-31
   1.7295080e-03   1.3212507e-03   1.8741974e-05   2.7778745e-04   1.5474309e-14   1.9927947e-05   1.8811879e-04   8.5202473e-04   2.9560395e-03   2.9330696e-19
   1.7154112e-03   1.0264484e-03   6.4187003e-05   2.9687365e-04   2.0261562e-11   2.7846238e-05   9.9245365e-18   6.1790766e-04   3.1630645e-03   5.0463646e-15
   1.7360679e-03   2.3130316e-04   6.7110252e-05   1.1951310e-04   3.5039056e-05   2.5272418e-05   1.3347981e-05   6.6841813e-04   3.2205602e-03   1.0445986e-25
   1.5600190e-03   1.6803745e-04   1.1152689e-05   8.0604432e-06   5.5656362e-05   2.4017461e-04   4.2027331e-04   7.8488970e-04   2.9291121e-03   2.0750932e-34
   1.3361004e-03   1.6577745e-04   8.6664464e-05   1.4315055e-09   2.4676690e-07   2.4235023e-04   1.4609567e-04   6.3075865e-04   3.1218465e-03   2.4888614e-41
   1.2718089e-03   5.0414861e-04   1.4595602e-05   2.2241220e-14   3.7824989e-11   1.3187259e-05   2.3556937e-10   5.1405236e-04   2.8583608e-03   1.5989699e-41
   7.0468223e-04   8.9782797e-04   1.1301917e-05   2.7463970e-12   1.1524903e-14   2.2941356e-04   2.6717798e-13   6.5779738e-04   3.0083339e-03   1.7629316e-39
   9.2434062e-04   6.6464708e-04   6.9990189e-06   3.8018549e-07   3.2221346e-13   2.8730996e-04   1.0494545e-13   7.6914275e-04   3.1726099e-03   8.8563256e-36
   1.5968261e-03   3.9357322e-04   2.0484403e-04   1.0237760e-06   1.1141666e-07   1.1406589e-04   1.0477838e-17   5.3919619e-04   2.2937499e-03   1.5665774e-25
   1.5393837e-03   4.6821283e-04   4.5800071e-05   3.1760932e-05   4.7437967e-04   5.5050905e-04   3.3915180e-09   6.1622875e-04   1.8884473e-03   7.1880922e-31
   1.6380977e-03   4.6894061e-04   1.0473563e-04   8.2832154e-05   3.8366140e-05   7.9991822e-04   2.3146993e-04   5.5397685e-04   1.8322529e-03   4.5871169e-35
   1.7109288e-03   5.3221149e-04   7.0872770e-05   1.8230647e-04   9.5229642e-04   1.1362233e-03   3.8332655e-04   4.7095937e-04   2.2216719e-03   5.1774692e-43
   1.5833261e-03   2.9722482e-04   5.4449426e-05   3.0133821e-04   9.8909551e-04   2.0452356e-03   1.8485716e-03   6.6180175e-04   1.9070961e-03   1.9424693e-33
   1.1990690e-03   1.4770322e-04   2.0676524e-04   4.9915399e-04   1.7650083e-03   1.7676938e-03   1.2136888e-03   7.6322018e-04   1.5430533e-03   1.1764605e-25
   9.1808100e-04   1.2808484e-15   1.1152089e-04   1.2156185e-04   2.6199046e-05   1.1966772e-03   5.5763549e-12   9.3835136e-04   2.2510726e-03   1.2104597e-28
   9.1751572e-04   1.3825567e-04   2.5605032e-05   4.7249810e-05   7.7006802e-13   3.9673711e-04   2.5683591e-04   7.7379105e-04   2.7629254e-03   1.0918803e-31
   9.8177305e-04   4.4574561e-04   1.1515305e-04   3.2039079e-10   5.8818531e-15   1.3599813e-03   1.7083488e-03   8.7659782e-04   2.3880386e-03   5.4362231e-39
   1.0376756e-03   4.3642637e-04   3.9355422e-05   5.1830473e-08   7.8504508e-18   6.5350728e-04   2.5379741e-03   6.8759423e-04   2.1933196e-03   1.1199991e-29
   6.3129082e-04   4.0119442e-04   2.1580644e-04   1.5583169e-10   6.4322229e-14   1.1396305e-03   1.0983032e-03   7.4495791e-04   1.9262703e-03   1.1168025e-29
   1.0937552e-03   2.2464128e-04   1.1875607e-04   2.9575197e-06   4.5922304e-11   1.7663472e-03   1.0679873e-04   6.0996537e-04   2.0159957e-03   4.9992436e-36
   1.4443830e-03   3.6519966e-04   1.5350396e-04   9.4571960e-08   3.0721489e-07   2.3953109e-04   1.8019376e-05   8.2608832e-04   2.0102092e-03   9.5191687e-35
   1.5597502e-03   7.3555458e-04   1.8423575e-04   3.6259976e-06   6.1830356e-05   1.4112841e-03   1.3409231e-07   7.7057273e-04   1.7121954e-03   6.3058262e-30
   1.5785543e-03   6.2076819e-04   1.4269919e-04   5.6612879e-05   8.2004227e-06   2.7947454e-03   4.7997246e-05   6.5471198e-04   1.4046611e-03   4.5849606e-31
   1.6564731e-03   2.7828832e-04   1.5921011e-04   2.3762411e-04   3.6189160e-12   3.8035971e-03   3.6822959e-04   7.0768950e-04   1.6384635e-03   1.3220192e-37
   1.2621875e-03   3.5565428e-04   2.9754231e-04   8.9214607e-04   2.8300077e-08   5.6828434e-03   1.4468039e-04   5.9112418e-04   1.8333493e-03   1.0965076e-28
   1.2924498e-03   3.7630544e-04   4.7699510e-04   1.4627540e-03   4.1167484e-11   3.8243900e-03   2.4622178e-03   5.3931135e-04   1.4749990e-03   1.5338808e-31
   1.6843737e-03   9.5837755e-04   2.7762982e-04   1.6323959e-03   2.4321630e-14   2.7977760e-03   1.9844495e-03   5.7233926e-04   1.5953602e-03   1.8450114e-30
   1.9125772e-03   1.1973188e-03   3.5511697e-04   7.2776505e-04   6.0604143e-16   4.0023425e-03   1.0019874e-04   5.0142728e-04   1.9628627e-03   8.2227740e-23
   1.7224857e-03   1.0211292e-03   3.3078844e-04   4.5151152e-04   4.2039846e-16   4.6768173e-03   2.5977969e-03   4.3795767e-04   1.9723449e-03   9.6664002e-19
   1.2859717e-03   6.6702878e-04   3.9082463e-04   1.1753044e-17   5.9446421e-19   4.6390809e-03   3.6200545e-03   3.6278574e-04   2.1258396e-03   1.3021696e-30
   1.4871930e-03   3.9579697e-04   2.9329728e-04   3.9976154e-13   1.2087555e-09   3.3935549e-03   3.5064179e-03   2.4243505e-04   2.3001982e-03   5.6702063e-27
   1.4743761e-03   4.1075270e-04   3.2315612e-04   8.5778759e-05   2.8136060e-07   5.1407103e-03   2.2922987e-03   3.6964464e-04   1.8604685e-03   1.7828833e-29
   1.5176483e-03   4.7526485e-04   4.6516758e-04   8.0733066e-04   2.5644767e-14   3.7337444e-03   1.1755901e-03   5.6914535e-04   1.7614408e-03   7.2723926e-45
   1.4098364e-03   4.4757903e-04   3.5077545e-04   1.2241379e-03   4.5134462e-09   2.4351774e-03   6.0282142e-04   6.5376627e-04   2.1814710e-03   7.1618807e-38
   1.3760410e-03   2.3215854e-04   2.9077416e-04   7.6309411e-04   1.2662299e-07   5.0047338e-03   3.0975657e-08   5.9706695e-04   2.2752528e-03   3.2624315e-29
   1.1232449e-03   2.0053870e-04   5.4121623e-04   1.1902238e-03   3.0074218e-13   5.4779473e-03   9.3683391e-06   4.8461155e-04   2.1673899e-03   3.3175968e-25
   1.0718946e-03   6.5591409e-04   2.5468097e-04   2.1413026e-03   1.5788660e-20   5.5657761e-03   1.2509736e-03   5.6269791e-04   2.1846578e-03   1.1118545e-22
   1.2420011e-03   1.1994840e-03   9.2451614e-05   2.1001858e-03   9.0330708e-22   3.4250323e-03   1.6062305e-03   6.1520288e-04   2.4365596e-03   4.3247661e-22
   1.7326150e-03   6.1696330e-04   2.4084580e-04   2.7118429e-03   1.1139212e-03   4.6677895e-03   4.3470917e-03   3.7684289e-04   2.3617336e-03   1.0847183e-26
   1.4675500e-03   4.7116987e-04   3.8653457e-04   3.5736986e-03   6.2444462e-04   7.9420250e-03   2.6450338e-03   4.3516593e-04   2.1898989e-03   8.3547702e-16
   1.6221114e-03   4.2530511e-04   1.7391818e-04   2.2262265e-03   2.3130258e-05   6.6500106e-03   6.2884655e-04   7.4321785e-04   2.3923865e-03   9.2470692e-06
   1.3993372e-03   6.4552742e-04   1.6761346e-04   1.6475997e-03   1.7446015e-08   7.2214016e-03   2.9907344e-03   6.5204746e-04   2.6825778e-03   5.7280758e-08
   2.3400725e-03   6.1266740e-04   5.9195168e-05   6.6645067e-04   9.8272033e-05   7.4295061e-03   3.3830070e-03   6.2323270e-04   3.2987992e-03   5.1512757e-12
   2.4862589e-03   8.6378585e-04   6.2763495e-05   4.8998307e-04   5.9903253e-11   4.3845675e-03   1.4844765e-03   9.8977896e-04   3.2904595e-03   6.3060771e-17
   2.8060721e-03   4.9436530e-04   9.5732824e-05   7.2434393e-05   3.5259427e-09   3.1426533e-03   1.7234227e-04   8.4380881e-04   3.3427486e-03   1.8781513e-27
   2.6838337e-03   9.9803875e-05   1.3618511e-05   7.6394096e-05   1.4141188e-07   8.6514740e-03   9.7029497e-05   6.9638732e-04   2.8130632e-03   3.5462302e-42
   1.8851222e-03   5.5486543e-04   7.3117437e-05   5.0495844e-04   7.9283211e-08   9.2853658e-03   1.2342879e-06   5.2190651e-04   2.5462943e-03   9.7889254e-45
   1.6843843e-03   1.0891722e-03   1.3295406e-04   4.3956675e-04   7.7121383e-05   5.8577050e-03   5.6827732e-05   5.1111699e-04   2.7983193e-03   4.1363871e-39
   1.9729405e-03   1.3766916e-03   5.7555264e-05   5.1318691e-04   1.1551422e-11   6.9273768e-03   3.5486132e-04   6.7282899e-04   2.9434462e-03   2.9317174e-53
   1.8243707e-03   8.2669562e-04   5.0862809e-05   1.6063458e-03   2.4280379e-21   5.5241355e-03   3.2588732e-04   6.7893873e-04   3.3669010e-03   8.6389586e-33
   1.4623936e-03   5.5580732e-04   2.5348217e-04   2.6105465e-03   9.4082513e-23   6.3567151e-03   2.7892910e-06   8.6068739e-04   3.0761158e-03   8.8782416e-20
   1.8279021e-03   7.2006130e-04   2.3712791e-04   2.9095234e-03   2.3629899e-22   5.1705062e-03   2.5527157e-03   9.3510270e-04   3.3343294e-03   7.3369540e-19
   1.5427342e-03   9.5187143e-04   1.1234561e-04   1.7273668e-03   8.7256015e-14   6.3274929e-03   6.2566856e-04   9.4387569e-04   4.0459140e-03   2.3867052e-18
   1.6436001e-03   1.3185056e-03   3.7995548e-04   6.9144513e-04   5.4288684e-10   5.3724160e-03   1.7153593e-03   7.9686281e-04   4.3009787e-03   3.4102260e-15
   2.3647034e-03   1.2236594e-03   3.0079830e-04   4.4846086e-05   1.9553197e-20   5.1607256e-03   5.8809783e-03   1.0401612e-03   3.1321008e-03   6.4996386e-13
   1.9529631e-03   8.0787038e-04   2.0510544e-04   9.2199962e-04   1.9486280e-19   3.3392984e-03   7.5804560e-03   9.0717714e-04   2.7541875e-03   6.2778757e-14
   2.0368750e-03   8.3073433e-04   4.5992576e-04   5.6277410e-04   8.0683455e-13   3.6872488e-03   7.0241650e-03   9.4418246e-04   2.8356846e-03   1.8607463e-18
   1.2721376e-03   1.8453607e-03   3.2656808e-04   3.3295760e-04   8.2662028e-22   3.0034106e-03   4.6340764e-03   7.1392179e-04   3.3994969e-03   1.0003864e-27
   9.2725568e-04   2.1276047e-03   2.5041376e-04   3.8981902e-04   2.8394619e-04   2.7935616e-03   2.6178869e-03   7.7217548e-04   3.8910161e-03   2.5305353e-39
   1.0135424e-03   1.3629988e-03   4.8591583e-04   2.5323650e-04   2.7516114e-06   4.8364296e-03   4.8562871e-04   9.1941975e-04   3.5823744e-03   2.3002993e-44
   9.8865755e-04   7.3263659e-04   4.8309855e-04   3.3502056e-11   8.1646807e-18   4.3004752e-03   1.7397791e-07   8.8186536e-04   4.3624126e-03   1.4949786e-43
   7.2307528e-04   6.5309150e-04   5.5026406e-04   1.2772931e-05   1.0248634e-19   4.1140293e-03   3.6919823e-04   6.9905518e-04   4.5976960e-03   7.2863756e-33
   1.0983370e-03   6.4679467e-04   3.5532125e-04   6.7491515e-04   6.8684708e-15   3.3202428e-03   3.5030958e-03   7.8867348e-04   3.4794355e-03   2.8143617e-22
   2.6221786e-03   5.0828432e-04   1.4587040e-04   2.7296352e-04   1.9231090e-09   5.4721011e-05   3.3663870e-03   8.8591570e-04   4.3092387e-03   2.4409970e-37
   2.6025123e-03   4.4736526e-07   4.9264473e-05   8.9116214e-04   2.1671206e-07   6.7550589e-06   6.8655941e-03   1.0121270e-03   4.8624125e-03   4.5867961e-33
   2.2874734e-03   3.4499281e-04   1.1018381e-04   1.6611595e-03   1.5270570e-11   2.4542177e-07   5.6534452e-03   1.2425250e-03   4.8509894e-03   3.3081530e-34
   2.3450490e-03   2.0359550e-04   1.2589863e-04   1.8506078e-03   5.3941609e-10   2.1002467e-09   8.5622214e-04   1.1319869e-03   3.8939158e-03   5.2797133e-29
   2.1053595e-03   5.3304479e-04   8.3314403e-05   1.7151717e-03   7.0513228e-15   1.6071095e-07   5.6098391e-03   7.3886093e-04   4.1402308e-03   8.4952669e-32
   1.8977474e-03   8.0333852e-04   1.5218431e-04   6.1999335e-04   9.0178997e-15   1.8913018e-08   1.0238730e-02   7.4674171e-04   4.7699689e-03   3.6391539e-43
   2.3011900e-03   5.2689494e-04   3.1199727e-06   3.9226516e-05   1.1162016e-14   7.4204716e-10   1.2089687e-02   8.7098876e-04   4.9199811e-03   5.8302146e-40
   1.3099685e-03   2.4051481e-04   3.8925434e-05   2.1661096e-05   4.8616542e-18   4.3387825e-06   9.7755344e-03   9.7812563e-04   4.5809619e-03   1.7633837e-33
   8.5343741e-04   7.0828750e-05   2.8719231e-04   3.7149457e-04   6.7014464e-04   1.1175011e-08   7.2901949e-03   1.5366930e-03   4.0007095e-03   2.5794266e-36
   1.1596323e-03   1.2498087e-04   5.0643391e-06   2.8685122e-04   4.0048150e-04   6.2037504e-08   3.7253468e-03   2.0764413e-03   3.4109748e-03   2.5690159e-40
   1.4915374e-03   3.7635906e-07   1.8838951e-07   5.3915008e-08   1.9672203e-06   3.3764161e-10   1.1427277e-04   1.8038161e-03   5.3172255e-03   2.0711494e-42
   2.1111014e-03   5.1505514e-10   1.1403622e-06   4.4545282e-07   1.0871884e-03   1.1565425e-06   7.3227539e-04   1.7694210e-03   5.3011156e-03   1.1987148e-44
   2.4576197e-03   1.9554661e-10   1.5221617e-07   2.0226333e-04   3.0179236e-04   1.0985281e-15   2.4303768e-04   1.2816230e-03   5.7348947e-03   1.9991058e-53
   3.0645623e-03   2.9207610e-17   7.7181023e-07   4.9047868e-04   3.0256209e-05   1.6995224e-19   2.4767670e-04   1.0079153e-03   5.0523996e-03   8.9440005e-44
   2.3186085e-03   3.7154097e-05   5.1981334e-05   2.1554288e-03   9.6007650e-21   3.7507085e-07   1.5883763e-03   1.7644685e-03   3.3562613e-03   2.0443508e-31
   2.3455608e-03   1.6376255e-04   8.5044697e-05   2.8971991e-03   5.8238677e-29   1.0769549e-05   2.7204503e-03   1.7893782e-03   3.0934679e-03   4.6301518e-35
   2.2048500e-03   9.6889788e-05   2.2158224e-05   2.2310018e-03   1.4015179e-24   8.4649185e-04   1.4958881e-03   1.8460649e-03   3.3229809e-03   4.9143887e-33
   2.0417378e-03   9.3096219e-17   9.7872505e-05   1.7927274e-03   1.6091152e-27   1.2794337e-03   1.9474328e-03   1.3576678e-03   2.7644458e-03   2.1877232e-26
   1.8260668e-03   2.5248816e-26   1.5516361e-04   1.4158297e-03   3.2274116e-16   1.3106308e-03   3.0080907e-03   1.3284476e-03   2.6071416e-03   1.1941538e-26
   1.9615593e-03   9.0052974e-10   1.2190327e-04   1.5581480e-04   6.6784016e-21   2.8523585e-04   3.1770769e-03   1.6573774e-03   2.0002234e-03   3.8836247e-17
   1.6209032e-03   7.8101647e-12   8.4262977e-05   7.9565522e-04   1.1782661e-26   1.7968658e-04   1.8801908e-03   1.6064788e-03   2.0033471e-03   7.3665889e-28
   1.2538306e-03   4.0836041e-15   1.4320612e-04   1.8316037e-04   1.3445794e-29   7.1181200e-04   3.2838826e-04   1.7369515e-03   2.4640432e-03   4.7749607e-39
   1.4301063e-03   5.4631342e-11   2.8480253e-04   3.6453503e-05   4.5416694e-27   3.0056400e-04   5.8157508e-08   2.0630973e-03   2.2984990e-03   1.0091752e-30
   1.4560100e-03   1.8349543e-07   2.2570381e-04   2.7234504e-05   6.3797494e-24   8.0049963e-06   2.8247654e-12   2.1559150e-03   2.1367539e-03   3.1583773e-45
   1.6709055e-03   1.3562690e-04   6.0513784e-05   2.7486503e-04   6.7388729e-34   1.0568995e-03   5.2762605e-09   2.2565621e-03   1.8839101e-03   1.5130937e-40
   1.4107881e-03   3.0189126e-04   1.8093040e-04   2.5920220e-04   1.1976554e-20   1.2358980e-03   6.5210220e-07   2.3863874e-03   1.8223356e-03   2.0359450e-48
   8.8690247e-04   1.2546689e-04   4.2307540e-04   2.3613341e-04   1.3773460e-22   1.2006347e-03   2.5180511e-07   2.2814702e-03   1.6136547e-03   1.0768902e-42
   5.7254385e-04   2.3272641e-05   3.8627378e-04   8.8000835e-04   1.0232874e-28   1.4262129e-03   1.7530515e-08   2.1545891e-03   1.2147527e-03   5.1140662e-36
   5.2638679e-04   3.8528778e-05   3.1025561e-04   1.1140400e-03   4.0468644e-25   1.3128668e-03   1.5001994e-07   2.7282370e-03   1.1244594e-03   2.1849171e-29
   5.2431228e-04   2.8056782e-05   4.6889971e-04   9.4710736e-04   2.2609378e-25   1.4347766e-03   1.4014347e-07   3.3315121e-03   9.7166703e-04   1.1835108e-36
   5.8438911e-04   1.3930309e-04   6.0693669e-04   4.9956732e-04   4.5924607e-24   7.1575406e-04   1.9521522e-06   2.7785661e-03   9.3854242e-04   8.2683077e-39
   6.9886501e-04   2.4574307e-04   4.2619292e-04   3.2189844e-04   2.0910329e-27   1.5296603e-03   8.7418237e-12   2.0923886e-03   9.4676077e-04   3.2653805e-29
   9.8114402e-04   3.5012153e-04   3.3955465e-04   9.6792937e-07   1.1176914e-32   1.7194437e-03   7.0238214e-19   1.9483757e-03   9.0958357e-04   1.7458038e-14
   1.0696499e-03   2.2811683e-04   4.5842034e-04   4.9615293e-12   1.5240177e-31   8.1715055e-04   9.2094159e-11   2.1119526e-03   8.3866290e-04   1.5250134e-17
   7.6368642e-04   2.6933676e-04   3.2678651e-04   2.1085409e-12   5.0279380e-24   1.5670315e-03   6.4995073e-08   3.0807065e-03   8.5664686e-04   1.4475157e-25
   1.0098189e-03   5.2057768e-04   1.9407346e-04   1.9955013e-09   9.0492488e-28   1.5780066e-03   1.0948578e-09   3.1601681e-03   7.7907604e-04   3.6736888e-17
   8.6164910e-04   4.3482701e-04   3.4736088e-04   1.2752818e-12   1.0864192e-22   1.7572326e-03   7.0881771e-26   2.5067220e-03   6.0071683e-04   2.9306604e-12
   2.7015602e-04   3.0923586e-04   3.1668832e-04   7.2969294e-16   2.0549453e-30   2.9372198e-03   3.5302241e-08   3.4031694e-03   5.8547280e-04   3.4365497e-16
   2.6863521e-06   4.3633686e-05   2.3544198e-04   3.7253346e-13   2.0361797e-33   1.5486249e-03   6.8200164e-06   4.2565437e-03   4.9709870e-04   8.1046686e-22
   2.8289420e-04   6.3207656e-05   2.3674922e-04   6.0505035e-13   1.3232017e-27   1.2217747e-03   1.0335352e-07   4.2843291e-03   4.7325169e-04   4.1835357e-15
   4.4473109e-04   3.8665100e-05   1.5135881e-04   3.0801235e-14   6.7772182e-31   1.8839269e-03   2.9542058e-08   4.4985175e-03   7.5491287e-04   1.3310312e-10
   2.9134030e-04   5.5977180e-05   8.5829988e-05   1.6216835e-16   2.7392588e-29   2.7379476e-03   3.2654017e-14   3.6605073e-03   6.9120611e-04   3.7126448e-12
   6.8092282e-05   3.0080019e-04   2.7760134e-04   3.6245384e-17   6.9300134e-26   2.4382221e-03   3.8421275e-32   3.7891660e-03   5.8866449e-04   3.0443597e-20
   3.8649577e-04   3.3238210e-04   1.0375441e-04   1.9159967e-09   7.9539196e-25   1.1170346e-03   1.1127036e-28   4.1169189e-03   6.6614461e-04   5.4251221e-20
   7.4329822e-04   2.0094656e-04   7.1865348e-05   4.1753404e-10   1.4862132e-25   1.3355070e-03   4.8470941e-20   3.6083093e-03   5.2205253e-04   1.0514983e-12
   5.3791495e-04   4.1002762e-04   6.8211291e-05   1.2708026e-16   9.0601188e-18   1.3378539e-03   6.8289387e-18   3.0651834e-03   5.8628490e-04   8.8146100e-09
   5.5663059e-04   3.4549979e-04   7.6562806e-05   1.1041554e-15   1.7973029e-32   1.2090837e-03   3.2485840e-12   3.3192758e-03   5.1195481e-04   4.2892701e-07
   5.5056796e-04   5.1621653e-04   7.6734802e-05   1.7164353e-25   9.0109752e-31   2.5187279e-03   1.9877639e-21   3.4769040e-03   4.0496329e-04   8.8924297e-21
   4.0878337e-04   4.6323877e-04   5.1599334e-05   3.1570276e-26   1.5783758e-23   1.2323811e-03   4.6248717e-24   3.9228907e-03   4.5677390e-04   1.3979647e-17
   2.1123277e-04   3.2322234e-04   6.4468304e-05   2.4981605e-12   3.2989211e-07   5.9493553e-04   9.6423846e-09   3.9769376e-03   3.9302945e-04   5.7579651e-11
   1.8954718e-04   3.7277986e-04   8.2303261e-05   9.1048190e-10   3.1960428e-12   6.2859058e-04   5.1152982e-07   4.1259451e-03   2.9119128e-04   2.5739896e-13
   1.9046816e-04   5.4693716e-04   7.6255452e-05   8.8027555e-12   1.8104183e-11   5.8735958e-04   1.0709993e-08   4.4278319e-03   2.8925891e-04   1.1454654e-21
   1.9331656e-04   7.2579786e-04   1.0045114e-04   1.8187891e-10   7.9009740e-16   8.4351945e-04   1.2288626e-15   3.4431734e-03   4.7176712e-04   1.5255454e-13
   2.4198801e-07   6.8244981e-04   1.5170806e-04   8.3807828e-12   6.4576704e-09   8.5857288e-04   1.7862099e-12   3.9775079e-03   3.2464891e-04   1.8040923e-10
   1.5787581e-04   3.8878469e-04   5.0556133e-05   7.4132143e-12   3.3080707e-11   6.3300791e-04   1.4435789e-07   3.9365958e-03   3.2381488e-04   6.4320022e-11
   1.5455046e-04   5.5646010e-04   2.5799354e-05   4.0187420e-09   2.6329653e-19   6.5487091e-04   8.1326438e-23   3.9139428e-03   3.6678106e-04   1.8910784e-24
   1.4663116e-04   7.7048632e-04   7.3311447e-06   7.0116703e-18   2.5879329e-21   4.2422299e-04   7.4637385e-27   4.0175161e-03   3.7454065e-04   3.4848933e-23
   8.7998867e-05   3.9433310e-04   8.5658855e-06   7.1818637e-22   9.0299928e-18   6.7734233e-04   7.1131141e-22   4.3877660e-03   3.6126572e-04   6.4528962e-14
   1.0133475e-04   6.3272075e-04   1.9061554e-06   3.8059516e-21   1.3677111e-10   5.6717354e-04   2.9261065e-15   3.6755491e-03   4.9968981e-04   9.6751304e-14
   4.0632375e-05   4.2512369e-04   1.5313244e-06   2.3084505e-27   9.6995869e-06   7.6404191e-04   1.1220136e-13   3.8227512e-03   4.4597053e-04   5.6658524e-20
   1.4791765e-04   2.3069810e-04   1.2947813e-05   1.3318301e-12   9.0887203e-12   7.1364042e-04   9.0950323e-10   3.7845691e-03   3.4635062e-04   8.8964166e-10
   2.9433246e-04   4.0991911e-04   7.8420359e-06   7.4781684e-07   4.4763688e-15   4.2792108e-04   5.1097977e-05   4.0840444e-03   2.6226581e-04   2.1446577e-06
   2.2725652e-04   4.9866025e-04   1.0963738e-06   2.7134354e-05   7.4362292e-05   3.8780374e-04   9.4586152e-05   3.9970745e-03   2.4129889e-04   7.9234576e-18
   3.0101026e-04   6.4131897e-04   2.0509738e-06   4.9528376e-06   1.2648045e-07   4.1529741e-04   4.5604489e-08   4.0548413e-03   3.5586815e-04   1.0996520e-06
   1.6998459e-04   7.0508018e-04   1.9898142e-05   5.8378274e-05   1.6428994e-08   3.5715334e-04   1.5760802e-10   3.8355890e-03   3.7175532e-04   8.2728393e-04
   2.2307083e-04   5.6690976e-04   3.3537359e-05   5.2238758e-05   8.8330038e-09   2.0015061e-04   1.9379739e-24   3.9572542e-03   3.3622363e-04   1.1280874e-12
   2.6941771e-04   6.3766611e-04   2.3963254e-05   4.3515030e-05   9.8303606e-08   3.0355688e-04   1.0393248e-26   3.8782644e-03   3.1392793e-04   1.9066436e-13
   3.7089803e-04   5.2561559e-04   6.6589632e-06   9.0940865e-06   2.4384351e-06   4.0195432e-04   3.7437251e-09   4.1228695e-03   2.7593231e-04   8.3449056e-13
   6.4074891e-04   3.4837472e-04   1.4446758e-05   4.6784675e-07   1.2416422e-13   1.4063883e-06   7.8448416e-28   4.2410779e-03   3.4676280e-04   1.3863018e-05
   7.3919671e-04   1.5617374e-04   2.3293902e-05   1.8740392e-06   3.1930493e-22   1.3765752e-11   5.7340737e-20   4.2772364e-03   3.0387984e-04   1.9148761e-10
   5.7141309e-04   5.5299447e-05   1.4970228e-05   3.6610519e-07   3.9284988e-11   4.5740240e-06   8.6458767e-20   5.3032456e-03   2.7989931e-04   1.9595376e-15
   4.7092352e-04   1.6820953e-04   1.0671725e-05   3.6944088e-10   1.3500361e-09   6.2784385e-13   1.0264352e-09   6.0746481e-03   2.6668536e-04   9.9652029e-14
   3.8534244e-04   1.8598033e-04   4.7182428e-06   7.2837686e-10   1.3074776e-13   2.1224733e-12   3.0354225e-15   5.3018661e-03   2.8210470e-04   2.7367430e-21
   4.3016207e-04   2.8636023e-04   6.0770575e-05   5.5307766e-07   3.1285481e-08   2.0363262e-08   6.3080036e-17   4.7288516e-03   2.5189958e-04   1.3834382e-26
   5.3768531e-05   5.4517591e-04   9.1977991e-05   1.3697576e-04   5.4561770e-08   3.0782534e-09   8.9486465e-05   4.2180203e-03   2.7740820e-04   4.0374511e-24
   3.2741124e-04   2.7386683e-04   3.7560117e-05   4.6440136e-05   1.0385383e-06   2.8864790e-13   3.5068794e-05   4.9651917e-03   2.9663261e-04   8.4583490e-21
   4.2827008e-04   2.7135091e-04   1.1390655e-04   1.2423305e-05   7.8327546e-07   6.2904671e-09   7.8076348e-06   4.9875314e-03   3.2481978e-04   1.6752478e-20
   1.3390057e-04   1.6861677e-04   2.3316427e-04   1.0387963e-04   2.5363368e-05   3.1626196e-09   3.2972975e-05   5.1115718e-03   2.8108243e-04   1.6533352e-18
   3.0088770e-13   6.3762988e-04   2.0095586e-04   1.3398590e-04   1.1285737e-04   1.1124570e-12   4.1248892e-06   4.2927428e-03   3.8385981e-04   8.2144761e-12
   2.2575690e-04   6.6023572e-04   1.1280346e-04   1.2949866e-05   2.8944023e-11   4.9744386e-13   2.0355546e-05   3.7421275e-03   3.7028147e-04   5.1557164e-29
   5.5290438e-04   2.3976945e-04   1.7717446e-04   7.7355409e-06   1.1886311e-06   7.6677229e-18   1.3816825e-04   4.4024686e-03   1.7843633e-04   1.4187227e-23
   7.6997467e-04   2.9118897e-04   1.1647121e-04   7.7591231e-07   4.0766232e-05   1.7297598e-18   2.0886236e-05   4.8236610e-03   2.0158322e-04   1.3375731e-15
   6.3895775e-04   5.5016975e-04   6.9371364e-05   1.7459588e-12   1.1563173e-04   2.5648252e-18   6.2286647e-17   4.8018553e-03   2.7621179e-04   2.9958826e-21
   8.9057447e-04   4.2366745e-04   5.4558061e-05   5.8025977e-15   8.0447370e-08   6.3712724e-19   6.8298601e-09   4.3938492e-03   3.4011830e-04   5.9665157e-16
   5.5955153e-04   5.8798818e-04   7.2430020e-05   3.5648378e-13   2.2840747e-04   7.3327832e-23   1.0154054e-05   4.3350138e-03   2.8906002e-04   3.7242496e-23
   8.8099032e-05   3.2917762e-04   9.7968319e-05   5.5233417e-13   7.6315157e-06   1.0254446e-11   1.4718543e-12   3.9825162e-03   2.8822436e-04   4.4369174e-32
   1.9344013e-04   1.0836737e-03   1.9108166e-05   3.1729996e-12   1.6011425e-03   2.4466269e-14   2.9022567e-23   4.0150522e-03   4.1966438e-04   1.0705023e-30
   3.2660660e-04   1.7213559e-03   1.9985640e-05   1.5201394e-09   6.2606229e-03   6.8864445e-18   1.3987791e-12   3.8465900e-03   4.6787517e-04   1.5611709e-31
   1.1533317e-04   1.3071323e-03   4.9143763e-05   1.6086448e-05   5.3677505e-03   2.2288982e-11   2.9590299e-05   4.0008059e-03   4.3639309e-04   2.2448846e-29
   1.2983459e-04   7.3729191e-04   1.1587104e-04   7.4284922e-05   1.5710529e-04   5.2025598e-06   4.5691768e-06   3.5703041e-03   3.9078118e-04   5.7060032e-35
   3.4792805e-04   6.6521905e-04   2.6889837e-05   7.5183818e-06   4.2724288e-06   6.0317108e-08   6.0695780e-20   3.7094728e-03   3.5971399e-04   1.0045734e-27
   4.5237994e-04   4.7215111e-04   6.8397304e-06   7.7259811e-05   2.9831308e-07   3.1631879e-13   2.0326340e-10   3.7381176e-03   5.2183965e-04   1.9130838e-15
   1.4073961e-04   7.0017268e-04   8.2995865e-05   9.6283584e-05   2.0914652e-08   1.9068723e-21   6.6263613e-08   3.4550022e-03   5.6830619e-04   7.9186140e-13
   2.6515975e-05   8.5236953e-04   8.0595796e-05   6.6878645e-05   1.2578657e-04   1.5795069e-19   1.0432142e-09   3.4206968e-03   5.7013685e-04   1.4072966e-13
   3.2531693e-07   9.6274617e-04   9.3535432e-05   3.0510935e-05   5.2234566e-04   8.6338472e-24   1.2919502e-07   4.0873328e-03   5.3998488e-04   1.0994083e-11
   4.2187919e-04   1.0027505e-03   3.1167729e-05   6.2716852e-07   1.3383926e-08   3.7735164e-24   2.7127228e-10   3.6747662e-03   4.4944237e-04   2.4487185e-17
   5.6717154e-04   5.8167007e-04   2.5795542e-06   1.6256213e-09   7.7707148e-13   1.4437172e-24   1.4123620e-07   3.9642201e-03   4.6397209e-04   3.1705410e-33
   3.1878114e-04   8.6186068e-04   1.4738457e-06   3.0227095e-12   1.5589137e-06   2.9112089e-16   7.7711723e-13   3.5514325e-03   6.1669491e-04   4.4117248e-23
   4.0197295e-04   1.3914885e-03   2.8813923e-07   4.3541232e-24   1.9688793e-03   2.0842272e-12   9.6891839e-21   3.5648234e-03   5.5732805e-04   2.3571175e-16
   2.5854879e-04   1.0114501e-03   4.0718646e-06   1.1155878e-24   1.8644751e-03   5.7074456e-10   1.1738049e-25   4.0104666e-03   4.2417222e-04   3.0955836e-17
   1.4762330e-04   4.8845881e-04   1.4670214e-05   1.1374249e-13   9.3705315e-05   5.9723661e-09   2.4269628e-31   2.9251814e-03   6.2873244e-04   4.8133108e-22
   2.7445460e-04   1.4014470e-04   8.6131733e-09   4.6452757e-10   1.1854078e-03   5.7911243e-12   1.3736264e-29   3.1937281e-03   9.0590484e-04   2.2513807e-30
   4.3072923e-04   8.1384502e-05   3.8289046e-08   8.8027792e-06   5.5324295e-03   2.7720771e-09   1.9742539e-27   3.8151216e-03   9.4321828e-04   2.9875476e-41
   6.6437432e-04   3.3500791e-04   1.6142128e-05   8.6606986e-05   3.9545897e-03   1.8898922e-09   5.6669357e-35   4.1463932e-03   7.7979406e-04   2.6449682e-40
   4.7398183e-04   6.0026588e-04   2.0488264e-07   1.5909427e-04   9.2563963e-06   1.0527340e-13   2.1467288e-26   4.8003230e-03   7.8796653e-04   1.0605934e-37
   4.8292319e-04   7.1520374e-04   1.2345616e-07   1.0494896e-04   1.5384419e-09   1.4593548e-18   2.0928814e-31   3.9077958e-03   8.4019646e-04   3.8593724e-32
   3.6810750e-04   5.4002843e-04   1.1045882e-06   4.5695224e-05   1.2805828e-09   1.1340464e-12   5.4400932e-31   4.3050880e-03   8.9477858e-04   2.0423758e-45
   4.8696395e-04   7.6951767e-04   6.5866869e-07   5.9737755e-07   3.8856537e-05   1.7933610e-08   3.9744077e-33   3.9344089e-03   8.5105922e-04   4.7586340e-42
   2.4016719e-04   8.9360519e-04   1.1774708e-06   5.4467086e-09   1.4613613e-03   2.3790366e-15   1.4932526e-17   4.0787899e-03   8.1134803e-04   2.3511537e-36
   3.9141644e-04   5.0786577e-04   3.6140383e-06   4.3548894e-15   9.1449555e-07   6.8799546e-19   3.0573008e-18   3.7664810e-03   8.8141284e-04   6.5492407e-34
   5.7753511e-04   7.1054430e-04   3.3815439e-07   2.1962096e-14   1.1982822e-08   4.4656976e-13   9.0271283e-21   3.9925310e-03   7.5160395e-04   1.0719740e-32
   4.1697599e-04   4.5514491e-04   1.3367929e-11   6.2217228e-22   1.4436092e-08   2.4104723e-23   3.5574472e-31   4.1832551e-03   8.0117282e-04   3.1989366e-33
   2.4902600e-04   5.1967095e-04   1.6261486e-06   2.4450420e-13   9.6496256e-12   4.3284307e-16   3.4367105e-35   3.1035338e-03   9.3574539e-04   1.1352358e-37
   1.5412092e-04   6.4949374e-04   2.1735109e-07   1.3650451e-07   6.1302631e-05   1.0101261e-15   6.0440566e-26   3.2195895e-03   9.3434978e-04   2.9022850e-31
   1.6642063e-04   7.6629720e-04   2.2975718e-06   2.2443334e-06   2.1466707e-04   3.0652745e-11   2.6757973e-31   3.5521019e-03   9.8955347e-04   7.8055536e-27
   3.2232877e-04   9.4289101e-04   9.7077663e-05   1.9026848e-06   4.7183107e-03   2.0050954e-06   1.4499057e-28   3.5376371e-03   1.0294494e-03   2.7095185e-27
   3.6035718e-05   7.6160992e-04   2.6579400e-05   7.2565671e-05   7.5049270e-04   2.9213746e-16   6.0012161e-43   3.1470038e-03   1.5869493e-03   2.2068813e-38
   6.1975721e-05   9.4325813e-04   2.0230768e-05   1.9770384e-04   5.0496040e-05   2.1291945e-17   1.9622348e-32   2.8007176e-03   1.5424793e-03   3.6628277e-43
   2.4030708e-04   1.5323834e-03   4.9438997e-05   3.1900881e-04   3.5971781e-04   1.4231171e-17   3.2120377e-30   2.5116311e-03   1.0870700e-03   3.2134532e-41
   3.6285968e-04   1.3495643e-03   1.1317974e-04   3.3569813e-04   3.5873057e-04   4.4988213e-23   3.0476654e-20   2.7904508e-03   6.1735502e-04   2.9250922e-42
   4.2066410e-04   6.4385896e-04   7.2851755e-06   4.1774572e-05   1.7231158e-05   7.5199421e-27   7.9257754e-29   3.4183607e-03   9.5239681e-04   1.9161523e-39
   2.1240352e-04   1.5854260e-04   6.7997119e-06   2.2149712e-07   1.7957348e-07   6.9347890e-25   5.7633378e-23   2.8655180e-03   9.8781969e-04   1.3287337e-32
   3.8402950e-04   1.3232428e-04   2.3180237e-05   3.0375560e-13   5.7571587e-09   3.1456158e-24   4.8667242e-17   3.0808041e-03   6.7954693e-04   3.0364121e-23
   3.4894062e-04   2.0752506e-04   1.3362187e-05   2.5660984e-23   1.3727741e-06   3.9163007e-13   2.6589570e-20   3.2459675e-03   6.6893394e-04   7.1790167e-35
   2.5203941e-04   3.2488057e-04   9.9161253e-05   7.1877038e-27   3.6784790e-07   1.1720077e-08   8.6598058e-29   3.0705596e-03   8.1875810e-04   1.2397859e-36
   2.3842419e-04   6.8326790e-04   8.7438384e-05   8.4065423e-20   1.0732931e-04   4.5311245e-12   1.7036865e-27   3.3217747e-03   8.1656638e-04   7.1546770e-34
   2.5871535e-04   6.7506151e-04   4.4147146e-05   1.6979232e-10   1.3743478e-04   1.5281630e-12   9.4665910e-34   3.3951761e-03   8.6039221e-04   2.7750670e-35
   4.0083404e-04   5.4689531e-04   4.7301440e-05   3.9860223e-06   3.5713256e-07   1.3476949e-16   4.0472348e-18   3.9403326e-03   8.2075770e-04   2.3480910e-43
   2.3609276e-04   6.4116030e-04   1.4075383e-04   1.1828735e-06   6.1031855e-06   1.4234128e-18   2.3243534e-15   3.8837503e-03   6.2419532e-04   7.7418320e-40
   2.3060116e-04   4.3590177e-04   1.2793402e-04   3.0153009e-04   1.1681383e-04   6.0261656e-15   6.0726187e-13   3.1979171e-03   5.9654121e-04   6.2762729e-31
   2.6714921e-04   3.1971756e-04   8.1668885e-05   2.9544443e-04   2.6980628e-06   9.3977176e-17   9.1578310e-08   3.3131644e-03   6.0605264e-04   2.6677192e-36
   3.1266224e-04   4.1816115e-04   7.6663881e-05   3.1940774e-04   3.9743268e-06   4.8276345e-24   8.2493179e-08   3.7394160e-03   6.5615968e-04   3.3926708e-40
   1.1472161e-04   1.0402534e-04   1.8410252e-04   1.3614084e-04   2.5135264e-04   5.6356484e-19   1.7886232e-07   3.6196638e-03   6.1509492e-04   3.7591626e-39
   1.0412539e-04   1.0755372e-05   2.0483773e-04   1.2820621e-04   7.8685541e-07   3.8836966e-06   7.4422144e-07   4.5770238e-03   6.0617928e-04   1.4084846e-51
   1.4958426e-04   1.4334574e-04   9.4520172e-05   6.8911717e-05   1.8200739e-03   4.5356233e-05   1.4660760e-05   4.1628216e-03   5.9923875e-04   9.4588619e-36
   7.2261320e-05   1.9412360e-04   1.6839491e-04   1.1612653e-07   3.0770152e-03   3.3725911e-11   2.5807888e-05   3.3895521e-03   5.9347631e-04   7.2826284e-32
   1.5265205e-05   1.9101403e-04   2.9872832e-04   1.5396667e-09   1.0808338e-04   4.6186388e-08   3.9256272e-06   3.1491443e-03   6.0172524e-04   1.8846299e-35
   7.0770682e-05   3.5283330e-04   2.3883478e-04   4.3411078e-13   9.0791084e-08   1.7938930e-11   5.0401260e-07   3.5078143e-03   4.8205919e-04   2.9960949e-40
   1.8246308e-04   6.2404948e-04   1.7966259e-04   1.9292448e-14   1.2071339e-07   1.5778559e-14   1.5798908e-14   4.0500435e-03   3.9581068e-04   4.7121556e-30
   2.4702938e-04   7.8774948e-04   2.0955793e-04   6.5180859e-06   2.3369333e-03   1.9490902e-08   5.2983007e-27   4.3042640e-03   4.3009893e-04   9.7387300e-24
   1.9673581e-04   4.2288211e-04   2.1402268e-04   3.3134543e-06   1.1822784e-02   5.3464631e-09   1.2723575e-14   4.4556616e-03   6.2088470e-04   2.6130455e-27
   1.6757723e-04   1.5011129e-04   3.2650488e-04   1.7137845e-05   4.0295103e-03   1.0057563e-05   3.0202364e-18   4.4237781e-03   6.2845129e-04   2.8957480e-29
   2.5864545e-04   1.3084069e-04   2.5152998e-04   2.8536420e-04   5.7003887e-07   2.3855373e-12   5.2398723e-14   4.0093336e-03   5.1239634e-04   7.9162063e-28
   2.2258737e-04   1.2500078e-05   4.2244768e-04   2.2484457e-04   4.8319933e-04   2.6546724e-14   3.1481373e-06   4.7576484e-03   3.9297144e-04   7.6243410e-29
   1.3362419e-07   7.8474285e-05   6.5254804e-04   2.6000110e-04   4.4739363e-03   2.1557815e-11   1.1740627e-05   5.4876694e-03   3.5384672e-04   5.1956539e-31
   8.2737045e-05   3.7728277e-05   5.4219159e-04   7.9131830e-05   5.2284094e-03   6.9160670e-08   5.4219579e-05   4.2801477e-03   3.9846208e-04   1.6026893e-47
   1.0353972e-04   1.2061100e-04   2.5591384e-04   2.2209266e-11   2.2036475e-03   5.1181455e-10   3.3404821e-06   4.0873892e-03   5.4767787e-04   1.8091432e-33
   6.9350172e-05   2.7340726e-04   2.1550814e-04   1.5599704e-08   9.5818336e-03   6.1486480e-14   6.0492435e-06   3.7204793e-03   5.7868587e-04   1.0955741e-30
   1.6286318e-04   2.3654165e-04   2.6624681e-04   1.5645720e-05   1.5971811e-02   2.2741702e-15   5.8800037e-05   3.2027769e-03   5.8038718e-04   5.3624725e-18
   7.4454602e-11   6.1688897e-04   4.0286799e-04   3.8070446e-15   7.1985781e-03   1.6741225e-19   2.3798303e-04   3.7084422e-03   4.4472360e-04   1.5021638e-15
   1.5709190e-19   5.9249688e-04   3.1223540e-04   3.7783195e-22   1.4905818e-03   3.1625148e-14   2.2217763e-04   4.0144711e-03   3.9925034e-04   2.0667251e-13
   2.9074462e-13   2.3582061e-04   2.8899627e-04   2.7983879e-08   1.0340863e-02   3.1850553e-10   4.2007751e-06   3.5032018e-03   5.2610569e-04   4.1597940e-23
   1.5983881e-15   2.2441517e-04   5.1339648e-04   5.8913717e-05   1.5330467e-02   8.7010330e-11   1.6049490e-06   3.0632226e-03   4.0816338e-04   2.8156798e-17
   5.1985870e-11   8.9546860e-05   5.9399598e-04   1.5369112e-05   1.6960029e-02   8.1067564e-17   8.4875993e-06   3.0679355e-03   4.3047518e-04   9.1073755e-13
   8.8546240e-11   5.9165617e-06   7.4811574e-04   2.7579111e-05   2.0810446e-02   4.3250999e-15   1.6848212e-06   3.5435381e-03   4.2172057e-04   5.0400997e-19
   3.5717358e-05   7.9638065e-07   7.3068330e-04   1.3115387e-04   1.8076974e-02   1.2682752e-19   1.4365952e-16   3.5805952e-03   5.3451146e-04   9.8152976e-12
   8.5189285e-07   1.2361150e-04   7.6114717e-04   1.1524575e-04   5.3778110e-03   1.2395436e-22   2.3077399e-11   3.4323268e-03   4.7323308e-04   4.1824394e-12
   1.3572494e-04   1.5777150e-04   8.1504703e-04   1.2344436e-04   4.9254154e-03   2.4269526e-14   1.9094234e-06   3.4967488e-03   3.3062774e-04   4.5794332e-05
   1.8859675e-04   6.6467101e-05   5.9742148e-04   4.0454534e-04   1.0889540e-02   7.8011993e-14   3.6137103e-08   3.5125685e-03   2.3248799e-04   7.4182509e-04
   6.6625565e-09   1.7187452e-04   5.3024734e-04   1.3675160e-04   1.8495029e-03   3.1648858e-21   1.8981925e-07   4.4629779e-03   4.3182452e-04   1.7559934e-12
   1.2196061e-14   3.9471439e-04   3.4550408e-04   1.1006620e-04   2.1563707e-02   8.1949888e-21   1.4453741e-06   3.6800438e-03   4.0677140e-04   5.5733808e-11
   3.3251691e-20   2.9328935e-04   2.7237130e-04   1.5833463e-11   2.2715819e-02   5.8848741e-21   2.8482696e-07   3.4537667e-03   4.2801273e-04   1.1397161e-17
   9.6372763e-25   4.4622454e-04   4.2981421e-04   5.8718777e-16   8.0518633e-03   6.1131106e-26   2.4192996e-17   4.0194874e-03   5.6142192e-04   2.7379768e-17
   1.3323770e-13   3.5273627e-04   2.9021866e-04   9.4409686e-26   4.5596648e-03   6.6098596e-23   6.5452490e-17   3.9452298e-03   7.3385596e-04   1.5844639e-13
   4.4426814e-10   2.9547501e-04   2.4627606e-04   7.4100298e-18   4.2663677e-03   1.1905002e-18   1.4268262e-11   3.8248547e-03   7.0546379e-04   3.0605822e-19
   2.5209931e-06   3.1957912e-04   4.6144268e-04   1.5525715e-06   3.2401783e-03   7.4223630e-23   8.9223794e-08   3.6131567e-03   6.5685278e-04   2.1846197e-04
   4.7819214e-12   2.4399235e-04   6.0046831e-04   1.0520809e-04   5.1744760e-03   3.4614230e-25   3.9935603e-06   3.9117211e-03   5.4419831e-04   4.3886466e-12
   2.5618674e-07   2.7200020e-04   6.3883851e-04   9.9070799e-05   9.6544031e-07   1.3886347e-18   4.8138419e-08   3.6753561e-03   5.9065684e-04   1.1764597e-30
   9.6330104e-05   5.2107335e-04   5.9626782e-04   2.1636007e-05   2.9575663e-04   5.8526314e-15   1.3731391e-06   3.6598022e-03   4.2709912e-04   1.1969661e-16
   1.6322745e-05   7.8586388e-04   3.0714394e-04   2.7456463e-04   4.5303493e-04   6.0248276e-24   4.7778951e-06   4.3883288e-03   5.3197190e-04   4.8181872e-16
   1.2183145e-11   1.1282157e-03   2.4341773e-04   1.1801235e-04   2.1547927e-03   1.4292284e-22   2.1052310e-06   5.4234673e-03   7.6504268e-04   4.8848903e-22
   1.0770494e-09   7.9944584e-04   2.1150724e-04   2.3444775e-05   4.2177960e-03   4.1597191e-22   2.6177584e-08   4.9279776e-03   6.8932566e-04   7.0184423e-15
   1.3357301e-04   3.2641184e-04   2.8353029e-04   1.8878407e-05   1.1730495e-03   5.2080625e-32   6.2448152e-25   4.2545891e-03   6.0133212e-04   1.8528900e-10
   1.0590664e-05   3.3713156e-05   3.5804935e-04   8.2325328e-11   4.5116219e-05   5.3530564e-30   6.9674736e-07   4.9527019e-03   6.5679044e-04   7.2550055e-13
   1.7511179e-10   5.2234756e-06   1.6419943e-04   1.9293998e-17   6.2179437e-07   4.4621567e-27   2.4110786e-05   4.8410756e-03   7.5710859e-04   1.4239210e-17
   2.7183037e-06   7.0001686e-05   3.6881457e-04   4.6471965e-07   1.4252839e-07   1.3640822e-19   2.9619410e-06   4.4038177e-03   7.2477261e-04   1.2095650e-18
   2.9553509e-04   9.6808084e-05   3.7851732e-04   1.0545673e-09   6.0274574e-05   8.4637373e-24   6.8724732e-15   3.8132100e-03   7.1541218e-04   9.3667937e-27
   3.0785278e-04   2.3943155e-05   2.1825299e-04   1.6156314e-11   7.0212681e-03   1.0074052e-18   5.3719823e-18   3.2918426e-03   8.9441453e-04   1.0818556e-32
   1.4958595e-04   1.4630676e-04   2.8502825e-04   1.7100126e-07   1.5118940e-02   3.1220744e-13   1.9195634e-14   3.2742268e-03   8.3579941e-04   1.2393349e-31
   2.7160894e-04   7.8850920e-05   2.6223311e-04   8.1278826e-05   1.4573485e-02   9.1548771e-13   6.0046698e-17   4.0780413e-03   8.7571794e-04   2.2926854e-19
   3.9386532e-04   1.1437091e-04   7.6014438e-05   5.6863071e-05   9.0469560e-03   4.3773240e-21   1.3672646e-10   6.1814021e-03   6.0128229e-04   3.9975855e-21
   2.0672778e-04   1.8034136e-04   1.9567039e-04   2.1627697e-06   5.8621178e-06   1.2788125e-24   1.5144710e-12   5.4750346e-03   5.6211257e-04   3.2602961e-22
   3.6310421e-04   7.3320697e-05   1.8509458e-04   7.1120312e-05   5.5342811e-03   2.9844230e-25   1.1582858e-24   4.6435187e-03   5.4017706e-04   3.8430253e-25
   4.2170154e-04   1.6613109e-04   2.2708436e-04   1.0848028e-04   1.3338961e-02   3.0073851e-15   9.0826558e-13   4.2737773e-03   4.7374025e-04   5.5756840e-29
   2.9377873e-04   3.7625949e-05   2.2495799e-04   1.5034019e-18   6.5960520e-03   9.9230914e-18   6.4796119e-17   4.8127812e-03   5.2099141e-04   5.5647549e-15
   4.0424216e-04   9.8276065e-11   1.3949619e-04   6.8306028e-06   1.7210017e-02   2.0540060e-17   8.0840665e-15   3.9792094e-03   5.1210672e-04   1.4678325e-04
   2.8011727e-04   6.1725290e-12   2.0788341e-04   1.9135814e-05   3.2348190e-02   1.8611768e-11   1.7665637e-07   3.0013705e-03   5.8468427e-04   1.0305669e-14
   7.8747759e-09   1.0249627e-18   4.3121741e-04   2.0377286e-04   3.1002816e-02   1.5380687e-06   2.9105271e-05   3.3054174e-03   5.3934790e-04   1.8727948e-13
   1.5297653e-05   5.4713144e-06   3.4349973e-04   1.8472038e-04   2.9128002e-02   2.2702541e-12   1.2913320e-06   3.8465472e-03   4.8165431e-04   3.7106781e-24
   1.9157684e-04   4.3477419e-08   2.7328133e-04   6.4039123e-05   1.7906342e-02   5.7571513e-17   4.3796351e-07   4.1299893e-03   4.6376451e-04   1.6893693e-15
   3.1844550e-04   9.7952473e-13   2.2958553e-04   1.5060854e-05   6.6886594e-03   8.3707781e-22   3.9555243e-06   4.2996600e-03   3.4262784e-04   4.7697436e-08
   3.9946507e-04   8.7848568e-11   1.3124869e-04   2.1288313e-05   4.8049248e-03   2.3767449e-14   1.8958303e-06   4.1488607e-03   4.0494461e-04   5.1499974e-05
   3.4784638e-04   1.0874370e-07   9.6685754e-05   8.6179897e-05   8.5527380e-03   1.3361144e-15   3.6862513e-07   4.3389644e-03   4.8340453e-04   2.2295486e-17
   2.9609402e-04   1.0162472e-08   1.0548728e-04   2.4482755e-05   8.5359757e-03   2.9523775e-15   1.7496218e-06   3.7132011e-03   5.1901296e-04   2.3646552e-12
   1.5235031e-04   1.1270754e-06   1.0668500e-04   4.5213609e-05   2.4695946e-02   1.2607471e-25   2.2890411e-12   3.8168976e-03   4.6494954e-04   2.0032725e-11
   2.9378796e-07   3.2929527e-07   1.4523439e-04   2.2399541e-05   1.7585427e-02   7.2548660e-27   1.5140153e-16   4.1676391e-03   4.1658284e-04   2.6908598e-09
   2.1856704e-11   5.3121205e-15   1.7320913e-04   1.0891337e-04   8.7477712e-04   4.6816004e-26   1.2572705e-05   3.5989862e-03   3.8624817e-04   6.3229213e-09
   1.6249611e-05   3.8409582e-12   1.9233567e-04   1.1179304e-04   4.0817865e-03   2.3381079e-23   3.8085310e-05   3.3397144e-03   3.3655315e-04   1.7934163e-11
   4.6483150e-09   1.0036510e-10   1.8112609e-04   2.2759053e-04   6.2549495e-03   8.0306109e-15   6.3070192e-05   2.2183294e-03   3.4844514e-04   1.1039724e-13
   1.5400025e-04   1.6256831e-08   1.5744629e-04   3.8625901e-05   8.8250030e-04   5.1205655e-18   1.0900416e-04   2.1355869e-03   3.5073473e-04   3.4579845e-16
   1.1082652e-04   1.4886987e-05   2.9613029e-04   6.3904524e-14   1.2498399e-02   2.6115452e-22   3.7689793e-05   1.8471476e-03   3.3532536e-04   4.6295162e-05
   2.0956648e-04   4.4510505e-08   1.9245471e-04   1.0436686e-06   1.5009956e-02   9.5348373e-13   3.9201950e-08   2.5618986e-03   3.0624134e-04   1.8886322e-05
   1.7331769e-04   1.2067952e-06   1.3727547e-04   9.0773517e-07   1.8174801e-02   2.0599347e-12   5.5040301e-11   2.6251788e-03   2.9997036e-04   2.4897903e-05
   1.5283300e-04   1.3182793e-11   1.5882638e-04   1.0346755e-12   6.8757298e-03   3.5362866e-19   9.0772396e-07   2.8026525e-03   2.5905280e-04   3.3107379e-13
   2.6743730e-04   2.1232219e-33   1.2249375e-04   3.3019777e-05   1.4993834e-03   3.9035911e-21   6.9475232e-05   2.7452604e-03   1.6365472e-04   1.8559604e-10
   2.0272547e-04   6.4785081e-32   1.2893595e-04   2.7770959e-05   6.8180209e-03   5.7869771e-22   1.1072229e-04   2.3296952e-03   1.6651672e-04   1.6363601e-11
   9.2590984e-05   2.1954962e-16   2.0449425e-04   2.8180322e-10   7.6468037e-03   1.8924889e-22   6.9934348e-05   2.1685048e-03   1.5048287e-04   9.3828084e-21
   1.0364671e-04   1.6473858e-14   2.2767718e-04   9.0340820e-05   8.1619709e-03   1.3297026e-24   3.4951535e-06   2.2806234e-03   1.8680353e-04   6.3817467e-09
   1.2103744e-04   7.4494949e-17   1.8914085e-04   1.3034471e-04   2.3012301e-03   9.1112859e-28   1.4995747e-04   2.7438509e-03   1.2099348e-04   1.5614443e-05
   8.1789050e-05   7.6401275e-12   1.1333843e-04   2.7144760e-12   1.3509741e-04   6.2924411e-26   1.2760458e-04   3.1721879e-03   1.7766304e-04   2.1775008e-18
   9.4458127e-05   4.2993782e-12   1.5991261e-04   7.4796257e-20   1.1317632e-02   3.3117322e-16   7.7668798e-05   3.1550981e-03   1.6447728e-04   6.8155445e-28
   1.5832060e-04   9.8998961e-11   1.5071971e-04   5.6286117e-05   1.2738900e-02   1.4609070e-16   2.0641961e-04   2.5569004e-03   1.0305567e-04   5.0811709e-10
   1.3567825e-05   2.3781981e-08   2.2966381e-04   1.7618216e-06   5.1063555e-03   1.6492090e-18   2.8595801e-04   2.4884728e-03   1.2495419e-04   8.5992302e-05
   1.3461210e-06   1.5260549e-05   2.6699797e-04   1.9783132e-04   3.0213370e-03   4.5622159e-19   2.9501976e-04   2.4684115e-03   6.1285394e-05   1.6661887e-04
   1.7676156e-04   1.4534607e-05   2.1930601e-04   6.3259671e-05   7.3300502e-03   1.0821682e-16   1.8789672e-04   1.9405480e-03   9.9816072e-05   2.7358035e-04
   1.6358335e-04   2.8292189e-06   2.7530721e-04   3.6011577e-06   7.5405966e-03   4.0967764e-23   2.0735110e-04   1.9532309e-03   1.1547726e-04   2.4116689e-04
   1.3668020e-04   4.4831206e-09   1.9287989e-04   1.8725706e-05   7.5976487e-03   1.4243360e-11   2.2496846e-04   2.3616437e-03   1.1045556e-04   6.0949351e-07
   7.9793649e-05   1.9860259e-10   1.3229840e-04   1.4452091e-04   1.0423419e-02   1.0755473e-06   1.2984371e-04   2.4247139e-03   1.0227518e-04   9.0476301e-15
   5.3595576e-12   3.6561799e-06   1.3657654e-04   2.1262897e-04   1.4770259e-02   8.3242563e-12   1.0449498e-04   1.8602635e-03   1.3702475e-04   2.2897997e-15
   2.2189920e-19   3.2902569e-06   1.2675294e-04   1.0769661e-04   9.0188214e-03   5.3720083e-24   1.8555806e-04   2.3772622e-03   8.9959680e-05   2.7728322e-04
   3.2433585e-09   3.6941654e-05   1.0549516e-04   1.7455117e-04   5.7275046e-05   3.1258655e-32   1.0557376e-04   2.6137503e-03   9.8132234e-05   1.5327748e-05
   1.1499432e-04   9.1442202e-06   6.0659931e-05   1.4035400e-04   8.0198876e-03   5.0943788e-23   2.4462269e-04   2.5026586e-03   9.1885084e-05   9.6164095e-14
   1.0609620e-04   9.8999069e-06   5.5677202e-05   4.7082480e-05   8.9486725e-03   1.0164273e-20   2.9417350e-04   2.2485115e-03   9.2284692e-05   9.4502801e-09
   3.1254151e-06   5.7949222e-05   7.2580612e-05   1.1175679e-04   3.8659630e-03   1.3743543e-23   1.8542824e-05   1.9833769e-03   1.4420811e-04   1.0534320e-07
   2.8976276e-16   3.9392478e-05   8.5628131e-05   7.0225808e-05   2.6148651e-03   3.4090686e-26   1.3870577e-04   2.2868430e-03   1.5075576e-04   7.3506439e-12
   1.3298163e-20   3.2506095e-05   8.4587419e-05   6.2641256e-05   4.8489088e-03   2.7595992e-23   2.5751824e-04   2.5086923e-03   1.6141605e-04   4.4332297e-25
   2.5002595e-11   1.9404649e-05   1.1172971e-04   8.4115402e-05   2.3215701e-03   3.4060149e-23   3.0564079e-04   2.4141944e-03   1.4786446e-04   1.0727567e-29
   6.7349529e-09   3.5999885e-06   1.3792463e-04   7.0757199e-05   1.3852472e-03   8.2282679e-24   1.5854486e-04   2.4028155e-03   9.1764818e-05   3.4575466e-20
   3.1654841e-14   3.5009575e-07   1.1860458e-04   1.0424263e-04   1.2427649e-04   7.2396138e-24   2.4144898e-05   2.3705459e-03   9.8391863e-05   2.3271040e-20
   9.3907806e-11   4.2323142e-06   6.2443794e-05   1.5864182e-04   5.9528825e-04   5.3205301e-25   2.1210697e-04   2.5731761e-03   1.4145429e-04   3.1363526e-34
   9.8063025e-20   1.4321857e-06   1.6139217e-05   1.1423487e-04   7.1178185e-03   2.5724964e-24   3.1896367e-04   2.6559759e-03   1.2924285e-04   1.6146699e-28
   2.2001742e-10   6.9050228e-05   3.5918981e-05   9.2073202e-05   1.1783961e-02   4.7290617e-21   3.8011050e-04   2.0618504e-03   8.4024454e-05   9.1003752e-20
   1.3374744e-14   4.4772301e-05   7.5812978e-05   8.8156569e-05   1.0747872e-02   7.6553359e-25   3.6390918e-04   2.2181036e-03   8.0036325e-05   1.0636669e-26
   3.8309181e-23   8.8069506e-05   3.3566953e-05   1.3207920e-04   1.8011106e-02   6.5310634e-24   2.7403904e-04   1.4950408e-03   9.9534935e-05   4.2838538e-18
   1.1170904e-20   3.6419478e-05   2.2372886e-05   1.1473263e-04   1.5056233e-02   6.8303735e-24   2.7865346e-04   1.7730273e-03   9.0930658e-05   7.4181852e-11
   5.4059763e-14   1.9508756e-08   3.0158919e-05   6.6182244e-05   8.2444922e-03   2.6386214e-23   3.5765862e-04   2.2497516e-03   7.6693747e-05   2.0987383e-11
   7.6736721e-20   1.9193131e-12   1.6788636e-05   9.5458365e-05   1.4242817e-02   1.8918735e-24   3.1795079e-04   2.0404399e-03   9.4451435e-05   4.7738509e-12
   1.7264428e-17   3.6758426e-07   2.4323117e-05   6.6006297e-05   1.6793078e-02   1.1100562e-19   2.3186572e-04   1.6755359e-03   7.6319925e-05   7.3328059e-13
   2.6466122e-25   1.1348664e-05   2.7458539e-05   1.1756995e-06   1.1605501e-02   1.8055303e-20   1.0796766e-04   1.5856092e-03   9.8007730e-05   1.3441165e-11
   1.1850907e-15   1.5670869e-05   2.0607027e-05   1.8008489e-05   7.3790050e-03   2.2142744e-17   1.5969717e-04   1.5061983e-03   1.3647253e-04   1.3270316e-16
   8.8050823e-14   3.6810394e-08   1.8010593e-05   3.2337007e-05   1.7733162e-03   4.7318963e-19   9.1973300e-05   1.6789221e-03   1.4459689e-04   5.9589307e-22
   8.0911969e-18   1.0599692e-11   8.6279242e-06   3.5836081e-15   1.9235861e-03   3.6402398e-25   1.7462318e-07   1.9414917e-03   1.4984839e-04   3.8016439e-27
   1.7934223e-17   1.1475909e-06   1.4055049e-05   3.6084421e-05   2.6916017e-03   9.7649001e-29   6.3250204e-07   1.9974157e-03   1.4400875e-04   7.9801199e-16
   1.7784093e-13   4.6257757e-06   9.4935777e-06   2.8342012e-05   4.0126636e-03   1.3004209e-24   2.0599159e-07   1.4969703e-03   1.7326911e-04   1.6026270e-17
   3.9208599e-16   1.8554802e-05   1.7468127e-05   5.6130058e-26   4.9123674e-03   3.9666622e-15   2.9277893e-06   1.3397870e-03   1.4830618e-04   1.1534756e-09
   4.8401279e-19   1.2218785e-05   2.0463968e-05   2.6594511e-05   7.3655996e-03   2.0101521e-13   1.7133296e-05   1.1884992e-03   1.3172127e-04   6.4901467e-12
   5.5642585e-27   3.9195558e-06   2.5430095e-05   6.1264251e-05   3.9505663e-03   1.3990031e-11   1.7255511e-06   1.2705641e-03   1.1766798e-04   6.7319464e-16
   8.8987545e-33   1.6772350e-06   1.7782322e-05   6.0608423e-05   9.2188094e-03   9.7790753e-17   4.4124583e-06   1.1662698e-03   1.0784030e-04   7.0864755e-24
   1.9929314e-23   4.8126640e-08   1.1774505e-05   2.3720727e-05   8.8176127e-03   8.4765680e-11   1.0155269e-04   1.2719318e-03   8.7598079e-05   6.5496083e-28
   5.8458847e-26   6.3166292e-07   2.0039105e-05   7.9680623e-19   6.4616949e-03   3.9089403e-13   6.3906164e-05   1.1675008e-03   1.2860295e-04   2.9859940e-16
   1.7436035e-19   7.6182485e-06   1.5477878e-05   1.3390455e-17   4.2928091e-03   8.0398396e-18   3.1452480e-05   1.1530353e-03   1.0444002e-04   1.6536941e-14
   1.1764428e-13   6.2891356e-06   3.2713880e-05   2.6862946e-11   1.5151197e-05   4.7477462e-34   8.6196768e-06   1.2109168e-03   1.0376206e-04   1.5904064e-18
   3.5894385e-21   1.3852126e-05   4.0967511e-05   2.6712036e-05   1.9570797e-03   2.5312189e-23   3.0621367e-05   1.2207053e-03   9.5620116e-05   6.6551285e-12
   2.6572087e-25   1.3421136e-09   3.9573462e-05   3.2270913e-05   1.0820705e-03   1.9621441e-15   6.1267794e-05   1.1358740e-03   8.1135137e-05   1.7957605e-08
   3.7550295e-31   1.7636907e-05   5.0211974e-05   3.8737575e-09   3.0980816e-05   1.8032941e-16   5.6773135e-05   1.0549094e-03   5.0094559e-05   2.7243814e-13
   3.3884884e-26   1.1227354e-05   3.4727314e-05   6.0599013e-06   1.8424607e-03   1.1126698e-20   1.5452939e-06   1.0441830e-03   5.2112805e-05   4.1829878e-16
   6.3418793e-25   5.2752745e-08   1.6510646e-05   1.6940152e-05   4.2577744e-03   3.7075201e-22   3.0853979e-06   1.0142820e-03   7.1947403e-05   2.2114861e-13
   4.9988141e-28   9.5421149e-08   2.7139344e-05   1.1932866e-05   2.1846523e-03   3.0033141e-20   3.1939159e-05   1.0166089e-03   6.5759783e-05   6.2472274e-08
   3.4991506e-29   4.8335272e-09   1.9543859e-05   3.3156467e-16   9.6299486e-04   1.2211645e-21   5.9057625e-05   1.0580162e-03   7.6538715e-05   1.1368828e-06
   1.7851421e-23   3.3234138e-10   1.7426984e-05   7.3028618e-12   3.3185790e-03   2.6165838e-26   6.9673028e-06   1.0527997e-03   7.1301441e-05   4.6038160e-12
   1.4101050e-23   6.5907634e-09   7.2948104e-06   8.4943438e-06   1.8317121e-03   6.4575303e-38   4.4772376e-05   1.1909253e-03   7.0213965e-05   1.9771902e-21
   9.6632116e-26   5.5593817e-06   6.2552091e-06   4.5257108e-05   8.7554202e-04   1.5827002e-31   4.2911695e-06   1.1031428e-03   7.1980388e-05   1.8242712e-21
   3.0159442e-26   1.9448336e-05   1.2220957e-05   4.6744040e-05   1.9500821e-05   1.4984224e-29   3.5655867e-06   9.4199347e-04   6.9261650e-05   3.0910329e-23
   2.4629165e-30   1.1727169e-05   2.2722960e-05   7.9747032e-14   8.3208046e-04   8.3149282e-25   1.8659850e-06   9.5405811e-04   8.9134457e-05   1.2910680e-22
   3.0934524e-40   1.4563309e-05   1.4603026e-05   4.7631662e-18   1.8675243e-03   6.9975665e-23   1.3898069e-07   9.5030760e-04   9.2880857e-05   2.3362817e-13
   2.0559840e-36   1.4781931e-05   1.8289671e-05   1.8795738e-05   1.6835097e-04   1.0241630e-20   1.9419175e-12   9.2627602e-04   7.9186042e-05   4.5186142e-05
   1.8249891e-29   2.4584976e-07   2.1121662e-05   2.4442308e-05   2.2718366e-03   9.4956518e-17   2.2850322e-15   8.0590620e-04   7.5267017e-05   2.6130415e-17
   5.7131895e-27   4.8398402e-07   2.6582322e-05   2.1796926e-05   3.2274020e-03   1.0849840e-12   3.0827814e-12   6.9319639e-04   5.6834893e-05   4.4324534e-18
   2.2597894e-25   6.8754218e-09   2.0359325e-05   1.9486131e-05   1.2035879e-03   4.6436286e-23   1.9333860e-10   7.1955844e-04   6.5173785e-05   8.4863251e-06
   2.6728542e-28   1.4583598e-12   1.9578214e-05   2.9239550e-05   1.5536047e-03   9.4115361e-27   2.8992901e-09   7.2382165e-04   6.6549931e-05   2.0386750e-04
   1.3261443e-36   3.0957486e-08   1.5129723e-05   3.5343112e-05   4.3019087e-04   3.3167983e-24   1.3996116e-11   7.4508672e-04   4.0592973e-05   4.1717483e-04
