   7.8592251e-03   8.1080830e-05   1.0560492e-21   1.8115691e-23   5.9490279e-04   2.9292422e-03   1.9588668e-04   1.6258002e-03   2.1027967e-03   1.3959829e-03
   7.7820596e-03   5.9909757e-04   2.0271740e-22   1.5597040e-16   6.3913266e-04   2.9283330e-03   1.3831266e-04   1.2158272e-03   1.9398592e-03   9.3269280e-04
   6.7283955e-03   6.9207162e-04   1.7780322e-36   9.7474139e-19   5.7106483e-04   2.5951583e-03   4.7720596e-05   2.3080334e-11   1.0807344e-03   4.6074450e-04
   7.1534475e-03   2.3949921e-04   1.1223341e-37   2.6425706e-23   2.0769841e-04   3.0118957e-03   5.8940819e-19   3.2179202e-07   8.7756023e-04   2.6687491e-04
   5.3427380e-03   7.0368642e-05   1.2147575e-32   1.4456286e-16   9.8828351e-05   2.8003340e-03   2.9533937e-26   3.4006542e-10   5.6542403e-04   2.5882396e-06
   4.9968891e-03   6.1104916e-05   1.6308968e-42   3.1469617e-29   2.1899771e-05   2.2650579e-03   7.5082112e-29   7.0628461e-19   3.1334313e-04   1.0092674e-04
   4.8397823e-03   3.3633458e-05   3.3712414e-50   3.2734958e-21   9.9244191e-05   1.7557856e-03   4.8205631e-27   1.9675295e-17   2.4074382e-04   5.1544820e-10
   4.9143851e-03   4.8353166e-05   1.2192546e-29   6.4477452e-16   9.8357576e-05   1.0908203e-03   3.5678703e-27   2.8885042e-12   2.7686819e-04   1.5528331e-08
   4.9017264e-03   6.4765627e-05   3.8338098e-25   5.5074131e-21   3.4175967e-05   8.0701773e-04   5.1244119e-36   3.1624867e-10   1.8969000e-04   3.6608279e-09
   7.3555960e-03   1.3525447e-05   7.3352927e-20   2.4268255e-15   4.2123273e-05   7.3504440e-04   8.4815238e-36   4.0113061e-21   1.7293091e-04   3.3722825e-05
   1.4202715e-02   1.4062475e-08   1.9565157e-24   3.2158328e-22   2.1271893e-08   6.6967184e-04   6.5370086e-42   5.4287733e-35   2.0346483e-04   4.7346725e-05
   1.8080283e-02   9.2390981e-21   3.1194462e-39   1.0109151e-25   6.7241152e-17   5.7951887e-04   3.4742527e-42   5.4163977e-42   2.1380678e-04   3.1723982e-05
   1.7592083e-02   2.5255606e-11   3.9422876e-29   8.6128746e-18   6.8940401e-05   9.8719346e-04   7.0925121e-33   5.8795507e-20   1.9384007e-04   9.5383941e-05
   2.3538022e-02   2.4237473e-06   4.4638444e-23   5.1847491e-20   1.2911658e-06   1.3497492e-03   1.7932012e-33   6.1461181e-09   1.8380205e-04   1.8955850e-05
   3.8194727e-02   9.8184463e-05   2.6238165e-17   4.6998757e-14   1.3352299e-12   1.4184141e-03   1.3432661e-32   3.1983489e-03   1.2842601e-04   9.3843886e-06
   7.1663832e-02   2.9878316e-04   1.8136336e-11   5.5351225e-08   4.2053373e-14   6.8889730e-04   1.1379170e-26   2.2114260e-02   4.3107750e-05   5.9429224e-18
   8.1249274e-02   1.4002097e-03   3.2223461e-11   1.8069430e-15   1.2566586e-05   1.5600898e-04   4.4009150e-03   8.4327959e-02   2.3121166e-05   2.8218742e-13
   4.3399485e-02   2.5759992e-03   4.7996987e-21   1.9013294e-31   1.2649719e-03   2.0493827e-03   8.3795787e-03   2.1102234e-01   1.4305565e-10   4.7625012e-11
   2.0452031e-02   1.7972473e-04   1.0244082e-36   8.0170001e-38   8.5087420e-03   2.5524308e-02   2.9574088e-03   3.0086475e-01   7.2347041e-16   5.8711077e-18
   2.8667490e-03   2.8902780e-04   7.0098085e-47   6.6023377e-49   1.6432122e-02   9.3769578e-02   1.4007268e-09   2.1394766e-01   5.6112545e-11   4.3144417e-15
   6.0369162e-06   4.4858626e-04   5.4852396e-50   6.0217949e-36   1.0633427e-02   1.7506785e-01   4.0721480e-08   6.7913466e-02   2.8533735e-06   1.3590571e-13
   5.9568058e-11   9.6249276e-04   8.8887783e-29   1.1868314e-10   3.0839899e-03   1.9549005e-01   5.8804679e-05   1.8717795e-05   1.9754988e-05   6.2048596e-03
   1.5516811e-11   2.3136614e-03   2.5263520e-06   1.0310754e-02   5.2976375e-04   1.3059015e-01   4.1883223e-05   8.3152026e-22   5.1370005e-05   2.1257240e-02
   5.0057637e-09   2.0106975e-03   2.0470471e-04   1.5495921e-08   6.4606523e-11   6.2732368e-02   6.8509908e-05   8.6522471e-17   3.0004902e-05   9.0730507e-02
   9.9912664e-04   1.1166639e-03   3.2740090e-07   5.5143459e-13   2.5413657e-21   2.6074709e-02   1.4339671e-05   2.0648376e-08   3.1303479e-05   1.3266903e-01
   4.2227072e-03   4.3085559e-04   7.0336197e-15   2.1123650e-22   2.2311963e-06   1.1893163e-02   6.4972113e-08   2.4120749e-19   8.3249591e-05   1.4567241e-01
   6.8765748e-03   2.7719870e-04   2.7272474e-10   6.9474787e-20   1.2515411e-04   6.8388983e-03   9.7251828e-23   7.8276155e-13   1.0605853e-04   1.1093466e-01
   1.1793771e-02   2.0796710e-05   5.5090089e-09   8.0605202e-20   1.5388004e-04   5.1833241e-03   5.2040132e-26   9.3062875e-25   1.9477178e-04   5.0853086e-02
   2.1497356e-02   1.6956167e-04   6.3062664e-10   2.0241949e-18   1.6847596e-04   4.0765726e-03   2.7333551e-28   5.6170175e-24   1.5222189e-04   1.5542909e-02
   3.1191096e-02   5.4047862e-04   4.9227133e-08   5.7082673e-20   1.8897349e-04   2.2934497e-03   1.9484705e-27   5.0292457e-24   1.0718640e-04   6.7552300e-03
   4.8533349e-02   4.2329328e-04   6.4330173e-03   1.8079731e-06   1.8486803e-04   6.4028957e-04   1.1084571e-30   1.8812444e-24   8.3785876e-05   6.3461615e-04
   6.4560270e-02   5.0156806e-04   1.3909793e-02   1.3195064e-05   1.5215808e-04   2.8764450e-06   3.2360330e-29   2.2710534e-21   7.9221807e-05   1.5718651e-04
   7.2506063e-02   5.3456864e-04   2.9257933e-03   5.1930511e-08   8.8654105e-05   4.3488011e-05   1.9495420e-03   1.8700101e-10   7.4382896e-05   1.8921619e-04
   6.2703111e-02   8.9121828e-05   1.4604336e-29   1.9234210e-52   3.7213666e-04   5.4435037e-10   1.0438471e-02   3.9291592e-03   3.7341373e-05   7.1720928e-08
   5.0659047e-02   2.1170893e-07   1.7181746e-38   3.9360106e-60   1.6185292e-03   2.2492902e-08   1.4744652e-02   9.9746560e-03   4.5300234e-15   2.1475691e-06
   4.4736880e-02   8.7114978e-05   1.3803314e-35   1.4566842e-61   5.2802665e-03   2.5792187e-07   1.0631358e-02   1.6114991e-02   1.4936909e-07   1.0983607e-15
   3.5203387e-02   1.9091014e-04   1.3896423e-32   2.7502206e-31   1.3333835e-02   4.8153572e-05   3.9423178e-03   1.6744465e-02   8.2840553e-11   1.3233010e-19
   2.0614097e-02   2.6405574e-04   3.1095965e-41   1.1355686e-31   2.1715120e-02   1.1248803e-03   1.6737684e-03   1.6112151e-02   2.9603778e-12   9.5030723e-31
   8.7012140e-03   3.5475501e-05   4.7168450e-39   1.1927742e-35   2.7899589e-02   6.2703169e-03   2.1819848e-09   7.4610845e-03   1.4083749e-10   4.7873932e-39
   1.2660168e-03   4.4916395e-05   3.2049689e-34   6.0197566e-27   3.1873450e-02   1.0993018e-02   3.0691037e-08   1.4411905e-08   3.0252408e-18   7.3187176e-40
   1.6781560e-05   1.6436063e-04   3.1352799e-21   3.9655201e-08   2.5275637e-02   1.8874363e-02   9.0673229e-06   2.0998422e-25   2.8201655e-16   5.9071975e-44
   1.9734913e-08   1.8740096e-04   7.4955387e-06   5.2801575e-03   1.6758507e-02   2.3989260e-02   6.1956514e-05   5.2860746e-38   1.0369140e-05   2.4454113e-31
   3.6351136e-07   1.0345720e-04   1.4089510e-02   1.4385087e-02   9.7696577e-03   2.2099470e-02   1.7411338e-04   3.8431104e-40   8.7211871e-05   2.6002842e-23
   5.4326608e-09   4.9567844e-05   2.0620930e-02   4.5340269e-02   5.2667671e-03   1.3061241e-02   2.6549055e-04   1.8648036e-37   9.5501345e-05   1.5919446e-14
   6.9745311e-14   1.1577816e-03   5.2223318e-02   4.5776440e-02   1.8312804e-03   6.9516824e-03   6.0020156e-04   4.2193151e-25   6.2698633e-05   1.0019796e-06
   1.7595554e-03   5.8819143e-04   1.1113230e-01   2.4306078e-02   1.3188272e-03   2.7831452e-03   7.0828328e-04   1.1467105e-21   5.0728366e-05   1.4555082e-07
   2.9160532e-03   4.0978893e-04   1.5469589e-01   8.3215146e-03   9.2787929e-04   8.7630397e-04   6.6666017e-04   5.2313013e-21   1.0480603e-04   3.5214064e-07
   3.6475500e-03   9.0516774e-04   1.5614997e-01   4.0704884e-03   4.0909223e-04   4.5297456e-08   1.4066334e-03   7.4309475e-19   6.6741091e-05   4.8795559e-04
   2.2180782e-03   1.4580496e-03   1.0537021e-01   4.2391050e-06   4.5015563e-07   7.6094418e-11   5.4473163e-03   2.6644598e-08   2.2697777e-05   2.5242831e-03
   2.9341795e-03   4.9860199e-04   5.4484471e-02   8.7309925e-47   6.4230925e-07   2.0691239e-11   1.4670736e-02   2.2797355e-04   7.8505365e-07   8.2204858e-03
   1.8047541e-03   7.3024240e-06   1.2952037e-02   2.8774517e-57   4.5809745e-04   1.0898464e-10   3.4308450e-02   5.7782482e-04   5.0255578e-20   1.7998777e-02
   2.9604521e-03   4.9902458e-13   1.2233072e-06   5.6231109e-45   1.3722972e-03   7.8238352e-12   3.7821415e-02   7.9272402e-06   1.8242621e-16   2.5672617e-02
   3.2408404e-03   1.0972136e-16   3.6189311e-25   9.9725915e-37   4.7412615e-03   4.7915908e-13   2.3358678e-02   1.5898521e-08   4.1521366e-07   2.3229986e-02
   2.1142284e-03   1.0122428e-08   1.3747776e-24   2.3487005e-23   9.3903105e-03   4.4045549e-12   1.0259432e-02   7.4034430e-05   3.0398211e-07   1.3024709e-02
   8.3978638e-04   1.8520211e-06   2.9745337e-28   1.3769055e-36   1.3983173e-02   6.1292892e-09   3.7973476e-03   9.6066205e-04   3.1426608e-06   3.9053161e-03
   2.6644414e-05   4.5528026e-05   2.8464094e-30   6.2831725e-26   1.7900406e-02   9.4100674e-10   2.1184674e-03   8.9459758e-04   5.0611340e-07   4.3103564e-04
   3.6951403e-08   4.7076678e-05   2.5490992e-38   8.4797641e-10   2.1359260e-02   3.3180825e-08   9.0102688e-04   2.1686603e-04   2.4628789e-06   6.7966934e-20
   1.0297412e-10   4.7375007e-06   2.7544621e-25   1.6516319e-03   2.2068654e-02   2.0112648e-04   1.0139898e-04   1.2604376e-04   2.3612727e-06   1.3296084e-28
   1.8731092e-06   9.9907752e-06   1.3085354e-24   1.5215628e-03   2.3405670e-02   1.0018573e-03   9.2208476e-05   1.9568976e-07   1.9046321e-07   8.8819871e-25
   7.1239839e-05   4.8740179e-07   7.1959440e-25   2.3995353e-03   2.4253345e-02   2.6893077e-03   9.9879058e-06   1.3730443e-20   5.2517021e-06   2.8420230e-38
   5.3461158e-05   2.3356890e-09   2.0509578e-21   2.5924683e-03   1.9544851e-02   5.1239027e-03   3.8092444e-05   2.3005375e-22   4.3563131e-05   7.1073807e-29
   8.4327298e-05   1.4875997e-09   5.7210207e-03   1.0765812e-02   1.3593867e-02   1.1276981e-02   2.0848862e-04   2.3922019e-30   1.2407238e-04   1.3669242e-30
   6.7721147e-07   1.6084252e-11   1.8077512e-02   2.1241475e-02   9.0588275e-03   1.3804749e-02   6.1804342e-04   1.8552656e-27   1.2716058e-04   1.1789289e-34
   7.2480530e-05   6.6344889e-11   1.8090111e-02   3.6088395e-02   4.4684750e-03   1.1276229e-02   1.9132163e-03   7.2113300e-20   9.8063634e-05   1.8513286e-18
   1.1582870e-03   1.5506975e-05   1.0504436e-02   5.8613110e-02   9.5470747e-04   8.6485569e-03   5.0815039e-03   8.8649009e-22   1.9332700e-04   8.5023500e-16
   4.3577116e-04   7.9214697e-07   1.8827354e-11   8.9597124e-02   1.5036527e-05   5.5148699e-03   1.5072167e-02   3.4741207e-27   1.8708099e-08   3.3253043e-22
   1.9918371e-04   5.3515302e-09   5.2209854e-08   6.1726047e-02   3.7807232e-09   2.5585624e-03   2.8553884e-02   1.1378379e-22   8.0656450e-10   2.4709036e-24
   3.7167611e-04   1.6671933e-08   2.2871891e-03   2.5527450e-02   2.3901533e-13   6.7428914e-04   4.1298510e-02   2.1162042e-15   5.3970230e-10   1.9319421e-17
   3.7822870e-04   3.8689566e-04   3.8698631e-04   7.1961370e-22   5.7331166e-04   1.0662940e-06   4.0175839e-02   8.9113445e-12   6.2161175e-23   2.8234764e-12
   1.2161714e-04   4.8865973e-07   5.4913918e-04   2.2678867e-35   1.6064243e-03   1.1470388e-07   3.2335791e-02   5.5981859e-08   1.5323273e-19   6.2222991e-04
   6.1234323e-05   2.0819591e-11   1.1771556e-03   6.8791930e-36   3.9550248e-03   1.6397933e-11   2.1630964e-02   2.2320430e-10   1.0912526e-04   2.3924589e-03
   4.1241901e-05   1.4039840e-11   3.7177983e-03   2.3865454e-48   6.0573333e-03   8.7036573e-12   1.2591227e-02   1.0126433e-04   1.8647899e-04   3.4237171e-03
   2.5581447e-08   7.7181370e-10   4.2650110e-03   1.0813036e-47   8.9395140e-03   7.1767843e-11   7.7869622e-03   1.0398012e-04   5.4794406e-05   1.9880965e-03
   1.4863834e-09   1.8433872e-09   4.4036633e-03   7.5559315e-30   1.1591961e-02   7.3598809e-17   4.7101928e-03   1.5736061e-04   2.9191599e-05   2.4459169e-03
   7.9924936e-10   8.1000920e-08   5.0575770e-03   6.5774796e-19   1.3212893e-02   1.1977023e-14   3.4510872e-03   7.7591626e-05   3.4334304e-05   3.4555795e-03
   5.2117844e-10   1.4388056e-07   2.2058332e-03   4.4895944e-24   1.3978222e-02   4.5974418e-12   1.6837525e-03   2.5064889e-05   7.4076397e-05   4.2683338e-03
   1.3814394e-06   3.1511289e-05   9.4695256e-03   1.9273868e-11   1.3268746e-02   6.9499990e-13   1.0903431e-03   1.4648086e-07   9.1200484e-05   6.0093111e-03
   1.1382545e-05   1.0610434e-04   1.8671967e-02   1.1764074e-06   1.2115432e-02   4.5322697e-07   6.6780601e-04   8.1544333e-15   1.1978949e-04   8.9756958e-03
   3.0158374e-06   1.4179760e-04   1.9324137e-02   1.1139215e-04   1.2479911e-02   8.0075793e-08   1.5408631e-03   3.5111938e-20   1.1666088e-04   7.0703684e-03
   4.4184569e-07   1.6214707e-04   1.1920124e-02   5.1716106e-04   1.2398744e-02   7.9962867e-10   2.3268567e-03   7.9105722e-12   7.2102322e-05   3.1741746e-03
   6.9082672e-07   3.3994244e-04   1.2192989e-03   1.1204416e-07   1.0698053e-02   2.4601472e-06   4.3761600e-03   7.5916233e-15   7.5476579e-05   5.7761024e-04
   1.8069260e-05   4.4124086e-05   2.2317024e-10   2.9997681e-14   7.3509823e-03   7.0904185e-04   9.9979601e-03   1.2083383e-17   7.3742195e-05   2.0160773e-07
   3.1425558e-05   1.7821003e-10   4.0585841e-18   7.0659909e-15   3.5657900e-03   1.3547734e-03   1.9478971e-02   5.8929148e-17   1.3195962e-04   2.4044174e-18
   1.6233587e-04   4.7489556e-12   3.5735255e-35   1.5619090e-18   1.6113729e-03   1.5663137e-03   3.1185368e-02   4.7970660e-16   2.3033742e-05   1.6665624e-28
   2.5392093e-04   1.4109789e-07   4.4086610e-24   2.9844638e-04   3.8576215e-12   3.5092780e-03   3.1101019e-02   1.2090070e-23   7.0147461e-11   7.4189592e-34
   2.6813030e-04   3.2886921e-06   3.1139283e-28   6.9413997e-03   2.3343516e-04   3.5098041e-03   2.3016362e-02   4.9657001e-18   1.1093047e-04   1.4176159e-27
   8.8413377e-05   1.5964704e-08   3.0182534e-41   2.0089773e-02   1.2087878e-03   1.7156650e-03   1.7294534e-02   5.2565534e-04   1.2129528e-04   4.0683767e-32
   2.6692830e-04   2.0467661e-10   2.2806257e-48   4.0966821e-02   1.6963278e-03   4.4040381e-04   1.4234453e-02   8.8475280e-04   1.2305271e-04   6.0888874e-23
   5.2607541e-05   6.7767833e-09   2.2947465e-24   3.4851458e-02   2.7802085e-03   7.2508048e-07   1.2973378e-02   5.2581625e-04   1.4144679e-04   2.5868468e-06
   5.4436464e-05   6.6731347e-05   2.8373860e-13   2.3539837e-02   4.5999929e-03   4.6592640e-10   8.5040387e-03   8.3454778e-04   6.3785726e-05   4.2363925e-04
   7.1814142e-08   5.8378202e-04   8.6946985e-04   1.2933998e-02   5.6804380e-03   7.6486209e-11   4.7352133e-03   1.0929274e-03   7.8883020e-05   9.7291389e-09
   1.8239216e-12   8.2417174e-04   1.7510664e-03   5.7286743e-03   7.1364667e-03   1.1398838e-13   2.9311490e-03   6.3569224e-04   7.8749455e-05   1.1867222e-03
   2.0752820e-07   1.1909202e-03   5.1295939e-03   7.2503636e-06   8.6396982e-03   8.1099139e-18   2.2860530e-03   2.3304067e-04   2.3653826e-05   3.6644179e-04
   5.5821862e-06   1.1159607e-03   1.0229750e-02   2.9976829e-06   8.8680866e-03   3.8252295e-19   1.8166567e-03   1.2757465e-07   1.0637151e-05   5.8686412e-04
   3.4544829e-07   6.4644083e-04   1.0857251e-02   9.5310464e-08   9.9305795e-03   1.3195177e-19   1.9910531e-04   2.8403086e-09   6.2603974e-05   7.3886272e-04
   4.8985807e-09   7.7139738e-04   3.4332755e-03   2.7967644e-04   1.0272777e-02   1.9876189e-19   4.8548376e-04   9.8128049e-07   7.7684444e-05   1.4517701e-03
   1.2027544e-07   1.0205476e-03   3.0406456e-05   1.7386213e-04   1.0456500e-02   5.9583584e-22   1.4934966e-03   8.4647674e-11   6.6100065e-05   3.3418508e-03
   1.9390074e-08   4.1955312e-04   1.2648191e-14   1.5288929e-17   9.7115844e-03   3.0127979e-19   3.1960052e-03   2.8906551e-11   7.7677261e-05   4.6542733e-03
   3.7748833e-10   3.1556829e-04   1.4003998e-32   2.4258320e-39   9.4556760e-03   1.0488778e-16   6.8576886e-03   1.3436649e-12   6.1430418e-05   4.0750616e-03
   2.8156616e-10   2.0918831e-04   1.0996688e-35   7.1487457e-39   8.0702029e-03   1.8891928e-14   1.0932798e-02   1.0639426e-12   6.9557606e-05   3.9704310e-03
   2.0294154e-06   1.8860967e-04   3.0738828e-40   4.8080447e-40   6.8738491e-03   1.1923248e-08   1.1754237e-02   6.5367744e-12   3.0582642e-05   4.2657198e-03
   1.9568492e-04   5.9888059e-04   8.6863435e-28   5.4223038e-28   5.1985937e-03   1.5390892e-04   9.3588875e-03   1.5533256e-09   2.1656951e-05   5.7634147e-03
   9.1777386e-04   2.7766745e-04   1.6716050e-26   8.3656467e-24   4.1891317e-03   6.7386220e-04   7.4545510e-03   1.6537373e-06   1.3102961e-04   1.0348020e-02
   1.6344183e-03   3.0995948e-04   1.2645655e-30   1.0818961e-09   1.9847687e-03   1.6760485e-03   7.0864280e-03   5.0703224e-12   9.2073468e-05   1.2967972e-02
   2.1751453e-03   2.6150625e-06   6.4103145e-30   1.4637083e-03   2.8256608e-03   2.1828634e-03   5.0689804e-03   9.2983220e-16   1.7371251e-04   9.5487500e-03
   2.1589240e-03   1.0097320e-04   6.3615230e-38   3.7359996e-03   2.7745970e-03   5.1294586e-03   3.8725463e-03   6.1431681e-13   1.1400059e-04   4.2820237e-03
   1.4807519e-03   2.4881232e-03   3.0088286e-34   5.7337896e-03   4.3096857e-03   1.9875543e-03   2.4529569e-03   1.9253900e-15   2.9616079e-05   1.2477493e-04
   9.7218324e-04   3.9978441e-03   3.2491534e-26   9.0124886e-03   4.7445074e-03   1.6445417e-05   1.3783858e-03   1.2883032e-12   6.4286697e-05   9.2703334e-10
   2.0426136e-04   5.5608200e-03   2.3987005e-16   1.6768123e-02   5.7476972e-03   2.0405908e-11   7.2160514e-04   3.5894873e-09   4.4982994e-05   1.8775505e-20
   1.1429016e-10   6.8332453e-03   2.6972979e-09   2.4748704e-02   6.7079101e-03   7.5813905e-23   2.0680681e-04   2.1703127e-11   7.6786097e-06   2.7279704e-22
   2.9062198e-11   5.5430001e-03   2.1846051e-08   2.0484954e-02   7.1801396e-03   5.1417044e-26   1.0260709e-04   2.0034321e-09   6.0437411e-05   8.4261639e-24
   2.4743110e-09   4.6107884e-03   5.1556832e-13   1.2592513e-02   6.4521306e-03   6.1650318e-21   2.9979887e-05   9.9707051e-12   9.6198278e-05   1.5937731e-18
   9.7358305e-08   3.8162976e-03   7.0939224e-08   7.9540896e-03   6.9930848e-03   4.3176020e-18   3.2194077e-05   1.5287291e-11   1.1024992e-04   5.8363443e-28
   3.5343866e-08   4.5785945e-03   7.8149920e-16   2.5441317e-03   6.7943267e-03   4.5020718e-18   1.8767327e-04   4.5267471e-13   8.7275337e-05   7.1637056e-14
   1.5201171e-06   6.1307181e-03   9.9253895e-13   1.0948712e-10   4.4477144e-03   2.6054311e-14   5.1478914e-04   7.4277605e-17   1.6697274e-04   5.7092842e-06
   1.7370451e-06   6.3809366e-03   8.5388477e-15   1.5408356e-12   4.2840904e-03   8.0954934e-17   1.0002960e-03   6.8216097e-14   1.8502251e-04   1.6180157e-07
   2.1353303e-04   6.2567208e-03   1.8868739e-09   5.0810926e-11   3.4556659e-03   6.2774453e-19   1.1681556e-03   2.8313082e-15   5.9261358e-05   3.5688576e-06
   3.5958384e-04   5.3918329e-03   1.1192753e-08   1.5694495e-15   4.0039884e-03   4.7360542e-16   8.7383422e-04   7.1344503e-20   1.1161494e-04   3.8968066e-10
   3.8354602e-04   3.9843088e-03   3.2926836e-16   5.3449904e-33   4.3159054e-03   7.7876898e-08   9.5123761e-04   2.8966026e-15   3.4963748e-04   3.9301125e-10
   1.6303384e-03   3.4063942e-03   5.0989079e-18   4.5261601e-36   4.5089195e-03   8.7373835e-05   1.0543294e-03   3.3204423e-22   3.3366981e-04   5.4852612e-04
   2.7929716e-03   3.1711692e-03   2.0813830e-09   3.5538682e-21   4.3424979e-03   1.4338892e-04   5.9145251e-04   2.1400598e-26   2.1037462e-04   8.1310066e-04
   3.5074204e-03   3.8906161e-03   2.3936188e-08   1.0971308e-09   2.9706460e-03   3.6408068e-04   2.9420330e-04   1.1506226e-23   1.9551620e-04   9.8465223e-04
   4.4871644e-03   4.2073689e-03   5.5367735e-10   1.5024071e-12   2.1039275e-03   6.1987180e-04   1.9188705e-04   6.5536914e-21   3.7045295e-04   1.1959587e-03
   4.4423070e-03   4.8078707e-03   8.7628087e-03   2.6677368e-07   9.9708465e-04   7.8994149e-05   4.2496382e-05   5.4721823e-17   2.9807663e-04   6.1036362e-04
   2.3581050e-03   5.5049860e-03   2.0070149e-02   2.9302136e-07   8.2051828e-04   5.9824134e-06   1.4279596e-05   8.7887768e-12   3.3431054e-04   3.4316040e-04
   4.9731804e-04   7.6393842e-03   1.4607819e-02   3.8990284e-06   7.0501633e-04   5.3158258e-05   1.3482099e-05   1.4090697e-10   4.0370050e-04   1.0031132e-03
   5.3927439e-05   8.9250904e-03   2.3331029e-11   5.8414025e-04   1.3323357e-03   2.3890642e-04   3.5497929e-05   3.1636959e-07   2.7488013e-04   2.1578238e-03
   1.8767154e-09   8.9017741e-03   4.2261472e-17   1.8146659e-04   9.1532650e-04   6.2133992e-04   2.6257564e-05   5.4937939e-07   2.0055312e-04   6.3422172e-03
   5.2707170e-12   8.2346507e-03   1.0716004e-15   1.1347371e-03   6.4923327e-04   5.3761942e-04   3.0084632e-05   7.7526060e-11   1.4803318e-04   9.5182403e-03
   9.6639592e-09   6.3059223e-03   1.6284329e-26   1.5604623e-03   8.1814922e-04   5.9443049e-04   2.6854369e-05   8.7796669e-06   1.5504846e-04   8.6365592e-03
   1.2588200e-05   5.0010506e-03   2.0064448e-30   4.0227901e-03   7.7532149e-04   1.7467073e-04   8.2584167e-05   2.5748596e-06   2.0879865e-04   5.2299320e-03
   1.9815181e-04   3.4987019e-03   1.3317070e-27   3.5770503e-03   8.6143975e-04   4.4840045e-05   5.2398811e-04   1.5214630e-08   3.4077424e-04   2.8203149e-03
   8.8204873e-05   4.4369577e-03   2.4652367e-18   3.1605023e-03   8.8041799e-04   8.8001661e-06   7.6735136e-04   1.4876504e-06   1.8903343e-04   6.3892787e-04
   3.3071995e-04   4.0517027e-03   9.1311448e-29   2.1169514e-03   8.8688982e-04   7.9869577e-06   6.4302319e-04   2.8511976e-05   1.4983146e-04   3.7146658e-04
   4.6154963e-04   4.0541482e-03   7.8180594e-20   1.1159557e-03   8.0253728e-04   6.4233223e-09   4.0415294e-04   1.1416984e-07   2.7329593e-04   3.4859044e-04
   9.8879694e-04   3.9228236e-03   4.7544882e-17   3.8364392e-04   5.9156048e-04   2.5948375e-11   6.7669905e-04   6.1498790e-09   2.2805043e-04   9.4642512e-06
   7.4775995e-04   4.4888758e-03   2.5079927e-11   1.8135151e-06   6.5636016e-04   1.6921343e-08   7.1394748e-04   1.4385091e-11   1.8685131e-04   7.6778710e-08
   3.1149612e-04   4.8819089e-03   8.5347580e-10   9.4347277e-11   7.8478852e-04   6.5492381e-08   4.5726295e-04   8.9008762e-16   7.4887309e-05   4.8202850e-09
   5.9206022e-04   5.0510685e-03   6.9994249e-09   5.1698788e-15   9.2975125e-04   5.3314101e-05   2.0961764e-04   3.2398202e-12   1.3028124e-04   5.8273913e-08
   4.0273185e-04   5.8956519e-03   2.5436386e-04   1.8193189e-12   9.9359060e-04   7.1402559e-05   8.6350174e-05   3.5739489e-13   1.6631270e-04   1.2001861e-12
   1.2742585e-03   4.8098658e-03   2.0098695e-03   1.1054968e-10   8.5853601e-04   2.4230654e-05   7.7117646e-05   1.3690813e-11   2.3454530e-04   1.0714933e-20
   1.6330627e-03   4.4831900e-03   6.4487861e-04   1.7091443e-11   7.2981374e-04   9.7999950e-05   9.9423646e-05   1.1769097e-12   1.7066845e-04   3.2759255e-13
   1.2357226e-03   4.3247163e-03   2.7739663e-09   6.7753017e-21   6.1261356e-04   2.8504214e-04   6.1236071e-05   3.5801469e-10   2.0891707e-04   1.5978999e-09
   1.0751208e-03   4.3205354e-03   1.2019543e-04   3.6738897e-26   2.8239611e-04   2.8596895e-04   1.2394936e-04   3.8100190e-04   2.6793453e-04   3.4196949e-05
   1.3144082e-04   5.1529810e-03   1.2393700e-21   3.3288665e-18   5.5079072e-04   1.8549359e-04   4.7385890e-05   7.2455664e-04   1.5572905e-04   1.6785937e-05
   1.3907669e-06   5.6875160e-03   3.4254004e-27   1.4595727e-11   5.3699960e-04   8.4656779e-05   1.1595036e-04   3.9625449e-04   2.4801540e-04   4.7537076e-05
   4.2401321e-08   6.9599501e-03   2.6659936e-23   6.6079615e-13   5.7343922e-04   2.0847985e-04   1.0160676e-04   3.1359162e-04   2.3437209e-04   2.5672310e-04
   2.5806354e-10   7.6607833e-03   1.2245279e-30   3.0233959e-22   5.5926928e-04   2.1485031e-04   4.1229893e-04   3.0226746e-04   1.4080813e-04   3.8809311e-04
   6.9629451e-08   8.4523696e-03   3.4104204e-31   5.0434214e-15   1.5324781e-04   8.1275222e-04   7.0459389e-04   1.4357044e-05   1.9112494e-04   2.6528239e-04
   2.9916202e-09   9.0298052e-03   1.3845432e-29   4.2138141e-08   2.4854493e-04   7.9122851e-04   7.3261278e-04   1.9108206e-08   1.5180983e-04   1.7003533e-04
   1.4634372e-07   9.0844034e-03   2.5767647e-29   1.0185564e-03   3.9287883e-04   4.4978516e-04   2.6486961e-04   7.3152029e-08   2.0997677e-04   2.2352763e-04
   8.9996533e-06   9.0382318e-03   2.5754969e-31   1.0462314e-03   3.6287252e-04   1.4376870e-04   4.6936135e-04   1.5273212e-06   2.6522746e-04   6.6097587e-04
   2.5168029e-06   7.0846961e-03   7.5145383e-30   2.2086420e-03   3.7049666e-04   1.3816296e-05   8.8344028e-04   1.3030534e-07   2.6587814e-04   2.7626144e-03
   2.6302235e-05   6.4296952e-03   1.1054159e-39   2.0271671e-03   2.9900159e-04   1.6164984e-05   9.2739360e-04   7.5554067e-07   3.0052504e-04   3.2045254e-03
   3.0488173e-04   6.3270439e-03   3.2974108e-20   2.0706446e-03   3.9437335e-04   7.5678219e-09   6.6101054e-04   5.9688127e-08   2.5019481e-04   6.7038892e-03
   1.1247244e-03   5.6796735e-03   3.5343140e-12   1.3012672e-03   5.6579743e-04   7.5422904e-10   2.5959123e-04   8.1537658e-11   1.2490928e-04   7.2922201e-03
   1.1074732e-03   5.8081919e-03   3.5393457e-12   6.5882423e-04   6.4512046e-04   2.4257013e-09   2.0687603e-04   1.2565641e-07   1.5943296e-04   6.1658593e-03
   7.7856501e-04   5.3478931e-03   3.8353476e-20   2.8584882e-04   7.8252679e-04   5.9924357e-06   1.2378900e-04   2.2329071e-05   6.6041767e-05   3.8898380e-03
   4.9583032e-05   5.4239876e-03   2.1543764e-17   1.6912575e-04   1.1119164e-03   1.6727211e-05   1.5830571e-04   1.2245331e-08   2.2645890e-04   9.1123723e-04
   6.4134451e-05   5.7985250e-03   2.8371985e-22   7.3827040e-05   8.1020084e-04   2.6298764e-04   8.1776137e-05   1.8863401e-07   2.5254989e-04   4.4699011e-04
   1.9966291e-04   5.2749933e-03   8.6925647e-23   1.7835628e-07   7.0624672e-04   4.7683648e-04   1.0156054e-04   8.1324058e-07   3.1848248e-04   6.0521631e-04
   4.6936367e-04   5.2178646e-03   7.8472618e-13   9.4240222e-06   6.7092264e-04   3.3372979e-04   8.6315015e-05   4.8807152e-07   2.3603380e-04   3.2623464e-04
   6.1890771e-04   5.1800323e-03   4.2324308e-11   8.9264944e-18   2.4950820e-04   6.2231007e-04   2.8668700e-04   1.6168037e-07   3.2653760e-04   7.7883664e-06
   2.9844677e-05   5.9697119e-03   4.2829905e-14   1.9021273e-16   5.1873546e-04   5.7935264e-04   3.5064186e-04   8.1937216e-06   3.6010805e-04   8.5748140e-06
   4.5325184e-05   5.3291468e-03   3.9456624e-21   8.6161280e-32   5.6447124e-04   9.2475007e-05   6.4676546e-04   1.1812406e-04   2.9424266e-04   4.8790967e-05
   6.3683403e-04   5.4666712e-03   5.5406623e-21   3.3429473e-34   2.4998436e-04   1.3225010e-04   7.6110421e-04   1.9983519e-12   2.9731446e-04   4.9143534e-05
   7.3513127e-04   6.6203469e-03   4.8332028e-24   6.0132783e-19   4.4782402e-04   9.1641295e-05   6.5697127e-04   1.9357718e-14   2.2188567e-04   3.5395220e-04
   3.6386696e-04   6.6792767e-03   2.1911366e-21   3.9657016e-10   4.5235868e-04   3.2319178e-04   6.3141568e-04   1.8979618e-07   1.4704342e-04   2.1924773e-04
   6.7636451e-04   6.4606804e-03   1.9237102e-21   7.2171278e-15   4.5357523e-04   4.1953105e-05   8.1195397e-04   1.4481265e-07   1.8333927e-04   3.4331235e-04
   2.4970072e-04   7.9773630e-03   8.1348312e-19   6.2962854e-12   3.4885786e-04   1.7868144e-04   1.1528497e-03   6.1627914e-14   1.8172777e-04   6.9066105e-04
   2.5312266e-04   8.8860729e-03   1.1428683e-07   2.3722836e-04   5.8686183e-04   1.9320632e-05   1.6070016e-03   6.2232835e-14   1.5554823e-04   1.6875920e-05
   1.2920909e-03   8.7107120e-03   1.0323459e-05   7.9645736e-04   7.8864998e-04   3.7629066e-08   8.8536271e-04   5.8252027e-15   7.2799047e-05   4.9249823e-07
   1.7007401e-03   7.8518700e-03   1.5075854e-11   2.1557256e-03   4.4896678e-04   2.2730370e-07   6.0961404e-04   1.4780082e-05   1.8522004e-04   5.5795325e-05
   2.3923847e-03   5.4580491e-03   1.6935152e-29   3.1567513e-03   9.0089436e-04   8.7739498e-08   6.0591695e-04   8.1020359e-08   2.8817163e-04   4.2511371e-04
   1.9985296e-03   5.9232632e-03   1.0543126e-18   4.5390296e-03   8.6577826e-04   3.9778591e-08   5.3372582e-04   3.6404160e-13   2.5610182e-04   4.4657729e-04
   2.1294922e-03   5.9686982e-03   3.0382267e-18   4.4935917e-03   8.1123987e-04   2.2211396e-08   5.1904554e-04   4.6940170e-07   2.9018106e-04   1.2795721e-04
   2.1426517e-03   4.4221032e-03   3.3721352e-31   4.3689899e-03   1.4400005e-03   7.3057313e-08   2.5299358e-04   7.8073705e-10   3.9284450e-04   6.8155672e-04
   1.0070197e-03   6.1202470e-03   2.2866707e-23   2.0764441e-03   2.0830297e-03   5.6608604e-09   3.1876889e-04   2.9205929e-07   3.2455003e-04   3.8383541e-04
   4.3265675e-04   7.1124534e-03   6.3361269e-20   1.0155432e-03   1.7590766e-03   1.2866939e-06   2.5495225e-04   1.9437158e-07   2.5427415e-04   1.8050093e-03
   3.8067916e-04   5.8456951e-03   3.1254212e-27   2.0855934e-04   2.1549797e-03   6.9848931e-08   6.0813649e-04   3.5663316e-08   2.2096327e-04   3.0373750e-03
   2.8179004e-04   4.8933734e-03   1.0026900e-19   9.2204186e-07   2.2911936e-03   1.5636369e-09   9.4595401e-04   2.7588093e-06   2.6647013e-04   6.8754607e-03
   4.8367744e-04   4.8202326e-03   6.0648535e-22   3.5194173e-12   1.7466727e-03   7.3448278e-06   2.0379635e-03   4.6190164e-04   3.0338980e-04   7.6202225e-03
   2.2897069e-04   5.9269003e-03   7.5552498e-18   2.5727418e-13   1.8749798e-03   2.1727063e-06   1.7952849e-03   6.7092653e-05   2.4720698e-04   6.1798149e-03
   1.9448641e-05   6.7681982e-03   6.5169040e-16   5.2931317e-15   2.1744774e-03   5.8038247e-07   1.3003518e-03   7.5277138e-20   1.5707117e-04   2.9549394e-03
   4.6120190e-05   8.4247122e-03   1.8036702e-11   1.3505028e-13   1.5026133e-03   3.7956436e-08   1.7170161e-03   4.5900534e-08   2.8698242e-04   4.3386759e-04
   3.1282895e-04   9.0440810e-03   1.6735240e-03   5.6472920e-16   7.5819036e-04   7.3635172e-07   1.8724875e-03   2.3843578e-06   3.3587747e-04   1.1582125e-06
   1.3105571e-04   8.9161849e-03   7.9525843e-03   5.3729964e-14   1.0714566e-03   2.2835921e-10   2.3347507e-03   8.6189693e-10   1.3931189e-04   1.2490268e-11
   1.6575780e-05   8.6924022e-03   8.7620871e-03   4.3103838e-13   1.1184891e-03   4.7561102e-08   3.0791277e-03   1.1378275e-15   2.2179192e-04   2.1853857e-21
   8.9113640e-05   9.3005846e-03   3.9799509e-06   2.8946752e-08   1.2084605e-03   2.1319132e-06   2.8649336e-03   8.3867087e-13   2.4711571e-04   4.8678972e-16
   6.1559496e-05   8.8434067e-03   1.3115393e-23   3.2640722e-09   1.3570474e-03   5.3289128e-05   2.1957994e-03   7.4747989e-05   2.0348925e-04   4.1103017e-12
   9.7925119e-06   9.5923281e-03   7.6114025e-22   6.8063139e-07   9.3108669e-04   1.8702620e-04   2.0719135e-03   2.7608069e-04   3.0837995e-05   1.1780973e-14
   1.5650690e-08   1.0038157e-02   1.2561256e-25   3.1075811e-03   1.4343514e-03   9.9611366e-04   1.7635764e-03   5.5131131e-05   2.1619817e-04   3.9757490e-13
   6.2432212e-11   8.6942103e-03   5.1695854e-22   5.2334300e-03   1.9956735e-03   2.4570031e-03   1.7809613e-03   4.7769318e-06   3.2566646e-04   3.6490315e-11
   2.1249392e-10   6.7485330e-03   2.8196266e-13   7.3468225e-03   2.3446329e-03   2.2766919e-03   1.1886478e-03   1.8018865e-04   2.5307660e-04   1.0773287e-05
   2.2290773e-09   6.4720276e-03   3.3757433e-05   1.0108350e-02   1.8031727e-03   1.4945073e-03   1.0894629e-03   5.1272938e-04   4.1383264e-04   6.1285023e-04
   4.6350701e-13   6.2452865e-03   3.3698145e-15   1.2421509e-02   3.0319315e-03   6.7434267e-05   1.4300122e-03   1.4608424e-08   3.5504551e-04   9.2386112e-04
   7.8247149e-15   3.8936386e-03   2.0868866e-23   1.1334655e-02   3.1495639e-03   1.0573861e-08   3.3886511e-03   1.1893429e-07   8.4875245e-04   1.0486796e-03
   2.3481955e-15   5.9859948e-03   4.3522930e-20   1.2895854e-02   2.4715536e-03   1.1551250e-11   4.4334282e-03   1.3063433e-08   6.4357370e-04   9.4258976e-05
   1.1914344e-13   4.6984602e-03   3.2357579e-27   8.9087492e-03   3.0445260e-03   1.4923830e-11   5.8078465e-03   1.4469058e-06   6.2516834e-04   1.0531737e-03
   7.7427300e-13   4.4624316e-03   2.8170554e-21   5.0923532e-03   3.8412291e-03   5.3795382e-13   4.6655713e-03   1.6556592e-07   5.4356078e-04   8.4182447e-04
   9.6068679e-08   4.2246721e-03   9.2608881e-20   2.8849373e-03   2.7908762e-03   1.0777902e-10   2.7613523e-03   5.1124849e-14   6.5762450e-04   6.0247528e-04
   4.7214364e-10   6.3168550e-03   7.6992669e-05   5.6232280e-04   2.2259286e-03   1.0153951e-13   3.1445708e-03   2.8536837e-11   6.0006337e-04   7.5072073e-05
   9.7834064e-11   5.1978858e-03   1.4824105e-03   1.2512019e-05   2.6128442e-03   1.6060145e-14   2.6878614e-03   2.6679751e-12   8.2104617e-04   9.4878395e-04
   3.9270399e-09   4.4562704e-03   2.2394495e-05   3.3866638e-09   1.9256455e-03   9.0930838e-14   3.6257523e-03   2.3275293e-20   7.3707001e-04   1.4992620e-03
   8.8940083e-06   4.0983020e-03   4.9255411e-14   3.1647999e-17   1.1385573e-03   2.6266104e-05   3.1197221e-03   1.3093088e-17   6.1547457e-04   1.9305903e-03
   3.1999912e-07   4.1139374e-03   6.4389741e-18   1.3736056e-08   1.9388159e-03   1.1559852e-05   2.0675253e-03   1.8443006e-18   6.7250121e-04   2.6478098e-03
   2.6149381e-07   3.3062493e-03   2.6630175e-10   4.2058995e-11   2.3045493e-03   2.3894361e-08   1.6849733e-03   1.7046906e-22   9.5582399e-04   5.9009656e-03
   1.8918976e-05   2.2476549e-03   9.2286610e-14   6.1555092e-19   2.0024213e-03   2.9333205e-05   1.3064951e-03   7.4305958e-26   1.0040154e-03   6.5600982e-03
   2.1516424e-06   1.7541143e-03   1.2346289e-04   1.2800347e-17   2.0775339e-03   5.5605088e-05   1.6155464e-03   1.5616019e-33   8.5897340e-04   5.1495493e-03
   1.3269480e-08   2.7743405e-03   8.7558452e-07   3.1442684e-13   1.7881527e-03   8.6830190e-05   1.5052535e-03   3.3504498e-19   8.7681997e-04   3.3853180e-03
   2.7118706e-10   3.0709561e-03   3.0313015e-10   8.8731365e-17   1.9977638e-03   2.7163609e-04   1.1650329e-03   5.5946509e-25   6.6148390e-04   1.8417367e-03
   7.4826340e-11   3.3031319e-03   5.5352291e-05   1.8709367e-10   1.7941348e-03   6.8910233e-04   6.4371443e-04   5.3638536e-25   7.5479610e-04   4.3596746e-04
   1.6396559e-08   3.2585690e-03   2.6741431e-04   6.9291557e-11   1.3415323e-03   4.5196880e-04   1.2066943e-03   2.3492348e-23   5.3542613e-04   1.8547960e-05
   1.9716477e-11   2.9520583e-03   3.4959863e-07   6.3600149e-04   1.2700702e-03   5.0546576e-04   2.4514029e-03   1.4482589e-33   9.9546451e-04   1.3611674e-04
   1.3315287e-10   2.6240516e-03   1.0230591e-07   1.3241364e-03   1.8087205e-03   1.4678488e-04   2.2553039e-03   2.6952909e-21   1.3969940e-03   5.0525920e-05
   9.8436993e-11   2.1704092e-03   1.8895007e-14   2.0293480e-03   1.3931489e-03   1.2764923e-05   2.3209933e-03   1.6378507e-11   1.2080395e-03   5.0280457e-06
   2.1152181e-07   2.8292006e-03   3.3132109e-14   2.7280231e-03   1.1166041e-03   2.7919874e-05   1.5267908e-03   4.5223318e-07   8.8616761e-04   3.0580886e-08
   1.2068404e-06   3.0026232e-03   3.0061471e-04   1.8766822e-03   1.5561077e-03   6.9995420e-07   9.4614335e-04   1.6019819e-11   9.0152014e-04   1.4586573e-05
   1.3789165e-06   2.2335256e-03   9.6811228e-04   3.0988751e-03   2.0588735e-03   8.1819926e-07   6.7709787e-04   5.4083341e-18   1.1919105e-03   4.3829893e-05
   1.4456509e-06   2.3070663e-03   8.1690406e-14   4.3958618e-03   1.5537646e-03   9.3267492e-05   1.4609560e-03   1.0236879e-15   1.1331194e-03   1.6669382e-04
   9.4201745e-07   2.0100841e-03   5.5000006e-24   2.6172100e-03   1.4718552e-03   2.0701452e-04   2.1054076e-03   5.4361848e-14   1.2663082e-03   1.0837404e-05
   1.8583374e-05   1.8586397e-03   6.4139417e-19   2.3697245e-03   1.3712824e-03   2.1573206e-04   1.6214729e-03   6.4002483e-14   1.2272924e-03   3.4947040e-05
   1.2663633e-04   1.5857013e-03   6.5409382e-11   1.4386550e-03   1.3305210e-03   1.2509115e-04   1.0873862e-03   3.1818723e-19   1.2799895e-03   9.7765271e-05
   4.3318905e-04   1.2987900e-03   7.7703591e-18   7.8694234e-05   1.1320495e-03   2.5047569e-05   1.2361134e-03   1.9678665e-18   8.9315660e-04   4.2484963e-06
   3.6870213e-04   1.7383801e-03   5.2217309e-13   1.4960948e-04   1.0295587e-03   8.1598740e-05   1.1344592e-03   2.1923483e-24   1.0363299e-03   7.6437982e-06
   1.7986306e-04   1.4804467e-03   5.6540546e-15   2.1658827e-12   1.1197227e-03   3.3133509e-04   1.1243089e-03   1.7578657e-23   1.3951968e-03   8.3794643e-05
   2.9328151e-04   1.0819726e-03   7.6946317e-16   6.5970330e-06   1.1384985e-03   4.0439994e-04   9.0116819e-04   6.2566894e-16   1.4152378e-03   2.5888533e-05
   1.3260676e-04   1.2226378e-03   2.0735722e-04   3.3709427e-11   8.3039826e-04   1.2244899e-04   1.2075133e-03   1.8106811e-17   1.6288983e-03   8.3852860e-07
   6.3664752e-05   1.4150279e-03   2.2648779e-04   4.7487814e-07   1.4368751e-03   3.4006664e-05   3.2099789e-04   1.2515487e-28   1.8678785e-03   2.5134411e-04
   2.9076871e-05   1.4774149e-03   3.7040697e-06   3.4357176e-08   1.3704200e-03   3.3088675e-05   1.5096239e-03   9.5810214e-23   1.4703875e-03   7.0536797e-04
   1.3652755e-07   1.7484699e-03   2.5401544e-05   2.5522741e-09   6.9090566e-04   8.8920102e-05   2.1510052e-03   9.5052785e-25   1.6540111e-03   1.0581916e-03
   9.2128798e-06   2.4275736e-03   4.9996925e-07   7.2202785e-10   4.6940146e-04   1.1916504e-04   2.1125975e-03   3.4245243e-17   1.4747877e-03   9.5682347e-05
   1.3503862e-05   2.8551362e-03   2.1052468e-04   1.8721746e-06   7.5050152e-04   2.4354924e-07   1.9354353e-03   1.1757182e-24   8.9740455e-04   1.5380428e-03
   2.6883257e-05   2.7846209e-03   1.2882587e-03   2.9758793e-06   1.1469961e-03   1.6783587e-06   1.4258308e-03   1.6294261e-17   7.8601176e-04   2.1403528e-03
   1.5507230e-04   2.3304345e-03   8.2673895e-04   7.6468423e-04   8.1975029e-04   7.1626644e-05   1.4812541e-03   3.1912266e-16   1.0661166e-03   1.9860308e-03
   5.1470969e-04   1.8511866e-03   7.1720058e-22   2.1745940e-03   8.0318267e-04   1.8034169e-04   1.1652882e-03   5.1948382e-16   1.4540952e-03   1.0795785e-03
   2.4122251e-04   2.5238029e-03   1.2864307e-15   2.0340321e-03   1.1674436e-03   7.0302067e-07   1.5127587e-03   1.2101225e-16   1.1426675e-03   1.1844321e-04
   1.4448287e-04   2.3128458e-03   3.3433555e-09   1.7319049e-03   1.6201542e-03   1.6846634e-09   2.2652260e-03   2.5317163e-24   1.1595408e-03   6.9445630e-08
   1.9926126e-04   1.8384493e-03   1.3382496e-12   1.5599604e-03   1.5117617e-03   3.4671448e-11   1.9616013e-03   6.0996030e-17   1.6184609e-03   6.7676365e-08
   8.5684182e-05   1.5887326e-03   1.2113893e-20   1.5024428e-03   1.3780817e-03   4.8201189e-05   1.3162343e-03   3.4938682e-13   2.3503384e-03   2.6830363e-14
   5.0651737e-04   1.3316903e-03   1.3833413e-10   3.6012040e-03   1.4187727e-03   3.3076765e-04   1.7507625e-03   5.5268053e-17   2.0966606e-03   2.8699981e-12
   5.1375447e-04   1.4695995e-03   1.0253336e-14   4.0760190e-03   1.5607256e-03   7.5026247e-05   2.3673877e-03   4.4415026e-22   1.3912668e-03   2.3217796e-06
   2.2888412e-04   1.7522113e-03   8.4858493e-05   1.0869956e-06   1.1768409e-03   6.3892512e-05   3.5725301e-03   6.0510914e-17   1.1883110e-03   8.6573374e-05
   1.6286650e-03   1.0803126e-03   1.7048300e-03   3.2369625e-03   1.0563467e-03   4.6315720e-05   1.4178810e-03   1.7095430e-15   1.4253581e-03   8.6665745e-05
   1.1063921e-03   1.3080244e-03   1.5870582e-03   3.7665828e-07   1.4015599e-03   5.3891340e-05   2.5340320e-03   1.0113143e-14   1.7539188e-03   7.2418039e-06
   8.4097305e-04   1.7551830e-03   2.7482570e-03   1.3303341e-04   1.2208133e-03   3.8707677e-04   1.8046547e-03   2.3220087e-16   1.2606578e-03   1.5437072e-07
   7.4730213e-04   1.6755842e-03   1.1433402e-05   4.0110794e-09   1.2307735e-03   3.3755911e-04   2.9411207e-03   6.6924033e-15   1.2082439e-03   8.4987366e-10
   1.3468122e-03   1.8999378e-03   4.3097281e-06   1.6348721e-14   1.1544245e-03   7.4773057e-05   3.1651840e-03   7.3417504e-17   1.3297916e-03   1.6108579e-07
   1.6867967e-03   1.8605594e-03   4.1428217e-03   5.8544686e-12   1.2767642e-03   9.0861959e-06   2.4484271e-03   2.4579833e-19   1.3727135e-03   1.0078997e-05
   1.4015046e-03   2.2608126e-03   3.9913404e-03   1.9406239e-07   8.8381691e-04   2.1234190e-05   1.9818397e-03   2.8137648e-21   1.4152788e-03   9.9698300e-06
   1.7015092e-03   2.1966982e-03   4.2628893e-10   8.6529292e-11   7.9898446e-04   1.3732385e-04   1.9253373e-03   1.1065805e-13   9.8720123e-04   4.2861016e-05
   3.2309572e-04   2.4520654e-03   6.1338903e-19   1.0482214e-21   9.8709544e-04   3.7284719e-04   2.1593876e-03   2.7701219e-11   7.6521695e-04   1.2744053e-06
   8.1622122e-05   3.2715292e-03   1.1132805e-10   1.0232657e-08   9.2577044e-04   3.3090076e-05   2.1553718e-03   6.1541497e-19   1.3574310e-03   1.0652057e-14
   2.6416043e-05   3.5337610e-03   9.4108763e-19   2.8955573e-13   1.2636859e-03   5.5438736e-04   2.3354881e-03   5.7427964e-12   1.6842032e-03   8.8432188e-09
   6.3240780e-06   3.9279866e-03   1.6086979e-27   6.2032618e-26   1.0557461e-03   6.4746682e-04   2.7172128e-03   1.5429466e-11   1.4051411e-03   2.0767543e-05
   7.0866311e-09   4.5331907e-03   4.8277802e-23   1.0833423e-14   1.4397258e-03   1.8970880e-06   1.9222577e-03   5.8179596e-20   1.5229713e-03   3.6626719e-05
   1.0205090e-08   4.5913370e-03   1.1296571e-20   2.9722321e-07   1.6718928e-03   8.8234085e-06   1.2170609e-03   2.4345813e-20   1.7549239e-03   5.4098837e-04
   9.0287108e-07   4.0051800e-03   2.3180160e-22   3.7545890e-06   1.0782040e-03   3.3345724e-04   1.9702219e-03   2.1743809e-18   1.7612608e-03   1.7819889e-03
   1.5408125e-04   3.3576339e-03   9.1732648e-11   1.7965794e-03   1.2729671e-03   2.1125157e-05   1.3108292e-03   1.9318816e-17   2.0056238e-03   2.6363065e-03
   2.4370657e-04   3.2398222e-03   1.3842994e-16   1.7576841e-03   1.1515736e-03   1.3505684e-08   1.0876520e-03   1.8452303e-14   2.0544892e-03   2.9099971e-03
   1.6668116e-04   3.3749003e-03   3.4963674e-16   1.7096293e-03   1.5889239e-03   2.5841335e-07   1.0347741e-03   1.1254183e-17   2.0308809e-03   1.8034117e-03
   4.3317406e-04   3.0611893e-03   2.2625847e-10   1.3764502e-03   1.1928859e-03   8.4783057e-06   1.4128983e-03   5.2641080e-14   2.3020292e-03   1.0465404e-03
   4.1584446e-04   3.1902168e-03   1.6197912e-10   2.4468060e-03   8.9982041e-04   6.8601821e-07   1.6718901e-03   2.6979911e-12   2.2875255e-03   3.1857859e-04
   2.1466083e-04   3.8183989e-03   1.5490956e-08   3.3290584e-03   6.3788778e-04   3.7638611e-08   3.2894856e-03   1.7050047e-09   2.6003375e-03   1.3357981e-05
   3.3070439e-04   3.9248872e-03   3.1990573e-05   1.6482966e-03   5.4624157e-04   1.1012708e-08   3.4561411e-03   2.3177598e-06   2.9229270e-03   1.0017596e-07
   2.7242092e-04   3.8159495e-03   4.0332399e-07   1.4236588e-03   1.1577521e-03   1.9641637e-07   1.8852154e-03   2.6015864e-10   3.1617570e-03   3.0083835e-08
   1.6264043e-04   3.0151823e-03   1.3438612e-08   6.9069243e-04   9.2563330e-04   1.0542928e-05   1.1993779e-03   6.0851088e-04   3.4006383e-03   2.7624359e-06
   2.4906046e-05   2.8123783e-03   4.1345795e-18   1.1986190e-11   1.1309300e-03   1.1363909e-10   1.4846031e-03   4.4176072e-04   2.5120371e-03   2.1584359e-05
   3.8052132e-04   3.3680313e-03   2.6985564e-13   5.0166088e-05   9.3239444e-04   2.3582124e-05   9.0928309e-04   3.6957115e-11   1.4196015e-03   3.5782716e-07
   1.0967059e-03   2.7174115e-03   8.1296560e-26   2.0224286e-06   1.2459541e-03   6.8026609e-05   6.1956868e-04   4.8829510e-04   1.6478914e-03   8.5451047e-11
   6.7460967e-05   2.5412453e-03   3.3750063e-32   9.0022050e-18   1.4660609e-03   1.2008768e-05   6.5915899e-04   9.4760257e-04   2.1333966e-03   2.5191336e-14
   1.8749197e-05   2.8668557e-03   3.7190856e-21   1.6108373e-17   1.1158843e-03   5.1359761e-05   8.2841670e-04   1.1384468e-03   2.7696565e-03   4.0941929e-14
   1.7080687e-05   3.6966100e-03   3.6353437e-32   5.5828059e-15   1.3110118e-03   1.1684259e-06   7.8856995e-04   5.9037960e-04   3.1781282e-03   1.1981000e-15
   1.0919143e-06   4.4476576e-03   2.3087938e-25   8.0665071e-18   1.1458677e-03   1.8250068e-05   5.0286367e-04   5.0787158e-04   2.8770129e-03   6.0374417e-16
   5.5953216e-10   4.5350227e-03   1.3216857e-22   1.9015345e-24   1.2381418e-03   4.3872173e-05   4.8598539e-04   1.1473740e-04   2.0424369e-03   2.0433735e-22
   1.7639108e-08   5.1375586e-03   1.7529862e-22   7.0840478e-23   1.3699722e-03   1.2761811e-05   4.3315909e-04   1.5683557e-06   1.9221231e-03   9.4809840e-23
   2.5064045e-07   4.8638466e-03   5.4320312e-24   6.8995539e-13   1.3731601e-03   1.3442679e-04   2.7141787e-04   1.8805033e-07   1.7760759e-03   5.8039866e-16
   1.3170338e-08   4.2832572e-03   1.1651083e-25   4.2964623e-05   1.1283242e-03   1.6557772e-04   2.5210094e-04   5.1000872e-06   2.6065992e-03   8.7206758e-12
   3.1159182e-10   4.0370126e-03   9.5721196e-15   6.7648896e-04   1.0335813e-03   7.1497370e-05   1.6593363e-04   1.9882250e-05   2.7167177e-03   7.1881268e-09
   1.5895985e-07   4.3715503e-03   3.3515210e-09   9.5570011e-04   8.2537098e-04   1.7102360e-05   5.3548118e-04   3.4340657e-06   2.7933785e-03   1.7175401e-09
   1.3779126e-06   4.2145898e-03   6.1415578e-09   4.8835447e-04   4.1288346e-04   1.7742984e-06   1.3514656e-03   5.3450411e-08   3.2401101e-03   4.5857476e-05
   6.2064285e-08   3.3223844e-03   1.1180087e-11   1.0600210e-03   7.3660052e-04   3.3601914e-07   1.1673908e-03   3.2297045e-06   3.8803937e-03   1.5149331e-04
   2.0954808e-10   2.6747228e-03   6.6397712e-21   6.3859418e-04   6.4067863e-04   9.4475395e-07   4.1327356e-04   1.2169447e-05   3.6153340e-03   7.7930622e-04
   2.4929933e-07   2.5500866e-03   2.9943033e-06   1.1754206e-03   7.1224886e-04   8.7062929e-07   3.9694088e-04   6.4870208e-05   2.5836316e-03   1.0827598e-03
   9.4269584e-06   2.1049958e-03   2.1780485e-13   1.8453384e-03   8.5686007e-04   3.3054056e-09   6.0043478e-04   1.2550322e-05   2.4327827e-03   1.4983347e-03
   3.5732235e-06   1.6914701e-03   1.1202469e-17   1.9025446e-03   5.5460596e-04   9.1537812e-09   8.5418068e-04   6.5774233e-07   2.7585530e-03   1.3377769e-03
   4.2286963e-07   1.8386191e-03   5.5719140e-08   1.9638240e-03   6.1785709e-04   3.1879930e-07   8.3573662e-04   4.6879280e-05   2.6054283e-03   1.2178565e-03
   4.6071116e-05   1.5922558e-03   2.6240825e-04   1.2775935e-03   6.3135519e-04   2.1896342e-06   1.0586739e-03   5.7697455e-05   1.8439019e-03   9.8417533e-04
   7.1442876e-07   1.8140238e-03   2.0405553e-06   1.2724159e-09   7.6189795e-04   4.3901639e-07   1.4612821e-03   4.8319098e-08   2.2219132e-03   7.0435160e-04
   7.4456932e-07   1.5277225e-03   6.9660206e-05   3.0412035e-07   8.0744902e-04   3.0982393e-07   1.4991976e-03   5.7508537e-14   2.5453471e-03   5.2566940e-04
   3.3726347e-05   1.4115354e-03   3.9129959e-04   9.9056503e-05   5.2461332e-04   5.6731793e-05   1.1488316e-03   1.2181416e-08   2.9671319e-03   5.5140374e-04
   5.7851790e-06   1.7915418e-03   5.7592996e-06   5.4006667e-08   9.0046960e-04   8.6380969e-06   1.0111815e-03   2.2835880e-12   2.8012802e-03   1.3709532e-04
   8.8469357e-07   1.8525135e-03   1.7100620e-10   9.9065249e-09   8.4390387e-04   1.4702368e-05   7.2687423e-04   3.5122362e-17   3.3540536e-03   1.8547396e-06
   1.2106219e-07   2.0647246e-03   6.1838979e-16   4.2629920e-09   1.0222418e-03   1.0929696e-07   6.1405012e-04   1.7096917e-24   4.8834943e-03   4.3141898e-09
   8.2910749e-07   2.4306242e-03   1.4740518e-17   1.9808286e-07   8.7186198e-04   5.2960776e-10   9.2501123e-04   1.1152033e-20   5.4557384e-03   2.5945320e-20
   5.3311059e-07   2.8005743e-03   1.2670607e-14   2.0017091e-05   8.5670591e-04   2.8055634e-06   6.2461342e-04   1.0870283e-14   3.0940383e-03   3.4742434e-19
   4.9888992e-08   3.6261143e-03   7.9417285e-16   3.9168444e-11   5.8330360e-04   5.1148060e-09   1.0798014e-03   9.4399232e-17   3.1466330e-03   5.4373845e-22
   6.7233084e-08   2.9008338e-03   1.1421151e-19   2.4953031e-12   9.7213257e-04   3.2509882e-08   1.5452659e-03   2.1413278e-13   3.2514835e-03   2.2216750e-19
   5.0750871e-08   2.3506692e-03   1.4084209e-22   3.8324372e-13   8.6509699e-04   5.7684027e-06   1.0810189e-03   5.1983926e-20   3.0817970e-03   1.4214270e-11
   3.3115399e-06   2.2916028e-03   2.4462605e-14   3.9668401e-04   5.1351800e-04   4.3735476e-05   1.0743200e-03   8.0863375e-17   3.4955370e-03   2.2764185e-09
   2.7534791e-06   2.3573841e-03   5.0937000e-25   1.0327531e-03   4.1549995e-04   5.3148347e-05   1.0319520e-03   3.5049755e-13   3.8859836e-03   2.2716839e-08
   2.4602169e-06   1.5920495e-03   1.2181394e-14   1.3507326e-03   7.8048803e-04   5.7436540e-06   1.0251386e-03   2.0421166e-17   4.5820504e-03   1.8642923e-07
   1.4666587e-05   1.2019960e-03   4.9738608e-04   1.0280635e-03   1.0588799e-03   1.2728932e-13   1.2655631e-03   3.4826162e-27   4.3859847e-03   1.1843132e-05
   9.9904520e-05   1.0861083e-03   4.9702078e-04   1.1328933e-03   1.0898456e-03   3.5971946e-12   1.4809822e-03   8.9370985e-21   3.2745529e-03   2.2932031e-05
   1.4281203e-05   1.4176032e-03   1.2731009e-03   7.6412944e-11   7.3118106e-04   1.1866246e-10   1.9196835e-03   1.3634864e-19   4.2202462e-03   5.5556289e-06
   4.9629849e-06   1.6391914e-03   1.0262799e-03   8.2804567e-08   4.8750953e-04   2.5865095e-09   2.3708921e-03   6.3817150e-23   4.6233583e-03   1.7619772e-04
   3.4054768e-05   1.7723472e-03   6.4019323e-06   2.6264588e-03   3.0207737e-04   5.3417024e-06   2.3703104e-03   9.4311064e-22   3.3861402e-03   2.1395473e-04
   3.6753986e-05   1.8436203e-03   1.8386729e-07   2.2886610e-03   7.3838284e-04   2.9468319e-10   1.5909533e-03   2.7531390e-21   3.2948188e-03   2.0744761e-04
   1.5089796e-04   2.0128748e-03   2.7704793e-05   2.4365137e-03   7.2077022e-04   1.1027813e-10   1.4581284e-03   4.8780771e-27   2.7611458e-03   6.7658863e-05
   1.2392337e-04   2.0168813e-03   1.1787385e-06   1.4853016e-03   4.3435986e-04   1.1167767e-07   1.4259567e-03   2.2798496e-24   3.9977222e-03   6.9873074e-04
   8.0505830e-05   1.9944455e-03   4.9116294e-11   1.1912395e-03   6.1370022e-04   3.2583031e-12   1.4706092e-03   5.5474835e-25   5.2132028e-03   1.2127456e-03
   1.7652806e-04   2.1520570e-03   3.6270880e-13   2.0958490e-04   3.6134194e-04   1.4313064e-11   2.2873617e-03   7.2559002e-27   5.1311768e-03   1.3290838e-03
   1.1467885e-04   2.0542069e-03   4.5267625e-16   2.7365755e-05   5.8476822e-04   7.7717320e-11   2.1203295e-03   2.0707167e-23   4.0532671e-03   4.6865384e-04
   1.9484574e-05   1.8597867e-03   3.6741912e-24   9.8132134e-19   1.1062431e-03   3.9505499e-12   2.7033361e-03   6.7407322e-17   4.8825797e-03   1.4847399e-05
   1.4750143e-06   1.6504309e-03   9.8111744e-47   1.7161179e-60   8.6140988e-04   5.6469656e-09   2.2996535e-03   2.4299363e-14   6.3763967e-03   1.1501447e-17
   8.8335620e-09   2.2634059e-03   1.0841351e-37   4.3254488e-29   7.7590478e-04   2.1795154e-05   1.3338751e-03   6.3056222e-17   5.6881973e-03   3.9365442e-08
   6.6585876e-08   2.3397775e-03   1.7405961e-30   4.7716169e-34   1.0527336e-03   1.2487755e-06   1.1676860e-03   1.0615043e-13   4.2658265e-03   5.1181549e-08
   1.3835043e-07   2.3330516e-03   3.1686592e-13   4.6219444e-35   9.6426913e-04   2.5125139e-06   1.0801077e-03   1.7083881e-11   3.9591459e-03   3.3681096e-14
   1.7519053e-07   2.4682798e-03   1.6249284e-10   2.6661131e-24   6.5348512e-04   9.0766531e-07   1.4877344e-03   2.1057051e-19   4.3946778e-03   6.3831282e-25
   3.2884394e-07   2.1641998e-03   4.9401789e-23   1.4177500e-19   9.0322948e-04   4.4467041e-07   1.5520845e-03   2.3193429e-17   3.6617406e-03   4.2411924e-25
   9.5838485e-08   1.9872606e-03   1.8629517e-27   2.8258584e-15   8.0070308e-04   1.0966676e-05   1.8333624e-03   9.6057834e-08   2.9817606e-03   5.1688418e-12
   6.5502845e-07   1.7252044e-03   3.7048953e-25   2.2330000e-04   8.6206650e-04   5.7020067e-06   1.8636963e-03   6.2469490e-13   3.7606869e-03   3.9829020e-07
   5.3639240e-06   1.5948720e-03   9.9386738e-23   2.4863118e-03   8.1963917e-04   7.7110624e-11   1.4500944e-03   1.6429729e-18   3.8259296e-03   2.0001542e-09
   5.4323401e-05   1.3855005e-03   2.5838192e-28   3.2298405e-03   9.1063615e-04   2.5717014e-13   1.0937093e-03   6.7096360e-13   5.5550186e-03   3.2521090e-13
   4.0732845e-06   1.6712166e-03   2.2131835e-26   2.0220419e-03   7.1817034e-04   1.7276741e-06   8.3685912e-04   1.3658614e-09   5.9623148e-03   1.4608155e-19
   3.1246625e-05   1.5091078e-03   3.0654272e-20   1.0521047e-03   9.9397944e-04   3.5571929e-08   8.9633369e-04   5.2304788e-14   6.4528502e-03   5.2832554e-20
   2.7875603e-04   1.6100408e-03   6.4290652e-19   7.5571550e-04   9.6168171e-04   3.8299497e-08   1.1903357e-03   2.6494786e-15   5.1914484e-03   8.6956851e-19
   4.0412430e-04   1.5016301e-03   2.0720698e-24   2.2903743e-04   8.2019938e-04   3.1792561e-07   2.4222638e-03   7.8507891e-08   3.4595470e-03   3.4781250e-14
   6.0078186e-05   1.9147454e-03   2.6543427e-33   2.9900039e-03   7.1836036e-04   7.8299845e-09   2.8323300e-03   1.0411472e-06   3.4406686e-03   4.6832949e-14
   1.0906619e-04   1.7038636e-03   1.1227125e-29   6.5410285e-14   5.8510129e-04   5.4341610e-06   4.1004507e-03   4.0990204e-04   3.3161388e-03   8.5477595e-12
   5.0481635e-05   1.3682011e-03   1.2825418e-27   2.2469977e-03   4.2631992e-04   3.0398408e-08   3.7107618e-03   9.4068958e-09   3.8783705e-03   5.1709077e-13
   2.8060258e-06   1.5348896e-03   9.2511673e-30   1.1976698e-14   4.8303493e-04   9.9542895e-07   2.8426538e-03   1.2035768e-09   3.4575686e-03   5.3313188e-08
   2.5776312e-07   1.3084958e-03   2.4719736e-30   1.9240102e-09   1.1449831e-03   1.3781204e-05   1.7340851e-03   1.6713482e-05   3.6499354e-03   8.8398861e-05
   1.2635533e-06   1.5235442e-03   9.9225462e-20   1.5210858e-06   1.1161999e-03   1.9890834e-05   1.5374035e-03   1.1504045e-04   4.0593221e-03   1.3820366e-04
   5.5676936e-06   1.8766779e-03   1.5537224e-18   1.8864935e-03   9.9140083e-04   1.1546902e-06   5.1081976e-04   1.3969277e-04   5.2161003e-03   3.8766714e-04
   5.4808865e-06   1.6441923e-03   1.9532526e-18   1.3822194e-16   1.3488463e-03   1.7787265e-05   7.7740252e-04   2.0307130e-06   5.9957964e-03   6.1819800e-04
   6.2227987e-08   1.5313524e-03   5.3626330e-23   1.4293748e-17   1.4407845e-03   1.3936894e-04   5.4517650e-04   3.5723567e-04   4.3598972e-03   4.6565706e-04
   1.0807841e-05   1.5979821e-03   3.5602471e-35   4.8476981e-21   1.3026489e-03   1.3732033e-04   7.4466413e-04   7.4213150e-04   3.4979087e-03   3.5555463e-04
   1.9900980e-05   1.9842185e-03   1.0027311e-34   7.5716162e-19   1.0569684e-03   3.0866717e-04   8.0860921e-04   1.9677023e-04   3.5276513e-03   3.7296529e-05
   2.2063891e-06   2.3932133e-03   1.8374615e-19   9.6240263e-10   4.7983848e-04   3.0236877e-04   7.6382939e-04   2.7815551e-08   5.8260946e-03   1.2328234e-09
   8.8472193e-08   2.1446308e-03   8.0344981e-11   8.3329331e-05   8.0685518e-04   1.7112152e-04   5.6244223e-04   2.6627675e-04   4.5993244e-03   8.3029338e-18
   4.9104613e-05   1.9876888e-03   7.3396668e-09   5.2301723e-04   1.1234673e-03   1.1990120e-04   3.9374927e-04   3.3206691e-04   2.4347646e-03   1.1890254e-20
   1.0805500e-04   1.9001168e-03   3.8039502e-10   1.3879847e-03   8.9296675e-04   4.6779027e-06   4.2958214e-04   4.1362333e-07   3.6858975e-03   1.0122187e-22
   1.0225264e-04   1.9843004e-03   4.0387541e-17   2.0460826e-03   8.2146628e-04   1.1485654e-10   2.8548730e-04   1.8416248e-07   3.9773335e-03   1.0398003e-21
   8.9577975e-06   1.5168837e-03   6.8155317e-26   3.1118929e-03   8.3015013e-04   3.0723422e-06   6.0329003e-04   1.8835321e-09   4.0988776e-03   2.3932785e-19
   3.8774652e-04   1.2472421e-03   1.3269781e-29   3.7191993e-03   4.4524207e-04   7.5125700e-05   6.5514798e-04   2.8056826e-04   4.7745769e-03   6.6561096e-19
   7.1165136e-05   1.4094712e-03   4.7641844e-27   3.3476418e-03   5.0654746e-04   1.9507405e-05   1.0070959e-03   2.4057857e-04   3.7846218e-03   4.8090429e-22
   1.6757440e-05   1.0939049e-03   1.8314799e-25   2.5485398e-03   1.0147454e-03   4.8387864e-05   1.1812179e-03   3.5903347e-05   2.7771372e-03   8.8069193e-20
   2.2176896e-05   5.7384367e-04   4.1004932e-25   1.8290944e-03   1.0163248e-03   5.9023636e-05   7.4296910e-04   2.6475293e-04   2.6705631e-03   6.9389484e-17
   2.3007986e-05   6.6382416e-04   1.4472557e-09   1.9215800e-03   7.3259596e-04   1.2693170e-06   7.4980298e-04   6.0830900e-05   4.6106934e-03   3.2919745e-20
   7.8148342e-05   6.6963191e-04   1.0226104e-17   2.1449219e-03   8.4345422e-04   2.2429647e-06   6.1265595e-04   7.8078925e-05   6.0130162e-03   2.6358204e-21
   7.2519561e-07   7.9329510e-04   2.3408364e-14   2.1760450e-03   7.9194707e-04   1.6501410e-06   3.8412862e-04   6.0141591e-04   5.2257013e-03   1.2175606e-23
   7.4878016e-07   1.0495295e-03   2.5677042e-09   2.1102917e-03   5.9394560e-04   1.8636866e-06   5.1736104e-04   2.4125648e-04   5.1130360e-03   4.0315095e-24
   2.9857043e-08   8.8607141e-04   1.2257307e-13   1.3352152e-03   7.3961178e-04   1.2466167e-05   5.2767960e-04   3.5897524e-05   6.1698862e-03   1.1437716e-24
   1.7598045e-09   7.8587527e-04   1.8533292e-06   5.3515518e-04   8.3668675e-04   4.7286859e-10   6.8472036e-04   4.7500574e-08   7.9334857e-03   1.2046411e-30
   1.0294922e-08   1.0700933e-03   6.2845716e-04   1.4647242e-04   6.5895497e-04   1.1623675e-08   7.1881058e-04   1.0623853e-12   6.0812359e-03   3.1002287e-33
   8.6401192e-07   1.2465135e-03   1.4786682e-03   2.5016242e-04   4.8885149e-04   1.2061397e-06   6.3370145e-04   1.7358749e-09   3.8222960e-03   5.8983407e-18
   1.1807689e-06   1.2945123e-03   1.9670252e-03   9.3152685e-05   3.2497224e-04   2.5675594e-06   5.1112198e-04   4.3442390e-05   5.2468043e-03   2.8094943e-16
   1.5937516e-05   1.4672466e-03   1.3394359e-03   1.7755880e-04   3.7156153e-04   7.7131746e-06   3.9441586e-04   1.6918880e-07   5.1790153e-03   8.4269132e-11
   1.5883502e-04   1.3038462e-03   4.6602024e-04   1.8936215e-04   5.0537770e-04   4.2364086e-06   3.4391868e-04   9.7680291e-12   5.2239691e-03   9.3474436e-10
   8.1662312e-05   1.1619656e-03   4.9871800e-24   4.3725045e-08   4.7346902e-04   3.2200397e-04   4.9691865e-04   8.1553346e-17   4.5959276e-03   6.9225741e-05
   5.8409902e-05   9.0926473e-04   5.9198942e-17   5.6410019e-05   3.9894103e-04   4.2165666e-04   5.7526951e-04   2.4322671e-11   3.4418987e-03   3.0721098e-04
   2.2843867e-06   8.4516391e-04   2.6404386e-21   2.5090843e-04   4.5610404e-04   3.1388976e-04   4.4267573e-04   6.1766655e-12   3.3602378e-03   7.2425843e-04
   1.2577364e-05   6.2184556e-04   1.3929527e-14   4.8789630e-04   5.0340100e-04   1.7521658e-04   6.4211624e-04   2.3659415e-12   4.0248988e-03   9.8758011e-04
   7.0248385e-05   4.1082877e-04   3.7604037e-15   6.5222074e-04   3.8291336e-04   2.2595412e-04   5.8826003e-04   5.3830778e-19   3.4183423e-03   8.6992680e-04
   2.6291440e-04   2.5158156e-04   4.2694777e-16   9.7098192e-04   2.8244117e-04   1.4884557e-04   3.5141819e-04   8.0866567e-09   4.2546349e-03   6.7537432e-04
   8.3666352e-05   2.9374820e-04   1.3906218e-14   1.1547791e-03   2.8428787e-04   2.8138908e-04   4.9468607e-04   1.4347605e-09   5.5374944e-03   4.4400298e-04
   2.3126373e-07   6.0910207e-04   8.0191226e-11   1.1148546e-03   1.7155850e-04   1.6911107e-04   3.6238637e-04   5.2470542e-11   4.5977726e-03   2.9620770e-04
   4.7630360e-08   7.4095891e-04   8.1224763e-12   1.0722752e-03   2.4641110e-04   8.7578401e-05   2.0978530e-04   2.8057600e-06   2.5278302e-03   7.6107895e-04
   2.2103492e-06   7.3284758e-04   1.8839948e-04   6.7668744e-04   2.3979451e-04   1.3922396e-04   1.7571696e-04   4.6984305e-07   2.6277565e-03   6.3748083e-04
   3.5077993e-05   5.7296227e-04   3.2200690e-04   6.6135144e-04   1.9436304e-04   6.3002088e-05   2.4510644e-04   1.2550577e-08   3.1725726e-03   5.3853131e-05
   2.3622537e-05   2.6169464e-04   1.7148060e-03   8.1267070e-04   2.4843678e-04   2.7330904e-06   2.8884788e-04   1.8111607e-09   3.8553856e-03   3.3467821e-04
   8.7792791e-06   5.2104544e-04   2.6730661e-03   7.0529785e-04   1.3229063e-04   1.8309121e-06   3.4691615e-04   5.0311878e-05   3.3829996e-03   7.9584944e-05
   1.3574537e-05   5.7447448e-04   2.7770545e-03   7.5745091e-04   1.0675572e-04   2.2588279e-07   2.8556450e-04   1.9394201e-08   4.0322322e-03   1.7686797e-05
   6.8974698e-06   6.0689953e-04   2.3990445e-03   6.2321440e-04   1.5573233e-04   1.0097593e-05   1.8809824e-04   1.8464230e-06   3.0007056e-03   1.3145493e-04
   7.4849241e-08   4.5255782e-04   1.3411334e-03   2.4621584e-04   2.5254104e-04   1.7029381e-08   2.0938954e-04   3.2160530e-09   4.5162884e-03   3.7973229e-05
   1.2735388e-05   5.3520057e-04   1.3937888e-03   1.6918753e-05   3.1276903e-04   2.2553112e-05   3.7117885e-04   3.3510698e-10   3.1328594e-03   3.7528636e-05
   4.4652001e-05   2.8750433e-04   1.5695086e-03   2.7014811e-16   3.6140819e-04   7.8412737e-07   5.4076350e-04   4.3918603e-18   3.7020104e-03   2.2057825e-04
   2.9727433e-07   3.8797195e-04   1.5504917e-03   6.9691579e-30   3.2639832e-04   3.0095037e-08   6.4439856e-04   2.0455507e-12   4.4851430e-03   2.7027484e-04
   3.4596456e-07   4.8152353e-04   2.0844190e-03   2.4598815e-37   2.8025869e-04   4.2276677e-07   4.5726571e-04   1.3034453e-16   4.2430883e-03   2.3821868e-04
   1.2803672e-05   5.4430298e-04   1.5276375e-03   6.2101106e-35   1.3175064e-04   1.3411081e-05   5.1168001e-04   4.8332790e-11   3.9141531e-03   5.1394753e-05
   2.4700061e-06   5.4935665e-04   4.3463748e-04   4.8606359e-14   2.7743666e-04   8.1307318e-06   4.3600848e-04   6.9172205e-15   4.1646350e-03   1.2730105e-05
   3.2323741e-08   3.9199551e-04   9.3739166e-04   4.6874083e-13   3.1178344e-04   3.5355799e-05   3.1087846e-04   1.4277182e-22   5.4150230e-03   5.4281530e-04
   3.5721282e-05   4.7555302e-04   9.7505855e-04   2.4628716e-10   1.6806750e-04   7.0979944e-05   1.8864510e-04   1.7375834e-22   4.8058152e-03   9.9100052e-04
   5.3087674e-06   6.1165169e-04   1.7486876e-06   2.8260075e-12   2.8932294e-04   6.8470385e-08   8.7633176e-05   1.3489630e-20   3.8142568e-03   7.8409134e-04
   4.3217395e-06   4.7480165e-04   3.4312186e-04   4.1151696e-05   2.8130015e-04   3.0236707e-08   1.0418095e-04   2.3301157e-15   4.4079227e-03   1.3182549e-03
   4.8795518e-05   6.8309927e-05   1.3073379e-03   1.0225290e-04   2.2318111e-04   1.9714040e-07   5.5785200e-05   8.7772155e-10   5.1702101e-03   2.4671964e-03
   9.7106443e-08   1.4786592e-04   8.7500719e-04   4.7028466e-04   2.7369444e-04   7.4497726e-10   1.3613992e-04   4.1554210e-17   5.1702594e-03   2.2202799e-03
   5.9644999e-06   5.1008899e-05   7.4525988e-04   5.2301209e-04   3.1912078e-04   5.9643452e-13   1.9253292e-04   4.1420390e-17   4.7279014e-03   2.6197219e-03
   1.9070950e-06   1.5491574e-05   3.4071963e-07   2.8783823e-04   3.2991159e-04   7.4962475e-15   2.2772356e-04   1.1449739e-20   4.7995201e-03   2.0329353e-03
   2.1216268e-08   1.6855137e-04   3.4771130e-04   3.3041195e-05   2.6978022e-04   6.8132328e-14   2.0122677e-04   2.5602753e-20   4.9577916e-03   1.0648167e-03
   5.0256532e-08   2.3398635e-04   7.3003043e-04   1.0700060e-04   2.4524483e-04   1.5488472e-13   1.5003056e-04   1.1834196e-13   3.8883262e-03   5.1926150e-04
   5.5805474e-14   2.0242788e-04   3.0735898e-04   1.0642103e-08   2.2850757e-04   1.0001592e-13   1.6270106e-04   8.5181025e-10   5.3948712e-03   7.7082210e-05
   7.2260003e-11   3.4108475e-04   2.3001382e-05   4.3924731e-05   1.6800377e-04   8.4292699e-12   2.0710570e-04   3.4775389e-11   5.7391523e-03   1.9416955e-08
   4.2389175e-11   2.5677361e-04   8.2268490e-05   1.2869823e-07   2.3142768e-04   6.0867795e-11   3.0287246e-04   1.9919735e-09   4.9502488e-03   4.0869996e-05
   3.5860872e-13   2.2425296e-04   3.0196282e-11   1.7640311e-09   3.3252257e-04   4.4372020e-11   3.5059439e-04   6.1382251e-10   4.5860420e-03   2.7038542e-08
   1.2257210e-10   2.2616608e-04   1.7910851e-07   1.4668420e-04   3.9777145e-04   8.3214164e-09   2.1065038e-04   2.1597469e-21   4.4031028e-03   4.5891002e-13
   1.6667270e-06   1.6000306e-04   3.1276422e-04   1.1112212e-11   3.1369093e-04   4.2700065e-05   2.2002753e-04   7.9980465e-14   3.9946211e-03   4.7673620e-08
   8.2804767e-07   7.4612576e-05   4.1223939e-04   7.7052864e-16   2.8733073e-04   2.3722402e-04   2.4896889e-04   1.0299046e-10   3.0978662e-03   2.0246667e-05
   6.0771342e-10   2.4281637e-07   3.9456235e-12   8.1792076e-34   3.6486271e-04   4.9043342e-07   1.8569078e-04   1.1758052e-08   5.3121679e-03   2.5014134e-09
   4.0618015e-13   4.0296597e-11   1.4587028e-13   2.6604251e-22   3.9117622e-04   1.1794750e-10   1.3028140e-04   3.8652575e-11   5.8666266e-03   4.2062463e-16
   3.5271515e-15   2.8536001e-16   1.0095287e-12   3.4690431e-27   3.3705475e-04   1.6116556e-08   1.4172498e-04   2.0817017e-11   6.0319101e-03   1.0578829e-26
   7.7968934e-10   8.1414666e-11   3.4899364e-04   4.6633929e-11   3.1820993e-04   4.9351352e-08   8.7127627e-05   8.6995493e-12   5.7949282e-03   6.4871369e-18
   6.5615289e-11   9.7687132e-06   5.5313185e-04   2.2269624e-05   3.0091893e-04   2.1199596e-05   8.1480962e-05   4.3878139e-16   5.0755072e-03   1.4365410e-18
   7.8143856e-10   3.2959129e-04   6.3604288e-06   7.4597108e-06   2.3880921e-04   6.1350347e-05   9.0273302e-05   2.3904435e-10   4.3949448e-03   3.1145028e-20
   4.4041869e-09   2.8988893e-04   2.9602787e-06   4.9233245e-06   2.1337165e-04   1.1162208e-04   1.2084746e-04   3.0303358e-10   3.5683631e-03   1.3245713e-09
   1.8455709e-07   1.5446161e-04   4.6407025e-06   1.3146129e-04   1.7984700e-04   4.0793414e-05   8.7609343e-05   3.4652986e-13   4.1968478e-03   5.2824820e-13
   5.7799404e-05   4.5307937e-05   8.1286889e-12   8.8864636e-05   6.6104353e-05   6.9619491e-05   1.0301815e-04   3.3721453e-12   5.1106252e-03   2.2336486e-14
   3.5002920e-05   1.1892328e-04   2.3908243e-16   1.8035000e-04   1.1258988e-04   2.5499123e-05   8.8759509e-05   3.4323267e-09   3.7694766e-03   2.2997319e-08
   5.9696325e-06   1.2998148e-04   6.2125318e-21   2.4916286e-04   1.6212325e-04   2.9646042e-10   8.2506207e-05   7.0540931e-12   4.3317813e-03   1.2520423e-07
   8.1036167e-07   6.0372190e-10   6.9950991e-21   2.0567395e-04   1.2872729e-04   8.6345801e-10   1.1869977e-04   1.4739827e-23   5.5067543e-03   2.7859970e-10
   4.0580874e-06   2.5673691e-14   2.8268174e-22   6.0633789e-11   8.5499384e-05   1.1431741e-12   1.8929451e-04   4.3300452e-16   6.0702664e-03   2.7046999e-10
   8.7832644e-06   1.0470342e-04   3.1807131e-18   5.3798339e-17   7.4845735e-05   6.7499071e-08   1.4678372e-04   1.2029686e-14   4.6916647e-03   1.4049512e-05
   3.4288967e-06   5.6338022e-06   5.3203809e-15   1.9011015e-10   1.4695451e-04   5.0387133e-06   1.2862711e-04   1.4416205e-13   4.1126769e-03   2.4373848e-04
   1.1942577e-09   6.0991897e-12   1.0323235e-24   5.0473922e-17   1.6885528e-04   2.3044880e-07   9.2466898e-05   2.6183521e-15   5.1411114e-03   1.2030303e-04
   8.8096067e-11   8.8935465e-13   1.3486813e-17   1.6839285e-13   1.5737895e-04   4.0634835e-05   8.9550486e-05   8.0244982e-08   4.2181843e-03   1.0694693e-04
   3.5993763e-07   8.0313452e-13   4.9324596e-28   2.9546963e-11   1.5948570e-04   7.1841344e-05   1.0003822e-04   5.4384348e-11   4.3166489e-03   3.3245326e-05
   3.3748740e-05   2.2873583e-05   4.8536627e-12   1.3854329e-04   1.0752945e-04   4.8196649e-05   5.5880138e-05   5.0246763e-12   4.8006930e-03   6.9770115e-09
   3.5438654e-09   4.3939765e-10   1.0100628e-04   9.4111618e-05   1.5709603e-04   8.8229698e-06   1.2300693e-05   1.5038581e-15   5.4826073e-03   2.0343980e-21
   8.0268075e-12   6.5132884e-14   1.7249136e-04   6.0465162e-05   1.9727958e-04   3.7507401e-06   7.8234841e-07   3.1936237e-11   4.9637197e-03   7.7072138e-27
   9.6625671e-08   6.2948190e-09   4.5574529e-09   8.1550810e-05   1.5945067e-04   8.0965851e-05   6.2019803e-07   1.6594968e-10   4.0756782e-03   6.8684365e-22
   4.2351764e-05   3.5110654e-05   2.2016253e-16   4.4659397e-05   1.5702356e-04   1.0533656e-04   1.3364315e-05   4.3103142e-18   2.6994052e-03   4.8819660e-16
   3.6600097e-05   6.8263920e-11   2.1316039e-29   1.5774377e-30   1.2710888e-04   4.6678700e-06   3.4071209e-05   2.4546243e-15   4.1907781e-03   3.3728136e-17
   8.6263783e-05   4.7960847e-07   2.5596778e-18   1.8334786e-21   1.1750607e-04   4.6165840e-05   3.1138838e-05   3.6762314e-10   3.6804120e-03   3.6678123e-12
   1.1185306e-05   7.1870908e-06   1.9736975e-18   4.8608186e-23   1.2635503e-04   1.3547281e-04   4.5042802e-05   3.4907983e-15   3.5914870e-03   4.9674462e-05
   1.5855705e-06   3.2344163e-05   3.4841070e-16   1.7109784e-30   9.8878998e-05   1.9456786e-04   4.2111903e-05   1.0722934e-09   3.7095490e-03   8.5566766e-05
   1.2176982e-06   5.5841959e-05   5.1880367e-16   1.3842365e-19   6.6107935e-05   7.7349856e-05   3.0656252e-05   2.0166345e-11   4.3295994e-03   7.4605852e-09
   1.2127950e-07   1.2971267e-14   2.1010133e-28   4.4661741e-29   8.6038909e-05   3.8241742e-05   3.4721855e-05   5.0830898e-18   4.5431925e-03   1.3041408e-13
   3.3053988e-10   2.6155037e-17   3.0327099e-35   2.4572108e-30   7.9571544e-05   1.0861893e-04   3.3072653e-05   2.6659190e-16   5.2172998e-03   1.6290382e-14
   4.2289084e-06   1.1272653e-16   3.7547295e-26   4.7491085e-28   1.1197799e-04   5.6817788e-05   1.7159527e-05   3.7249118e-12   5.2126973e-03   9.3308726e-10
   3.2386943e-05   3.2426563e-14   1.5674724e-17   6.5331145e-20   1.1398507e-04   3.0960190e-05   1.5395660e-05   9.9803682e-11   4.5339361e-03   1.3759832e-08
   6.7023176e-06   9.1309156e-09   4.0482573e-20   2.7449537e-18   1.2152485e-04   3.0799131e-05   4.2428867e-05   5.9653276e-07   4.0297119e-03   3.7271239e-06
   1.7419960e-05   6.6080222e-05   1.0098218e-17   3.5085374e-14   1.0922530e-04   1.6050803e-04   3.8484083e-05   7.8200394e-10   3.4323355e-03   4.7826063e-05
   4.9461694e-06   6.4595779e-05   2.1788629e-09   3.4227996e-22   1.0383685e-04   4.8670930e-05   2.4520755e-05   8.5128906e-10   4.8942847e-03   1.3677460e-06
   3.0547837e-05   2.7194736e-05   2.9709339e-10   3.7931947e-25   9.5366195e-05   7.3555244e-07   1.3305782e-05   8.3724541e-07   5.6194181e-03   9.2913090e-13
   3.9123934e-07   9.2831573e-09   5.9450472e-21   4.1022038e-30   1.0339077e-04   9.5032359e-06   1.2968445e-05   1.6292624e-06   5.3918310e-03   4.6789378e-10
   7.3828550e-06   1.7324355e-07   1.8265284e-27   8.8864161e-33   8.3143883e-05   2.7708668e-05   8.1941821e-06   3.3385716e-09   5.6317326e-03   4.5591393e-06
   1.3065496e-05   5.7989129e-05   2.7068794e-29   1.7371233e-29   9.1106367e-05   5.0352919e-05   9.8440852e-06   3.4397759e-08   4.5080575e-03   9.3364937e-05
   3.1104586e-06   7.6850520e-05   5.7197215e-28   2.5877421e-26   9.4252196e-05   5.1939043e-05   5.1637137e-06   6.1935128e-10   3.7796490e-03   1.4046513e-04
   3.1374949e-06   5.1710744e-05   7.6126349e-30   3.8016259e-31   1.0267114e-04   7.9876012e-05   1.4893922e-05   4.1639779e-06   4.2330421e-03   9.3431427e-05
   3.7032145e-09   7.5973066e-11   2.9253804e-35   1.8907278e-34   1.0359863e-04   4.3466501e-06   2.2762997e-05   1.1423408e-05   4.5094435e-03   3.2430181e-04
   5.4285085e-05   4.2334181e-05   8.0428573e-23   1.9419424e-25   3.2303825e-05   5.6462600e-05   3.0895016e-05   6.4768255e-05   3.2663396e-03   2.3286518e-04
   8.2650124e-05   3.7575275e-06   1.8635098e-19   1.1802147e-29   3.5432670e-05   7.0749471e-05   3.4639964e-05   1.6342197e-05   3.3330697e-03   1.4651425e-04
   8.0352553e-05   3.0842925e-11   7.6479351e-28   2.6085547e-35   3.7811079e-05   5.7123661e-05   2.9216434e-05   1.2666985e-04   3.2793226e-03   4.8369056e-05
   3.1066634e-05   1.5496089e-13   2.5965503e-34   6.5242153e-48   5.3941490e-05   3.3548305e-05   2.0159467e-05   5.3502503e-05   4.3164464e-03   5.6041997e-11
   5.9813073e-05   1.2728339e-10   2.6752069e-27   2.2710817e-45   1.7518448e-05   7.6287019e-05   1.1437900e-05   4.3113122e-05   4.1391752e-03   3.3705869e-15
   9.7918490e-05   7.7019305e-15   1.4948289e-38   2.8493041e-33   5.3064544e-05   1.1037197e-04   2.8752935e-05   1.9376014e-05   2.8261553e-03   1.6317018e-14
   1.1747939e-04   6.6461197e-17   6.6426443e-33   2.6410458e-29   3.1440762e-05   1.1903083e-04   2.9897964e-05   3.4872390e-05   3.6378955e-03   5.2715813e-18
   2.8564284e-05   3.2422172e-17   1.7375857e-26   7.3408387e-39   4.0842694e-05   1.4168180e-04   3.0860102e-05   4.7062413e-05   4.0434116e-03   4.6549457e-10
   3.0018882e-05   3.7280625e-08   6.3402531e-11   2.7536377e-31   3.3878631e-05   1.9091479e-04   1.9228748e-05   3.0421229e-05   3.7463638e-03   4.2327273e-07
   1.2657150e-04   1.2267755e-06   8.4607767e-07   2.4338766e-17   4.4479212e-05   2.2165833e-04   2.2240355e-05   3.5899353e-12   2.6184962e-03   2.9708368e-05
   1.4787302e-04   1.8824202e-05   1.6596906e-06   1.2738745e-39   4.8062769e-05   1.2625246e-04   1.0449679e-06   3.4821595e-11   3.5903550e-03   1.1986680e-14
   1.1311254e-04   3.0024501e-05   1.5564784e-16   4.4202154e-28   4.1109656e-05   1.1776262e-04   6.7609084e-06   3.5126639e-08   3.4745657e-03   2.8100669e-12
   3.8034795e-05   1.3961740e-05   6.4199495e-29   4.8038248e-34   4.3348222e-05   8.8364100e-05   6.4217296e-06   3.7324212e-05   3.5229121e-03   9.2445659e-13
   5.7094330e-05   5.3316524e-05   6.1396697e-23   3.0383010e-29   2.6930864e-05   7.5888252e-05   3.4976846e-06   1.0527836e-05   3.6164550e-03   6.7763561e-12
   8.2962716e-05   3.5311722e-05   1.5159313e-19   1.0383975e-26   5.2568939e-05   3.7303045e-05   1.0429936e-05   7.1248227e-11   3.9148585e-03   1.3437603e-06
   1.0835490e-04   3.2643101e-05   8.9931779e-17   4.1763014e-33   2.6077754e-05   4.1091958e-05   2.3471344e-07   5.8210280e-10   4.5529666e-03   2.1543192e-09
   1.3811073e-04   2.7106764e-06   3.7406558e-17   1.0595318e-38   3.2749697e-05   9.9525733e-05   1.3929638e-05   1.3174016e-18   3.5282537e-03   2.1834177e-05
   1.5773348e-04   1.6847694e-06   3.0555724e-24   6.0546626e-30   4.4793018e-05   6.1462403e-05   2.0733815e-05   8.3416468e-15   2.8295235e-03   3.2797010e-06
   7.5425525e-05   1.1359498e-04   1.6349213e-21   5.6307377e-34   7.8497898e-10   3.5996069e-05   3.0802981e-05   3.0136686e-05   2.8493223e-03   6.7181486e-05
   7.8324706e-05   6.3786209e-05   5.7932702e-18   1.2058265e-29   2.2686251e-05   1.2718093e-06   2.6443649e-05   1.3185662e-04   2.2841103e-03   1.2880653e-04
   9.1298787e-05   2.7912052e-05   3.9463731e-16   1.0785162e-32   3.3172028e-05   1.1377684e-05   2.6300249e-05   1.0316595e-04   2.5848344e-03   1.1346803e-04
   1.4242817e-04   2.1885326e-05   3.0458731e-16   3.0601298e-36   2.9426203e-05   2.3347222e-05   1.4989301e-05   5.9917923e-05   2.9741736e-03   8.9576984e-05
   1.6693674e-04   5.0032326e-05   2.0145814e-13   3.4099632e-25   2.7591491e-05   5.4662199e-06   1.4359988e-05   2.9192362e-05   2.9367438e-03   2.0879643e-04
   1.4909838e-04   6.9518692e-05   4.9999035e-07   5.5046569e-24   1.9380726e-05   5.9416911e-06   3.2397467e-05   1.2593097e-04   2.5472898e-03   1.7039049e-04
   1.0423566e-04   4.7078068e-05   4.1908547e-05   1.4088736e-14   2.3999693e-05   4.8062983e-05   1.3090336e-05   1.2958564e-04   2.1345349e-03   1.4230865e-04
   9.6138133e-05   1.3742394e-04   9.3785803e-09   7.6214705e-12   5.6221331e-06   9.8704531e-05   1.6004019e-05   2.6898421e-05   1.6939571e-03   1.4462153e-04
   1.3886054e-04   5.8899322e-05   1.3323766e-07   2.7577133e-19   8.1053276e-06   9.0941874e-05   9.8167081e-07   2.7614859e-05   2.3066741e-03   1.5259993e-04
   1.7070164e-04   1.8064500e-07   5.3729627e-22   2.5479682e-35   2.2214532e-05   5.7123367e-05   4.3478181e-14   4.0626250e-05   2.8148135e-03   7.1960732e-05
   2.0340828e-04   7.0346131e-06   1.9086399e-29   4.0205538e-15   1.9792648e-05   1.5975574e-04   9.0934795e-13   3.5085538e-05   2.1240362e-03   2.4203668e-10
   1.7541204e-04   8.0952800e-06   1.1471531e-30   1.9753897e-37   2.3514340e-05   1.2202841e-04   2.6331549e-13   5.0649916e-05   2.5541306e-03   9.3877371e-16
   1.3459724e-04   7.9075085e-05   6.8947868e-16   3.4688893e-20   2.0903959e-05   4.9299619e-05   1.4071612e-05   4.5631158e-05   2.4020538e-03   4.0639309e-10
   1.2751448e-04   1.1228621e-04   1.3834895e-15   9.2738033e-08   2.8123626e-05   5.1192196e-05   1.1387922e-05   4.5688245e-05   1.7225982e-03   7.8283543e-09
   1.0248798e-04   4.8517307e-05   1.1075115e-11   6.9371165e-22   3.4872046e-05   8.9468252e-05   1.6698235e-05   4.1657572e-06   1.8373972e-03   5.2744756e-09
   5.1774716e-05   9.4938655e-05   9.4782210e-09   7.3086663e-21   2.8866296e-05   3.5884046e-05   2.7691972e-05   2.0388051e-05   2.0565808e-03   4.9186274e-06
   1.8038981e-05   1.2736980e-04   9.8947318e-07   2.6706311e-25   1.7550850e-05   4.8069746e-05   4.4981508e-05   1.0235752e-05   1.9946842e-03   6.2930176e-05
   4.3241546e-05   1.1780407e-04   8.6594678e-10   5.7090631e-28   2.0322797e-15   6.2145090e-05   7.1029271e-05   2.0909233e-09   1.4521671e-03   1.2591734e-04
   2.9814269e-05   9.0868154e-05   4.1156358e-28   3.7556052e-28   3.9924314e-10   3.5043053e-05   9.0452402e-05   1.3095373e-05   2.1781822e-03   1.3536338e-07
   1.5992484e-05   7.6007170e-05   2.3310163e-20   4.1245350e-31   1.2892042e-15   7.8222489e-06   7.3174305e-05   3.5606958e-05   2.5710065e-03   5.7531086e-09
   5.0478997e-05   1.1880555e-04   4.6221521e-06   2.9314697e-23   6.3255695e-11   4.6158561e-05   4.5327180e-05   1.4268827e-06   2.0453275e-03   3.4979854e-05
   8.7984128e-05   1.2399780e-04   1.2247687e-04   1.2698634e-10   4.2442998e-11   4.8121645e-05   3.3254554e-05   7.3883565e-10   1.7114806e-03   4.2237177e-06
   1.7562630e-04   7.3032622e-05   2.1401711e-04   4.3711764e-08   8.7736692e-08   8.5755938e-06   5.2990847e-05   4.4136336e-05   1.7644666e-03   7.1933614e-16
   1.9756985e-04   4.6626656e-06   2.6376417e-04   3.3879931e-07   2.6631634e-13   5.4566043e-05   4.0536993e-05   8.8397821e-12   1.8440277e-03   2.7617295e-17
   1.6875692e-04   8.5042071e-05   1.2039103e-04   1.0662448e-05   6.7696186e-20   1.2713537e-06   2.4000082e-05   1.7877418e-19   2.0269912e-03   4.2235008e-13
   1.1104217e-04   1.0955723e-04   4.8643094e-14   2.4361728e-09   1.2829807e-19   1.0804622e-05   2.1622342e-05   1.0762066e-08   2.1343910e-03   1.3571247e-09
   1.0868386e-04   1.3435692e-04   6.4383449e-19   1.3750407e-13   1.4561054e-16   2.0769926e-05   3.6548507e-05   9.2134054e-10   1.7696574e-03   1.8987749e-05
   1.2230105e-04   1.3800292e-04   4.5818675e-20   1.4521733e-18   1.2062995e-13   1.9030520e-05   3.0203714e-05   3.0484174e-11   1.7594550e-03   2.5558834e-08
   7.1465472e-05   1.2114886e-04   8.4073071e-11   4.0478107e-15   2.7478199e-13   2.7728963e-05   3.0681192e-05   5.0506154e-11   1.4901148e-03   1.2442528e-06
   5.0122300e-05   1.0855577e-04   5.5944595e-08   3.8138818e-29   8.0568043e-16   1.2214200e-05   3.1271816e-05   2.0614284e-13   1.4847895e-03   3.2219614e-05
   4.7118218e-05   1.2564509e-04   5.0916175e-11   1.1844743e-28   4.3774100e-09   1.3093510e-05   4.5334842e-05   9.3010162e-15   1.4608172e-03   3.5073248e-05
   4.2981393e-05   1.2115560e-04   5.3435107e-07   1.3557983e-20   2.8261233e-09   1.0470997e-05   4.4383409e-05   1.8229502e-06   1.3361831e-03   4.8272711e-05
   1.3792504e-05   1.0236289e-04   9.6439122e-08   2.5587195e-16   9.7853919e-07   5.8309049e-05   4.3942638e-05   7.6821586e-10   9.9902256e-04   6.8809627e-05
   1.8587528e-05   8.9657503e-05   1.4344328e-18   3.7521427e-33   1.1940345e-09   4.6732998e-05   4.9788016e-05   4.4737942e-06   1.0315878e-03   1.0138592e-04
   3.2052809e-05   1.3415119e-04   6.9220133e-20   4.4535693e-24   1.0656920e-08   3.0218729e-05   6.7367956e-05   8.3778758e-14   9.6061428e-04   1.5283204e-04
   4.1737131e-05   9.9183387e-05   1.7317255e-16   5.7146591e-23   3.4749260e-13   7.7411990e-06   7.1677094e-05   3.2979274e-17   1.5593653e-03   3.6141137e-05
   3.6302086e-05   8.4534398e-05   1.4428625e-12   2.8739195e-20   8.4949036e-17   7.7499545e-06   5.1873672e-05   1.2804994e-15   1.6764847e-03   7.9713704e-11
   2.1600645e-05   1.1687425e-04   1.1718652e-04   1.5305950e-11   1.5179768e-10   2.0983328e-06   4.3028722e-05   1.5623152e-12   1.3456336e-03   4.9934590e-16
   4.3034518e-05   1.1522189e-04   2.2235507e-04   6.9091660e-09   3.6284696e-09   7.6662140e-06   4.5691630e-05   2.8922804e-12   1.1750792e-03   9.2797382e-21
   4.6410390e-05   9.0343039e-05   2.5963900e-04   1.6826913e-12   8.9547304e-09   3.5316770e-07   4.7711319e-05   6.9022015e-15   1.1921275e-03   1.0205514e-22
   7.6206559e-05   8.0569712e-05   1.3317946e-04   3.5136985e-06   9.5341459e-11   6.1798513e-06   2.5331865e-05   5.2672814e-10   9.7780161e-04   1.5861344e-11
   9.2328035e-05   6.8420380e-05   8.0635221e-06   3.1677644e-06   9.8583313e-06   8.3513047e-06   1.0750729e-05   6.5693273e-07   9.8872479e-04   1.4512619e-06
   6.0923605e-05   6.8610532e-05   2.6961509e-07   2.0504684e-18   8.8885763e-06   1.2631551e-05   6.2363548e-06   1.7953473e-05   9.1047037e-04   2.0120236e-05
   4.5156353e-05   8.2341618e-05   1.9832971e-05   3.8619966e-13   4.5377731e-11   2.6227744e-05   1.5716951e-05   1.6463948e-08   7.2302912e-04   5.0419389e-07
   3.1221474e-05   7.0870041e-05   7.6266334e-05   6.0041024e-06   1.4920930e-15   1.8282884e-05   1.2976124e-05   3.2117949e-06   7.6292344e-04   1.7638731e-05
   3.5875216e-05   5.4383298e-05   2.0880688e-05   1.4152226e-17   1.6119853e-09   1.2618213e-05   1.8000216e-05   1.3799759e-05   1.0246529e-03   3.8846664e-05
   3.8170808e-05   5.9481310e-05   2.3983440e-19   4.2790252e-21   1.2895909e-15   1.8664309e-05   1.5477829e-05   9.1919133e-07   1.0365628e-03   5.9308164e-05
   2.7171009e-05   7.8640641e-05   1.0822897e-21   1.3686488e-17   8.1098377e-09   3.1726466e-05   1.2428331e-05   4.2522646e-07   6.7109165e-04   9.3716124e-05
   2.0827483e-05   7.2247795e-05   2.8034521e-20   1.1083312e-21   4.1013196e-12   1.6454955e-05   2.6407724e-05   3.4167501e-11   7.8921739e-04   5.8150332e-05
   3.2334491e-06   8.1848821e-05   1.6717536e-08   1.4689977e-06   6.8408720e-16   1.6766116e-07   3.0051012e-05   4.0798818e-14   9.3489536e-04   1.2573779e-08
   1.6127758e-05   7.8556068e-05   8.6489756e-10   1.6861884e-12   3.8274982e-13   7.0391010e-06   3.8777485e-05   2.2789208e-12   9.0208477e-04   1.3885740e-15
   1.2295227e-05   1.0401577e-04   6.2842707e-10   2.1147619e-18   1.7178899e-11   1.0205336e-05   3.4788788e-05   7.5946168e-16   7.0830962e-04   2.1028587e-06
   7.7050433e-07   1.1930586e-04   8.1333734e-10   1.9186823e-11   3.6775333e-06   1.9223987e-05   2.5936745e-05   2.3542141e-16   7.1416917e-04   8.3120143e-06
   3.0520002e-07   1.3421194e-04   5.0144123e-06   1.7613197e-07   7.9915573e-08   2.6829221e-05   1.8948844e-05   3.5138866e-13   5.5450786e-04   1.2338121e-09
