3.70981e-182  1.46905e-171  8.48621e-167  7.95178e-171  3.39227e-169  2.24394e-176  8.12812e-180  8.12391e-180  8.56153e-180  1  
4.62866e-177  5.53292e-174  5.24631e-176  1  1.20592e-173  6.3568e-172  1.35658e-172  5.06858e-175  1.58092e-175  1.90356e-168  
1.43395e-170  4.62068e-174  1  5.71235e-176  2.21776e-165  3.08745e-169  3.54299e-180  1.6135e-167  2.12397e-179  1.42061e-164  
1  1.5176e-172  3.66699e-177  1.67833e-171  5.24889e-156  3.86594e-170  8.89359e-171  1.01778e-151  1.29494e-171  1.60409e-170  
4.62233e-177  1.80419e-184  1  5.08305e-177  8.3514e-174  3.08061e-172  2.78021e-167  3.05159e-174  6.99937e-177  2.58779e-169  
2.10799e-165  1.71069e-170  1  6.8784e-167  1.43096e-169  9.73295e-174  8.2239e-170  5.82576e-170  8.58319e-177  2.89585e-168  
1.73192e-177  1.56741e-171  1.22744e-156  4.75635e-174  2.37714e-179  2.07042e-172  1  1.49493e-170  3.08468e-173  1.65514e-174  
7.48443e-176  1.00871e-170  1.48941e-172  1  4.6452e-170  1.03417e-170  1.88273e-171  2.6331e-168  2.82856e-169  1.26667e-181  
4.29704e-175  7.9079e-174  1  5.04195e-175  1.34772e-178  3.50998e-178  5.57297e-168  5.33262e-176  3.03361e-184  5.59801e-175  
1  1.49883e-183  4.14765e-175  2.34869e-162  1.70462e-174  4.32122e-167  3.64182e-182  1.86837e-172  4.22879e-175  5.90836e-169  
1  2.99496e-180  1.78153e-179  1.39439e-171  1.6741e-173  1.63718e-176  8.16229e-170  2.04528e-173  4.18557e-164  9.98561e-174  
5.23139e-173  1  3.66192e-179  8.81903e-178  7.58709e-173  1.34202e-175  7.67955e-174  3.2623e-166  6.68172e-171  2.29052e-181  
1.1933e-181  5.97761e-180  4.58181e-174  6.0294e-167  1.84894e-174  5.91082e-169  1.3326e-173  2.45694e-174  1  3.29808e-172  
4.16308e-172  2.68419e-162  1.39669e-173  1  1.05195e-168  6.94532e-170  1.54489e-164  8.24146e-172  1.42668e-173  1.88956e-180  
1.30727e-178  6.50145e-172  1.17366e-168  2.74729e-179  4.39246e-164  2.10519e-169  2.9816e-177  1.09911e-176  3.29072e-184  1  
2.25355e-171  1  4.19685e-180  1.14432e-178  1.86612e-172  3.64903e-164  5.53114e-176  6.07238e-178  5.04889e-174  9.28028e-176  
6.01199e-177  2.61298e-170  5.48134e-177  1  1.146e-171  2.07687e-173  4.51889e-165  2.49736e-177  1.24375e-177  2.25437e-158  
1.38772e-173  2.29624e-164  9.27927e-167  1.88443e-173  4.30748e-167  2.18494e-159  6.9617e-174  1  9.02808e-177  2.46851e-169  
2.45298e-174  1.64214e-167  1.70167e-173  6.74897e-171  1.24206e-179  1  4.41464e-179  8.19802e-181  5.48115e-172  3.98286e-180  
2.21918e-181  2.15633e-174  8.04169e-168  1  3.74919e-179  3.46374e-177  4.48738e-176  2.53025e-177  3.29649e-178  1.34359e-175  
1.11357e-174  4.04841e-155  5.36016e-162  2.26609e-178  5.07557e-176  3.99952e-175  4.83478e-164  1.8356e-178  1  9.3929e-176  
5.59291e-167  4.69967e-163  1  8.81968e-182  4.06704e-172  2.26625e-175  4.63031e-170  4.48777e-171  7.78814e-176  5.44356e-177  
1.99646e-171  2.03896e-164  1  1.02033e-173  1.68247e-164  7.46457e-172  4.12987e-165  2.15439e-182  8.12862e-170  2.05662e-170  
1  3.60621e-173  5.07766e-180  3.81904e-170  4.83814e-164  1.60297e-176  7.49373e-157  1.25595e-175  3.013e-169  2.95463e-166  
8.20062e-178  3.74908e-180  4.2186e-170  2.01737e-172  1  9.31335e-175  1.73724e-164  2.34738e-177  9.24593e-173  6.50224e-177  
1.56893e-175  5.53184e-171  5.96657e-182  1.26206e-179  2.74224e-179  1  6.96956e-181  6.49801e-168  1.07834e-169  1.8467e-176  
3.14407e-166  1.25638e-164  3.67335e-175  2.83121e-172  2.55821e-171  1.30902e-170  2.23459e-172  1  9.0892e-175  2.05652e-168  
1.96174e-171  2.60763e-168  1  8.74217e-172  1.7014e-176  1.79322e-164  3.38628e-176  4.10612e-176  2.70516e-167  8.58631e-179  
8.81849e-183  2.13723e-171  4.221e-170  4.30104e-174  4.79886e-168  3.49575e-178  8.98112e-163  2.37581e-173  6.71553e-170  1  
2.2105e-171  3.69014e-174  1.44158e-166  1.79211e-177  4.1424e-165  6.1341e-168  1.62694e-179  1.65464e-173  4.45395e-175  1  
3.76686e-173  3.28698e-159  3.06046e-180  2.04543e-171  4.77518e-175  6.98559e-172  4.76112e-179  1  1.50761e-175  1.86768e-169  
1.05083e-177  2.98042e-172  1.64052e-177  9.27137e-176  4.07895e-168  6.23524e-172  3.62773e-173  9.0035e-175  1  1.05381e-170  
5.05015e-168  3.00816e-170  2.02067e-174  7.66728e-173  1  2.35725e-170  4.21088e-163  8.29642e-174  7.11962e-175  5.36028e-174  
1  1.22737e-172  2.01275e-159  5.76992e-170  2.14551e-174  1.8402e-178  1.39151e-147  5.58472e-181  1.87158e-177  3.4874e-170  
2.59834e-178  4.05682e-174  1.55273e-166  2.70627e-176  3.57211e-182  4.29315e-176  2.37277e-183  1.03314e-171  2.46816e-175  1  
2.96863e-178  3.07352e-172  2.78116e-165  5.06637e-156  8.60567e-180  2.56235e-167  4.83621e-166  1.28919e-169  1  2.97924e-167  
2.14273e-162  1.87157e-172  1  5.68053e-161  2.07871e-174  6.17089e-168  1.58802e-173  9.91537e-181  1.00209e-173  3.56322e-178  
1.17168e-170  1.523e-174  9.06243e-178  3.50789e-172  6.05083e-177  4.95713e-172  2.57157e-175  1.89458e-167  1  2.73331e-169  
6.5579e-176  5.60253e-184  3.09951e-185  2.1681e-175  3.09289e-170  8.6754e-174  1.09203e-172  1  3.76562e-167  2.87319e-176  
1.60367e-166  4.80095e-177  1  1.27002e-165  4.6711e-177  1.3535e-170  2.74919e-165  1.90112e-174  4.55696e-179  1.12949e-161  
3.23029e-178  1.4401e-172  2.86048e-175  3.45681e-171  1.93372e-175  8.90369e-174  3.85575e-171  1  1.14066e-175  1.32649e-170  
2.34008e-177  1.94394e-168  8.46719e-182  5.74664e-185  5.38285e-170  2.21458e-181  5.40979e-172  1  6.39873e-179  7.94203e-167  
4.58782e-176  2.54172e-173  1  3.83032e-171  7.47546e-168  5.71114e-172  7.50458e-176  4.06784e-164  6.64031e-175  5.50225e-172  
8.59443e-174  7.38368e-186  1.61223e-172  1.16398e-174  1.90658e-173  3.31129e-170  1  1.13344e-168  6.48885e-167  7.97282e-174  
3.868e-169  2.06363e-166  1.02931e-171  2.11358e-177  1  2.90171e-174  2.30015e-181  3.53849e-170  3.06612e-174  1.15588e-177  
6.65421e-172  4.78539e-180  4.17004e-176  1  6.46013e-166  8.83781e-169  2.9628e-172  3.28387e-173  1.20771e-166  1.2922e-176  
2.08457e-169  2.07468e-181  9.92719e-168  1.83459e-166  3.25571e-179  1  1.06341e-170  4.5711e-177  7.80811e-179  1.87889e-168  
1.39715e-170  3.68015e-175  2.46295e-180  3.02234e-173  6.38857e-167  1.6796e-169  1  4.99952e-175  8.86356e-177  9.47441e-175  
8.06957e-170  4.99928e-176  4.22164e-177  1  4.13191e-176  8.49471e-167  1.6448e-169  1.4664e-172  6.64707e-176  5.43408e-170  
2.36097e-175  9.87703e-175  7.76062e-174  1.29508e-161  3.80508e-170  1.4833e-174  1  8.61421e-172  2.48663e-174  3.2414e-161  
5.51014e-174  1.20804e-171  1.22817e-182  1  8.56287e-180  3.58271e-173  1.39771e-177  1.2208e-169  6.00154e-154  6.74723e-183  
1.05697e-174  7.82496e-168  7.45525e-178  1.2858e-182  7.38592e-172  4.9772e-165  1  1.80479e-172  6.45984e-174  4.99297e-169  
5.0946e-174  9.23554e-176  8.45194e-171  3.68486e-169  1.65857e-170  4.28578e-179  1.595e-170  2.32721e-165  1  5.74894e-162  
1.5262e-179  1.54251e-161  1.04853e-172  9.36481e-166  4.02001e-178  9.52826e-159  4.66281e-178  1.48457e-170  1  9.79061e-171  
1.05295e-175  1.21191e-168  1.12254e-166  1.78787e-175  9.39831e-170  9.78834e-176  2.07706e-168  1.4351e-175  1.12996e-166  1  
3.31025e-176  2.44373e-165  6.05831e-180  2.11373e-162  9.38469e-167  1.46102e-165  1.16981e-176  1  9.48064e-178  5.87223e-179  
5.18546e-184  2.28466e-176  1  9.25841e-173  7.18754e-166  2.49957e-176  3.80944e-168  5.86291e-179  7.6053e-174  3.57579e-165  
7.07072e-171  7.62246e-176  8.29406e-169  4.61888e-176  1  1.46616e-164  6.77044e-161  7.52869e-177  9.23067e-173  7.17407e-178  
1  2.52076e-172  2.19473e-154  1.4564e-165  8.39978e-165  2.97632e-174  2.38443e-174  7.8485e-172  2.16082e-171  3.12216e-175  
3.07572e-173  8.05908e-180  1.6907e-167  5.18291e-174  1.03305e-173  1.92673e-174  1  8.93868e-183  6.84129e-169  1.05671e-174  
2.09464e-176  7.37688e-170  3.75305e-168  8.48811e-166  1.696e-172  1  7.29602e-178  6.58664e-163  9.69374e-175  1.80506e-175  
1.11364e-162  1.19096e-186  3.79054e-168  4.05521e-169  4.14226e-170  8.56596e-168  1  4.70294e-176  2.20551e-172  3.55943e-179  
1.13294e-178  1.49355e-172  3.59329e-178  2.23018e-171  8.01751e-176  1  2.58447e-156  1.34208e-175  2.57701e-168  2.25535e-179  
8.22399e-169  9.68941e-174  6.12321e-177  3.15488e-177  4.15135e-173  2.76125e-184  5.74147e-183  2.94812e-171  1  2.42928e-172  
1.47307e-169  1.49125e-177  1  2.7049e-175  4.02509e-171  4.97858e-174  1.37034e-175  1.54184e-181  3.25704e-172  1.28291e-176  
7.74155e-171  3.75159e-175  3.34371e-176  1.33459e-165  4.07694e-163  8.8545e-168  1.086e-167  1  4.05492e-172  4.10726e-168  
1.47436e-166  8.45037e-178  2.96401e-179  5.23735e-156  2.70267e-174  2.82055e-169  2.01659e-179  9.10773e-177  1  1.54254e-175  
4.93715e-168  7.80134e-168  3.90767e-166  5.75506e-160  6.83262e-171  5.55524e-179  1  2.70652e-174  1.18274e-171  1.26226e-179  
2.8309e-175  3.35467e-178  3.14505e-169  1.1556e-173  4.78215e-175  7.15778e-170  1.19893e-171  3.79124e-174  1  1.90247e-174  
1  1.40468e-167  8.09868e-183  2.74735e-174  6.44556e-171  7.23751e-171  4.81911e-174  8.63881e-180  5.5864e-163  3.06583e-183  
2.19339e-177  3.99484e-176  2.5574e-177  4.92619e-179  1.19498e-160  1  6.00148e-169  2.02177e-171  7.68902e-169  4.4565e-168  
5.83651e-175  6.58152e-167  1.12003e-179  2.78323e-184  1.48887e-172  9.47016e-182  1.08348e-173  1.97179e-174  2.54739e-183  1  
1.04324e-179  1.23944e-168  1.24032e-175  5.87481e-170  8.18119e-176  1.82451e-176  6.40098e-172  2.31572e-178  1  1.70553e-166  
8.78942e-175  6.993e-163  1.49464e-170  1.36479e-173  9.41796e-172  2.19381e-165  6.556e-175  3.17868e-171  1  7.6517e-169  
1  3.50046e-180  2.97571e-161  7.67882e-169  9.73336e-176  2.06287e-166  3.58189e-173  1.26728e-164  8.76876e-180  1.34026e-171  
9.53092e-179  1.15987e-176  6.30581e-169  4.73767e-168  5.37473e-179  2.29838e-174  3.11377e-172  1  4.02619e-181  5.44776e-174  
8.71643e-182  1.02481e-170  1.09994e-178  4.99985e-173  4.69034e-180  1.68106e-168  7.0573e-183  1  6.07521e-170  2.75083e-179  
1.93256e-163  9.26313e-182  1.80996e-173  9.35831e-177  4.98072e-167  4.51806e-182  1.58969e-179  2.78041e-175  1  2.77341e-176  
3.67143e-178  4.02161e-172  3.46639e-174  1.03302e-158  6.96787e-165  1.48174e-176  4.46365e-184  1  7.09155e-174  2.37658e-173  
2.27334e-172  9.50565e-179  3.67873e-171  2.87473e-174  1.54428e-178  4.28219e-170  5.98376e-173  2.60959e-173  4.3003e-163  1  
5.82281e-178  1.67035e-173  2.61847e-168  5.07466e-174  1.99952e-179  2.81085e-181  1  8.51304e-178  9.85755e-173  5.98122e-171  
3.24714e-173  2.67716e-165  1  1.25051e-179  7.71214e-172  5.58978e-182  5.43645e-177  7.41138e-168  2.94109e-172  3.7919e-168  
1.65048e-181  1.29826e-174  6.31643e-162  1.19196e-167  3.69158e-170  3.38142e-174  1  7.97485e-173  2.116e-181  4.16151e-178  
1.30466e-178  4.32327e-175  8.86427e-163  4.00803e-169  1.91987e-179  1.26436e-167  3.0943e-168  1  2.0963e-180  2.8953e-180  
2.32377e-168  5.19711e-177  9.59613e-171  1  6.4779e-169  1.67149e-170  3.66252e-175  8.5461e-166  2.93018e-173  5.52721e-179  
8.88366e-168  2.33114e-173  1  1.09041e-168  1.53531e-185  5.4766e-173  2.32919e-179  1.45866e-175  6.18976e-175  3.84993e-170  
1.07592e-170  8.78781e-179  1.4994e-177  2.94393e-171  2.24366e-170  4.3943e-172  1  8.05931e-176  5.70438e-168  2.66748e-179  
1.49285e-165  1.95278e-176  2.79273e-174  1.32256e-172  1  1.25462e-178  1.4694e-169  1.76755e-161  5.53218e-183  7.27165e-168  
1  1.17353e-179  1.17987e-174  9.30288e-182  2.49946e-159  1.16449e-172  4.13627e-178  1.78011e-185  3.73028e-172  2.2077e-178  
1.71944e-179  1  4.04617e-173  5.99526e-181  3.88154e-172  1.37852e-177  4.4916e-175  6.59443e-170  1.19632e-174  4.42953e-173  
6.30679e-175  1.66324e-178  1.69993e-173  1.49311e-162  5.12856e-175  1  1.13879e-172  4.02814e-164  6.73217e-168  7.12049e-180  
7.93713e-171  5.65584e-168  1  2.75313e-181  2.07085e-170  7.09226e-178  4.43868e-178  9.30423e-183  2.66576e-178  5.52176e-179  
9.80005e-177  5.14071e-175  1  2.43398e-170  4.46543e-181  6.48207e-168  1.54988e-172  6.677e-181  5.36378e-182  1.7585e-168  
5.89557e-171  1.5765e-169  7.27957e-178  2.85309e-176  8.69914e-179  1  4.69311e-171  1.05005e-175  4.05741e-169  1.64576e-175  
1.26078e-176  1.74011e-175  8.16562e-173  1  9.22917e-167  5.49905e-174  5.30051e-166  5.99378e-179  1.33849e-167  3.55849e-175  
2.92908e-171  9.32153e-171  1.52754e-168  7.18877e-172  8.36112e-169  1  3.81054e-176  4.67613e-173  3.00004e-167  2.61885e-181  
1.33737e-176  2.47558e-172  2.65567e-169  1  2.59026e-176  8.41835e-167  7.28901e-166  5.61064e-173  8.16314e-174  2.6162e-182  
3.90558e-170  2.54099e-166  3.76282e-176  1  9.98831e-176  8.11287e-167  1.10638e-176  4.41476e-168  1.82745e-171  1.04073e-169  
1.67927e-180  7.25981e-177  1.12908e-177  1.56616e-171  3.95859e-176  3.23133e-175  1  2.9199e-173  1.84e-176  1.00041e-160  
7.53747e-176  1  6.59681e-174  8.00545e-175  3.78128e-179  4.37698e-172  2.71131e-168  1.82657e-172  4.58588e-171  2.3254e-171  
7.24004e-174  3.9749e-172  5.24261e-170  1.23933e-170  1  2.67395e-162  5.46448e-182  3.4682e-176  2.80637e-172  1.10315e-165  
1.04136e-172  1.85539e-174  9.19497e-173  1.15304e-170  4.94282e-177  5.35057e-170  5.22223e-176  1  9.07198e-180  1.10617e-164  
2.88245e-171  2.1637e-177  1.74275e-177  3.9718e-172  4.6067e-180  3.60894e-174  1.42743e-167  3.23781e-170  1  2.18745e-160  
1.69127e-175  8.76628e-165  2.47429e-172  8.36488e-169  5.77077e-176  4.78907e-160  4.67954e-177  1.1275e-178  1  2.31737e-176  
7.94249e-163  1.09866e-175  1.52793e-167  5.95158e-162  1  7.16302e-177  1.51686e-177  4.08091e-164  2.51066e-179  5.68101e-179  
6.1072e-168  1.10125e-172  4.36869e-173  1  1.72977e-166  3.24866e-186  3.26644e-173  1.18311e-173  8.14503e-168  8.8387e-167  
1.01698e-173  8.54877e-178  1.91297e-181  9.18592e-171  4.71527e-170  4.86603e-170  1.58577e-170  1  1.28001e-163  3.05773e-176  
1  2.04084e-170  2.42958e-178  5.53408e-176  8.55558e-181  2.71856e-173  3.37902e-183  5.10481e-170  1.66782e-171  1.93453e-172  
1.43169e-176  3.16199e-166  3.5972e-170  6.15609e-184  2.1111e-174  1.39545e-172  1.05821e-181  1  2.44129e-176  1.36715e-175  
9.37998e-169  4.64907e-171  1.73844e-169  1  5.35377e-170  2.6729e-170  1.12551e-163  6.18967e-169  1.03526e-178  6.86554e-172  
2.61981e-170  1.25917e-177  1.17392e-168  1.41131e-168  1.30317e-163  5.71096e-173  2.82106e-171  2.24959e-172  1  4.84677e-169  
3.7963e-176  3.91537e-179  1.43761e-180  3.70618e-178  1.12794e-182  1.65613e-169  1  1.11043e-181  6.14248e-166  1.06099e-171  
4.99977e-175  1  1.29154e-172  1.31497e-169  1.63238e-178  7.44149e-167  2.3227e-169  1.3972e-170  1.30359e-172  9.96522e-181  
2.44999e-173  1.66734e-177  1.73293e-177  1.07153e-161  5.7752e-169  1  1.33293e-168  4.11983e-174  1.803e-161  1.15007e-166  
5.33692e-172  7.37248e-183  1.57037e-173  8.62921e-173  3.13953e-176  7.57763e-178  8.1186e-181  1.01052e-169  1  2.78435e-178  
3.90747e-180  1.12989e-168  7.5057e-178  2.03857e-168  1.94317e-175  5.77801e-179  5.31524e-181  1  4.96502e-168  2.98889e-178  
4.87607e-162  1.71976e-173  2.20212e-177  2.64914e-168  1  8.24287e-172  1.55765e-173  1.09319e-167  1.18607e-165  5.09602e-173  
2.8988e-179  1  6.78754e-175  9.99962e-184  6.57632e-173  1.79851e-176  1.38515e-170  1.27643e-166  2.4026e-181  3.61118e-180  
2.0315e-168  6.3416e-174  2.0459e-178  1  1.46836e-172  3.14338e-171  1.63435e-176  1.44548e-172  1.82971e-153  2.72015e-177  
3.9584e-172  4.43342e-173  1.34941e-170  1  8.88503e-176  4.01562e-179  1.85037e-167  2.88492e-183  1.39275e-176  1.26564e-180  
8.69638e-174  9.42462e-171  1  2.92779e-179  4.33507e-167  8.42038e-176  9.05605e-184  1.1956e-182  2.19071e-176  3.35451e-174  
3.16654e-178  4.5729e-177  3.59901e-168  5.28784e-166  3.88977e-176  1  2.36317e-163  1.50367e-178  3.61195e-167  2.24262e-162  
2.00867e-178  1.12173e-170  1.55938e-178  4.79695e-176  1.94383e-169  2.81992e-170  8.75944e-176  1.67998e-173  3.49171e-183  1  
3.94332e-172  2.47845e-174  2.06056e-183  8.04052e-171  5.22988e-175  2.00941e-175  1  4.27758e-168  4.08432e-171  1.84714e-165  
9.82125e-173  5.92423e-164  5.62694e-177  2.14167e-177  1  3.30537e-167  1.62731e-174  1.21574e-166  4.51505e-161  6.08198e-171  
6.66593e-168  5.28181e-177  1.30581e-172  4.06518e-170  2.34788e-171  1.61317e-173  2.32142e-162  1  2.68774e-165  1.77769e-175  
4.45433e-176  2.57919e-158  1.83006e-165  2.13007e-181  4.74279e-175  6.74619e-168  1.07261e-168  4.99012e-179  1  1.66262e-181  
3.90502e-178  1.3729e-168  1  2.79088e-166  3.30727e-177  5.75256e-172  4.54204e-178  4.85519e-175  2.25239e-171  5.18732e-180  
1.3809e-170  1  1.22411e-180  2.14476e-164  2.58123e-177  3.31591e-185  7.31586e-183  3.24974e-170  4.65296e-165  2.47861e-176  
1.28994e-179  7.15443e-180  5.02005e-169  7.47852e-172  6.57097e-169  1.62912e-170  3.67216e-167  2.25372e-176  1  2.66471e-165  
5.94799e-165  1.03262e-171  1  1.58077e-154  3.62722e-180  2.04226e-170  2.32784e-168  9.70902e-176  7.0203e-173  4.81012e-169  
1.67955e-177  3.98293e-171  1  1.88879e-171  4.43572e-170  2.33959e-180  3.63538e-173  7.48675e-182  4.10864e-175  6.00923e-170  
6.9946e-177  1.95806e-171  4.45394e-176  9.63698e-164  6.27216e-173  1  8.89312e-180  5.14219e-170  1.03494e-169  3.73249e-170  
5.90409e-175  1  2.98425e-174  6.69395e-179  8.87373e-166  1.80662e-171  1.15377e-169  1.62801e-174  7.18924e-178  1.83852e-165  
3.22418e-173  1.11527e-170  8.77208e-172  5.94721e-164  1  2.91762e-178  1.09735e-166  9.42846e-172  6.1647e-183  8.91771e-182  
7.5446e-169  3.25204e-178  6.85403e-179  2.29084e-172  2.55159e-179  8.45609e-181  1.33718e-177  1.60453e-183  1  7.74272e-174  
6.5801e-173  1.17484e-169  1.03851e-170  6.29908e-169  7.57096e-185  4.19045e-170  5.01503e-178  1  4.87372e-169  9.9633e-172  
4.38125e-180  6.02222e-172  3.51733e-174  2.76114e-174  2.85584e-178  1  1.10564e-176  7.98254e-177  3.64772e-169  6.61098e-172  
6.98469e-178  1.72569e-168  1.44363e-167  4.07149e-167  1  5.01338e-175  4.31465e-174  7.72276e-173  3.43829e-169  5.83633e-168  
1  1.79461e-169  1.16462e-180  2.04133e-177  7.36761e-176  1.24189e-168  5.92548e-171  5.35895e-166  1.59801e-175  2.21058e-169  
2.99601e-167  2.22143e-171  5.2827e-178  2.76701e-166  1.91002e-176  1.28873e-177  1  3.69814e-171  1.32662e-168  1.25557e-168  
8.91287e-168  4.77672e-166  1.03593e-174  4.72887e-175  7.90817e-177  2.53314e-176  8.29464e-181  1  3.18643e-176  2.20307e-167  
5.98208e-175  1.68462e-173  5.72409e-163  1.99874e-173  8.7259e-170  7.31556e-168  1.01311e-158  9.88666e-172  1  2.33303e-171  
1.09316e-164  6.02364e-172  3.51678e-174  3.75674e-185  2.17225e-175  1.70668e-172  1.60613e-179  1.25783e-162  1  3.10241e-173  
1.38287e-175  5.82793e-170  1.23283e-177  5.87347e-174  3.68875e-176  3.87508e-170  6.67736e-169  2.84739e-167  1  3.39401e-177  
5.16216e-176  4.84015e-165  2.39205e-165  9.42748e-172  2.17461e-167  1  1.52606e-167  2.47167e-169  1.11484e-165  5.47367e-171  
1.78119e-176  1.34471e-178  1.10227e-178  4.38889e-173  8.74659e-175  2.52615e-178  1.25086e-170  1  5.04679e-163  2.20624e-161  
5.27509e-171  1  4.62838e-162  3.88897e-167  2.36404e-170  3.64109e-168  2.54989e-174  1.08632e-174  5.93266e-171  1.23426e-172  
1.92799e-172  1.62607e-176  2.79683e-174  1  3.33498e-174  2.6513e-168  1.03736e-178  1.87855e-171  8.07513e-174  3.61585e-168  
4.7953e-170  6.49189e-159  4.98577e-168  3.24509e-171  1  9.38753e-173  2.0592e-176  9.44505e-174  4.64764e-177  6.53254e-169  
1.32636e-169  1.12174e-175  2.7583e-178  7.46826e-176  1.92495e-176  5.03232e-177  1  7.23581e-168  5.23283e-172  2.63078e-164  
1.33186e-156  5.93217e-175  1.22513e-179  9.34224e-175  2.91898e-176  8.19324e-161  2.5532e-172  3.15173e-172  1  8.02307e-169  
2.40738e-168  1.1101e-173  1.32298e-171  3.58819e-172  3.74172e-174  1.29924e-170  9.67602e-173  1.28126e-171  6.9057e-168  1  
3.95263e-174  1.14457e-175  1.19126e-183  5.22533e-174  1.15766e-172  2.48934e-169  1  1.87782e-167  3.19269e-175  5.8998e-182  
5.97303e-171  3.0224e-186  3.32558e-167  6.3889e-172  5.02242e-181  7.0809e-173  1  3.2342e-177  3.32586e-165  5.09789e-182  
2.84757e-175  2.42696e-171  6.39354e-176  3.5078e-171  3.34321e-182  4.69469e-174  9.37844e-173  1.04892e-176  9.44233e-164  1  
4.63523e-174  4.73436e-177  1.27564e-177  5.90215e-168  4.03535e-180  1.56206e-172  9.84412e-174  1  3.96238e-173  6.17692e-178  
1.43418e-174  1.42571e-162  5.84853e-180  7.60961e-178  2.26947e-172  4.46817e-178  1  3.50839e-167  4.0678e-166  6.48593e-178  
1  1.88807e-163  4.06514e-164  3.6863e-173  3.08633e-174  1.75388e-171  7.37994e-183  3.4045e-167  3.49876e-177  3.70441e-187  
1.57401e-170  1.30793e-178  1.99883e-180  7.0902e-167  6.73019e-177  1  1.40906e-171  1.42213e-178  5.56883e-168  1.21367e-176  
5.85681e-174  1.89266e-184  7.81543e-177  2.40453e-178  6.6565e-158  4.17471e-176  3.50066e-169  1.13958e-170  1  7.23777e-179  
1.19469e-169  7.75193e-171  5.45565e-170  2.29288e-177  3.45643e-155  1.73736e-178  5.54357e-185  7.09057e-174  4.44277e-175  1  
5.01248e-173  1  2.87444e-172  2.7546e-172  1.02361e-158  6.41532e-177  1.2522e-173  4.50422e-170  3.37276e-176  1.8974e-180  
1  6.6927e-176  5.48333e-183  2.33275e-178  4.76475e-160  4.65958e-173  1.1784e-168  1.24605e-178  2.34265e-165  3.63323e-175  
3.05926e-175  1.40881e-179  2.42544e-165  1  1.54432e-168  2.34919e-171  6.17954e-174  3.67633e-166  3.78217e-164  2.59191e-175  
9.70987e-165  8.31494e-170  9.86299e-174  4.50622e-176  1  1.10656e-162  7.86569e-174  9.82406e-174  9.44558e-176  1.10337e-173  
2.73916e-177  1.41432e-169  1.9004e-174  2.19647e-174  8.03888e-169  1.5462e-179  3.78687e-176  1  9.54452e-176  4.90355e-172  
1.08733e-167  8.20289e-175  3.68728e-167  4.03863e-171  1.89763e-167  1.4111e-167  1  1.0812e-173  1.28972e-173  1.08802e-173  
4.48441e-168  5.89201e-186  1  8.4005e-160  1.35939e-172  4.97313e-177  5.862e-179  1.81506e-175  4.03736e-178  2.68685e-168  
6.01433e-171  1.05402e-174  1.27639e-177  4.77182e-175  1  3.83547e-179  1.50847e-170  2.8483e-186  1.5608e-170  1.67966e-169  
2.51676e-174  9.83944e-174  1.41051e-173  5.06942e-176  2.44307e-161  1.27974e-168  2.74292e-176  1  8.23588e-178  6.47632e-176  
1  1.90336e-167  2.30524e-179  3.65247e-170  5.66457e-172  1.48708e-173  4.92825e-164  7.07995e-175  1.38533e-171  8.49506e-172  
5.52884e-171  1  1.01714e-174  1.50247e-170  3.8108e-169  2.28608e-173  3.95509e-173  2.3909e-170  6.10571e-177  1.89976e-181  
1  2.02538e-168  7.49575e-171  2.42557e-172  5.42004e-176  2.32732e-171  1.34034e-183  1.73423e-172  9.61924e-166  2.63446e-177  
2.98437e-179  1.18868e-165  1.80391e-173  2.08194e-174  2.89087e-172  6.99416e-161  8.76686e-176  1  6.11086e-172  1.42055e-176  
3.48787e-172  1.04323e-175  1.79135e-177  1.71018e-174  1.72817e-179  2.76441e-179  2.30635e-165  6.33586e-172  1  4.66339e-171  
1  1.14835e-170  7.3027e-173  1.58076e-173  6.25656e-177  8.52434e-162  2.04474e-174  8.6746e-176  1.05698e-175  1.76017e-182  
1.11948e-173  1.58685e-171  1.6727e-172  7.2071e-172  1.0931e-172  5.25031e-178  8.77145e-177  3.01164e-178  1.49575e-170  1  
8.81451e-175  6.83188e-171  1.14049e-176  2.83739e-178  2.59258e-169  1  5.49735e-175  1.16071e-184  1.158e-161  3.28771e-179  
4.32842e-170  1.75505e-176  1.86407e-167  8.85075e-176  2.92744e-164  9.17026e-180  1  7.28945e-174  3.02429e-184  4.81261e-176  
2.30352e-173  1.01376e-178  2.54409e-172  5.05306e-167  9.28343e-165  2.11378e-177  8.77998e-167  1  3.22377e-171  5.42498e-160  
1.65e-173  6.00367e-177  1.59165e-173  1.58775e-163  8.00723e-173  2.6741e-173  4.75048e-174  1.88028e-161  1.89138e-167  1  
3.66338e-168  2.59738e-171  1.27951e-171  1  1.60431e-179  1.37573e-181  2.07065e-167  1.27772e-156  9.70338e-168  6.74168e-186  
9.44015e-173  1.53396e-172  1.20449e-168  1  2.06897e-172  3.5139e-186  4.30005e-170  2.1847e-176  5.66201e-178  1.52927e-176  
4.01515e-181  5.83792e-168  2.73719e-175  1.79441e-176  3.10645e-161  1.17924e-177  1.85074e-175  2.59504e-175  1  5.37318e-179  
1.16984e-172  1.69939e-179  7.08469e-176  5.20612e-172  1.0777e-169  1  1.22582e-175  2.63118e-175  2.07552e-176  8.87936e-172  
9.85024e-168  1.31194e-174  1  4.03951e-179  1.38365e-171  6.45127e-177  2.63473e-171  9.05019e-180  6.01334e-173  1.21123e-169  
2.42211e-175  2.42188e-172  1.1805e-179  3.37452e-158  1  4.36036e-175  9.42857e-175  4.02278e-174  3.20916e-176  1.02963e-169  
3.75535e-168  9.40362e-175  2.88523e-172  6.74755e-170  1  1.10895e-172  8.35995e-170  4.75887e-166  8.08231e-181  1.66183e-178  
1.03789e-181  1  1.3612e-180  1.85453e-169  1.49142e-172  9.23411e-174  2.98027e-167  1.26498e-170  5.27051e-176  1.32691e-176  
3.43783e-166  2.16682e-164  2.39306e-157  3.06944e-168  1  3.6353e-170  1.71831e-166  1.09318e-166  2.23064e-173  4.42685e-178  
1.40878e-165  1.69456e-171  9.24412e-171  1.40308e-181  8.29694e-181  1.84089e-166  1.23139e-173  1  1.29126e-177  1.94662e-163  
1  9.19359e-168  5.81154e-172  4.24783e-172  1.86472e-173  6.32472e-175  5.45342e-170  1.67485e-173  3.09083e-170  2.13135e-176  
1.87406e-166  8.14828e-171  3.22999e-170  2.31559e-152  1  2.24195e-171  7.8512e-171  6.65251e-182  2.36615e-173  5.61493e-185  
1.18947e-177  1.56025e-159  9.68942e-175  2.43924e-170  1.30933e-169  6.35057e-170  5.77549e-164  8.65643e-180  3.90294e-170  1  
4.02427e-177  1  1.08418e-176  1.70849e-171  3.7822e-173  1.08373e-165  2.28338e-181  3.0424e-167  1.03469e-175  5.2616e-158  
1.38798e-171  5.1061e-168  8.0159e-172  1.5646e-176  3.68118e-179  7.08054e-167  1  5.777e-174  1.06756e-172  4.49427e-177  
6.51365e-172  1.1083e-175  3.4221e-178  1.72431e-173  1.68579e-172  1.47924e-169  4.87232e-185  1  8.25686e-168  5.83692e-178  
6.30441e-171  5.2397e-173  2.68161e-176  8.31329e-169  1.09037e-158  1.3149e-179  1.28053e-181  1  7.05369e-166  4.10735e-172  
3.57922e-171  1.17504e-174  9.33092e-174  1.50396e-170  1.70073e-169  2.08559e-174  3.32011e-180  1  4.54997e-177  5.90725e-165  
2.09305e-174  7.6633e-175  2.09094e-164  2.16225e-175  1.82509e-171  9.65342e-179  2.63648e-166  6.35212e-167  8.31737e-173  1  
6.41047e-175  1.21287e-171  3.00025e-176  5.22322e-181  1  1.87811e-171  3.32667e-178  6.41389e-174  2.73064e-172  7.85151e-177  
1.73266e-163  4.0116e-176  4.7226e-182  7.95441e-172  1.45462e-166  1.21273e-178  4.49194e-179  1.49405e-176  5.16119e-170  1  
5.81653e-181  2.61931e-168  4.4063e-180  1.23309e-171  1.05247e-167  3.68784e-170  5.38954e-167  3.18979e-175  8.61763e-178  1  
4.49238e-165  5.26942e-167  1  2.48684e-179  2.68918e-170  4.77562e-161  1.63555e-185  2.5434e-165  8.4686e-172  2.52555e-168  
1.43962e-175  1.1055e-173  1.72118e-174  3.17893e-182  1.06571e-174  1.30294e-168  1.22421e-172  3.31024e-168  1  6.57201e-168  
1.58766e-180  9.90596e-168  8.5459e-174  4.21515e-166  1.18352e-161  2.54803e-164  1  2.13288e-174  1.36655e-171  4.40149e-184  
6.87852e-170  2.13444e-170  1.14858e-160  9.62555e-173  1.13452e-170  4.17154e-170  1  1.04035e-180  3.21134e-175  7.61725e-175  
2.36032e-179  6.43003e-169  2.56365e-166  4.26798e-172  5.58698e-173  1.68399e-178  1.14292e-178  7.74206e-174  1.27144e-171  1  
1.86192e-165  9.20055e-169  5.29359e-169  8.96798e-172  1.17948e-176  2.80642e-167  1.54126e-177  8.70101e-184  1  6.71854e-170  
9.39138e-174  2.39327e-175  8.0579e-178  2.8355e-175  2.37177e-164  7.65759e-175  2.34859e-176  1.34023e-172  1  5.80242e-184  
9.8525e-176  8.89473e-182  7.17098e-166  6.07401e-175  1  2.94594e-172  2.97698e-165  3.75134e-174  3.10115e-172  1.13486e-168  
3.36463e-177  1  9.59986e-168  3.90022e-174  1.5396e-173  2.61568e-170  1.73242e-174  6.25294e-175  8.29832e-178  4.13114e-175  
2.67649e-163  7.25046e-173  1.11233e-173  6.05554e-167  2.21927e-166  6.54668e-169  1  2.45784e-172  2.68682e-174  2.7676e-180  
1  3.11248e-166  8.82646e-173  6.52953e-171  2.89237e-174  1.07098e-175  2.3664e-170  9.04096e-167  2.61851e-170  7.02051e-178  
9.91469e-158  9.08209e-169  3.41315e-168  1.88252e-172  1.42205e-172  8.32906e-175  1.05324e-179  1.1224e-169  6.3419e-169  1  
1.63163e-170  6.00798e-174  1.20532e-154  5.97682e-184  6.10814e-168  5.90846e-173  4.78078e-170  6.44804e-166  1  3.84565e-175  
9.27413e-185  1.0681e-165  4.5939e-179  2.14769e-166  1  2.01531e-170  1.04128e-177  2.70534e-177  1.88612e-178  1.76777e-166  
7.8502e-177  2.4664e-180  6.92784e-167  4.93418e-171  1.65469e-168  2.72781e-169  1  5.24168e-176  8.23542e-182  3.61209e-175  
1.12432e-163  1.35359e-170  1.81483e-161  7.90858e-175  5.51615e-178  1.26497e-173  5.14726e-173  1  1.59711e-172  4.32274e-182  
6.758e-169  1.38985e-183  5.38721e-177  1  1.83903e-166  9.68564e-168  8.47576e-176  5.68617e-180  3.30679e-175  1.45729e-171  
9.94982e-173  1.20151e-168  1.82468e-169  1.83146e-157  1  1.30828e-177  8.59892e-174  2.22473e-171  5.18605e-172  1.57887e-163  
8.58817e-175  2.20342e-172  4.70481e-178  1.11111e-174  1  8.11808e-173  1.33812e-180  1.08914e-177  3.27295e-167  9.20685e-177  
1.83727e-172  2.92632e-174  3.32129e-183  1.134e-171  1.96816e-178  2.49593e-168  5.17421e-171  8.71006e-169  1  1.64102e-170  
2.43795e-173  3.90841e-167  2.13017e-164  3.02518e-174  3.13727e-179  6.86606e-180  1  9.4504e-160  1.66091e-178  2.6046e-173  
3.80182e-174  3.58933e-167  3.4421e-171  1  3.83134e-168  1.0769e-165  1.13295e-161  1.32226e-171  1.47202e-167  5.3202e-184  
2.10245e-177  2.3779e-178  1.02626e-179  7.97031e-174  9.19977e-180  2.75053e-168  1.33798e-166  1.24885e-169  1.12885e-171  1  
6.82778e-180  4.19644e-167  4.91236e-163  1.31613e-166  2.39411e-176  2.52685e-168  4.23304e-168  4.94133e-168  1  2.19267e-167  
7.25181e-172  1  1.53682e-177  8.04725e-172  1.59725e-176  7.29816e-182  9.8088e-175  2.63325e-176  1.10669e-178  4.32949e-181  
6.47927e-182  1  2.34334e-160  1.5527e-172  3.82141e-176  1.89924e-183  9.77585e-168  2.30148e-175  3.28091e-170  3.83987e-179  
1.77147e-163  4.51198e-176  7.36217e-174  7.04544e-164  1.14738e-161  1  2.92318e-172  4.33966e-176  3.57919e-178  7.51615e-168  
4.7973e-177  6.78203e-171  1.29067e-176  1  1.45195e-174  3.45819e-179  7.93479e-177  2.00147e-173  1.54137e-150  2.95927e-187  
6.81266e-173  1.09166e-174  3.06228e-172  1  2.30758e-171  1.09394e-175  7.5356e-183  1.28345e-177  3.23874e-166  1.81384e-174  
1.58361e-170  4.4999e-175  2.59575e-178  1  3.44687e-170  3.41114e-180  1.14511e-170  3.2222e-169  1.55981e-171  9.10924e-176  
2.66664e-164  1.2141e-164  2.17542e-175  1  1.23264e-172  7.39242e-180  1.24293e-169  1.5124e-168  3.36901e-181  4.39917e-169  
6.64237e-176  1  1.14008e-168  2.1496e-168  1.94527e-161  3.53538e-184  7.16381e-170  1.2929e-176  2.60452e-161  3.7947e-181  
6.59313e-177  5.57413e-164  1.29403e-176  3.65883e-166  1  4.09766e-167  1.73689e-172  2.28372e-174  2.23193e-180  2.752e-177  
8.3961e-176  4.37726e-168  4.92856e-173  1.09443e-167  1  9.25555e-175  5.10401e-167  3.27208e-177  2.69844e-170  1.14013e-174  
1  2.42491e-172  1.78326e-170  1.71442e-169  4.12536e-172  1.69104e-172  2.81415e-175  1.6454e-168  5.73822e-176  3.99928e-182  
1.81709e-177  7.8376e-178  1  7.33355e-170  2.80039e-172  2.70744e-174  5.67309e-167  1.87783e-173  2.4919e-166  1.13801e-172  
3.12447e-163  6.30068e-172  2.92512e-179  1.58191e-165  6.53288e-176  1.81608e-177  1  4.72496e-178  7.5836e-175  2.51069e-172  
5.6097e-164  4.95674e-171  1  5.14436e-179  3.93201e-178  7.13097e-177  1.53891e-174  1.6152e-168  3.2753e-169  8.01473e-174  
9.93446e-179  5.56066e-174  1.95949e-175  1  2.46761e-160  4.51439e-179  2.81403e-170  2.26659e-177  8.09585e-175  1.61446e-178  
2.90919e-166  1.02752e-167  4.62525e-173  1.77104e-174  5.67543e-171  1.53766e-181  1.47205e-157  2.1645e-172  1  7.53961e-181  
3.84913e-170  7.41615e-175  1  2.32948e-173  3.85253e-176  5.5338e-181  1.63162e-165  2.85137e-175  5.3228e-179  2.65547e-181  
8.91749e-164  1.21321e-168  2.02187e-175  4.31212e-168  5.29605e-177  2.75621e-172  2.53356e-169  4.18839e-165  1.20255e-167  1  
9.76694e-175  3.039e-168  1.63562e-181  1.86299e-160  4.36582e-164  1  1.12833e-160  1.01094e-171  5.329e-165  6.93992e-167  
5.35838e-168  1.22006e-168  1.11827e-171  1.81251e-166  1.4618e-162  3.6258e-166  4.38943e-175  1.39447e-170  1.64256e-179  1  
2.5518e-176  3.81562e-171  1.99844e-166  2.41587e-168  6.92564e-184  1.64339e-171  1.81797e-167  1.50181e-175  1  9.41982e-175  
2.27043e-172  2.93236e-179  6.90116e-179  4.18627e-176  1.30886e-172  8.93528e-172  1  1.0995e-170  4.11355e-171  1.33761e-173  
5.66804e-179  1.03118e-170  1  8.27239e-169  1.54316e-165  4.38786e-181  1.77816e-171  2.0353e-172  1.37999e-173  2.6779e-171  
1  5.68344e-166  2.8994e-178  2.27984e-172  3.75218e-172  1.89191e-169  2.31266e-171  7.68944e-168  4.08671e-171  1.75683e-169  
7.40764e-171  7.60133e-182  1  1.33093e-175  1.71156e-174  9.69634e-160  2.03867e-176  2.66643e-165  3.53585e-177  8.79153e-173  
4.87242e-184  8.49491e-165  6.436e-175  4.39334e-183  4.3695e-168  5.56131e-172  9.73625e-179  1.37685e-179  1  2.26807e-173  
1  4.78759e-173  3.9876e-173  2.21827e-179  1.49731e-163  1.29976e-171  1.84183e-172  3.84334e-167  8.56014e-167  2.13791e-169  
1.32221e-176  1.49534e-172  1.24062e-173  5.28443e-169  5.82304e-179  1.23531e-180  1.32719e-174  1  4.21955e-168  4.34751e-171  
1.01896e-178  6.66293e-176  1.28459e-164  9.91158e-175  1.80055e-160  8.50187e-179  1  2.08254e-180  1.31856e-169  1.79888e-177  
3.94469e-164  2.95579e-170  1.93351e-175  5.51587e-174  1  3.96701e-167  1.31595e-166  7.99777e-176  8.57207e-161  9.50613e-167  
5.11188e-182  7.61279e-175  1  1.48951e-174  5.63953e-172  2.69294e-166  4.11351e-174  3.68746e-177  2.4098e-176  3.55175e-180  
1.13877e-166  1  4.07936e-175  8.04722e-176  1.80078e-172  4.48001e-171  3.09726e-178  7.71626e-177  1.26405e-179  3.98311e-172  
4.57458e-174  3.247e-168  2.70577e-175  2.05984e-169  1.6057e-175  1.28631e-171  1.06644e-169  1  1.5777e-179  1.2353e-172  
4.37268e-169  3.55969e-173  7.60215e-169  1.53278e-178  1.84154e-177  3.65191e-165  1.99433e-172  1.51205e-173  1  1.38098e-175  
1.70728e-179  3.91004e-178  8.2971e-172  5.97194e-179  7.60502e-173  3.12685e-168  1.67167e-168  1.10379e-179  5.70891e-171  1  
7.93883e-180  4.68354e-179  5.08168e-171  1.26424e-176  3.55984e-169  2.44776e-185  3.44126e-169  2.96745e-168  1.85393e-173  1  
3.28569e-168  2.53013e-184  3.51972e-176  2.42107e-167  1.94428e-176  1  6.46845e-181  7.2148e-179  1.87766e-177  1.81518e-170  
1.29767e-171  9.35774e-171  1  2.97972e-168  5.83476e-163  1.49153e-168  4.22135e-180  2.37309e-176  6.13592e-182  3.84462e-174  
1  1.97235e-164  1.55678e-161  6.95524e-179  2.87422e-184  9.92203e-168  7.5623e-172  2.1574e-172  1.98948e-170  3.02849e-182  
1.80248e-177  4.32774e-171  1.014e-169  4.22519e-162  1.62787e-167  7.28791e-178  4.68748e-168  2.74224e-172  3.56962e-173  1  
2.08775e-180  1.19017e-178  1  1.29426e-171  3.68982e-169  2.78848e-179  3.14065e-176  9.56328e-171  6.1636e-164  3.68323e-175  
9.17873e-170  2.02811e-186  7.49647e-173  5.95508e-185  9.89091e-171  4.66276e-181  7.60249e-156  2.67197e-171  3.6199e-175  1  
7.97495e-178  2.12674e-178  6.11694e-171  3.91277e-176  7.29835e-171  1.58425e-166  1  4.66369e-171  4.54152e-175  5.6673e-172  
8.28251e-168  1.85929e-180  1.34862e-177  1  2.13382e-173  8.57792e-172  3.1787e-172  1.42828e-161  7.90289e-172  5.92449e-167  
4.44925e-169  2.85974e-171  2.40157e-180  1  1.59897e-173  1.44696e-172  5.1115e-160  3.05165e-180  3.33477e-175  2.68263e-180  
1.91125e-159  3.01416e-173  9.11863e-177  7.46877e-171  3.02354e-173  5.18184e-180  1  6.31863e-171  5.372e-168  4.18257e-181  
5.34284e-173  4.70965e-178  1.05706e-176  7.66688e-181  1.07463e-175  4.00972e-181  6.62171e-172  6.63733e-183  3.13982e-164  1  
1.41952e-165  4.51e-165  1.26549e-179  2.05473e-179  1.85068e-174  1.24963e-165  1  2.09097e-169  5.36939e-175  2.96794e-177  
1.23819e-171  1.19647e-168  9.01973e-174  1.37208e-166  9.17484e-175  9.14328e-173  1.79377e-177  1.43198e-170  2.05869e-172  1  
1.88503e-173  4.6635e-183  1.26801e-172  2.61787e-173  1  2.23238e-173  3.01807e-168  1.00433e-159  1.13878e-175  1.42495e-168  
1.18107e-160  7.38034e-176  2.24487e-171  4.61331e-175  3.48341e-160  2.4707e-174  1  1.42121e-182  7.18244e-175  6.43221e-178  
1.57162e-167  2.23818e-169  2.26702e-168  9.24758e-175  1  1.14662e-170  3.68521e-172  1.21422e-167  6.10941e-173  1.73064e-170  
9.07939e-171  4.27263e-178  4.29071e-177  8.94101e-164  1.80955e-170  1  2.42888e-160  5.03365e-173  1.1181e-172  5.78916e-173  
2.58827e-179  1.58433e-165  7.79547e-162  1.0567e-166  4.79776e-179  1.52075e-179  3.50973e-179  1.5989e-184  1  2.0556e-174  
9.34552e-173  1.5796e-168  3.13056e-181  1.3364e-177  1  1.28245e-181  1.99819e-172  1.3614e-171  1.03512e-178  1.50856e-186  
5.1745e-176  6.48424e-168  1.42065e-165  2.65122e-174  2.35262e-173  1.23835e-178  1  1.1513e-176  3.17935e-172  1.90695e-175  
4.96597e-174  1.21448e-165  3.22538e-182  1  3.64692e-170  1.37895e-186  5.1599e-174  3.36736e-178  1.99738e-177  1.69167e-156  
5.78297e-172  7.45361e-180  1  1.49806e-172  6.35163e-170  4.84821e-177  1.60818e-172  4.86581e-171  3.9321e-172  6.71981e-177  
1.30453e-164  3.74192e-174  1  4.26441e-166  1.33134e-166  3.94282e-171  2.15838e-168  1.3642e-171  2.0509e-168  3.37571e-166  
3.28113e-171  3.70239e-182  2.45377e-178  1.92819e-175  1.01467e-167  1.43833e-173  1  1.07843e-179  4.97175e-181  4.58712e-170  
1.40016e-171  1  1.59285e-176  1.45198e-181  1.27807e-172  9.51477e-184  1.20214e-179  1.03774e-175  7.5634e-177  3.99551e-168  
5.84657e-170  1.67928e-164  2.72344e-175  6.58903e-163  5.38727e-171  7.07181e-176  1.54755e-179  1.67072e-178  1.33319e-171  1  
9.61212e-177  2.91852e-171  6.39738e-183  1.55143e-175  1  1.98605e-178  3.63518e-163  5.76744e-177  2.42443e-175  3.9796e-170  
5.67965e-169  1.62493e-165  1.88478e-164  8.74275e-179  1  4.11186e-170  1.45812e-162  3.75374e-179  6.64291e-157  3.30002e-169  
1  2.32394e-164  2.63672e-175  3.87922e-167  2.01555e-167  1.57219e-166  6.20883e-178  1.44214e-185  1.22664e-177  5.15913e-178  
2.43338e-179  2.18591e-173  2.79876e-168  2.03484e-181  5.24432e-176  1  8.97119e-172  9.80356e-180  1.64974e-177  2.37569e-171  
7.6042e-183  1  8.78638e-168  1.53991e-168  4.27526e-159  1.94797e-169  1.66519e-173  4.12853e-169  9.57319e-183  7.27637e-181  
6.18407e-168  9.05711e-169  9.41037e-167  4.19782e-164  1.3371e-172  5.78965e-171  2.15849e-165  1.45453e-176  1  1.14902e-167  
1  3.31184e-177  4.28291e-172  2.59142e-165  9.76023e-182  4.98658e-181  3.03459e-169  1.19659e-171  8.5546e-171  1.92177e-160  
8.8173e-167  3.29162e-176  5.53183e-178  1.06985e-171  7.28344e-166  7.70273e-177  1  2.02726e-177  1.28878e-179  1.53819e-172  
3.04445e-186  1.15046e-165  7.61578e-158  4.08676e-176  3.98037e-159  6.72564e-174  9.4835e-172  8.76307e-169  1  8.7433e-186  
8.49711e-165  1  5.22942e-175  2.01526e-169  1.20472e-166  5.05821e-174  4.14868e-183  2.83424e-170  1.31913e-177  2.18808e-175  
3.9997e-178  6.93278e-170  2.27603e-181  2.25478e-165  6.40716e-181  1  5.78521e-170  1.42432e-179  3.15657e-174  1.14033e-172  
1.39267e-179  2.39989e-173  2.91558e-176  2.9503e-178  1  1.08386e-176  1.95192e-171  1.3348e-176  7.82226e-172  8.49039e-165  
6.87426e-167  5.45389e-172  9.44016e-177  1  5.33795e-178  2.41243e-167  4.25505e-172  5.98998e-175  1.12081e-181  3.34367e-174  
1.78949e-175  1.85374e-161  1.33904e-175  3.50673e-175  5.05371e-182  9.3101e-164  2.12214e-172  8.40152e-167  1.6418e-182  1  
5.32681e-173  5.10851e-167  1.22272e-170  1.34935e-173  2.35881e-177  3.41002e-174  8.06654e-181  1.8332e-180  3.01031e-178  1  
9.71879e-180  1.70719e-174  6.38614e-168  1  7.99669e-169  1.2643e-168  5.65724e-174  1.06319e-167  5.46625e-169  5.40612e-176  
7.6575e-173  1.17036e-177  1.30248e-174  2.74423e-179  6.70036e-170  5.04172e-176  1.26166e-173  3.07563e-169  1  1.14005e-171  
5.47253e-171  2.72523e-165  3.50514e-185  2.09033e-180  4.95679e-181  4.79302e-179  5.63656e-172  2.10078e-171  1.49259e-168  1  
1.89101e-165  3.69523e-175  2.54762e-170  5.00465e-177  1.00086e-171  1.99875e-173  1  2.88916e-184  3.02838e-175  1.04474e-168  
2.11762e-184  5.35457e-169  1.64697e-175  5.70605e-177  4.32059e-178  9.43514e-173  4.0556e-180  1  1.15165e-175  9.36245e-175  
7.33932e-161  1  4.04121e-163  1.73825e-168  2.45227e-171  1.23582e-171  1.71945e-173  2.97267e-164  6.98027e-165  2.03634e-173  
6.31675e-176  1.04858e-170  3.43507e-175  5.97787e-169  1.40183e-173  2.5927e-176  1.13654e-167  1  2.95632e-175  9.72005e-175  
1.87845e-169  2.88923e-171  1.62459e-179  2.57937e-182  9.19402e-171  4.38807e-165  1.09852e-180  1  5.98844e-173  1.66931e-175  
1  6.11819e-178  1.19496e-166  3.03364e-175  1.03964e-179  8.62976e-176  9.74819e-172  6.72057e-172  6.9253e-167  2.58802e-173  
2.24779e-167  3.06908e-174  6.74268e-178  5.93265e-174  3.07596e-168  9.43761e-167  1  1.92732e-177  4.1312e-167  1.09764e-183  
2.26187e-171  2.27594e-163  2.52612e-180  9.91417e-173  1.04346e-167  6.5127e-173  1  2.70608e-178  4.4929e-165  4.50476e-164  
2.81163e-174  9.85354e-174  1  3.14943e-177  4.91114e-168  2.54517e-176  4.26775e-174  3.97054e-175  1.06856e-168  1.04188e-175  
1.84418e-175  2.06602e-174  6.2745e-174  5.75567e-165  1  1.55486e-174  1.71118e-178  4.97756e-163  6.72788e-170  4.77271e-171  
4.25005e-178  1.93006e-166  1  6.39448e-171  1.23337e-175  2.04124e-176  3.80539e-175  9.00181e-165  6.39563e-171  1.5018e-178  
7.44243e-170  9.75243e-169  2.35084e-169  3.85003e-175  5.55267e-176  6.03721e-175  2.24354e-171  7.21392e-157  4.25552e-167  1  
1.35286e-175  2.51683e-173  9.10333e-166  1.75327e-173  1.69575e-171  7.01185e-177  1  1.16119e-165  4.85949e-177  1.4892e-166  
8.68726e-162  1  6.73348e-178  4.49599e-171  1.43227e-170  8.4713e-173  1.05188e-175  1.45651e-167  1.01412e-162  3.93358e-171  
8.81803e-175  2.91436e-177  1  1.96746e-179  4.48299e-164  4.08089e-179  3.43918e-166  1.97713e-179  2.12004e-180  5.63939e-173  
4.98632e-173  1.79855e-176  1.88634e-164  1.4828e-175  2.19498e-171  1  1.5736e-172  1.62538e-174  8.0202e-167  1.60519e-176  
1.06113e-172  4.01125e-171  2.37931e-174  4.41351e-165  7.09414e-162  1  3.53945e-176  4.48525e-176  8.75556e-177  2.02734e-175  
4.60477e-184  6.90608e-170  1  9.40978e-183  6.73359e-172  2.10977e-178  6.92944e-171  1.15286e-171  6.34486e-168  1.11806e-182  
7.72984e-169  1.46099e-170  1  4.60434e-173  1.05432e-170  1.06536e-175  4.69916e-173  1.71611e-171  8.02406e-170  3.402e-176  
4.27253e-161  2.5767e-180  1  1.48779e-164  7.08899e-175  3.14584e-169  1.92365e-144  4.71385e-182  2.07577e-173  4.78843e-179  
6.54437e-177  1.06215e-171  1  2.33661e-172  1.54012e-177  1.90753e-183  1.26092e-179  8.50528e-169  2.75681e-165  1.62416e-169  
4.52357e-187  9.83498e-175  3.77754e-174  3.51103e-179  4.65675e-173  9.90956e-175  1  6.70944e-171  4.57739e-167  4.04845e-182  
2.07176e-169  1  2.71028e-171  1.4068e-172  2.85692e-171  2.63438e-172  5.1757e-177  1.37832e-172  5.32665e-167  4.92798e-181  
1.0464e-180  7.15288e-176  6.20966e-163  8.47343e-165  2.38444e-177  6.37276e-182  1.01526e-169  2.59919e-169  1  1.22559e-180  
1  4.47033e-173  7.55787e-165  5.53874e-180  5.94785e-181  2.03541e-169  2.43567e-163  6.85756e-178  2.81945e-172  1.53121e-174  
8.03271e-171  2.94505e-177  1.11763e-171  1.96232e-171  7.78411e-176  5.28851e-181  1  7.86758e-174  9.98552e-180  1.47969e-171  
6.76523e-170  7.39238e-174  1  1.26541e-169  5.47641e-178  7.47446e-173  7.29604e-175  6.16252e-173  3.27999e-169  2.45414e-167  
1.69454e-158  7.91295e-171  2.72267e-168  6.91736e-176  1  3.60926e-167  3.35774e-173  7.95444e-171  1.14978e-176  1.90089e-173  
2.41264e-175  5.46381e-177  1.13276e-178  6.48707e-182  7.10883e-170  2.91209e-172  1  8.81621e-180  1.25514e-172  3.58682e-165  
7.4686e-174  7.48591e-171  1  4.70299e-171  8.23752e-177  2.88995e-180  1.44216e-173  1.24933e-170  9.42438e-167  3.81722e-164  
1.0341e-173  3.69236e-169  1.69723e-183  1.73291e-170  1  1.02835e-183  8.61872e-173  1.46446e-170  1.39196e-170  3.69227e-169  
2.8414e-168  3.61418e-171  1.16399e-182  4.30651e-180  1  5.66168e-172  1.45991e-175  2.90188e-172  5.9389e-170  7.63605e-162  
3.16624e-179  2.43882e-181  5.87422e-176  6.19194e-168  1  1.43289e-170  5.60918e-175  6.46841e-169  1.08691e-165  3.33167e-175  
2.39862e-168  1  1.56297e-174  1.56831e-169  6.16969e-172  7.52084e-176  2.29932e-174  1.69531e-179  3.66011e-175  7.65914e-176  
1.44032e-179  4.03195e-168  1.39497e-169  1  1.74846e-166  1.12642e-174  6.25028e-174  1.03849e-162  3.08592e-177  5.17803e-171  
8.51273e-174  2.52447e-161  1.68961e-173  1.67474e-176  2.13667e-175  8.37717e-172  2.9219e-164  1  7.67915e-170  5.65345e-174  
9.13601e-177  1.10261e-173  9.82476e-176  2.2559e-179  6.99989e-162  1  5.90336e-184  1.54676e-176  5.44498e-170  5.30433e-185  
2.2167e-180  1  1.31507e-174  4.10156e-170  8.24344e-177  5.10973e-165  4.4945e-178  1.36589e-167  6.68602e-175  4.7532e-169  
9.93352e-168  3.1083e-175  9.07494e-179  5.22973e-181  1.67385e-167  7.56151e-179  3.46379e-174  4.42178e-176  2.98066e-183  1  
6.26317e-175  3.30941e-180  1.18476e-172  3.13259e-162  1  5.97613e-177  1.2172e-168  7.55198e-173  6.99865e-169  2.94682e-180  
1  1.27407e-171  3.51149e-166  2.67974e-173  2.92112e-156  1.07415e-163  4.02632e-168  5.21492e-172  4.32448e-174  1.60057e-175  
6.35786e-165  1  3.42378e-169  7.68761e-177  7.40347e-175  1.32587e-177  9.90233e-167  6.89882e-177  4.51621e-184  5.73225e-179  
7.41211e-181  1  5.01844e-172  1.60568e-163  3.81834e-172  5.43313e-177  3.86282e-178  1.43045e-173  1.98787e-176  3.66367e-183  
1.56711e-170  3.13831e-164  7.27625e-166  7.90684e-178  5.41531e-175  4.68829e-170  9.64434e-173  3.63026e-179  1  1.89986e-175  
7.49669e-172  3.53959e-171  1.50125e-167  4.38388e-170  2.22326e-179  7.85966e-173  6.11324e-177  2.98199e-176  3.63075e-174  1  
6.22263e-170  1.29862e-171  2.35458e-171  7.88837e-169  4.24234e-169  8.4164e-174  1.53111e-177  1.87127e-174  1  3.67594e-173  
6.74613e-168  1  2.62679e-183  5.69304e-177  7.89523e-166  8.58271e-160  2.7965e-180  1.31829e-170  1.3853e-180  6.62794e-165  
1.99851e-173  1.44073e-168  8.95903e-174  1.7302e-169  1  4.32342e-158  2.26467e-168  1.44931e-180  1.0075e-175  1.42611e-173  
1.89444e-180  2.50337e-177  5.14025e-183  2.0454e-165  2.31219e-171  1  1.41146e-176  6.01488e-181  4.98069e-170  1.15759e-174  
1  2.83329e-169  1.2692e-175  2.4758e-167  1.04492e-169  5.38692e-175  7.25228e-178  1.95079e-172  1.76326e-166  1.60901e-179  
2.59736e-158  2.68298e-169  1.11703e-172  2.89912e-173  8.17712e-180  5.07822e-170  2.60047e-174  1.19563e-175  1.28832e-173  1  
1.95638e-177  1.01257e-178  1.52392e-174  3.31388e-174  1  4.42032e-174  1.82293e-173  2.69115e-156  8.26455e-166  2.14585e-162  
2.87178e-169  1  2.71524e-170  3.10291e-173  1.51682e-181  6.52556e-175  4.47862e-175  8.19079e-178  1.45906e-169  2.65183e-179  
1.83442e-162  8.57983e-173  1  3.27158e-174  1.19166e-180  3.62046e-174  7.8136e-178  5.97757e-176  5.49994e-167  5.89795e-180  
1.216e-181  4.08829e-169  1.84923e-168  1.67923e-162  6.58371e-182  3.23795e-177  5.51315e-168  1.96132e-177  6.87991e-169  1  
2.70196e-177  2.42678e-177  2.56191e-173  1  1.70916e-175  1.25683e-175  3.59314e-166  2.12551e-171  2.65125e-184  2.65521e-174  
3.15069e-180  4.96865e-169  4.84713e-177  5.11741e-169  7.46703e-175  2.89251e-161  7.30702e-169  8.35341e-179  5.82748e-170  1  
7.96652e-173  6.73918e-173  1  1.30726e-177  1.94998e-171  9.25526e-183  5.24935e-176  1.27472e-167  6.47398e-169  5.55169e-177  
1  2.84758e-175  3.72447e-171  2.35473e-170  2.10001e-177  9.13532e-170  2.68648e-171  7.15581e-164  1.4223e-175  5.85026e-171  
6.84305e-175  1.06558e-169  2.57901e-178  3.92128e-172  2.40358e-172  3.82164e-176  7.94348e-164  1  1.28738e-174  4.02529e-170  
2.9255e-168  6.87715e-175  1.25563e-180  1.79212e-179  3.35084e-170  1.55138e-176  5.51692e-176  1  6.53219e-164  8.94517e-182  
1  1.23066e-156  3.26033e-177  4.06436e-167  3.31159e-178  9.20902e-169  2.66334e-167  1.91756e-179  6.23884e-176  1.91613e-182  
1.18614e-176  9.22499e-165  6.49127e-168  1.04697e-174  6.04953e-180  1  3.04586e-167  5.32793e-173  1.3651e-179  1.46694e-177  
1.05483e-168  2.6854e-170  3.20524e-170  1  2.38948e-169  1.99707e-162  2.43629e-177  1.7099e-169  5.78748e-171  1.02415e-176  
1.99664e-157  3.26205e-170  1.45277e-162  8.00373e-175  2.65543e-166  5.86316e-180  1  1.22065e-169  8.0571e-179  8.88135e-177  
6.05643e-173  9.38839e-172  1.33848e-177  1.92927e-182  5.20597e-175  1.73472e-174  1.92478e-169  1  1.70741e-178  3.12883e-167  
5.32008e-174  1  2.91183e-173  1.06976e-176  1.52373e-170  1.45121e-177  7.40264e-182  6.65413e-169  3.19248e-173  9.89222e-167  
3.04124e-174  2.22441e-164  1.00931e-163  1  4.58818e-163  5.17984e-175  8.67495e-171  8.63713e-180  6.42241e-163  1.18419e-168  
1  3.31346e-172  1.30288e-169  4.42896e-176  2.44434e-169  5.86957e-170  2.18768e-173  7.05359e-183  1.98595e-172  4.17064e-173  
3.31833e-166  4.88437e-180  1  3.07614e-164  1.81416e-174  8.80325e-172  4.93399e-170  9.42863e-170  1.37705e-179  1.30661e-169  
8.42639e-171  1.65789e-175  7.84144e-171  1.41533e-170  1.19683e-178  9.24938e-165  1  2.76773e-173  5.59993e-173  2.86597e-181  
3.53238e-168  1.03166e-173  4.26788e-170  4.41388e-153  7.94633e-176  1  8.61841e-180  2.33355e-177  3.89562e-177  3.86718e-179  
2.32036e-160  7.61283e-169  3.88677e-180  8.71171e-170  1  4.88345e-183  1.05987e-163  9.5437e-184  1.52956e-182  1.85774e-165  
1  3.30238e-173  8.3354e-171  3.82959e-166  2.80587e-173  2.37707e-173  4.02921e-175  6.03218e-176  9.04404e-165  1.16565e-163  
5.8819e-170  1  5.83298e-156  1.59802e-169  1.77871e-174  2.71067e-170  4.02112e-175  6.76419e-179  2.41731e-181  5.94491e-174  
2.35152e-173  2.58121e-176  1.63161e-179  4.10096e-161  3.87752e-178  3.5501e-181  1.26938e-173  1  2.06482e-166  2.78693e-176  
6.29497e-173  8.1798e-170  2.14912e-161  1  1.63478e-181  9.68066e-179  3.33802e-172  1.95168e-168  9.76642e-167  9.80121e-184  
3.92243e-171  1  3.38826e-178  5.83229e-176  5.92901e-172  7.32639e-177  8.74977e-170  4.04985e-174  2.55345e-177  2.19262e-180  
9.65225e-181  8.49442e-167  9.24264e-174  2.34924e-175  1  5.72468e-169  5.53482e-180  1.4217e-172  2.31635e-174  7.55201e-169  
4.51486e-175  2.72017e-174  1.79996e-176  4.03001e-172  6.32669e-169  2.1527e-168  2.84767e-175  1.24882e-171  1  1.02542e-166  
3.71615e-178  1.35025e-174  1.18756e-168  6.79818e-180  1  4.00346e-168  4.84044e-173  6.04352e-176  8.15357e-176  1.82492e-176  
1.72719e-180  8.52777e-175  1.01932e-178  2.66691e-172  1.66723e-177  1  1.93065e-162  1.50879e-171  3.51141e-181  1.03116e-183  
1.12774e-176  2.20923e-171  3.14071e-179  1.00304e-174  1.01248e-169  2.69876e-172  2.60521e-172  4.75858e-168  1  1.26717e-177  
9.60572e-167  6.13373e-171  1.55226e-171  1.69287e-174  2.29845e-181  1  6.79527e-179  4.32088e-169  3.52947e-167  3.40634e-183  
1.70678e-171  3.6269e-175  6.69689e-177  5.44218e-168  5.24879e-177  7.48182e-176  5.77485e-176  1  1.82018e-172  3.36131e-173  
4.08929e-186  3.2672e-169  4.96724e-172  3.81306e-175  2.93473e-156  5.16718e-168  1  1.19236e-179  1.8932e-171  3.96651e-170  
6.65467e-168  1  1.82408e-172  8.17932e-164  2.8029e-168  2.3837e-177  9.28787e-171  2.9196e-183  1.60488e-179  1.40639e-163  
2.3066e-174  9.07901e-176  5.83561e-167  3.83945e-178  1  1.03542e-169  3.40086e-171  6.19402e-153  2.47451e-173  5.67516e-173  
1.39228e-159  2.67228e-167  1.7585e-180  2.74329e-166  1.25818e-178  5.03835e-179  2.05798e-174  1.3812e-168  1  1.13867e-169  
4.44548e-169  1  5.76446e-178  2.42046e-185  2.28682e-172  2.48491e-175  5.6548e-170  1.1526e-175  1.33045e-172  1.10547e-168  
3.9557e-166  2.8038e-172  1.30573e-163  6.85356e-177  1.35791e-166  1  3.93011e-172  4.01799e-175  3.99082e-177  7.22757e-176  
1.36853e-171  4.30057e-175  5.41942e-170  6.41351e-168  6.80799e-173  6.345e-168  5.43786e-168  1  3.25155e-170  1.24282e-172  
1.95836e-174  3.41062e-176  1.71599e-170  4.20108e-179  1.53008e-175  1.70624e-177  1.3518e-178  8.35785e-174  1  6.39217e-183  
5.28714e-174  1  5.65997e-159  9.61746e-158  1.22725e-171  4.26472e-176  1.44648e-171  7.96883e-176  2.1026e-180  1.0207e-173  
1.08347e-177  1.42105e-176  6.06318e-179  3.51823e-168  1  6.88066e-175  1.22651e-173  4.56365e-180  4.83227e-168  1.42856e-172  
9.66646e-177  6.33388e-170  6.67043e-180  2.08099e-181  3.03351e-169  2.66683e-171  1  1.67159e-176  4.87862e-164  1.3378e-172  
5.51242e-172  4.85608e-178  3.58116e-179  1.20715e-175  8.09456e-179  8.74805e-171  1.95785e-170  2.61353e-167  2.71478e-181  1  
2.7258e-173  1.82348e-175  1.98983e-180  1.69274e-182  5.94941e-170  3.01004e-165  4.38921e-178  7.36393e-179  1  1.01576e-175  
1  5.16885e-172  5.42128e-173  1.85205e-167  1.03678e-180  8.71089e-179  3.03279e-178  4.72655e-178  5.52465e-174  7.1305e-174  
1.51082e-174  2.5287e-179  7.68605e-176  9.92928e-171  1.16804e-177  5.93261e-170  1  1.19609e-161  9.33436e-171  1.51799e-176  
3.32477e-158  4.02285e-174  1.00061e-167  1  1.45988e-170  3.43401e-164  5.42667e-175  1.32814e-167  9.6672e-175  9.74884e-179  
8.42064e-181  7.69294e-159  2.5161e-181  1.0183e-175  4.79823e-167  1.91695e-173  7.17915e-179  1  7.10779e-177  1.33627e-176  
2.30289e-177  2.02998e-168  2.34838e-174  2.47668e-174  8.87392e-176  1.78819e-165  1  1.09021e-181  1.61533e-167  5.67031e-164  
1.65683e-181  2.11127e-175  2.58161e-177  2.34858e-177  1.09791e-172  1  3.21889e-178  3.42882e-174  2.21379e-175  3.34595e-169  
1  5.10274e-172  2.09779e-169  3.25807e-169  8.83944e-180  2.52e-170  4.49655e-171  9.71276e-171  1.20271e-174  4.51967e-173  
1  9.51633e-177  4.9929e-178  2.38079e-163  2.47761e-170  1.70987e-174  3.09566e-161  1.83578e-168  1.55977e-167  6.3481e-160  
3.40712e-172  4.4053e-180  4.03437e-168  9.92839e-169  3.45952e-172  5.35575e-171  1  1.3127e-175  7.50008e-174  5.58448e-175  
4.30382e-164  2.24465e-181  1  3.69036e-175  2.13076e-179  5.83985e-165  1.04214e-178  3.17169e-169  5.58944e-156  2.6675e-173  
1.69058e-178  1.28472e-172  1  1.33643e-177  3.23676e-177  3.47718e-172  1.71519e-169  5.59871e-177  8.94529e-180  5.55842e-166  
1.65889e-176  3.44652e-173  1.63904e-162  4.50044e-169  6.21142e-179  1.35075e-183  4.51502e-174  1.61857e-170  1  4.52181e-171  
5.377e-168  2.68596e-180  6.45962e-165  7.95277e-166  2.4137e-177  1.70919e-164  2.08584e-167  1.70057e-183  1  2.2256e-164  
1.95599e-167  6.11398e-177  6.22985e-173  1.3729e-165  4.32286e-179  5.87594e-170  1  3.32877e-178  2.47856e-170  1.88962e-167  
1.78503e-176  7.95705e-160  3.09957e-176  5.33047e-169  1.90919e-167  4.83473e-171  1  1.13451e-170  8.51718e-178  2.868e-168  
1.27675e-166  9.24932e-176  1  4.09708e-174  5.7644e-175  2.02784e-182  1.37069e-172  2.07769e-177  1.36182e-166  5.35254e-178  
7.01482e-167  9.60571e-171  9.63799e-172  1.18851e-175  1.03393e-170  5.89745e-153  1  1.49484e-177  3.56558e-172  8.93385e-175  
2.05524e-176  5.76971e-166  1.84885e-171  1.69619e-174  2.55185e-169  1.08071e-174  4.94389e-178  1  7.02029e-164  3.92261e-171  
3.25055e-187  1  1.30124e-186  7.63781e-179  1.89108e-168  4.96671e-170  1.00836e-177  1.14592e-167  5.57857e-173  2.1366e-180  
2.16653e-180  6.46125e-171  1.80667e-168  2.81815e-170  9.56023e-173  9.08676e-175  2.05071e-179  6.65459e-169  3.3552e-169  1  
1.1981e-176  3.0363e-178  3.0781e-169  3.3341e-170  5.57909e-169  5.33852e-176  1  1.09873e-174  1.85428e-177  1.02621e-171  
4.62894e-171  1.82667e-171  1.78547e-178  1  6.94084e-169  1.79814e-174  1.20309e-179  1.68306e-174  4.61512e-171  3.76099e-173  
7.76549e-163  1.92024e-168  1.61906e-173  2.5824e-178  1.85595e-175  3.08924e-166  1  1.66879e-171  5.43557e-166  1.93948e-173  
1.44554e-180  7.75733e-177  2.02699e-176  1.85277e-176  1.29232e-170  9.58994e-175  1.52863e-179  7.81294e-163  2.95742e-164  1  
1.33544e-179  1.36946e-166  8.62382e-175  3.91806e-178  2.89374e-168  2.5965e-166  7.03043e-167  1  4.95262e-179  5.51314e-167  
1  6.53484e-166  4.92688e-172  4.8882e-180  2.13473e-174  6.99421e-175  1.58888e-174  8.524e-167  3.90286e-172  1.2707e-171  
1  8.86723e-179  9.88604e-177  4.06841e-155  1.24945e-172  1.98119e-173  5.90886e-173  1.57689e-169  9.726e-172  7.9248e-170  
1.18328e-177  1  2.35099e-181  2.37673e-168  9.64938e-179  8.20264e-163  3.19854e-169  6.57492e-177  5.56583e-173  1.67608e-168  
1.76316e-187  1  3.5603e-170  2.86468e-172  3.07772e-177  3.88023e-175  1.04006e-174  1.24476e-179  2.87629e-180  2.12278e-177  
7.13588e-172  3.4204e-177  4.53065e-174  4.24653e-169  3.98679e-181  3.13125e-175  1  4.81704e-176  1.59224e-169  1.12837e-175  
1  2.12344e-173  3.05338e-177  3.07151e-166  6.83784e-172  1.12913e-164  2.41192e-170  3.22404e-171  3.5837e-174  3.03881e-175  
1  3.75771e-177  3.07951e-166  2.73283e-173  1.84925e-183  5.93032e-169  5.34043e-172  2.70229e-174  4.83829e-172  1.09134e-169  
2.05447e-172  2.74515e-176  9.19959e-168  2.14904e-171  1.43691e-162  1.09558e-176  5.58668e-175  3.0347e-179  7.65044e-175  1  
8.37007e-176  5.26804e-176  1  6.66032e-187  1.07724e-161  2.1432e-171  8.60451e-171  9.04942e-169  2.14185e-163  2.30882e-172  
1.13359e-173  8.10731e-160  4.49161e-175  7.32979e-177  6.18768e-176  5.5161e-172  6.49599e-171  6.40992e-174  9.17159e-161  1  
4.60614e-168  1.61664e-171  1  3.86446e-167  1.417e-166  4.17568e-184  6.38315e-175  8.54129e-171  2.41509e-175  8.87891e-176  
6.24035e-183  8.58504e-163  5.05597e-170  9.21429e-175  2.06904e-167  1  7.25106e-176  2.44204e-182  8.889e-173  5.11645e-181  
5.1809e-174  3.40946e-175  7.92426e-167  1  2.55464e-170  1.82441e-154  5.84625e-172  8.85312e-178  1.48826e-169  5.55243e-168  
3.93898e-171  1.18594e-176  1  2.79959e-163  1.20899e-174  7.64208e-171  3.00253e-158  5.26122e-172  7.56921e-173  1.1417e-169  
5.55126e-178  6.88632e-171  9.87853e-178  5.49214e-177  1.92099e-170  1.48093e-174  1.61681e-159  1  3.26921e-184  4.36142e-169  
2.19799e-181  1.01679e-171  1.15241e-171  1  5.8856e-175  7.76699e-175  1.60916e-175  2.0522e-167  9.38218e-172  6.84283e-173  
1.69591e-166  2.07851e-177  3.87953e-168  4.37107e-171  1  5.29266e-177  1.30061e-182  5.11033e-176  2.07444e-176  3.10553e-171  
3.46423e-169  1.59873e-169  2.54729e-175  4.28711e-177  2.46256e-177  1  1.78119e-163  6.13909e-177  2.09729e-172  6.43445e-164  
2.75117e-175  4.4218e-174  5.14916e-176  1.8871e-170  7.05974e-174  6.7732e-176  7.91064e-180  4.62944e-177  7.39515e-181  1  
1.83314e-169  1.26926e-174  4.70512e-175  4.71439e-178  3.77097e-178  1.28721e-164  1  1.85603e-171  1.32949e-171  6.43222e-180  
5.93385e-168  4.2516e-176  2.81182e-176  1.8151e-174  5.96407e-172  1  1.18713e-170  6.02315e-179  5.11584e-173  5.92573e-154  
1.21527e-172  2.59442e-178  1.70601e-179  4.29662e-169  7.1846e-178  2.84338e-178  4.4582e-170  1.00094e-180  8.80805e-166  1  
2.32285e-182  1.86181e-164  2.5538e-178  1.72286e-171  1.6015e-176  1  1.81361e-178  6.3737e-182  5.97341e-169  2.72837e-169  
1.90288e-181  1  2.94992e-164  4.42445e-169  1.42193e-165  2.77465e-172  4.11062e-175  2.12017e-165  1.20306e-174  3.9339e-167  
3.62428e-179  2.46232e-177  2.96102e-171  1  4.73882e-175  2.49772e-168  7.49987e-170  1.43762e-170  1.95199e-172  4.255e-177  
2.60621e-176  4.35178e-170  9.91566e-175  2.65893e-167  9.90912e-175  3.50704e-172  1  8.29372e-171  2.36905e-173  1.35884e-174  
1.0978e-176  1.74628e-173  5.71074e-165  2.02669e-173  1  9.10242e-176  2.41596e-174  3.78067e-163  3.71863e-172  2.23898e-178  
1.07313e-174  1.00172e-165  1.85162e-178  1.58017e-168  1.53063e-173  7.25298e-179  3.03096e-173  4.90318e-171  1  1.83853e-177  
2.19568e-164  6.34474e-181  1.72823e-166  3.98817e-169  8.1693e-167  9.49416e-168  1.97689e-178  1  4.71455e-180  4.29099e-176  
1.87905e-168  5.57008e-175  8.47593e-167  5.33808e-176  4.31032e-173  1.84334e-175  1.65114e-170  6.7673e-164  4.70513e-173  1  
1.85831e-169  1.09398e-178  4.67259e-180  1.4976e-175  3.52611e-172  1  2.69102e-183  1.09128e-161  1.04106e-174  3.1258e-173  
1.03729e-171  2.02187e-157  1  2.93502e-171  7.72709e-178  5.1299e-168  1.1678e-175  2.7241e-173  1.30281e-171  1.43975e-173  
7.70134e-164  5.54791e-180  1.03342e-175  1.25663e-176  7.63872e-177  1  3.99514e-165  1.91137e-172  3.47241e-165  2.56291e-160  
1  3.30414e-176  2.05054e-166  6.24357e-164  2.97289e-161  6.8728e-176  4.0145e-161  3.46077e-174  1.65206e-172  5.75278e-175  
1  1.69753e-167  3.90009e-166  3.55199e-177  1.01929e-173  1.24535e-173  1.66905e-175  1.87367e-179  2.58751e-171  1.25177e-178  
7.34909e-170  1.06296e-178  3.5536e-167  7.60019e-174  1.15253e-173  1  2.28075e-168  5.44575e-172  3.0425e-174  6.30269e-179  
1.60407e-173  3.20076e-178  1  5.59411e-171  9.00856e-170  3.00812e-169  1.45788e-165  1.48298e-175  3.71099e-169  2.28852e-169  
2.20486e-178  5.40827e-179  1  5.64643e-181  4.10243e-174  4.0046e-175  7.28507e-171  7.57978e-168  2.75629e-175  6.27211e-163  
1.0097e-174  1.32931e-172  4.03584e-180  4.60807e-181  1.77189e-169  1.24311e-172  6.11776e-175  3.27634e-179  3.72503e-164  1  
2.8462e-171  6.11975e-178  4.78911e-171  3.56078e-168  3.69168e-163  2.47335e-170  1.43534e-166  1.20571e-173  1  7.30385e-158  
1  8.79171e-158  2.24619e-165  2.73995e-171  1.00667e-175  1.79022e-171  9.70862e-174  2.61238e-178  1.79231e-167  6.52793e-185  
3.56122e-179  1.11786e-172  5.78413e-174  2.16968e-173  7.05962e-176  2.83445e-167  5.20599e-180  2.6037e-176  1  3.4562e-170  
7.93887e-166  4.98225e-175  7.81214e-171  1.08712e-174  7.30931e-164  5.85954e-173  2.22782e-175  6.24356e-176  7.78219e-176  1  
2.10076e-177  1.289e-176  1  8.20818e-170  5.05616e-182  2.09927e-175  6.55022e-171  8.67689e-168  2.70634e-176  4.52262e-177  
1.86724e-176  5.74379e-172  2.2863e-173  4.65894e-162  6.45698e-174  2.77162e-168  1.48279e-163  6.1835e-172  1.43319e-175  1  
8.25958e-168  1.23113e-176  4.44304e-180  9.98583e-178  1.03761e-181  8.82128e-171  1  3.831e-166  5.02713e-171  2.26496e-168  
2.99972e-179  1  6.0048e-174  7.56028e-175  2.6223e-176  8.20319e-174  4.16341e-171  2.97284e-170  1.35196e-168  3.59485e-174  
5.92428e-175  3.53984e-173  2.51449e-163  2.48787e-177  5.47029e-164  1.05058e-177  1.21382e-172  3.88598e-175  1  4.46557e-178  
7.28735e-180  5.60117e-167  1.06593e-163  4.52015e-176  6.05028e-165  1.22536e-159  2.50816e-173  1  3.19153e-176  1.47147e-178  
7.1249e-172  1.194e-174  2.8855e-165  6.35319e-169  1.2011e-168  1  2.54405e-167  7.4999e-174  4.99025e-171  5.21295e-171  
4.09327e-170  5.22392e-167  8.58257e-181  9.48806e-174  1  1.2572e-165  4.85738e-169  1.18496e-172  4.73436e-168  1.6304e-172  
7.1969e-174  9.46587e-169  1.54943e-172  5.01659e-178  9.77701e-170  1.81172e-166  1.98091e-172  2.18798e-170  2.51867e-170  1  
6.83772e-174  5.72962e-171  1  3.82546e-177  2.75954e-163  6.74343e-175  3.784e-169  7.51921e-182  2.06006e-169  9.01666e-175  
1.07058e-173  1.09556e-169  1  2.59051e-165  4.06757e-169  3.59719e-165  3.01646e-174  1.92027e-177  9.80005e-172  2.7831e-159  
8.48517e-166  8.42326e-170  3.91516e-168  2.00485e-175  1.3371e-174  3.38963e-175  3.77013e-173  1  5.71002e-177  2.05844e-175  
4.38627e-174  1.97065e-178  6.61923e-174  1.61076e-180  7.09929e-177  8.80396e-165  1.26151e-168  1  8.94332e-168  5.65565e-179  
1.58895e-171  1.32521e-170  2.00209e-169  5.49019e-167  1.4095e-173  4.58067e-176  9.15969e-169  1.0656e-171  7.50174e-175  1  
1.31512e-174  2.82844e-180  2.22721e-170  1  5.80069e-175  1.46791e-171  1.45821e-179  9.90136e-169  8.31612e-177  2.25993e-173  
2.08918e-170  8.58372e-161  1  5.63667e-175  2.92308e-166  2.9858e-163  1.48636e-175  1.18095e-167  4.19729e-173  3.26359e-177  
4.64674e-178  1.29409e-172  1  8.10797e-163  1.95831e-165  1.33612e-179  1.01959e-173  6.21211e-174  1.43687e-175  1.0303e-171  
1.55578e-172  1.23529e-168  7.52524e-165  2.02259e-176  2.39556e-179  1.11829e-174  1  3.83994e-176  2.25394e-178  7.62907e-170  
1.7879e-167  3.29781e-181  8.30781e-180  4.45189e-177  9.63921e-174  1  4.55126e-172  2.72432e-179  4.19321e-166  8.5531e-173  
1  2.45204e-179  1.86708e-180  5.00635e-167  7.33375e-168  8.15459e-171  1.38167e-163  4.97575e-175  7.20806e-172  5.35821e-172  
1.3236e-169  1.09798e-172  6.04652e-184  3.56989e-173  7.32347e-171  4.27301e-175  5.67607e-173  1  6.34028e-187  3.02109e-172  
6.01559e-173  9.71631e-170  1  7.75225e-173  2.76215e-170  1.16318e-173  7.50631e-178  2.47778e-172  5.11104e-162  1.10014e-171  
1.46387e-173  2.5655e-173  1.27045e-168  5.71124e-176  2.4974e-169  9.12291e-176  1  7.61637e-182  7.33267e-167  3.10131e-175  
1.54005e-163  3.58393e-182  7.22792e-173  1.58092e-170  6.60676e-178  1  7.62853e-179  6.83575e-178  1.95521e-175  1.43161e-178  
2.15101e-166  3.65741e-184  1  3.32572e-161  6.65391e-177  5.93471e-174  8.42808e-179  3.35347e-180  2.89603e-172  1.22846e-171  
3.24445e-169  1  5.89285e-171  1.14058e-180  3.97734e-179  9.05918e-181  4.87249e-177  3.12685e-170  2.19805e-165  3.45931e-178  
