8
10

0.00582591 0.165524 0.121145 0.110007 0.0027416 0.0608293 0.127485 0.120117 0.117718 0.168609 
0.00819062 0.0273641 0.175354 0.0776247 0.164929 0.0294118 0.15618 0.048213 0.140171 0.172561 
0.203952 0.190308 0.0284639 0.0503411 0.168901 0.0355211 0.0484592 0.0592802 0.098565 0.116208 
0.0201113 0.097347 0.195978 0.0333761 0.034018 0.163243 0.14356 0.179504 0.0571245 0.0757381 
0.0588394 0.0457189 0.0711484 0.124983 0.127688 0.131611 0.111051 0.0949547 0.105911 0.128094 
0.00666831 0.165967 0.135095 0.0424796 0.128674 0.103235 0.125216 0.236849 0.0338355 0.0219807 
0.175286 0.0549809 0.116313 0.0244965 0.0509889 0.101252 0.133733 0.11468 0.155507 0.0727636 
0.00392481 0.00289196 0.0760174 0.165462 0.138401 0.083867 0.0282999 0.136542 0.160504 0.20409 
