   2.8146684e-03   1.1184608e-03   6.1472387e-03   7.0267332e-03   1.9744671e-03   1.8408048e-03   6.2397494e-03   8.3402579e-02   1.2549611e-03   2.7168840e-03
   1.7412262e-03   1.2964720e-03   5.2208244e-03   9.4329353e-03   1.3238336e-03   1.6559218e-03   5.8990562e-03   9.9313580e-02   1.6680584e-03   1.9240762e-03
   4.5406452e-04   9.6598672e-04   2.0816911e-03   7.6582078e-03   2.3515838e-04   9.2434915e-04   2.8401881e-03   8.5088856e-02   2.0509869e-03   8.3328121e-04
   1.6066707e-05   7.0315928e-04   1.8953769e-03   4.1125287e-03   1.5820954e-04   7.7938978e-04   1.3740362e-03   1.0967308e-01   1.4904451e-03   5.1359518e-04
   5.4865496e-11   3.7200999e-04   1.8826747e-03   7.9810259e-03   4.8191592e-07   3.8764464e-04   1.2825492e-03   1.2299919e-01   9.6671601e-04   1.3810389e-08
   2.7951764e-24   2.8762444e-04   9.7018496e-04   6.7296611e-03   3.1042130e-04   2.7475068e-04   1.3885772e-03   1.4733452e-01   8.9007968e-04   2.3617031e-04
   3.2506477e-05   3.6569039e-04   7.8778392e-04   5.4873687e-03   1.4754843e-13   2.5731464e-04   1.5276915e-03   1.2713663e-01   4.9119924e-04   3.4771370e-04
   5.8459974e-08   1.5960916e-04   9.9796332e-04   4.8938513e-03   5.0506297e-14   4.5983259e-04   6.2176436e-03   7.9039188e-02   3.9287326e-04   8.3990878e-05
   1.5665645e-05   2.2439752e-05   3.0155298e-15   1.3485161e-03   3.6021061e-06   5.6024072e-10   6.4258959e-02   3.1058321e-02   1.1152455e-04   7.8305947e-17
   6.2118929e-16   4.4569333e-28   4.3996818e-20   5.0644665e-05   4.0212268e-08   1.4218378e-20   1.5481081e-01   2.2376469e-10   1.1194224e-04   3.1013186e-07
   3.1266730e-04   4.1942813e-05   8.3338192e-10   5.3541490e-03   4.2527325e-27   2.6944710e-08   1.2033745e-01   7.5782211e-14   3.4444311e-03   6.7332594e-02
   2.6087926e-02   3.8865752e-07   4.4691971e-02   1.8212093e-03   1.0897887e-22   9.0683369e-04   1.6434530e-02   5.1758322e-24   1.4102691e-02   1.8737756e-01
   8.6247655e-02   7.4150053e-05   2.3150039e-01   6.1523231e-11   2.7703848e-30   6.5744631e-03   1.4776213e-05   5.3097667e-33   2.1659337e-02   9.6718633e-02
   6.2136655e-02   1.9591040e-13   2.1661207e-01   8.7285968e-16   1.4690382e-36   6.7624265e-02   6.5417584e-05   2.1059223e-37   1.1980837e-02   1.3067489e-02
   4.5759532e-03   7.7024647e-03   3.5933414e-02   1.1652503e-14   2.3589370e-28   1.5088441e-01   1.6954297e-03   2.0677675e-28   4.5070023e-03   1.1284066e-10
   1.0801686e-03   7.2835226e-02   4.8350390e-03   2.2358797e-11   9.7793592e-22   9.4996298e-02   3.2176747e-03   5.0623952e-27   5.5094635e-04   6.2544690e-22
   4.8829854e-04   8.6457901e-02   4.7558107e-03   3.2851228e-06   1.4981445e-08   2.2096116e-02   1.4229828e-02   1.1884046e-03   1.5835382e-04   1.9857233e-22
   8.3197919e-05   2.7331503e-02   1.8982009e-03   3.8897553e-14   1.0791145e-04   2.6267400e-03   7.1800971e-02   1.0132203e-17   1.9643910e-06   1.3600824e-26
   4.3698267e-15   2.7948115e-03   2.1855063e-07   3.6425236e-15   9.3061076e-05   3.6961884e-04   1.2097596e-01   3.7363044e-30   3.8262390e-12   1.1118485e-30
   7.1502521e-18   5.2869126e-04   4.1814890e-17   2.4603912e-22   3.5980914e-06   3.4777852e-05   1.2318685e-01   4.7710218e-36   8.9238622e-06   4.4213361e-22
   3.7044003e-04   5.0882140e-04   4.7659595e-16   4.9775174e-10   1.7388650e-05   4.5219403e-04   7.7514398e-02   3.9730500e-21   1.0867308e-04   1.2319333e-02
   1.5997080e-13   5.9200005e-04   2.0337746e-17   4.8523112e-04   1.6905826e-04   8.4924772e-04   1.5096959e-02   1.0500489e-08   1.4623323e-03   7.3158480e-02
   2.2487371e-16   5.5265813e-04   3.0173135e-13   5.8513976e-04   1.3579275e-04   1.0197515e-03   2.2011973e-03   2.4255430e-03   4.3735008e-03   1.1403728e-01
   3.9309652e-03   3.9943472e-05   2.8882866e-03   4.9234059e-04   3.0644168e-09   3.2623565e-04   5.5711002e-04   1.0666418e-03   8.6381425e-03   1.2777869e-01
   2.5844930e-02   4.9927515e-04   7.0182426e-02   6.4311360e-09   1.7407211e-10   7.1509461e-09   6.5867282e-10   7.7052249e-10   1.2835912e-02   6.7595395e-02
   2.4702897e-02   8.8533842e-04   1.2497384e-01   1.3782631e-03   1.8920396e-05   3.3630427e-03   1.5303446e-03   8.7937330e-03   1.3835726e-02   9.0351827e-03
   1.7276050e-03   3.7042748e-04   8.5045340e-02   1.9025981e-10   4.1577350e-05   1.5617073e-02   1.3692250e-02   2.0109629e-06   1.4412807e-02   7.2941363e-20
   3.9848380e-30   7.6651325e-15   1.3208397e-02   2.1471716e-03   2.2124613e-04   5.0647625e-02   1.5137057e-02   1.4624657e-07   6.2369251e-03   1.4155405e-25
   3.5777534e-14   1.7072117e-12   8.5009526e-07   1.3901768e-03   4.6177289e-04   9.1475050e-02   1.0089555e-02   2.5249720e-10   2.4765042e-03   2.4920087e-08
   1.1208741e-14   1.0300275e-02   1.5220541e-07   1.1275742e-08   7.6664414e-04   8.9419518e-02   1.0217558e-02   1.6766679e-11   1.2559929e-03   1.1148557e-03
   1.0113755e-12   8.1848395e-02   3.4199697e-15   2.9986086e-04   5.9054593e-04   4.2820458e-02   5.4703620e-03   9.0971788e-10   8.7119019e-04   2.1076419e-03
   1.4196776e-14   1.8592776e-01   4.7212583e-08   3.5992782e-05   2.8970992e-04   6.5878439e-03   8.8049535e-04   1.9588993e-17   4.1521342e-04   5.1349882e-03
   2.1116748e-04   1.4063658e-01   1.0547731e-13   1.4107806e-04   4.4329917e-07   1.5618162e-03   4.4060180e-04   9.3369211e-10   8.4691688e-04   1.2173988e-02
   3.2126796e-22   3.3962928e-02   2.7517609e-05   1.8266772e-03   2.7984187e-04   7.5846958e-04   8.2677334e-04   1.8897836e-03   2.2570945e-03   2.6212427e-02
   5.7464578e-35   6.1577325e-03   7.9219558e-04   2.6934120e-04   3.4759178e-04   3.3438863e-04   2.4758242e-03   1.9653134e-03   7.5609579e-03   3.8995251e-02
   7.0870119e-19   2.5336522e-03   7.3106886e-03   3.7174174e-15   1.4471276e-10   1.5855722e-06   5.1617590e-03   1.7903508e-18   1.8730774e-02   3.4659479e-02
   4.1455941e-02   2.2902768e-03   2.2039359e-02   1.2460551e-11   1.2254629e-10   1.5487184e-07   4.9840587e-03   3.5952617e-29   1.3991308e-02   1.4977028e-02
   6.0152508e-02   7.2701070e-04   2.4531403e-02   1.3757825e-13   5.7575187e-08   2.3028430e-09   2.4589138e-03   1.7624422e-28   2.2249551e-02   9.2194974e-17
   1.9129091e-02   5.4809187e-08   1.9716486e-02   3.7276902e-23   2.8719747e-14   2.5359472e-06   7.3962291e-04   3.1641624e-29   3.6421880e-02   6.4520776e-38
   3.6270572e-25   1.2285625e-11   9.0174696e-03   3.2792305e-23   1.0839135e-18   6.2068449e-04   7.1906242e-04   1.2848963e-25   3.3141453e-02   1.0196923e-36
   6.6009318e-33   1.8067833e-06   7.3434978e-07   3.9535822e-11   1.3838422e-04   4.2617799e-03   5.8486980e-04   7.5639820e-15   2.0953775e-02   1.5266311e-20
   2.0681074e-23   4.1350676e-10   1.5955347e-18   3.3760656e-04   2.1895086e-04   1.1443732e-02   4.0310411e-04   4.1567543e-10   1.1072092e-02   9.0389734e-14
   2.0001042e-22   7.1575649e-17   2.7419583e-22   6.6480491e-04   1.6906441e-04   1.8848047e-02   3.1378024e-04   2.8978971e-14   7.0682989e-03   5.7267894e-04
   1.1945255e-06   3.9692190e-24   3.3735814e-15   5.6687970e-04   2.1346236e-04   2.4241420e-02   4.7753906e-04   7.0587355e-21   3.2588753e-03   9.9223036e-04
   1.1413356e-03   3.7216423e-18   3.7263363e-27   6.0267921e-04   2.0034182e-04   1.9304358e-02   1.1017052e-03   1.4927044e-23   1.8220260e-03   1.4555004e-03
   5.0695070e-11   2.6722909e-03   5.2017988e-35   7.5275308e-04   9.8457943e-05   8.0640318e-03   9.9342467e-04   2.2629163e-29   6.6050846e-03   1.2506945e-03
   8.3103374e-42   1.3317643e-02   1.4732962e-37   1.2014306e-13   8.8965185e-16   1.9179734e-04   3.8486898e-04   2.1911451e-34   1.5826732e-02   9.3614324e-04
   1.6738336e-14   1.6508588e-02   4.0198495e-29   1.2480511e-19   4.3944362e-18   1.4108321e-10   8.4908644e-05   7.4795860e-38   2.5091960e-02   2.2033753e-16
   3.8710972e-02   9.5275049e-03   4.1548028e-31   3.9441978e-21   2.1330032e-11   1.0200450e-13   2.5984939e-04   5.0463211e-40   1.8248018e-02   2.3250806e-37
   7.7985821e-02   2.0967687e-03   2.8442053e-19   2.6576875e-11   1.2970375e-04   8.5396524e-10   5.3362149e-04   3.2643184e-20   9.0891104e-03   7.8823629e-37
   4.6424557e-02   5.8067841e-07   1.6437505e-12   2.1528880e-13   6.6406896e-05   2.8186323e-09   1.5304329e-04   2.1768946e-11   1.1356654e-02   1.6990227e-37
   4.2172565e-03   4.8836833e-09   5.4464130e-10   7.6659355e-12   1.0431788e-09   4.7609499e-09   1.6892315e-04   1.4274909e-10   1.5647871e-02   1.6861976e-40
   2.3421970e-29   2.9821787e-14   1.2704009e-15   1.3499709e-04   3.2298332e-06   2.6337131e-05   5.5065768e-04   1.8558250e-13   1.1464411e-02   2.3513904e-31
   5.5035726e-11   2.0115081e-12   4.0795515e-22   9.4554107e-05   3.5983196e-09   8.2238516e-05   9.5228530e-04   5.6871867e-14   7.7245359e-03   9.0451364e-22
   4.3797046e-04   1.9910974e-08   1.7066453e-23   8.6205855e-06   9.6503777e-05   7.3791440e-04   1.0472741e-03   1.1284263e-07   4.9206882e-03   5.0037164e-04
   2.4507503e-11   2.1724630e-28   2.4307905e-29   2.7185283e-04   2.5033026e-04   1.7393242e-03   9.5784344e-04   3.2935366e-06   3.9084055e-03   1.5884200e-03
   1.5116122e-09   1.3933502e-31   6.7217073e-32   2.4598998e-06   2.4405731e-04   2.2130420e-03   1.1013958e-03   2.0931195e-08   4.1212515e-03   2.0999727e-03
   1.4761738e-24   1.8731499e-38   1.7507611e-32   2.6455366e-17   8.2273382e-05   1.7159101e-03   1.5374004e-03   2.2840074e-18   8.3552866e-03   1.5406810e-03
   1.8570164e-40   8.7513421e-35   3.4828238e-28   2.0177587e-19   1.9782239e-07   1.0837418e-03   1.1656839e-03   8.1215384e-23   1.2817444e-02   1.8857687e-03
   2.5203477e-17   3.0770961e-07   9.7157057e-20   1.7142694e-14   6.3455514e-05   3.2581515e-04   5.7891144e-04   2.4484936e-13   1.3840373e-02   1.7594649e-03
   1.1080064e-02   3.7706092e-04   1.7893661e-03   2.4910049e-04   1.9757555e-05   2.0207874e-05   7.0307798e-04   3.6249048e-05   9.6231809e-03   5.8395898e-08
   3.4698503e-02   2.1897974e-03   3.4778130e-03   6.9216607e-04   2.9243479e-04   6.8536705e-05   1.3186238e-03   7.1791828e-05   4.7322285e-03   2.0727095e-19
   2.8906968e-02   5.7370436e-03   4.8660792e-03   8.5146453e-07   2.5491837e-04   1.2961999e-15   1.8843917e-03   8.4269131e-05   3.5841976e-03   1.7027569e-21
   5.7083938e-03   6.2040625e-03   2.3207709e-03   2.0618616e-13   2.1928469e-04   1.1683540e-12   1.6008748e-03   5.9241777e-18   6.1772004e-03   1.7173027e-23
   3.4225672e-25   3.0598917e-03   3.5081284e-04   5.9979754e-12   2.2462391e-04   2.7305832e-05   1.0561647e-03   4.3564163e-13   7.5418034e-03   4.0931793e-12
   8.2955013e-32   5.6405062e-04   2.0810359e-10   3.3993399e-09   1.1023250e-04   1.0730352e-04   7.5435337e-04   6.5719066e-15   7.4760804e-03   5.9947411e-04
   3.3750333e-41   6.0602357e-05   3.0469506e-17   6.6199023e-17   1.3380397e-04   2.0462715e-04   1.1401185e-03   1.0481591e-11   6.7560162e-03   1.1926172e-03
   1.9336231e-32   4.6271323e-05   3.0956053e-14   1.5433616e-21   5.2834639e-05   2.5166303e-04   2.5032360e-03   6.2497578e-19   6.9813646e-03   1.8536109e-03
   6.4152372e-22   2.3143340e-05   3.2476333e-22   1.9725721e-18   3.7226397e-04   7.3905821e-04   1.8476828e-03   2.4261624e-17   5.5603523e-03   2.7062499e-03
   9.0619152e-19   7.2286552e-07   1.4521513e-16   8.3606008e-12   4.1403782e-04   1.5502572e-03   8.2394775e-04   4.2746855e-14   5.6474117e-03   3.7882732e-03
   4.8974272e-27   5.7117250e-10   1.9217422e-18   2.2494453e-12   1.8962725e-04   1.9089284e-03   5.6655244e-04   7.6024233e-24   7.3652338e-03   6.5071728e-03
   1.4409185e-22   1.5830602e-10   1.0382792e-20   5.0637802e-16   2.3109154e-04   1.6694114e-03   5.8968171e-04   1.3066197e-24   8.2134265e-03   4.2518518e-03
   4.9867984e-03   2.2489443e-06   1.7158597e-12   1.8560074e-10   7.6699664e-05   1.2828018e-03   5.5183139e-04   1.3849719e-14   7.4304304e-03   7.8671068e-04
   2.3536681e-02   2.1742769e-04   1.0663526e-12   9.2344609e-04   1.9582956e-04   1.1130634e-03   4.2171994e-04   2.8097910e-07   3.5543045e-03   8.0646743e-04
   2.6698597e-02   1.7352619e-04   2.2786235e-12   8.1837166e-04   3.6016254e-04   3.0182102e-04   3.7283536e-04   3.1555687e-11   4.0503500e-03   7.3171951e-04
   9.0139997e-03   1.8425736e-04   2.0557918e-09   4.8202920e-04   1.7381499e-04   6.4342252e-05   4.0759623e-04   1.9088195e-19   6.6701918e-03   4.6807726e-04
   3.1275820e-18   8.7359461e-04   4.3021493e-19   1.6720857e-05   1.1125364e-05   2.2530400e-05   8.4807898e-04   4.4332559e-34   9.0532325e-03   4.1015808e-04
   2.3283392e-24   2.4705238e-03   2.8445245e-25   1.0454826e-04   1.4246545e-04   7.8476647e-10   1.6951908e-03   2.8247052e-35   8.6438301e-03   1.8735317e-04
   6.2130897e-23   4.1977636e-03   1.8286601e-24   1.0211584e-04   1.2483182e-04   9.6268316e-06   9.4764115e-04   1.4740490e-21   6.1459057e-03   7.9771132e-04
   1.8093985e-26   2.9269858e-03   6.1134256e-17   1.7612113e-04   2.5174308e-04   1.8585173e-06   7.0629422e-04   5.7172812e-12   4.9359737e-03   9.8999140e-04
   3.8676247e-30   7.7684473e-04   5.3299753e-14   2.5884698e-04   2.2369882e-04   2.3199062e-04   5.6401551e-04   2.4908660e-08   4.4195551e-03   1.3089015e-03
   1.5426430e-27   9.4928158e-05   6.0532399e-21   2.6743926e-04   3.7259541e-04   2.6498479e-04   3.5790829e-04   1.2257179e-12   4.7858680e-03   1.1180702e-03
   1.6627301e-19   9.9190399e-05   5.3599989e-20   2.8230466e-04   8.7877523e-05   2.6206411e-04   2.5598562e-04   3.1829304e-14   5.1484056e-03   8.5286199e-04
   5.2294900e-17   8.8258926e-05   1.6711657e-19   1.4818967e-04   1.8121391e-04   5.4621200e-04   3.3596005e-04   3.1105746e-15   4.9628028e-03   4.0703041e-04
   1.6170299e-03   1.0935337e-05   2.1275638e-23   3.2411998e-04   1.5508090e-04   9.0393256e-04   2.9794821e-04   2.4019219e-15   4.3612086e-03   2.1866106e-13
   9.5969784e-03   9.9653189e-11   3.3409632e-20   8.8693723e-06   2.8936165e-04   1.0420499e-03   3.7411938e-04   1.6075299e-21   3.3942309e-03   6.3359663e-07
   1.6818680e-02   3.1434949e-10   1.1414501e-23   9.4771107e-12   2.4852839e-04   1.0474678e-03   6.8003683e-04   4.9500981e-15   3.3323780e-03   1.2494034e-04
   9.2165160e-03   1.9837810e-14   8.7538820e-18   1.0073488e-11   1.4623224e-04   5.2457314e-04   5.9580258e-04   7.4470586e-19   5.1769062e-03   9.8627562e-15
   8.2890790e-04   3.0147405e-05   7.4568757e-07   1.7540474e-06   1.1269716e-04   1.4040225e-04   4.4356559e-04   3.7696548e-12   5.4980002e-03   3.5779528e-10
   1.0038764e-18   9.3258725e-05   4.6603654e-08   2.4093372e-04   1.7331267e-04   8.2850314e-05   2.5943525e-04   2.0855975e-12   4.0669553e-03   1.7352580e-04
   1.6008633e-12   1.7857294e-04   6.6512390e-11   6.7298596e-06   4.7370930e-04   1.7607527e-04   1.5296618e-04   4.0008583e-07   4.4505756e-03   2.4866496e-04
   1.1607386e-23   2.9311772e-04   1.0160961e-13   1.5386642e-04   3.7917572e-04   1.6600896e-04   1.3606054e-04   2.4983103e-05   4.6940409e-03   1.0791400e-04
   1.7220195e-23   1.4289329e-03   3.9368342e-14   1.2362019e-04   1.8698478e-04   7.6669756e-05   1.4910967e-04   2.7609210e-04   5.5009994e-03   1.4913150e-08
   2.4765922e-18   3.4284875e-03   1.0849348e-14   6.2752307e-08   1.8221000e-04   2.3210182e-05   1.5530629e-04   2.8476775e-06   6.3937443e-03   1.2308913e-07
   2.6153819e-12   4.6286149e-03   5.9969543e-13   1.7239179e-07   3.5537197e-04   7.7338729e-05   8.4462498e-05   1.3133792e-09   7.5079655e-03   6.7946547e-13
   3.3869937e-04   2.7901678e-03   4.6940782e-22   1.1440718e-07   3.9974162e-04   1.9758256e-04   1.8042290e-04   1.1380474e-04   7.3065482e-03   9.3468255e-20
   1.5488479e-03   9.2222466e-04   6.3748198e-05   3.0834865e-06   3.2586916e-04   6.7645459e-04   3.4232562e-04   6.5615123e-05   7.1393531e-03   5.5012137e-20
   7.2343985e-03   1.5673416e-04   1.0721716e-15   5.5139139e-04   4.7586106e-04   1.9283528e-03   3.1494703e-04   2.2488464e-04   4.9704669e-03   1.2811951e-10
   2.0168970e-02   2.8751471e-08   2.7152094e-29   4.1267701e-04   3.0521175e-04   3.2015163e-03   2.5697653e-04   1.4752062e-03   4.0396855e-03   2.4108818e-04
   1.8475433e-02   1.2028590e-04   6.2243522e-38   5.1295991e-04   3.4955926e-04   4.5578652e-03   2.6093611e-04   1.6727894e-03   3.2875572e-03   2.3537697e-04
   5.2064766e-03   1.6208409e-17   4.7204201e-26   1.6540539e-05   3.1924193e-04   3.4066517e-03   2.2315871e-04   7.9998837e-04   6.0727496e-03   4.8221167e-05
   2.1416762e-11   1.4246035e-04   4.2909584e-24   1.7297926e-04   6.5097206e-05   3.5631117e-03   1.9419961e-04   2.0763226e-07   7.4476013e-03   2.1589870e-04
   1.4310183e-13   3.8953417e-04   5.2950749e-19   4.3461405e-05   2.6891403e-04   4.0552902e-03   2.6218117e-04   3.8785370e-09   5.9902583e-03   3.1197269e-04
   3.9908345e-10   7.4029185e-04   1.7702266e-15   4.8468846e-04   2.2183897e-04   2.5163580e-03   3.4922688e-04   1.1184711e-10   6.4941148e-03   6.3656468e-08
   1.1474919e-22   5.0965655e-04   4.2029924e-27   3.9391575e-13   2.4797529e-04   1.6595884e-03   4.6304691e-04   1.1434656e-10   7.1661012e-03   7.7335111e-19
   8.4978389e-37   1.4435833e-03   1.2803180e-14   5.9194567e-04   1.0763290e-04   4.8511338e-04   5.9141419e-04   1.5525884e-11   7.0004498e-03   1.1288146e-13
   1.9127124e-10   1.9172737e-03   1.4885756e-13   2.1232238e-04   8.1652562e-05   1.4197308e-04   5.8591041e-04   9.0408163e-07   6.3303035e-03   6.6324337e-12
   7.3464359e-04   4.1144193e-03   2.5883428e-09   1.0178443e-03   1.2946409e-05   1.6534714e-04   4.7045406e-04   2.6739060e-09   4.3654284e-03   1.9272236e-10
   1.3945132e-03   8.3123136e-03   5.9808466e-05   7.7667161e-04   2.1881545e-04   1.5485336e-04   3.2631196e-04   1.2392784e-07   4.1215706e-03   6.0822855e-16
   4.4560191e-03   1.6773116e-02   6.5796351e-06   1.4685168e-03   2.6370223e-04   1.8728818e-04   2.1152970e-04   7.9301048e-06   3.0746847e-03   5.5857260e-27
   1.0653231e-02   1.6107783e-02   1.0513380e-10   1.6266638e-03   2.8205629e-05   3.0076821e-04   2.5990268e-04   7.5658855e-05   2.3228430e-03   1.8175363e-18
   1.2018374e-02   8.2226512e-03   1.2187887e-06   1.7788564e-03   3.2930575e-06   5.1590841e-04   2.5310044e-04   1.9125155e-08   2.2527325e-03   1.6388291e-13
   6.4457996e-03   2.5198717e-03   5.1954075e-06   1.8549627e-03   5.3633501e-07   1.0149183e-03   1.9324197e-04   2.2039424e-08   2.5857637e-03   3.8562100e-04
   1.1651491e-03   1.0857078e-03   2.0601195e-18   1.2424077e-03   8.1638951e-06   1.4638037e-03   1.9584525e-04   1.4668141e-04   3.6946946e-03   5.4565753e-04
   1.1298498e-07   8.9435733e-04   5.7885860e-17   1.2906829e-03   9.6743348e-11   1.6636936e-03   3.6727853e-04   3.1536062e-08   4.4220414e-03   3.1872316e-04
   5.8469085e-04   1.0776927e-03   1.0641947e-17   1.1254122e-03   1.3952671e-04   1.6028493e-03   5.6005464e-04   3.2439838e-13   4.5467467e-03   1.6533720e-04
   5.5421620e-04   8.6090202e-04   3.9825658e-13   1.3904560e-03   2.1802546e-04   2.2527451e-03   4.7819665e-04   2.6628726e-10   4.4303083e-03   2.5625175e-11
   7.8586722e-07   6.8572157e-04   4.4410562e-18   1.3739574e-03   1.0798437e-04   1.6160776e-03   4.8077920e-04   1.8200431e-06   4.1822484e-03   2.8256555e-04
   3.2571431e-04   1.5191317e-03   7.3870120e-06   1.7410861e-03   1.0109371e-05   1.7308126e-03   3.8905618e-04   6.1435843e-07   3.6791552e-03   5.4548286e-06
   8.4259076e-04   1.0322679e-03   4.0348695e-04   1.7131554e-03   1.9491468e-04   1.2406443e-03   3.9613788e-04   2.9873326e-12   2.3723266e-03   7.8985207e-05
   7.6693703e-04   2.0801689e-03   1.0181779e-03   2.5803566e-03   3.5316792e-04   6.8822002e-04   2.4006055e-04   3.0492283e-09   1.8470511e-03   2.2642528e-04
   4.6025042e-03   3.2032030e-03   7.1031090e-04   2.9784745e-03   8.8105274e-09   1.1730101e-03   2.3782282e-04   3.7997527e-09   8.7218694e-04   2.6583554e-04
   1.0299733e-02   3.1841251e-03   3.6586611e-04   3.7110380e-03   6.0994551e-17   2.5069787e-04   1.5988486e-04   2.8350967e-09   8.9606153e-04   5.4923228e-04
   1.0747841e-02   5.3774338e-03   4.0195079e-12   3.3175554e-03   5.6313041e-09   6.2949168e-04   2.8095121e-04   7.5233509e-15   7.0363900e-04   2.8099751e-04
   5.6476722e-03   5.9286736e-03   4.2051168e-05   1.9998964e-03   1.6676236e-04   5.6110517e-04   5.3668016e-04   1.7701710e-24   4.9863904e-04   7.8728646e-04
   9.1049513e-04   5.2369507e-03   5.6955036e-06   1.9185171e-03   3.0611618e-05   6.5901743e-04   4.1776169e-04   9.7380642e-19   1.4097108e-03   1.0254908e-03
   7.1018354e-04   2.9382555e-03   3.7547556e-10   3.0792153e-03   2.6331033e-11   1.0725287e-03   3.2578161e-04   1.1625578e-11   1.2537977e-03   7.6777079e-04
   7.7407230e-04   1.6881133e-03   6.0864039e-10   4.2142878e-03   1.0206647e-05   9.2414553e-04   1.0408805e-04   2.2245401e-09   1.5990856e-03   6.8070708e-04
   5.2137108e-09   6.4159484e-04   1.0594197e-05   4.4165398e-03   1.1412943e-10   1.2260846e-03   1.3554765e-04   6.9016471e-09   1.9051452e-03   5.1799516e-04
   6.0074406e-06   4.5862551e-04   6.9077298e-05   4.5753217e-03   1.3361786e-30   1.2861778e-03   1.4048769e-04   2.9223654e-08   1.3232108e-03   6.7190371e-04
   4.3424865e-04   3.1291805e-04   6.7674975e-09   3.8112486e-03   3.3021498e-20   1.1866342e-03   1.5338636e-04   4.9045087e-04   8.5056807e-04   7.3074342e-04
   2.8517298e-04   1.8557040e-04   4.9747306e-04   3.2733617e-03   6.2458673e-10   1.1366636e-03   1.8832466e-04   2.2165737e-04   1.1445330e-03   6.0201592e-04
   1.0349588e-03   2.1234719e-04   1.0877867e-03   3.5565195e-03   1.0323983e-15   1.1114247e-03   2.7048072e-04   5.5899044e-07   5.1417286e-04   6.2504952e-04
   4.0923366e-03   1.3210479e-04   1.0299219e-03   3.0579655e-03   2.2567658e-17   6.2739119e-04   3.9033843e-04   2.0600968e-04   2.6324874e-04   1.0746800e-03
   6.3706582e-03   2.9909496e-04   5.7014972e-04   3.5091974e-03   1.7992026e-09   7.6576840e-04   4.0876343e-04   1.5490433e-04   8.0758087e-05   8.9048247e-04
   5.1041110e-03   3.9254594e-04   4.1929163e-04   2.8962787e-03   6.8656607e-05   8.5530748e-04   4.2329512e-04   1.4725086e-04   5.6457017e-05   5.4424621e-04
   1.7992573e-03   2.4950739e-04   4.7054387e-04   3.6187755e-03   1.5637083e-04   4.1723461e-04   2.6837412e-04   3.5894073e-04   1.6818402e-04   3.5046754e-04
   3.0021816e-04   2.7341845e-04   5.8275615e-04   3.6900338e-03   7.8521217e-05   6.4879022e-04   2.6984984e-04   7.9157616e-04   4.7012683e-04   1.3142781e-04
   3.1197181e-05   3.8036583e-04   2.0866645e-04   3.9568029e-03   2.0521677e-05   6.5970425e-04   1.8042028e-04   1.7087829e-03   6.2680081e-04   1.7985410e-04
   2.8788709e-04   7.0829161e-04   8.0847395e-05   3.0674706e-03   4.8028886e-11   9.8237294e-04   2.3657914e-04   2.2392190e-03   3.8353039e-04   3.5539819e-04
   2.1188422e-04   8.8585127e-04   2.0816475e-04   2.6439180e-03   1.1076151e-17   1.5004307e-03   4.2156771e-04   1.0720366e-03   4.0887877e-04   1.1404594e-04
   9.2509240e-05   9.3041623e-04   1.2790257e-04   2.1253108e-03   2.0023388e-04   1.6830684e-03   3.2270094e-04   2.5512461e-03   4.9408222e-04   2.9235247e-04
   2.8080559e-04   5.2137470e-04   5.7309502e-05   1.9878158e-03   2.1451496e-04   1.8987464e-03   3.5908464e-04   4.5938480e-03   3.4474486e-04   2.3158968e-04
   7.8878151e-05   1.2255669e-04   9.0015513e-05   2.2774854e-03   3.9314486e-05   1.5066268e-03   4.7813621e-04   4.6850023e-03   3.9139806e-04   5.3385681e-04
   1.6867005e-04   5.2733489e-05   2.3682600e-04   2.3637419e-03   1.5494596e-04   8.1214382e-04   5.7073737e-04   3.7882677e-03   4.3484546e-04   8.6114854e-04
   1.1370375e-03   4.8247694e-13   3.9118182e-04   2.6945805e-03   1.5893701e-04   6.0147527e-04   3.0078122e-04   3.2128600e-03   2.2427152e-04   9.4235058e-04
   3.0384515e-03   1.1395689e-04   2.0732950e-04   2.3059907e-03   1.1825996e-04   7.1908875e-04   3.5237077e-04   3.3035057e-03   1.9894133e-04   7.7976439e-04
   3.2151602e-03   1.5832443e-04   1.9278848e-04   2.5508791e-03   1.3095863e-04   8.9254709e-04   5.0730257e-04   3.3913905e-03   1.8050736e-04   6.4594222e-04
   1.9063690e-03   1.9919610e-04   2.6690317e-04   2.9582197e-03   1.9836075e-05   7.0774763e-04   4.8715254e-04   3.9673240e-03   1.7481710e-04   4.2495674e-04
   5.3852990e-04   1.3952919e-04   8.9302417e-04   2.8265680e-03   2.0505971e-04   6.4440873e-04   5.2017423e-04   3.7364753e-03   5.0596431e-04   2.3076058e-04
   1.5864853e-04   1.5572123e-04   8.3952410e-04   2.6391391e-03   8.8731284e-05   9.6845072e-04   6.2548509e-04   2.7739916e-03   6.2399372e-04   5.3160991e-05
   2.2402921e-04   2.1680766e-04   8.5888714e-04   2.7600503e-03   1.9775549e-04   6.0264604e-04   4.6790233e-04   3.5046467e-03   5.2862697e-04   1.3365737e-04
   2.4469978e-04   3.1997102e-04   9.2929402e-04   2.9272642e-03   2.8809988e-04   1.0103791e-03   4.8418500e-04   2.9959929e-03   4.8227868e-04   2.4160351e-04
   1.7941541e-18   3.7436408e-04   9.0414234e-04   3.3420815e-03   1.5285561e-04   6.3163578e-04   5.9881611e-04   3.0195945e-03   8.5678577e-04   6.4247171e-05
   1.5218160e-04   7.1022013e-04   2.6045714e-04   4.4059809e-03   1.3365849e-04   4.0944566e-04   5.3016432e-04   1.9563907e-03   9.9701920e-04   1.5786705e-04
   1.6058034e-04   1.1934623e-03   2.7049336e-04   4.0404414e-03   6.2403271e-05   7.0590486e-04   6.4163390e-04   1.6830206e-03   4.3062438e-04   1.2994627e-04
   1.8147876e-05   1.8401623e-03   1.4297895e-04   5.4128984e-03   2.6217089e-05   1.1554341e-03   5.7314393e-04   1.4464602e-04   9.9695519e-04   1.3978999e-04
   9.6039777e-04   1.8089198e-03   2.5919035e-04   3.9454105e-03   3.7717556e-04   1.5953694e-03   7.7697937e-04   1.3064864e-03   6.8859468e-04   4.8881381e-04
   2.9666762e-03   1.2778918e-03   6.7162064e-04   4.1157320e-03   1.7360539e-04   1.6901955e-03   7.8288037e-04   2.2825470e-03   6.3396051e-04   1.6030202e-04
   4.8934099e-03   6.7228754e-04   2.9393751e-05   3.2905973e-03   7.2455249e-04   1.2689117e-03   8.3536050e-04   3.6042444e-03   6.6043391e-04   2.9718162e-04
   3.4799398e-03   4.7383350e-04   1.7914228e-04   3.6426050e-03   4.1079882e-04   8.4541049e-04   9.4385890e-04   4.2542136e-03   6.3851540e-04   2.7333467e-04
   1.5337708e-03   5.7131123e-04   4.6000699e-04   3.0557670e-03   1.6122974e-05   5.6712203e-04   1.2641251e-03   4.6460138e-03   8.7543291e-04   1.5449031e-04
   7.7974149e-04   8.7449684e-04   5.1084482e-04   2.5575433e-03   3.7774417e-04   7.7383673e-04   1.2129870e-03   3.4353190e-03   1.0434002e-03   2.7447308e-04
   9.3148420e-04   1.1846730e-03   6.1564956e-04   3.2535082e-03   3.6761958e-04   1.1532254e-03   1.1207134e-03   1.4073559e-03   1.1987052e-03   2.1906537e-04
   6.9899564e-04   8.2966533e-04   2.3371911e-04   3.5502361e-03   4.1623728e-04   1.0038755e-03   1.1101122e-03   1.8770945e-04   1.8442559e-03   3.9936566e-04
   1.9359416e-04   6.6869101e-04   3.3423152e-04   3.8579674e-03   5.0280456e-04   1.1358414e-03   1.0768582e-03   2.3041547e-04   1.4463854e-03   5.3940193e-04
   2.1366938e-04   1.9959066e-04   2.9841797e-04   4.6025191e-03   2.3137428e-05   1.3522630e-03   9.6717117e-04   1.6921040e-03   1.6907912e-03   1.5394679e-04
   4.2255926e-04   8.0361676e-04   3.4130886e-04   5.8580181e-03   7.5558981e-05   2.0938071e-03   7.1104085e-04   2.4014312e-03   1.2293247e-03   2.4538143e-04
   1.0898911e-03   1.8092603e-03   4.4708375e-12   6.1090839e-03   9.4036350e-05   2.5332926e-03   6.8758730e-04   1.3059892e-03   1.8673679e-03   1.8347134e-04
   2.1268525e-03   2.1849952e-03   9.1952096e-14   6.0617714e-03   3.8947692e-05   2.5324616e-03   7.5575185e-04   5.7061396e-04   1.8879659e-03   1.2135843e-14
   4.3918765e-03   3.0564695e-03   1.3403097e-04   6.6994805e-03   9.2883170e-05   3.3531251e-03   8.1521484e-04   2.5336946e-04   1.3836975e-03   3.7637145e-05
   8.1093691e-03   4.8106022e-03   2.4467140e-05   5.1926072e-03   2.5380500e-04   3.5514894e-03   8.1250865e-04   5.6827515e-04   1.8953822e-03   3.4895961e-04
   7.8950384e-03   6.7158837e-03   5.1880094e-08   5.0475579e-03   7.2932888e-05   2.0500370e-03   6.9073211e-04   3.0924193e-04   2.4407155e-03   9.4207458e-05
   3.6986920e-03   6.1774627e-03   5.5453585e-04   5.8621819e-03   1.3759787e-16   1.4677637e-03   7.7205145e-04   1.9528926e-05   2.4322969e-03   3.0740107e-06
   1.1663661e-03   4.8792564e-03   1.5751246e-03   7.0576455e-03   3.2412249e-13   1.1413921e-03   6.4190819e-04   4.6747291e-06   1.9449599e-03   2.8772256e-08
   4.5640283e-04   2.5972606e-03   5.1541888e-04   6.6687228e-03   1.0083243e-05   1.0401833e-03   9.4451861e-04   8.7211099e-05   3.3321923e-03   4.0199404e-10
   2.1861827e-04   1.1124624e-03   1.1738977e-05   6.9698706e-03   1.0834252e-09   1.1913827e-03   8.1373160e-04   3.3775746e-04   2.9967308e-03   1.1446331e-05
   5.3129387e-04   6.8413519e-04   3.2321103e-04   7.6324336e-03   2.6759276e-24   1.5917868e-03   5.4677228e-04   5.1344014e-04   1.0720753e-03   1.1239163e-04
   6.7237900e-04   6.1408864e-04   2.8852861e-04   6.1293893e-03   7.1553917e-16   1.5785223e-03   5.7126745e-04   4.4895248e-04   1.3465463e-03   1.2653027e-04
   7.6292388e-04   1.0228493e-03   2.8930755e-04   5.8053430e-03   4.4581949e-07   1.6409690e-03   5.1996877e-04   3.1273938e-06   7.5806043e-04   2.0024800e-04
   5.5692592e-04   1.1773147e-03   1.6347684e-05   5.8039166e-03   4.9939614e-05   1.5549539e-03   5.4138320e-04   5.6843258e-07   1.3346635e-03   1.5593471e-04
   8.2046948e-04   7.2669424e-04   2.2132742e-04   5.2139538e-03   8.3682663e-09   1.7298400e-03   4.3364660e-04   5.0545263e-05   1.5907081e-03   5.1632134e-10
   2.1564912e-03   2.6950591e-04   6.1204775e-04   6.4454621e-03   1.2031774e-24   1.4423184e-03   4.9035126e-04   6.5792167e-05   8.0530431e-04   4.4830972e-13
   3.4307727e-03   7.0614566e-04   5.9176376e-04   6.2243734e-03   2.1103502e-20   1.0920998e-03   4.5242684e-04   6.6046494e-06   7.6908422e-04   4.4106650e-13
   3.7771349e-03   6.5112401e-04   4.6722315e-04   6.3549352e-03   1.8861364e-31   2.0146215e-03   3.8268230e-04   1.0399933e-06   6.3081177e-04   1.5646869e-09
   2.5388231e-03   9.6232935e-04   4.6508628e-04   5.3507649e-03   1.1035674e-15   2.6437903e-03   4.7402354e-04   7.5079725e-05   4.8262759e-04   1.8581227e-09
   7.0096473e-04   8.9266380e-04   7.2939010e-04   4.3591254e-03   2.7131243e-10   1.9324404e-03   5.0586892e-04   4.2682679e-04   7.2719916e-04   7.2042071e-06
   1.3571415e-04   8.6986511e-04   4.7967267e-04   4.3702462e-03   1.8689269e-07   9.8610669e-04   4.1207899e-04   1.0814539e-04   1.1600712e-03   1.4152632e-09
   1.6243408e-04   6.3486785e-04   1.5034770e-04   4.2772192e-03   1.0162626e-06   1.2084750e-03   3.6823285e-04   8.9278723e-05   7.9167693e-04   1.1910325e-05
   3.0640421e-04   4.8257991e-04   1.9938641e-04   4.9445021e-03   1.2543516e-22   1.3691900e-03   3.0970488e-04   3.3477897e-04   3.2304549e-04   8.7327931e-05
   1.3387864e-04   2.0078940e-04   3.8990472e-04   4.9795100e-03   9.1624846e-10   6.8149947e-04   3.9431500e-04   7.6516024e-04   4.0371354e-04   1.6242464e-08
   2.3029815e-04   1.2991268e-04   4.8141565e-04   3.6856823e-03   2.5292474e-08   9.6772865e-04   6.4674934e-04   2.4902268e-04   4.0546860e-04   6.6988624e-05
   3.1412115e-04   1.9868268e-04   7.4650790e-04   2.9967776e-03   1.0603286e-04   1.3320146e-03   5.1998534e-04   4.4757373e-09   3.2428574e-04   5.8694197e-05
   2.8544387e-04   1.2003181e-04   6.8953590e-04   4.1594764e-03   1.0150796e-07   1.3799425e-03   3.6281386e-04   9.1587732e-09   4.9412432e-04   5.3308040e-11
   6.2018514e-04   1.7504097e-04   4.9368417e-04   3.6447039e-03   9.0346777e-17   1.1579891e-03   4.1475067e-04   4.5955949e-08   5.6029415e-04   1.7348578e-11
   9.8416575e-04   1.9558155e-04   3.0763151e-04   3.4858280e-03   4.7267997e-10   1.2293702e-03   2.7801721e-04   4.3039937e-06   5.6795478e-04   4.5081702e-11
   1.4018571e-03   9.0197663e-05   3.1276081e-10   2.5887951e-03   3.1384603e-04   9.4774356e-04   2.3156258e-04   7.3577194e-04   7.5035847e-04   2.4014969e-13
   1.2168141e-03   2.8813290e-05   7.2265688e-05   2.3465093e-03   3.5225655e-04   9.8193639e-04   3.0297490e-04   1.9469594e-04   9.1926996e-04   1.9653139e-06
   5.6709367e-04   2.1848186e-04   2.6764236e-04   2.2203172e-03   2.7643633e-04   7.3047878e-04   3.5240611e-04   1.8964065e-05   1.1088432e-03   1.7002357e-10
   2.3783877e-04   2.1919524e-04   4.8899972e-04   2.6186583e-03   2.1818340e-04   7.4298676e-04   2.2360594e-04   1.6202275e-05   9.4707999e-04   3.5134857e-07
   1.2029257e-04   2.0322097e-04   1.5181600e-04   2.3549070e-03   6.0494286e-04   5.5148561e-04   2.6732606e-04   1.4495477e-07   1.1238456e-03   2.0504838e-08
   9.6037142e-05   2.2839004e-04   2.1104231e-04   1.8348020e-03   5.4287389e-04   9.1277019e-04   3.2346198e-04   2.0184142e-08   7.2576221e-04   1.9197652e-04
   5.6613957e-13   2.3332469e-04   7.4382190e-05   2.4757088e-03   3.8152754e-04   7.4486678e-04   2.5628845e-04   1.6652694e-06   6.1651825e-04   1.2665474e-04
   1.4666075e-04   1.8609827e-04   1.1920551e-04   2.5822169e-03   2.7147580e-04   6.6465288e-04   1.6543123e-04   1.9629257e-09   3.8244881e-04   7.4897901e-05
   1.4330488e-04   2.7996902e-04   2.0716394e-04   3.0214668e-03   2.4188153e-04   2.1863425e-04   1.1085581e-04   7.3721728e-07   3.3951997e-04   5.3280294e-06
   9.9335893e-05   2.5926691e-04   3.1461726e-04   3.6318354e-03   1.0322739e-05   4.6194780e-04   7.4599093e-05   1.6040091e-06   2.9339395e-04   2.8640092e-10
   2.0095982e-04   8.3000710e-05   2.1493372e-04   3.5866440e-03   3.1540670e-04   4.4932134e-04   7.3388963e-05   4.3745453e-05   5.2174515e-04   1.0173111e-23
   6.4954906e-04   1.6306285e-04   1.5059406e-04   3.2643891e-03   4.8821744e-04   6.2736942e-04   8.6593128e-05   3.4180760e-05   3.2383407e-04   7.7767377e-15
   9.6213928e-04   7.7993791e-05   2.1241212e-06   2.9162915e-03   3.1912195e-04   5.3762310e-04   9.2145357e-05   1.9452469e-05   3.5959256e-04   4.6098071e-17
   9.9324965e-04   3.2043175e-05   5.8036568e-12   2.9497662e-03   4.9165999e-04   3.6037317e-04   1.1978884e-04   1.4251647e-06   3.9135390e-04   9.8765454e-08
   3.9635192e-04   6.2875935e-05   8.5960039e-10   3.2763962e-03   3.2570336e-04   3.0728580e-04   9.3743353e-05   8.0690511e-06   6.1213657e-04   7.2184527e-09
   5.6099891e-05   5.1622102e-05   4.5518370e-07   3.4429641e-03   3.7807008e-04   4.0002476e-04   7.3745483e-05   1.2262148e-06   5.0293135e-04   5.3978183e-11
   3.9990817e-06   2.7460169e-05   1.2392612e-07   3.5482860e-03   5.4246000e-04   5.2756599e-04   5.2120906e-05   1.1171158e-05   4.8303588e-04   4.1163397e-05
   6.9024851e-05   9.9518136e-05   2.6425272e-08   3.1689323e-03   5.5889198e-04   7.5870656e-04   5.5043382e-05   2.1674106e-04   1.7582823e-04   6.0532273e-05
   5.8857052e-05   1.0037896e-04   1.4988253e-17   3.0765405e-03   3.9442845e-04   8.0612156e-04   4.6600361e-05   3.1355383e-05   2.8331049e-04   5.9098744e-10
   2.7738276e-08   8.0855401e-05   1.9669096e-09   2.6252155e-03   3.7944324e-04   6.4520737e-04   9.3003669e-05   3.1037873e-09   2.7213320e-04   2.0027463e-05
   4.3054781e-06   6.1382083e-05   2.5791819e-05   2.1917062e-03   2.3092821e-04   5.6276430e-04   1.0491553e-04   7.1762919e-10   1.9150119e-04   9.3037260e-06
   1.9254418e-14   1.3735691e-04   1.6582220e-04   2.2017932e-03   4.5073946e-04   4.5411145e-04   6.9828503e-05   1.5495467e-04   2.2001998e-04   7.1701230e-07
   1.7066629e-13   1.8444794e-04   1.2648092e-04   2.4444944e-03   4.4048178e-04   3.7690893e-04   6.5940332e-05   1.9026926e-04   3.5215500e-04   8.0249244e-08
   3.1548728e-04   1.8937285e-04   3.7611908e-05   2.4369747e-03   3.2049343e-04   2.5390301e-04   1.2165458e-04   1.1995721e-04   2.0931124e-04   6.3900503e-07
   4.9247554e-04   2.1296492e-04   7.7639451e-05   2.4598889e-03   3.1955912e-04   1.7190138e-04   1.3294721e-04   1.8379225e-05   6.5613463e-05   7.4285007e-05
   7.3425880e-04   2.1332319e-04   2.1897649e-10   2.7166783e-03   1.9056480e-04   2.1724790e-04   1.0556038e-04   3.5999878e-06   1.5953988e-04   8.4715003e-05
   4.1141752e-04   1.4523845e-04   1.6422836e-07   2.9952032e-03   1.1859226e-06   2.9310337e-04   9.5786219e-05   3.3582246e-09   2.6569841e-04   3.5141296e-05
   1.0922770e-04   7.4210601e-05   1.3853986e-05   2.8683809e-03   5.9045915e-19   3.5338903e-04   1.0945154e-04   7.3843538e-10   2.8726343e-04   6.3451772e-05
   5.3025922e-05   1.0172165e-04   1.2610922e-05   2.5445267e-03   4.8761281e-24   4.0007658e-04   1.4333870e-04   7.2407945e-11   2.5701168e-04   2.2995162e-05
   4.5363594e-07   1.4649784e-04   3.2715111e-05   2.8584158e-03   1.5117943e-20   4.7729542e-04   1.0403786e-04   3.8827064e-09   2.5979676e-04   2.1913170e-07
   8.6586852e-06   2.1780682e-04   1.1822416e-06   3.4893422e-03   3.3933957e-28   2.8283681e-04   8.7125991e-05   3.1483099e-13   2.3822192e-04   3.9777540e-08
   2.0532796e-15   4.0636235e-05   2.4988446e-06   3.4296142e-03   1.6023771e-29   5.0695018e-04   1.6927822e-04   2.2553762e-10   1.3588675e-04   5.5632622e-05
   1.9762171e-05   1.1962747e-04   2.7860912e-05   2.9258802e-03   1.1832691e-20   6.9012369e-04   1.9137261e-04   2.2548406e-06   2.1503383e-04   2.0251648e-10
   7.6795652e-13   2.8824927e-04   1.7120271e-04   2.7616549e-03   1.8561255e-04   5.5750999e-04   1.6457585e-04   1.0824153e-05   2.7156428e-04   1.3839375e-22
   1.0083597e-16   2.9549466e-04   2.2936177e-04   2.9208756e-03   2.1299966e-04   5.2809016e-04   1.6242890e-04   1.0454188e-07   3.0992457e-04   4.3296792e-17
   2.9075234e-04   1.2165425e-04   9.5685818e-06   2.6465041e-03   2.4900035e-05   4.8472719e-04   3.1508587e-04   3.5506107e-10   3.5060575e-04   4.7693775e-15
   3.0689942e-04   3.1383110e-04   1.0221895e-11   2.4777190e-03   9.2608646e-05   3.4284580e-04   3.6161759e-04   1.0750760e-10   3.1664996e-04   1.3640381e-08
   4.2532519e-04   5.7821449e-04   4.6871937e-13   2.6329549e-03   7.7561928e-10   2.3702665e-04   2.7712702e-04   4.3581973e-09   2.4589640e-04   1.7130459e-05
   2.5835054e-04   4.6641111e-04   1.4897797e-10   3.2617609e-03   3.5683032e-12   4.4327033e-04   1.6483400e-04   1.0978625e-11   2.9863467e-04   4.7969586e-07
   1.2528327e-04   6.7852632e-04   1.5018387e-06   3.2380715e-03   1.3176333e-08   4.4535080e-04   1.2324254e-04   9.5595009e-12   2.3671870e-04   7.9460124e-05
   7.9277098e-06   7.6885250e-04   1.1450865e-05   2.7028119e-03   1.0838953e-04   5.3468937e-04   1.8348243e-04   2.1483267e-10   2.7396582e-04   5.6749769e-09
   4.2147861e-05   3.7575852e-04   1.3788965e-05   2.7556584e-03   2.8264173e-04   5.2175579e-04   2.1576968e-04   3.9689189e-12   1.6018962e-04   6.9550656e-05
   3.7137372e-06   2.0629249e-04   9.8143075e-08   3.2303765e-03   2.5377821e-04   2.2283506e-04   1.4947569e-04   2.5027068e-09   2.4643751e-04   9.0332360e-05
   2.3707581e-15   2.2279554e-04   1.2689451e-12   3.4938678e-03   1.0228348e-13   3.6337660e-04   1.5851573e-04   4.7783011e-09   2.3654988e-04   7.1652432e-05
   5.7687352e-07   1.8986642e-04   1.6520369e-12   3.3820857e-03   1.4810942e-06   2.7050926e-04   2.2941331e-04   1.0574660e-08   2.5777079e-04   1.1753646e-12
   4.3127967e-13   2.3754385e-04   5.0124087e-11   2.7536346e-03   7.7295362e-10   2.5474045e-04   1.8377427e-04   1.1115056e-07   3.2969567e-04   1.5446818e-09
   1.5742375e-04   1.7729823e-04   5.3149874e-06   2.5722683e-03   1.5634233e-11   5.2070957e-04   1.4139269e-04   4.2926930e-08   3.2068606e-04   6.3733408e-05
   2.9344867e-04   1.1080518e-04   5.3265946e-08   3.1327680e-03   3.5589535e-12   4.5131050e-04   8.6367107e-05   1.7849200e-06   3.8945682e-04   7.3061239e-05
   3.1937048e-04   1.2018222e-04   3.5412492e-07   3.2706590e-03   3.0910105e-08   3.4469628e-04   4.4705826e-05   1.2613794e-06   2.3045329e-04   1.7854709e-04
   7.0991761e-04   1.3312115e-05   1.1081950e-08   2.3091895e-03   1.2178200e-12   5.3751579e-04   1.1299220e-04   6.3575170e-10   1.5885741e-04   2.4360721e-04
   6.1090200e-04   3.6656545e-05   1.3964158e-13   2.7470627e-03   7.3152237e-12   3.1727554e-04   1.4625010e-04   1.5190303e-07   3.0054245e-04   1.3169088e-04
   2.0654213e-04   3.6767810e-05   2.8807569e-16   3.4308943e-03   3.8678080e-11   2.3615745e-04   1.0132076e-04   2.8169656e-10   4.2955890e-04   9.3700396e-08
   1.1461990e-04   4.9792760e-06   2.7358760e-12   4.0748816e-03   1.9137497e-14   9.4341255e-05   1.1601883e-04   2.2807829e-13   2.7399436e-04   4.3472602e-09
   2.3295897e-04   4.5702769e-05   1.2542608e-19   3.6201306e-03   1.1502001e-14   2.9016366e-05   1.0681764e-04   3.8116999e-13   3.1921553e-04   6.4108919e-08
   2.3505763e-04   5.4388179e-05   1.0084094e-15   2.8754585e-03   7.5219170e-05   6.7443058e-05   1.1904783e-04   3.9490125e-08   3.9932925e-04   1.5558950e-05
   1.5781232e-04   6.8119969e-05   1.0497704e-16   2.2810786e-03   3.1265216e-04   5.7384526e-05   9.7246277e-05   4.3956204e-04   3.4403595e-04   7.6476488e-06
   1.5335838e-04   4.9366689e-05   3.6939199e-31   3.1678666e-03   1.4567590e-10   9.9471666e-05   1.0901622e-04   7.3656748e-07   2.4109550e-04   3.0890621e-14
   7.9730417e-05   3.4700178e-05   1.6061496e-23   3.9999061e-03   2.5204804e-21   1.1741529e-04   9.7207969e-05   7.4721930e-15   2.5924137e-04   1.3793168e-08
   1.9055595e-04   2.5384713e-05   5.9417587e-27   4.3648752e-03   1.9832314e-21   4.1729782e-05   6.2595632e-05   1.0053711e-18   4.5161408e-04   9.6943670e-14
   5.2306952e-04   1.5900975e-05   1.3021487e-32   4.3096306e-03   1.0456374e-17   5.4965058e-05   4.7420249e-05   4.2379425e-19   5.1865174e-04   6.7849516e-19
   8.7857210e-04   4.9261144e-05   2.0414998e-33   3.8039794e-03   1.2685756e-17   1.9671440e-05   5.8922487e-05   1.5279578e-16   4.7042224e-04   3.7801497e-13
   1.2291918e-03   5.5076581e-05   9.8562185e-27   3.8784125e-03   5.1453728e-08   7.0207786e-05   9.5133666e-05   3.6931871e-08   2.5471421e-04   7.9946421e-10
   1.1902584e-03   7.7508094e-05   3.7938232e-24   3.8676910e-03   2.2259434e-06   7.3073730e-05   7.7005758e-05   1.7793118e-06   3.6862684e-04   3.0564038e-09
   5.7811033e-04   9.9587243e-05   1.0862311e-19   3.5211719e-03   9.5896563e-06   4.7017935e-05   6.2429862e-05   3.2328174e-05   5.1812125e-04   6.2552734e-10
   2.3982793e-04   1.0945147e-04   1.4734475e-10   3.4734198e-03   1.1749208e-08   1.6382935e-05   7.9082136e-05   1.9265951e-04   4.3336314e-04   2.3120389e-08
   1.7952525e-04   1.3786788e-04   7.8453363e-20   3.7248845e-03   3.6652531e-13   1.5938159e-06   7.1611051e-05   8.8416138e-08   4.3593491e-04   3.6684046e-09
   2.2931881e-04   1.3683677e-04   1.4325133e-31   3.5698349e-03   5.2076271e-04   1.1017031e-06   6.3604380e-05   1.4651970e-12   6.1320608e-04   1.0210296e-17
   4.2631994e-04   1.2884432e-04   1.2516234e-31   4.0008986e-03   1.5447790e-05   8.8643628e-08   4.2621476e-05   7.7470246e-10   6.9147211e-04   4.3971893e-27
   4.6205405e-04   1.4300319e-04   9.7413128e-29   4.0673029e-03   1.0840722e-19   2.5051693e-06   3.4020787e-05   2.1922396e-12   6.1587568e-04   7.0948993e-25
   6.3377696e-04   1.1335951e-04   7.5839817e-31   4.2605835e-03   2.0345267e-09   5.3062935e-05   4.5298233e-05   4.8986921e-08   4.3041514e-04   7.1194324e-17
   4.8401203e-04   1.7847216e-04   1.1394923e-24   3.7234288e-03   6.3441351e-12   1.2976623e-05   4.6386607e-05   5.3903447e-06   6.2936786e-04   4.2174866e-21
   4.9644216e-04   1.3551651e-04   3.9751686e-30   4.6518750e-03   6.6180424e-12   1.0143891e-08   2.3254343e-05   1.4241732e-13   6.6171877e-04   5.2697926e-26
   5.6907974e-04   1.2003838e-04   2.8217456e-38   4.7577931e-03   7.7394633e-06   5.6215401e-06   3.1112212e-05   1.6682008e-19   4.8645890e-04   1.0401535e-25
   6.9962084e-04   1.0692123e-04   1.0941829e-22   3.0922741e-03   9.5206175e-04   2.8974957e-05   3.9787035e-05   2.0747680e-13   3.6648799e-04   3.6916293e-16
   8.4388755e-04   1.9698408e-04   1.5240583e-18   3.0668674e-03   8.3087527e-04   5.3394515e-05   3.9685738e-05   2.4856753e-13   4.4664409e-04   8.4411708e-17
   1.2940598e-03   2.3541141e-04   7.8090840e-09   2.7097362e-03   6.6288168e-04   2.8279853e-05   5.7884209e-05   9.3624399e-09   2.4258135e-04   1.4077366e-05
   6.1621043e-04   9.7858211e-05   7.4919669e-05   2.9225562e-03   1.0637157e-03   4.0580786e-05   4.1532251e-05   7.2017993e-12   6.3606080e-04   2.0699055e-18
   2.3389806e-04   1.5205654e-04   4.2412091e-14   3.3706474e-03   1.4626182e-03   1.9230241e-04   2.5135554e-05   1.5928055e-18   8.0086713e-04   5.0035513e-25
   2.2200895e-04   2.3302328e-04   4.4499613e-21   3.5404751e-03   7.8303090e-04   8.5528854e-05   3.5279791e-05   1.7164628e-21   9.4456308e-04   5.2996242e-28
   2.4749452e-04   3.6635306e-04   8.4397416e-23   3.8250258e-03   3.9078330e-04   8.3687377e-05   2.9060036e-05   4.9390111e-14   7.4850761e-04   3.9661668e-30
   3.0435098e-05   2.9218195e-04   4.0354654e-22   3.3181159e-03   8.4789344e-04   6.3011709e-05   3.8495586e-05   6.2994360e-14   7.6089078e-04   2.4466304e-28
   2.2491151e-04   2.3922227e-04   2.0456808e-15   2.7009908e-03   1.2179617e-03   1.4173129e-04   3.1422205e-05   1.9773448e-16   6.6525027e-04   7.0925199e-30
   2.0333947e-04   3.3168347e-04   4.3212232e-16   3.5287806e-03   8.7539026e-04   1.1090516e-05   2.7213259e-05   1.7338203e-25   8.8180159e-04   3.5367607e-31
   1.5557553e-06   2.9194789e-04   9.7528138e-12   3.6132421e-03   8.6393725e-04   9.4869461e-05   2.1589700e-05   1.8665523e-21   1.0876062e-03   1.9154831e-37
   8.0273493e-07   3.5724828e-04   6.7616564e-05   4.3735526e-03   1.7049146e-03   9.8773131e-05   1.8523016e-05   3.8093438e-26   1.0652397e-03   6.8794152e-37
   4.1413873e-04   3.4448862e-04   3.0837558e-05   3.8330785e-03   2.1869060e-03   3.6978692e-04   2.7804625e-05   9.8366860e-29   6.7262026e-04   1.4493579e-27
   5.4813305e-04   2.7237832e-04   7.1700491e-05   3.1012696e-03   2.7115575e-03   4.4987888e-04   3.6342552e-05   3.0773149e-28   6.2842963e-04   6.0712245e-16
   4.8528702e-04   5.3908697e-04   1.7215863e-05   2.1696570e-03   1.7401923e-03   8.2525636e-04   3.1617995e-05   1.5341374e-25   7.0127164e-04   8.5084060e-18
   3.7625456e-04   4.7826116e-04   6.0697882e-04   2.2382017e-03   8.4661627e-04   5.4091537e-04   6.8330151e-05   2.8875811e-19   5.1868319e-04   1.5378110e-25
   2.7599092e-04   1.3431197e-04   6.6702800e-04   2.3536087e-03   8.6695391e-04   7.6344218e-04   5.9210341e-05   7.5709467e-15   4.0215033e-04   9.1887276e-19
   1.8831376e-04   2.3565017e-04   4.0792114e-04   2.4662862e-03   1.3243802e-03   8.5001790e-04   4.0367415e-05   4.4673281e-21   5.2443475e-04   1.5388878e-19
   1.0846200e-04   2.9360263e-04   2.6966534e-04   2.5900025e-03   1.2987647e-03   5.4170357e-04   4.4283036e-05   1.1055439e-17   8.0485204e-04   4.9488927e-27
   2.7577408e-14   2.3129599e-04   2.0486780e-04   2.7368035e-03   1.1895302e-03   3.2131873e-04   4.8011960e-05   9.4165897e-11   1.0850193e-03   7.1897046e-26
   1.4451792e-05   1.3235304e-04   2.2571681e-04   3.1932383e-03   9.5302628e-04   2.3853229e-04   3.1734325e-05   2.0815303e-14   1.0097925e-03   1.6379872e-26
   2.2600494e-04   3.6806586e-04   2.2464559e-04   3.4884926e-03   5.4473583e-04   5.1103900e-04   2.6667586e-05   6.8364455e-33   6.0110486e-04   6.9511191e-24
   5.3001537e-06   4.5832257e-04   4.6870561e-04   3.4109600e-03   5.0362183e-04   5.6051705e-04   1.5176148e-05   8.8922573e-25   6.2760721e-04   2.8533059e-13
   1.1451461e-10   3.8618597e-04   2.5680876e-04   2.8997607e-03   1.7963828e-07   4.5409817e-04   2.3711682e-05   9.7592883e-14   9.1082581e-04   5.5434545e-08
   8.3027486e-18   4.4474941e-04   1.1491845e-04   3.4194946e-03   1.0746493e-04   6.9926247e-04   2.9726020e-05   1.8227480e-16   1.0675536e-03   1.1882657e-07
   1.9456313e-04   3.7745046e-04   5.5448766e-04   1.8232747e-03   8.6113426e-04   7.0644173e-04   2.6453244e-05   1.0753763e-09   8.3940960e-04   8.4109585e-05
   3.5711336e-04   3.2681766e-04   1.4513039e-04   1.8001220e-03   1.2038178e-03   6.4870780e-04   3.0893156e-05   8.0423186e-08   4.4390817e-04   3.1536118e-04
   2.6979792e-04   3.0632650e-04   1.8998516e-04   1.6788986e-03   1.1498994e-03   5.6456817e-04   4.0408483e-05   1.7400452e-10   4.9896378e-04   2.0368483e-04
   2.2969104e-04   2.9495545e-04   4.8680675e-04   1.9656194e-03   8.8866897e-04   5.6025050e-04   3.5615727e-05   2.4596845e-13   3.9649250e-04   9.1939740e-06
   7.8784071e-05   2.9332921e-04   3.3515615e-04   2.1468443e-03   1.3873365e-03   5.4774499e-04   3.5153044e-05   1.2101997e-15   3.5483839e-04   4.1822624e-05
   1.3856244e-11   3.2347893e-04   1.3948348e-04   2.1779345e-03   1.2226420e-03   3.6265232e-04   3.7039941e-05   9.0890195e-15   3.6027053e-04   1.3127850e-04
   2.3959252e-21   2.1683322e-04   3.3996824e-05   2.4419443e-03   1.3522813e-03   5.7055388e-04   3.3991569e-05   1.9363941e-12   7.8026198e-04   1.4503450e-05
   1.7319893e-16   1.0361970e-04   6.4553288e-05   2.9735107e-03   8.1443913e-04   8.3586909e-04   2.2761984e-05   2.6730412e-15   7.4747903e-04   9.3912625e-05
   6.2143290e-12   4.8642734e-05   1.0437348e-04   3.0268990e-03   9.0410102e-04   1.0581459e-03   2.2333083e-05   8.8838851e-14   5.5578638e-04   1.8027610e-04
   8.7622520e-05   2.9969812e-05   1.5041706e-04   2.6610337e-03   1.2613797e-03   9.7212005e-04   3.4973132e-05   1.1565611e-08   4.0571168e-04   2.2608506e-04
   1.8745053e-07   6.9566159e-05   5.2936569e-05   2.0243638e-03   1.1744852e-03   4.9631548e-04   4.2495418e-05   9.7872042e-09   5.7323519e-04   3.0496952e-04
   1.6123057e-04   5.5959578e-05   6.1598591e-05   1.9195904e-03   1.5777940e-03   6.2955567e-04   3.3272044e-05   4.8275945e-11   4.9201418e-04   1.9684155e-04
   1.0614616e-04   4.3082129e-05   4.2710746e-08   2.8722575e-03   1.6413028e-03   5.2071845e-04   3.9825268e-05   2.5524589e-09   4.6102846e-04   3.6230431e-04
   1.7008350e-04   1.3670976e-04   2.6258850e-12   3.7708524e-03   9.9570624e-04   4.3403923e-04   3.2504836e-05   4.0256358e-08   4.9309345e-04   3.8929973e-04
   1.0110962e-04   1.0737733e-04   5.6135971e-08   3.2242178e-03   9.8338938e-04   3.3329439e-04   3.4733327e-05   4.3422096e-07   5.5432180e-04   2.5645632e-04
   2.3354261e-08   6.1362402e-05   9.4243351e-06   2.9419206e-03   9.6055457e-04   1.3721922e-04   4.8988977e-05   2.8876567e-08   5.7741230e-04   1.3722610e-04
   6.0945367e-24   9.2780703e-05   1.4410924e-05   3.3725972e-03   1.0656376e-03   1.7331907e-04   4.6558061e-05   3.0002142e-12   5.0176800e-04   4.6351117e-08
   1.4432799e-16   1.4562602e-04   1.7550624e-08   3.7692167e-03   1.4153582e-03   3.2325029e-04   4.1234607e-05   6.9307456e-18   3.7954622e-04   4.7884800e-05
   3.4353226e-07   6.0013850e-05   9.2109936e-06   3.8036725e-03   2.0391361e-03   3.7223102e-04   3.9879807e-05   7.9084663e-19   2.3753686e-04   1.5829009e-04
   1.5776825e-16   1.8090648e-04   3.5920120e-07   4.0723235e-03   2.6985878e-03   2.8270462e-04   3.6216284e-05   6.4282950e-23   2.9186497e-04   5.6020606e-05
   3.9634099e-12   3.0424813e-04   1.4520791e-07   3.8888012e-03   2.1133227e-03   3.6669540e-04   3.0704648e-05   3.1292343e-20   4.6495704e-04   9.4694415e-05
   9.0827239e-17   1.7944573e-04   1.0346597e-09   3.2937577e-03   1.6057309e-03   4.0183124e-04   3.8775984e-05   6.1853615e-13   5.3248265e-04   1.6403491e-04
   1.2902540e-24   1.0007523e-04   1.1607859e-13   3.8480676e-03   2.4035611e-03   1.2688326e-04   5.8605021e-05   8.9533856e-10   5.5427035e-04   5.5536850e-05
   8.9423296e-28   2.0337840e-04   1.5033072e-14   3.5015623e-03   2.7950076e-03   1.5025126e-05   3.9349527e-05   1.6956312e-09   5.1840071e-04   1.1359984e-05
   3.4381462e-05   1.4121015e-04   3.8711123e-15   4.2563424e-03   2.0912448e-03   5.9482917e-05   4.8087038e-05   6.1683963e-10   4.0710392e-04   3.0084469e-05
   1.5042614e-04   1.1819745e-06   6.7517260e-13   4.5529197e-03   1.3234633e-03   1.9526637e-04   4.7599672e-05   1.0134030e-14   4.7310312e-04   1.6026530e-05
   1.5977508e-04   5.8126773e-05   1.7694376e-15   4.2669361e-03   1.6044141e-03   2.8489611e-04   4.6609079e-05   2.2729433e-20   3.9159874e-04   1.0684267e-04
   2.1725781e-05   1.1862907e-04   2.9358205e-16   3.7184472e-03   2.7564905e-03   2.6108612e-04   7.5621865e-05   1.9910830e-21   4.5935151e-04   9.1375939e-05
   1.5630478e-14   2.5611105e-06   4.1293595e-09   2.5690323e-03   2.7347395e-03   3.5655528e-04   1.1124547e-04   1.6089691e-08   5.3499648e-04   2.5622443e-05
   6.2297560e-07   1.2253770e-04   6.8324737e-17   2.6136768e-03   2.6335944e-03   2.1874534e-04   1.0509976e-04   1.1167848e-06   3.7183088e-04   2.9252948e-04
   2.1917609e-05   1.3498482e-04   5.2089703e-26   2.3568774e-03   3.4280503e-03   2.7628083e-04   1.0896890e-04   2.0204171e-11   5.0301207e-04   1.7129507e-04
   3.1043845e-17   3.1261642e-05   4.3468145e-22   2.3730618e-03   5.0983197e-03   4.5525435e-04   1.5681548e-04   2.5179211e-15   5.2529962e-04   1.0607221e-05
   1.6225546e-09   2.1343148e-05   7.7887740e-18   3.1605318e-03   5.0286694e-03   5.1294272e-04   4.4024229e-05   2.7845509e-12   3.4403080e-04   1.6753399e-07
   1.4111660e-12   7.6997001e-05   2.1272212e-15   3.0802193e-03   4.4959164e-03   4.6588524e-04   3.6262764e-05   2.4256670e-20   5.0880767e-04   9.9309607e-06
   1.5942032e-07   1.3604453e-04   3.0686030e-14   3.2848612e-03   3.2159317e-03   5.5487773e-04   2.3419907e-05   2.7240647e-23   3.6365309e-04   2.1083073e-04
   1.1509567e-20   2.7848994e-04   4.4384817e-11   3.2587322e-03   2.7966486e-03   5.4684608e-04   2.9448107e-05   1.6574436e-12   4.6055435e-04   1.0999180e-04
   7.8942235e-05   1.6580271e-04   7.0722617e-11   3.5836728e-03   2.4243138e-03   5.5077165e-04   4.3535651e-05   5.8800759e-11   2.8250224e-04   1.4119932e-04
   2.3515317e-04   2.3602060e-05   3.6415710e-19   3.4896121e-03   2.2105075e-03   6.2961425e-04   2.8658424e-05   3.7030605e-12   6.5464618e-04   2.7782262e-05
   3.8331300e-04   7.9175832e-05   6.5092917e-15   3.5739446e-03   3.9700050e-03   7.5319328e-04   4.8972040e-05   2.4110621e-16   5.1833343e-04   5.8413068e-10
   2.8985793e-04   1.2822114e-04   2.0565859e-12   3.2881854e-03   6.1777879e-03   5.5058575e-04   8.5308102e-05   3.3383734e-23   3.8875301e-04   3.9985470e-08
   1.2603792e-05   6.1408696e-05   2.6781922e-18   3.3029886e-03   3.2607057e-03   8.6841463e-04   4.9249178e-05   8.2715046e-22   5.1614568e-04   7.2746621e-05
   8.1039323e-10   3.6689638e-16   7.0112803e-20   3.2240342e-03   2.1102669e-03   1.0359667e-03   3.5618838e-05   1.5799880e-16   6.4771319e-04   3.2796434e-14
   1.0185553e-05   8.7879566e-05   1.1209789e-09   2.8034651e-03   2.7088545e-03   8.2820316e-04   4.7507685e-05   2.0138035e-08   3.7785576e-04   8.3492264e-07
   1.3553816e-04   3.1568931e-05   3.5410154e-13   2.6300358e-03   3.5818913e-03   1.0122811e-03   4.5701619e-05   7.7422952e-12   4.1004754e-04   3.7759486e-12
   2.1640944e-04   1.0200796e-09   1.5923111e-17   2.1763492e-03   4.1378403e-03   1.0249848e-03   4.6500197e-05   3.1037960e-17   4.9573087e-04   4.9327641e-10
   1.9878392e-04   7.0277895e-05   3.6906083e-15   2.6624021e-03   3.4585758e-03   6.7389708e-04   5.9070419e-05   2.0663700e-23   3.9897943e-04   8.5138767e-06
   1.7182377e-04   7.4720069e-05   1.1540577e-08   2.9888430e-03   4.7586818e-03   8.9737994e-04   3.7829831e-05   1.6320469e-21   4.0799015e-04   4.8795132e-07
   1.3293509e-04   1.0975495e-04   7.1463545e-10   2.8935504e-03   5.3705708e-03   9.3833082e-04   3.3551331e-05   2.8122534e-13   5.3921636e-04   1.3789259e-13
   1.3279331e-04   2.6552156e-04   1.1650362e-20   2.8835844e-03   6.6363011e-03   1.1189684e-03   3.7860759e-05   3.0220919e-18   4.8860694e-04   1.2798391e-18
   4.8709140e-04   2.6127815e-04   4.1015150e-20   2.3195207e-03   6.5559352e-03   1.0255129e-03   3.7330466e-05   2.2050393e-29   4.7750610e-04   3.3333035e-24
   8.3023611e-04   2.4852115e-04   3.2485633e-16   1.8993741e-03   4.3781169e-03   8.4419994e-04   3.5246596e-05   2.2878454e-22   4.4016876e-04   4.5578042e-18
   8.1630646e-04   4.4433762e-04   7.2092080e-16   1.8021515e-03   5.3235712e-03   5.4612536e-04   9.6559957e-05   1.1770767e-16   3.4296355e-04   1.6868447e-13
   4.7857407e-04   4.9834252e-04   1.1234015e-18   1.7770400e-03   5.4072739e-03   4.3819262e-04   8.7441884e-05   9.0373725e-18   3.9073057e-04   8.5554003e-14
   2.7605498e-04   2.5804405e-04   7.4443858e-10   1.9877746e-03   4.4022901e-03   2.0306325e-04   8.5497564e-05   4.4730916e-27   5.1435637e-04   3.2707842e-11
   1.9920259e-04   3.8918624e-04   8.7661402e-12   2.0521737e-03   5.2143351e-03   4.1778105e-04   5.9752906e-05   3.9869440e-28   5.1143297e-04   4.8474752e-11
   9.8653005e-05   5.3448333e-04   1.2440964e-18   1.6301125e-03   7.9301830e-03   2.3122878e-04   6.3320834e-05   8.2720073e-25   4.0356551e-04   6.7569745e-17
   7.8206977e-05   3.3061413e-04   5.1367206e-12   1.3906658e-03   6.8577739e-03   1.3323592e-04   8.9760826e-05   4.7510042e-20   7.3139235e-04   1.5224489e-19
   2.8603687e-04   2.9432921e-04   6.1759325e-13   1.5060256e-03   7.0091560e-03   7.8248088e-05   7.7795138e-05   2.8247954e-20   5.9733402e-04   1.3382391e-23
   4.6600794e-04   5.4812522e-04   1.6901014e-06   1.4648363e-03   4.7045181e-03   2.7589630e-04   5.1262369e-05   1.5591418e-28   5.6932844e-04   4.4430989e-27
   5.1858270e-04   4.1456860e-04   6.5083025e-10   1.6511178e-03   3.6363424e-03   2.1214117e-04   5.1867334e-05   7.8752165e-37   4.9293887e-04   6.9937232e-29
   3.1280872e-04   5.2522615e-05   1.6619844e-06   1.7701543e-03   4.7042215e-03   3.5281492e-04   5.8056579e-05   4.0711384e-26   5.0737615e-04   6.2048131e-29
   7.7448735e-04   2.6040156e-04   4.7297112e-07   1.2486835e-03   5.6958280e-03   3.9556746e-04   7.8089149e-05   1.8408322e-17   5.3619796e-04   6.3810334e-23
   1.1075666e-03   3.2053370e-04   1.1196468e-08   8.8547475e-04   5.6369731e-03   4.2592238e-04   1.0484372e-04   2.0637167e-21   4.1040177e-04   4.4068499e-13
   9.9197770e-04   5.8399545e-04   4.2808437e-08   7.9473317e-04   5.5445019e-03   2.8661965e-04   1.1009898e-04   3.1945403e-24   6.2827657e-04   4.8103462e-08
   5.6899225e-04   7.0262260e-04   3.6745790e-05   1.0904502e-03   5.7762034e-03   1.7367136e-04   1.0253892e-04   2.3696919e-26   5.0663578e-04   1.4366679e-12
   3.8126790e-04   6.6632653e-04   3.7772617e-05   1.2394645e-03   6.4207801e-03   7.3163359e-05   1.0043296e-04   6.8647586e-19   4.8522224e-04   8.0167704e-11
   1.2778900e-04   5.6044354e-04   5.1331795e-05   9.2098993e-04   6.0747181e-03   8.8984376e-06   8.8852085e-05   1.6567060e-19   5.4254700e-04   9.6240823e-10
   1.0533366e-04   6.8645950e-04   4.5606572e-09   1.1787876e-03   3.1445558e-03   1.1267065e-04   8.8527186e-05   4.6456185e-29   5.4585494e-04   9.1841948e-19
   3.2896055e-04   5.0683426e-04   9.6989484e-05   1.5467414e-03   2.0390833e-03   5.9501250e-05   1.3179379e-04   4.8300494e-33   4.9134338e-04   4.6040058e-20
   2.6736080e-04   3.7799885e-04   1.4637019e-04   1.6271538e-03   3.5337089e-03   1.0339313e-04   1.1422923e-04   2.2400779e-28   6.0305382e-04   1.3326135e-26
   3.3589169e-04   4.2806349e-04   9.9072642e-05   1.3465504e-03   4.6094897e-03   5.5762545e-05   9.4476292e-05   2.5930073e-23   5.4648250e-04   6.1062608e-28
   2.9148764e-04   4.0094589e-04   2.0929902e-06   9.8484632e-04   4.5054974e-03   1.4397485e-04   1.2999465e-04   8.9969052e-12   5.6079845e-04   8.7254773e-28
   1.1149747e-04   3.7986426e-04   3.5252417e-09   1.1116673e-03   5.7309763e-03   1.9564106e-04   1.0270360e-04   6.0056208e-21   5.9276493e-04   1.1916191e-24
   3.7038176e-04   4.0233518e-04   5.9097466e-05   1.0309140e-03   6.9283878e-03   3.9198527e-05   8.8050510e-05   4.9962428e-21   4.0394000e-04   8.3607914e-15
   5.0115777e-04   4.3609660e-04   3.2185505e-05   8.3780010e-04   8.4732993e-03   8.6876706e-05   9.4895633e-05   1.7365500e-22   3.2443281e-04   2.6595794e-12
   5.6384862e-04   2.5010709e-04   6.3001586e-08   9.2292279e-04   7.4259869e-03   3.3840909e-05   7.9548334e-05   1.2343250e-17   4.9600162e-04   1.5096473e-15
   3.9629733e-04   1.7074009e-04   1.0881337e-11   8.2669770e-04   5.7930106e-03   7.9629626e-05   1.1664781e-04   1.2176181e-18   5.3496417e-04   1.0122124e-11
   1.2537883e-04   1.6325076e-04   1.2762012e-04   9.0823451e-04   5.2340689e-03   1.5982221e-04   1.2316263e-04   1.0098256e-20   5.0110969e-04   3.4475058e-19
   3.5292238e-06   2.9500953e-04   1.7155682e-04   9.7062166e-04   6.6514757e-03   8.1755077e-05   1.1920260e-04   2.2219230e-21   4.5698369e-04   3.5968872e-20
   1.4838622e-04   3.2734022e-04   2.8587636e-05   9.5547831e-04   8.1462165e-03   4.4978653e-05   1.1750496e-04   2.9835954e-17   3.0504333e-04   1.0304461e-24
   8.2436967e-05   3.0964399e-04   5.1753590e-05   7.0198237e-04   9.1918075e-03   9.1033749e-05   1.2903692e-04   3.3656856e-17   3.1733941e-04   1.3349282e-17
   1.0136351e-04   2.7364057e-04   1.9133050e-04   6.0237438e-04   9.1251285e-03   6.0533175e-05   1.3153862e-04   6.2939608e-24   3.6662164e-04   2.5501134e-20
   2.1818383e-08   3.1102877e-04   2.1638105e-04   7.5021586e-04   9.8915853e-03   1.1588454e-04   1.0935155e-04   1.3321390e-21   3.8564466e-04   3.9744427e-19
   4.3398998e-05   2.5032053e-04   4.4923153e-05   6.8032625e-04   1.0950938e-02   1.9145185e-04   1.1038890e-04   2.9804571e-20   3.0490219e-04   7.9988509e-18
   1.8031822e-05   2.0659297e-04   1.2184863e-04   6.1686553e-04   1.2210974e-02   1.0080336e-04   1.2884344e-04   7.7501441e-17   2.3434261e-04   8.9847568e-22
   1.3759144e-06   2.8809888e-04   1.3714853e-04   7.1376459e-04   1.1216555e-02   2.4943471e-04   1.1744671e-04   3.9900457e-12   2.6702649e-04   1.4011538e-06
   1.3304550e-04   2.2556021e-04   4.3388643e-05   6.4813675e-04   1.0707641e-02   2.3044634e-04   1.3163691e-04   2.1337523e-20   2.7242500e-04   1.8008656e-13
   1.3480202e-04   2.6092089e-04   3.5528253e-06   6.3558663e-04   1.2718683e-02   2.4073700e-04   1.3592547e-04   3.9109787e-18   2.4395259e-04   4.1062366e-16
   1.1271355e-04   1.7922931e-04   1.0312502e-04   6.5327331e-04   9.0977836e-03   2.5982052e-04   1.5270919e-04   3.3395704e-09   3.7507231e-04   2.9813673e-18
   1.2228777e-04   2.9174701e-04   2.4456642e-04   6.2135092e-04   5.5684182e-03   1.5104366e-04   1.5182917e-04   6.3895216e-11   2.7124214e-04   1.6248532e-14
   3.7898653e-05   3.0432653e-04   4.6426895e-04   5.4717297e-04   6.4931893e-03   1.7688281e-04   1.4768139e-04   1.6926303e-12   2.9205868e-04   2.1254961e-15
   1.7868688e-13   1.6691807e-04   2.7467901e-04   6.5367608e-04   7.4722700e-03   2.7332980e-04   1.4835405e-04   9.3811634e-21   4.4175670e-04   9.2879604e-12
   9.4428862e-10   1.0222045e-04   1.4747548e-04   1.0058223e-03   8.5498904e-03   2.5235049e-04   1.1187076e-04   8.9630881e-27   2.7570660e-04   2.1132347e-17
   2.7005289e-09   2.2193041e-04   3.4663755e-04   9.4018634e-04   8.0327175e-03   1.3518424e-04   1.0212849e-04   9.0288032e-21   1.7754371e-04   1.9030367e-17
   1.3133776e-16   3.2602394e-04   2.6799269e-04   8.6851584e-04   7.7560133e-03   1.4164778e-04   1.0578308e-04   5.7528730e-15   3.0491900e-04   6.5775419e-19
   9.5871218e-10   2.7148677e-04   8.6908281e-05   9.2875155e-04   5.9811824e-03   3.4127055e-04   1.5054502e-04   3.7046973e-12   3.6737122e-04   5.9656585e-20
   9.4513967e-06   9.5407505e-06   4.0946328e-09   8.5032765e-04   4.4826212e-03   4.4659963e-04   1.5101721e-04   8.1027763e-14   4.7905166e-04   9.5983535e-18
   8.1702408e-05   2.4792227e-04   1.9191172e-04   6.5313348e-04   6.9646945e-03   2.1321280e-04   1.3581003e-04   6.1210935e-16   3.4654225e-04   5.1057729e-22
   1.5339901e-04   1.0988748e-04   1.9078425e-04   4.5467155e-04   8.3898856e-03   2.1340904e-04   1.2889983e-04   3.0185944e-23   4.2184777e-04   1.6096611e-27
   2.2423180e-04   6.3366050e-05   2.4025580e-06   6.7077215e-04   4.2357546e-03   4.5025392e-04   1.0440316e-04   1.4735424e-20   4.5928227e-04   5.2827979e-19
   2.0716457e-04   2.2541377e-04   1.6515473e-04   5.9514300e-04   3.5120370e-03   6.6268775e-04   1.1188467e-04   2.3258738e-15   5.1053795e-04   2.1952055e-17
   1.5301474e-05   1.3971391e-04   2.5152034e-04   6.3730609e-04   5.9355462e-03   5.8745404e-04   1.0306888e-04   1.9226478e-21   6.0241099e-04   2.6837294e-19
   4.6651684e-05   2.6338998e-04   3.6737076e-04   7.8907076e-04   7.8847797e-03   2.9024564e-04   1.2130058e-04   1.0143911e-22   4.1132967e-04   6.6593988e-16
   2.1902383e-05   2.9311241e-04   4.7786178e-04   7.3312229e-04   7.7750295e-03   9.7678332e-05   9.7284357e-05   7.0662259e-28   4.7003249e-04   1.6178540e-19
   6.4113487e-05   3.3920589e-04   4.9699439e-05   9.1835194e-04   8.4036148e-03   1.4904517e-04   1.2971583e-04   1.3036795e-31   3.7284878e-04   2.0302317e-14
   3.4323404e-05   3.5416860e-04   1.4641784e-04   9.1606611e-04   9.1267219e-03   3.9107921e-04   1.3431623e-04   4.6837641e-35   4.4097672e-04   3.1080310e-15
   1.1483807e-04   3.2793803e-04   3.0800442e-04   7.7569470e-04   8.8742800e-03   3.9776221e-04   1.1021098e-04   2.4489433e-38   3.7394136e-04   8.6564073e-13
   1.6552184e-04   3.1010939e-04   4.4815615e-04   6.2292589e-04   7.9089672e-03   1.2932738e-04   9.1980383e-05   2.4461130e-37   4.3769979e-04   1.2832882e-13
   1.0249440e-04   3.0014579e-04   3.8698843e-04   6.5449286e-04   6.1756179e-03   3.6759217e-04   1.3475299e-04   2.0918669e-30   3.6236888e-04   6.4542494e-13
   1.3777590e-05   5.5761770e-04   2.9559965e-04   4.3299276e-04   6.8759417e-03   3.2402404e-04   1.4472668e-04   3.6540216e-17   5.2655830e-04   6.5917567e-13
   3.9194733e-04   3.6179821e-04   1.3730072e-04   5.9676507e-04   6.6422597e-03   2.7140027e-04   1.3384477e-04   7.9920025e-11   4.3887962e-04   2.3239531e-15
   6.9738133e-04   6.9299386e-04   7.0226888e-05   4.4545900e-04   6.5144296e-03   3.3701485e-04   1.3639776e-04   3.6619978e-15   4.0331802e-04   6.4142905e-23
   5.1077035e-04   8.6331327e-04   1.0878742e-04   4.7283227e-04   6.9981829e-03   2.6383021e-04   1.2844046e-04   2.3548279e-25   4.5433935e-04   8.4426574e-17
   2.2623744e-04   6.6998948e-04   6.7975391e-05   5.6068977e-04   5.9685648e-03   2.3958416e-04   1.5501980e-04   4.7821777e-25   4.1123074e-04   7.1731648e-14
   2.2958079e-04   5.1903616e-04   3.5028406e-05   4.7115811e-04   7.4829137e-03   3.3349218e-04   1.1319326e-04   3.9133726e-21   5.8442701e-04   1.8171270e-12
   1.7674075e-04   3.3715682e-04   2.0133664e-04   4.1327249e-04   9.6342389e-03   3.2154479e-04   1.0138146e-04   3.4461905e-19   7.0755866e-04   1.8863944e-12
   3.5728673e-04   6.2670821e-04   1.4254821e-04   5.3039078e-04   8.6486869e-03   2.6288541e-04   9.2584152e-05   4.4134982e-06   3.1560262e-04   3.7577549e-11
   3.5175971e-04   5.3418271e-04   4.2226388e-05   7.5890121e-04   5.3086683e-03   3.3791575e-04   5.3880033e-05   2.1367612e-06   4.9248678e-04   6.0540124e-12
   2.9093969e-04   2.4070330e-04   5.9241365e-05   1.0114264e-03   4.0949271e-03   3.9721385e-04   6.0930101e-05   8.2928829e-15   4.5643558e-04   2.0268977e-10
   1.1529401e-04   3.8923608e-04   5.0743032e-05   1.1006280e-03   4.0040880e-03   3.8830975e-04   5.9456584e-05   1.0767373e-17   5.3712932e-04   1.5951903e-07
   2.2652248e-07   4.5364978e-04   5.4544043e-05   1.1829845e-03   7.6491817e-03   2.9076831e-04   9.3178167e-05   6.7819041e-12   4.9214716e-04   3.8233017e-07
   7.8654428e-05   4.0756759e-04   4.9439795e-09   1.2320077e-03   8.1498568e-03   2.1777840e-04   9.1383242e-05   1.5362600e-13   5.1406418e-04   3.4287165e-05
   2.7535437e-04   3.3828346e-04   8.8606015e-09   1.1781206e-03   3.6966227e-03   2.1374404e-04   9.6158968e-05   6.0448777e-15   4.5835234e-04   8.9389011e-05
   4.5374049e-04   2.9291214e-04   2.5464241e-06   9.5934203e-04   3.5732564e-03   2.8199927e-04   8.3077894e-05   5.9359491e-10   3.2115250e-04   9.0613967e-05
   5.8720568e-04   2.3103097e-04   1.2501006e-04   1.0017327e-03   5.3980681e-03   2.8118838e-04   8.7846971e-05   6.2065529e-15   2.8162741e-04   1.2637072e-04
   3.0723890e-04   3.1013689e-04   5.6108465e-05   8.3015797e-04   6.4457402e-03   2.6958107e-04   1.1564513e-04   1.2307390e-11   1.4553847e-04   1.5028756e-04
   1.4006067e-04   3.8317936e-04   1.7960863e-09   9.0225945e-04   6.3881077e-03   2.5580218e-04   1.0472864e-04   3.6591251e-12   5.3382967e-04   8.8826292e-05
   9.8935524e-05   2.1806435e-04   9.8851288e-10   1.0142129e-03   7.1875412e-03   1.8963319e-04   6.7815265e-05   5.1435381e-12   2.5120270e-04   1.1403289e-04
   1.3079496e-04   2.1143779e-04   2.5910254e-08   7.8685285e-04   7.0203809e-03   2.5930914e-04   7.4278939e-05   1.1251611e-15   3.9872179e-04   1.1328523e-04
   1.6086615e-04   4.0961815e-04   4.3291207e-06   8.3589707e-04   4.9732532e-03   2.4718718e-04   1.0069335e-04   3.6856074e-06   3.6347084e-04   2.0206754e-04
   2.3906447e-04   5.0600497e-04   1.1707105e-05   9.5715222e-04   3.5230831e-03   1.4352623e-04   8.9134643e-05   9.1759532e-05   2.5034878e-04   1.9270992e-04
   2.9174762e-04   2.8149333e-04   3.4569231e-06   7.1780658e-04   4.6779789e-03   1.3696336e-04   7.7561770e-05   6.6859066e-06   4.2170965e-04   1.4114383e-04
   1.8446720e-04   2.4671893e-04   1.2294762e-10   7.3113639e-04   5.0353745e-03   2.2423243e-04   4.7188632e-05   1.4174219e-09   3.6980001e-04   4.1193609e-05
   1.2057858e-04   2.3021098e-04   7.4295553e-05   7.6031000e-04   5.4220192e-03   3.3172074e-04   7.3628304e-05   4.1918294e-08   2.3452665e-04   2.6468493e-05
   2.4102890e-04   2.8589645e-04   2.9624735e-05   6.5521089e-04   6.0425216e-03   2.5272278e-04   1.1779698e-04   6.2791997e-05   1.4104342e-04   1.4801775e-04
   2.5981877e-04   3.2764988e-04   1.9054849e-07   1.0841737e-03   5.7634838e-03   3.2495866e-04   9.2602675e-05   1.6261832e-12   1.6846274e-04   8.4740769e-05
   3.4112615e-04   3.6094008e-04   5.1040270e-06   1.0378936e-03   6.2444715e-03   1.0974246e-04   7.6345655e-05   3.4512869e-11   2.4667822e-04   1.0780356e-04
   2.7627685e-04   3.5658794e-04   5.9841828e-08   1.0516981e-03   5.2202278e-03   1.5348366e-04   9.5712071e-05   2.0494918e-10   1.8670487e-04   6.2524822e-05
   1.6318026e-04   5.5085136e-04   7.9612121e-06   1.0996927e-03   4.3436346e-03   1.7605831e-04   7.5099298e-05   6.4283168e-11   2.7600322e-04   9.0829993e-05
   9.7825654e-07   4.3347697e-04   3.3283955e-08   1.0824617e-03   6.0519775e-03   2.0487847e-04   6.7180505e-05   2.0852575e-14   4.4871366e-04   1.2311124e-04
   3.0024082e-08   3.9922727e-04   2.6588678e-09   1.2103369e-03   5.4097174e-03   2.1619694e-04   5.6497849e-05   4.3237628e-14   3.6542013e-04   1.1707490e-04
   1.2360796e-09   3.7968619e-04   1.4868780e-05   1.3749448e-03   3.3582431e-03   1.3817425e-04   5.5887256e-05   9.6526393e-14   3.4461909e-04   2.2590551e-04
   8.0092849e-15   3.0867218e-04   3.6394300e-05   1.0548403e-03   4.6757786e-03   2.2492803e-04   5.7665984e-05   1.6814738e-19   3.3824162e-04   1.8610481e-04
   1.3747336e-04   5.4905557e-04   2.8727253e-05   7.5269974e-04   7.0300634e-03   1.9121173e-04   8.5130563e-05   7.6566525e-22   1.7194179e-04   1.2610415e-04
   1.4758807e-04   5.9119959e-04   4.7867905e-13   1.0752411e-03   6.1579567e-03   8.0520212e-05   6.5440138e-05   2.5855132e-22   2.2179717e-04   6.7377676e-05
   4.2319487e-05   3.4050015e-04   1.4760009e-10   1.2836204e-03   4.5682963e-03   5.3437375e-05   4.1890806e-05   7.8307717e-20   2.9073184e-04   1.2797785e-04
   1.6807103e-04   3.9788565e-04   3.0674692e-10   1.2070449e-03   3.0092829e-03   1.2355825e-04   7.5131933e-05   9.9817868e-11   1.4329514e-04   2.4513596e-04
   2.1642129e-04   4.0555542e-04   1.2297171e-11   9.6514429e-04   5.0368699e-03   1.7562089e-04   6.9356554e-05   3.3927140e-14   1.6897514e-04   1.8730562e-04
   1.6795142e-04   4.0972459e-04   2.7850712e-06   8.2737965e-04   4.6651091e-03   3.3218214e-04   5.1794926e-05   7.5228143e-20   3.0766111e-04   1.9631264e-04
   1.3959757e-04   3.4006596e-04   1.7351670e-08   6.9036986e-04   4.2194099e-03   3.3355826e-04   5.4944234e-05   8.7309868e-19   3.8870445e-04   9.8599416e-05
   3.4845598e-07   3.0002002e-04   1.7937942e-10   7.0923027e-04   3.3706394e-03   2.0527201e-04   3.8927633e-05   5.6890482e-05   5.3914849e-04   5.1269906e-12
   1.2414589e-12   3.0911813e-04   2.2805570e-12   9.5112141e-04   2.4918162e-03   2.0221636e-04   4.7892175e-05   1.2278239e-06   6.0568026e-04   1.1098395e-12
   1.6209310e-06   3.4803645e-04   5.4542675e-06   7.7020363e-04   3.7531907e-03   1.6002144e-04   3.9864178e-05   4.1482773e-09   5.1469764e-04   4.3162948e-06
   1.2149162e-04   2.1076403e-04   4.9213694e-05   5.7146436e-04   3.6866448e-03   2.3259536e-04   4.5682304e-05   9.0838262e-17   2.2645305e-04   1.4336945e-04
   1.0070953e-04   1.8059295e-04   8.2759199e-05   8.7830196e-04   4.2912291e-03   1.9054425e-04   3.6900195e-05   9.6224967e-21   1.9028998e-04   7.3900419e-05
   1.7873209e-07   3.0408903e-04   3.2301367e-05   9.8745856e-04   6.7652445e-03   5.3389898e-05   2.6956466e-05   1.7022027e-23   2.3875841e-04   7.1643516e-05
   2.7703352e-05   2.7003982e-04   3.1303737e-14   7.7960100e-04   9.2088605e-03   2.5530463e-04   2.8138036e-05   3.2621417e-23   1.7452889e-04   8.6129564e-05
   1.0525459e-09   1.7854190e-04   1.8240971e-06   7.4840243e-04   6.6797204e-03   4.8054656e-04   2.9846668e-05   2.0670047e-18   2.9618525e-04   1.6933531e-04
   7.9779556e-05   3.9032220e-04   9.2898672e-09   7.2837798e-04   4.9436289e-03   3.7676498e-04   2.6101092e-05   5.8405395e-12   2.3320048e-04   2.8097547e-04
   1.4924850e-04   4.0844545e-04   1.4117698e-07   8.0614016e-04   2.7814006e-03   4.1236255e-04   1.7322563e-05   8.6310572e-16   2.5071354e-04   3.2137374e-04
   1.3675944e-04   1.9923450e-04   1.1547089e-08   9.7411451e-04   4.1484674e-03   7.6958933e-05   2.0543313e-05   8.3876445e-17   3.9398218e-04   2.4217248e-04
   1.3739848e-04   1.1597774e-04   1.0161057e-07   9.9539498e-04   3.1720430e-03   2.9731280e-04   1.7156183e-05   2.2819483e-15   3.7841184e-04   1.8808627e-04
   1.0293829e-04   3.2160627e-04   1.9127720e-19   8.2594923e-04   2.7820012e-03   3.6550121e-04   1.5181237e-05   1.2391849e-22   2.8726935e-04   3.3120159e-04
   2.0659563e-06   3.9673937e-04   4.3429262e-09   7.5444978e-04   3.1829173e-03   4.5277081e-04   2.5010104e-05   5.2703259e-21   3.4984725e-04   3.1181324e-04
   1.4341598e-04   4.2143958e-04   7.0280893e-06   7.8226014e-04   1.7575266e-03   2.9582802e-04   2.2633001e-05   5.2328095e-19   4.0168458e-04   2.7250173e-04
   1.7138870e-04   3.8798073e-04   2.5206530e-10   6.5613158e-04   2.4709799e-03   4.8480351e-04   2.9148577e-05   1.8539756e-20   3.2817198e-04   2.6544658e-04
   3.4054559e-05   5.4087267e-04   3.1272576e-12   7.3997160e-04   2.8686764e-03   5.7715724e-04   3.3548085e-05   5.0045815e-13   1.9440381e-04   2.7856558e-04
   1.2454009e-04   6.0376526e-04   1.0821185e-05   9.8713640e-04   3.2704778e-03   2.7434537e-04   5.6419358e-05   1.4699951e-12   1.3547009e-04   2.5583274e-04
   1.9483156e-04   3.2953743e-04   9.2065810e-05   9.7590311e-04   3.6380832e-03   2.9540628e-04   4.8720883e-05   7.4339056e-09   5.4771179e-05   2.3478502e-04
   9.6831980e-05   2.5265738e-04   3.6170226e-10   9.3704971e-04   3.0575883e-03   4.2962083e-04   3.9614339e-05   1.0467481e-07   1.0427526e-04   2.6117525e-04
   1.0418549e-04   3.9170974e-04   6.5853458e-06   1.0496642e-03   3.0928412e-03   3.3309633e-04   4.9855862e-05   3.2195511e-15   9.0163819e-05   1.8386299e-04
   6.6313059e-05   3.6833461e-04   9.1903755e-07   7.0284442e-04   3.9942704e-03   3.6464173e-04   2.6615709e-05   1.6727041e-28   2.2038723e-04   1.3592739e-04
   1.5771124e-04   6.5162410e-04   1.2494069e-09   6.7844796e-04   3.4160962e-03   5.1481299e-04   3.8764917e-05   5.2071657e-20   3.0342265e-04   2.0591178e-04
   3.0120846e-04   4.3745174e-04   2.0390208e-13   6.3548811e-04   1.4510616e-03   5.3409919e-04   5.4139037e-05   2.1601937e-12   2.9072484e-04   2.8124279e-04
   2.5691207e-04   3.3524470e-04   8.2659063e-19   4.3869753e-04   3.2583969e-03   4.7337480e-04   3.3769566e-05   2.8727960e-06   3.6338532e-04   3.6094710e-04
   1.2320855e-04   3.8889797e-04   4.5509834e-13   5.5329580e-04   4.4048111e-03   1.6585291e-04   2.3805885e-05   1.0462013e-05   2.8245453e-04   3.6115824e-04
   1.2067291e-04   4.0699780e-04   2.2102518e-10   6.1309647e-04   3.3701013e-03   2.7620823e-04   1.2226472e-05   2.1871259e-09   3.7415281e-04   2.7662352e-04
   2.0883343e-04   3.7510830e-04   4.4347985e-08   6.7167040e-04   2.7210177e-03   3.7630941e-04   1.4432670e-05   2.9694795e-10   2.5762303e-04   2.9944050e-04
   2.1378870e-04   3.5540953e-04   6.8125774e-14   6.2238749e-04   1.9565293e-03   4.0353060e-04   2.6316441e-05   3.0165424e-06   1.7601619e-04   2.6519341e-04
   1.4602487e-04   4.4075294e-04   3.7604913e-11   5.1895137e-04   2.2419958e-03   3.4175197e-04   2.7567473e-05   1.3620921e-05   2.2332737e-04   1.2076990e-04
   1.1944984e-04   3.6070940e-04   6.0294761e-09   5.5361269e-04   2.2437340e-03   2.7706467e-04   2.2763554e-05   4.5406717e-08   2.2899525e-04   1.6227886e-04
   3.8181875e-05   4.6876140e-04   5.2731521e-18   6.5357972e-04   2.4390113e-03   1.8476650e-04   3.5216789e-05   8.6869866e-07   2.0000594e-04   1.2210578e-04
   1.8552514e-07   4.2562731e-04   1.0474117e-20   5.2386010e-04   3.3777625e-03   1.4522692e-04   6.1243889e-05   1.3443692e-07   1.9099353e-04   1.3407262e-04
   1.0309252e-04   2.6088663e-04   5.6683956e-20   5.2263912e-04   2.7343888e-03   2.3948505e-04   3.6649698e-05   4.0859796e-07   1.7168314e-04   2.1608637e-04
   1.2148230e-04   2.3560507e-04   4.7817472e-15   4.4311382e-04   2.2744394e-03   1.4237503e-04   1.7063304e-05   6.0484494e-05   2.6418685e-04   2.3860320e-04
   1.6636225e-04   2.9607158e-04   3.2032822e-17   5.3610963e-04   1.5914109e-03   1.3945343e-04   2.0593801e-05   2.6885916e-05   2.3357124e-04   2.1930730e-04
   1.8971451e-04   2.6719980e-04   2.4957734e-20   4.5535960e-04   1.9871703e-03   1.6346870e-04   2.5124722e-05   2.6832075e-05   2.2745995e-04   1.4107624e-04
   6.1714035e-05   2.4230951e-04   1.9381668e-15   3.8824260e-04   1.8883749e-03   2.1955852e-04   2.8872623e-05   1.3943476e-06   2.0066215e-04   1.4547013e-04
   6.8328353e-06   1.9774762e-04   9.1726248e-16   4.5617466e-04   1.4363702e-03   1.6089477e-04   4.1345118e-05   2.0333157e-05   2.2871739e-04   1.4114823e-04
   3.9574773e-05   2.3427477e-04   1.4660989e-14   4.5214509e-04   1.6780597e-03   8.7936508e-05   3.6294084e-05   7.9310517e-05   1.6689706e-04   8.4293808e-05
   3.9124982e-05   1.2174341e-04   5.0482001e-16   3.9508413e-04   1.9228769e-03   9.2392304e-05   5.0506450e-05   2.1624869e-04   1.2648520e-04   5.6859549e-05
   6.4260202e-05   1.7132191e-04   5.1376150e-16   3.0810596e-04   1.6517158e-03   7.2773943e-05   7.0889712e-05   2.2980079e-04   7.1950407e-05   8.0021023e-05
   9.5631574e-12   1.4931868e-04   8.2940062e-18   3.5318492e-04   1.7912808e-03   6.7524246e-05   3.9256770e-05   6.6684763e-05   1.2469777e-04   6.0887001e-05
   1.3585685e-05   7.6902621e-05   1.9953248e-13   4.4526896e-04   1.4282170e-03   1.4529898e-04   4.3662473e-05   2.9807124e-11   9.7469911e-05   7.5098209e-05
   1.6243936e-05   4.7206147e-05   9.4769803e-07   3.9196177e-04   1.2788494e-03   1.4688883e-04   2.8788439e-05   6.5501126e-18   6.6138961e-05   1.6636332e-04
   1.2328590e-11   9.0850192e-05   3.1442765e-05   3.6285521e-04   1.2700304e-03   5.9936296e-05   2.5235959e-05   2.9935081e-11   7.9416161e-05   1.1313939e-04
   2.9118519e-09   9.4453169e-05   1.1466284e-12   2.9841994e-04   1.1854601e-03   6.8647425e-05   2.4945904e-05   7.6466927e-06   1.1269277e-04   1.2126327e-04
   1.6973429e-16   8.2391670e-05   1.2039966e-13   2.4504232e-04   1.5337442e-03   5.6674609e-05   2.5258439e-05   2.1436088e-05   2.0241031e-04   6.7987712e-05
   7.2344827e-10   6.2619128e-05   4.1080646e-15   2.6421538e-04   1.4186904e-03   2.4222435e-05   3.7879834e-05   1.4986337e-05   1.6443442e-04   5.9657502e-05
   5.7495468e-12   1.0167557e-04   6.9269461e-15   2.6252744e-04   1.5128219e-03   3.1151595e-05   3.4786460e-05   1.1192876e-10   8.0207636e-05   1.1672674e-04
   2.4229417e-22   1.0787047e-04   1.1940336e-09   3.6477503e-04   1.3435691e-03   5.3103542e-05   3.0857137e-05   5.7750529e-14   8.3081427e-05   5.9541947e-05
   1.2526872e-13   1.1749324e-04   6.7524235e-06   3.1993371e-04   1.4394751e-03   6.1315949e-05   2.5432598e-05   1.2136388e-10   6.8401708e-05   3.0203495e-05
   3.5813187e-19   1.0231464e-04   1.3412032e-05   1.8176718e-04   1.9081885e-03   4.6229194e-05   2.0179010e-05   1.0424227e-08   6.1284055e-05   3.0248976e-05
   7.6601157e-26   7.4476242e-05   5.9907804e-10   1.3972530e-04   2.2386625e-03   6.5566900e-05   1.7438389e-05   1.5921104e-08   7.0603365e-05   6.5323823e-05
   3.0991148e-32   5.9923312e-05   1.5918590e-06   1.1329888e-04   2.2611274e-03   6.1542017e-05   1.8628173e-05   4.9848687e-07   1.0071764e-04   4.4809743e-05
   1.9984131e-27   7.8100235e-05   5.1084335e-06   1.2392051e-04   2.0492825e-03   5.3988122e-05   2.0465307e-05   1.0673467e-06   9.7722410e-05   2.1172346e-05
   7.7985263e-27   5.5373848e-05   1.7099695e-09   1.7463318e-04   1.2624218e-03   6.2366395e-05   1.6746870e-05   7.3327987e-19   8.5833729e-05   2.6741969e-05
   1.9558121e-24   1.0170628e-04   3.5146004e-07   1.3342245e-04   1.1249730e-03   7.7658903e-05   2.3896750e-05   7.9110139e-26   6.0924088e-05   2.5583927e-05
   2.0028273e-20   8.5531684e-05   1.3128207e-07   1.2452805e-04   1.3244396e-03   7.7591731e-05   2.3358371e-05   9.4138109e-13   8.1408462e-05   1.9460820e-05
   1.7920126e-11   4.9197829e-05   4.0932302e-06   1.3972400e-04   1.1267851e-03   5.3882282e-05   1.4866525e-05   1.9726568e-05   5.5411942e-05   4.3961031e-05
   1.8084085e-06   2.5431297e-05   6.6971506e-06   6.4902289e-05   1.0141254e-03   7.0014444e-05   1.8219855e-05   1.5187482e-04   4.6038216e-05   3.8863660e-05
   6.0601843e-14   2.4378598e-05   1.5740399e-08   1.4903901e-04   8.4798801e-04   4.7387967e-05   1.4482532e-05   3.2315223e-07   4.8216940e-05   4.1067382e-05
   9.7751207e-28   4.2474282e-05   3.1884195e-06   1.5554179e-04   7.1745899e-04   6.5642271e-05   9.6827751e-06   3.3771355e-11   3.1992214e-05   2.9337352e-05
   1.0864042e-28   7.8978556e-05   6.9815681e-08   1.3051197e-04   5.9333750e-04   6.8386446e-05   8.7631883e-06   1.6377126e-05   4.7847077e-05   2.5215923e-05
   4.2800777e-18   1.0273811e-04   2.0167289e-10   1.6616146e-04   8.7106881e-04   4.5818050e-05   9.0208430e-06   9.5681374e-07   5.2574760e-05   1.8587412e-05
   4.6404385e-17   6.7649875e-05   7.3441887e-08   1.0796081e-04   1.1393519e-03   7.1971061e-05   1.0499400e-05   4.9183794e-05   4.4602311e-05   5.5434186e-06
   2.1412376e-22   7.0618620e-05   1.1154368e-06   1.5777851e-04   1.2560295e-03   9.7486158e-05   8.1275739e-06   9.4212738e-08   2.8505365e-05   1.0576176e-05
   4.3907241e-28   4.2331222e-05   6.8346134e-11   1.9746027e-04   1.5202990e-03   7.0625619e-05   8.8662688e-06   1.8218479e-07   2.6907362e-05   1.1507152e-05
   1.7120499e-14   3.5531696e-05   1.9685408e-10   1.5302873e-04   1.3461237e-03   9.9765108e-05   9.3626554e-06   1.9406872e-08   9.4895224e-06   1.2923266e-05
