   1.4951788e-03   8.3035189e-04   2.5328987e-03   1.5083471e-03   6.6123055e-03   6.3133884e-04   1.0376826e-04   1.1979815e-04   8.3574525e-10   1.8926701e-03
   1.8852246e-03   1.0837479e-03   3.8149140e-03   2.3589514e-03   7.8149187e-03   3.9906659e-04   2.6535674e-04   2.5364108e-04   9.0643703e-06   2.5452162e-03
   1.5083152e-03   1.0148629e-03   3.6526564e-03   1.7970071e-03   7.3561926e-03   4.0870986e-04   5.5240224e-04   1.5464468e-04   1.9386481e-05   1.7383583e-03
   6.4434160e-04   5.7064059e-04   2.8901110e-03   1.3797543e-04   2.8755842e-03   4.3793921e-04   3.4928156e-04   1.5184417e-06   2.4975886e-04   4.7906955e-04
   5.5062924e-04   1.5808769e-04   2.9341164e-03   1.7004373e-04   2.6473057e-03   3.2988290e-04   5.3659104e-05   7.9756585e-05   2.2988151e-04   4.0276746e-04
   3.9162833e-04   2.4174711e-04   2.5004882e-03   2.9071434e-04   2.4269382e-03   2.4250913e-04   2.7899470e-04   1.5417024e-21   1.9229515e-04   5.5114305e-04
   3.4084565e-04   1.7794125e-04   2.3032018e-03   3.3431583e-04   3.2651474e-03   3.3097841e-04   3.0420052e-04   8.4953959e-25   1.2600164e-04   7.9755354e-04
   1.8414620e-04   1.6530772e-04   1.8969390e-03   2.1326641e-04   8.6993910e-03   3.7406333e-04   1.7742858e-04   2.2339256e-42   3.4174367e-05   8.6951746e-04
   1.9206285e-04   9.7818381e-05   7.2985172e-04   2.0126755e-04   2.7976768e-02   3.3318569e-04   1.1541023e-04   4.7549317e-11   1.0148115e-04   5.1959155e-04
   2.7201997e-04   1.3118292e-04   6.9534109e-04   2.4186961e-04   4.3303704e-02   1.6780549e-04   4.3891471e-04   1.3564547e-30   8.6402642e-05   4.2057605e-04
   5.0881281e-04   7.0199455e-04   8.9829115e-04   1.4918959e-04   4.2440828e-02   2.9924789e-04   2.2631194e-04   5.3500691e-21   4.1026075e-18   2.5554770e-04
   8.2323429e-04   2.3038359e-03   2.2909445e-04   6.8532970e-05   5.1633584e-02   2.3141433e-04   4.9821424e-04   9.7592474e-21   1.1042378e-35   5.7552138e-04
   1.1978442e-03   1.1561982e-02   4.5274272e-13   1.7687858e-08   1.4305529e-01   1.1013951e-04   2.0842330e-04   2.1400158e-06   1.4412851e-33   6.6503462e-06
   1.1894624e-03   5.1609783e-02   5.2190118e-22   1.2920529e-29   2.6053586e-01   4.2578702e-10   2.1829196e-03   2.7678069e-03   9.9313605e-43   2.5635201e-06
   1.3698733e-03   1.1018669e-01   1.8405975e-23   2.6959382e-32   1.4232328e-01   3.3564009e-08   3.7495197e-02   2.0176979e-04   3.2707390e-47   6.6450422e-03
   1.6346132e-03   7.2022409e-02   4.0475145e-05   2.0347913e-27   2.0909076e-03   1.1344432e-03   1.1931388e-01   2.5284666e-16   1.1338443e-33   9.7357786e-02
   1.2768998e-03   1.0526128e-02   5.5849250e-03   2.5476923e-26   4.6786308e-04   7.1032411e-03   7.3897029e-02   9.4746422e-25   7.8657374e-30   2.4771579e-01
   7.0106991e-04   7.7936896e-22   2.7368425e-02   1.2370688e-13   3.8914405e-04   2.9616589e-02   1.5575666e-14   1.6854581e-38   5.8187564e-53   2.1441141e-01
   4.1201807e-04   8.8605777e-05   1.4529469e-01   6.3836965e-04   5.4075252e-15   2.6731783e-02   1.1331968e-17   2.7194401e-47   2.2781213e-54   4.9472664e-02
   1.0291918e-03   6.3228896e-08   2.1457432e-01   1.3499984e-03   9.9495201e-09   4.2785243e-03   1.0523470e-03   2.6624571e-13   2.0630996e-30   3.5384129e-03
   1.5145074e-03   6.7567059e-04   1.1906582e-01   1.4560125e-02   1.8613582e-15   9.3989709e-05   8.9245956e-04   7.9524504e-05   1.1358090e-16   6.6892344e-05
   1.3451370e-03   8.6763336e-04   3.6214636e-02   5.5081629e-02   2.0965491e-07   3.3887751e-08   3.3523166e-04   1.2215943e-14   5.3242581e-05   5.8370018e-07
   9.0181820e-04   4.8571471e-04   3.0376859e-03   1.1190144e-01   7.7065121e-11   1.3350649e-04   2.9219713e-08   6.5542137e-18   6.5587786e-21   2.3857388e-07
   5.5780327e-04   4.3957924e-04   1.2773020e-03   1.2194967e-01   2.7812992e-04   3.3443063e-04   1.5206960e-04   2.2491536e-20   7.0898153e-23   1.1323830e-07
   9.1290504e-04   3.2238254e-03   1.4413594e-03   4.9696543e-02   9.5880533e-03   5.5359266e-04   6.5583788e-04   5.1946711e-35   5.7897483e-04   6.8250848e-05
   1.3307490e-03   9.9730851e-03   3.3696302e-03   4.6462909e-03   2.9374576e-02   1.4764077e-04   3.8192668e-04   1.4100764e-43   7.4472237e-04   1.6908780e-03
   1.2844579e-03   2.1419292e-02   2.1584310e-03   7.8131045e-04   4.6618114e-02   1.9212992e-06   1.7006311e-05   1.0186367e-24   4.9846369e-04   6.9372208e-10
   1.1367557e-03   2.8995887e-02   1.7166838e-03   1.5515810e-04   4.2521513e-02   3.7331743e-04   2.3355028e-03   8.0855362e-05   7.2938145e-05   4.4402624e-10
   9.8506323e-04   3.9915515e-02   1.0020437e-03   4.7960215e-05   7.2677243e-03   2.9144089e-04   1.7077794e-02   7.8578280e-03   3.7408718e-14   6.0672505e-05
   9.2066650e-04   3.9373484e-02   1.4239735e-03   4.9632242e-11   1.5579098e-15   1.6895334e-04   6.3924668e-02   1.8313135e-03   1.0405272e-17   3.3076435e-04
   7.1382070e-04   1.0768502e-02   6.8831556e-04   8.8042421e-19   1.9065695e-23   7.2613768e-04   1.5619051e-01   5.1980669e-14   8.8546232e-04   7.0492978e-04
   7.1245434e-04   1.1536534e-04   8.1964773e-04   7.7618846e-05   5.9648313e-14   1.2152885e-03   1.5295997e-01   2.0023313e-18   5.6783108e-04   1.5578784e-02
   7.0959741e-04   3.1622315e-10   1.1086121e-03   2.6139795e-06   1.7657822e-19   2.8844365e-03   7.1927760e-02   7.7531203e-18   1.0910937e-03   6.3348280e-02
   5.4304260e-04   4.6896177e-16   1.8474903e-04   1.0160535e-15   9.6080833e-24   9.9410463e-03   1.3149850e-02   8.1116861e-05   1.0379180e-03   8.4131685e-02
   7.1358504e-04   3.9604390e-16   1.0945434e-12   3.2575311e-30   4.4966261e-37   2.9144227e-02   1.8882654e-12   2.0434513e-17   1.0360865e-19   3.7376632e-02
   5.1573424e-04   8.2437142e-05   2.2073170e-03   3.2181516e-26   1.2152475e-33   3.8182428e-02   3.2493267e-08   2.4406387e-23   2.7572546e-25   2.1397946e-03
   6.4501131e-04   1.9387172e-04   1.5716264e-02   4.0400410e-27   2.6403076e-29   2.3060810e-02   3.6306061e-15   1.4811025e-17   5.4788192e-33   9.5748353e-13
   6.3646430e-04   4.0800848e-03   4.4018079e-02   7.0404754e-36   1.7364384e-12   1.0605127e-02   2.0430813e-25   1.2486951e-30   1.2357971e-11   2.5509599e-28
   4.9834818e-04   1.5224831e-02   4.7823615e-02   5.7059654e-40   3.0043841e-09   2.3250724e-03   1.8567378e-17   4.0360111e-45   3.6975281e-04   4.5020412e-26
   4.1667831e-04   3.4656418e-02   2.6977319e-02   1.6590586e-23   2.6074713e-15   1.4324374e-03   1.1854023e-25   3.0357020e-29   2.0762967e-04   3.1240530e-35
   4.3102302e-04   3.5391709e-02   1.1586480e-02   1.4989643e-07   3.7203576e-23   8.7203667e-04   5.3217784e-43   3.5728954e-02   5.2953224e-23   7.0766720e-37
   6.9742182e-04   1.7017597e-02   4.8474932e-03   2.1901590e-06   8.3366057e-25   1.4391565e-03   4.2083507e-31   5.4227525e-02   1.4037190e-34   5.3055383e-32
   8.6962836e-04   7.4721320e-03   8.5156058e-04   3.5938663e-04   7.7938159e-22   1.6767698e-03   7.6056680e-15   6.3141826e-02   7.9651998e-08   5.3166165e-16
   5.5031160e-04   8.5429209e-03   2.7614792e-05   9.2085812e-04   8.0047120e-29   1.0472256e-03   1.8883179e-03   7.6599113e-02   6.4481776e-04   3.7351600e-07
   5.1444914e-04   5.7319896e-03   2.3536096e-04   2.2480469e-03   3.9206276e-26   6.2647228e-04   8.8876050e-03   5.6159557e-02   2.1801501e-04   5.2750162e-05
   6.2584059e-04   1.5505999e-03   1.0080026e-04   3.7075126e-03   6.0731914e-17   6.2418879e-04   1.9687037e-02   2.9969221e-02   5.0274913e-04   7.8044761e-05
   6.7792580e-04   6.1756846e-06   1.3558377e-05   3.8072414e-03   3.8979620e-09   1.6296628e-03   2.1187849e-02   1.1734524e-02   5.7284498e-05   9.6580503e-04
   6.5782464e-04   3.4510344e-05   3.5491941e-04   1.7716459e-03   1.1256549e-04   1.3843986e-03   1.2597747e-02   5.0797774e-03   3.3394042e-05   3.6617210e-03
   6.3543296e-04   5.3605847e-04   9.7536464e-05   9.8180054e-05   2.2098141e-05   1.6411068e-03   2.3768468e-03   1.9070173e-03   5.9447929e-04   1.0992175e-02
   4.7744095e-04   4.6922691e-04   8.2077887e-12   8.2054910e-30   2.4893872e-09   4.9122191e-03   2.0214213e-10   7.5160635e-04   2.0871689e-04   1.2405028e-02
   3.0309409e-04   8.7448817e-05   2.9103496e-24   2.0295866e-37   8.4170176e-04   1.0196297e-02   2.6700712e-26   8.4760988e-10   5.9202450e-21   6.8833920e-03
   2.9333880e-04   1.8231517e-04   1.7805570e-23   1.3838364e-51   2.1653023e-03   1.7554782e-02   7.3980303e-33   1.2645424e-45   3.3915689e-26   9.7537618e-04
   1.8815591e-04   4.6805599e-04   2.9925812e-31   9.7269721e-54   4.2507228e-03   2.5819504e-02   6.3107525e-50   1.6732269e-20   2.7166174e-37   1.8525995e-25
   1.5707580e-04   1.8814292e-03   1.6541536e-40   8.9608950e-70   4.6976302e-03   2.4870805e-02   1.4883663e-57   7.1155645e-03   3.4734693e-34   1.3287446e-27
   1.5449870e-04   1.7084529e-03   1.0840137e-06   8.7027661e-41   3.5298594e-03   1.3355124e-02   2.6709441e-54   2.9145012e-02   4.7797961e-26   2.4361247e-12
   3.1490082e-04   1.5253379e-03   4.6298894e-03   3.8992879e-38   1.7516230e-03   4.6003009e-03   5.5856408e-28   2.8017357e-02   1.3521985e-33   3.8245423e-05
   4.4263884e-04   2.0698164e-03   8.4613658e-03   4.5098019e-40   5.6511117e-05   1.5722182e-03   2.7214117e-07   3.3161011e-02   1.9379000e-04   1.8387166e-04
   3.1961113e-04   2.1385021e-03   8.1207579e-03   3.7826337e-36   7.0776877e-04   1.2556824e-03   1.9583600e-04   3.2557878e-02   2.4023927e-04   1.5696675e-04
   3.0401297e-04   1.1630815e-03   6.0448872e-03   5.6309293e-32   2.4271307e-04   1.5314966e-03   2.1833920e-03   1.9400137e-02   2.8538415e-04   1.0854104e-04
   4.1423998e-04   7.9245761e-04   6.6612850e-03   2.7858203e-16   1.3116702e-03   1.9653592e-03   5.2383840e-03   5.3309625e-03   1.0354832e-04   1.2760240e-04
   5.6398875e-04   1.5671863e-05   6.0980251e-03   1.9139306e-06   1.1364085e-03   2.3706705e-03   9.0654051e-03   1.4067678e-03   2.7011538e-05   9.7273364e-05
   6.8783121e-04   1.4605645e-08   4.4333856e-03   1.5513432e-04   2.9481757e-04   2.2078419e-03   1.1978888e-02   5.4104110e-04   2.4005533e-04   2.3694540e-04
   8.1046678e-04   2.6570178e-08   3.1139185e-03   4.8666818e-04   1.9839934e-03   2.5590193e-03   8.8053858e-03   3.0192279e-04   1.5989419e-04   1.6236250e-03
   9.5328906e-04   1.7239764e-07   1.8613762e-03   8.8737776e-04   2.2556301e-03   4.2170653e-03   2.1651511e-03   1.4217088e-12   3.7491095e-04   3.3715897e-03
   6.7454867e-04   7.7574652e-05   9.4552408e-04   1.5656664e-03   3.4766415e-03   5.1002189e-03   2.7073805e-12   1.3295025e-06   4.0962828e-04   5.9356593e-03
   5.8029562e-04   7.9422349e-04   2.7465761e-04   1.9400821e-03   4.4154688e-03   5.1425089e-03   2.0627306e-23   4.1254753e-04   4.4350943e-04   1.0202762e-02
   5.9243771e-04   3.6834735e-03   1.4940298e-08   2.1040838e-03   1.9101798e-03   7.8747534e-03   2.0983329e-34   3.5125419e-04   1.8504522e-04   8.6832656e-03
   6.6872578e-04   3.3794414e-03   3.1175052e-19   2.5839525e-03   4.6831953e-04   9.6119845e-03   3.0867439e-40   8.2813518e-03   1.6959065e-15   3.6862709e-03
   4.8527264e-04   3.9080802e-04   3.0311658e-15   4.2511506e-03   5.5757129e-07   1.3029551e-02   1.0335927e-38   1.4262252e-02   8.4770366e-44   1.0764481e-04
   4.2727484e-04   1.2619343e-05   2.0864379e-18   4.4576966e-03   4.5763643e-05   1.5910123e-02   6.6025865e-29   6.2578280e-03   3.1953651e-52   4.2438091e-24
   3.8056357e-04   1.1710605e-06   2.5983039e-27   1.6426462e-03   2.5020551e-07   1.5154826e-02   1.1683688e-09   1.1252860e-02   4.1899663e-41   1.7502065e-27
   5.9789953e-04   5.0032696e-05   1.7980584e-08   6.8786751e-05   3.6431714e-05   1.0988674e-02   3.7397897e-04   1.9483745e-02   8.3889265e-29   3.2905389e-28
   7.0973310e-04   1.7096073e-04   1.7694065e-03   4.5614200e-19   8.0416577e-06   6.3955974e-03   2.9599457e-03   1.8732924e-02   2.7801536e-26   2.8165223e-17
   5.0327129e-04   1.3696893e-08   5.7117685e-03   1.5147831e-17   9.9048227e-05   3.4009375e-03   7.0954707e-03   1.0928878e-02   1.7622431e-04   8.4617850e-21
   3.8376467e-04   1.4859869e-13   9.7434976e-03   1.1683502e-15   3.2131397e-04   1.7515124e-03   1.0226860e-02   4.0567920e-03   2.6792171e-04   6.7257023e-10
   7.3961923e-04   1.7199297e-08   1.1704909e-02   3.0782914e-37   1.7262983e-04   1.3072180e-03   1.0563072e-02   9.0780999e-08   6.2770227e-04   3.5607216e-20
   8.1894532e-04   3.1500641e-11   1.1411243e-02   3.2580752e-34   2.2533268e-04   1.9020825e-03   8.1283327e-03   7.7794403e-06   5.5055670e-04   6.1356722e-22
   7.4014716e-04   7.4621223e-09   9.0338563e-03   4.2771110e-42   1.2748719e-03   2.0313203e-03   4.6663073e-03   4.3918248e-04   2.9976218e-04   1.8151735e-18
   8.6032094e-04   7.4433077e-05   7.7040935e-03   1.8441712e-37   3.0183592e-03   1.8677702e-03   2.2824007e-03   2.1634202e-03   2.7170618e-04   1.3450486e-04
   7.3313177e-04   1.8627835e-03   6.0039660e-03   2.1516819e-30   2.6946401e-03   1.9160251e-03   1.3030629e-03   4.2653560e-04   1.1241961e-04   3.0466135e-04
   8.3516484e-04   3.3422964e-03   3.6163707e-03   5.4738636e-39   9.6522132e-04   1.6323104e-03   5.6226978e-11   5.9553621e-03   1.6389527e-11   8.6978143e-04
   8.7661830e-04   2.1551293e-03   1.5915317e-03   1.1280495e-43   4.1568459e-06   2.9579558e-03   2.6575228e-31   1.2194154e-02   1.8650776e-04   2.5825953e-03
   6.7174641e-04   2.4727229e-04   1.0324943e-03   2.3560486e-37   7.6521998e-11   4.9920501e-03   1.4518590e-12   1.0726752e-02   5.9353199e-04   4.2008364e-03
   6.7846769e-04   9.3393618e-10   1.5789969e-03   1.9159538e-26   1.5485306e-20   4.4848821e-03   4.9975233e-04   1.2126550e-02   5.1626380e-04   4.1360556e-03
   8.8045031e-04   7.7486517e-09   1.2806042e-03   8.0315059e-14   6.2641445e-14   5.9697163e-03   5.0562897e-04   8.8340484e-03   1.6056247e-07   1.7925742e-03
   7.1527064e-04   2.9396995e-04   1.0906561e-03   5.9802556e-11   2.8978190e-13   7.1276661e-03   1.0414558e-03   1.8990159e-02   3.4872188e-23   5.5823765e-09
   6.9491263e-04   6.4015699e-04   1.1216046e-03   2.5943645e-04   1.3920992e-19   6.8444515e-03   1.6899377e-03   2.5481188e-02   1.1443076e-03   1.0120630e-11
   5.5905391e-04   2.8656779e-04   9.1171789e-04   3.6630444e-04   3.5932875e-23   8.0409496e-03   2.7597420e-03   1.8784670e-02   1.9472964e-03   3.7107956e-22
   5.0503540e-04   1.8471489e-06   1.3211649e-03   7.3642900e-04   8.3038753e-18   9.2724012e-03   5.2459505e-03   9.0023027e-03   6.3749245e-04   4.9813757e-27
   5.6619618e-04   2.4942473e-15   2.2488087e-03   1.0431040e-03   2.4333565e-12   1.0400023e-02   7.3746691e-03   2.1732867e-03   1.7332231e-04   3.6844676e-28
   6.3372035e-04   1.2957524e-13   3.6751493e-03   2.4749972e-03   3.6962181e-05   7.1836496e-03   9.5156142e-03   2.3871184e-20   1.2603610e-03   9.9539531e-21
   4.9315089e-04   7.7728767e-06   4.6005131e-03   4.2884035e-03   7.1877721e-04   4.8494321e-03   1.0397301e-02   4.3563972e-21   2.8249614e-03   1.6804458e-23
   7.2255389e-04   5.2905716e-04   3.2463501e-03   4.5543102e-03   9.7167343e-04   3.2752776e-03   1.1774820e-02   3.6635490e-04   7.4730233e-04   1.0989084e-10
   9.5889987e-04   1.5941244e-03   5.9974225e-03   1.6710092e-03   4.0226486e-04   3.7897953e-03   7.5003538e-03   2.1636038e-03   5.8152822e-04   4.4023060e-13
   9.3712607e-04   1.2569944e-03   5.7559811e-03   1.0426364e-04   2.8386527e-09   7.0796493e-03   2.4805053e-03   5.4089496e-03   7.7465202e-06   2.6902382e-17
   6.1368742e-04   2.8425069e-04   3.9661212e-03   1.0107803e-26   1.7797778e-17   7.7126940e-03   5.7978766e-04   1.0881598e-02   1.2762609e-03   1.1052945e-13
   4.5486359e-04   2.1021908e-05   2.8200998e-03   1.1497571e-24   5.3332886e-11   6.4193091e-03   6.5213882e-18   9.1180637e-03   2.6914273e-03   1.1516457e-04
   5.3474469e-04   1.2887448e-05   2.1449066e-03   1.5166065e-18   1.4726563e-16   4.2299372e-03   5.2963121e-21   1.1798978e-02   1.7131716e-03   2.5201476e-03
   5.4539930e-04   8.4069441e-05   1.9825809e-03   2.8787399e-24   1.1110988e-27   4.1696565e-03   9.7715605e-18   1.4316956e-02   2.9417073e-03   3.4882621e-03
   4.6632707e-04   1.7482568e-04   1.8933141e-03   1.0598062e-19   8.7129055e-20   7.8501125e-03   3.7274845e-20   1.7353904e-02   1.1691024e-03   1.6125304e-03
   5.3304076e-04   9.2267735e-04   1.5336951e-03   4.8811353e-29   2.2689447e-28   8.1669101e-03   1.3368098e-12   1.8164740e-02   1.0416836e-03   3.1387982e-04
   5.9158237e-04   1.0949327e-03   3.2568321e-04   7.3184943e-28   3.3075762e-30   8.7109658e-03   2.3833081e-11   1.2239798e-02   2.0757476e-03   1.4177297e-11
   7.8246895e-04   4.5737072e-04   7.3861375e-05   7.8695572e-23   2.6069669e-15   7.7557217e-03   7.7123735e-11   6.7196563e-03   2.9423451e-03   7.1145921e-15
   8.4870440e-04   4.0011082e-04   2.3806666e-06   1.1099870e-19   2.8817598e-04   9.1733360e-03   1.5750002e-05   6.7599231e-04   2.6341102e-03   4.6295395e-14
   8.2279016e-04   1.4820325e-04   3.1455494e-14   1.2547499e-14   1.2904506e-03   1.0286595e-02   2.7144471e-05   2.7579891e-32   2.4723131e-03   1.4508086e-20
   7.8543892e-04   1.3453597e-04   1.1449133e-20   4.5710588e-24   1.1584759e-03   1.0674745e-02   2.5434626e-04   5.1725354e-33   6.5294632e-03   1.4429396e-18
   1.1326258e-03   4.0015277e-04   7.0384209e-20   1.8634856e-25   1.1551133e-03   9.6668947e-03   8.8210392e-13   9.7278244e-23   1.0395229e-02   1.7550050e-12
   1.4840799e-03   1.6384754e-03   6.9707710e-15   2.4599541e-23   1.1659248e-05   1.2749525e-02   1.0226860e-03   4.3465140e-14   6.1089508e-03   1.7472118e-20
   1.5597430e-03   7.8691381e-04   1.2922276e-09   3.7941637e-18   2.0738285e-25   1.3071128e-02   6.8349486e-04   7.9594526e-03   7.2531171e-03   2.0020332e-27
   1.0603583e-03   8.2668876e-05   2.8508994e-07   3.2295420e-05   3.2573978e-28   1.0833854e-02   3.2094192e-05   1.1743524e-02   1.1302247e-02   1.9204530e-27
   1.5753072e-03   1.0829530e-08   1.6699337e-03   4.4635219e-06   7.0866276e-25   6.9454642e-03   4.9508424e-06   6.9987182e-03   1.0377144e-02   4.1699614e-15
   1.6484335e-03   3.3970647e-06   1.7630229e-03   4.5529099e-06   1.6031286e-09   5.0957491e-03   2.0830013e-05   2.6760656e-03   8.1333997e-03   7.6734407e-05
   2.0319610e-03   1.1984004e-04   3.8692650e-04   5.3261148e-14   1.4761847e-16   5.6653036e-03   5.5414341e-11   1.8579929e-03   1.1110031e-02   4.3649465e-05
   1.9008375e-03   6.3326934e-04   1.7328392e-03   6.8229475e-04   5.6937852e-22   4.1109517e-03   5.8449039e-15   2.6972445e-03   1.0223274e-02   1.1986809e-03
   1.3867262e-03   1.7653222e-03   1.5429277e-03   2.4011868e-03   3.1812664e-28   3.3073944e-03   4.2522952e-19   2.4873891e-03   8.0725194e-03   1.9759750e-03
   1.6436296e-03   2.1677066e-03   7.0652082e-04   3.3383675e-03   2.3996061e-35   1.8149987e-03   6.8539753e-20   2.2522468e-03   5.2836457e-03   5.0498130e-03
   2.0823669e-03   1.4587089e-03   1.4565743e-04   1.3070773e-03   1.4276433e-21   3.3762517e-03   2.1111260e-21   7.6009195e-04   6.7401269e-03   1.4594422e-03
   1.3978117e-03   2.2492869e-03   7.3685323e-05   2.5098506e-04   7.7432210e-08   5.4363259e-03   3.8647695e-19   6.1724743e-17   4.8748985e-03   5.9601489e-04
   1.2299407e-03   2.2760865e-03   7.8151310e-04   2.0157561e-10   2.7884269e-06   5.0283952e-03   7.0146943e-20   2.0428741e-34   3.1344762e-03   1.7527909e-08
   1.1638776e-03   2.6962689e-03   4.2101701e-04   1.8310633e-18   5.3818512e-12   3.3195895e-03   1.6028876e-33   2.7062757e-67   6.2797377e-03   2.9645193e-11
   9.6089137e-04   4.4980102e-03   1.8963375e-04   2.0496751e-09   4.5183087e-16   2.4110112e-03   2.3503759e-27   5.8861761e-38   6.5125298e-03   3.3577282e-19
   9.5533937e-04   5.7586742e-03   4.1110727e-07   2.4901418e-07   7.3510955e-29   3.1176812e-03   6.7238486e-21   5.3178680e-20   4.6616143e-03   7.7526975e-16
   8.9976413e-04   4.9168458e-03   1.4064685e-16   1.4809101e-04   1.3062881e-24   3.0302070e-03   3.4638842e-05   8.0792661e-20   3.4243295e-03   3.7884073e-15
   9.9714966e-04   2.6305823e-03   1.4663537e-15   7.1336826e-04   2.0515918e-07   3.0269631e-03   3.5385656e-04   1.9914076e-24   3.2181411e-03   3.1892709e-15
   9.9020871e-04   1.8695305e-03   4.3932276e-18   1.9018059e-03   1.0651078e-03   2.5620070e-03   5.3604086e-04   8.7113927e-07   1.5385238e-03   1.2769831e-11
   1.0551621e-03   2.4013099e-03   2.3433963e-17   2.4092697e-03   3.2152141e-04   2.6928481e-03   3.2362308e-05   3.9556034e-04   1.3052540e-03   8.2674620e-09
   9.1328051e-04   2.9430717e-03   4.4350476e-11   2.9507800e-03   3.7723600e-04   1.6357475e-03   9.5331909e-08   1.0157199e-04   1.2263863e-03   6.8908329e-08
   1.1218111e-03   3.7100226e-03   1.8273305e-07   3.0271230e-03   2.9683228e-07   9.2228320e-04   2.9067927e-16   1.8245481e-04   1.9197262e-03   1.4820879e-05
   9.9290256e-04   4.6914342e-03   9.6566688e-07   3.2019335e-03   5.2740549e-11   8.7778210e-04   1.1689605e-25   6.3002568e-05   2.2347801e-03   5.0472032e-04
   8.0433844e-04   5.5587125e-03   1.7160155e-05   3.7773899e-03   1.9502150e-10   6.6913184e-04   5.3363894e-27   5.1029705e-11   2.4569030e-03   1.3259930e-03
   1.1765082e-03   4.5360388e-03   1.6527799e-17   4.5832677e-03   4.3521841e-08   8.2958482e-04   9.6466071e-26   5.9670364e-22   2.5618173e-03   2.3183042e-03
   1.0151520e-03   3.4056890e-03   1.5562870e-11   5.2518110e-03   7.2743085e-10   9.9065882e-04   1.7305681e-22   1.1100777e-37   3.6045678e-03   2.5951337e-03
   1.3780643e-03   3.0423477e-03   5.1595666e-04   4.8680018e-03   1.4159464e-16   9.2525051e-04   3.9977202e-19   1.6401361e-43   3.1195804e-03   1.7784107e-03
   7.2519130e-04   2.5807016e-03   6.2710914e-04   4.0476555e-03   6.1441013e-20   1.2530049e-03   1.5985042e-18   1.4017173e-37   3.8650520e-03   1.9692240e-03
   6.8838289e-04   2.3796684e-03   3.5821188e-04   3.7738466e-03   3.9343724e-19   2.8427989e-03   8.6030776e-07   1.4056206e-21   3.9960646e-03   1.2216813e-06
   8.1033607e-04   2.8297418e-03   1.0401131e-04   4.2401103e-03   6.5536611e-21   2.9453718e-03   2.1043693e-14   8.6532144e-15   3.6549540e-03   6.9393882e-05
   6.8741791e-04   1.6372001e-03   8.0638282e-05   4.3226865e-03   7.7690248e-18   2.6500283e-03   6.4513687e-04   9.6520925e-24   4.4970225e-03   1.6203512e-04
   9.7225322e-04   7.4354365e-04   5.6545782e-04   5.3953844e-03   3.9513374e-18   2.2321001e-03   2.0231193e-03   5.0241745e-22   2.8739029e-03   1.2918889e-04
   9.6902751e-04   8.1468244e-04   4.0350539e-04   6.9776037e-03   3.4128740e-24   2.5458797e-03   2.3570059e-03   3.9096818e-09   1.9829089e-03   7.5697481e-05
   9.7812338e-04   1.6360350e-03   6.0169831e-04   4.8586085e-03   4.7646330e-17   2.2413590e-03   2.9416934e-03   1.9800832e-04   1.4463267e-03   2.6515738e-11
   7.3036294e-04   2.3494049e-03   7.4172329e-04   2.1851805e-03   2.8386027e-09   2.3815916e-03   1.5740006e-03   1.9414948e-05   2.1055856e-03   1.9406767e-06
   6.4560948e-04   6.0835025e-03   3.0961860e-04   1.0013607e-03   1.5939592e-17   2.1727929e-03   6.8309128e-04   3.1313304e-19   2.5478834e-03   1.0069407e-07
   6.2562482e-04   8.9893783e-03   2.4542855e-06   7.1969330e-04   1.3612637e-10   1.9208833e-03   7.8746712e-05   3.7447014e-21   3.4043921e-03   2.0003829e-07
   5.3874039e-04   1.2418642e-02   5.4816635e-24   1.3607788e-03   1.1790961e-04   2.4317957e-03   2.0675269e-19   4.2767721e-30   4.9311334e-03   6.8903468e-15
   7.1639896e-04   1.1066730e-02   3.1852282e-14   1.3897984e-03   5.2962957e-04   1.5231324e-03   2.3297054e-17   8.6028008e-33   6.3778489e-03   7.2088799e-11
   8.4471742e-04   9.0635334e-03   5.0152647e-18   1.6550516e-03   3.2615523e-05   1.3271433e-03   1.1580391e-05   1.0631997e-38   7.4569769e-03   3.9454232e-04
   7.5444811e-04   7.5984018e-03   2.5053873e-12   1.7773123e-03   2.8758307e-05   1.8352321e-03   6.7939247e-04   8.5397298e-47   5.7742546e-03   1.9349366e-03
   4.9730079e-04   7.1016496e-03   2.6800155e-06   2.1506811e-03   1.0881403e-08   1.6410079e-03   5.6947589e-04   8.9381637e-40   6.8646277e-03   2.7323778e-03
   4.8446177e-04   5.7673562e-03   5.9438539e-07   1.5662101e-03   1.8032302e-08   1.9566490e-03   2.0335142e-12   2.7649508e-24   1.2229248e-02   1.6543943e-03
   4.4409017e-04   3.7268234e-03   1.1551334e-06   1.7761914e-03   1.8834793e-06   2.2440248e-03   4.0448230e-04   3.6975233e-24   1.2148448e-02   7.9850254e-04
   4.6965641e-04   1.8664266e-03   4.5901226e-04   1.6352954e-03   9.6825036e-16   2.4218102e-03   1.9778116e-03   9.4947667e-28   1.4100602e-02   4.4271776e-04
   6.5029804e-04   1.9780878e-03   6.4692103e-04   1.6315984e-03   2.9900697e-21   2.3193387e-03   1.1739027e-03   3.9861874e-16   1.1261465e-02   6.5657384e-05
   8.1794347e-04   1.8351092e-03   4.5421547e-04   2.2411990e-03   6.6465826e-16   2.1542202e-03   1.5210985e-03   5.8791995e-04   9.0288974e-03   6.2941084e-05
   6.8907398e-04   1.2080803e-03   5.1381383e-04   1.6798189e-03   1.2396308e-07   1.9014917e-03   1.8463193e-03   1.4191993e-03   1.2384362e-02   1.9084010e-06
   9.4366798e-04   1.5482721e-03   6.4375850e-04   1.0888112e-03   7.6895706e-05   1.5620496e-03   2.9165950e-03   1.7935134e-03   1.2877499e-02   1.0133275e-14
   1.2488712e-03   2.0096133e-03   5.4478327e-06   1.3285603e-03   9.1685663e-05   1.9987520e-03   4.4916370e-03   6.4816322e-04   1.2781776e-02   6.7692501e-11
   1.1235481e-03   3.1193117e-03   1.7305450e-05   2.4642779e-03   3.4706916e-06   2.5635371e-03   2.9688961e-03   1.5942372e-03   1.1821710e-02   5.8309110e-08
   1.0891136e-03   6.6934773e-03   1.2715197e-11   3.1751590e-03   1.0058343e-17   2.7939662e-03   2.2861983e-03   8.5815519e-04   9.9170009e-03   4.9822907e-10
   5.9848535e-04   8.1346873e-03   1.3547595e-04   3.0660811e-03   2.8072065e-24   3.2714830e-03   7.3176670e-04   1.4531810e-05   6.5051440e-03   3.2718123e-09
   9.7084862e-04   5.9913775e-03   2.2642559e-04   3.3552132e-03   3.9193626e-27   3.6122764e-03   4.8509444e-08   2.2343864e-05   5.0797348e-03   1.0790991e-11
   1.1516215e-03   5.5442396e-03   1.6476964e-08   3.0518101e-03   3.5442596e-37   3.4163558e-03   1.1473193e-20   4.2783335e-07   8.8435369e-03   8.1930070e-08
   1.1851881e-03   5.0552772e-03   2.8628634e-11   3.3822081e-03   7.6645371e-40   3.8863295e-03   4.2012853e-19   4.3411863e-04   1.1968679e-02   4.7169138e-04
   1.2452228e-03   4.3579524e-03   1.1176987e-14   2.8203702e-03   1.8363384e-39   3.7962280e-03   6.0704329e-19   8.8225246e-04   1.5643921e-02   1.6660589e-03
   1.2760689e-03   1.8586678e-03   1.8509006e-08   7.3772283e-04   9.9977680e-33   2.7640357e-03   1.8128557e-04   3.4587033e-03   1.4692793e-02   3.7369066e-03
   1.2311724e-03   1.0531558e-03   3.7245083e-04   2.3122054e-04   1.4062147e-25   2.4399739e-03   1.3402658e-03   3.6149860e-03   1.2544629e-02   3.0275145e-03
   1.2005619e-03   1.0797202e-03   7.0431250e-04   1.5529957e-04   9.3586032e-37   2.1710924e-03   2.0281615e-03   4.3672926e-03   1.3351227e-02   2.3866363e-03
   1.2343036e-03   5.5721928e-04   2.0921781e-03   9.4792811e-05   3.2848501e-31   2.3013999e-03   3.7795493e-03   4.1305329e-03   8.4822077e-03   1.5370265e-03
   1.5405908e-03   1.0148848e-03   1.5239570e-03   1.1431978e-15   5.0253629e-15   2.4412010e-03   3.0397401e-03   2.6633925e-03   8.8871446e-03   6.9107689e-04
   1.2948125e-03   1.5738859e-03   1.1442791e-03   8.8505136e-13   1.0151313e-16   3.5429712e-03   2.7919919e-03   5.8602603e-03   1.0337464e-02   3.4102531e-04
   1.3843674e-03   2.9493254e-03   3.9981273e-03   3.4149746e-06   1.8780649e-14   3.4264185e-03   1.1544184e-03   3.6717997e-03   7.4396136e-03   2.2834895e-12
   1.5407183e-03   4.6592087e-03   5.3295682e-03   2.4459756e-05   3.8261752e-17   3.9298047e-03   1.1618841e-03   2.8614435e-03   9.2207038e-03   2.9228819e-17
   1.5515038e-03   7.4780404e-03   4.2358456e-03   3.8084172e-05   1.5524556e-22   3.7294081e-03   1.6112441e-11   4.6992402e-03   8.8744975e-03   2.6373341e-16
   1.1197269e-03   9.3125204e-03   2.5427371e-03   1.1531930e-04   1.7990085e-28   3.1217351e-03   9.5875008e-22   3.4220894e-03   8.4572590e-03   4.1320298e-16
   9.3079000e-04   7.6524877e-03   1.7174824e-03   6.8690022e-04   1.0811877e-30   2.9246116e-03   1.7362911e-23   1.9574168e-03   8.1894997e-03   5.3444661e-08
   1.1544606e-03   8.6950020e-03   8.9413949e-04   1.7712487e-03   1.6460191e-39   2.7474151e-03   9.1300658e-14   1.4710344e-03   4.4577694e-03   1.7209864e-06
   1.5593014e-03   8.9992245e-03   1.4730402e-04   1.9558465e-03   1.0958994e-39   2.4204346e-03   4.6727765e-21   3.2828287e-09   6.7147115e-03   6.7041802e-10
   1.6915682e-03   4.9731479e-03   4.3729942e-04   2.3062682e-03   1.3360006e-26   2.5163134e-03   7.4200331e-27   4.4078641e-07   9.5286396e-03   8.5848864e-06
   1.0355956e-03   2.7419674e-03   6.6524826e-04   2.8087194e-03   6.9969885e-19   4.1190235e-03   1.5756536e-15   3.7820905e-30   1.0464483e-02   2.5741442e-04
   1.1057424e-03   2.8377135e-03   3.6887408e-04   3.6821133e-03   5.0324249e-26   3.2163762e-03   6.3328395e-08   2.9727068e-06   1.1999617e-02   4.6563266e-04
   1.0734812e-03   1.9588069e-03   1.9218850e-05   4.4122354e-03   1.1199371e-28   2.2562716e-03   4.4736959e-10   4.4827228e-19   1.0230455e-02   2.1612987e-03
   1.3786043e-03   1.7634291e-03   1.0582604e-05   4.0194471e-03   2.1166600e-17   2.4978063e-03   1.1412499e-16   7.0214513e-06   7.3489458e-03   2.4721184e-03
   1.2707892e-03   2.7061612e-03   1.0323942e-11   3.6702192e-03   1.6846962e-12   3.0300743e-03   3.8734981e-12   9.6361328e-23   7.8234776e-03   9.0720777e-04
   1.1393109e-03   4.1807009e-03   2.2123958e-21   3.3282730e-03   1.2448839e-15   2.7132922e-03   5.6384470e-08   7.5001758e-21   5.1260148e-03   4.8377298e-04
   1.3596651e-03   4.4872244e-03   4.0925011e-09   2.6191316e-03   4.0282104e-16   2.8675958e-03   1.7830784e-04   6.8723722e-16   2.3431993e-03   2.3909737e-05
   1.4503572e-03   3.3745549e-03   3.0361327e-13   1.8766149e-03   1.3961886e-12   3.1451063e-03   1.4727166e-04   1.1141261e-14   3.7911413e-03   2.2747248e-13
   1.5819802e-03   2.9657750e-03   1.4355404e-12   7.0369941e-04   1.1499699e-18   3.2328636e-03   2.2749813e-04   2.3905590e-04   4.8135382e-03   2.9599496e-17
   1.4906257e-03   4.1508066e-03   2.8331286e-04   3.6971772e-04   1.1231210e-27   2.3559505e-03   2.0742887e-04   3.2890406e-05   2.3926266e-03   3.7969133e-17
   1.6263912e-03   3.6446463e-03   1.0784001e-04   1.9615081e-06   1.8228132e-30   3.0518106e-03   9.7013020e-09   1.9195406e-06   5.1430452e-03   4.1822788e-24
   1.1516516e-03   2.2454921e-03   3.9497658e-04   2.1741656e-10   2.5856322e-23   3.3147648e-03   3.0960620e-15   4.5600607e-04   6.4901919e-03   6.3569992e-20
   8.1003093e-04   1.6298141e-03   1.1990391e-04   7.7601327e-17   9.1801077e-17   2.7014540e-03   1.5608660e-19   2.3331674e-06   9.1499215e-03   1.4704203e-18
   1.0994490e-03   7.0058475e-04   1.6810642e-09   1.5923464e-15   3.0985596e-15   2.3905937e-03   3.7066774e-17   4.0993325e-09   1.2354539e-02   1.2571543e-17
   1.2149679e-03   1.6465677e-04   1.7694328e-15   4.2173387e-24   3.5483929e-15   3.1910916e-03   1.5993874e-17   1.4540724e-24   1.1323319e-02   3.7069284e-14
   1.3647423e-03   3.8290274e-04   5.1236950e-18   1.3725546e-05   5.5371916e-15   2.6158112e-03   3.9389944e-10   6.0218463e-05   7.5022884e-03   1.4405148e-11
   1.3893963e-03   3.6601528e-04   4.9755284e-12   1.9235814e-05   3.2493832e-13   2.0142143e-03   1.0060771e-11   7.4513621e-38   7.1593317e-03   1.0346976e-12
   1.2622601e-03   6.3030880e-04   1.5483868e-13   3.7640575e-05   5.2959892e-12   2.7691986e-03   8.3595632e-14   1.2377719e-09   4.6791060e-03   4.0751282e-09
   1.6455692e-03   5.6162903e-04   3.2448807e-11   6.0122426e-06   2.0145752e-05   1.9997509e-03   6.1456896e-19   7.7558534e-05   4.3903880e-03   1.1566370e-09
   1.4015935e-03   6.2006744e-04   8.4356716e-15   7.9822902e-06   8.1877458e-05   1.3915935e-03   5.2924281e-18   5.1256550e-04   8.3598187e-03   7.2952088e-08
   1.1072578e-03   5.7921396e-04   3.9461407e-08   3.6492279e-05   3.6287378e-05   1.4658950e-03   2.2874628e-08   2.9241176e-04   8.4549204e-03   2.2064575e-05
   1.1299117e-03   7.0915715e-04   1.3986147e-05   1.5351884e-04   1.2065245e-09   1.5993110e-03   1.0530106e-05   2.2666118e-07   7.1815899e-03   5.9641377e-08
   1.0204285e-03   1.0035631e-03   1.6165859e-08   1.7748081e-04   2.5113743e-10   1.4451856e-03   1.5938745e-04   2.4387351e-04   9.0389433e-03   1.1499527e-11
   1.3193126e-03   1.0866912e-03   5.8606775e-08   6.4565174e-04   1.0441232e-06   1.1190368e-03   5.5757671e-05   2.6593349e-04   6.6002376e-03   1.5672013e-10
   1.4383521e-03   1.3186997e-03   1.0524119e-14   1.4958376e-03   3.0187618e-11   1.3446289e-03   3.5485339e-22   2.6360248e-04   4.2904598e-03   1.0913525e-15
   1.3714852e-03   1.0802452e-03   5.2127258e-29   2.3119451e-03   1.9869506e-09   1.5350719e-03   3.0520199e-28   3.7989223e-07   5.3631604e-03   1.3292313e-18
   1.4949560e-03   4.1948673e-04   4.7628445e-26   3.5895876e-03   6.3171334e-06   1.3969075e-03   3.6699297e-19   7.4857415e-21   5.4203942e-03   2.9425662e-14
   1.3228344e-03   6.6702405e-05   2.7133490e-32   4.8970342e-03   4.6440790e-05   1.4570923e-03   1.0068804e-10   4.4424826e-04   3.1186139e-03   8.9915103e-12
   1.5732684e-03   1.6417385e-04   9.9649168e-41   6.5523669e-03   1.2489875e-06   1.4450752e-03   6.1794485e-16   7.8454620e-05   2.8951351e-03   7.7437612e-11
   1.3681603e-03   2.0224362e-04   3.9138887e-28   7.9031774e-03   1.0020049e-10   1.4791862e-03   3.2668892e-23   3.8499155e-22   2.3121040e-03   3.7866944e-13
   1.0763846e-03   3.4128389e-04   6.3611062e-16   5.5168806e-03   8.9160662e-05   1.5200170e-03   1.5366101e-20   4.9868227e-11   3.0695339e-03   9.0875578e-08
   1.2406282e-03   6.0264041e-04   2.7705496e-14   1.2000973e-03   4.5819183e-04   1.6615604e-03   1.6141643e-09   2.5846572e-20   3.7236095e-03   6.2372000e-08
   1.1450705e-03   3.7855318e-04   2.2476191e-20   1.3132073e-03   3.4593443e-04   1.9199853e-03   6.9847981e-18   4.3615039e-06   5.1299103e-03   1.4187142e-14
   1.3470198e-03   1.9363662e-04   9.0146873e-10   9.6627342e-04   5.2620133e-04   1.2234687e-03   7.0566200e-21   1.8818957e-04   4.6912085e-03   5.2511413e-10
   1.4413541e-03   9.6488601e-04   7.3862906e-06   5.8474299e-04   7.7846004e-04   1.2103044e-03   1.0634598e-16   7.5648005e-11   9.4336210e-04   1.8142516e-04
   1.2125076e-03   1.0160561e-03   2.7722244e-10   6.8409564e-04   5.7744820e-04   1.4863793e-03   6.5373205e-12   9.6495439e-09   4.1176564e-03   4.6740192e-14
   1.3407536e-03   1.2174334e-03   8.8025248e-21   1.0051449e-03   5.4769111e-04   1.5861553e-03   3.9543004e-09   3.9040190e-05   2.4928080e-03   3.2519570e-10
   1.4562361e-03   1.8500390e-03   3.0508449e-18   1.6954914e-03   1.6650919e-04   1.1110257e-03   9.4968656e-07   2.3355561e-04   4.3773964e-03   2.8195566e-10
   1.1911969e-03   2.8799741e-03   1.0666666e-07   2.3362433e-03   1.4919314e-04   1.1079897e-03   5.1361440e-05   2.8235766e-04   3.4916691e-03   2.7142058e-09
   1.3539999e-03   2.1894013e-03   7.3608677e-05   2.1899324e-03   4.1279679e-04   1.1924180e-03   3.5366316e-04   4.9996047e-04   2.7948864e-03   4.4619147e-09
   1.5970457e-03   1.2573043e-03   6.6444588e-06   2.3967202e-03   3.8219091e-04   1.1855343e-03   4.2096882e-04   3.1666384e-04   3.0206629e-03   1.5770526e-13
   1.4546477e-03   7.6730598e-04   3.5660260e-06   2.6996482e-03   3.4905203e-04   8.3248685e-04   4.7724092e-04   5.5350226e-05   2.2468917e-03   4.4352577e-05
   1.1783279e-03   5.2288189e-04   3.4889186e-06   2.7565639e-03   5.1950514e-04   9.3658490e-04   6.3495855e-05   3.4274044e-30   3.9230590e-03   1.1479235e-04
   1.2621727e-03   5.5732169e-04   7.2566732e-09   2.9360566e-03   1.1503183e-03   7.1499351e-04   2.5341213e-05   1.4164089e-04   4.4348535e-03   3.0799357e-05
   1.2815215e-03   5.1090035e-04   3.8270438e-15   2.5113815e-03   2.9204277e-03   4.4471368e-04   7.4394643e-05   4.2166805e-06   2.9926067e-03   7.9124495e-05
   1.2005307e-03   5.7884364e-04   1.6129242e-12   2.7830581e-03   2.9908275e-03   6.5951357e-04   2.1993024e-05   1.6719636e-04   2.6914338e-03   7.2276185e-05
   1.1791438e-03   7.8541066e-04   2.3630674e-20   4.0335265e-03   2.0936111e-03   8.2790170e-04   2.8074864e-16   1.9001959e-08   2.1664827e-03   1.8921278e-04
   8.2797483e-04   6.4353152e-04   1.0483124e-26   5.2333301e-03   2.5270143e-03   9.7213944e-04   4.5559042e-05   5.0074617e-05   2.8416367e-03   1.1037475e-05
   1.0525868e-03   7.5299168e-04   4.7132957e-27   5.2736797e-03   2.3034228e-03   9.0096794e-04   3.0287463e-05   6.2584357e-05   1.3449695e-03   1.3977900e-04
   1.6095122e-03   1.4415139e-03   6.5060521e-17   4.2746212e-03   1.7909767e-03   4.8462126e-04   1.1387206e-04   2.1922403e-24   1.0099369e-03   3.1905898e-04
   1.8709179e-03   1.8659454e-03   5.4228135e-05   4.2924739e-03   1.4798454e-03   3.6668196e-04   2.8716531e-04   1.2450856e-16   8.9995385e-04   1.3181492e-04
   1.4817555e-03   4.1702992e-03   3.0526595e-04   5.7381044e-03   6.1843094e-04   3.0511892e-04   5.4245500e-05   1.9391522e-19   1.5256786e-03   3.6947753e-05
   1.0496542e-03   5.5517462e-03   2.7600233e-04   7.7178828e-03   4.5574221e-06   4.1343231e-04   8.7072008e-06   1.8605937e-16   1.6489306e-03   1.7857097e-07
   1.1512487e-03   3.9931088e-03   9.5369380e-05   6.1666067e-03   5.8248246e-08   3.7011047e-04   6.2840267e-05   8.8038549e-16   2.1650152e-03   4.1896644e-10
   1.2463321e-03   2.4440266e-03   6.9824406e-09   3.4479716e-03   1.2198298e-07   2.2159066e-04   1.8993337e-04   5.6977070e-27   3.3924999e-03   2.1387577e-08
   9.7320126e-04   1.8421215e-03   4.5392525e-06   1.0571523e-03   7.6632526e-04   4.9315300e-04   3.7550276e-04   3.6299127e-11   2.6909264e-03   2.4756283e-05
   1.5253998e-03   1.5706978e-03   5.1212545e-05   5.2102495e-04   1.8476048e-03   3.8078735e-04   9.2970884e-07   1.3078078e-11   2.2852072e-03   1.5118997e-04
   1.1250093e-03   9.5196451e-04   1.2596209e-04   8.1706218e-04   3.5780185e-03   2.0135033e-04   1.0615336e-08   2.0408929e-04   3.4982881e-03   3.1240146e-04
   1.1297348e-03   1.7672572e-04   3.9605103e-05   1.4249943e-03   3.9762064e-03   3.0278485e-04   2.7181310e-15   1.7519076e-04   3.1773132e-03   4.7304858e-04
   1.5294829e-03   6.4995653e-04   2.8037260e-06   1.3027832e-03   2.2348491e-03   2.2312353e-04   6.9215874e-16   1.4837962e-04   3.0628570e-03   3.1129298e-04
   1.2120639e-03   8.0619879e-04   1.3559041e-04   1.5647501e-03   2.0508685e-03   1.4501026e-04   1.0546288e-12   8.8726418e-32   3.6399548e-03   2.6844338e-04
   1.0107643e-03   5.3401280e-04   3.6199443e-04   1.5978067e-03   2.0484322e-03   2.0117377e-04   6.6721522e-06   3.3600914e-04   3.0510801e-03   3.0503840e-04
   8.9355063e-04   4.3587115e-04   2.8008614e-04   1.1212726e-03   2.1186370e-03   3.0010855e-04   1.5383096e-12   5.5837568e-04   4.1496123e-03   4.2697215e-04
   9.7412940e-04   6.5694065e-04   4.9811348e-05   2.2042367e-03   1.5494406e-03   3.9493056e-04   2.4497595e-11   5.2186280e-04   3.5362425e-03   3.8709966e-04
   8.5810527e-04   8.5866161e-04   1.6904175e-04   2.1928458e-03   1.2611423e-03   4.5423305e-04   4.2127795e-07   4.0074032e-04   4.0801447e-03   9.8205082e-05
   9.7380272e-04   3.6665139e-04   3.2383647e-04   2.1652140e-03   1.4426070e-03   4.2189609e-04   4.3061728e-06   6.9355954e-15   4.7870833e-03   1.6525077e-04
   1.4425186e-03   7.9848549e-04   1.1626301e-04   3.0188702e-03   6.2018839e-04   1.1437015e-04   2.5344154e-12   6.1866744e-04   3.7630277e-03   4.3354681e-04
   1.4711221e-03   8.4542822e-04   2.6391030e-04   3.0334732e-03   2.2570402e-04   1.9856094e-04   4.3957895e-06   6.1137078e-04   2.3825208e-03   7.5858518e-04
   1.1609968e-03   3.8050543e-04   8.0825164e-04   5.5261931e-03   3.9063506e-05   2.0847667e-04   1.6403972e-18   3.5482478e-04   1.3067879e-03   9.5077123e-04
   1.0648536e-03   1.5284870e-04   5.1796165e-04   7.6248930e-03   1.5833632e-04   2.8556159e-04   2.0731879e-15   2.3478913e-04   1.0394795e-03   5.9953206e-04
   9.9173515e-04   8.4737318e-05   3.4988892e-04   8.3191730e-03   6.3927256e-04   4.0616646e-04   1.1478883e-07   2.0770171e-04   1.7341758e-03   2.7620154e-04
   8.8242974e-04   1.2198529e-05   3.8010981e-08   8.3567775e-03   8.8378635e-04   1.2443529e-04   1.1552991e-04   1.6038664e-04   1.9809189e-03   4.1093597e-04
   1.0034037e-03   1.6018094e-06   2.4668730e-11   7.1016655e-03   6.5331578e-04   4.4236181e-04   1.2791518e-04   4.3558230e-05   1.1841538e-03   4.5676719e-04
   1.0523434e-03   1.2846026e-07   2.9077704e-05   6.0746472e-03   5.8123438e-04   6.4654480e-04   5.5545334e-05   7.0116051e-05   2.1560506e-03   3.4468633e-04
   1.1168586e-03   1.1341783e-12   3.9657171e-04   7.3344849e-03   3.7394404e-04   4.1353356e-04   2.0602363e-07   2.9377765e-06   2.0732451e-03   3.4358970e-04
   1.1492586e-03   1.5119572e-11   5.7427906e-04   7.7020467e-03   2.9871711e-04   1.3219976e-04   2.2062422e-05   3.1008905e-04   1.5481678e-03   2.7142649e-04
   1.3230082e-03   1.5251934e-07   5.8021094e-04   5.2034590e-03   3.4345433e-04   3.5072246e-04   6.8097217e-05   1.0354072e-04   1.4213135e-03   2.8197975e-04
   1.2447461e-03   8.5320461e-06   8.9707380e-04   3.5309474e-03   3.5536849e-04   4.9483871e-04   3.8130256e-17   2.1698154e-04   1.4678724e-03   1.6343705e-04
   1.3178957e-03   1.9692433e-05   1.3792784e-03   1.4530459e-03   1.8814410e-04   5.9557323e-04   3.1998946e-20   3.6608386e-04   1.5559641e-03   1.1920855e-04
   1.5500527e-03   2.3022934e-06   1.3058096e-03   9.0104392e-04   1.9679726e-04   3.4821181e-04   3.9851736e-12   4.3001129e-04   2.3011748e-03   8.0659291e-05
   1.3540625e-03   1.1569060e-08   1.1241027e-03   9.1673943e-04   1.2887823e-04   4.4077794e-04   7.4801325e-05   5.5103880e-04   2.4250396e-03   2.0188562e-04
   1.3056388e-03   3.7816506e-06   1.7942423e-03   1.3422658e-03   7.7119606e-05   3.1753093e-04   3.9928561e-04   3.1360451e-04   7.5717029e-04   3.5363808e-04
   1.9394887e-03   1.2737951e-06   1.2901570e-03   1.0129581e-03   2.2424001e-06   2.8852052e-04   4.4919605e-04   1.2922252e-04   7.9773538e-04   1.7245679e-04
   2.5160534e-03   6.1977574e-08   1.3239132e-03   4.3899113e-04   6.0408336e-09   2.3061645e-04   4.8063138e-04   6.1190485e-04   1.5297055e-03   7.7643588e-06
   2.1246631e-03   1.6462177e-08   1.3989101e-03   5.9845863e-04   5.3949246e-05   4.0453523e-04   3.4776271e-04   5.0737595e-04   1.7786407e-03   1.5777693e-04
   1.5600141e-03   6.1797679e-12   1.1082161e-03   7.1056959e-04   6.2560146e-05   5.3705400e-04   3.9676058e-04   2.4726600e-12   2.0714098e-03   2.5527048e-04
   1.4701070e-03   1.2770216e-09   1.1255111e-03   8.0493444e-04   9.3025343e-05   5.4729744e-04   7.7739978e-04   4.1703904e-04   2.6150386e-03   1.3729226e-04
   1.3993099e-03   1.1138511e-07   1.9499841e-03   9.8899190e-04   1.3300193e-04   5.2624761e-04   1.4314220e-03   5.1428829e-04   2.9181214e-03   4.0254872e-05
   1.1794181e-03   1.3841425e-06   1.7671917e-03   1.5275979e-03   2.0844015e-04   4.2117138e-04   1.1882455e-03   4.5568163e-04   3.4498588e-03   1.2394519e-04
   1.4586000e-03   3.0259798e-05   1.6760550e-03   1.8833804e-03   2.1182656e-04   2.4446542e-04   2.9133796e-06   8.7957195e-04   3.4338767e-03   2.1467300e-04
   1.5996462e-03   2.4182866e-04   1.0374463e-03   2.6510565e-03   2.6219587e-05   4.6696665e-04   1.2267087e-04   5.5523877e-04   2.3002868e-03   1.7044341e-04
   1.6526086e-03   3.6262109e-04   4.3614007e-04   3.5069435e-03   1.2690387e-04   2.8636772e-04   1.9675930e-04   7.5291768e-04   1.6400577e-03   8.0392677e-05
   1.9476995e-03   6.9338260e-04   4.5423747e-04   4.6729493e-03   5.6946562e-05   2.5148702e-04   2.8955737e-07   1.0682585e-03   1.8954566e-03   5.3530728e-06
   2.0571753e-03   5.2168062e-04   6.7858707e-04   5.5022967e-03   2.1718243e-05   1.5575416e-04   1.3885040e-09   6.9453278e-04   1.5276918e-03   3.6249180e-06
   1.6222459e-03   5.5951392e-04   7.8601221e-04   5.6309434e-03   6.6310073e-07   4.0839211e-04   3.5756567e-04   3.6006394e-04   1.2692471e-03   4.5223886e-07
   1.2328735e-03   7.2259048e-04   5.6241801e-04   5.9766558e-03   1.1702588e-18   5.3626046e-04   2.7560965e-04   1.9769540e-04   1.6055886e-03   1.3091011e-04
   1.6924240e-03   8.3534559e-04   6.1387087e-04   8.4940979e-03   1.8386016e-11   2.7052047e-04   1.3047425e-04   8.0709447e-04   7.1677831e-04   5.0481676e-06
   1.5608148e-03   4.7552203e-04   4.4976412e-04   1.3280828e-02   3.0614160e-08   4.7496183e-04   1.5499876e-04   1.2288127e-03   8.3885969e-04   5.1241565e-05
   1.9102541e-03   3.4701594e-04   1.5682594e-04   1.2534296e-02   5.4675283e-10   4.9885982e-04   1.7458783e-04   1.8930521e-04   2.1125839e-03   1.3516497e-08
   2.3924343e-03   2.0915159e-04   6.5248410e-05   7.8966894e-03   3.9978548e-05   3.4285988e-04   2.5464124e-08   5.1824224e-04   2.2270211e-03   2.8178441e-06
   2.2166329e-03   1.8688262e-04   1.4855571e-08   7.8141363e-03   7.8250625e-14   7.2622719e-04   4.4568896e-04   1.1296248e-03   3.4574815e-03   7.6380954e-07
   2.2208617e-03   1.4845374e-04   5.3280197e-06   5.3602497e-03   3.0405620e-23   9.8591391e-04   5.7122920e-04   7.5103391e-04   2.2826292e-03   6.0632958e-09
   2.4805865e-03   4.3206542e-06   4.8513567e-04   2.2579248e-03   3.0617853e-21   1.3759376e-03   6.7562222e-04   1.0830025e-03   4.8777796e-04   8.4725964e-07
   2.5357321e-03   1.0730933e-05   5.3222394e-04   3.3056512e-03   1.2200432e-12   7.5921553e-04   9.4544619e-04   6.1710044e-04   1.7828876e-04   3.6201710e-04
   2.7585384e-03   1.6920527e-04   2.2360884e-04   2.5910565e-03   2.9394541e-18   4.3146786e-04   1.0771236e-05   1.6352491e-03   1.5417106e-03   1.8803233e-04
   2.6283645e-03   4.0933353e-04   4.9063857e-04   1.7168245e-03   1.6539762e-17   2.6366720e-04   5.9559060e-04   9.6323291e-04   9.7973699e-04   6.4886192e-05
   2.3828437e-03   6.0883822e-04   1.9622620e-06   2.0449710e-03   1.4118606e-16   7.4467039e-04   1.2443219e-04   6.8758977e-04   1.9034901e-03   7.4107494e-05
   2.0436732e-03   1.1956315e-03   2.5263792e-11   2.2890399e-03   6.7271658e-17   1.0825572e-03   9.1506483e-10   3.8126830e-08   3.2578122e-03   1.6929019e-04
   1.8020139e-03   1.5104818e-03   4.6752574e-06   1.5618552e-03   1.1115327e-17   1.1572036e-03   2.4272171e-06   5.8836960e-05   2.6440503e-03   2.6806455e-04
   1.8777593e-03   1.8801381e-03   1.8375040e-13   2.3743213e-03   7.2763538e-20   8.5864847e-04   3.8449151e-12   3.0360087e-04   2.1233870e-03   1.6238317e-05
   1.6777745e-03   2.0251626e-03   1.2538698e-12   2.6342385e-03   1.9453777e-22   6.4902758e-04   6.5041869e-07   2.0373294e-12   2.4792944e-03   3.6452592e-05
   1.7948071e-03   1.6435134e-03   1.7218108e-04   1.7403997e-03   1.8172893e-18   5.8777987e-04   5.9085420e-09   2.8291938e-04   1.7145242e-03   8.0346070e-06
   2.3765005e-03   8.6761223e-04   9.1779497e-06   2.6727732e-03   5.0189537e-18   8.0260418e-04   9.2952802e-15   7.0537043e-07   1.0369500e-03   4.0372971e-05
   2.6728150e-03   5.4953577e-04   4.9969259e-11   3.3788580e-03   1.2261925e-15   7.0899424e-04   1.5826351e-14   2.5519795e-28   8.7397978e-04   3.0045557e-04
   2.9366326e-03   7.0691589e-04   1.4212280e-11   3.3728722e-03   6.1761613e-23   4.5330399e-04   3.2054882e-08   5.6997698e-06   1.1085246e-03   2.5858968e-04
   2.9575184e-03   7.8722562e-04   9.4283506e-12   3.7780716e-03   1.6662883e-29   2.1477903e-04   2.3792210e-04   9.0188076e-07   7.7472005e-04   2.3052959e-04
   2.5697840e-03   4.7702594e-04   4.0083220e-07   3.7820115e-03   8.8448698e-18   1.7688784e-04   5.4666491e-05   4.2442375e-17   7.7697698e-04   5.9116975e-04
   2.4683534e-03   4.2900209e-04   2.8892551e-05   3.6927742e-03   3.3293710e-18   9.8013143e-05   1.4834176e-10   2.0820827e-04   1.5283531e-03   3.1702376e-04
   2.8861505e-03   4.5978421e-04   1.9114194e-09   3.4863607e-03   1.7023024e-17   6.3096248e-04   1.3739664e-17   4.3968376e-04   1.7662498e-03   5.3594281e-04
   2.7200667e-03   6.9806478e-04   6.7639245e-09   4.4510244e-03   1.7352992e-22   3.8743110e-04   9.1131706e-20   7.4307966e-04   8.9371172e-04   1.0612731e-03
   2.2723173e-03   5.8596878e-04   4.0010884e-18   5.8681802e-03   3.3863784e-17   5.5567727e-04   6.1639999e-11   2.8764779e-04   1.4110881e-03   5.4588044e-04
   2.4732645e-03   6.2438144e-04   1.0316012e-16   5.4240486e-03   2.1085267e-13   4.7411483e-04   1.3591964e-13   4.3371611e-06   1.2621234e-03   2.6331141e-04
   2.3751557e-03   1.0403530e-03   3.1595356e-13   3.9274087e-03   1.8395405e-09   5.4643820e-04   5.1109040e-15   2.4624473e-05   1.5403857e-03   5.0746258e-04
   2.7350273e-03   1.1707794e-03   2.5548000e-06   1.9987585e-03   3.2071662e-09   6.9388614e-04   1.7149824e-18   2.6708441e-04   1.3503233e-03   4.0509202e-04
   2.6396633e-03   1.6520060e-03   4.9098970e-05   5.2254004e-04   5.8350958e-19   4.0429873e-04   1.2149056e-13   4.4815088e-04   1.5831103e-03   9.1013810e-05
   2.1116669e-03   1.4638110e-03   3.0920751e-07   4.2555076e-04   3.4097130e-09   6.0103738e-04   6.6149571e-17   3.9880463e-04   1.7875548e-03   2.4665096e-04
   2.5401509e-03   9.2999638e-04   7.6420441e-06   1.4326210e-04   1.1952625e-12   7.9379781e-04   7.5073961e-16   1.0394556e-08   2.2429030e-03   2.5672733e-04
   2.7122096e-03   8.8086678e-04   6.6839106e-06   5.0632377e-05   4.0920642e-16   5.4186103e-04   9.5166489e-13   7.7178257e-05   2.3489304e-03   1.4282085e-04
   2.3490445e-03   7.1943068e-04   2.5655634e-05   2.5567416e-04   1.0739576e-11   1.0920341e-03   3.3545254e-13   4.2254307e-04   9.7300145e-04   1.6550385e-04
   2.4744352e-03   7.7671638e-04   1.0909308e-06   1.2920287e-04   3.1623708e-13   1.3596443e-03   4.5895305e-09   5.2169116e-04   9.3252227e-04   2.3756331e-05
   2.2678330e-03   5.7510183e-04   4.8034632e-07   1.2377934e-06   6.7534412e-10   9.6360967e-04   2.9545007e-04   6.4585266e-25   9.0474749e-04   1.6723413e-04
   3.0993898e-03   5.7146483e-04   1.5973037e-05   8.8733800e-05   2.0769397e-16   6.7998528e-04   9.5266279e-05   1.3052764e-08   5.5959847e-10   2.4708532e-04
   3.1598044e-03   4.6451423e-04   2.1317073e-09   4.3552440e-06   6.6351270e-10   7.8757449e-04   3.0661624e-08   5.6338247e-04   7.3197308e-04   1.8859869e-04
   2.7721375e-03   3.0100200e-04   1.7437424e-05   2.6127907e-07   1.4229421e-04   5.3944605e-04   9.0485847e-06   9.1720795e-04   9.9426262e-04   3.3460895e-04
   2.6899364e-03   4.0291541e-04   1.2495376e-04   5.3730466e-13   7.3109083e-05   1.1352414e-03   6.3677366e-07   2.3352638e-04   5.2399306e-13   1.5114132e-04
   3.2990071e-03   2.5020178e-04   1.4485247e-04   8.7130723e-07   4.9790849e-05   6.9876899e-04   3.8052280e-13   5.9534594e-04   6.1281370e-04   9.8500929e-05
   3.5277348e-03   4.3162890e-04   5.0232443e-05   9.2984070e-05   1.0735515e-04   3.5061638e-04   1.0718112e-05   4.3871620e-04   8.4249701e-04   1.5858084e-05
   2.8595704e-03   6.0777577e-04   1.2130380e-04   2.2300265e-04   1.9782539e-04   4.0694389e-04   3.0834189e-13   1.0392264e-03   1.0299097e-03   2.0535236e-11
   2.9764527e-03   5.7748250e-04   3.3402553e-06   2.2990256e-04   1.2351988e-04   5.9936754e-04   2.7899867e-17   1.3743022e-03   9.2413766e-04   1.0366345e-06
   3.1826423e-03   8.0136238e-04   1.9645187e-07   2.0286119e-04   3.4334782e-11   5.5769474e-04   1.2957079e-12   1.7105240e-03   3.6285737e-04   3.0282061e-05
   3.2095096e-03   4.2267109e-04   8.1743805e-06   6.0721331e-05   1.5099465e-07   6.8074224e-04   5.3293617e-16   1.1932657e-03   8.7756655e-04   7.3107950e-05
   3.0279881e-03   4.1579670e-04   1.7398349e-09   5.6875769e-05   5.7634310e-06   7.9618697e-04   4.5932629e-15   1.9632581e-04   6.6242145e-04   4.4224828e-05
   2.8131483e-03   7.8552106e-04   8.3134857e-05   1.4547356e-04   1.7517347e-11   8.2743263e-04   4.6167154e-12   1.0477091e-03   7.7030525e-14   1.7294972e-08
   2.4376790e-03   3.8573118e-04   1.3749504e-04   3.5843291e-04   8.4013596e-06   7.5609606e-04   1.9290166e-08   1.0190647e-03   9.8559031e-04   2.3973942e-07
   2.4607304e-03   1.2009599e-04   1.2833030e-04   7.1520539e-04   3.7014046e-09   6.3232062e-04   1.1514533e-15   1.1253712e-03   1.3800183e-03   1.3065478e-14
   2.8881498e-03   9.7094915e-06   5.7531569e-06   5.6834120e-04   1.7025583e-04   9.1513850e-04   2.9208957e-23   4.0745324e-04   1.4063814e-03   8.5526915e-16
   3.3750853e-03   1.1171007e-09   1.2110447e-06   3.7358317e-06   1.7552929e-04   5.6860349e-04   3.8285495e-27   1.9530050e-03   6.2561869e-04   1.6736268e-13
   3.3407286e-03   9.8657508e-05   5.3857970e-11   1.2339340e-07   6.6419749e-05   4.1140222e-04   3.2004459e-23   2.7042700e-03   1.0187099e-03   2.2691919e-10
   3.4744420e-03   2.9054291e-05   1.9837933e-14   3.2880713e-12   5.6717736e-05   3.5869553e-04   1.2956120e-15   2.1048336e-03   3.3686871e-04   2.8335340e-06
   3.3247220e-03   5.9597863e-06   3.0667639e-08   4.7313566e-13   1.0933704e-04   1.1051434e-04   7.7812713e-26   2.1368631e-03   4.2842541e-13   3.5122856e-05
   3.2009505e-03   3.5307513e-05   2.3831987e-10   7.9394295e-10   3.1479539e-13   2.5724556e-04   1.0156167e-17   1.8511948e-03   1.5708278e-16   2.2929477e-05
   3.3732581e-03   9.4287785e-05   1.8908500e-06   1.0311417e-25   1.6863400e-05   1.5879662e-04   2.3447948e-14   1.2494422e-03   5.9642998e-04   6.7386167e-07
   3.0000933e-03   3.7543665e-04   1.2618018e-06   2.4245500e-15   2.6433262e-14   2.0595059e-04   7.7987509e-12   5.8451417e-04   6.5332128e-04   4.1651984e-07
   3.1698977e-03   3.0572287e-04   3.0936244e-07   1.0831580e-09   7.7183626e-28   2.2377934e-04   1.2538049e-12   7.5480470e-04   2.4806142e-04   4.7566535e-09
   3.6378463e-03   2.1471349e-04   2.3603462e-05   5.8601584e-11   8.7118240e-20   4.7874644e-04   5.8861264e-12   8.6289858e-04   1.7000180e-10   4.1165305e-07
   3.4360899e-03   8.3956019e-05   2.6371902e-04   5.6157416e-24   1.4174422e-25   8.5955207e-04   2.8381625e-10   3.7573496e-04   3.6448648e-24   2.8425287e-11
   3.0297448e-03   9.4162428e-05   4.6538332e-04   1.1071518e-21   9.1162439e-31   5.7359333e-04   7.1871613e-09   3.0473986e-04   1.5460347e-26   3.9982236e-11
   2.8259497e-03   3.0010108e-04   4.0275026e-04   2.7579012e-09   4.8447338e-24   3.8363611e-04   3.6286016e-08   1.6798956e-04   7.8731387e-11   3.5435058e-08
   3.0861812e-03   4.8625076e-05   1.1491310e-07   3.4678897e-07   1.4458745e-20   5.4812641e-04   1.6685825e-12   3.9910330e-07   3.6384551e-04   8.5476945e-05
   3.5774474e-03   1.0228100e-07   1.9759162e-05   1.5417128e-06   9.6775243e-11   2.8194801e-04   5.3702444e-10   8.2462678e-05   6.3205060e-04   1.7264729e-05
   3.6241497e-03   9.0718419e-05   5.3532135e-11   2.1094920e-05   1.0770344e-22   4.9046986e-04   9.5313587e-09   5.2878589e-04   4.5731066e-05   3.6174998e-12
   2.9040133e-03   8.5481750e-05   1.6601820e-04   2.1026989e-04   1.5275275e-10   9.3241211e-04   1.3465427e-05   4.1838026e-04   3.9669069e-08   7.4974072e-17
   2.6410942e-03   2.2051133e-04   2.1576300e-15   1.8976320e-04   8.8775531e-11   1.3643817e-03   8.8400553e-05   1.5691016e-05   4.7375669e-06   4.8407170e-10
   3.0107203e-03   3.8870170e-04   3.3859157e-17   1.2409990e-04   1.0947690e-13   8.7559358e-04   5.2817311e-05   1.5387085e-05   1.2054885e-06   1.6832712e-07
   3.0496626e-03   6.5680448e-05   2.9452018e-10   2.2952059e-04   9.1855660e-06   3.9504591e-04   1.6114170e-05   3.2015299e-04   1.1583504e-06   1.2970278e-04
   3.5972458e-03   1.6631326e-04   4.3593045e-15   1.1536441e-03   1.5010533e-21   3.6965775e-04   2.8806820e-14   2.7156574e-04   2.8854755e-11   2.6552310e-05
   2.6542178e-03   1.8359561e-04   1.5507239e-06   2.4436119e-03   1.3775376e-26   4.7882883e-04   2.0163774e-06   7.7952236e-05   8.4938882e-04   1.3244251e-04
   2.8644698e-03   2.3435189e-04   4.3525353e-06   2.7406706e-03   5.5703220e-31   2.9656689e-04   1.1566431e-13   7.0247716e-05   2.8904982e-04   2.2229369e-05
   3.3394212e-03   1.2265745e-04   8.3997065e-05   3.2091391e-03   7.2945319e-27   2.7334184e-04   3.4807550e-29   8.5496749e-05   1.8585840e-05   1.5981102e-09
   3.1192829e-03   7.0497577e-05   1.7420382e-04   4.1486447e-03   1.3593196e-19   2.5713728e-04   3.9155415e-22   3.4693904e-12   2.3014282e-04   1.5028126e-12
   3.1992159e-03   1.4208849e-06   9.2251538e-16   3.6291450e-03   1.6677009e-24   5.6764723e-04   2.2959697e-22   3.3607497e-13   4.0123222e-06   1.5892179e-10
   3.5898266e-03   1.2242179e-07   1.6669169e-19   2.1220064e-03   8.7966718e-25   4.4269408e-04   1.6026374e-19   3.3126787e-14   6.6137074e-17   5.4618414e-14
   4.4719009e-03   7.4975848e-07   5.1949318e-12   8.7894226e-04   3.8424404e-33   1.5018230e-04   3.1548689e-26   1.1059166e-04   7.8401984e-07   8.3944781e-18
   3.8648382e-03   8.1329072e-07   6.0571795e-05   7.3544843e-04   2.0216115e-24   1.1607323e-04   1.4513104e-35   4.9651878e-04   4.6083555e-19   6.1084509e-25
   3.7789964e-03   1.6615385e-06   1.6567341e-04   9.0401608e-04   1.4077941e-22   4.3339891e-04   1.9794329e-24   3.1221836e-04   1.4261860e-14   7.6143680e-14
   3.3181518e-03   1.2095202e-04   2.5754231e-04   6.1514262e-04   1.0304431e-15   3.7344784e-04   1.2322013e-05   1.0749843e-12   2.0903944e-16   1.9986654e-06
   3.3959347e-03   9.0220159e-05   2.2195360e-04   1.0049378e-03   1.8954135e-14   4.9877139e-04   4.6008401e-06   9.8821999e-18   1.2494723e-09   1.0497885e-05
   3.0054676e-03   1.5897267e-05   1.6649081e-04   5.9851917e-04   6.7069448e-14   8.8963255e-04   6.3510886e-05   3.4967619e-04   6.8252325e-05   3.4544953e-05
   2.6081310e-03   5.5912162e-05   8.2360867e-08   8.5772467e-04   3.6083161e-21   1.0732903e-03   4.8362220e-07   3.3816472e-04   4.4818265e-04   5.6055367e-07
   2.9048870e-03   1.7692604e-06   2.1335585e-04   7.7436828e-04   8.3265574e-30   9.9318522e-04   6.9053993e-16   2.1130793e-06   4.3997024e-04   3.2951496e-15
   3.3346620e-03   2.2091464e-07   1.7665599e-04   5.6301497e-04   4.2119189e-31   7.4431003e-04   1.0057113e-10   7.4184767e-13   5.5540334e-04   2.8474450e-08
   3.4490746e-03   1.3777594e-05   7.7813073e-04   7.0864629e-04   5.4490270e-22   4.0739725e-04   5.0538101e-09   5.6858870e-05   1.4538234e-04   2.5202465e-10
   3.0792470e-03   1.6293334e-04   4.2390344e-04   1.1903860e-03   2.3176507e-27   4.8422044e-04   9.2118110e-13   2.2033219e-04   6.9265895e-06   9.5785491e-07
   2.4536963e-03   9.6032306e-05   2.5776232e-04   1.4986724e-03   1.9179295e-19   4.9477003e-04   1.6473396e-13   1.0829007e-06   1.3963387e-20   1.9302161e-04
   2.9990922e-03   5.7570306e-05   4.2208298e-04   1.3484684e-03   7.9646310e-27   3.4159375e-04   3.8836416e-15   5.2864791e-05   2.5976798e-13   4.5488275e-13
   3.1867132e-03   1.9115754e-05   3.6740486e-08   1.2210677e-03   3.8037991e-20   1.9093595e-04   1.4013465e-34   4.7649757e-04   8.8410489e-08   5.4462012e-10
   3.4574089e-03   3.4648960e-06   1.2505360e-04   7.0045734e-04   9.0384072e-20   4.9149486e-04   3.8846163e-15   5.8204747e-04   6.1574205e-10   1.3652541e-10
   3.2418848e-03   1.1490577e-06   4.3806586e-08   1.4144696e-03   4.6303675e-23   6.9148213e-04   8.5997049e-15   6.8248148e-04   1.5942755e-09   7.4213393e-14
   3.2980953e-03   5.6320750e-07   2.6237686e-19   2.1579967e-03   1.6956095e-22   4.6287899e-04   9.1490740e-13   5.4513516e-04   7.0427888e-10   3.7446077e-15
   3.8676592e-03   2.8651457e-05   9.7654955e-18   2.9311481e-03   7.3976046e-25   1.8792526e-04   4.0359291e-15   1.5426873e-07   1.5065478e-34   1.3116947e-17
   4.5438711e-03   1.0765876e-09   2.1853714e-08   2.9695333e-03   2.5185700e-27   6.3447821e-05   7.3843682e-23   1.8993535e-08   4.7689841e-23   9.7305530e-28
   4.2501282e-03   3.9755388e-07   9.1770043e-07   2.4427605e-03   1.1714147e-29   2.1728498e-04   3.9356903e-16   2.2030533e-04   2.6283424e-12   1.7224037e-25
   4.0538521e-03   3.6391367e-04   1.8783079e-04   2.0439607e-03   1.9320118e-22   1.3071422e-04   1.0114511e-07   1.2670547e-04   1.8692992e-09   2.8640854e-23
   4.5571360e-03   1.4737286e-04   4.1002680e-04   9.6256608e-04   1.8719604e-17   2.0151289e-05   1.3773510e-10   1.7948769e-08   2.0818025e-13   1.0511182e-21
   4.3660032e-03   7.4825494e-05   1.4557087e-04   2.9654594e-05   3.0954424e-15   1.4293743e-04   1.4766522e-19   1.0279426e-06   2.4311005e-13   3.4926259e-17
   3.3553037e-03   2.7898972e-05   5.3284294e-04   1.6455384e-05   7.1602133e-08   3.9744450e-04   3.2222291e-09   1.3023147e-04   4.9848674e-04   1.9971773e-17
   2.7864609e-03   1.7174609e-04   4.6577127e-04   1.4444410e-06   3.5125891e-07   4.4613451e-04   1.2505618e-05   1.3885281e-04   5.7447698e-04   2.7976435e-14
   2.8780669e-03   2.4431051e-04   6.6222734e-04   7.0624643e-15   1.6975005e-10   3.8163513e-04   1.8595939e-04   7.7548887e-05   9.9022087e-12   3.5874640e-14
   3.6901610e-03   1.0615284e-04   3.5199623e-05   3.8118048e-22   6.6955558e-16   3.5943214e-04   3.8924365e-36   3.1026231e-09   2.3284119e-11   5.6562859e-21
   3.8940909e-03   1.2959007e-04   1.0212615e-10   1.6464150e-35   1.1303587e-19   3.6259156e-04   2.2708823e-26   2.9207003e-04   1.0378670e-05   1.3958233e-21
   3.6288315e-03   3.5715983e-08   1.8724041e-06   2.3838791e-21   1.1209857e-08   3.1752060e-04   5.5053170e-39   4.5878762e-04   1.2849913e-04   2.9069808e-14
   3.2656421e-03   3.8688240e-06   8.6228219e-08   6.8664118e-21   1.6560534e-11   2.6427741e-04   5.3230036e-14   7.9416603e-04   2.8669900e-10   2.0322858e-11
   2.7129121e-03   3.2555741e-04   1.0337154e-04   1.1352399e-08   3.6760574e-16   8.0352026e-05   6.8664021e-20   3.3287357e-04   1.1840992e-06   2.1509178e-16
   2.8376240e-03   1.8371708e-04   6.9779589e-05   1.3309228e-07   2.3712041e-13   2.4834015e-04   3.0778028e-05   4.4979834e-05   1.0468866e-09   1.0822198e-08
   2.8275937e-03   1.0309473e-08   5.4193091e-04   1.1976521e-07   3.3988474e-15   3.6381102e-04   3.5114752e-05   7.5630763e-05   5.7429748e-12   8.0035472e-09
   2.9716326e-03   1.8502484e-06   1.1331911e-04   7.6237765e-06   6.3623767e-18   4.3845804e-04   2.1917226e-04   3.7831564e-04   1.1105742e-04   9.3852427e-12
   3.8579657e-03   3.6606802e-05   3.1115020e-06   1.8117589e-11   1.5222914e-20   2.7568299e-04   9.3602959e-06   2.6863255e-04   7.0840008e-06   1.4478956e-20
   3.9013664e-03   2.3391489e-05   6.5581027e-12   4.5157932e-15   3.8619761e-16   3.4370527e-04   1.0383613e-04   1.7204890e-18   3.5682124e-20   1.0864327e-13
   3.6514601e-03   1.4824774e-04   1.1963120e-15   1.8158945e-15   5.7660264e-20   2.8368084e-04   5.2991296e-04   1.6768257e-05   1.7252306e-06   2.9746091e-08
   3.6523675e-03   1.3831827e-04   6.1558008e-10   8.9020920e-07   5.0783755e-12   2.0815484e-04   2.2207499e-04   3.1543602e-04   2.1562445e-08   5.5973152e-11
   4.1603911e-03   2.0116335e-04   2.3448151e-10   8.6385805e-06   1.0613301e-22   7.7523732e-05   1.3370701e-04   6.1839343e-04   4.3320795e-17   8.2427233e-16
   4.4504252e-03   2.6835654e-04   3.7636792e-16   2.0908589e-04   3.5600533e-27   1.3414299e-04   6.1608803e-17   3.6009788e-04   1.2743591e-24   7.0880689e-19
   4.6209241e-03   1.7341732e-04   9.9913243e-23   2.0141345e-04   5.6129289e-22   1.2383158e-04   4.5766937e-06   5.1901513e-05   3.9320763e-29   1.5475486e-16
   3.4801376e-03   2.0286967e-04   5.0696730e-07   8.0132143e-04   3.1069356e-14   1.6264671e-04   2.7698995e-15   5.4506094e-04   2.1343513e-07   3.0855678e-12
   3.1797111e-03   2.1607167e-04   2.9498298e-04   8.1296990e-04   3.2046501e-13   6.5068614e-05   1.7764053e-13   3.6660460e-04   2.4011412e-11   8.9294135e-08
   3.2571580e-03   1.0556849e-04   2.8983653e-04   6.6467644e-04   3.2928459e-14   1.9832794e-04   9.1390204e-19   1.4519114e-20   2.1973987e-20   8.7333691e-07
   3.8215416e-03   1.6783649e-04   1.4593231e-05   3.4898759e-04   1.2298495e-18   6.4622204e-05   3.2186656e-13   3.1158418e-05   1.0043787e-15   5.4866341e-10
   4.4696436e-03   2.6505752e-05   2.4048414e-13   9.1172443e-10   2.3979367e-12   5.2167349e-05   1.4450814e-21   5.5649667e-07   1.9087013e-05   4.0956471e-16
   4.4173156e-03   9.4610663e-11   4.3296987e-07   4.3875977e-21   1.8670684e-13   1.8012863e-05   3.6953489e-21   1.5754592e-16   9.0636769e-06   4.8572371e-21
   4.5752978e-03   4.9567091e-06   1.3820488e-05   4.6968010e-30   5.7981225e-17   4.1774979e-05   1.3943629e-06   2.6626231e-05   1.1161403e-16   6.9350614e-15
   4.8022636e-03   1.8417245e-04   3.2981374e-05   1.9365182e-21   2.8310064e-21   6.7471441e-06   8.6253816e-12   9.9177135e-05   1.3372675e-18   2.2069670e-12
   5.0685994e-03   1.8620310e-04   9.7441762e-09   8.8335503e-19   9.9204224e-28   2.9872586e-06   1.0140845e-16   1.1004788e-05   2.3604532e-05   1.0302177e-13
   3.8162891e-03   6.6328398e-04   4.1054638e-07   2.1618464e-13   1.5338683e-26   1.6405600e-04   5.3454287e-17   1.5798972e-31   1.9667540e-07   7.1671803e-19
   3.7763650e-03   6.2946178e-04   1.4278371e-07   4.8626602e-08   4.4932906e-22   1.9892305e-04   7.3716799e-19   4.2649117e-26   2.1604949e-11   1.9772400e-19
   3.8025653e-03   3.6169343e-04   3.2184706e-11   2.9347401e-08   1.6027217e-20   1.9826778e-05   2.3678214e-15   2.7958397e-05   1.9504171e-19   4.9129826e-09
   4.2487416e-03   2.6937390e-04   5.4915681e-15   4.0580562e-09   7.8901759e-26   1.7282307e-04   1.6972192e-17   2.5633452e-18   2.3444994e-14   1.7213450e-08
   3.8639324e-03   2.2427690e-04   2.4641519e-06   8.5355772e-05   3.5475073e-25   3.9295875e-04   5.2483871e-22   5.4513571e-23   3.9357872e-04   2.1065103e-15
   3.7864694e-03   3.8475849e-04   3.0097772e-06   2.7958932e-05   2.3016971e-24   4.4045911e-04   2.2556848e-16   1.1358319e-10   1.9205329e-04   1.6137244e-14
   4.1721699e-03   3.6439599e-04   9.3407205e-09   1.2490091e-04   4.8873723e-11   1.9942415e-04   7.6960691e-31   1.0291613e-11   8.9675553e-06   1.8413585e-13
   4.1642543e-03   2.7735335e-05   3.2296942e-10   3.2450779e-04   1.1223207e-09   3.9212654e-04   4.5521083e-15   1.4724206e-13   2.6383456e-04   7.2352407e-12
   4.8823185e-03   1.9746724e-06   8.9180369e-16   3.3385871e-04   9.3479577e-12   1.7253954e-04   3.9766064e-13   5.7767912e-08   3.4582379e-04   7.7241700e-15
   5.4250103e-03   1.2338993e-10   6.2409870e-10   5.0438562e-04   2.1490983e-14   2.0373147e-05   6.8220182e-21   4.1375547e-11   1.5118948e-05   5.6526756e-20
   6.0199486e-03   4.3711986e-11   3.1611893e-10   7.3660724e-04   3.3538605e-23   3.4432302e-05   4.5990239e-32   5.0541664e-07   2.1138991e-18   1.0347827e-22
   7.4197471e-03   8.5949798e-15   2.0040289e-08   8.3922481e-04   4.4817183e-26   4.7778157e-08   1.3180928e-32   4.2483917e-05   7.4121994e-13   1.0988805e-22
   7.3535491e-03   5.0739192e-15   2.6741143e-12   1.2356441e-03   8.1848667e-29   7.6924327e-07   2.4133207e-31   2.9761091e-06   9.7040224e-17   2.1400830e-25
   6.3086208e-03   1.6505325e-08   2.3015261e-08   1.1507509e-03   3.9604054e-24   9.3730190e-05   4.3419176e-17   1.2631797e-27   1.2802582e-21   2.8845829e-25
   5.3132036e-03   3.9180237e-04   1.1407777e-12   1.9487919e-04   5.9354860e-37   1.6090556e-04   1.0910282e-11   2.8744807e-13   1.4272950e-22   7.7395944e-20
   5.4544530e-03   2.9016272e-04   3.6425379e-09   2.0531334e-06   8.8144117e-37   2.6057948e-06   2.3250528e-11   1.3098451e-19   2.2223016e-24   4.1768627e-25
   5.9590777e-03   1.1841390e-04   1.9010305e-21   2.3946566e-04   2.8016147e-37   1.3997398e-04   1.9626248e-15   4.8692795e-05   4.2610920e-17   1.0052917e-27
   4.9980283e-03   4.6929340e-05   3.4479507e-22   4.7502175e-04   4.9428978e-32   2.1161178e-04   1.3408684e-12   1.4798323e-04   7.9120436e-06   1.4356500e-24
   4.2492772e-03   2.0396415e-04   3.8853253e-23   3.5084328e-04   1.6054177e-23   6.2426479e-04   4.7216616e-06   2.3812600e-08   4.9470869e-10   2.1544573e-16
   4.5857977e-03   3.0947821e-04   1.6719370e-19   1.7012129e-05   1.1789187e-18   3.2382947e-04   5.0169295e-06   5.2090177e-05   2.6706763e-04   4.1689452e-15
   4.7672438e-03   2.4119025e-04   1.6281890e-21   1.4237386e-16   2.1066187e-24   2.0839420e-04   1.5009183e-10   2.5261829e-04   7.0804299e-08   2.0502705e-14
   4.4433771e-03   4.0825643e-07   2.0680823e-19   4.3685444e-10   1.9889461e-20   8.0741447e-05   2.3941801e-11   2.2547378e-04   1.1600707e-23   8.0045850e-22
   4.3110558e-03   1.3505505e-06   4.7717235e-14   5.2367755e-06   3.0805018e-17   2.5201786e-10   1.6084518e-25   1.6558537e-14   1.5406529e-08   2.8606339e-18
   4.8895688e-03   4.2890676e-07   3.7333451e-32   4.6023826e-10   3.2508477e-15   4.5804388e-05   2.8390546e-21   1.6846531e-05   2.5443229e-06   5.6787119e-17
   5.0263394e-03   2.7058614e-10   5.9469390e-39   1.5299635e-10   5.9988822e-12   2.9905680e-04   4.4510175e-09   1.0441660e-06   9.2946875e-09   6.5041044e-18
   4.8614320e-03   1.7313556e-11   1.1851807e-30   1.9394180e-06   2.1394065e-15   1.0987121e-04   1.9385166e-08   4.5132016e-13   8.8727382e-46   3.7258492e-18
   4.6220638e-03   1.1364021e-07   3.3116240e-17   1.3407766e-04   7.3519304e-07   4.6735848e-05   4.5753676e-11   2.9373115e-08   2.4821319e-11   1.6573951e-22
   3.6345806e-03   3.7785173e-05   1.6613024e-05   4.7820659e-06   1.2375608e-04   4.9805956e-05   1.1261577e-09   4.7628572e-06   4.2496483e-15   7.5688881e-16
   4.0602918e-03   2.1257474e-08   5.8051390e-05   9.5324458e-05   6.6716797e-06   2.8985287e-05   1.8422961e-13   6.5704121e-13   3.8381606e-20   6.2627960e-25
   4.4387215e-03   6.1063961e-07   3.0720284e-17   1.0674259e-04   3.0410919e-08   5.8348828e-06   1.2100840e-06   1.6861004e-13   6.5280077e-13   4.4026572e-29
   4.6412119e-03   9.1449844e-08   1.4825035e-06   6.8503105e-06   2.3820765e-12   9.4525466e-09   2.6014013e-05   6.0254205e-12   3.8429694e-32   4.3560234e-16
   5.0642566e-03   4.1603188e-12   1.0746237e-17   7.9384678e-09   2.5102345e-12   5.4716843e-08   7.7440901e-15   4.7012499e-13   2.6414495e-29   1.2367425e-20
   5.8029281e-03   3.0120302e-14   3.0837605e-21   4.5078769e-10   1.1016674e-11   2.2781655e-08   1.3592362e-24   2.1744078e-20   2.0898503e-24   2.0679961e-21
   5.5014003e-03   3.2869920e-18   5.4922184e-17   4.8628552e-06   3.9992860e-16   9.8218896e-10   2.0608597e-21   3.8618498e-19   9.1600985e-16   1.7151410e-26
   4.0900054e-03   3.7605683e-13   1.9685559e-17   4.0803690e-04   7.1010641e-11   1.5432545e-10   6.3286644e-16   6.2106652e-31   9.2032669e-25   2.7032426e-24
   3.6395350e-03   2.3425471e-11   8.6139179e-15   5.7639199e-04   2.7476444e-07   1.2700323e-05   1.0918503e-17   2.6555727e-27   7.1585138e-22   9.2394849e-24
   3.3687864e-03   5.8698896e-10   6.7204875e-16   6.3457966e-04   3.7146419e-14   3.0482549e-05   1.6957582e-05   5.5194123e-12   2.5097916e-11   2.0503329e-19
   4.3094647e-03   1.5271382e-14   9.5745583e-28   2.0080738e-04   3.1523717e-26   6.7694006e-06   4.9968533e-09   2.7880637e-27   6.6661312e-08   2.9007538e-20
   5.5180985e-03   9.2233584e-22   1.0387813e-30   1.6636572e-09   5.0017417e-33   1.1636619e-13   6.0995785e-21   1.1249503e-45   3.7141126e-09   8.2677663e-20
   4.8735916e-03   5.3637079e-25   9.6943530e-27   1.4292044e-10   9.0608255e-33   1.4155267e-06   2.0399852e-21   1.9354037e-24   4.1255915e-14   2.0325354e-17
   4.5382622e-03   6.3223248e-21   2.6900503e-23   2.2633645e-09   1.4379680e-31   6.2937498e-06   1.7861142e-25   1.0333767e-32   5.5283938e-21   2.3580090e-19
   4.0905598e-03   3.5336885e-12   3.1346958e-19   1.1423738e-10   4.6875723e-22   5.4064688e-07   3.1088853e-28   2.5403207e-48   3.6851289e-10   1.4623124e-16
   4.2161976e-03   6.3755679e-11   1.8468140e-20   1.0528727e-24   1.4102439e-32   3.8772623e-10   1.8046615e-29   3.2240168e-33   2.0859798e-17   4.0797823e-21
   4.2175251e-03   2.9516606e-10   6.6244633e-25   3.4558627e-18   1.9451773e-34   9.2073759e-09   2.6810507e-21   6.6373344e-27   1.2994613e-26   8.7053164e-23
   4.4200845e-03   1.7322202e-11   4.0978055e-16   1.8067944e-21   1.4362319e-27   2.3184104e-14   1.8912841e-19   4.5953987e-31   3.6664781e-36   3.8465460e-19
   4.5367680e-03   1.3774624e-13   1.2868788e-13   2.1727560e-46   2.8116591e-24   1.2414337e-21   3.3373758e-15   1.2621413e-27   6.5331603e-24   2.1339341e-21
   3.9799915e-03   1.0143950e-16   9.8009480e-17   1.2029962e-18   1.2642679e-13   4.9321890e-15   3.5150682e-12   5.8798416e-39   6.3074757e-08   1.4482191e-16
   3.4495721e-03   3.6139624e-12   2.2663694e-17   2.2380053e-11   1.2169410e-10   1.5950139e-11   3.8147072e-20   3.6321275e-39   1.5889281e-09   1.8856194e-17
   3.6078603e-03   2.5438423e-14   1.2899569e-14   9.4891377e-23   4.0154057e-17   2.6579870e-12   2.1859424e-33   6.5079518e-38   2.3076298e-36   9.7123023e-23
   3.7116186e-03   4.0902690e-24   4.6179870e-17   1.0630386e-22   4.6438627e-18   1.2549251e-16   3.9280866e-38   5.4162791e-50   3.5162607e-26   1.6196173e-26
   3.5472343e-03   7.5976629e-16   2.9045299e-11   3.8936818e-20   7.5158260e-30   8.0589297e-09   3.9037824e-25   7.2489464e-43   1.2992615e-16   6.1476662e-22
   3.2904978e-03   7.8674612e-09   4.3690910e-11   1.1799463e-12   1.9524902e-28   8.0365150e-10   7.2850762e-17   1.0384393e-50   1.3391399e-05   2.2215549e-09
   3.6783091e-03   1.3840336e-13   4.5967912e-11   6.9001484e-14   6.9124737e-21   1.1432275e-17   4.9168138e-24   2.1075002e-54   1.0102767e-19   2.0121068e-09
   3.3130217e-03   1.0595861e-10   1.1461480e-09   4.0679874e-07   2.2107431e-19   7.1827883e-10   1.0949388e-18   2.3104614e-37   4.5860209e-07   2.9611546e-07
   3.0735365e-03   4.5921918e-13   2.1171327e-09   2.6558231e-08   2.1643488e-22   7.9767487e-14   5.4892023e-32   2.6696166e-51   4.5898288e-05   5.9777710e-11
   2.9435788e-03   2.7109402e-17   2.3826197e-10   6.6449211e-08   7.1878177e-22   3.6721514e-12   1.3643698e-32   7.5106717e-46   1.6625885e-25   1.4388551e-13
   2.6084970e-03   3.2439751e-13   3.2744509e-09   6.8164492e-05   6.9770547e-16   2.8386071e-08   2.4741875e-24   4.4685198e-47   5.2093589e-11   3.9017630e-09
   2.2408136e-03   4.3132001e-08   1.1350686e-06   2.2504582e-04   6.0077830e-17   2.3851371e-08   2.2191505e-25   3.7042845e-51   6.1977365e-14   7.1130627e-06
   3.0854921e-03   2.9332927e-06   1.0946123e-17   1.1930170e-04   6.5650338e-25   3.3463463e-21   3.0833402e-32   1.9231689e-54   6.3086049e-30   2.6787127e-15
   3.3453248e-03   9.4003870e-08   2.4720027e-16   7.7513316e-06   3.4667140e-24   2.8744738e-21   4.3391242e-30   2.2831695e-51   7.7099953e-25   2.6940552e-18
   2.4383537e-03   9.1341780e-06   1.2681620e-15   9.3539065e-05   4.3736829e-15   1.2182169e-12   2.8318219e-11   9.2455987e-51   1.5278569e-11   5.6515482e-09
   2.8781937e-03   7.3810394e-06   1.2629651e-16   2.6489943e-09   4.9564433e-22   7.3854117e-19   3.0796076e-20   2.9232746e-53   1.4153143e-11   1.8347953e-12
   3.2415974e-03   3.8523487e-07   2.5029109e-18   9.1181091e-09   6.7920128e-18   7.9201171e-26   2.3820276e-25   5.4625779e-65   3.6456018e-09   1.9211987e-09
   2.3428452e-03   1.6853364e-05   2.4948789e-06   1.3604931e-09   3.0019959e-08   1.9474192e-24   2.5570776e-16   3.2192426e-59   9.4752800e-09   1.7914425e-06
   2.1563498e-03   3.8974776e-06   4.7480760e-09   3.8341961e-05   1.9197784e-05   1.2371068e-20   7.8042128e-18   1.9369129e-59   9.1156990e-12   5.2111617e-09
   2.7098245e-03   4.1939644e-07   7.9474402e-10   3.2611817e-07   1.7779885e-05   2.0384190e-21   3.2225290e-24   1.0360555e-65   1.8288328e-12   1.2088388e-06
   2.6760573e-03   1.1196533e-07   3.4462269e-07   4.5693979e-14   4.3826398e-05   1.0616596e-27   1.4684585e-24   2.4044364e-66   2.4067655e-13   8.0484534e-14
   2.1506190e-03   1.8617126e-05   1.1717088e-08   1.0338936e-13   5.5805125e-05   3.4236496e-25   2.4351900e-11   8.8936274e-69   4.6697115e-19   7.6436897e-09
   1.6870615e-03   6.4916752e-05   3.1729588e-05   1.7073211e-06   1.1075352e-04   3.0829320e-12   2.7356376e-07   5.8939648e-71   3.2048067e-19   4.0730826e-05
   1.8702906e-03   2.8543029e-06   7.8598037e-05   7.1632729e-06   1.7831055e-04   8.5372165e-15   6.2339021e-11   2.7043044e-53   3.6439497e-29   1.6780084e-05
   2.0657632e-03   8.5137941e-08   1.8417033e-06   3.8103414e-11   4.1437344e-05   1.1225578e-16   1.6862304e-18   8.2057105e-50   2.5961404e-14   2.6396025e-11
   1.7646995e-03   1.0665206e-04   2.2199851e-07   3.9501036e-17   6.6184294e-09   2.3684561e-20   3.0286833e-13   7.1579255e-62   8.1923909e-11   1.9272574e-06
   1.5954366e-03   2.2505419e-04   1.1473817e-05   3.8223576e-11   5.8426706e-06   1.3710103e-19   7.8372621e-12   4.4358939e-61   9.8017436e-23   6.2271633e-08
   1.8896443e-03   1.6600221e-04   4.3535106e-06   1.2542571e-12   3.4343979e-06   1.8554534e-22   1.7270345e-18   8.2896339e-59   7.5989894e-09   9.0868802e-11
   1.5631312e-03   2.5813500e-05   1.3181041e-05   2.0923260e-12   9.0585262e-05   1.1706901e-12   1.0406867e-17   3.2920392e-41   2.7065023e-12   4.0682613e-05
   1.3810229e-03   5.6298570e-05   3.0535741e-05   1.1531453e-10   4.3224442e-05   2.4487636e-12   3.4687489e-23   8.8335692e-43   8.5724152e-18   1.1720038e-05
   1.4781480e-03   5.2659173e-05   4.0163306e-05   2.6675677e-11   1.8413007e-07   4.2191954e-16   8.0984305e-19   3.9154838e-53   6.4305908e-07   3.3705992e-05
   1.3990039e-03   1.6352830e-05   1.3595991e-06   3.0047980e-11   1.0722199e-06   2.1979425e-17   3.6480612e-15   3.2276205e-71   9.0512252e-06   2.0467522e-05
   1.2696671e-03   2.6721566e-05   5.9125379e-06   1.7108552e-17   1.3905771e-05   7.7140594e-15   1.1934583e-13   7.9180045e-60   2.3420204e-12   1.5147160e-05
   1.3702884e-03   7.0495613e-05   3.3532769e-07   2.5826489e-13   7.7327783e-12   3.0041851e-10   5.7500126e-15   2.4050289e-71   2.6749092e-13   7.1086687e-06
   1.2076648e-03   6.2871587e-05   6.7748587e-07   1.1764650e-08   8.1388967e-10   2.2996533e-07   4.2997782e-17   2.2553152e-55   7.2665839e-05   7.1917444e-10
   1.1932827e-03   3.7156856e-05   2.2069583e-08   5.4324287e-06   3.9559311e-08   2.4461679e-07   3.1708179e-09   2.9033087e-54   7.6412430e-05   2.7251157e-05
   1.3725685e-03   2.0367977e-05   4.4850336e-10   2.8698767e-06   2.6232220e-10   3.0283275e-20   1.7620407e-08   1.8875420e-60   3.8550977e-15   7.1433969e-06
   1.5447680e-03   4.1474188e-06   2.3252835e-07   1.2795817e-06   8.4997577e-21   5.3840252e-22   8.7691534e-21   8.2589043e-63   2.0436132e-22   4.5204809e-06
   1.1203142e-03   9.1337944e-06   6.0613652e-06   7.0203094e-05   8.3416020e-17   7.8646425e-16   1.4724385e-14   3.4294575e-60   2.2567126e-28   6.1614529e-06
   1.0169184e-03   1.9361007e-05   6.3925199e-06   1.1749242e-04   6.7029712e-15   3.6640926e-17   1.5735853e-13   9.8543685e-54   3.1113969e-20   7.1736427e-11
   1.0599765e-03   4.6231919e-05   1.6080299e-06   3.1949299e-05   2.0891531e-16   1.0534058e-17   1.6863946e-13   6.2579499e-58   1.1500125e-12   7.8836827e-06
   1.1529657e-03   1.0915647e-04   2.0997071e-08   2.6937984e-07   1.1176056e-11   1.1910841e-19   1.6761389e-14   2.9454838e-63   1.3655615e-05   3.8887939e-17
   9.5384727e-04   7.6829548e-05   5.2947977e-06   4.9625582e-07   6.3420658e-10   1.7552880e-12   2.3283231e-21   6.8649474e-53   1.0697008e-07   1.5852896e-05
   9.7975755e-04   9.8384320e-06   2.8159380e-05   1.3666592e-10   3.7782484e-06   5.4793611e-12   2.4114657e-30   1.2509443e-52   1.7337049e-15   4.6393105e-06
   9.1547608e-04   4.1084170e-05   2.9168123e-06   8.8505045e-13   7.2900606e-11   5.6130711e-07   7.4356757e-21   1.1584066e-53   1.0025705e-07   9.7363834e-06
   9.6182787e-04   4.0169505e-05   2.0823851e-08   1.0730005e-19   1.0312158e-17   1.1516383e-06   4.7215392e-19   1.2400091e-46   3.5136093e-05   3.4533340e-05
   9.7197234e-04   2.6250414e-05   1.2124993e-06   2.1345780e-20   3.3940443e-18   4.0964763e-06   9.8796300e-16   3.9794763e-40   2.6656693e-11   5.0685983e-05
   8.2461239e-04   2.4256452e-05   3.6330499e-06   1.0089386e-18   2.2643654e-10   4.0034486e-13   8.1708049e-11   5.5278616e-48   6.1405988e-23   2.1812707e-06
   8.7316987e-04   2.7480916e-07   3.3135820e-07   1.7174780e-20   5.3695383e-12   1.6714772e-17   2.8196273e-13   4.8130061e-48   2.6765251e-05   1.8386724e-05
   8.8274393e-04   5.2760292e-06   1.3703618e-09   3.6260103e-18   5.2769815e-08   5.6587257e-19   3.1926221e-14   6.5332371e-50   2.3224577e-05   1.9291856e-06
   9.4747557e-04   2.2837805e-08   1.0639850e-12   2.4544362e-12   5.8196738e-07   4.9149127e-13   1.2464550e-15   3.8801310e-43   2.7184425e-10   7.3320650e-09
   8.1098525e-04   2.1758163e-05   9.2667953e-14   9.0205815e-10   1.9377266e-11   3.5186145e-13   1.0442645e-17   3.8239274e-50   1.0222958e-05   1.5749062e-06
   4.4539784e-04   3.5222381e-05   1.5232758e-05   9.8197770e-08   8.9802350e-07   2.0470997e-09   4.1296230e-09   7.2966592e-47   2.3056005e-04   3.5002044e-06
   5.8709191e-04   4.9016884e-05   1.3706295e-06   2.6276075e-07   1.0246733e-14   1.9737820e-09   5.7540328e-15   2.6744241e-44   9.9787412e-05   9.8218872e-12
   6.3310038e-04   2.8885522e-05   1.5673867e-07   1.1607812e-10   6.3754302e-10   2.2434680e-11   7.2065326e-20   2.2554925e-40   4.7016667e-18   6.0996512e-07
   6.2950332e-04   2.3214721e-05   1.0773576e-05   1.5821002e-11   1.1295029e-11   8.7078462e-12   2.2354650e-25   4.7397199e-45   5.9679536e-18   1.6790887e-06
   5.4464085e-04   6.4248696e-05   1.1447526e-05   4.2432385e-06   1.6716183e-20   1.0504774e-08   5.1258372e-21   1.9502724e-53   2.4649229e-15   4.6477417e-06
   5.4401969e-04   3.4164601e-05   3.0916069e-05   4.8494911e-07   8.4524184e-07   7.1506889e-15   3.1230920e-23   2.2930772e-48   9.3499565e-18   3.2078846e-06
   5.3980898e-04   1.8186363e-05   1.7655891e-05   1.8207455e-11   1.0259992e-05   3.2422696e-17   4.8193961e-28   6.8883430e-34   6.1548952e-32   8.4966280e-12
   5.6654778e-04   6.1583736e-07   9.1780752e-06   3.7983778e-07   1.5297042e-05   5.2061703e-15   3.2014226e-22   8.3035286e-44   4.0039808e-32   6.3845784e-06
   5.0415986e-04   3.7583574e-06   3.4705226e-05   3.5272032e-05   1.8259774e-05   6.9851108e-13   7.6282971e-16   7.2181533e-46   4.1950630e-16   1.1338679e-05
   4.2542964e-04   6.5714069e-07   3.0466701e-05   2.2467077e-05   1.0781310e-05   2.2111880e-14   1.0478378e-26   2.1532904e-53   3.3323186e-05   1.2126504e-05
   3.8672087e-04   6.0948045e-06   7.3219952e-05   1.5994133e-05   1.2178066e-05   3.3375032e-10   3.5369180e-23   9.5025877e-36   1.2224823e-05   8.6411501e-12
   3.3688901e-04   3.9200725e-05   1.6241206e-04   2.6350100e-05   2.2006485e-12   3.0889776e-07   5.2605671e-15   1.0307896e-49   7.2938420e-09   9.8749740e-23
   3.5407551e-04   4.1515756e-05   9.9505728e-05   2.1686300e-08   4.7108387e-09   1.0429442e-07   1.2605107e-17   7.7932415e-43   3.3399107e-10   8.4434764e-15
   3.1981736e-04   1.4123113e-05   7.4942413e-05   1.1896074e-09   2.6201779e-05   1.7592973e-06   4.5938044e-17   1.5212889e-33   3.9322771e-05   5.1789442e-07
   3.4091335e-04   6.1385164e-05   7.8564293e-05   2.7288169e-08   1.3423270e-05   4.6716091e-09   1.3133434e-18   1.5291568e-64   6.9871810e-05   9.9733148e-15
   2.4274878e-04   4.8406561e-05   8.7687846e-05   4.5980589e-09   2.1839662e-05   1.6853824e-06   4.3256754e-07   1.6570499e-81   1.6731716e-04   1.2500233e-06
