   1.2008336e-02   2.1081316e-03   4.5193155e-15   2.7861462e-12   1.6100258e-24   1.3098640e-06   1.0447136e-03   2.6415775e-03   7.0446685e-03   3.8315088e-03
   1.9806444e-02   4.3576454e-03   6.8769353e-06   8.0636511e-20   5.7503047e-16   2.7732984e-08   1.5797488e-03   1.7408489e-03   7.9557242e-03   6.0656191e-03
   1.7455100e-02   3.4685772e-03   2.7707642e-07   2.5455825e-17   4.1190256e-18   9.9198387e-10   4.3849821e-04   1.2776869e-03   5.3942354e-03   4.0327878e-03
   1.0099495e-02   1.0589344e-03   3.0469921e-18   1.3870947e-06   1.1172507e-40   5.5171424e-10   4.4437422e-06   1.3449873e-03   1.8611255e-03   7.8999537e-04
   9.0901602e-03   3.7703008e-04   9.1137832e-26   3.0060520e-24   1.5990269e-54   1.5175961e-13   1.4549711e-05   8.2424196e-04   2.1201382e-03   5.1454282e-05
   9.4638745e-03   3.0631830e-04   1.8383911e-41   1.7328735e-49   9.1888443e-60   2.1849220e-23   9.3419724e-07   4.5646611e-04   2.5888126e-03   2.0893262e-06
   8.0370098e-03   2.5289022e-04   7.0468526e-54   1.9350739e-52   3.7063211e-60   3.9035130e-17   8.0196976e-09   5.1616034e-04   3.5864498e-03   2.4162698e-03
   6.5866697e-03   3.2747421e-04   5.4456653e-42   3.4431013e-52   5.7299007e-51   7.4783695e-26   6.5847906e-07   4.2060923e-04   2.3074095e-03   2.1879807e-02
   3.6080902e-03   4.9563431e-04   6.8355772e-43   1.5556348e-20   5.0932879e-35   1.6357533e-15   6.3956171e-10   4.7000968e-04   4.7424805e-03   1.2250116e-01
   3.3333927e-03   3.3260600e-05   7.6017590e-32   1.1914621e-38   3.5057762e-24   2.1523664e-14   4.0159866e-12   5.8365553e-04   3.5476186e-02   1.7219028e-01
   2.2011065e-03   2.6662728e-09   1.3759238e-46   1.5323018e-03   5.6344841e-18   1.4817277e-11   1.3505554e-13   1.8627185e-03   1.7302785e-01   5.5358853e-02
   1.0877041e-04   5.0082772e-02   3.6519553e-27   5.8736729e-15   6.2440374e-33   3.8235237e-10   1.7689661e-15   3.9432101e-03   2.3726548e-01   1.9998810e-03
   4.6378477e-09   1.1204045e-01   1.5427078e-26   3.1957518e-30   3.9042108e-42   4.6581473e-18   6.0948337e-20   4.0057284e-02   1.0382940e-01   2.8526142e-25
   5.3139900e-09   5.5477106e-02   3.5560826e-14   7.5873863e-20   7.8222885e-26   6.1065771e-08   1.7743080e-04   1.8392678e-01   1.3634483e-03   2.9053771e-14
   8.9512420e-04   1.4651513e-03   1.2888999e-09   1.2992458e-15   3.0833623e-18   4.8982876e-02   1.6829830e-02   2.1817905e-01   5.1154051e-06   2.2255771e-12
   1.0155912e-05   9.6565316e-08   7.2323343e-14   1.2422793e-13   1.9425553e-04   8.7212580e-02   1.8573866e-01   8.2366144e-02   2.5932861e-17   1.9055187e-14
   1.6802182e-03   4.5663266e-04   1.2921317e-05   1.3723311e-17   5.4865156e-20   3.5013248e-02   2.4983483e-01   1.1726862e-02   8.2302407e-08   1.1656535e-02
   1.9626074e-03   7.5599085e-04   1.3149065e-02   2.5311661e-23   5.3259939e-33   5.2213830e-03   9.9068547e-02   3.9216072e-03   2.9095676e-05   7.7018801e-02
   2.6845465e-03   2.0933577e-04   1.7976841e-02   5.3529776e-28   5.3072635e-47   1.8284925e-03   1.0748973e-02   4.7555341e-03   2.1872465e-03   8.4612036e-02
   2.7188032e-03   1.6380262e-04   4.3827612e-03   8.0271206e-28   8.2832483e-31   9.0430990e-04   3.1034269e-03   3.5763442e-03   6.6682276e-03   4.2586817e-02
   3.6215970e-03   1.8526034e-04   1.4249235e-09   1.1089496e-10   2.1092868e-33   6.2275700e-07   1.7305858e-03   2.2664604e-03   3.0678090e-02   9.2215680e-03
   3.8245437e-03   4.3379381e-08   8.7690699e-09   6.3065166e-06   8.3276323e-36   3.3134275e-05   9.1802272e-04   1.7138939e-03   6.5333053e-02   1.2746664e-03
   3.1349174e-03   2.8852643e-03   1.7881657e-05   6.3487621e-19   2.8228267e-22   6.3129423e-06   6.9884148e-04   9.5876226e-04   8.9369344e-02   1.5869241e-03
   1.1656463e-03   2.7189317e-02   2.1171436e-05   1.2148841e-28   4.5575728e-19   1.9180408e-03   8.8997445e-04   1.3804519e-03   5.6111238e-02   1.4506861e-03
   2.5012002e-03   4.7258787e-02   1.2534643e-18   1.4713282e-21   1.1457612e-30   9.2127417e-05   5.4242827e-06   5.5073033e-03   1.5612046e-02   8.7533526e-03
   3.9525947e-03   3.0595242e-02   3.3538218e-12   7.4903427e-12   3.5422175e-34   7.8759377e-15   4.3504716e-10   2.4451184e-02   1.2199444e-03   3.4699288e-02
   3.7654209e-03   4.9250162e-03   4.3246484e-05   2.8144717e-05   1.5740022e-27   6.4017892e-14   2.2258876e-14   6.7407148e-02   6.5408030e-18   7.9903267e-02
   3.7116968e-03   5.4426927e-04   1.4925991e-03   4.3915759e-02   2.6877766e-10   8.2531443e-08   2.4765245e-11   8.0493831e-02   1.4651287e-30   8.4973195e-02
   3.8687691e-03   3.8920896e-04   2.7554760e-03   7.7412511e-02   1.2722562e-10   5.5591429e-02   1.4377625e-19   5.8536241e-02   4.3534101e-19   4.8303595e-02
   4.2843289e-03   2.9280393e-04   8.3056352e-03   4.4734867e-02   6.7803399e-19   1.5363674e-01   6.7270025e-14   2.3936114e-02   4.2211137e-09   8.6722619e-03
   4.9005627e-03   9.8545088e-05   3.9869644e-08   6.4853120e-06   1.1041746e-50   1.5878495e-01   1.7311373e-02   6.9129179e-03   3.5410578e-03   1.0450355e-03
   4.5303406e-03   3.7021516e-06   1.8283825e-02   4.6089979e-14   3.7320266e-11   4.9307195e-02   8.6096227e-02   8.1495548e-04   1.3553792e-02   3.2109111e-15
   4.2385081e-03   3.0608866e-04   1.6069976e-01   9.0531651e-11   2.5918874e-08   1.1603414e-02   7.6178162e-02   9.1765714e-05   1.5664998e-02   5.5507167e-17
   4.8027184e-03   8.0895143e-04   2.2111048e-01   5.0465830e-04   6.4918140e-14   5.3714644e-03   1.7808803e-02   1.5663717e-04   2.2411875e-02   1.5270614e-04
   4.1329191e-03   4.7285350e-03   1.4150153e-01   5.5662852e-07   3.5951181e-19   2.7212345e-03   1.6531566e-03   2.7816032e-04   2.6459749e-02   3.5314523e-03
   2.5712214e-03   2.4021954e-02   6.3128288e-02   4.7168893e-16   3.1341288e-19   3.6901075e-04   2.8638072e-04   2.1379861e-07   6.1810828e-03   1.1415146e-02
   2.1492651e-03   2.9774526e-02   2.6003870e-02   1.2524289e-11   1.1261874e-17   1.9947629e-04   6.4580247e-05   2.1196566e-09   1.7171285e-05   1.2698975e-02
   2.6405007e-03   1.7151734e-02   3.8707030e-03   1.2470919e-02   4.6404909e-22   2.0916571e-09   7.3678547e-08   1.6548418e-03   9.8499509e-06   5.7783039e-03
   3.1042399e-03   8.5750578e-03   5.3397795e-04   2.0929821e-02   3.9082100e-24   3.7102337e-09   3.3071212e-09   6.8814226e-03   1.7011147e-04   1.5050760e-03
   4.0054130e-04   1.3395911e-02   4.7944307e-15   2.1870178e-02   2.5678462e-04   4.4559833e-13   4.6325967e-05   1.6858255e-02   4.3695261e-22   4.8551431e-04
   5.7689326e-10   1.1220521e-02   2.4312286e-22   4.5951250e-02   3.3005978e-04   2.7406783e-14   2.5382268e-08   2.0448370e-02   1.9695422e-19   2.2988629e-13
   2.0032637e-03   2.7646092e-03   2.0040678e-04   1.2081159e-01   1.1353320e-16   9.6495863e-07   2.2977500e-05   1.2538027e-02   3.1464959e-04   9.1909189e-05
   2.1851211e-03   2.6087009e-03   4.9904573e-05   1.5930044e-01   1.2011054e-43   4.3204801e-03   3.9534454e-09   5.6961303e-03   1.2227064e-03   4.4558032e-06
   2.6378124e-03   2.2994288e-03   2.4609625e-15   1.2434366e-01   2.4795790e-13   1.7878513e-02   2.3800147e-20   1.9346333e-03   2.4768030e-03   1.0466103e-03
   2.3286085e-03   2.4199705e-03   8.0111459e-23   5.3910169e-02   3.4529055e-07   3.0878464e-02   6.7502277e-27   7.8821634e-04   3.8032577e-03   1.7769886e-03
   2.7666996e-03   3.6377896e-03   8.4127933e-04   5.4428648e-04   1.3975900e-07   3.8374266e-02   2.2694012e-05   8.1902322e-15   4.3182781e-03   8.3204460e-04
   1.3631871e-03   6.6515775e-03   8.5457055e-06   3.9527666e-19   1.6723860e-04   2.4828103e-02   7.8309535e-03   1.7052343e-37   1.5900672e-03   1.1460360e-04
   4.5394409e-05   1.2844350e-02   2.5275307e-04   4.4420115e-52   6.7897106e-04   5.0219319e-03   1.9865158e-02   9.3683290e-50   4.0647614e-10   2.5288772e-20
   6.2556336e-09   1.3360771e-02   6.1069389e-03   1.3908109e-33   3.7320841e-04   6.9790469e-04   1.5918231e-02   9.8397180e-48   3.8412158e-19   4.8531651e-38
   1.1500623e-03   6.2921874e-03   9.6458785e-03   4.4604701e-21   7.6801928e-05   5.1233788e-04   4.6450142e-03   1.1508946e-28   2.4613676e-09   6.7351917e-27
   1.7014612e-03   2.2005469e-03   4.1951840e-03   5.1976059e-14   8.1421421e-38   1.6836974e-05   6.2867732e-04   3.7218675e-04   6.3042960e-04   3.5198560e-07
   1.3434142e-03   2.4736661e-03   3.8734967e-04   6.9221879e-22   2.9839575e-15   5.4962886e-07   1.4028893e-04   9.3106681e-04   5.4550748e-04   2.9948672e-04
   7.9992793e-04   4.8667643e-03   2.1491227e-23   3.4158285e-23   3.2553146e-10   7.2333986e-07   3.7217062e-05   1.9294831e-03   2.2669934e-06   7.4115001e-04
   7.6379994e-04   4.3863988e-03   2.0693842e-20   1.8127992e-18   8.7934615e-05   2.7230742e-15   5.5918455e-06   3.5969574e-03   3.7704993e-04   5.9228517e-04
   9.5449199e-04   1.9420372e-03   1.0013669e-16   1.5170110e-04   4.1615055e-05   1.3719942e-17   4.0737668e-05   4.3532762e-03   1.1441786e-03   3.0798420e-04
   9.0896893e-04   1.3117957e-03   1.3260643e-11   8.2325737e-03   7.2993819e-11   6.6895408e-08   1.2575242e-04   3.1955113e-03   1.7709663e-03   6.8145040e-05
   8.8637387e-04   7.7316705e-04   6.9746951e-17   1.2626508e-02   6.2134956e-11   8.9264384e-05   2.7665083e-04   2.3347667e-03   3.0607042e-03   1.0789173e-04
   6.3608493e-04   1.6998542e-03   1.8911481e-11   1.0273576e-02   3.1373495e-06   4.2513960e-03   1.7586880e-04   1.0440099e-03   3.7486144e-03   1.2822871e-04
   4.4321988e-04   4.4910129e-03   1.3382254e-12   1.1072921e-04   8.0095738e-05   7.9511920e-03   3.7528234e-04   3.6256020e-04   1.7272745e-03   4.1241711e-04
   1.4962847e-04   8.9695991e-03   5.1607334e-16   2.1896327e-31   2.9047563e-04   9.4224658e-03   6.0681149e-04   1.6646846e-13   2.8194359e-04   1.0200909e-04
   3.7338571e-07   9.0623168e-03   2.8285995e-07   4.3040009e-41   5.4714379e-04   1.0943325e-02   8.8792620e-04   2.0762661e-22   1.8959117e-05   1.3519055e-03
   4.2602658e-04   5.4249342e-03   1.5124304e-03   5.3054917e-41   2.6811673e-04   9.6423456e-03   3.0561080e-03   1.0080987e-19   1.8299476e-04   1.9968876e-03
   1.2949102e-03   2.8336509e-03   1.5016771e-08   2.8445477e-26   1.5226573e-04   3.0117073e-03   7.3862120e-03   8.6066536e-20   6.3969278e-04   9.1507078e-04
   1.6106763e-03   2.9035418e-03   2.0222242e-04   7.9534569e-12   9.9083804e-12   8.6295750e-06   1.1005734e-02   1.9431574e-17   4.4172031e-04   2.5654746e-04
   1.4918104e-03   4.3457336e-03   6.0023676e-03   1.2284333e-09   1.0526375e-05   2.0020945e-07   7.8684918e-03   4.6889554e-14   4.1606303e-04   6.9324181e-05
   1.2216336e-03   5.8683845e-03   8.8721184e-03   2.2099512e-12   3.8539035e-04   2.8781650e-05   2.3613966e-03   4.0822284e-04   2.1306947e-05   1.9199558e-12
   1.2892891e-03   5.1985333e-03   3.8641019e-03   4.6082651e-16   2.4776883e-04   3.5873240e-10   2.6887201e-04   1.2402140e-03   2.1171087e-09   2.9191323e-19
   1.8998835e-03   4.5155234e-03   1.1809859e-03   4.9810579e-04   1.7648550e-05   2.0017646e-05   2.1030752e-05   1.3816933e-03   3.6599058e-09   9.1452124e-37
   1.4106892e-03   3.9656421e-03   1.1760157e-16   5.0975663e-03   4.3379992e-15   7.5542013e-12   4.1656309e-07   1.2987119e-03   2.5893245e-05   3.1057742e-27
   1.3853960e-03   4.3082183e-03   1.5502860e-04   7.4324194e-03   6.5993950e-04   4.8109452e-04   4.2921313e-09   6.3672954e-04   9.5789022e-05   6.7391720e-06
   1.2439162e-03   6.4925805e-03   8.7864575e-24   3.9622305e-03   8.4387103e-04   9.4884464e-04   1.5745860e-11   1.5951625e-04   2.2129677e-10   5.4581184e-09
   8.7471904e-04   8.2508112e-03   2.4691024e-07   5.7612286e-04   9.1183848e-04   1.7722394e-03   6.3359792e-09   1.5251348e-09   9.8748861e-15   1.3594860e-04
   9.8791807e-04   7.0126634e-03   4.4485143e-15   5.0162995e-27   1.1487851e-03   2.9666093e-03   5.3393525e-21   1.9632186e-20   4.2685274e-13   9.3964691e-05
   1.6308731e-03   4.8362288e-03   1.3152526e-44   7.1356687e-24   5.2642731e-05   3.4797242e-03   6.0888186e-23   1.0900181e-14   4.2444058e-08   7.9694608e-13
   2.2256611e-03   3.0195968e-03   1.5568467e-40   8.4007092e-32   4.2586326e-04   2.7250996e-03   4.9902927e-14   1.8213719e-12   2.0206226e-04   1.6235255e-24
   2.4277022e-03   2.3171152e-03   5.7962625e-16   1.5181970e-33   3.0738917e-04   2.1822668e-03   9.7877817e-13   1.3412814e-04   5.1190008e-04   5.2551290e-29
   2.1025904e-03   4.3615839e-03   8.4542334e-05   5.2214871e-38   2.9284962e-05   1.8848452e-03   7.8012478e-04   2.9559910e-06   3.2464299e-05   1.9881754e-31
   1.9182350e-03   6.0146310e-03   6.4322024e-04   3.7909663e-29   6.2898141e-04   7.4754201e-04   1.1838455e-03   5.6734721e-06   4.5503181e-07   1.9759211e-28
   1.5733482e-03   5.8131943e-03   2.6396444e-08   5.7741870e-15   3.7360909e-04   4.9767395e-06   2.1072323e-03   7.5976933e-04   6.8696828e-16   8.3778837e-22
   1.5652728e-03   5.1412019e-03   6.8039075e-05   2.9581150e-06   3.6015285e-07   5.8984613e-12   2.7864181e-03   8.8953347e-04   1.7677341e-06   9.4934373e-17
   1.4886358e-03   4.3077572e-03   2.6841290e-03   4.8535355e-08   5.5525563e-04   9.6309941e-14   1.6957663e-03   1.0195032e-03   4.7789086e-05   1.7833401e-11
   1.3573968e-03   3.6739482e-03   2.9566472e-03   4.0629856e-11   1.5486674e-04   6.9159411e-06   5.5046585e-04   1.1254696e-03   1.7672312e-04   6.5381519e-15
   1.3278926e-03   3.1469143e-03   8.5381848e-04   2.1962448e-12   1.8346878e-04   1.2295276e-05   2.7182514e-04   1.1183513e-03   6.0932466e-04   2.5710650e-11
   1.5486915e-03   3.5715062e-03   2.6114655e-07   3.6325116e-04   8.1249472e-04   1.3668932e-04   1.0705596e-04   8.8329930e-04   3.1602304e-04   2.0990778e-15
   1.7563783e-03   3.7989897e-03   2.1889072e-18   1.4130247e-03   7.9091937e-04   5.0639267e-04   4.5731863e-07   4.8055408e-04   7.3897915e-05   8.0410564e-31
   2.2562193e-03   3.3234403e-03   9.5689496e-22   1.3056120e-06   4.1321663e-11   1.7890300e-04   1.0084783e-13   4.4034749e-04   4.8083882e-06   9.1332560e-30
   2.6879494e-03   2.0474732e-03   6.7888628e-24   2.2996222e-04   4.1910183e-14   1.2800809e-03   2.0906622e-07   2.4794319e-04   3.2862830e-05   1.3844811e-27
   2.4577951e-03   1.7416807e-03   4.8587086e-24   2.6667821e-24   1.2859616e-09   2.2568388e-03   1.1236602e-23   1.4405368e-04   1.1646217e-04   1.1096934e-25
   2.5916861e-03   1.8085394e-03   4.6959470e-28   1.7107824e-19   3.5562140e-52   1.7145564e-03   5.1300386e-19   1.7510950e-04   1.4462287e-05   1.6413815e-32
   2.9979323e-03   2.1023467e-03   2.4919791e-41   4.1785578e-14   1.0801523e-10   1.1728041e-03   2.7851091e-14   2.5562728e-04   2.1631123e-09   2.9582676e-34
   2.7438148e-03   3.5215052e-03   7.1681612e-22   2.4812916e-17   8.4809000e-04   1.3483234e-03   7.1480951e-12   3.1867540e-04   5.4637912e-16   4.9127488e-34
   2.8219616e-03   4.7519269e-03   4.4372903e-04   1.8352649e-29   8.4503475e-04   1.1631674e-03   4.7688012e-07   2.9083341e-04   4.5507213e-17   6.0870918e-37
   3.3677865e-03   5.1807832e-03   9.3945832e-04   7.1262358e-27   3.3755106e-04   9.4579462e-04   2.7123508e-04   5.2652151e-07   1.1405643e-12   6.3470229e-36
   2.5255819e-03   5.3037313e-03   2.0593568e-03   3.1362420e-30   7.4444574e-10   4.5596877e-04   1.3248620e-03   6.8947127e-04   5.8061484e-14   2.2440547e-36
   1.9786470e-03   5.4193081e-03   1.9894734e-04   2.6696075e-24   4.2842566e-14   1.0640034e-05   2.3644384e-03   9.6218528e-04   6.8278640e-16   4.3164436e-38
   1.7864295e-03   7.2544904e-03   5.7515075e-04   6.5890490e-27   4.2792350e-05   7.2885683e-06   3.5658147e-03   7.0942631e-04   2.3388200e-20   2.5927302e-33
   1.5338132e-03   7.2622404e-03   5.3960145e-03   1.0904248e-25   3.9537801e-07   1.9896399e-05   2.6716517e-03   8.2903414e-04   1.1727210e-15   1.0925656e-30
   1.7766246e-03   5.6950275e-03   5.9674672e-03   1.4435698e-22   6.6598575e-05   1.1401776e-05   1.1277672e-03   5.9446615e-04   5.4062440e-15   3.5025736e-30
   2.3624657e-03   3.3506412e-03   3.5646073e-03   2.1712278e-03   2.4265392e-05   3.2701268e-04   2.4621333e-04   7.6285051e-04   1.4848755e-07   4.8778065e-26
   2.6633974e-03   2.6677490e-03   4.0960743e-04   2.8315033e-03   5.2184746e-04   4.8753953e-04   3.2211149e-04   6.2230934e-04   4.4581658e-06   1.2098992e-26
   3.0620318e-03   2.3324270e-03   1.0435340e-19   1.0346440e-35   1.1327923e-07   5.3014399e-04   1.2376758e-04   3.5330067e-04   8.7968770e-07   1.8740945e-35
   3.0201734e-03   2.5142002e-03   2.1298913e-25   1.0753283e-07   1.0300794e-22   1.3933649e-03   6.2299017e-05   4.6573681e-04   2.8126133e-06   3.0242338e-24
   2.5454511e-03   3.0083071e-03   1.3950776e-22   2.7931341e-21   1.3359682e-22   1.9394594e-03   1.3353021e-04   5.2592464e-04   6.0268036e-07   4.5492613e-29
   2.7946163e-03   3.3296244e-03   2.8728912e-27   1.9280262e-17   1.8725551e-04   1.2441022e-03   1.0871336e-04   4.6001413e-04   1.9319259e-07   4.1315938e-25
   2.5956089e-03   3.9103353e-03   8.1294602e-10   2.4426438e-10   1.4072287e-08   5.3205404e-04   3.5394071e-05   7.2167889e-04   2.7890243e-10   3.1103596e-22
   2.6180052e-03   4.4368961e-03   3.3893921e-05   4.5738609e-08   1.2764055e-14   3.6595574e-04   1.6411254e-04   5.2671625e-04   1.1215459e-16   3.8932493e-27
   2.5406350e-03   6.1323900e-03   8.7986594e-08   1.0367636e-14   1.0013678e-05   2.1251123e-04   2.3664917e-04   5.2965194e-04   2.2670675e-25   4.1309494e-34
   2.6932152e-03   5.8348189e-03   9.0620369e-04   5.1794744e-21   3.4323038e-05   2.3023570e-04   6.8651716e-04   4.9800523e-04   3.1821888e-22   2.1498522e-35
   2.6748117e-03   4.8626894e-03   1.0461082e-03   3.9556843e-17   7.4523737e-05   3.3617542e-04   1.2218499e-03   4.0710494e-04   1.3849499e-17   1.3999649e-31
   2.6467396e-03   3.5219018e-03   5.8643428e-04   1.4029477e-17   3.4161204e-06   8.3538681e-05   1.7894622e-03   4.8989164e-04   6.9040569e-18   6.4426176e-34
   2.1090988e-03   1.9844127e-03   8.9095208e-11   2.0299982e-03   2.4733323e-04   1.0781503e-06   2.5075014e-03   7.0723466e-04   8.3078688e-16   2.1708982e-37
   2.1579767e-03   1.7343685e-03   3.0909455e-04   4.6607727e-03   1.7779543e-05   2.5492264e-11   2.2532086e-03   5.6794381e-04   7.5892983e-17   1.4246668e-49
   2.1086468e-03   1.5896946e-03   3.5914451e-03   4.6294016e-03   3.5106759e-10   1.8405687e-05   1.0037391e-03   2.0897293e-04   2.7135024e-21   4.3078615e-39
   2.4804973e-03   1.1073847e-03   3.9772990e-03   8.3286214e-04   1.8544054e-08   7.8545190e-05   2.7504964e-04   1.2180081e-04   6.2749105e-10   1.3437673e-26
   2.6975683e-03   1.2268467e-03   1.3229800e-03   1.0788595e-04   2.5122486e-20   3.7959498e-04   2.9408076e-05   2.7551494e-04   1.9808635e-16   2.6710067e-24
   2.5383405e-03   1.8325162e-03   6.2437456e-04   7.8634569e-10   2.5377493e-17   2.9434057e-04   1.4874905e-05   2.1858979e-04   4.3394471e-24   4.1049364e-19
   2.5506500e-03   1.7538765e-03   1.4210602e-03   3.5384471e-12   2.1348226e-17   4.9692415e-04   6.4355706e-06   2.4871082e-04   1.4774054e-25   2.3474849e-22
   2.8733090e-03   1.7516254e-03   8.4987041e-04   2.5335154e-03   1.8242068e-26   3.8561693e-04   2.2212586e-06   4.5717122e-04   1.7490037e-21   2.3563352e-17
   3.0620356e-03   1.5674653e-03   1.4883411e-04   4.4099438e-03   3.2922125e-21   5.1592371e-04   8.0711155e-05   3.1209050e-04   1.7590559e-21   5.3259032e-25
   2.5720489e-03   1.3620580e-03   1.9409378e-03   5.0497203e-03   2.9908090e-08   7.8945029e-04   7.3797462e-05   4.6379278e-04   2.6201942e-22   3.1692197e-15
   2.4824788e-03   8.5945231e-04   1.9685887e-03   4.3061283e-03   1.0794393e-15   3.9929683e-04   9.1265000e-05   6.4393720e-04   1.1274730e-22   6.4488803e-05
   2.8551363e-03   5.9741669e-04   1.4008398e-03   1.5281064e-03   1.3199632e-21   2.3119017e-04   1.3721828e-04   6.3522244e-04   2.5793439e-20   3.6716987e-05
   2.9265513e-03   7.1583743e-04   4.1737879e-03   4.2798061e-04   4.0332762e-22   1.8969787e-04   3.3086649e-04   5.1696549e-04   7.4389721e-16   1.0377340e-08
   2.7376918e-03   6.9572326e-04   4.7612277e-03   1.9654018e-03   4.4413235e-32   4.1166478e-04   6.0558118e-04   4.3823789e-04   1.8165432e-11   2.3789020e-16
   2.9453348e-03   2.4803890e-04   4.7358688e-03   8.2762847e-03   1.7198427e-30   5.4759880e-04   7.5641825e-04   4.3252291e-04   1.2575766e-16   2.5676893e-20
   3.1611582e-03   2.5232440e-04   5.3483411e-03   1.2630175e-02   4.5505631e-38   5.2753380e-04   1.0398028e-03   2.9480584e-04   9.3079869e-12   7.4356557e-17
   3.2408252e-03   2.9127801e-04   2.6736528e-03   1.2153669e-02   4.1698938e-31   9.3466552e-05   1.4847079e-03   2.0850565e-04   4.7427185e-12   2.8756639e-30
   3.9067163e-03   4.5666458e-04   6.1750680e-03   7.0658797e-03   2.3035310e-49   6.9146414e-06   2.2361748e-03   1.1822304e-04   3.3450809e-12   5.8439759e-34
   4.1153497e-03   4.6167291e-04   1.0421599e-02   3.6860569e-03   6.4169677e-37   1.1383303e-04   1.7109351e-03   3.0043251e-04   1.9281041e-13   3.0244364e-24
   3.9158689e-03   4.2866411e-04   7.6377095e-03   3.0894941e-03   1.7307398e-33   9.0567963e-05   1.0128851e-03   2.0984589e-04   3.7695383e-09   1.3938429e-27
   3.8808898e-03   9.5534709e-04   2.8774454e-03   2.1784961e-05   2.1490728e-46   1.0765787e-03   1.6932156e-04   1.3185701e-04   1.5313548e-11   2.1781955e-21
   3.8470323e-03   8.1520934e-04   1.4394197e-03   3.2970780e-06   2.8856475e-34   6.1543375e-04   7.7368955e-05   1.8424723e-04   1.3668179e-10   2.2710274e-20
   3.8011973e-03   5.3146140e-04   1.2741692e-03   4.3354052e-10   2.1577490e-32   1.4081717e-04   1.1317000e-04   2.8360072e-04   1.5699115e-05   1.4036600e-14
   3.5873584e-03   3.6064300e-04   2.9850405e-04   5.1767278e-20   3.7413846e-49   1.9702792e-04   1.6496165e-04   3.7120072e-04   7.7292074e-05   1.7254296e-13
   3.4575501e-03   4.4130755e-04   3.0145132e-25   5.8779268e-04   6.2952930e-39   2.0017040e-04   3.2873298e-05   3.4748163e-04   4.0637196e-05   3.3350989e-13
   3.2711022e-03   4.5304920e-04   7.9919006e-13   4.2238294e-08   3.4369264e-45   6.5001349e-04   1.5911286e-05   4.1701498e-04   5.2815512e-05   1.3497799e-13
   3.2603504e-03   4.4461717e-04   6.1062916e-15   7.2059481e-24   2.1952745e-32   1.4278323e-03   3.2148978e-05   3.5746879e-04   3.2679524e-08   3.9839806e-14
   3.1966130e-03   3.4083897e-04   4.0468938e-06   2.6299509e-16   3.1004122e-19   1.9099045e-03   1.3594628e-04   5.2827262e-04   5.6845551e-07   1.8349896e-14
   2.9167335e-03   4.0876364e-04   1.5305614e-04   8.4258496e-05   1.6047059e-23   3.3864353e-03   4.5715813e-05   4.2552308e-04   1.8470118e-09   3.1714255e-16
   3.0934901e-03   2.3244915e-04   3.0423569e-07   1.2858892e-03   5.2905222e-25   2.2038518e-03   3.0838872e-04   2.5175077e-04   8.8735983e-05   2.4855165e-10
   3.0633353e-03   2.5354281e-04   1.2796189e-03   8.5430537e-22   4.5249281e-19   1.1195106e-03   3.5573184e-04   2.3564725e-04   3.7170053e-05   1.7935859e-05
   3.2350572e-03   3.6561150e-04   4.0014289e-04   1.2218140e-04   1.8356558e-33   4.4240372e-04   1.2423172e-03   1.9964822e-04   1.0820537e-08   8.3508024e-08
   3.3515725e-03   5.7035169e-04   4.2506725e-07   2.2135700e-11   1.3401462e-42   7.0324445e-05   1.5554227e-03   1.8424924e-04   5.6642580e-10   3.1992382e-12
   3.5622962e-03   6.8594506e-04   3.1458752e-04   1.4927535e-37   2.0098144e-32   8.2406395e-04   1.3455619e-03   1.5414408e-04   1.7119785e-05   3.1050249e-19
   3.3346059e-03   5.5101111e-04   1.9284150e-03   5.8880757e-18   2.2023896e-35   4.0557615e-03   1.3754073e-03   2.5473443e-04   2.9472147e-05   4.7591953e-18
   2.9472300e-03   5.9084624e-04   1.8299814e-03   1.1590918e-07   7.7278829e-21   6.3566753e-03   7.9996571e-04   4.9329952e-04   1.5218259e-04   2.1158581e-16
   3.3132481e-03   5.7005223e-04   7.3345967e-08   2.9477567e-17   2.3251106e-21   3.9396922e-03   2.7039322e-04   4.9941963e-04   1.4370650e-04   1.5249830e-05
   3.3105499e-03   5.6839820e-04   1.2426824e-11   1.6658406e-24   5.7512759e-24   2.6356231e-03   2.1403455e-04   5.1574544e-04   4.7974554e-05   2.4791905e-04
   3.2691033e-03   6.8325694e-04   7.2484436e-06   5.7584949e-17   2.2607028e-23   1.3122377e-03   3.6053381e-04   5.0184715e-04   1.1143597e-05   4.8865325e-04
   2.9445375e-03   5.3656950e-04   6.6450030e-06   6.5754039e-15   7.1978442e-05   3.1327897e-04   4.4836984e-04   6.6400442e-04   2.4408204e-04   5.8456179e-04
   2.5006004e-03   9.4283411e-04   2.4990701e-12   6.5681283e-18   5.0682068e-04   1.3302406e-03   4.5788165e-04   6.4283525e-04   1.7390488e-04   6.0043272e-04
   2.5685850e-03   9.4410409e-04   1.0532501e-14   5.5756410e-22   8.6450451e-05   1.3078320e-03   4.7208672e-04   7.3063940e-04   1.6999294e-04   2.8435687e-04
   3.4383708e-03   5.3636087e-04   1.4560319e-10   4.2414721e-09   1.4328200e-04   1.6582277e-03   4.8093280e-04   6.1587559e-04   2.5323040e-04   2.4311431e-04
   3.4106880e-03   6.1093415e-04   9.9596444e-05   1.3267203e-05   1.9244477e-27   1.4626495e-03   5.7965008e-04   5.6301764e-04   3.1646998e-04   1.5131718e-10
   3.1000896e-03   1.0975419e-03   7.4189198e-05   4.3100155e-17   1.8981270e-18   1.1429841e-03   1.0385131e-03   4.0233423e-04   2.9198003e-04   3.7531697e-04
   2.4239010e-03   1.4990596e-03   1.8436212e-05   6.5551996e-05   1.0732259e-21   1.0497415e-03   7.2805017e-04   4.5442596e-04   1.3262340e-04   9.2958215e-04
   2.7013328e-03   9.4665642e-04   9.3413608e-05   1.4366599e-03   5.0693472e-31   1.9573160e-03   8.2349302e-04   4.5375710e-04   1.5760626e-04   1.6358782e-03
   2.5852599e-03   7.0818590e-04   2.2864155e-08   2.2172070e-04   1.3081515e-23   1.2771857e-03   1.0228058e-03   5.5235986e-04   1.4208830e-06   2.0468158e-03
   3.3930351e-03   7.7446834e-04   8.4570696e-05   1.4302169e-18   1.5909054e-07   2.8421508e-04   9.0586035e-04   2.5451524e-04   7.7171249e-05   1.0699024e-03
   3.6742596e-03   7.4654287e-04   2.4887621e-08   8.7200701e-17   5.3833572e-10   2.4749140e-03   9.8857087e-04   2.8280337e-04   1.9341937e-04   6.4557455e-04
   3.9493395e-03   5.8077645e-04   3.2972916e-03   4.8159590e-32   4.7808131e-31   4.1435571e-03   7.4396528e-04   2.3227702e-04   1.4760989e-04   9.8449224e-04
   3.5509329e-03   9.0304944e-04   5.0643536e-03   3.4037029e-08   1.4762326e-31   4.7318346e-03   1.7412667e-04   2.3052912e-04   1.0051488e-07   1.5574614e-03
   3.5683647e-03   6.6929573e-04   4.0215329e-03   3.5235309e-15   1.1534970e-22   1.1495102e-03   4.5140951e-04   1.9951655e-04   1.3269064e-06   1.0576833e-03
   2.8127579e-03   6.3001453e-04   3.7208138e-03   7.0810665e-15   4.1030577e-28   2.4420368e-04   7.6939508e-04   3.9733637e-04   7.7248519e-06   2.2126861e-03
   2.9931201e-03   4.8589483e-04   1.5472008e-03   2.1590649e-15   1.9897359e-21   1.9036249e-03   5.1908878e-04   6.1116690e-04   8.8863969e-07   1.7978689e-03
   2.6384801e-03   9.5625551e-04   2.0722930e-09   9.7807466e-05   1.3599522e-10   1.1720293e-03   6.0149121e-04   6.3074867e-04   2.0752354e-06   1.1666713e-03
   2.5587312e-03   1.3528532e-03   5.7776297e-05   1.3642690e-03   2.0821036e-10   7.4321086e-04   1.1023128e-03   5.5123674e-04   6.0561465e-05   1.1802431e-03
   2.7060360e-03   1.2637864e-03   1.0303112e-05   6.3062238e-04   3.2949719e-09   3.2602761e-04   1.1221601e-03   5.4543565e-04   3.7886487e-05   1.7749495e-03
   2.8465085e-03   1.2196757e-03   1.0309417e-03   7.5553910e-11   6.0463995e-30   7.6705697e-04   5.7145920e-04   7.0604810e-04   6.0447540e-06   1.5972277e-03
   2.9811036e-03   9.5607059e-04   7.3075656e-04   9.3910648e-04   3.1831992e-38   8.1747317e-04   7.3234362e-04   6.5319367e-04   2.6614293e-05   8.0243821e-04
   2.5663705e-03   1.2363653e-03   2.3013645e-03   6.1492855e-14   1.7249164e-15   6.3776336e-04   7.6863329e-04   7.3542791e-04   6.7983841e-11   7.5462383e-04
   3.1825715e-03   1.4015875e-03   4.4366662e-03   6.7175711e-06   6.9173953e-30   2.6592391e-04   8.4218015e-04   5.8676882e-04   1.8727867e-04   4.9136947e-04
   3.8157982e-03   6.8268365e-04   1.5350245e-03   7.2717436e-05   1.2693416e-24   1.7799232e-03   7.4952239e-04   5.2509506e-04   2.1875093e-04   9.1896563e-04
   3.3628866e-03   1.2297701e-03   3.8077988e-03   8.9427744e-11   8.9202336e-05   5.7118075e-03   1.3318433e-03   4.7741861e-04   3.1974735e-06   6.7171955e-04
   3.5273594e-03   9.0491927e-04   4.5195594e-03   2.9558339e-03   3.3633715e-15   6.9129690e-03   1.6730876e-03   4.4630622e-04   8.1670462e-05   4.7199720e-04
   3.9852259e-03   5.9192010e-04   1.6073409e-09   3.8083109e-03   8.1221789e-22   4.2734443e-03   1.1112191e-03   5.2038085e-04   1.9616094e-04   7.5251072e-04
   3.1378674e-03   1.4769031e-03   1.8984703e-03   5.1365106e-03   4.7820085e-15   3.5419028e-03   2.4245691e-03   3.9586730e-04   1.0425358e-05   1.2935099e-03
   2.5494949e-03   1.3687754e-03   6.9797482e-03   1.2066101e-03   1.0625858e-19   2.1752707e-03   2.2422624e-03   4.9287572e-04   3.0422141e-04   1.4497028e-03
   2.2019798e-03   2.6615153e-03   5.8831886e-03   2.0471144e-07   6.0330253e-19   1.1627813e-03   1.4991371e-03   3.7857408e-04   6.7791257e-05   1.5180651e-03
   2.4491364e-03   2.6698249e-03   3.5267528e-03   5.9659061e-03   1.9901306e-30   2.3603334e-03   8.9917260e-04   3.7962318e-04   4.0015731e-06   1.5417604e-03
   3.1877185e-03   1.8974331e-03   2.2346007e-03   6.8407995e-03   1.8467898e-28   3.2392873e-03   4.7565132e-04   7.6840130e-04   9.6361744e-07   7.5539946e-04
   3.3464296e-03   2.0098454e-03   1.2934630e-03   4.1825942e-03   1.0085233e-45   3.4816711e-03   4.6293438e-04   6.9601351e-04   9.0604275e-06   1.0700223e-03
   3.1685135e-03   2.2062939e-03   9.5748015e-08   2.6326668e-04   6.2274907e-15   2.7989545e-03   8.4890751e-04   5.4050850e-04   8.8632313e-05   1.6915985e-03
   3.0840050e-03   2.7665066e-03   5.7374035e-04   9.1484798e-20   1.0688301e-04   1.5660944e-03   8.8908954e-04   4.1551945e-04   1.9328593e-04   2.1996690e-03
   2.9723863e-03   2.3111944e-03   7.9929304e-08   8.7759079e-05   3.4568353e-15   1.0063322e-03   1.1528111e-03   4.4315372e-04   9.9028502e-05   2.2037064e-03
   2.8727447e-03   1.7818413e-03   1.4042427e-04   2.5556633e-03   3.2012856e-31   2.4454007e-03   9.1080398e-04   3.8320506e-04   5.7720788e-05   2.6398034e-03
   2.6027779e-03   2.0299127e-03   3.6506704e-20   5.5190014e-08   3.1431530e-19   2.3953183e-03   1.1938277e-03   2.9576946e-04   2.7134287e-05   1.8683415e-03
   3.2579369e-03   1.5678726e-03   1.2432926e-18   4.3256722e-05   6.2997392e-20   9.7139416e-05   8.7143996e-04   4.6693036e-04   9.3455758e-05   1.6751533e-03
   3.8167618e-03   1.3364360e-03   5.7029940e-15   1.0095491e-10   1.3377372e-18   1.4307736e-03   1.2039948e-03   5.2158891e-04   1.0234556e-04   1.2305391e-03
   3.3969831e-03   1.6704473e-03   1.8274574e-07   3.5372065e-17   1.5339333e-21   2.0941353e-03   2.7913150e-03   4.4799809e-04   2.9577910e-06   4.4355943e-04
   3.4999474e-03   1.4475549e-03   1.9630740e-12   3.8376300e-06   7.6497215e-38   6.8764386e-04   2.8753529e-03   5.2141273e-04   6.1840020e-06   4.9160429e-04
   3.7218977e-03   1.2726755e-03   1.9120249e-21   2.6003443e-19   1.4384939e-33   4.9107861e-04   2.0341571e-03   2.0480998e-04   4.7599303e-05   6.5037330e-04
   3.2532970e-03   1.3700602e-03   2.3632470e-09   4.1408133e-15   5.6514993e-25   1.2522401e-03   6.9086138e-04   1.1092904e-04   1.4238464e-05   6.7323657e-04
   3.5281227e-03   1.4079333e-03   1.1311959e-03   2.8088657e-04   2.2558392e-41   7.7273060e-05   7.0766805e-04   9.1529334e-05   2.2861292e-13   2.9631051e-04
   4.0481195e-03   1.3624343e-03   8.1063486e-04   7.4456719e-05   2.2903475e-21   3.7854139e-06   5.7033352e-04   1.1761812e-04   5.2863713e-09   3.1455792e-05
   4.2671938e-03   1.0441467e-03   4.8055375e-04   3.5355359e-11   1.2409601e-23   4.6734294e-04   4.9053995e-04   1.3429141e-05   2.0179689e-10   3.9541811e-14
   3.5983965e-03   6.0097236e-04   7.1000033e-06   2.9883563e-15   1.8948671e-16   5.7102844e-04   5.2866493e-04   1.1906823e-04   2.8829743e-06   2.4101602e-08
   3.3835180e-03   7.6379275e-04   7.3307232e-19   2.7582669e-04   4.9646249e-04   1.0503422e-04   2.9266255e-04   9.1266099e-05   8.5309996e-06   2.1685351e-04
   3.5720609e-03   8.4351049e-04   3.7139686e-34   2.9414919e-04   6.4540690e-10   3.6826821e-04   2.4122854e-04   1.2110104e-05   8.7368359e-10   3.4069560e-05
   3.3093983e-03   4.9638383e-04   3.5847766e-40   4.3711276e-10   1.7853067e-26   3.6433607e-07   3.3650910e-04   7.6953591e-05   3.2349996e-10   1.1438532e-04
   3.0155702e-03   3.8016977e-04   4.0616152e-17   2.8185544e-23   1.2862126e-10   1.7144310e-06   3.2480631e-04   4.2611440e-05   1.6095522e-07   8.1086598e-05
   3.3658240e-03   5.2612409e-04   2.8388635e-14   2.2674486e-43   4.2302303e-15   1.6098420e-06   2.0106815e-04   1.1788281e-05   1.4510566e-09   8.3505080e-12
   3.1004711e-03   6.1515950e-04   5.3839140e-08   9.8706286e-26   8.3214166e-12   6.0204396e-12   1.0059807e-04   3.0399021e-05   4.3310016e-09   1.0317293e-07
   2.9464590e-03   5.0222848e-04   9.2639742e-10   7.5406304e-34   2.0661834e-05   1.6073500e-04   1.6760122e-04   2.3410381e-10   6.7266327e-12   2.7055130e-08
   2.7270234e-03   4.6796503e-04   2.6234340e-10   4.5695977e-04   1.0422149e-04   1.1110352e-04   6.9003531e-04   9.1538299e-06   2.0122126e-08   1.3331724e-16
   2.3876171e-03   6.1664948e-04   2.9320245e-23   1.9596969e-07   4.5580856e-10   1.0710713e-10   7.7546139e-04   5.0417411e-15   6.8081956e-06   3.9341591e-08
   2.0830942e-03   5.9192079e-04   3.3381008e-29   5.8615499e-07   1.1635591e-30   3.0094552e-18   1.0636501e-03   1.6363022e-06   9.1058263e-06   2.1480707e-05
   2.0996023e-03   4.6547844e-04   1.5608597e-15   5.2360167e-04   1.7954751e-14   8.7160633e-13   1.0984794e-03   1.0865873e-05   3.8035110e-07   5.5195304e-06
   2.2531444e-03   4.1653456e-04   3.9909232e-11   6.9826338e-05   6.0948998e-11   1.5085980e-06   8.1258428e-04   4.9081936e-06   5.4010377e-06   1.1205861e-10
   2.3866852e-03   3.3008473e-04   7.7097651e-04   5.1035072e-14   4.1513238e-11   5.3788633e-07   2.3840246e-04   6.1230038e-06   2.9285918e-07   1.2754648e-12
   2.2093365e-03   3.5398356e-04   5.9758245e-04   1.5323148e-10   2.3666526e-13   1.0832604e-08   6.4525755e-05   2.7257952e-05   4.3518016e-13   2.3343374e-09
   2.0574720e-03   2.0599258e-04   3.1426816e-04   3.9466541e-04   2.5640587e-20   1.7595244e-06   1.0590180e-04   2.8052092e-05   1.2626675e-11   9.9349900e-11
   1.8363588e-03   3.2399015e-04   1.6464017e-04   4.0247769e-04   6.5783082e-21   3.6084485e-05   8.9948113e-05   6.0158359e-06   7.6714810e-09   9.9344065e-08
   1.6880047e-03   4.0013192e-04   1.4358335e-06   1.2109108e-05   2.1675902e-04   8.1800820e-05   2.0121447e-04   3.6415617e-05   4.3073466e-12   3.7397667e-09
   1.4954818e-03   4.6277856e-04   7.8574357e-14   4.3638280e-27   7.8472087e-04   6.5792690e-06   3.4473076e-04   5.2778780e-05   1.7741271e-10   7.2855560e-06
   2.0217093e-03   3.4375690e-04   8.5923475e-27   8.7245301e-07   2.6056568e-04   6.2763946e-05   2.0145627e-04   3.1969029e-05   5.7387356e-10   6.8069113e-09
   1.8224999e-03   2.4495774e-04   5.0091437e-08   4.9526243e-04   4.2994065e-07   2.2782220e-05   3.3685330e-04   2.9662295e-05   4.3508752e-08   5.5841427e-06
   1.4609671e-03   3.9918578e-04   2.3543818e-05   2.9958897e-07   3.2200768e-04   1.0103124e-04   4.1650852e-04   5.2258921e-05   6.7267988e-08   4.9162719e-07
   1.5382670e-03   4.0192471e-04   5.2418931e-10   2.6778865e-04   1.0000507e-04   6.4327811e-04   2.5922900e-04   3.5268980e-05   3.8740633e-07   2.7611259e-05
   1.6378000e-03   3.5272717e-04   1.5519441e-10   9.3444279e-04   3.3414677e-05   4.1032181e-04   2.1332907e-04   8.7808851e-07   2.2013521e-07   9.5622399e-11
   1.6580974e-03   3.4123833e-04   1.0204094e-10   1.2126912e-04   1.6948293e-04   6.0786614e-05   2.8411578e-04   8.4369957e-06   6.4451798e-08   1.7853751e-10
   1.6571757e-03   2.5201692e-04   6.0887856e-15   7.5892669e-04   3.8515387e-04   3.8882285e-18   1.2455846e-03   7.3720712e-06   4.7838069e-11   2.4699568e-14
   1.8774867e-03   3.0518851e-04   3.1802813e-23   1.2198532e-03   2.5572054e-04   1.7495980e-12   1.8081157e-03   1.1054199e-05   5.7271377e-17   9.5770886e-21
   1.7691078e-03   3.3205624e-04   2.2865874e-23   1.4773463e-03   3.4457018e-04   5.7015988e-07   1.7534719e-03   1.0197621e-06   1.5364308e-17   1.0045503e-19
   1.5944123e-03   3.3341792e-04   1.2332510e-15   9.1636751e-04   4.2969907e-04   5.7174620e-07   1.1089167e-03   1.8092460e-08   2.3330457e-08   3.5515284e-19
   1.7434369e-03   3.5444958e-04   1.0190411e-04   1.1335188e-03   7.1278781e-11   1.3116888e-17   6.4390744e-04   2.4131613e-05   3.1362707e-09   5.8486908e-09
   1.9601894e-03   3.2815638e-04   4.0411784e-07   1.6289975e-03   7.1617555e-22   1.4050746e-05   5.1540272e-04   3.1989127e-05   3.1310378e-09   2.3981716e-18
   1.9614081e-03   2.6125105e-04   5.7011063e-07   1.0122228e-03   9.9095163e-22   1.2605132e-04   4.0124445e-04   5.4338248e-05   1.4151454e-08   2.6247174e-09
   1.6969228e-03   2.4059619e-04   1.5408703e-04   1.9401103e-07   4.8757945e-12   9.9698649e-08   2.8653563e-04   1.0298769e-04   3.2911905e-05   5.3449821e-15
   1.7332660e-03   2.3456910e-04   7.7671610e-07   4.1152220e-17   4.2720487e-04   6.1436311e-07   1.1831686e-04   1.0078107e-04   5.6166002e-05   1.5839901e-15
   2.0473559e-03   3.7924534e-04   8.1020591e-15   4.2413493e-04   4.7926700e-05   1.0499865e-05   1.1811482e-05   5.3739395e-05   1.6706862e-10   1.1706378e-17
   2.0457635e-03   4.5874070e-04   2.8000667e-05   3.4210205e-06   6.2691205e-23   1.8653930e-05   3.5565844e-05   6.0612228e-05   2.4750665e-11   9.5665750e-19
   1.7574722e-03   4.4536942e-04   6.6198120e-05   9.7518776e-14   1.0498509e-23   1.8997744e-04   1.4298223e-04   7.1883691e-05   8.6929615e-07   1.7682773e-19
   2.0428999e-03   3.4113843e-04   1.3215152e-05   4.4724649e-04   7.0593585e-21   3.3617627e-04   1.5233836e-04   1.8492946e-05   1.7212492e-12   1.1087109e-16
   1.9529020e-03   4.3406209e-04   2.7487195e-12   2.6308018e-06   1.3983355e-16   3.0945475e-04   7.9599449e-05   3.9644991e-05   1.4579760e-09   9.2433961e-11
   1.6603690e-03   6.1345129e-04   5.0444644e-07   1.0085213e-03   8.2461598e-08   3.5251442e-09   2.3560212e-04   6.1865747e-05   1.3475650e-05   1.5863127e-08
   1.5759149e-03   5.6613076e-04   5.4589845e-07   1.2472104e-03   2.2514972e-04   2.7820472e-05   2.5067814e-04   2.4977367e-05   3.0562506e-05   9.9979920e-06
   1.5629943e-03   3.5380515e-04   2.8313911e-15   5.5028122e-04   3.6143557e-04   6.4122508e-06   6.2302109e-04   6.8152554e-05   5.8380649e-06   3.2649509e-06
   1.7050029e-03   4.0159674e-04   1.1827605e-18   1.5779149e-03   2.7890014e-04   1.7934531e-04   1.0372240e-03   5.7515957e-05   1.6387219e-05   1.4949846e-17
   1.7239045e-03   3.2318167e-04   2.2905614e-05   2.3261948e-03   4.0299532e-04   3.2938012e-05   7.5307474e-04   4.6083104e-05   1.1984630e-04   2.1747087e-15
   1.6256800e-03   4.0973140e-04   1.1968240e-04   1.3610200e-03   4.4522531e-04   8.1717403e-07   2.2676039e-04   8.4396838e-05   1.6991076e-04   1.2485534e-09
   1.6650961e-03   5.3294403e-04   1.5068853e-03   3.2898415e-04   1.5047805e-04   2.0873294e-04   1.1861915e-04   1.0761466e-04   2.2779988e-05   1.7141492e-14
   1.7702935e-03   5.2945705e-04   1.7363850e-03   2.0283776e-12   1.9426753e-04   4.1654723e-04   2.7432374e-05   1.1225589e-04   1.1022455e-11   5.4906176e-07
   1.6871623e-03   6.9654948e-04   2.0180817e-03   8.3606520e-10   3.7970310e-04   2.5836774e-05   7.4024453e-05   1.3428660e-04   9.7427469e-05   3.8893846e-05
   1.8395930e-03   5.3293679e-04   2.4686119e-03   2.1598254e-03   1.4127075e-04   6.3498410e-05   1.5073223e-04   1.4119213e-04   1.9178294e-04   3.9826022e-10
   1.9667027e-03   4.0682417e-04   8.6820551e-04   1.2876825e-03   3.0968927e-17   7.3577159e-04   1.7082316e-04   1.5897493e-04   1.4695094e-04   8.7807209e-06
   2.1002993e-03   7.1680462e-04   1.0902163e-04   1.9461866e-04   1.4398740e-16   6.3945745e-04   1.8399877e-04   1.3221598e-04   1.7016376e-04   4.6930003e-13
   2.0146412e-03   1.0067634e-03   9.4775234e-04   6.3888016e-04   5.4964328e-21   7.9459637e-04   6.2737085e-05   8.3363996e-05   2.4427421e-04   7.4532255e-08
   2.0644537e-03   6.7693781e-04   1.1574331e-03   5.0530187e-12   2.9359840e-20   6.2948289e-04   1.3689839e-05   1.4626912e-04   2.4422615e-04   8.0017485e-05
   2.6322631e-03   9.3585413e-04   6.0769890e-05   2.2542949e-03   2.5636453e-16   2.8355034e-04   1.0882078e-04   1.0140056e-04   7.3846277e-07   1.7784445e-06
   2.3904920e-03   1.1281918e-03   4.5443008e-07   3.8633719e-03   1.7270096e-08   3.2062913e-04   2.8658781e-04   4.4727766e-06   3.9930319e-07   9.0780956e-07
   2.0961567e-03   9.1207287e-04   8.1990755e-04   4.9952738e-03   4.0383930e-07   3.6893073e-04   2.2872239e-04   8.6080326e-05   1.5464799e-06   1.0934127e-06
   2.5343723e-03   7.6409152e-04   1.1401173e-03   9.8362059e-03   4.5668696e-14   3.3406689e-04   2.4413584e-04   8.4701761e-05   1.9916701e-05   6.7800100e-05
   2.8466109e-03   8.1311590e-04   3.3619444e-04   9.9423117e-03   1.8653352e-13   2.2362237e-04   8.1118151e-04   1.1327570e-04   3.3468604e-10   7.3168155e-20
   2.8457225e-03   1.0304228e-03   3.4061730e-04   5.0115378e-03   3.8530928e-21   2.1576421e-04   1.2257313e-03   6.4772605e-05   1.4144832e-11   4.5605105e-07
   2.9222047e-03   1.1862794e-03   4.2879895e-04   6.3663858e-03   2.7177440e-38   8.0453437e-04   7.9473820e-04   7.7533850e-05   7.0758237e-11   2.2192529e-09
   3.1644284e-03   1.0454637e-03   1.8570171e-03   3.5767291e-03   3.2885651e-34   1.4594620e-03   2.6923569e-04   2.3757237e-07   1.9816246e-17   2.2321761e-12
   3.1885975e-03   8.7658872e-04   3.0845328e-03   1.7415460e-03   2.3682219e-21   1.3736523e-03   8.5079831e-05   4.6830003e-11   3.5336898e-21   3.4421861e-10
   3.0465452e-03   1.0240739e-03   3.8157471e-03   3.4479511e-03   2.1650248e-11   7.3430030e-04   1.0640605e-04   2.6142143e-05   1.6389216e-18   6.7632115e-06
   2.6805162e-03   1.3591034e-03   5.2299312e-03   2.6531126e-03   4.2625285e-04   2.3879954e-03   2.6795258e-09   1.2459506e-12   1.9152151e-15   1.6284428e-04
   2.9517906e-03   1.1549757e-03   4.0930888e-03   3.6310036e-13   1.6279822e-15   2.9530950e-03   3.9628091e-15   1.1766474e-10   1.0261098e-15   2.9187824e-04
   3.2504076e-03   1.7091341e-03   2.0370948e-03   1.3191721e-03   9.6554523e-30   3.2648601e-03   2.8846162e-14   1.4160861e-13   2.0589391e-20   3.5218159e-04
   3.5494517e-03   1.6708040e-03   1.1340585e-03   7.0826158e-36   9.5320496e-26   1.4740193e-03   6.2094339e-05   4.6013150e-17   6.0350659e-25   9.2233371e-04
   4.0426942e-03   1.9597377e-03   1.4833381e-03   1.2883283e-09   7.8816098e-31   2.6331168e-03   3.6728253e-15   2.8154122e-14   1.1506189e-24   1.2009762e-03
   3.7418801e-03   1.9206316e-03   3.3657358e-04   9.9131246e-04   3.2862505e-22   2.5121927e-03   1.4277368e-11   2.7803954e-13   1.5893524e-21   2.5126299e-04
   3.4510894e-03   2.2505880e-03   1.2736071e-03   6.2380574e-04   2.7566635e-17   1.2042552e-03   1.8080079e-09   4.2062007e-08   3.6329238e-15   4.6539057e-06
   3.4206169e-03   2.8747669e-03   1.9159894e-03   3.7865577e-08   3.0535416e-35   7.5886105e-04   5.7252689e-05   2.0076576e-06   9.9342779e-14   6.7116768e-15
   3.8939226e-03   2.4440976e-03   5.6290685e-04   2.9462302e-15   3.8378758e-17   1.8701398e-03   2.5568308e-04   2.4321599e-12   1.0880242e-15   1.0609531e-05
   3.6592132e-03   1.5446031e-03   3.8066859e-03   1.2391182e-06   9.8492240e-05   1.2001373e-03   4.8787709e-04   1.6494780e-14   3.1243645e-17   1.9555044e-04
   3.2862504e-03   1.3923691e-03   1.4338430e-03   5.1640592e-14   4.6322446e-04   1.0215890e-03   7.7318978e-04   7.4149627e-13   1.5611463e-22   5.7941927e-05
   3.0413167e-03   1.4884240e-03   7.0682802e-05   1.0971245e-42   6.3425684e-04   1.2587924e-03   1.7254913e-03   4.6401234e-14   8.7691001e-21   3.4861403e-04
   3.4515873e-03   1.6550891e-03   1.6821230e-03   3.9168030e-22   3.9198063e-04   8.7439538e-04   9.9718677e-04   3.4577240e-12   2.0278894e-21   1.0799116e-09
   4.2914726e-03   2.0110956e-03   1.9366123e-03   1.5618574e-12   3.3827797e-14   4.5378500e-04   9.1898454e-05   2.0437686e-12   3.8948720e-25   4.6690759e-13
   3.8553724e-03   1.8608659e-03   1.3138988e-03   6.1881981e-20   1.5405576e-20   8.4579315e-04   1.9778170e-04   2.4194804e-12   4.4991770e-21   3.7559750e-17
   3.7457707e-03   1.4784169e-03   3.6314258e-03   3.2604925e-14   9.1454475e-20   4.5663332e-04   4.0832775e-05   1.1082834e-08   3.1352641e-20   9.8401651e-14
   3.3298113e-03   1.8872861e-03   4.0485526e-03   7.7240673e-18   1.6937054e-19   9.2152184e-04   6.1028797e-15   2.2093598e-10   1.0738031e-15   4.2533513e-18
   3.0785672e-03   1.9437428e-03   3.0712479e-03   1.0347783e-45   1.9621900e-09   1.3720902e-03   2.3367455e-07   3.6058949e-07   1.1143722e-12   1.1354424e-13
   2.7648048e-03   1.5557637e-03   1.1416891e-03   1.1607088e-36   1.1356701e-04   1.1344046e-03   2.3901652e-05   9.3503015e-05   2.4229335e-09   2.8410283e-20
   2.7767861e-03   1.3140056e-03   3.0796329e-05   1.5193219e-13   4.7366063e-33   8.6664443e-04   5.3718035e-07   2.6688314e-07   2.4686380e-11   1.1283227e-11
   2.7870002e-03   8.5631401e-04   8.5439791e-04   6.1582727e-25   1.7439761e-07   7.3324059e-04   7.4717052e-09   6.5545344e-05   1.2544306e-16   2.7978679e-06
   2.8681978e-03   1.0317654e-03   2.7459578e-04   9.0013958e-19   1.3332641e-07   2.7918550e-04   2.6675449e-06   1.0879091e-04   3.9261111e-18   2.3018660e-07
   2.8272268e-03   8.6367052e-04   1.2635021e-05   2.1457502e-04   1.6696871e-08   2.3023423e-05   4.6659523e-05   1.1444102e-04   3.3464395e-17   2.0269907e-08
   2.4721347e-03   8.4396804e-04   4.8383520e-04   2.1721631e-04   3.8724844e-07   1.8621342e-05   1.0985175e-04   1.2080079e-04   5.1246830e-19   1.0037976e-06
   2.3259527e-03   7.4557011e-04   8.2609634e-04   3.2149774e-07   2.6020018e-04   2.8058163e-04   1.5935469e-04   8.3857230e-05   2.7929431e-16   6.0283336e-05
   2.0164622e-03   1.2220924e-03   1.0968550e-03   8.4463140e-40   3.8361950e-04   8.1139183e-04   1.2875515e-04   1.1933832e-04   1.1095797e-18   6.1812317e-06
   1.9764148e-03   1.6989131e-03   4.3158442e-04   1.3708468e-30   6.1603498e-20   6.3868898e-04   3.6634096e-04   1.0460262e-04   1.3389394e-17   6.9019814e-15
   1.7776090e-03   1.7885300e-03   3.9982837e-04   9.9909958e-32   3.2810836e-04   7.7122119e-05   7.4477812e-04   2.8444796e-05   1.7106692e-10   1.5084142e-12
   1.6290705e-03   1.6882722e-03   4.1176835e-04   1.2343400e-46   4.2004422e-04   7.0773838e-05   3.7624144e-04   4.8713986e-05   5.0370069e-10   6.4001867e-09
   1.9252611e-03   1.4443049e-03   4.9135126e-04   4.0769632e-42   3.6439100e-04   4.2225212e-04   1.4414536e-04   4.1678689e-05   1.5766337e-13   4.6276173e-10
   2.2291543e-03   1.3011805e-03   5.2266618e-04   4.6499223e-41   1.2495428e-10   6.5781848e-04   1.1053765e-04   4.1241853e-05   7.8110415e-14   1.6201309e-12
   2.0508112e-03   1.0710669e-03   8.5702252e-04   1.5374971e-37   3.3792712e-07   7.8348755e-04   7.6728364e-05   1.3646114e-04   3.0484316e-08   6.3757746e-11
   1.9284305e-03   1.2484906e-03   4.5892171e-04   2.1923514e-45   4.6243230e-04   7.5242242e-04   1.0826348e-04   1.1038273e-04   1.1300962e-18   6.3065006e-17
   2.2181367e-03   1.1646963e-03   4.9370726e-06   4.3227822e-34   9.0940202e-04   3.8035327e-04   1.6762097e-04   3.5356421e-05   4.8427856e-09   8.5590090e-19
   2.0003734e-03   7.5062816e-04   6.9013493e-14   8.5244963e-53   9.9314320e-04   2.7005686e-04   1.3294376e-04   6.2917250e-05   3.7956685e-05   8.9089832e-07
   2.1491723e-03   5.8878500e-04   6.2925303e-11   5.2602285e-40   7.3931552e-04   1.4854198e-04   1.1091835e-04   9.6238393e-05   8.1915146e-05   1.2693402e-08
   2.1567733e-03   5.9800617e-04   5.8763731e-06   1.4395715e-33   2.4546634e-10   6.6446020e-05   1.7478301e-04   1.4209064e-04   1.3368103e-04   1.8219953e-10
   1.7435194e-03   5.0294410e-04   6.7991894e-10   1.8902404e-23   5.5595758e-04   1.2293607e-05   8.4479765e-05   1.5724301e-04   2.6177131e-04   7.1956557e-05
   1.6511667e-03   8.1246787e-04   4.0495008e-15   2.4421233e-44   1.0803927e-03   2.3234071e-12   8.0517991e-05   8.7203480e-05   2.0386299e-04   2.9408280e-05
   1.7801899e-03   8.5967459e-04   8.4776978e-15   2.2886333e-46   1.3370450e-03   3.9854474e-08   3.9444108e-05   1.6108064e-04   1.8196998e-04   3.2432818e-09
   1.8164299e-03   9.0137822e-04   3.5683002e-32   1.1878294e-36   1.0729336e-03   9.2179182e-07   6.2875298e-05   2.2785477e-04   1.9924066e-04   2.9260344e-12
   1.5361242e-03   8.6693293e-04   1.6285952e-13   6.0527767e-46   7.7233215e-04   9.0193378e-12   2.3665865e-04   1.8422208e-04   8.8225929e-05   1.2628512e-08
   1.3887901e-03   6.9869655e-04   4.1112185e-07   6.5984362e-36   7.2712333e-12   3.0512921e-16   5.3477017e-04   1.1675067e-04   1.8952392e-04   8.9628409e-08
   1.4067917e-03   5.6458503e-04   2.5556942e-10   4.1139189e-47   1.8323940e-04   1.0770109e-09   4.1996333e-04   1.1111498e-04   4.1613644e-04   8.5869759e-05
   1.8608813e-03   3.4969487e-04   1.3609578e-12   1.2974423e-29   3.4417893e-04   3.2704677e-11   9.4861798e-05   2.1942792e-04   7.6219626e-04   3.8912322e-11
   1.7189303e-03   5.0452765e-04   1.6356167e-06   4.4069531e-38   2.9537745e-04   1.2156684e-06   6.3081555e-05   4.0669328e-04   8.3366618e-04   8.2583562e-12
   1.3334524e-03   7.7956586e-04   1.6154076e-05   3.2377197e-29   1.2519828e-03   2.9303340e-05   1.2787002e-04   3.6193327e-04   6.0952453e-04   1.3577974e-04
   1.1713972e-03   7.2656297e-04   2.3193241e-05   2.6146570e-31   1.9557006e-03   2.6425618e-05   2.3452660e-06   3.4561424e-04   6.0464766e-04   9.6070449e-06
   1.4799044e-03   6.2220705e-04   2.9118050e-13   3.3143391e-26   1.1780212e-03   6.7834117e-08   1.6833550e-05   3.3100868e-04   5.0024016e-04   2.0056677e-09
   1.6571345e-03   4.8797757e-04   1.3979172e-24   1.6038913e-41   1.0181062e-03   1.5743267e-10   1.9187684e-05   2.5623700e-04   3.1391102e-04   6.6093850e-10
   2.0550248e-03   4.6170490e-04   3.2008841e-38   1.3498912e-22   1.2823620e-03   1.5340315e-13   7.1114935e-06   1.6907778e-04   1.6968463e-04   1.8009528e-13
   2.0895514e-03   4.7371661e-04   2.9086122e-22   3.2876844e-24   1.4952746e-03   3.3702265e-14   2.3353946e-07   1.2061009e-04   1.6513814e-04   2.1145687e-11
   1.9359017e-03   4.1155592e-04   5.4177008e-18   4.0896682e-34   1.3100115e-03   2.3778932e-13   3.9047578e-06   2.0942587e-04   1.7869673e-04   6.2598258e-11
   1.9264759e-03   3.7075912e-04   6.6850168e-17   7.3817108e-59   9.6936546e-04   6.6168475e-14   1.3851735e-05   1.9071260e-04   2.0089961e-04   1.1964467e-20
   1.9823747e-03   2.2412813e-04   1.2339410e-25   2.5815560e-27   7.8414646e-04   4.6499441e-11   1.0613046e-05   1.9805204e-04   1.9055620e-04   2.8602766e-14
   1.8643492e-03   2.4279122e-04   3.2483021e-35   8.1179988e-15   9.4456268e-04   1.8380755e-11   2.3900556e-05   1.6875059e-04   1.6841308e-04   1.1234564e-15
   1.5986681e-03   3.2473353e-04   6.7308389e-22   2.4422009e-40   1.1591506e-03   4.2531745e-14   9.2773526e-05   1.4160615e-04   3.9820839e-04   5.6026451e-23
   2.0410915e-03   4.4704640e-04   1.4859867e-35   5.7623609e-29   5.0266730e-04   3.7416775e-29   1.2953936e-04   1.4378035e-04   4.7781257e-04   4.6058008e-31
   2.2649684e-03   3.0428764e-04   1.4469939e-29   1.0999024e-15   1.7195716e-03   2.7264713e-17   1.4124086e-04   1.9817931e-04   3.9808152e-04   4.7299554e-33
   2.0389057e-03   3.9343669e-04   9.9053077e-18   1.0995878e-20   1.2622312e-03   1.2749367e-11   3.1436718e-05   1.4941924e-04   3.8206418e-04   2.7735216e-29
   1.6906626e-03   4.6730177e-04   3.0862268e-17   3.6233339e-36   9.4202386e-04   3.9452312e-11   4.9222601e-06   1.1126250e-04   2.3787041e-04   8.2253338e-29
   1.5935900e-03   3.5674676e-04   1.2283912e-08   9.7388592e-11   8.2572292e-04   2.2506320e-07   3.0244066e-05   1.7103092e-04   2.1729135e-04   5.0901939e-15
   1.6168151e-03   3.4258301e-04   1.5942301e-07   1.1903508e-05   1.0362646e-03   7.0519894e-08   4.1503713e-05   2.5546926e-04   2.3311513e-04   7.5600753e-13
   1.7215080e-03   4.3768776e-04   2.5761683e-06   2.2796575e-08   1.4913745e-03   3.4074752e-11   2.4465238e-05   2.2841848e-04   1.5490598e-04   4.5421667e-14
   1.8165981e-03   3.7350133e-04   1.4075260e-08   3.6135189e-31   8.9974353e-04   7.1456268e-12   8.5032603e-07   1.8212332e-04   1.5120964e-04   6.1139567e-20
   1.7698520e-03   3.6926443e-04   2.5559917e-09   3.5708389e-30   1.4143121e-03   9.3685112e-21   2.7597351e-07   2.3326348e-04   2.2484894e-04   3.3077952e-33
   1.8450178e-03   2.3904956e-04   6.7904399e-12   6.1578148e-18   1.8376254e-03   2.9161243e-13   2.7846940e-06   1.5337774e-04   2.7199368e-04   1.8150754e-42
   1.6054764e-03   2.4107904e-04   1.5181746e-16   9.6703359e-21   1.3951340e-03   1.6445460e-11   4.8798550e-07   9.7437527e-05   2.9252525e-04   1.4511234e-37
   1.5014374e-03   1.6944467e-04   5.0633461e-06   2.9592973e-30   1.5280034e-03   2.3404589e-12   1.1735561e-05   6.8560050e-05   4.8717147e-04   3.3439699e-33
   1.9401870e-03   2.4629779e-04   5.7789373e-08   6.4324134e-19   1.4637419e-03   6.8056381e-16   7.0930236e-06   5.0538990e-05   3.6977387e-04   9.7666731e-41
   1.9158521e-03   1.9209636e-04   5.0847370e-15   9.5266291e-07   9.9795795e-04   2.9907532e-07   1.8933346e-06   5.1982632e-05   2.7669109e-04   5.4366510e-47
   1.6698328e-03   2.3808332e-04   4.0620981e-08   1.3045757e-10   1.3726323e-03   2.6361735e-05   2.1747639e-06   7.2003549e-05   2.4035764e-04   2.7735250e-34
   1.7130245e-03   2.6836528e-04   1.8988355e-05   1.0324005e-09   2.0742054e-03   4.9623021e-07   3.5340015e-05   6.0381326e-05   1.7992290e-04   4.1360947e-37
   1.3176943e-03   4.5448215e-04   2.4936841e-04   5.0525274e-18   2.1775623e-03   4.6395579e-15   7.2904291e-05   2.2025253e-05   2.4381168e-05   1.4567030e-29
   1.2912014e-03   5.3620629e-04   1.7684074e-04   3.6561397e-28   1.3258702e-03   1.4929005e-16   2.7577417e-05   1.6430893e-07   7.2239863e-06   3.5983169e-30
   1.1532675e-03   4.8299291e-04   1.8710843e-06   1.2576244e-26   2.0350041e-03   1.9277863e-06   6.0738995e-05   6.5304932e-12   3.7667240e-05   8.9431004e-40
   1.1477186e-03   3.5218300e-04   1.0311571e-05   4.5716577e-15   2.4751352e-03   1.4409544e-06   3.2739889e-05   9.1642933e-11   1.4576019e-04   1.3317048e-29
   1.1631301e-03   3.0997932e-04   1.0221756e-06   9.2177033e-05   2.1079374e-03   3.4421662e-09   3.2905976e-05   6.7833055e-08   1.1782971e-04   3.3723019e-33
   1.0365827e-03   3.7466735e-04   7.3526742e-07   2.2277820e-13   1.5703263e-03   6.2448361e-11   5.3050770e-05   1.4136578e-09   1.3999178e-05   1.3287931e-34
   1.3387511e-03   2.2306812e-04   3.3663806e-05   1.7971767e-21   2.6163588e-03   1.5812235e-09   7.3952733e-06   2.1854018e-08   1.5813082e-05   4.4969122e-43
   1.3474925e-03   1.5974295e-04   4.0557846e-05   1.7251640e-24   2.7113192e-03   4.1700658e-12   5.5518379e-08   1.3532253e-12   1.1251902e-05   1.0735391e-33
   1.1886511e-03   2.3917101e-04   1.1452356e-04   4.3899239e-06   1.8676662e-03   1.8488780e-08   7.7476112e-07   4.3091365e-20   1.6113172e-06   1.0238591e-51
   1.0075842e-03   2.7841095e-04   2.1892773e-04   1.0619809e-05   2.0382149e-03   5.9888323e-10   3.0045388e-05   3.1441663e-11   1.7947722e-07   6.1562929e-25
   9.6279123e-04   2.2231114e-04   1.9007861e-05   3.2014479e-19   2.1743682e-03   4.0843943e-07   1.8980418e-05   6.4819850e-08   1.8972593e-06   1.5054266e-30
   1.0058447e-03   1.8757167e-04   5.6703756e-08   7.8657336e-22   1.6824226e-03   1.1732115e-09   1.4090569e-05   3.7872457e-09   3.9221076e-06   1.6206854e-31
   1.2540186e-03   1.6027482e-04   6.0348116e-14   3.9230028e-23   2.8205972e-03   4.4496317e-07   2.9510150e-06   4.1191003e-12   4.9376408e-07   2.8944553e-32
   1.3023325e-03   1.4160290e-04   4.7308236e-05   6.0565378e-31   3.3149176e-03   2.5001234e-05   3.2125675e-05   8.9099243e-16   5.4381955e-10   1.1264821e-33
   1.1596504e-03   1.2718559e-04   1.0276138e-07   1.7369509e-21   2.1595413e-03   1.0010131e-05   2.2737110e-05   3.6805603e-15   4.6928085e-08   2.1644875e-35
   1.1090517e-03   1.7366377e-04   4.2463765e-21   8.6035969e-37   1.4897913e-03   4.0733069e-12   9.2760226e-06   1.8365394e-07   1.9954745e-05   7.8391578e-25
   1.1079922e-03   2.0201046e-04   5.7221166e-08   3.0068813e-38   1.8836780e-03   6.3700003e-07   4.7803853e-05   3.1934501e-11   1.5399336e-05   1.1248554e-26
   1.0469589e-03   1.8521750e-04   5.7909100e-14   1.2173209e-28   2.1640375e-03   2.8819832e-06   5.7930282e-05   4.0602558e-09   9.0660404e-07   6.4756923e-19
   1.0289540e-03   1.2860740e-04   2.0903933e-06   1.6726558e-31   1.4541495e-03   5.4222735e-05   1.7669037e-04   1.2564413e-12   1.1210890e-08   3.3372218e-23
   7.1079888e-04   1.8716170e-04   2.3041540e-15   6.1512122e-29   1.0545851e-03   5.7955220e-06   1.1070847e-04   1.6658464e-05   2.3019762e-07   2.9300973e-07
   8.1164312e-04   2.2680145e-04   1.0889539e-04   1.4168299e-06   1.0025965e-03   5.7740189e-06   1.5213712e-04   1.1876492e-08   2.7874001e-12   2.7677491e-07
   9.8302341e-04   1.9642160e-04   4.1220037e-04   5.3201463e-12   9.0880814e-04   1.2178325e-05   1.0611473e-04   5.2099735e-15   1.5694933e-21   1.3859917e-09
   8.8028415e-04   1.9475040e-04   6.6127162e-04   4.3065484e-31   5.9412623e-04   8.6755424e-06   7.7911350e-05   5.8086709e-06   8.8454767e-18   2.2049753e-06
   8.4474737e-04   1.5606759e-04   2.8094602e-04   4.4215433e-37   1.2207423e-03   1.0048452e-06   5.0737419e-05   2.2596672e-05   3.9759716e-06   1.8093421e-08
   7.7327798e-04   1.7687405e-04   3.3003048e-04   1.9881412e-32   1.7326290e-03   3.7165358e-07   4.4525069e-05   7.0496215e-05   2.1647713e-05   2.7319131e-05
   6.5234542e-04   2.3476575e-04   1.2265535e-04   4.4486421e-35   1.4853095e-03   5.3894497e-09   7.6900710e-05   3.7428435e-05   2.8414109e-05   4.9901860e-05
   8.0729379e-04   2.0296425e-04   1.0981044e-04   2.7937019e-18   6.1131566e-04   4.9410280e-06   5.0580109e-05   3.6801983e-05   1.9373177e-05   4.5329432e-05
   7.7591294e-04   1.8565865e-04   1.6332228e-04   6.9408109e-34   1.1565563e-03   2.8152006e-05   3.3985497e-05   3.6032425e-05   3.8478164e-06   3.7336207e-05
   8.8699118e-04   1.7806658e-04   2.7651846e-05   3.2704285e-05   9.7282669e-04   1.5816204e-06   9.9201287e-05   3.2363728e-05   1.2684479e-06   6.2096645e-05
   1.0206792e-03   1.4560056e-04   7.3172777e-05   5.7214767e-16   1.3808422e-03   1.4991610e-14   1.3048763e-04   5.4738223e-05   4.1983455e-07   4.4253160e-05
   9.5771967e-04   1.2000229e-04   1.7208659e-05   1.8513141e-13   1.1639259e-03   2.7340503e-07   1.2908784e-04   7.9703933e-05   7.9033481e-07   1.7669774e-04
   8.8515336e-04   1.7182612e-04   1.7371967e-08   1.4084808e-19   1.3533949e-03   5.6248213e-05   1.5088284e-04   7.1207614e-05   4.7081954e-06   1.7338273e-04
   9.7123766e-04   1.4231007e-04   8.5334050e-24   1.6648154e-13   1.5205759e-03   4.2620085e-05   1.4224123e-04   1.2112483e-04   8.6733311e-05   9.0756355e-05
   1.0904652e-03   1.8919517e-04   5.5291634e-20   1.4301979e-21   1.6954274e-03   3.8135825e-08   1.1659831e-04   7.1729722e-05   1.0818480e-04   4.5850147e-07
   1.0553474e-03   1.7409017e-04   1.0063888e-20   2.9838326e-49   1.5630070e-03   2.5070604e-06   6.0770228e-05   4.9803013e-05   8.6887851e-05   2.9512815e-05
   8.6148841e-04   1.6497427e-04   3.3940857e-16   1.1425795e-33   1.2190928e-03   1.4120457e-05   4.5494615e-05   6.8876137e-05   8.6454857e-05   6.9261745e-05
   7.1247491e-04   1.3050281e-04   9.7675106e-25   1.1812587e-25   1.2535691e-03   2.2774578e-10   6.8920511e-05   6.8801697e-05   7.3999140e-05   7.5777882e-05
   8.5457921e-04   1.6177663e-04   3.7619879e-14   5.6129651e-19   1.6875872e-03   4.2476735e-06   5.8113353e-05   8.2406807e-05   4.9820779e-05   2.0130764e-04
   1.0097104e-03   2.1554804e-04   1.9763898e-15   6.0542986e-32   2.0835501e-03   8.4638444e-08   2.1189791e-05   9.3738807e-05   2.9672716e-05   2.1819654e-04
   8.9950340e-04   2.7665638e-04   6.7408856e-19   2.2080615e-48   2.3767640e-03   2.0361845e-07   4.9984487e-05   7.4327929e-05   6.0124425e-06   2.0247808e-04
   7.0915905e-04   2.6345319e-04   2.1239833e-29   2.8739298e-24   1.9217549e-03   3.5798667e-08   5.5282802e-05   6.4238925e-05   6.9310843e-05   2.4690744e-04
   7.5642663e-04   2.4441371e-04   8.2213242e-30   1.0266105e-24   1.6474052e-03   6.2613246e-10   5.6665846e-05   7.3896375e-05   3.4847624e-05   1.1118290e-04
   9.6835540e-04   1.1702874e-04   4.4475612e-23   1.1799499e-28   1.0009781e-03   6.8414640e-07   8.3214755e-07   6.6287131e-05   1.4148768e-04   1.9365964e-05
   9.1201100e-04   8.1084587e-05   9.1456017e-37   1.0928742e-31   9.4255485e-04   9.5208083e-17   2.9705646e-05   5.6790965e-05   1.8699516e-04   1.2010520e-04
   8.7137059e-04   1.3187798e-04   4.4124135e-27   7.2570827e-30   1.8713177e-03   4.4886830e-13   4.9503707e-05   7.9759891e-05   1.1813536e-04   1.7790663e-04
   8.7538860e-04   2.1470161e-04   3.3922043e-20   1.1375425e-36   1.6906661e-03   9.7839838e-10   1.0043129e-04   6.4301516e-05   9.5603723e-05   6.7951966e-05
   7.6127437e-04   1.5633909e-04   8.8213487e-18   8.2274702e-42   1.5343328e-03   6.5351993e-08   1.2999870e-04   5.3778788e-05   2.1971422e-04   2.6726422e-04
   7.2079008e-04   8.9015275e-05   1.9350371e-36   8.5310980e-43   3.0476531e-03   1.6562466e-13   1.3233990e-04   3.7394258e-05   2.4748708e-04   3.1701630e-04
   8.2078025e-04   1.2352468e-04   2.7428610e-21   1.0079827e-42   4.0288882e-03   1.7285195e-25   1.2834865e-04   3.1866288e-05   2.2433286e-04   1.8812221e-04
   7.2853055e-04   1.4231469e-04   1.4397963e-12   8.5423296e-40   4.0733080e-03   4.0583476e-27   1.3238222e-04   4.8870277e-05   1.3688453e-04   9.6851735e-05
   5.8251572e-04   1.3048021e-04   1.1285193e-06   1.0768590e-39   3.0709331e-03   3.0646981e-14   5.6366838e-05   6.1538425e-05   7.9417550e-05   1.7599390e-04
   6.5213707e-04   1.1324073e-04   8.8043868e-09   4.0921439e-40   2.6602078e-03   5.4988694e-08   5.6894941e-05   5.2114718e-05   1.8327300e-04   1.8756900e-04
   5.6535581e-04   1.1982827e-04   1.0769691e-07   6.1867132e-29   2.3097390e-03   4.8126837e-08   8.2088547e-05   5.0911063e-05   2.4035408e-04   2.4362198e-04
   4.8994190e-04   1.5578826e-04   9.7476162e-07   3.8464224e-46   2.0861335e-03   3.1248159e-13   8.1918805e-05   5.6476588e-05   2.7877266e-04   2.5607500e-04
   5.7792051e-04   1.3141983e-04   2.8840002e-07   5.2845701e-44   2.3518929e-03   2.9535881e-07   8.4257891e-05   7.8984703e-05   2.7028997e-04   3.6075578e-04
   6.1534910e-04   7.4094666e-05   3.7692565e-15   2.5816002e-60   2.7573863e-03   2.1719598e-07   8.1595467e-05   6.7080476e-05   2.9597900e-04   3.2842047e-04
   7.3014584e-04   2.7748764e-05   1.3699816e-19   1.2620519e-47   2.5853444e-03   2.4049913e-11   8.0679984e-05   7.9579294e-05   2.5220945e-04   1.0138063e-04
   8.6634519e-04   4.8555373e-05   2.8206074e-16   2.6050317e-41   2.6142383e-03   5.5825396e-06   2.9803618e-05   9.3548452e-05   2.5313428e-04   1.0471531e-04
   8.3898708e-04   6.3010334e-05   2.0910519e-26   2.4223929e-41   3.2508388e-03   3.3785005e-07   2.2128945e-05   8.8029328e-05   1.3610495e-04   7.2958765e-05
   7.1807825e-04   5.8433984e-05   7.5565709e-13   6.0250277e-46   3.8314243e-03   7.4753423e-10   3.4216970e-05   5.6268152e-05   2.3050224e-04   3.9543676e-05
   7.6989562e-04   6.5667961e-05   1.1323662e-11   9.4653439e-32   3.0610404e-03   6.7056790e-05   2.5423586e-05   3.5724208e-05   1.8513312e-04   8.7384485e-05
   8.0930119e-04   6.8478600e-05   8.7452697e-21   1.2211212e-41   1.9868397e-03   1.2866999e-04   1.4574727e-05   4.9121177e-05   1.3870214e-04   2.2650269e-05
   7.9405702e-04   4.0491320e-05   1.2430499e-28   1.9248683e-32   1.6147532e-03   4.9370557e-07   3.7947391e-05   7.2563207e-05   1.4590902e-04   1.4560697e-05
   6.6217684e-04   4.1168994e-05   2.9563377e-16   4.5495433e-11   1.6481748e-03   8.2136719e-16   3.7862910e-05   5.2877166e-05   1.3324901e-04   8.9841444e-05
   5.8145539e-04   4.9897692e-05   7.5668160e-32   3.6883442e-18   3.9954398e-03   1.8050344e-06   2.8435072e-05   5.8176032e-05   1.0155773e-04   9.6378948e-05
   7.5952874e-04   4.3737006e-05   1.1462571e-23   3.6535223e-19   6.3726877e-03   4.8073522e-07   1.7257137e-05   4.9690222e-05   4.6929526e-05   5.3212062e-06
   8.6465147e-04   5.8028177e-05   2.7837467e-30   1.0082943e-15   6.0078358e-03   3.1631065e-05   2.0620291e-07   4.0618523e-05   4.6480807e-05   4.7462047e-10
   9.4709455e-04   6.6431131e-05   9.0147186e-30   2.0456763e-07   6.3487447e-03   2.9270614e-08   1.3728191e-06   6.2892658e-05   3.8035534e-05   9.3941622e-15
   9.0287130e-04   8.5700459e-05   1.3161590e-33   7.3409804e-12   6.3882392e-03   1.2052881e-10   4.2184961e-06   5.9875635e-05   1.1027987e-05   1.8917389e-21
   8.8617625e-04   7.9217508e-05   1.2030231e-25   6.4409005e-13   5.5733941e-03   1.9628970e-09   1.1857524e-05   6.9005563e-05   2.3982214e-05   1.8417607e-24
   7.7375125e-04   5.5847052e-05   1.9706384e-24   1.7602237e-32   6.3517976e-03   4.3181755e-06   1.9828525e-05   3.5723363e-05   1.6512987e-05   3.5424139e-18
   6.9933414e-04   5.1134859e-05   9.4890262e-19   1.4092724e-11   9.9393446e-03   3.1528888e-05   1.4079982e-05   1.6776333e-05   3.9068217e-05   3.6197336e-32
   7.3124773e-04   5.2213539e-05   5.2956460e-27   3.8504757e-25   8.3396538e-03   1.4546926e-05   2.2162604e-06   1.0211341e-05   1.2435664e-05   1.0135931e-31
   8.1553243e-04   5.8071407e-05   4.5981527e-19   1.3185868e-18   5.0006385e-03   4.1141142e-12   1.8775514e-07   4.1144790e-06   6.3384001e-06   6.1927741e-34
   7.9859108e-04   7.1955631e-05   1.4227060e-47   3.6726053e-09   5.5468571e-03   4.8286241e-05   5.6373268e-07   1.6615789e-05   5.9223234e-06   1.1582039e-25
   6.7355023e-04   8.0909527e-05   1.9071047e-28   9.5467177e-16   7.7113506e-03   4.9158802e-05   4.5600501e-08   1.9538418e-05   1.8184967e-10   6.6068383e-23
   6.1324551e-04   6.5268081e-05   2.6759773e-21   1.3529649e-39   9.6363947e-03   1.7979736e-05   4.2243829e-06   1.4048168e-05   1.2287232e-09   1.1700854e-18
   6.0908400e-04   5.4555619e-05   3.8530947e-35   4.0934857e-29   8.2148945e-03   2.0195420e-05   5.9967423e-06   1.4503932e-05   1.1494480e-05   2.5699636e-20
   5.0264917e-04   6.6122608e-05   1.1790245e-24   1.7053721e-28   7.5744364e-03   3.3710077e-05   1.1446543e-05   2.0687287e-05   1.9487402e-05   3.2262974e-07
   6.1856922e-04   8.9723901e-05   4.8263754e-11   3.4115303e-22   1.1892404e-02   2.3521636e-07   1.6105796e-06   2.1395291e-05   8.0499123e-07   1.3162732e-13
   7.1934425e-04   6.4553340e-05   7.7720125e-18   2.0462556e-37   1.3252513e-02   1.0497291e-05   1.2143946e-06   1.0511351e-05   3.1274544e-06   3.8906942e-18
   6.7501381e-04   8.9403775e-05   3.3064784e-14   5.9708068e-21   1.1825264e-02   1.8057269e-05   2.0383715e-06   7.4854008e-06   8.3620104e-13   2.4344892e-22
   6.5092718e-04   7.7356930e-05   4.3485036e-06   2.7601721e-53   1.0899222e-02   1.0736590e-10   1.7176686e-06   1.4425136e-05   2.4275645e-07   1.9825612e-21
   7.5453931e-04   8.8028567e-05   7.9445164e-05   2.7961174e-33   9.1145368e-03   3.6006461e-08   2.2292266e-06   1.0701911e-05   9.4927727e-15   4.6852321e-28
   7.4737659e-04   6.9140918e-05   1.5220701e-05   3.6746808e-48   9.7916924e-03   6.5626684e-08   4.0167406e-06   1.7515388e-05   7.9924624e-08   2.5238621e-13
   7.7855259e-04   9.6487366e-05   9.6700086e-05   1.4389763e-25   9.1822724e-03   9.6072166e-16   5.5146841e-06   3.5165135e-06   3.0034663e-08   4.2592082e-14
   6.8478143e-04   1.3942526e-04   9.7157380e-05   2.1580827e-29   6.6438608e-03   7.6619779e-12   9.9875422e-06   6.6980642e-06   7.0240016e-07   1.2255757e-18
   6.3558563e-04   1.4010557e-04   3.8216082e-05   3.6720194e-26   9.5055553e-03   5.3170874e-09   6.4402283e-06   6.5544964e-06   6.0484033e-06   2.7868956e-05
   6.4496489e-04   1.3925663e-04   2.8740346e-05   9.0567387e-34   8.8276995e-03   7.8038898e-10   2.2101315e-05   1.1676182e-05   1.2835794e-07   4.6803231e-06
   6.7878003e-04   8.2683704e-05   3.1518986e-04   3.7811514e-32   1.0362431e-02   8.9942302e-05   2.8397501e-05   3.4610387e-05   3.1580991e-06   5.7129868e-13
   6.6888424e-04   8.7959154e-05   3.4037522e-04   3.8316531e-25   1.2689232e-02   7.8378351e-05   9.8470844e-06   1.4357159e-05   8.7190465e-06   9.2411311e-07
   5.7486260e-04   1.3833336e-04   4.1516640e-04   1.2299435e-14   1.4823397e-02   2.8830278e-05   1.1363254e-06   1.6475971e-05   3.0985256e-13   5.2450867e-07
   5.9357754e-04   1.8657761e-04   8.2870805e-04   6.3127490e-32   1.1168483e-02   5.9932922e-06   5.5669282e-05   2.3212614e-05   4.7936315e-07   3.3919191e-07
   8.0226494e-04   2.3505914e-04   3.8118005e-04   1.1087150e-22   6.9998724e-03   1.0845319e-07   5.7649322e-05   1.0148887e-05   3.0198168e-06   4.7230262e-15
   7.7994266e-04   1.8597240e-04   3.1762261e-22   1.1572294e-25   6.5411316e-03   4.2381067e-12   2.0817607e-05   1.7234429e-05   2.8161074e-05   1.1129873e-14
   7.8327410e-04   2.0327474e-04   1.4914857e-08   2.0684967e-24   8.9777769e-03   1.2867449e-10   4.0798989e-05   2.3890751e-05   6.6589753e-05   2.5460975e-05
   6.8168024e-04   1.5096810e-04   3.0961519e-04   8.8846729e-25   8.7810652e-03   3.1029463e-08   5.3036267e-05   4.5258320e-05   9.7255506e-05   4.2533766e-05
   7.4212367e-04   2.0731821e-04   2.9296631e-04   1.3779616e-32   8.0106279e-03   5.4467995e-10   5.4429791e-05   2.4132954e-05   7.4471425e-05   1.7730425e-04
   7.2474960e-04   2.7877717e-04   2.3175829e-04   8.2360290e-40   7.6433407e-03   6.8546312e-08   4.6587314e-05   4.7564024e-05   6.6357746e-05   1.7882184e-04
   7.0079163e-04   3.3022821e-04   1.1899163e-03   1.2912320e-46   6.8497731e-03   2.3887870e-06   9.1144719e-05   4.7970444e-05   4.1907609e-05   1.0862374e-04
   8.7357094e-04   2.6809881e-04   6.0897671e-04   3.4128921e-36   7.9285814e-03   6.4755128e-09   7.2333079e-05   6.1025616e-05   4.9295740e-05   2.5730878e-05
   1.0065579e-03   2.5730970e-04   1.5017997e-04   6.4983423e-48   1.1058579e-02   1.3623750e-13   6.4542076e-05   5.1863428e-05   3.3917579e-05   3.3646538e-16
   9.4572861e-04   2.4530428e-04   3.1325059e-10   2.1750542e-55   1.0773791e-02   8.9068445e-11   7.6576587e-05   2.7191338e-05   4.7886630e-05   3.0833742e-05
   9.9001596e-04   1.6625766e-04   2.2806028e-04   1.1850036e-39   7.8727664e-03   1.3641578e-10   8.0892477e-05   4.6894364e-05   6.0130144e-05   3.0074909e-04
   8.5339251e-04   1.7034197e-04   9.2025673e-05   5.6254300e-23   8.3638514e-03   4.9420328e-06   3.5609953e-05   3.6934311e-05   8.1669514e-05   4.6166441e-04
   6.6279496e-04   3.7507300e-04   2.8136233e-10   1.5924201e-33   1.0913957e-02   1.0045494e-05   1.7883173e-05   2.3063980e-05   6.6253304e-07   2.7319338e-04
   7.9934134e-04   3.1806639e-04   3.5585100e-16   1.2349677e-47   1.2205083e-02   2.4556679e-08   1.8619661e-05   3.2192148e-05   3.5690742e-05   2.3721775e-04
   7.8810680e-04   3.5172402e-04   6.7284042e-07   1.7941679e-29   1.0964620e-02   3.1511287e-13   2.1202582e-05   2.2166342e-05   3.5855968e-06   2.0914016e-04
   8.3783909e-04   3.2633022e-04   2.7879753e-05   2.1945892e-26   5.8338652e-03   4.5649360e-07   4.8062891e-05   3.0896739e-05   1.2979466e-06   4.9263004e-05
   7.4752227e-04   2.8938793e-04   8.4800062e-05   1.6463275e-28   6.9273918e-03   2.9763778e-06   1.9298428e-05   5.4029122e-05   9.0026332e-12   2.0130626e-04
   7.1572322e-04   4.9122177e-04   5.5411548e-04   2.8476859e-36   6.5759210e-03   5.9398778e-11   2.3334436e-05   7.7723703e-05   6.4894270e-13   2.2169970e-04
   6.3617486e-04   5.7796115e-04   6.0670152e-04   3.1674014e-28   7.5837715e-03   4.0263031e-07   6.0350823e-05   6.1231720e-05   2.9383580e-10   1.0431268e-04
   5.9612094e-04   5.2335038e-04   2.0308267e-04   4.2311511e-36   9.7503394e-03   1.4820506e-08   1.3125744e-04   5.3770870e-05   1.1960884e-10   1.5322338e-04
   4.3849286e-04   7.2253167e-04   1.6364112e-04   4.5136494e-11   1.0050574e-02   4.3523534e-07   1.2979084e-04   3.3582990e-05   3.7774173e-13   2.1880550e-04
   5.6780902e-04   7.1670593e-04   3.5692659e-04   1.1230842e-04   7.7653304e-03   4.2706017e-07   1.3855746e-04   8.6892900e-07   2.6537077e-07   3.7380042e-05
   6.1926800e-04   4.6829793e-04   5.7835393e-04   4.3296747e-10   8.2159282e-03   1.6984614e-07   5.9257657e-05   4.7445884e-05   8.9933923e-06   8.6995560e-05
   6.0428222e-04   4.7745158e-04   3.9167694e-04   1.8990655e-08   7.5648885e-03   1.1934550e-07   4.9239669e-05   7.2102106e-05   3.9326891e-05   9.8295279e-05
   7.1743236e-04   3.9424071e-04   2.0995986e-04   5.4509889e-04   9.6036608e-03   7.6032816e-10   7.7571862e-05   8.3156363e-05   1.1079719e-04   9.7944384e-05
   5.6592687e-04   5.1470524e-04   7.1362995e-04   8.3231988e-04   9.0033293e-03   8.0154363e-10   1.9129235e-04   3.1243796e-05   7.5532430e-05   1.3372682e-04
   5.6467528e-04   6.8339329e-04   1.8528800e-03   4.7004797e-04   5.3767878e-03   2.0463947e-08   7.7316532e-05   3.5793444e-05   6.5188009e-06   1.1911729e-04
   6.7936220e-04   5.1447963e-04   1.9211905e-03   3.6345511e-06   4.8809230e-03   4.4655397e-05   5.0086339e-05   5.7639255e-05   3.3357457e-05   5.2438157e-05
   6.4459829e-04   3.0117424e-04   1.2463654e-03   1.1329561e-33   6.6461660e-03   1.0345189e-05   1.6069911e-04   5.0283569e-05   3.9690805e-05   3.1351605e-05
   5.1256186e-04   4.0437180e-04   6.1681404e-04   2.9814517e-10   5.7185682e-03   1.3304870e-06   1.8071131e-04   7.0467725e-05   2.9620297e-05   7.0400902e-05
   4.4006130e-04   5.4273068e-04   9.6793610e-18   1.9478168e-24   5.6047605e-03   9.0805747e-07   1.0896234e-04   9.9693806e-05   4.6693278e-05   6.1036388e-05
   4.5238910e-04   5.2775541e-04   4.9070152e-04   3.3866305e-04   7.3607168e-03   4.4342355e-10   8.2070478e-05   1.5127524e-04   1.5425175e-05   6.4859002e-06
   4.5066929e-04   4.1310285e-04   6.2681961e-04   6.9307622e-04   1.0804915e-02   1.0158621e-08   4.3708468e-05   5.6349644e-05   4.4264686e-06   6.5040524e-05
   5.6290546e-04   5.1914883e-04   9.7006917e-04   6.3115963e-04   1.2362277e-02   8.9372734e-05   6.6060883e-06   4.3772204e-05   4.2634897e-07   5.0245942e-05
   6.6339544e-04   4.5828040e-04   7.0565824e-04   1.7458011e-04   6.1034756e-03   1.5099599e-04   1.3475656e-05   2.4017214e-05   2.7883647e-05   3.8475340e-05
   5.9097043e-04   4.4804074e-04   2.8890216e-04   3.4382293e-04   6.8092927e-03   1.7559445e-06   5.2672404e-05   7.7668880e-05   7.8093779e-06   5.7307316e-05
   5.9808907e-04   3.5220436e-04   5.8310332e-10   4.0700809e-04   7.0719638e-03   1.0183166e-06   1.8064755e-04   9.9159427e-05   8.6003058e-07   7.7330310e-13
   6.7345636e-04   3.6129811e-04   7.4356205e-04   3.9666630e-04   7.4941895e-03   1.1353049e-06   1.2753858e-04   8.8507207e-05   1.9507960e-05   1.9915694e-17
   6.5698973e-04   2.9872220e-04   1.0078822e-03   5.6055152e-04   8.0397111e-03   2.1270333e-05   3.0303720e-05   4.9825162e-05   2.9048970e-05   1.3985053e-15
   6.4046220e-04   3.5836458e-04   1.0135176e-03   9.1516996e-04   9.4355477e-03   2.7600765e-05   8.4953640e-06   4.6496876e-05   5.8722796e-06   1.2546647e-07
   5.0371453e-04   3.1346777e-04   8.6346391e-04   4.6377109e-04   9.2368156e-03   1.1545938e-04   3.4707032e-05   3.7722922e-05   1.7000665e-05   4.8305939e-07
   5.7068267e-04   2.7467964e-04   5.3146025e-04   3.0038345e-23   7.5163918e-03   9.1857100e-05   1.2520206e-04   4.9887812e-05   9.7832562e-07   2.3898115e-09
   6.2437925e-04   2.4083931e-04   1.1859110e-03   5.4199845e-16   6.0454021e-03   2.8426852e-05   1.6657249e-04   4.3091451e-05   1.8103591e-11   1.3917413e-15
   6.5975541e-04   2.1082912e-04   1.0644868e-03   8.7446607e-30   4.2031191e-03   6.3073716e-06   1.1080414e-04   4.8465947e-05   5.2170115e-13   3.9556164e-14
   6.3590168e-04   2.6671168e-04   5.7875169e-04   4.5477128e-27   4.8379470e-03   2.7855271e-06   1.2795188e-04   6.3275520e-05   1.0663082e-06   6.5944164e-06
   7.2955892e-04   2.1677467e-04   1.9301324e-04   1.4975694e-08   6.7837361e-03   3.5470826e-05   7.6135165e-05   5.5693492e-05   2.7213752e-05   1.9779535e-16
   7.1572007e-04   3.5279577e-04   2.2713859e-04   6.6466079e-06   5.6635436e-03   7.7373436e-05   1.6476705e-04   2.6698415e-05   2.2692828e-07   2.2184370e-21
   6.5155109e-04   3.5959412e-04   4.1085912e-04   1.4099920e-12   4.7140287e-03   1.2112309e-04   1.5134896e-04   5.7034257e-10   1.0512209e-10   2.3162534e-27
   7.2948133e-04   2.3236773e-04   5.5986762e-05   8.6909108e-05   4.4909876e-03   1.8255357e-04   9.1441631e-06   4.1666433e-05   1.8395724e-05   6.1326966e-08
   6.4150195e-04   3.1093300e-04   8.4102693e-08   3.7055254e-26   5.7102615e-03   1.5723151e-04   2.0628304e-05   3.4707593e-10   2.4633107e-05   5.9684203e-09
   4.1540481e-04   3.5941689e-04   4.6072071e-05   8.3206108e-30   6.8160749e-03   9.8231096e-05   7.2229524e-05   2.7243700e-19   5.9160944e-06   1.4249284e-05
   3.5947857e-04   3.3763799e-04   9.7125248e-07   1.6828180e-04   7.4030236e-03   3.5102611e-04   1.1731990e-04   1.1870452e-10   2.5512722e-08   2.3983276e-12
   3.2815448e-04   3.5017789e-04   3.3269628e-15   7.8416478e-04   8.7264859e-03   1.5534609e-04   1.4907403e-04   4.7650724e-09   1.9034179e-08   6.1657383e-05
   2.2167536e-04   3.5278294e-04   1.4075175e-04   3.6686448e-04   8.1585762e-03   3.4077617e-04   1.6116729e-04   5.3219275e-09   2.4603607e-05   3.3277586e-05
   2.6974757e-04   3.5186871e-04   5.2007139e-04   2.4745981e-04   5.5625079e-03   4.6440215e-04   2.6326341e-05   1.7677843e-07   1.9130708e-06   9.2218313e-06
   2.0625704e-04   2.9416646e-04   1.0016716e-03   4.8266580e-04   5.5798912e-03   2.2887645e-04   1.6459451e-04   1.2603070e-05   4.0057121e-07   5.5991283e-05
   2.6868397e-04   3.0649763e-04   5.8498145e-04   9.0869203e-16   5.7029957e-03   1.3682644e-04   2.7416973e-04   1.9807767e-05   3.0612908e-06   9.2019883e-07
   2.6261448e-04   2.0463870e-04   2.2061739e-05   1.4837447e-18   5.6190549e-03   1.4113371e-04   2.8575199e-04   3.2072462e-05   2.8689689e-06   2.1786472e-18
   3.0622850e-04   2.7485773e-04   8.1210249e-05   7.3868067e-04   4.5366176e-03   1.6948120e-04   2.6667694e-04   2.3252277e-05   2.2404761e-13   5.0996762e-16
   3.1720309e-04   2.1452613e-04   2.7130678e-04   1.3274295e-03   3.5891110e-03   5.2671004e-05   1.8310432e-04   1.4184173e-05   2.7338385e-11   1.2025206e-11
   3.9198380e-04   2.2512848e-04   4.5229492e-05   4.1276585e-04   3.5100290e-03   2.0858044e-04   1.4925727e-04   8.5404868e-14   3.5174079e-08   2.9951828e-13
   3.7485073e-04   2.6674070e-04   1.4627871e-04   1.5740059e-39   3.3941613e-03   4.3070049e-04   2.0391343e-05   2.6336992e-16   3.4953047e-07   3.4439115e-05
   3.1909230e-04   2.4812247e-04   1.4895880e-04   6.4684683e-17   3.9027570e-03   3.0252849e-04   8.3169360e-05   4.2211797e-18   8.6736753e-06   3.6242361e-05
   3.4299158e-04   1.5172117e-04   5.5771367e-06   2.0258137e-04   4.8118572e-03   9.6500268e-05   1.0520661e-04   3.0649526e-11   1.2841850e-07   1.7708841e-05
   4.0884107e-04   1.3478017e-04   5.9482361e-10   2.4384518e-05   4.6484702e-03   1.0814137e-04   3.0453617e-05   7.6591980e-06   1.3316868e-05   2.5274800e-13
   4.1970701e-04   1.4593863e-04   9.1140275e-05   2.4305123e-11   4.2609030e-03   2.5707129e-04   8.4325205e-06   1.6746164e-11   2.3805646e-06   1.0884399e-17
   2.5152804e-04   2.0579848e-04   1.1093528e-04   1.1525135e-04   6.8948292e-03   2.3436245e-04   5.5654685e-05   1.0295130e-13   2.6264227e-06   1.0474972e-17
   1.7387247e-04   2.4435474e-04   8.4137638e-05   4.8007058e-04   7.8225696e-03   3.0218429e-05   6.2915987e-05   1.0463793e-11   1.1492110e-07   1.0831953e-05
   2.0430433e-04   2.6368796e-04   6.0175354e-05   9.6036955e-05   5.5656265e-03   2.1331807e-04   5.6059893e-05   5.0035180e-27   2.0482589e-07   1.5955318e-22
   2.6733673e-04   2.1860899e-04   9.6063342e-05   7.1874073e-15   4.0813314e-03   2.1771108e-04   3.0085074e-05   2.0432658e-20   7.5716745e-10   5.5019701e-05
   2.7485342e-04   1.7140959e-04   2.5704370e-04   8.4501005e-20   3.7932442e-03   1.3473327e-04   2.7993358e-05   1.3222303e-06   6.9818896e-10   6.4609634e-05
   2.5615056e-04   1.5728750e-04   2.9483201e-04   1.2829446e-19   2.8013599e-03   7.4475503e-05   8.2056148e-05   2.2590342e-13   1.9765219e-08   2.5685088e-06
   2.6896276e-04   1.6641128e-04   1.3097045e-04   1.1511183e-18   2.8778647e-03   3.3944609e-05   8.8207957e-05   5.5338223e-11   3.0030106e-06   1.6515854e-11
   2.1712203e-04   1.4801763e-04   6.3993115e-05   8.0300861e-22   4.3117640e-03   3.6894502e-07   1.1756082e-04   5.8494949e-07   3.3491474e-06   3.6815488e-05
   2.0848114e-04   1.4240636e-04   1.6577210e-05   1.2811768e-40   3.9266903e-03   4.1123931e-08   1.4447627e-04   2.9175344e-10   6.1560635e-06   4.0978427e-07
   2.6165107e-04   1.4485407e-04   8.6827781e-08   8.8545452e-47   2.5920842e-03   7.9273248e-06   6.4603428e-05   7.1738778e-12   2.4578350e-06   5.8247062e-15
   2.3099679e-04   1.1130392e-04   5.1754297e-06   2.5139999e-30   2.9605407e-03   2.3578075e-12   5.6437906e-05   9.2356500e-12   6.0812580e-07   1.8807046e-06
   2.4735178e-04   1.4537357e-04   1.2887903e-05   2.4165283e-25   2.6046152e-03   4.8265790e-06   2.4333131e-05   2.1237330e-16   1.5342410e-07   1.9361182e-11
   2.2458438e-04   1.2634202e-04   1.6814468e-09   5.1144521e-25   2.9587341e-03   9.7750559e-06   5.8982417e-05   1.1253219e-22   1.0347107e-06   2.0895317e-10
   1.8115944e-04   1.2227963e-04   1.2005234e-07   1.7962685e-15   3.6293680e-03   2.3672173e-06   1.0555677e-04   1.3564465e-15   1.0219691e-05   2.1946606e-05
   1.5671855e-04   1.1319772e-04   1.4630720e-04   3.1082310e-05   3.4968989e-03   4.2291635e-05   8.7600673e-05   2.7874409e-12   2.4681365e-05   9.5496750e-06
   1.7182729e-04   1.2319845e-04   3.0050303e-04   1.6704961e-28   2.7400275e-03   3.5839804e-05   5.4947710e-05   1.8983846e-08   1.1450452e-05   2.6268058e-05
   1.6858775e-04   1.2826650e-04   2.7427465e-04   3.2438132e-06   2.4678031e-03   4.2484625e-07   5.3082160e-05   7.3467797e-13   1.6357015e-05   1.7343541e-05
   1.1090083e-04   1.3819603e-04   1.2222398e-04   1.0479784e-04   2.5073713e-03   2.1944631e-05   8.5767432e-05   7.3526535e-13   2.5407504e-05   5.8957016e-06
   1.2618378e-04   1.4068618e-04   3.7963588e-05   1.1382687e-04   2.8292105e-03   3.6089809e-05   8.8183574e-05   3.4909095e-14   4.4719085e-06   5.2696077e-05
   1.5972724e-04   1.1461478e-04   5.0513032e-10   1.5732359e-04   3.2435644e-03   2.2174103e-05   3.7018991e-05   1.5412392e-09   3.0002053e-08   1.2304064e-05
   1.7263383e-04   1.0928363e-04   4.3778583e-06   1.1665196e-06   3.2414999e-03   2.7352029e-06   3.5707204e-05   4.1540755e-06   1.7902254e-05   4.0150801e-06
   2.0724701e-04   6.0266696e-05   3.7426343e-06   5.8020075e-29   2.0074617e-03   7.7402121e-07   4.3201258e-05   1.3776372e-08   5.7562460e-05   1.0896644e-07
