   1.5199067e-02   1.1690421e-02   6.6711802e-03   1.2050160e-17   4.6239041e-02   6.0093818e-03   4.8031918e-03   5.2832714e-03   4.0578735e-07   2.3895123e-02
   2.3519219e-02   2.1801765e-02   1.3187729e-02   1.9939319e-23   8.0669808e-02   1.0463840e-02   5.8761159e-05   1.1492732e-02   2.8382972e-12   3.7789712e-02
   1.4234942e-02   1.4154445e-02   8.8102124e-03   2.9125240e-29   5.8051811e-02   5.9638379e-03   2.0737224e-03   7.5565874e-03   1.8384143e-14   2.3701845e-02
   1.1995708e-03   2.2999103e-03   1.5155825e-03   1.2179575e-02   2.8160318e-02   1.3241576e-03   2.1142096e-03   2.1629322e-03   2.0509799e-16   2.7553323e-03
   6.1384412e-14   1.1084902e-03   1.2377711e-03   1.0646712e-02   2.1844530e-02   5.6328703e-04   2.3225245e-03   1.8780650e-03   1.9264642e-19   1.3626740e-03
   1.7344897e-11   1.1957833e-04   1.1839362e-03   9.3212297e-03   2.0233759e-02   9.2042884e-09   3.7895877e-03   1.0540352e-03   1.7755234e-21   9.0135977e-04
   1.4137696e-04   6.8313768e-04   7.2230081e-04   3.7065243e-17   1.9283278e-02   2.0268524e-04   3.2122279e-03   1.1170416e-03   1.6408437e-15   2.1198467e-03
   3.6722719e-24   7.8794867e-04   4.3192445e-04   6.0490673e-44   1.1977745e-02   8.6707588e-04   3.1921565e-03   1.3220784e-03   2.4504348e-18   2.9528983e-03
   9.1473106e-15   1.0068775e-03   5.6792467e-04   5.3263810e-04   6.2299059e-03   3.9120982e-04   1.6983981e-03   2.3748627e-03   9.5675342e-16   2.2914715e-02
   2.4381843e-19   6.9920640e-04   1.1487772e-03   1.4980896e-26   3.2450475e-15   8.3317767e-04   1.5615687e-05   1.4941189e-02   1.9428740e-22   1.6577596e-01
   1.4123229e-38   5.6745516e-03   2.0078581e-03   2.0165435e-34   1.1042346e-27   1.1192165e-03   3.5286266e-13   1.1444311e-01   9.3970951e-13   2.1182323e-01
   2.0225945e-31   1.1125989e-01   6.0330718e-03   2.2720787e-20   1.4185710e-25   4.0376113e-03   1.3797928e-23   1.6864783e-01   8.2469589e-08   3.4502591e-02
   2.6590408e-23   2.0064093e-01   6.4468108e-02   1.0668739e-13   7.5511762e-23   1.5556945e-01   3.4262426e-08   2.1397094e-02   6.4165288e-09   7.7197023e-18
   3.7999689e-36   5.8892343e-02   9.3744907e-02   3.9478963e-16   1.7042831e-27   3.1733218e-01   1.8463862e-02   3.6948932e-09   2.0993189e-25   2.3062911e-23
   9.4547182e-13   1.1591578e-03   2.6722567e-02   6.3490222e-02   2.4689129e-07   1.5555802e-01   1.2613007e-01   3.3054027e-03   5.0592845e-06   2.4045440e-05
   4.0237740e-04   1.6080029e-04   8.4043900e-03   9.7793652e-02   9.8431754e-03   2.1107268e-02   4.9211463e-02   4.4635178e-03   6.2301367e-10   2.6478633e-03
   1.4042045e-03   1.7162437e-03   3.3122783e-03   6.7973649e-02   8.4050490e-03   5.6599173e-03   2.7737058e-02   3.2859701e-03   1.6578852e-13   2.3257782e-03
   8.9507145e-04   2.2769985e-03   2.8852353e-03   4.0679392e-02   8.5690012e-03   2.6809736e-03   1.0652053e-02   1.5769699e-03   2.8776349e-20   2.5212240e-03
   1.0661164e-03   2.0650843e-03   2.2475896e-03   2.0826327e-02   7.2828402e-03   2.1294898e-03   6.3501699e-03   1.3914080e-03   2.0563786e-31   2.0041961e-02
   9.1376714e-04   1.7450240e-03   1.3413741e-03   1.2796795e-02   4.2528293e-03   8.8192490e-04   3.4027594e-03   3.2232261e-03   2.2934287e-28   6.2484666e-02
   2.3392246e-11   1.1628493e-03   1.0581916e-03   3.4681606e-03   2.8326202e-03   5.1309785e-04   2.0432139e-03   2.0344548e-02   1.5761475e-40   6.6627164e-02
   2.8648013e-24   1.7283287e-03   1.2961785e-03   8.0434324e-29   1.7328959e-18   5.0602246e-04   1.8599463e-03   6.2765726e-02   7.8756524e-15   1.3653364e-05
   9.9879124e-09   1.1939867e-02   8.5556999e-04   1.2117688e-31   3.1001524e-12   5.2297116e-04   1.9112739e-03   4.7363218e-02   3.6385865e-01   2.8751865e-41
   1.1043461e-03   7.0079160e-02   2.4372279e-03   1.7501732e-13   2.5104126e-03   3.2763030e-06   3.2936427e-03   1.2750417e-02   4.5530482e-01   1.5111168e-17
   1.4050884e-08   1.4505868e-01   1.5111843e-02   1.0667139e-19   2.6583442e-04   2.0777891e-03   1.7223810e-33   9.0632966e-06   1.5516628e-29   1.2637049e-03
   7.0887238e-54   7.5083804e-02   5.4794886e-02   2.2304583e-40   5.5525216e-36   8.3914786e-02   8.7354163e-20   1.9225601e-21   6.9622373e-40   1.3318939e-12
   1.1360264e-25   5.7546188e-03   5.0835055e-02   3.7918429e-32   7.9599755e-19   1.3358552e-01   4.9053188e-02   3.3535867e-09   1.4872884e-12   3.1562588e-12
   1.2537199e-08   3.0559242e-11   1.8727299e-02   3.0359137e-12   7.6712433e-06   4.9051908e-02   1.3470510e-01   2.8397247e-03   1.8038426e-14   6.3383234e-03
   1.8496637e-04   2.2953515e-03   5.0940422e-03   2.9548442e-02   4.5916886e-03   5.4411061e-03   7.4367404e-02   2.5353878e-03   3.3984047e-19   3.7778039e-02
   1.0652099e-10   2.3412428e-03   3.0858117e-03   1.8103331e-02   1.1774710e-02   6.7311793e-13   3.2353668e-02   2.4087726e-03   4.3468633e-26   6.3423618e-02
   1.0833247e-04   2.7885917e-03   2.1483359e-03   5.9213618e-03   6.3749801e-03   2.2925182e-07   1.3369962e-02   5.6811926e-03   1.3618808e-35   5.3604531e-02
   3.0695469e-15   1.6669489e-03   2.0598406e-03   1.0325832e-18   1.6219968e-03   4.5202056e-08   6.4699644e-03   1.8835018e-02   1.5883500e-42   1.3672918e-02
   9.9482172e-29   1.3676541e-03   1.5335417e-03   2.8297894e-41   5.1342431e-03   6.6869702e-11   8.3035241e-03   2.0046944e-02   1.0069548e-17   9.8192957e-35
   1.2582955e-03   2.4281546e-03   1.6794989e-03   9.2137537e-36   1.9390049e-03   3.4533754e-21   6.5746567e-03   1.8869196e-02   1.8705900e-02   2.6194306e-37
   6.1493239e-11   7.6495878e-03   1.4285996e-03   1.9687441e-24   1.9872958e-03   2.0245680e-29   5.6434073e-03   1.0729077e-02   1.3200684e-01   2.6329472e-23
   4.5872025e-04   2.4599322e-02   3.5802705e-03   3.6103500e-29   5.7243030e-03   1.0299350e-34   2.9904675e-03   5.7800136e-03   1.0580370e-05   1.9477926e-20
   2.2683331e-16   3.6879539e-02   1.4689272e-02   4.0862230e-47   1.1059535e-18   1.2718611e-40   1.3758462e-33   2.1514298e-09   4.3314297e-45   1.5675386e-11
   1.9444974e-47   1.8607370e-02   3.5979532e-02   6.9282921e-68   8.4026325e-49   1.1025124e-18   1.5545748e-57   3.4457723e-31   4.1970399e-64   1.8233481e-15
   1.5431900e-36   2.9251684e-05   4.1781711e-02   2.6529670e-55   3.0712738e-41   1.3169675e-03   1.0482147e-27   1.5272542e-10   2.3519203e-15   1.7719007e-03
   5.1621617e-36   2.4238855e-18   2.8662257e-02   1.4202921e-47   6.2175381e-49   3.7178222e-03   2.7063305e-02   2.4826440e-07   6.6137012e-07   4.1608770e-03
   3.7810426e-15   1.4517642e-37   1.3354894e-02   3.3288285e-37   1.0773852e-28   6.2067786e-23   6.9888391e-02   2.1482484e-04   1.2875980e-37   5.2703422e-03
   4.3263571e-04   2.1776599e-30   4.7396852e-03   7.4973019e-23   2.0583199e-11   2.3585013e-32   4.4902067e-02   4.0264047e-03   2.9014644e-58   7.8026381e-04
   2.0792050e-04   4.0135758e-20   2.2257206e-03   3.3365389e-13   9.6066918e-05   7.0099570e-25   1.9487376e-02   5.5788257e-03   5.2369586e-42   1.9125637e-46
   1.0966303e-03   1.4104718e-08   1.2577941e-03   7.0165039e-08   5.9817497e-04   1.2632004e-14   9.7277607e-03   4.9059162e-03   9.8573630e-27   2.8817540e-57
   4.3725654e-04   5.3172340e-04   5.5420467e-04   8.6988536e-04   4.3598609e-04   2.6598198e-16   5.1413190e-03   3.6372617e-03   2.6694899e-14   8.1960639e-50
   7.7514218e-04   8.3869735e-04   8.8437694e-04   8.7739236e-04   5.2955471e-04   1.7733120e-19   1.6845826e-03   3.0385378e-03   4.4852079e-10   2.8365163e-43
   2.0842771e-04   1.8342774e-03   8.5903930e-04   1.0577057e-03   6.0904991e-04   6.5486695e-26   1.0819114e-03   1.7634953e-03   1.0550862e-21   8.5708801e-24
   4.2885562e-04   3.6365122e-03   1.3673696e-03   2.1948673e-04   5.7715652e-04   3.2677228e-34   2.6395987e-08   3.6113785e-04   6.9045479e-46   3.3641100e-04
   6.6342133e-16   5.8669724e-03   4.6147791e-03   6.9385700e-41   2.0648176e-16   3.9170703e-52   4.0679420e-55   5.1785282e-13   1.3178055e-65   9.0302760e-04
   7.1374695e-34   2.9556868e-03   9.0643253e-03   2.5891036e-77   7.2093624e-29   9.0214162e-33   1.0429055e-59   2.8145440e-23   1.7214713e-62   1.0434671e-03
   5.1455059e-43   2.0016241e-04   9.7054517e-03   1.1991189e-80   2.6547088e-33   3.6209136e-05   4.3448476e-66   4.7103770e-05   1.0072702e-28   1.3895092e-03
   2.1227930e-42   1.0309125e-27   8.7405075e-03   2.2207113e-65   3.6125806e-25   1.6923068e-03   1.7324842e-20   3.2675869e-04   8.4384057e-41   1.1674135e-03
   2.6561804e-49   7.4133105e-45   5.9807274e-03   9.1331363e-42   2.1762660e-23   1.6603648e-03   1.0689337e-02   2.0601822e-03   1.8804644e-49   1.0133016e-26
   4.1487865e-32   9.1978467e-33   2.6148245e-03   8.4878735e-21   5.9839117e-05   1.2129015e-03   2.0858177e-02   3.1842807e-03   1.0342817e-41   1.0621739e-36
   1.3490372e-16   1.8328800e-11   1.2381445e-03   3.1955977e-12   1.4836833e-03   6.0360108e-05   1.3644294e-02   3.0682902e-03   5.0418030e-21   8.8281695e-25
   2.4375568e-38   3.5947288e-04   6.6234175e-04   4.6464934e-43   1.4022132e-03   1.0002312e-06   5.6708251e-03   2.4193848e-03   7.3393287e-10   2.5639518e-18
   2.8197973e-04   3.9933193e-04   4.7898880e-04   5.2585423e-05   2.6015543e-03   1.0498511e-04   3.1868708e-03   2.1112814e-03   1.1865928e-07   4.5809465e-04
   5.6906629e-04   7.2131385e-04   7.2528469e-04   1.1239007e-03   2.6128597e-03   3.7335614e-09   1.1942023e-03   1.3067129e-03   1.0270604e-09   1.2538940e-03
   3.7286679e-04   1.3782138e-03   8.6797992e-04   8.9131731e-04   3.1227506e-03   2.7975506e-05   6.1498644e-04   5.1268693e-04   2.9159628e-24   1.8831437e-03
   5.4894277e-04   2.2917681e-03   8.3401873e-04   6.4869361e-04   4.1676767e-03   2.7134877e-07   7.1682341e-17   2.4882846e-04   1.4229056e-53   1.6030305e-03
   7.1140231e-04   3.0072256e-03   7.6428867e-04   1.9629685e-04   3.9514162e-03   1.8438552e-13   3.7835513e-22   2.3354991e-04   2.4455564e-65   1.3980857e-03
   5.8860263e-04   2.2657599e-03   2.5912860e-03   2.9163340e-28   2.8821395e-03   1.8204210e-15   3.4514417e-53   3.3887583e-05   4.0626839e-73   1.4274530e-03
   3.0823247e-04   6.4072073e-04   3.6984284e-03   4.5651190e-43   2.2140665e-03   4.3509081e-11   1.1333821e-50   6.6118051e-04   3.2973446e-54   2.3980227e-04
   4.3397230e-14   4.3805540e-09   3.6404864e-03   5.9041081e-59   2.0984751e-03   1.4907211e-06   1.9848148e-42   1.0287247e-03   4.2533801e-35   2.4820957e-23
   1.7409917e-04   9.3140352e-17   3.6850021e-03   9.7002752e-61   1.6304787e-03   1.7064529e-05   1.3794244e-20   1.1219574e-03   5.1340977e-29   1.2052802e-34
   1.0048266e-04   1.8038683e-08   3.1594633e-03   5.6564691e-61   1.5791157e-03   7.7572469e-08   4.1351883e-03   1.2139130e-03   1.0246880e-16   9.7305561e-28
   1.3925166e-04   9.9760559e-04   2.0685795e-03   6.9363962e-56   2.6878883e-03   9.7194085e-09   6.4800431e-03   1.0082006e-03   1.3792728e-11   1.4587929e-04
   6.8161400e-04   1.6712688e-03   1.0897076e-03   1.4727041e-08   2.6290068e-03   4.8888812e-11   5.1018452e-03   7.3818215e-04   1.2815526e-12   5.7322183e-04
   1.3877924e-03   1.5108802e-03   8.3503749e-04   6.8147277e-04   2.5534460e-03   1.9248786e-13   3.6798535e-03   9.4873275e-04   7.2213293e-15   6.3674839e-04
   1.9224036e-03   1.1201482e-03   1.3969562e-03   4.3673818e-16   2.4867033e-03   1.6097619e-17   1.8712476e-03   1.0481368e-03   2.1402635e-19   2.0252483e-04
   1.1491593e-03   2.0218909e-03   1.2146033e-03   8.2492086e-20   2.9766478e-03   1.6803527e-12   1.3071453e-04   6.3465338e-04   8.1629205e-38   8.6409629e-05
   1.4020413e-03   2.9007056e-03   7.9849841e-04   1.3552172e-15   2.9370774e-03   1.7927770e-16   2.2888694e-12   1.2600628e-04   8.2141345e-56   2.9995662e-04
   1.2931092e-03   3.0949735e-03   1.1580432e-03   2.5091899e-20   2.3754320e-03   3.4008795e-18   4.5982983e-30   3.5377642e-04   1.6996661e-64   1.8867529e-05
   5.0207319e-04   2.9349719e-03   2.1285158e-03   1.1389703e-12   1.0958297e-03   1.5788646e-18   6.3513275e-34   8.4715198e-04   3.8908703e-59   1.4517079e-29
   3.5751591e-04   1.5987668e-03   3.0487084e-03   8.7263248e-27   6.4919648e-04   4.6817880e-06   9.5507630e-39   1.1397687e-03   1.0221872e-52   8.2380750e-41
   5.7304685e-04   5.1586944e-04   3.1581849e-03   5.9851818e-26   3.7794051e-04   7.1628246e-04   9.8968298e-31   1.5517087e-03   3.2006774e-30   1.1212144e-24
   3.9264079e-04   3.0592306e-04   2.8687666e-03   1.3108641e-16   7.1088972e-04   8.5350121e-04   3.5760784e-21   1.1587116e-03   5.6530339e-11   1.3299693e-10
   6.8648240e-04   2.7810650e-04   2.4600522e-03   3.3287264e-18   1.5336752e-03   5.4994584e-04   1.3541779e-18   1.0385720e-03   1.8988960e-06   1.0041186e-11
   3.7931037e-04   6.4734958e-04   1.8251722e-03   9.4022371e-16   1.4219953e-03   3.7751666e-05   3.2529424e-03   9.2357003e-04   4.6303051e-10   5.3200031e-05
   1.1545215e-03   1.1447238e-03   1.0115736e-03   7.1264380e-21   1.6411311e-03   8.9457171e-07   5.5848018e-03   7.4051177e-04   1.5738724e-21   8.3799248e-05
   1.1394107e-03   1.4707737e-03   3.9338320e-04   4.0667729e-09   1.9628865e-03   1.3297487e-05   4.6019510e-03   7.2239977e-04   1.3772069e-29   3.4965732e-05
   8.6591348e-04   1.2260024e-03   4.8927915e-04   4.3335306e-07   1.7879748e-03   1.8628558e-06   2.6366476e-03   5.7536673e-04   5.3988912e-34   2.2333463e-06
   1.3903264e-04   1.0975553e-03   6.3578490e-04   2.6636628e-04   2.3837485e-03   3.3384708e-22   1.5080249e-03   5.5569999e-04   1.2756602e-43   2.8556128e-10
   4.8389790e-04   1.1991151e-03   7.4700372e-04   1.3085652e-11   2.0820158e-03   9.3168519e-15   9.8536760e-04   7.5166134e-04   8.4028042e-44   2.7419491e-17
   1.6967496e-04   1.3181883e-03   7.1222725e-04   1.1487293e-27   2.2519087e-03   4.7040948e-07   4.9059166e-04   1.1133752e-03   6.4798668e-50   1.1117199e-17
   1.4370680e-04   1.0999618e-03   2.1166396e-03   9.0258740e-44   1.3718646e-03   2.1618390e-16   5.2346054e-31   1.0110895e-03   3.5307645e-55   5.6971491e-18
   1.2949316e-04   7.4587284e-04   2.8686911e-03   1.0497883e-54   8.0659915e-04   1.7224855e-15   5.4028600e-48   6.5688324e-04   2.0382965e-36   7.5841517e-26
   1.0942977e-04   3.0785090e-04   2.7429136e-03   6.6362572e-42   1.1809770e-03   1.0162796e-14   1.6067944e-42   5.4091817e-04   1.3374810e-19   1.0995814e-26
   1.9308315e-04   4.9948760e-05   2.6554226e-03   2.9961940e-34   1.1566473e-03   4.6000250e-06   1.3443859e-29   6.0800034e-04   2.9487341e-09   7.8469219e-21
   3.6587055e-04   8.0756921e-07   2.8948582e-03   2.2941048e-27   4.4923007e-04   2.3855355e-07   4.4214142e-15   5.2664232e-04   4.6518132e-05   1.0065103e-17
   6.1785592e-05   2.4203077e-04   2.5299358e-03   1.5302308e-17   9.6532694e-04   3.7497047e-04   1.8826434e-09   4.5540123e-04   1.7932534e-07   7.7327189e-25
   4.7761601e-05   5.7073559e-04   2.0309181e-03   3.9349793e-16   2.0102835e-03   1.1385482e-03   7.0952525e-04   3.9149922e-04   1.5566891e-15   4.2434524e-17
   1.1232203e-04   7.5395504e-04   2.1335550e-03   5.2277414e-11   9.6945767e-04   1.6453829e-03   2.7353783e-03   3.9415204e-04   3.3639106e-20   3.4184427e-12
   4.1829363e-04   8.0357090e-04   2.6326171e-03   3.7643816e-14   3.1909514e-04   6.5660445e-05   2.9899099e-03   6.9433381e-04   2.6380464e-24   1.6871183e-16
   7.7663760e-04   7.9641982e-04   2.3701403e-03   5.8686552e-30   8.6177857e-04   1.8238600e-28   6.2398207e-04   8.9510142e-04   1.9773547e-28   2.3447612e-05
   2.4457342e-04   6.9088486e-04   2.6772248e-03   1.4304474e-14   2.4011730e-04   7.4061868e-20   1.4001255e-04   9.7105584e-04   4.7696289e-26   6.4751974e-05
   1.9646277e-04   9.7320471e-04   2.6784711e-03   2.0846234e-33   7.6590762e-04   1.0733497e-24   1.6995786e-10   9.0744689e-04   1.8979012e-33   7.1017407e-12
   5.0250008e-05   9.9275776e-04   3.8692448e-03   6.0053767e-49   4.8254377e-04   8.6559573e-39   3.9055503e-23   5.2901042e-04   1.2324796e-32   8.8633446e-22
   8.2627838e-04   2.7335208e-04   5.3192040e-03   4.9892506e-38   2.4479582e-08   1.1482831e-40   1.6197540e-38   4.4543667e-04   1.7982099e-23   1.2311206e-31
   4.3886094e-04   2.8896896e-05   4.8306642e-03   6.4292611e-33   2.4375398e-10   1.4337167e-28   2.3554160e-31   5.4868513e-04   7.3265111e-10   5.4482690e-31
   8.5179255e-04   1.5117918e-07   3.5932117e-03   4.9373098e-23   2.3942717e-07   3.4803876e-16   1.3132737e-26   5.4033006e-04   4.3816010e-07   4.7339775e-21
   1.8980130e-25   2.8563223e-11   3.8189273e-03   6.0539306e-33   1.5146496e-05   8.4471103e-17   1.0667016e-27   5.4167726e-04   5.2118140e-04   5.4564355e-19
   1.7842835e-04   1.4764378e-12   4.2723212e-03   1.0807089e-41   5.0373302e-05   2.8742220e-15   2.2113539e-17   4.5779029e-04   7.8566206e-04   3.1288472e-19
   1.8302061e-04   3.3884339e-06   3.8582005e-03   1.4392972e-54   2.9187121e-04   8.3467057e-14   3.6028414e-15   6.6411610e-04   2.2446517e-06   2.9734353e-33
   1.5851966e-04   1.4390220e-04   3.2424651e-03   1.4690376e-33   1.4463830e-03   2.6985790e-20   1.3945120e-03   8.9118853e-04   2.5292610e-17   9.1112939e-28
   6.6600881e-08   2.4292326e-04   2.7198616e-03   4.5132132e-28   1.5939838e-03   3.6723527e-14   4.9629438e-03   1.1790268e-03   3.8447818e-17   1.2314134e-30
   1.2400309e-03   2.7527420e-04   1.7983614e-03   2.1585822e-11   1.9239831e-03   1.0196113e-26   6.7851170e-03   1.0463838e-03   1.1792155e-22   2.3474565e-35
   8.9448500e-04   6.3575296e-04   1.5721853e-03   7.9366020e-04   2.2266139e-03   5.4439441e-39   6.6760784e-03   7.0054167e-04   3.0999757e-29   3.5779176e-27
   5.5336207e-04   4.7867981e-04   2.1451532e-03   1.0025095e-24   1.6765761e-03   5.1167616e-43   5.0491361e-03   5.5817405e-04   2.1255490e-33   3.0430092e-22
   8.8016736e-04   7.6748321e-05   3.2347751e-03   1.2263869e-63   1.2845476e-03   2.8427725e-46   1.4183308e-03   3.9341103e-04   1.6924569e-26   2.4913429e-25
   7.4609167e-04   5.3453369e-06   3.8811495e-03   1.3872269e-41   8.3762223e-04   6.5857007e-48   1.7371284e-18   4.5454961e-04   2.0245459e-20   1.0275109e-30
   6.7920690e-04   3.6668607e-08   3.5048707e-03   8.3059291e-35   2.1803305e-03   1.2142374e-42   2.7053506e-34   4.9057727e-04   1.4958713e-17   1.5435952e-28
   3.8631933e-04   6.4088451e-07   2.8080067e-03   3.6700180e-26   3.0419199e-03   1.5475426e-33   9.8921180e-41   4.7153973e-04   6.5944936e-15   2.1161648e-23
   4.1245800e-04   2.5349433e-06   2.8501310e-03   1.1959579e-08   1.6967526e-03   4.8018760e-33   6.5758536e-33   5.6865855e-04   7.3773394e-15   5.5735826e-25
   8.3133372e-06   5.3356851e-12   2.6508436e-03   2.5341986e-04   6.0688714e-04   1.4005569e-23   4.8176353e-43   1.1697524e-03   5.0756546e-20   7.7618933e-29
   5.1012839e-10   2.3941868e-16   2.5179763e-03   6.5457217e-05   5.7339327e-04   4.9277886e-21   1.5711294e-16   1.5746687e-03   1.2952940e-22   3.6815984e-37
   2.4682660e-04   5.1640930e-14   2.1806275e-03   6.7053515e-04   6.3323909e-04   1.5061853e-23   1.1962862e-06   1.6410455e-03   1.2628678e-18   4.3780868e-38
   7.7343278e-04   7.0501756e-08   1.5280265e-03   1.7615561e-03   1.6063383e-03   1.3259063e-10   4.5203802e-04   1.6894370e-03   2.6899673e-22   1.7076888e-26
   1.1041511e-03   9.7013237e-05   1.2181393e-03   2.7149205e-03   1.0242057e-03   4.4702118e-10   2.2715883e-03   1.3546587e-03   7.1668134e-15   1.7930640e-15
   1.3263759e-03   3.7208417e-04   7.8161760e-04   1.9217742e-03   1.1726159e-03   3.3094566e-15   4.3998731e-03   1.2797132e-03   1.3710484e-13   1.9258070e-09
   8.6766535e-04   7.5057197e-04   5.3624619e-04   3.7877852e-10   2.0678473e-03   3.4751674e-17   2.7914108e-03   9.9136101e-04   4.5638021e-24   7.6849620e-05
   5.9505058e-04   1.0729441e-03   5.1122821e-04   7.3615724e-51   1.5995518e-03   5.2281302e-22   1.2781265e-03   7.7694798e-04   3.0787080e-29   2.3996026e-04
   1.8367670e-04   1.0945615e-03   8.5951495e-04   5.2248609e-33   1.3752811e-03   4.8161456e-17   3.2008395e-04   7.0109526e-04   2.8993047e-26   3.5091429e-04
   3.1424311e-04   7.9052999e-04   1.0331739e-03   9.5253928e-18   2.4396229e-03   5.7708694e-22   6.1704352e-15   1.2342340e-03   1.3999360e-18   2.0938295e-04
   3.9534923e-04   4.6930439e-04   9.4650459e-04   8.4484827e-29   2.9139398e-03   3.8994240e-13   9.7577858e-20   1.6527961e-03   1.3995593e-23   1.5450299e-04
   4.0637292e-04   3.3262357e-04   8.2054820e-04   1.0649055e-26   2.7096428e-03   2.1407091e-05   1.6740255e-30   1.8505627e-03   3.2690942e-25   1.0032183e-04
   4.0478317e-04   3.2085979e-04   8.6716177e-04   3.7982616e-11   2.6063009e-03   2.1774599e-17   1.2170016e-31   1.7023282e-03   5.7539805e-08   1.2745510e-04
   9.2477116e-04   2.3773820e-04   1.0245926e-03   6.1794612e-25   2.0649768e-03   3.9616581e-10   2.2758323e-36   2.2456425e-03   1.7118917e-13   7.0809335e-08
   8.7754899e-04   8.7858547e-05   1.1027311e-03   2.6183896e-31   1.6272945e-03   1.7233993e-06   5.8256857e-24   1.9722891e-03   3.8299173e-16   2.2448707e-09
   6.6341787e-04   2.2918180e-05   1.0059053e-03   1.2490640e-11   1.9462802e-03   9.0864905e-05   5.6541558e-06   1.7809125e-03   2.1547537e-20   3.2600242e-09
   1.6693518e-04   1.6563897e-04   5.7772721e-04   1.0067784e-03   1.7842179e-03   3.2537029e-04   2.2528377e-09   1.9135747e-03   2.5506088e-23   2.0813450e-09
   1.4962169e-04   2.8818428e-04   4.3543402e-04   7.7034156e-04   1.2337381e-03   3.2063379e-04   8.1217227e-04   2.0544840e-03   2.5291374e-12   6.8860666e-08
   5.9956404e-04   4.0089355e-04   3.3479993e-04   3.8248257e-14   3.5698936e-04   1.8814965e-04   2.4014379e-03   1.8192606e-03   9.4656638e-08   2.9838329e-04
   3.8472759e-04   6.7253776e-04   2.3251967e-04   2.7488731e-19   1.1899918e-03   6.9620351e-12   1.7983765e-03   1.3393503e-03   1.4747252e-14   6.2234148e-04
   4.1266806e-04   5.4913952e-04   4.1043519e-04   2.9358339e-27   2.1630530e-03   3.9436526e-18   2.9976305e-04   2.1980459e-03   7.6034505e-17   4.6141590e-04
   2.2332353e-04   3.3239874e-04   6.1117811e-04   3.1763843e-08   1.9087985e-03   2.3639670e-05   2.1848597e-10   2.9758282e-03   2.8676438e-16   3.8611279e-04
   2.4628075e-04   3.7145393e-04   5.9398087e-04   5.3133346e-04   1.4749518e-03   1.6384997e-05   3.4880191e-11   3.8558990e-03   1.2777071e-15   1.1775871e-05
   2.9019243e-32   1.8266700e-04   5.8291176e-04   2.8242295e-04   1.1399680e-03   3.7278066e-06   7.6798740e-18   4.4294658e-03   3.6038634e-14   1.3736168e-13
   2.5426461e-06   4.9072623e-05   6.2168912e-04   6.2064071e-06   1.0781976e-03   1.7199717e-06   6.3875314e-17   3.9335064e-03   9.1192513e-14   7.3985823e-11
   8.8480901e-16   1.2576648e-04   6.2262517e-04   3.9582549e-20   8.3490354e-04   2.8433483e-05   3.2914663e-25   3.8044151e-03   6.3115755e-15   1.1385159e-14
   5.6396346e-05   1.0601491e-05   7.6693661e-04   9.5044350e-17   1.1432205e-03   1.5055895e-04   1.1292026e-22   3.3314117e-03   1.2146523e-19   1.6646064e-17
   4.6586017e-04   5.8065047e-06   7.8976290e-04   5.2653862e-10   1.4146327e-03   1.1060900e-05   3.9268156e-19   2.1892483e-03   4.6648577e-24   3.0204204e-04
   3.0295731e-04   6.9261484e-05   6.5814071e-04   2.3811663e-13   1.8506735e-03   1.1233732e-04   2.8452285e-13   2.3589974e-03   1.3360931e-31   6.8093733e-04
   6.7436977e-04   3.7608601e-04   4.9072472e-04   5.7649408e-55   2.4656361e-03   1.9003555e-04   2.2776389e-12   2.1897652e-03   1.0087198e-29   1.1818508e-03
   6.0245411e-04   5.4990778e-04   4.5948195e-04   2.8121612e-14   2.5684115e-03   2.8587219e-04   6.8873424e-04   1.7489676e-03   2.1535375e-36   1.3848441e-03
   9.0460534e-12   4.5351113e-04   4.2714082e-04   1.3220130e-19   2.4711493e-03   2.2747774e-04   1.3637631e-03   2.6063188e-03   4.8412348e-40   1.8058533e-03
   9.6142599e-04   4.4920225e-04   6.5784568e-04   6.6970465e-10   1.8416793e-03   9.8295924e-09   8.2009779e-04   2.8706675e-03   1.3593605e-45   1.9399995e-03
   1.0230997e-03   3.0820273e-04   8.2883194e-04   3.1688653e-25   1.2477911e-03   5.8618580e-16   6.6211467e-09   3.1080359e-03   1.7495638e-34   1.7577747e-03
   5.7374178e-04   3.0652585e-04   9.2484073e-04   1.7353511e-38   2.2609600e-03   9.3231286e-14   1.2895329e-16   3.6295465e-03   1.8650739e-30   9.8215342e-04
   2.9018666e-04   3.4161442e-04   7.0795069e-04   3.6093880e-08   2.3542209e-03   8.8469637e-05   1.1039582e-24   3.7488097e-03   7.4645502e-21   6.9504303e-04
   2.9868071e-04   3.0367152e-04   5.3150258e-04   1.1224758e-04   1.8188202e-03   1.4203018e-04   2.7128843e-18   4.2767446e-03   3.0848592e-12   8.9698813e-04
   5.8774347e-06   5.2953193e-04   5.9215975e-04   5.4347904e-53   1.9582317e-03   2.9459431e-05   6.6144599e-21   3.5451055e-03   2.5238275e-17   1.6210325e-03
   2.0262933e-04   2.2243510e-04   8.6199704e-04   4.0736831e-45   2.2140741e-03   3.7571667e-04   1.6744811e-28   2.8701814e-03   2.2355496e-22   2.3004787e-03
   2.2941943e-04   8.8130815e-05   8.5010364e-04   2.2757449e-17   1.5819392e-03   4.0379588e-04   1.1752383e-27   2.4898792e-03   4.9820410e-23   1.8298049e-03
   2.2393208e-04   2.2576012e-04   8.1866762e-04   1.8090563e-13   1.4564896e-03   3.2207513e-04   3.6697457e-18   1.7816771e-03   8.5275759e-24   2.0570461e-03
   2.2774219e-04   5.3630279e-04   7.0662999e-04   1.2545732e-51   2.1918434e-03   1.0226682e-04   5.9373224e-10   1.3479083e-03   8.5512190e-23   2.4111446e-03
   4.4352641e-11   3.4654979e-04   8.6962011e-04   8.6287419e-22   1.3131098e-03   3.4035967e-04   1.1791149e-06   2.5556080e-03   8.2089797e-36   1.8259405e-03
   7.8838586e-19   5.4164891e-04   7.1966884e-04   6.8659154e-12   1.5198022e-03   7.5212572e-04   1.3128197e-04   2.2159661e-03   5.8839640e-28   1.6981738e-03
   1.5635109e-04   8.3813541e-04   7.0096484e-04   2.8045603e-16   1.4028775e-03   8.8758751e-04   3.9705011e-04   2.2003691e-03   3.2084049e-22   1.5838770e-03
   4.7703238e-04   6.6993812e-04   8.6380028e-04   1.6796464e-09   7.9705913e-04   2.5467231e-04   3.8483736e-05   2.5827419e-03   1.0516261e-28   1.2307495e-03
   6.3656209e-04   5.2979314e-04   8.5871581e-04   9.8270638e-16   1.2236122e-03   1.8756299e-14   3.6434939e-13   2.6379851e-03   1.5196577e-21   1.2869659e-03
   9.1156342e-04   5.4580619e-04   6.6413761e-04   1.1801128e-26   4.7087825e-04   1.8884164e-05   3.3165229e-05   3.4348346e-03   3.7044838e-16   1.4260930e-03
   3.8548114e-04   7.6053272e-04   5.9984207e-04   7.2423189e-35   5.0837255e-04   4.7639272e-05   1.3648298e-16   2.7890285e-03   8.0123361e-14   1.4617460e-03
   3.3894216e-04   6.6613441e-04   5.4942899e-04   1.5328958e-17   6.0536515e-04   1.4881036e-04   5.4298787e-16   2.0354543e-03   3.0800194e-14   2.3633256e-03
   5.2943867e-04   6.6197859e-04   5.9017769e-04   1.2876599e-03   7.8088326e-04   1.3860220e-04   3.0631774e-18   1.3812937e-03   6.2484940e-16   2.8266221e-03
   4.3154307e-04   6.5610958e-04   5.7067569e-04   1.1142185e-03   6.1377156e-04   1.7762773e-04   4.6113220e-22   1.5435700e-03   8.8127071e-08   2.4404660e-03
   2.0567918e-04   8.1405976e-04   6.9628324e-04   4.4221804e-05   6.2738598e-04   1.2909863e-04   2.1936656e-24   1.5590575e-03   4.1848503e-19   1.7679268e-03
   2.6308238e-08   5.8534160e-04   8.3182982e-04   4.7161498e-32   1.0385223e-04   1.5734288e-04   3.2032168e-12   2.3491276e-03   5.7152036e-16   7.3775733e-04
   3.7418404e-04   1.0419821e-03   7.3007137e-04   2.0676073e-45   4.8920479e-04   3.1129372e-09   6.4370576e-08   1.8288783e-03   2.9109700e-18   1.5128703e-03
   3.2729791e-04   1.2031103e-03   5.7840957e-04   1.7809733e-22   5.7034202e-04   1.4455902e-04   8.6395991e-05   2.8187283e-03   3.9373866e-17   1.1329455e-03
   1.9858737e-04   1.1110721e-03   5.5795245e-04   2.9391690e-40   1.3834137e-03   5.9345545e-04   9.4713052e-05   2.4634189e-03   1.2312870e-32   6.1490904e-04
   5.1454053e-06   1.2329971e-03   8.5824256e-04   2.8774943e-48   1.4989234e-03   6.3701058e-04   2.0935001e-04   2.4474592e-03   3.8095065e-36   1.4766158e-03
   1.8074664e-04   1.3698164e-03   5.6336178e-04   1.2759596e-19   1.1337997e-03   4.4225012e-04   5.0010566e-04   2.7170179e-03   9.8524166e-21   2.5415393e-03
   1.5586564e-04   9.6804505e-04   7.8653960e-04   1.3809979e-14   1.0580015e-03   1.5531481e-04   1.3306707e-05   2.7743970e-03   8.1096393e-14   3.3522383e-03
   5.4326177e-04   3.3410759e-04   9.8515218e-04   1.0503908e-03   1.4457786e-03   2.1326336e-04   4.6746927e-05   2.7084418e-03   2.1085690e-10   2.8628612e-03
   5.3971832e-04   2.1010116e-04   7.5660587e-04   2.5599079e-03   1.0299582e-03   2.2651687e-04   2.9222797e-04   2.7757748e-03   1.3038548e-20   1.5938146e-03
   1.8678257e-04   8.7552854e-07   9.9316919e-04   4.5746896e-03   1.1386368e-03   6.0726754e-05   7.4090570e-07   2.0122971e-03   1.8887604e-25   2.2286321e-03
   3.1136313e-04   3.5254852e-05   8.2613995e-04   1.7414658e-03   1.3850365e-03   4.8337948e-04   4.7849568e-04   2.3259988e-03   9.7642385e-22   2.2122699e-03
   1.5261603e-04   7.8561816e-05   1.0195924e-03   4.1252138e-09   8.1179243e-04   9.9926311e-04   1.5286220e-07   2.6047165e-03   1.3020519e-26   1.4257262e-03
   4.1586301e-21   4.7828963e-09   1.2575120e-03   3.0456507e-03   1.4323419e-03   5.1494012e-04   4.3636291e-13   3.0046723e-03   1.5561762e-36   8.0902739e-04
   4.4830264e-17   1.7018461e-05   1.2953471e-03   4.9423160e-03   1.9559404e-03   2.3425459e-04   1.1546102e-15   3.1433319e-03   1.7892937e-27   4.3638491e-04
   8.4870952e-19   4.6349907e-05   1.7380494e-03   1.5932786e-03   1.8954299e-03   2.7569498e-04   4.1841810e-05   2.6608207e-03   8.9052939e-35   5.4610399e-04
   1.4972787e-04   3.9289067e-04   1.1950186e-03   1.1775293e-21   2.3717501e-03   3.6463967e-04   1.6219074e-06   2.3569993e-03   9.0915820e-33   7.5343073e-04
   1.7696620e-04   4.9670770e-04   1.0245796e-03   1.7693110e-03   1.6195622e-03   4.2810639e-04   2.8017634e-07   2.0892915e-03   1.2817466e-27   1.2339961e-03
   5.8233420e-14   8.0007790e-05   1.1396619e-03   1.3960593e-03   2.4844868e-03   7.4337048e-04   1.3100335e-04   2.4271488e-03   6.0705869e-31   9.2849630e-04
   2.9493738e-04   1.7395892e-04   1.1447112e-03   2.0371766e-04   2.5590181e-03   1.8787929e-04   1.3365781e-03   2.5569683e-03   1.9427178e-35   5.6540840e-04
   5.4576337e-04   4.0362459e-05   9.7711181e-04   1.0646121e-03   1.5531119e-03   4.7239178e-06   1.0278438e-03   2.8403553e-03   8.6765789e-36   3.4604082e-04
   3.5913434e-04   2.2721154e-05   9.9301408e-04   1.5794390e-03   1.5627955e-03   7.2702037e-05   4.7164517e-04   1.7026140e-03   1.7236878e-32   4.8003164e-04
   5.7611834e-04   8.0311793e-11   1.0151657e-03   1.8276145e-35   1.7679726e-03   7.8938807e-10   4.9885483e-04   2.3385326e-03   8.8227829e-37   5.0535304e-06
   9.3287415e-04   1.8231033e-15   1.4828725e-03   3.8851817e-22   1.3558387e-03   7.2679031e-20   2.4816413e-09   1.7100048e-03   1.2012410e-32   2.6814989e-04
   8.3096671e-04   2.2661628e-12   1.9257380e-03   1.2931136e-41   9.9703505e-04   3.5553333e-11   7.0071726e-22   1.5526414e-03   7.0608400e-34   9.9915857e-05
   8.1333012e-04   1.5082804e-09   2.2065119e-03   1.3114954e-20   6.4336082e-04   2.0032982e-09   6.8814545e-33   1.2945145e-03   2.4806708e-32   1.7018617e-16
   5.2420608e-04   4.8006072e-05   1.8460000e-03   1.2385796e-32   4.5024468e-04   1.7749119e-20   9.7263320e-29   8.5794254e-04   2.1783384e-29   2.1659512e-04
   4.3855716e-04   2.5571847e-04   1.3999827e-03   1.6506781e-32   6.6461189e-04   1.1245305e-13   4.7985671e-23   9.8367018e-04   6.7487881e-30   3.5157488e-04
   2.3416244e-04   3.3740058e-04   1.5046334e-03   9.9883453e-06   8.7840556e-04   1.6341993e-22   1.2755807e-34   7.4670874e-04   5.9264689e-36   5.5339361e-04
   3.4612658e-04   3.3337910e-04   1.3255541e-03   5.6308216e-04   6.5308263e-04   3.3326715e-34   9.1474731e-12   8.9824678e-04   3.0079518e-30   4.0228918e-04
   3.7530314e-04   2.1023395e-04   1.0395278e-03   1.2845740e-33   1.7429210e-03   1.5064826e-23   5.1847597e-04   9.8627751e-04   2.4003867e-25   3.2124211e-04
   3.0384018e-04   1.1709083e-05   1.1958515e-03   1.1570957e-15   1.5462264e-03   4.6399501e-20   8.8087261e-04   1.0709413e-03   2.4783659e-29   1.9608234e-04
   3.5289514e-04   5.8149847e-06   1.0330084e-03   7.8753536e-08   1.2704377e-03   5.6835667e-18   1.4623089e-03   6.8782609e-04   2.1340687e-27   2.3576893e-04
   2.7430106e-04   8.9621473e-06   9.8190222e-04   1.1335149e-07   1.5271912e-03   1.0281751e-22   1.6866585e-03   6.8488508e-04   6.4562773e-19   6.1541100e-05
   2.9651831e-04   2.2925988e-05   8.5007836e-04   1.2373439e-03   1.2354385e-03   1.1704157e-25   1.3032340e-03   9.4120392e-04   2.3508309e-20   6.7338404e-06
   6.7832072e-04   1.0318800e-04   7.2087877e-04   2.5684776e-04   1.8261471e-03   2.5919139e-35   6.9379659e-04   7.5032757e-04   5.7152176e-28   1.5930663e-04
   7.5471562e-04   1.2002581e-05   9.6008343e-04   3.2796425e-26   2.1374412e-03   1.8490534e-16   3.0000843e-14   6.1585540e-04   3.9840827e-17   1.6757284e-04
   6.3801532e-04   3.2831348e-05   1.0827294e-03   8.4511116e-17   2.3451388e-03   6.5360118e-09   1.5734561e-20   5.0418274e-04   4.0410339e-14   1.8747130e-04
   4.2762018e-04   2.9502692e-04   1.2638163e-03   2.9735293e-39   2.3701860e-03   2.0986273e-19   1.0926950e-32   3.5289522e-04   1.6547481e-28   1.6750138e-04
   1.8917099e-04   2.0867463e-04   1.2515230e-03   9.2304649e-04   2.3704259e-03   3.6116856e-28   5.3720526e-28   4.7339001e-04   2.4619121e-22   4.3319524e-05
   4.5922216e-04   4.0328086e-04   1.1814564e-03   5.5246927e-04   2.5362423e-03   4.4869669e-33   1.1159551e-24   3.4343660e-04   3.6491901e-29   1.1440373e-05
   1.7752575e-05   4.2421235e-04   1.1332043e-03   6.2218003e-12   3.0162182e-03   5.4014643e-31   5.1975808e-28   4.0819111e-04   8.1194635e-26   3.4780667e-08
   3.2968042e-04   2.5309490e-04   9.8660368e-04   1.9852031e-11   3.2720241e-03   1.9529827e-37   2.0450796e-10   3.0956143e-04   4.4202294e-22   1.5794337e-06
   4.3615856e-04   2.6033188e-04   6.2328017e-04   3.0642025e-07   3.4576718e-03   6.8518653e-30   5.7908865e-04   3.5485043e-04   3.0977342e-27   5.3644167e-05
   5.5139728e-04   6.5389428e-05   7.4124282e-04   1.6790356e-05   3.8752442e-03   1.0537773e-15   2.3164940e-07   4.5357950e-04   1.0132463e-24   3.4976150e-05
   9.2128004e-04   9.5552962e-05   7.0970548e-04   7.0793942e-04   3.7203306e-03   1.2936990e-16   1.1296070e-04   4.4333696e-04   1.0913953e-21   2.2126322e-08
   1.0011547e-03   8.0855867e-05   5.8492200e-04   3.8826203e-10   3.9511941e-03   7.0500599e-28   7.0184315e-04   3.6305771e-04   1.0583748e-22   8.3660782e-05
   1.0624744e-03   1.2463833e-04   5.3004736e-04   3.1995432e-30   3.5334960e-03   1.2363560e-16   5.8012208e-04   4.0701776e-04   6.9706865e-25   1.0926536e-04
   1.1248224e-03   1.4707371e-04   6.5925996e-04   3.3060858e-07   2.6578910e-03   6.9037470e-20   2.6797208e-04   3.9948818e-04   4.0667129e-19   2.2105182e-05
   8.5652013e-04   1.3059723e-04   7.7782026e-04   2.4119426e-03   3.3048205e-03   1.0423671e-13   2.2444478e-12   3.3233308e-04   4.0391018e-33   4.3566982e-05
   9.3640522e-04   2.1321439e-04   8.7385671e-04   2.1631166e-03   3.3148472e-03   6.5007102e-16   1.2155975e-31   4.1288781e-04   8.9482361e-28   1.6510191e-06
   1.2053824e-03   2.0829243e-04   8.5795515e-04   4.4014402e-03   3.5021095e-03   4.4698451e-27   4.1171276e-33   2.6278423e-04   4.3599790e-24   3.9705346e-05
   1.1035302e-03   3.2169230e-04   8.2198794e-04   6.3098158e-03   3.3643169e-03   1.2940459e-36   3.0094227e-42   2.6002791e-04   2.2162779e-26   4.1418872e-05
   9.6357582e-04   3.2294672e-04   8.0636271e-04   6.1975882e-03   2.7515505e-03   2.0417881e-32   1.0527092e-26   1.5918123e-04   5.7728703e-31   1.0064532e-04
   6.4677438e-04   1.9848086e-04   8.2324210e-04   3.9631498e-03   2.8880925e-03   3.4642172e-28   8.5710669e-31   2.4435010e-04   1.2686035e-19   3.1455765e-05
   3.5877300e-04   9.6169017e-05   6.6948686e-04   1.1129491e-03   3.1895652e-03   2.5056580e-20   1.1986416e-05   4.8602049e-04   3.6034459e-27   5.0563973e-12
   2.9534792e-04   3.1249422e-05   7.1301049e-04   1.2033768e-03   3.5297275e-03   5.3522929e-19   7.5808351e-05   6.7445401e-04   9.7316113e-22   5.5809191e-12
   1.6817930e-04   7.8745044e-05   5.9150509e-04   4.8400857e-03   3.2505326e-03   1.9178099e-16   4.6574279e-21   6.0642298e-04   4.5976431e-21   2.0116224e-06
   7.6463403e-05   1.5163632e-05   5.7456648e-04   8.6213100e-03   2.2692108e-03   3.1084215e-21   2.2159385e-04   6.1351916e-04   2.1269577e-23   5.1277814e-06
   4.2250325e-04   5.6307462e-05   6.7193917e-04   9.1981327e-03   1.2070128e-03   1.1265936e-20   3.1280126e-04   5.7782159e-04   4.7166983e-22   1.1321277e-04
   5.8050358e-04   2.5158798e-05   6.6056012e-04   1.0480829e-02   7.3897362e-04   5.3368522e-16   2.3642854e-04   4.8576189e-04   5.7333848e-27   8.8660660e-05
   5.9323500e-04   1.1567936e-04   6.5477846e-04   1.2379058e-02   1.0084020e-03   4.9055100e-17   1.2308720e-05   4.8339729e-04   9.8264585e-24   2.4575839e-05
   4.9576160e-04   1.4988913e-04   7.5347234e-04   1.2251770e-02   1.2893457e-03   2.6445980e-11   5.6221523e-14   4.4546756e-04   1.1663560e-20   3.7643434e-05
   6.0634973e-04   7.5728738e-05   8.2354710e-04   1.2996533e-02   1.8667952e-03   3.2982641e-16   5.7542229e-20   4.8336208e-04   3.1271945e-21   9.5628664e-06
   9.5322432e-04   2.2338724e-04   9.9391135e-04   1.3546437e-02   1.7949069e-03   1.4389436e-36   9.8467675e-34   2.6649675e-04   1.0310062e-21   3.0094731e-05
   9.9796076e-04   1.9063638e-04   8.8863407e-04   1.4125189e-02   1.6521333e-03   2.0211833e-46   7.7977809e-49   4.1305914e-04   3.4709555e-23   7.9879073e-05
   9.5130324e-04   1.8202066e-04   1.0514404e-03   1.3795549e-02   1.5476677e-03   2.7946779e-41   2.0583370e-29   3.5256383e-04   2.6690232e-24   7.4041480e-05
   9.1387358e-04   1.0930264e-04   9.7854783e-04   1.2547729e-02   1.6418725e-03   6.3402744e-35   2.3901441e-19   5.8749671e-04   4.2808623e-27   3.6290710e-11
   3.1396742e-04   3.5050645e-05   7.3794241e-04   1.2923393e-02   1.9709161e-03   3.0026415e-16   2.6982909e-09   6.9728540e-04   1.9490193e-17   1.6701213e-10
   2.3019427e-04   8.4994392e-08   8.9216578e-04   1.3638539e-02   2.0960890e-03   3.6242292e-20   2.5505892e-11   6.9865219e-04   7.3385015e-17   3.7745924e-19
   2.3932132e-04   2.8871244e-05   7.7367077e-04   1.5538591e-02   2.2441348e-03   7.6191481e-05   8.8911710e-05   6.4114526e-04   1.2141467e-24   1.9015412e-17
   3.4296244e-04   8.3504662e-05   7.8588051e-04   1.5117568e-02   1.7717988e-03   5.7237253e-05   1.3153416e-04   5.4823394e-04   3.7200557e-22   4.1973479e-17
   7.1553101e-04   1.5394008e-04   8.9571265e-04   1.3130558e-02   2.2244511e-03   1.3403491e-10   5.5961277e-04   3.7230278e-04   7.1718980e-15   3.8804884e-09
   8.2210845e-04   1.3310148e-04   1.0036112e-03   1.0500682e-02   2.1508307e-03   1.6306907e-15   7.0985147e-04   5.7780969e-04   1.2874646e-18   4.0642449e-07
   4.0359701e-04   1.9910516e-04   1.2412939e-03   3.9400700e-03   3.1300671e-03   4.1043039e-17   1.6427878e-04   5.5811791e-04   3.0315186e-23   1.0127946e-05
   4.2458950e-04   1.7742497e-04   1.4022684e-03   3.2369951e-03   3.0284764e-03   1.4561479e-15   6.2559854e-22   7.7365330e-04   2.9630666e-19   8.7928248e-15
   8.1120882e-04   1.8651867e-04   1.7566558e-03   6.8524742e-03   2.3171941e-03   1.5492534e-17   5.6204000e-27   7.9011577e-04   8.6318083e-23   5.9481412e-16
   9.4837770e-04   2.6820316e-04   1.6946015e-03   1.3137889e-02   1.8676352e-03   4.9942202e-32   2.7857620e-31   5.4433401e-04   1.1306676e-20   6.2206787e-08
   1.0471046e-03   2.5489940e-04   1.7024812e-03   1.8501546e-02   1.1141165e-03   4.4851307e-24   8.6431771e-43   5.8740783e-04   1.6843688e-31   4.3816067e-05
   8.9402054e-04   1.1942829e-04   1.8810764e-03   2.0874952e-02   1.8033662e-03   1.1901932e-24   4.9323273e-22   8.0035131e-04   7.6065502e-18   3.7875281e-16
   7.0114719e-04   6.8089996e-05   1.5965639e-03   2.0434986e-02   2.5608645e-03   2.0223995e-29   5.6745616e-18   6.9008902e-04   3.6008914e-04   2.3963801e-10
   8.4004724e-04   3.0486738e-05   2.0670448e-03   1.4949751e-02   1.6391942e-03   3.3943132e-37   1.3629054e-14   9.3985214e-04   4.8514708e-15   6.4426251e-12
   1.1991096e-03   8.5682546e-05   2.0950797e-03   5.9781514e-03   2.3299857e-03   3.7746805e-29   5.4277277e-07   9.9320155e-04   5.5783490e-25   2.2739868e-14
   1.3146036e-03   3.4454532e-04   1.5807778e-03   3.6108941e-03   2.1278977e-03   2.7805461e-17   5.9547471e-04   9.9075808e-04   1.1910828e-23   6.1288890e-10
   1.2475637e-03   2.3829833e-04   1.8463220e-03   6.4268024e-03   7.8894553e-04   4.4697419e-12   1.3058266e-03   7.2913347e-04   2.4636213e-26   5.4328028e-05
   8.1421989e-04   3.7248141e-04   1.7126165e-03   9.4730888e-03   5.2678174e-04   6.3737572e-17   1.8381955e-03   1.0426346e-03   6.7736759e-22   5.2258105e-07
   5.4817764e-04   3.3525950e-04   2.4153259e-03   7.6920362e-03   1.7367629e-04   1.0751047e-21   3.8753419e-05   1.1802749e-03   2.4111659e-21   9.4701816e-12
   2.4105329e-04   3.3560806e-04   2.8746613e-03   2.1845327e-03   4.4911699e-04   1.3157653e-31   5.8207508e-16   1.2988854e-03   7.7481101e-24   2.3110918e-10
   5.8067672e-04   1.0326324e-03   2.2078968e-03   1.3793848e-23   2.8494355e-04   5.6389219e-36   8.3622680e-20   1.5398716e-03   3.8168112e-26   6.9715221e-05
   3.9621813e-04   7.9689738e-04   2.2937983e-03   4.0299896e-19   3.4097372e-04   2.2777927e-36   4.9952870e-34   1.8651510e-03   8.4475783e-24   1.7835760e-04
   2.4111753e-04   6.1273965e-04   2.7634013e-03   7.9056134e-15   2.3633779e-04   8.5077658e-32   3.5458388e-43   1.6806549e-03   3.5622720e-15   1.3278094e-04
   4.5654905e-04   9.7694110e-05   3.2164413e-03   9.8905366e-29   8.6754500e-04   7.2360176e-40   4.0230537e-34   1.5661652e-03   3.6940504e-21   6.0506453e-05
   1.2026280e-03   1.6480696e-06   3.2339403e-03   4.2221132e-45   1.0880868e-03   2.9236680e-35   4.9931916e-27   1.7817761e-03   1.8023825e-19   1.1666007e-04
   1.7995361e-03   6.4511352e-10   3.1259727e-03   2.1186057e-39   1.6136936e-03   5.4082039e-44   8.2292757e-29   2.2820970e-03   4.7475056e-17   5.7161643e-11
   1.0587504e-03   3.8989426e-09   2.8476658e-03   8.4981590e-10   2.2507803e-03   3.5932650e-38   1.2411280e-03   1.8995750e-03   1.2946994e-09   1.0268030e-12
   2.8187348e-04   6.7493285e-05   1.8201367e-03   5.7414334e-03   3.2933238e-03   3.4727212e-36   3.8744481e-03   1.4576944e-03   1.1027970e-15   3.4714585e-04
   4.0280770e-04   2.2767702e-04   1.4057739e-03   8.8060270e-03   3.2049488e-03   7.8797611e-24   2.7935753e-03   1.4857587e-03   6.6957497e-18   4.3588690e-04
   1.5267743e-07   5.8369031e-05   1.8667455e-03   9.3766218e-03   2.2495768e-03   4.1589141e-20   3.0278895e-03   2.2779135e-03   5.9815140e-18   3.4845721e-04
   5.7931703e-04   4.3766975e-04   1.7628841e-03   1.0416597e-02   1.2481382e-03   3.6204623e-20   2.9676127e-03   2.5065166e-03   7.1473269e-22   4.0648642e-04
   1.3722591e-03   9.5153095e-04   1.4500901e-03   6.1611436e-03   1.6338185e-03   1.5806996e-25   2.1621705e-03   2.2032509e-03   4.3536094e-24   9.0604962e-04
   9.1871224e-04   1.0859846e-03   1.3282385e-03   2.6340683e-03   2.0943394e-03   6.4642866e-29   8.1696487e-04   2.7858714e-03   2.3964585e-13   3.6813472e-04
   1.4968450e-03   1.2793341e-03   1.2134431e-03   1.1876787e-03   1.6808682e-03   7.5589178e-23   3.1961581e-20   3.3278819e-03   4.1250070e-16   4.6498026e-04
   2.3007239e-03   1.5421954e-03   8.9672951e-04   1.8700816e-04   1.4257192e-03   1.1971909e-11   5.9077492e-17   1.7797966e-03   9.4270147e-26   1.1858561e-03
   2.4845298e-03   1.0174630e-03   1.2836036e-03   1.6756858e-05   1.1962500e-03   1.4821280e-22   1.6453810e-09   9.4385651e-04   5.7740280e-25   1.4478418e-03
   1.8868330e-03   8.0663361e-04   1.2582983e-03   7.3130573e-04   1.0246842e-03   8.2488577e-26   2.3985658e-30   1.5719429e-03   1.3300492e-17   8.2924813e-04
   4.2390001e-04   3.7485884e-04   1.4279753e-03   8.8626323e-04   5.6632930e-04   2.9872106e-30   2.0737575e-21   1.7524954e-03   1.0827204e-29   6.8490835e-04
   8.8799064e-04   5.9410069e-04   1.2052526e-03   1.5822420e-04   1.1542071e-03   2.7913132e-31   4.6954988e-18   1.0370446e-03   1.8611517e-25   1.0817050e-03
   1.2919576e-03   7.9635312e-04   7.9313057e-04   1.6336710e-03   2.2400052e-03   5.4062438e-19   1.2251031e-16   1.3664416e-03   2.9186014e-17   7.7021521e-04
   1.1676357e-03   7.8506866e-04   7.7663915e-04   6.2565189e-04   3.0721068e-03   5.5804680e-32   2.1201441e-06   1.4329918e-03   3.3813685e-14   6.7882024e-04
   8.5669365e-04   5.7625512e-04   7.8256834e-04   1.0146131e-17   3.3994086e-03   3.4056129e-09   1.6484523e-04   1.1431475e-03   4.7659195e-17   8.5848242e-04
   7.1755885e-04   8.0402518e-04   6.3734299e-04   5.8750576e-04   3.2989287e-03   3.7143652e-05   7.3368846e-04   9.9991681e-04   2.5516805e-16   7.5551672e-04
   4.6657410e-04   8.1497683e-04   6.5214579e-04   2.8737680e-03   3.4541907e-03   1.2276455e-13   1.4921855e-03   1.1231551e-03   7.9237516e-14   2.6144813e-04
   8.0995328e-04   6.8454292e-04   5.7156997e-04   4.1369276e-03   3.0850138e-03   1.2957577e-20   9.5659007e-04   1.1211871e-03   3.2916214e-12   3.6699987e-04
   8.3665529e-04   7.5053730e-04   5.3984830e-04   4.9294297e-03   3.0899675e-03   9.7647191e-16   5.2627922e-04   8.0171604e-04   2.4171061e-07   2.1548288e-04
   9.5188850e-04   8.0204389e-04   5.9834417e-04   5.2425185e-03   2.4347057e-03   2.1342701e-06   3.2253067e-05   3.6317683e-04   1.7917763e-06   2.8390952e-04
   1.6351281e-03   5.0017427e-04   5.4359393e-04   5.2242324e-03   1.8172005e-03   6.7964401e-06   8.0133131e-10   8.6124758e-04   7.0534956e-13   3.0309540e-04
   1.5485180e-03   5.3339836e-04   6.9193483e-04   5.2625132e-03   1.7375050e-03   4.4281275e-09   2.9838704e-24   5.8267721e-04   2.9266322e-15   4.6641318e-04
   1.0008265e-03   2.7014175e-04   1.1002116e-03   2.7497748e-03   1.5715900e-03   1.9439646e-14   9.9366347e-26   4.7336906e-04   5.7330845e-15   4.1706379e-04
   7.4385005e-04   2.1141463e-04   8.1736239e-04   5.9374078e-36   1.5567114e-03   4.5399069e-15   8.8708372e-28   9.9876860e-04   5.1989233e-16   2.5631142e-04
   1.4259627e-03   2.4329095e-04   5.8243940e-04   1.7967104e-03   1.9232170e-03   5.8456818e-11   9.3950713e-05   9.5365746e-04   7.7192995e-13   5.3520282e-04
   1.4687624e-03   1.6963266e-04   5.7224886e-04   2.6466306e-03   2.3241610e-03   6.3863863e-08   3.1751192e-04   8.1189167e-04   2.6889298e-09   5.4412712e-04
   1.2621048e-03   1.7930229e-04   7.0740967e-04   2.3979642e-03   2.8862996e-03   1.5417980e-07   4.0144137e-05   6.1112893e-04   7.3019017e-07   2.7527692e-04
   1.3296799e-03   1.2781783e-04   6.2434152e-04   2.7723500e-03   3.4648254e-03   1.0536787e-05   1.2208592e-05   6.2350973e-04   2.7663271e-03   6.8962817e-05
   1.9005927e-03   4.1974954e-04   4.7475545e-04   3.9092837e-03   3.9608389e-03   1.4211076e-05   7.2332981e-04   4.9174371e-04   1.0629493e-08   6.6777760e-05
   2.1062013e-03   6.7659037e-04   3.8177995e-04   4.0823626e-03   4.0037336e-03   1.4989551e-05   1.1713651e-03   4.7653351e-04   1.9631433e-07   1.0155138e-04
   1.2818594e-03   5.3059074e-04   4.0234704e-04   3.3416867e-03   4.0634969e-03   1.9858729e-15   1.0089285e-03   5.1810919e-04   2.7013897e-03   1.3719006e-04
   1.5349803e-03   3.5936080e-04   6.0530310e-04   1.7364643e-03   3.9201615e-03   1.5932128e-08   7.9129090e-04   1.0495880e-03   2.0525802e-09   1.7416396e-04
   2.0836798e-03   1.8452653e-04   9.2176641e-04   4.7342301e-04   2.8330965e-03   5.0425970e-05   3.2924321e-09   5.1829013e-04   1.2827680e-17   4.1395384e-04
   1.2831783e-03   4.0663697e-04   9.9151556e-04   1.5176488e-03   1.7116181e-03   1.2747620e-08   2.8993003e-14   5.7457012e-04   1.9846484e-07   2.4306534e-04
   1.2850135e-03   2.7841978e-04   1.1696888e-03   2.9320847e-04   1.4544170e-03   8.0027199e-11   8.6857750e-23   8.2357878e-04   2.3865310e-11   2.3352865e-04
   2.1367052e-03   3.9186771e-04   9.5194840e-04   7.1464967e-05   2.7257031e-03   3.6030463e-10   1.3062978e-19   6.9409176e-04   1.4078806e-10   2.0313963e-04
   2.2563912e-03   4.7984377e-04   8.3847285e-04   8.8453186e-04   4.0863341e-03   7.9396384e-11   2.2574927e-17   5.6547985e-04   4.5422191e-06   2.3586474e-04
   2.1987311e-03   4.3934716e-04   1.0128700e-03   3.8398841e-09   5.0187348e-03   2.4922201e-08   7.9326774e-20   6.3745462e-04   2.3225031e-04   2.3516104e-04
   2.9059302e-03   2.9431304e-04   9.4181149e-04   8.7973675e-16   5.2401807e-03   3.8876155e-14   8.8950137e-08   5.6698499e-04   8.2629233e-04   1.3309781e-04
   3.0360035e-03   1.9901725e-04   8.3960981e-04   2.2991930e-08   4.9657377e-03   1.1143669e-05   2.6068021e-05   3.9360471e-04   2.4793255e-03   7.1268890e-05
   1.7158439e-03   4.8934441e-04   4.7053988e-04   8.4697047e-04   4.7006984e-03   8.7425171e-05   1.8772774e-04   5.2991446e-04   8.9149510e-04   1.8543915e-04
   1.9678561e-03   5.8191398e-04   4.8499879e-04   7.6641944e-04   3.9767992e-03   2.0447397e-05   1.2445198e-03   7.6957220e-04   9.8215035e-04   9.1118545e-05
   1.3667081e-03   5.7309312e-04   6.5210305e-04   8.5098158e-04   3.0031854e-03   6.6492868e-09   1.6350604e-03   1.0483001e-03   1.0833458e-14   5.2428130e-05
   1.4573931e-03   5.8408502e-04   6.9482956e-04   1.3501359e-03   3.1674829e-03   1.9386966e-04   7.2240044e-04   5.9223895e-04   8.7948549e-12   1.4023596e-04
   3.8362914e-04   5.0834964e-04   7.9195988e-04   1.0081544e-06   3.8962617e-03   2.5676826e-04   2.4360610e-04   4.5470825e-04   5.2828937e-14   2.4360573e-04
   1.5811582e-03   5.2455904e-04   9.5169168e-04   2.9480695e-32   4.3266019e-03   1.5287741e-04   9.4591097e-11   5.8867039e-04   7.8537472e-17   7.2730920e-05
   1.4602616e-03   8.5633060e-04   8.8841303e-04   1.6054208e-27   4.5271117e-03   7.7758831e-07   7.0368817e-12   4.4521594e-04   2.7805742e-09   1.7844608e-04
   1.8792905e-03   9.0596027e-04   8.6645197e-04   8.2139326e-16   4.1068230e-03   1.2261924e-21   3.8001631e-10   4.5602324e-04   5.8719596e-06   1.3259387e-04
   1.6632816e-03   5.1681295e-04   5.3107620e-04   6.2397697e-37   4.3716354e-03   1.0524960e-04   3.2196525e-05   6.1362454e-04   2.4563676e-03   1.3291504e-10
   1.4664870e-03   6.0431083e-04   6.6513740e-04   8.4700953e-04   4.4245951e-03   1.1876843e-07   1.0059930e-03   4.4941253e-04   3.7324952e-03   4.3724680e-05
   1.0139929e-03   4.4341696e-04   8.6275291e-04   1.9338262e-03   3.3436808e-03   3.1320993e-05   1.1005925e-04   4.0757221e-04   4.9645463e-03   6.3975974e-06
   2.3768172e-03   1.1569351e-04   8.4064432e-04   6.1633796e-04   3.0716100e-03   4.7840146e-05   4.3574985e-07   3.9349270e-04   5.1598262e-03   8.6271315e-06
   2.0266440e-03   3.7254163e-04   9.4714897e-04   1.6553999e-08   3.2877604e-03   2.8281106e-05   2.2035502e-04   4.3640742e-04   5.8019234e-10   1.0042207e-04
   1.4758754e-03   2.5129494e-04   7.1242356e-04   1.9105039e-05   2.8598242e-03   1.1543532e-04   4.3399957e-09   4.3256567e-04   1.6849717e-04   8.2713326e-05
   1.8489466e-03   1.1139440e-04   6.4608565e-04   4.9890530e-05   2.3216469e-03   1.4038305e-04   4.2458389e-05   2.7669790e-04   6.8059771e-06   2.4025880e-04
   1.5952935e-03   2.1736834e-04   7.4275083e-04   1.0523594e-18   2.4636289e-03   1.0642398e-06   1.1397788e-17   4.5866814e-04   4.6629306e-14   1.7025867e-04
   2.4560869e-03   1.4768461e-04   6.9229781e-04   1.2316449e-24   2.1508297e-03   1.9896800e-09   8.5157674e-19   6.9404086e-04   1.3634785e-13   1.6503366e-04
   2.6473150e-03   2.2144044e-04   8.6976198e-04   1.3610267e-22   1.8985934e-03   4.6193371e-22   1.3144559e-18   5.2189510e-04   7.0783535e-10   1.2447107e-04
   1.5936388e-03   4.1460402e-04   8.7964782e-04   7.1877530e-40   1.9254737e-03   6.1602670e-20   2.0921565e-12   4.7095635e-04   1.3484392e-10   1.5536431e-04
   1.0440780e-03   5.1758158e-04   7.0372908e-04   3.5825269e-15   1.5470788e-03   5.6732707e-20   4.7399826e-05   5.4006000e-04   1.5724949e-13   2.0894694e-04
   1.5738058e-03   1.8621848e-04   7.0961276e-04   1.1072213e-03   2.2652479e-04   3.0913862e-23   4.8088353e-05   6.2142570e-04   7.6401208e-14   2.3831123e-04
   1.6442977e-03   6.1011922e-05   7.3958150e-04   1.2775537e-03   8.5848372e-04   6.2844190e-31   6.7956136e-15   6.0519504e-04   2.5968439e-07   1.7769019e-04
   1.3399195e-03   1.3935019e-04   8.7334585e-04   1.6102638e-13   4.8526447e-04   6.5355004e-44   2.0714205e-17   5.2599550e-04   8.1726498e-08   1.6167328e-04
   1.4881550e-03   1.1128212e-04   5.9456451e-04   9.5864417e-21   3.4423118e-04   5.7939726e-29   1.6116244e-08   5.2210131e-04   7.1497375e-16   1.7886728e-04
   1.7249188e-03   1.0483300e-04   6.0055192e-04   1.0384403e-08   5.1209767e-04   4.2422111e-26   9.7343333e-17   4.8191750e-04   2.5426114e-10   1.2155684e-04
   1.7342044e-03   4.4198796e-05   6.6849534e-04   3.4827867e-09   1.3044438e-03   2.7017900e-22   9.3185309e-28   5.5043539e-04   2.1187670e-09   9.5240416e-06
   1.5145393e-03   4.8659044e-05   3.9859957e-04   6.7793146e-36   2.6366873e-03   1.3438581e-26   2.5895019e-20   4.8169782e-04   2.2238173e-12   7.7280588e-05
   2.1153454e-03   4.7063576e-05   4.9302088e-04   1.8303702e-04   3.1318763e-03   6.6206740e-41   7.0029507e-29   3.6250224e-04   3.7658167e-13   2.0727979e-05
   2.8118967e-03   5.5482430e-05   4.8149218e-04   1.8539182e-03   3.5639214e-03   1.3626819e-47   3.7852683e-33   3.8364912e-04   4.6700127e-18   1.3354850e-05
   2.5597435e-03   5.6800534e-06   5.8151339e-04   2.6412733e-03   3.3901732e-03   9.5954903e-46   5.6707319e-33   5.0327058e-04   3.4164452e-19   3.1620012e-05
   2.7911275e-03   4.9207407e-07   6.3342818e-04   3.0241795e-03   3.0304762e-03   4.2743090e-52   9.4381792e-20   5.3944845e-04   8.5304801e-09   1.8339156e-06
   3.3654447e-03   3.7019583e-06   5.3501435e-04   2.3364522e-03   2.4195853e-03   1.1704692e-27   4.3512426e-10   4.5742728e-04   4.0274003e-11   2.4777438e-05
   2.4040962e-03   2.9846150e-05   3.3669739e-04   1.5729367e-03   2.1775263e-03   1.6819597e-34   3.7794429e-04   4.2241001e-04   1.3505442e-19   6.4051242e-05
   2.6255569e-03   1.6970246e-05   3.9713470e-04   5.7782203e-08   1.8529900e-03   1.7798699e-40   4.7338002e-04   5.7094498e-04   2.9479364e-16   9.8422268e-10
   2.9552006e-03   3.3437868e-06   3.9201412e-04   6.8529885e-23   1.4869114e-03   2.2277548e-32   1.8868111e-04   5.8425247e-04   1.6304331e-08   4.1655721e-14
   2.4787329e-03   1.0437410e-04   2.8471038e-04   1.8306840e-04   1.0348553e-03   6.3527018e-30   2.3507231e-04   4.3086411e-04   2.2763098e-04   1.2461594e-04
   2.4407772e-03   1.7417684e-06   4.3358716e-04   3.9121790e-04   6.6642925e-04   3.0066309e-30   1.9017556e-04   6.0004781e-04   4.4889738e-05   1.0496509e-04
   2.7778978e-03   9.6887345e-10   5.5974273e-04   9.2763089e-06   6.5896327e-04   1.2766027e-36   1.3116794e-13   4.4934287e-04   5.9508552e-12   1.0737990e-04
   2.0551480e-03   1.4617621e-05   4.5912309e-04   3.7521505e-08   1.0641955e-03   1.1016915e-29   3.4792214e-42   3.3877281e-04   6.0441415e-11   1.3262436e-04
   3.2446268e-03   3.9893791e-05   3.2815865e-04   1.4752444e-39   1.3279454e-03   1.1600580e-17   3.0732082e-19   2.9721289e-04   2.0259461e-17   1.8277084e-04
   2.6075477e-03   3.5557724e-05   4.3312936e-04   1.4622335e-25   1.5877341e-03   4.0004405e-23   1.5574487e-22   4.4962469e-04   1.1989523e-19   5.1146395e-05
   3.4346738e-03   2.3421252e-05   4.3624783e-04   4.3922494e-11   1.1620195e-03   9.3682318e-16   9.6024232e-18   5.2407817e-04   3.5625232e-17   7.7011468e-08
   3.1445647e-03   1.3050257e-08   6.9250955e-04   3.4699415e-16   6.0181745e-04   1.0443179e-23   3.3191555e-25   3.2057721e-04   9.8859779e-16   9.8266896e-05
   2.4713786e-03   1.7080454e-08   7.4405425e-04   3.2212580e-20   2.2957328e-05   2.8980644e-33   1.1572868e-39   3.2054183e-04   1.8473649e-19   1.7284479e-04
   3.2508928e-03   6.3748433e-11   6.3124435e-04   1.7087048e-20   3.4547361e-04   7.4903929e-38   3.9069477e-20   3.8183390e-04   2.0636801e-22   1.0469299e-04
   3.5612764e-03   1.5078865e-24   6.4226327e-04   5.5942274e-11   9.5925468e-04   1.8040270e-39   6.5327250e-18   3.7901049e-04   3.3097347e-19   1.0509566e-04
   3.1608247e-03   5.4898420e-15   5.2846761e-04   6.4407811e-04   1.2486769e-03   2.2494917e-34   1.5898801e-25   2.9334085e-04   5.7621220e-26   1.0785681e-04
   2.9860251e-03   2.4371333e-05   4.0004168e-04   9.0182080e-04   1.4491820e-03   6.0846208e-34   3.0685527e-15   3.3793461e-04   2.4533591e-13   7.1849606e-05
   3.2552335e-03   1.4911677e-08   4.5441533e-04   4.6152825e-04   1.4467434e-03   7.1367910e-35   1.0388028e-21   2.4136596e-04   1.0150103e-16   1.0867396e-04
   3.2809131e-03   1.1442795e-08   5.6161256e-04   4.4997212e-05   1.0275000e-03   3.9200526e-31   1.1917858e-24   1.8506708e-04   6.9083873e-21   1.4647531e-04
   4.0105155e-03   1.5486774e-09   6.7506324e-04   2.4835549e-16   6.9653837e-04   6.6508072e-34   2.3005531e-28   2.3294445e-04   4.5896170e-22   7.6455728e-05
   3.6969567e-03   1.1356475e-11   5.6334277e-04   1.2895887e-17   9.8824026e-04   5.5627489e-25   2.6561620e-41   2.9871776e-04   9.1840915e-32   5.0447040e-05
   3.6646368e-03   4.3248756e-14   6.4989678e-04   1.2603641e-15   8.1072371e-04   1.4105156e-29   7.9815351e-32   3.2470094e-04   1.6181453e-24   3.7539680e-07
   3.1961142e-03   3.9008288e-07   7.1505724e-04   9.3681571e-15   6.7592598e-04   6.5519477e-16   8.6165574e-16   1.0196689e-04   2.3227684e-12   1.4424926e-04
   2.6646333e-03   2.7540793e-11   5.5122578e-04   1.2356452e-33   1.0688235e-03   4.7947239e-05   5.5835619e-13   1.7354066e-04   3.4873948e-25   1.4354390e-04
   4.5058489e-03   8.6471780e-11   4.9457321e-04   1.8615596e-70   8.9565258e-04   6.7538051e-05   1.7985857e-20   1.6013731e-04   8.4729843e-24   1.7301486e-04
   4.0101035e-03   7.8568783e-14   5.4903727e-04   8.4575832e-62   6.4691487e-04   4.1318703e-05   3.9115806e-10   2.1135722e-04   1.0105353e-25   1.3379656e-04
   3.9890119e-03   2.6224539e-14   6.3882541e-04   1.8059641e-53   4.7706134e-04   2.1388324e-05   1.6770351e-04   2.2316954e-04   9.0713935e-23   1.0304155e-04
   3.8874758e-03   1.1865137e-16   6.6626158e-04   2.4103786e-69   3.5293723e-04   9.1704440e-07   1.7179361e-07   1.9408408e-04   2.4023239e-23   9.1701811e-05
   3.3670815e-03   4.0204222e-14   6.1647284e-04   4.9699771e-67   4.8120826e-04   1.0457838e-19   3.7817413e-18   1.8274660e-04   4.0515172e-20   9.3303866e-05
   4.1300474e-03   5.2459341e-10   6.1290891e-04   6.5906596e-36   3.5902422e-04   1.1349636e-10   1.3506997e-13   1.3136380e-04   1.0007710e-19   1.2004531e-04
   4.0878534e-03   4.6580441e-08   5.2697073e-04   1.8094573e-27   1.1428785e-04   4.2822953e-05   2.7203340e-11   2.3690007e-04   1.8383481e-30   1.2098994e-04
   3.4576404e-03   5.4166981e-06   4.4386304e-04   1.2043388e-23   1.0302849e-04   8.8806735e-05   1.6356182e-16   3.0575251e-04   3.3646728e-30   7.0053111e-05
   3.1789142e-03   4.4404677e-06   3.6447364e-04   5.8060006e-10   5.7971305e-04   5.0385475e-05   5.3832137e-08   2.7605647e-04   2.1215657e-28   7.8216652e-05
   3.0505436e-03   1.1019828e-06   3.2875659e-04   7.2551512e-13   8.9650228e-04   4.8587565e-06   1.1417490e-13   1.7741294e-04   1.5376111e-28   9.3539696e-05
   4.2541348e-03   2.1180565e-06   4.0403427e-04   1.9785401e-12   9.8541346e-04   1.4339284e-05   5.2370463e-13   1.6298468e-04   8.8874006e-32   8.5242602e-05
   6.9310451e-03   1.8265775e-06   4.1534797e-04   6.3804809e-27   8.2572405e-04   8.5358868e-05   2.1788751e-07   2.3395675e-04   4.4370496e-16   5.9446288e-05
   6.5147066e-03   2.7989990e-07   4.9172526e-04   2.6561059e-26   5.4912598e-04   5.0110935e-05   1.8991967e-05   2.6962996e-04   5.7804521e-07   6.3621868e-05
   3.3616340e-03   1.1580697e-05   3.8402668e-04   4.8650967e-04   5.1043880e-04   1.2709671e-13   2.8639416e-04   3.4645051e-04   5.7858820e-07   7.5397197e-05
   3.5751360e-03   1.7905468e-05   3.6382601e-04   9.9420404e-04   1.3947388e-04   2.0218896e-11   1.1570743e-04   3.5902860e-04   3.5108297e-12   2.7328513e-06
   4.0045595e-03   1.8822842e-05   2.7250785e-04   9.5145700e-04   1.7497103e-04   4.2559259e-05   9.2312935e-10   3.8620583e-04   1.4633925e-18   2.6982043e-05
   3.7693010e-03   1.1490425e-05   3.7516806e-04   9.6983857e-04   2.2279161e-04   2.9532803e-15   1.7463361e-04   3.5505510e-04   1.1376030e-13   3.4660378e-05
   4.2674599e-03   1.7292350e-05   4.7340456e-04   7.9499861e-04   2.1949684e-04   1.4564751e-24   1.7747690e-06   2.4342557e-04   1.2695262e-16   1.3779834e-04
   3.7069245e-03   6.0241227e-05   3.9937081e-04   4.7171020e-04   2.7022604e-04   2.9972586e-12   2.1007560e-04   1.1990921e-04   2.7769490e-19   1.9474512e-04
   3.7234828e-03   1.0564963e-04   2.4523231e-04   3.9707073e-27   3.1450042e-04   2.6061218e-05   3.3861343e-07   1.9889180e-04   6.1780485e-20   2.1295676e-04
   5.0255479e-03   7.0304580e-05   3.5631664e-04   5.2563622e-04   1.8142039e-04   2.3387859e-05   1.5128613e-09   2.3221169e-04   4.5459294e-10   1.2696646e-04
   3.9996487e-03   7.8242296e-05   4.1267955e-04   1.0054295e-03   3.6310692e-04   1.4231966e-23   1.8406001e-04   2.4678393e-04   2.1159668e-15   1.1036488e-04
   4.2536226e-03   5.0846177e-05   3.8414036e-04   2.8416151e-04   2.2655041e-04   1.6550579e-11   4.6343953e-05   2.5822281e-04   1.7586097e-17   1.7166533e-04
   4.3910607e-03   7.0518031e-05   2.8444987e-04   5.0162265e-45   2.8310881e-04   5.3466953e-05   1.1548157e-05   1.9999390e-04   4.8379647e-13   1.1455726e-04
   3.4548588e-03   1.5744268e-04   2.1636968e-04   3.1375006e-04   7.2060517e-04   1.4944022e-13   3.9819181e-04   1.4458777e-04   1.6447932e-12   5.3699380e-05
   4.2503599e-03   9.6024529e-05   3.3804039e-04   6.9701513e-04   8.4883887e-04   5.7008825e-11   3.5318100e-04   1.3263510e-04   2.5933872e-16   4.0172045e-05
   3.5815218e-03   4.2986799e-05   3.5862438e-04   6.2971673e-04   9.0037059e-04   6.0964851e-05   5.0509588e-07   2.4024950e-04   2.1914535e-20   2.2111046e-05
   3.2882785e-03   3.8592375e-06   3.2054889e-04   5.9115602e-05   9.0872215e-04   8.3171119e-05   1.2882033e-10   3.4871225e-04   1.9108815e-19   2.0180632e-05
   3.3521613e-03   1.5713074e-05   2.6602235e-04   1.6795082e-55   8.2642907e-04   5.7737217e-05   3.7363493e-05   2.8052057e-04   5.0001386e-14   4.6607561e-05
   2.6879648e-03   4.5249100e-05   2.3952426e-04   2.2848498e-04   9.4333566e-04   7.1810225e-05   1.1283477e-04   1.8491979e-04   2.7200517e-06   4.8456497e-05
   3.4678209e-03   1.3505330e-05   3.0062575e-04   5.2774423e-04   8.6825693e-04   4.4097607e-05   3.7571043e-05   2.3105254e-04   1.8110338e-06   9.4127941e-06
   4.0355502e-03   2.4402362e-06   2.7572909e-04   1.5155376e-04   1.1315957e-03   1.7861388e-08   1.9671844e-04   2.6985403e-04   5.2613593e-07   9.9007465e-06
   3.9803268e-03   3.2170434e-05   1.7454145e-04   2.3115925e-04   1.2788150e-03   1.4345879e-22   3.3408205e-04   2.4904035e-04   2.8674402e-09   1.3574799e-05
   4.7146690e-03   8.6019283e-05   2.0722165e-04   8.1830821e-04   1.0588051e-03   4.7735749e-05   7.7104522e-09   2.4202594e-04   3.8196316e-20   2.2559919e-05
   4.8543877e-03   5.1193729e-05   3.0178072e-04   2.0024342e-03   6.4865673e-04   2.9336569e-07   7.5425920e-05   2.4069936e-04   1.3075676e-09   2.5164179e-05
   2.0537447e-03   1.1299406e-04   2.2235814e-04   3.5559264e-03   8.2153768e-04   2.3034003e-14   4.2624141e-04   1.3897412e-04   7.2413085e-04   1.9351208e-05
   2.7412424e-03   1.0352375e-04   2.5300240e-04   3.6137790e-03   9.4671606e-04   5.4101095e-05   2.0437641e-08   1.9556455e-04   5.2834153e-14   2.5232159e-07
   3.9816135e-03   1.3144394e-04   2.5159679e-04   3.1257492e-03   1.0627434e-03   2.3571437e-07   1.0483653e-04   1.8829924e-04   1.3756924e-14   3.5824077e-14
   2.5472036e-03   1.4563890e-04   2.4303547e-04   2.7026963e-03   9.9297545e-04   2.5043893e-05   2.0697891e-04   1.7516329e-04   2.2765118e-12   1.0238862e-10
   2.6418717e-03   1.3780795e-04   2.4602021e-04   2.5776562e-03   1.1772156e-03   3.2903427e-05   2.1131199e-04   1.5568012e-04   8.5591547e-13   3.9132283e-08
   4.5382656e-03   6.1843289e-05   2.2773836e-04   1.8902775e-03   1.3879138e-03   5.9296510e-09   3.8573014e-05   1.3223469e-04   3.1742134e-08   4.0058672e-08
   6.3192478e-03   5.7956389e-05   2.1896992e-04   1.1678009e-03   1.4106598e-03   6.7922581e-09   5.5524776e-08   1.0854224e-04   2.1323660e-13   1.2470144e-06
   6.4536505e-03   5.7496947e-05   2.4299538e-04   4.6249310e-04   1.3410793e-03   2.0794616e-10   1.9698170e-04   1.0247964e-04   1.4135192e-11   1.9682907e-13
   6.2265953e-03   6.2702579e-05   2.3623217e-04   7.7248384e-08   1.1092028e-03   1.2847788e-13   2.2482672e-04   1.2384912e-04   2.5525476e-12   3.3826663e-17
   5.3756163e-03   9.3150266e-05   1.4322737e-04   1.5904715e-12   1.3156661e-03   5.5206286e-17   1.4560330e-04   1.4948782e-04   8.2089995e-09   7.1675333e-08
   4.5543623e-03   1.2654460e-04   1.1426737e-04   1.5763477e-13   1.1925432e-03   1.0804976e-12   7.4632018e-10   1.3196208e-04   3.7253422e-14   3.0354448e-06
   2.2842547e-03   1.1102387e-04   1.4595231e-04   3.4510525e-05   1.3090654e-03   1.0041167e-05   1.1167266e-04   1.1768535e-04   1.2681145e-06   4.2740277e-08
   5.1661287e-03   6.3365521e-05   2.0709960e-04   2.1444538e-06   8.8535363e-04   6.8437605e-11   7.3418578e-06   1.4979162e-04   1.8702304e-07   1.1366019e-18
   7.3675520e-03   5.7618439e-05   1.5815160e-04   2.3737024e-08   5.5994800e-04   8.4399867e-17   4.6653141e-05   1.7832846e-04   1.7791489e-08   7.8752798e-16
   7.7448228e-03   7.9591044e-05   1.5424731e-04   2.5147807e-13   2.1369233e-04   1.5374706e-14   1.1097521e-04   1.3290362e-04   8.8304938e-12   3.8928943e-06
   9.5322893e-03   8.5275561e-05   1.5730186e-04   2.5650939e-24   1.0184406e-04   3.4352902e-09   6.3724465e-09   1.2132716e-04   1.6764294e-08   6.6950698e-06
   9.4946075e-03   6.9653233e-05   1.3762731e-04   2.0498542e-14   1.5137093e-04   1.4269212e-14   8.0268842e-11   9.8225262e-05   9.8162115e-14   3.3099233e-06
   6.2636073e-03   5.2050304e-05   1.1270288e-04   1.6790118e-04   3.6837567e-04   2.5558427e-28   1.3798231e-23   8.8324257e-05   1.8524842e-17   9.1101378e-06
   5.0169448e-03   5.8773169e-05   1.0861290e-04   3.7942099e-04   6.7096731e-04   6.7834092e-22   1.0172315e-07   1.3101461e-04   2.1208899e-16   1.3364705e-05
   5.5871021e-03   4.5782100e-05   1.1384404e-04   5.0667391e-04   7.8958102e-04   2.5520175e-21   9.1952497e-24   1.3517328e-04   8.7613362e-16   3.8139118e-06
   7.3886678e-03   2.7702270e-05   1.5085455e-04   5.0451339e-04   6.9706130e-04   6.8253563e-06   6.1317105e-08   1.0293129e-04   3.8477003e-14   8.6167635e-06
   6.6998257e-03   3.1097661e-05   1.4981474e-04   4.6497361e-05   6.9206896e-04   3.3646482e-10   9.2121865e-05   8.2559654e-05   5.5501081e-10   1.8548376e-05
   5.3243014e-03   5.6098694e-05   1.0981381e-04   3.2291772e-13   7.1059274e-04   2.0774507e-21   2.0729301e-05   8.5468481e-05   2.9738531e-10   1.3506750e-05
   8.7583319e-03   4.4899472e-05   8.3641251e-05   4.5030870e-04   4.6137560e-04   3.6060597e-25   2.1328489e-04   7.8854084e-05   9.1061530e-12   2.0337393e-05
   1.1109185e-02   5.2530235e-05   9.4522226e-05   7.7818972e-04   4.1286812e-04   3.6298777e-18   1.9149306e-04   1.0156242e-04   5.3665239e-20   1.6999185e-05
   7.3353229e-03   8.4091891e-05   6.8965250e-05   1.0519365e-03   3.6572649e-04   7.8466270e-24   2.8503403e-04   9.2555538e-05   8.4713983e-17   1.6093662e-05
   5.6055424e-03   7.2954556e-05   6.6276822e-05   3.2126344e-04   4.6499174e-04   3.1470676e-18   2.8861719e-04   7.5004912e-05   8.1214933e-11   3.7760250e-05
   8.6940103e-03   4.0095986e-05   8.3913047e-05   5.0459290e-08   2.1177897e-04   1.3766168e-06   2.1955300e-06   7.8251308e-05   3.9077021e-13   4.3102146e-05
   9.9063471e-03   3.6464678e-05   9.8052583e-05   7.0968030e-07   1.4877378e-04   3.0994434e-08   3.8948625e-06   7.6657826e-05   2.1906123e-19   1.7766410e-05
   8.0640575e-03   3.4271923e-05   7.3545657e-05   2.7758043e-05   3.6680760e-04   2.8968557e-09   3.1402598e-05   7.6574637e-05   2.7642958e-16   1.7719565e-05
   5.3283100e-03   4.3190808e-05   7.8270091e-05   3.2268031e-04   4.4619815e-04   1.4113949e-22   7.4682011e-05   4.9124845e-05   1.9439720e-22   4.5513211e-05
   4.7902180e-03   5.2223903e-05   7.6695828e-05   5.9256882e-04   3.7209976e-04   2.5999466e-13   7.8263138e-05   5.1983899e-05   1.1217284e-08   4.3363364e-05
   4.3811868e-03   5.3732943e-05   6.6654788e-05   6.7047475e-04   4.1948226e-04   4.4706516e-10   8.0242003e-05   5.4653882e-05   2.7317791e-09   3.6361787e-05
   2.6383115e-03   4.5520063e-05   5.4223548e-05   5.5464451e-04   4.2974388e-04   1.9550434e-24   1.4251223e-04   8.3456212e-05   1.5188892e-06   4.3619423e-05
   2.9694536e-03   5.0521259e-05   6.1660448e-05   7.2526473e-05   3.9508089e-04   8.5939798e-16   2.2541187e-04   4.4959225e-05   1.6735883e-07   9.8436071e-05
   4.7443455e-03   6.6004999e-05   5.7222364e-05   3.9034219e-24   2.2183115e-04   5.6156942e-06   1.2230289e-04   3.9029065e-05   4.8978781e-15   1.3959563e-04
   5.4631016e-03   7.6670431e-05   6.1143782e-05   7.0127994e-04   1.9458125e-04   6.7496651e-24   2.0641385e-04   4.4196916e-05   1.8230933e-11   1.3346662e-04
   4.0684382e-03   9.4825137e-05   7.8663699e-05   1.9606345e-03   4.4929501e-04   3.4692146e-12   1.9426781e-04   4.5499172e-05   4.8921479e-07   7.7777435e-05
   7.0104921e-03   6.3066490e-05   8.6613192e-05   1.4344507e-03   4.0844942e-04   5.7668837e-06   1.8895869e-04   8.2245681e-05   8.2326918e-12   9.9572776e-05
   8.2402457e-03   5.2180215e-05   8.1395169e-05   6.1129909e-04   5.4010397e-04   1.9364091e-05   5.6064620e-05   8.3758701e-05   8.1080963e-20   9.7180665e-05
   7.3480942e-03   8.2911298e-05   9.2752085e-05   4.4504521e-04   5.7622045e-04   2.1206646e-05   1.1869385e-10   5.3125869e-05   1.1731028e-12   1.3742110e-04
   7.3785452e-03   8.9732970e-05   6.7928495e-05   4.7540367e-04   5.2761255e-04   2.6188366e-05   2.8149190e-17   4.7302861e-05   8.0455898e-17   1.7436132e-04
   5.1434378e-03   5.3022205e-05   7.3739143e-05   9.6965108e-04   4.7999076e-04   4.9036499e-05   7.0089353e-06   8.0110251e-05   1.5280996e-14   1.2351769e-04
   6.5475776e-03   3.2411766e-05   9.3378393e-05   7.7648806e-04   2.4108563e-04   3.4028968e-05   6.8065882e-05   1.0553418e-04   1.3685118e-20   1.8804099e-04
   6.6483618e-03   7.6745679e-05   6.7290349e-05   3.4553894e-04   1.5322296e-04   1.9480491e-05   2.0800408e-04   1.0509675e-04   9.7946569e-14   1.7798011e-04
   2.8979404e-03   7.5395507e-05   6.3067232e-05   5.9914018e-04   1.8989901e-04   3.7797978e-06   3.3829238e-04   1.0202801e-04   5.6098828e-11   1.8588183e-04
   4.5788148e-03   8.8811921e-05   6.9081478e-05   2.0071183e-10   2.6961325e-04   2.4375164e-11   3.3122013e-04   9.9848427e-05   3.8697115e-16   2.0443481e-04
   5.3562162e-03   9.4434937e-05   8.8689241e-05   3.4230542e-17   2.2417707e-04   1.1075625e-09   2.6158117e-04   1.2427702e-04   1.7280147e-20   1.3758815e-04
   4.1698240e-03   7.9416195e-05   1.0859180e-04   1.8782718e-04   2.8990844e-04   1.3534313e-10   2.1849807e-04   1.3003727e-04   7.4313977e-16   1.0803783e-04
   5.7884055e-03   7.6330567e-05   9.3298559e-05   1.1576626e-06   2.4154811e-04   2.1734899e-10   2.6462999e-04   1.5676263e-04   4.4663016e-11   9.9363041e-05
   7.3389015e-03   6.9770227e-05   1.1589876e-04   7.1589498e-16   1.8278636e-04   4.3399211e-08   2.0881363e-04   1.5197367e-04   1.0809937e-12   6.2857364e-05
   7.1816970e-03   1.0919825e-04   8.4764582e-05   1.9133656e-05   1.7977558e-04   2.3114675e-06   3.2430542e-04   1.0543934e-04   6.6575186e-20   9.0378863e-05
   3.2500767e-03   1.7006595e-04   7.9243489e-05   6.3679689e-04   4.2226515e-04   1.3815448e-06   4.0795296e-04   8.3522545e-05   8.6691766e-08   4.4688767e-05
   4.3322305e-03   1.0471263e-04   1.1949441e-04   1.7456634e-04   3.3434196e-04   2.0153514e-05   2.3135754e-04   1.2694704e-04   3.6668469e-15   9.5786257e-05
   6.2430481e-03   1.1747454e-04   1.0069798e-04   1.8226159e-33   3.2030464e-04   2.4925228e-05   1.1620776e-04   8.5490479e-05   6.0457176e-30   1.4686303e-04
   4.1261557e-03   9.3012175e-05   1.3966080e-04   4.0527780e-50   3.0565002e-04   2.9227280e-06   2.1890095e-05   1.2416257e-04   2.2921217e-22   9.8812583e-05
   4.1898368e-03   9.9578482e-05   1.3380733e-04   1.6988672e-09   2.5244149e-04   1.3129695e-05   8.6976835e-07   1.0277799e-04   3.4350162e-09   9.2935728e-05
   3.9100641e-03   1.0327391e-04   7.7693176e-05   9.4387615e-04   1.7774827e-04   5.6043986e-05   1.4710897e-11   1.3583977e-04   3.3006862e-10   4.8800099e-05
   2.9137518e-03   1.1042671e-04   1.0363454e-04   1.5205322e-03   1.5182072e-04   5.2193083e-05   1.8661890e-20   1.4524605e-04   6.6544934e-12   5.0341730e-05
   6.0337467e-03   1.4996450e-04   1.0765600e-04   6.2288352e-04   7.9238022e-05   1.3009708e-05   5.6685803e-15   9.1306026e-05   4.4253855e-25   8.7490028e-05
   8.4405712e-03   1.5443521e-04   1.0489160e-04   1.6602029e-04   4.7193662e-05   1.9905872e-06   5.8345492e-08   8.2683087e-05   8.2856065e-24   7.8515670e-05
   8.1422953e-03   1.3738956e-04   1.2027585e-04   1.8513991e-04   9.9562422e-05   2.9273506e-09   3.7123818e-10   6.3649718e-05   3.2364105e-21   6.2090389e-05
   4.6493402e-03   8.7041761e-05   1.3951650e-04   5.1334996e-04   1.9983694e-04   4.4458341e-15   2.1911887e-06   7.2709752e-05   9.1653316e-19   6.1541588e-05
   6.7946040e-03   7.8392677e-05   1.2631577e-04   1.1014741e-05   8.6870395e-05   7.6654999e-11   8.7296822e-05   1.0672437e-04   4.5549093e-25   7.4857410e-05
   7.8380458e-03   7.9351827e-05   1.9194769e-04   6.8526365e-10   4.3501185e-05   1.6473274e-13   5.1716444e-12   1.5187258e-04   5.1839971e-26   4.0435965e-05
   6.9434667e-03   1.3750929e-04   1.8544182e-04   2.0923825e-07   5.3662947e-05   2.6636639e-06   6.1232348e-06   1.2236881e-04   8.0922853e-19   3.6236633e-05
   4.5548479e-03   8.8243554e-05   2.3725268e-04   1.1753234e-13   2.5289263e-08   2.0107567e-05   2.5007412e-08   1.5442446e-04   5.8027393e-28   1.8913055e-05
   1.9251663e-03   8.3525913e-05   1.8277468e-04   2.5188920e-21   1.0801123e-04   3.8758163e-07   1.1718720e-04   1.6109133e-04   6.1427936e-30   4.0827407e-05
   3.8681697e-03   6.9223558e-05   1.6052996e-04   2.3634540e-04   9.6022035e-05   3.5880715e-05   8.0095495e-05   1.6479604e-04   5.6193124e-44   8.1783005e-05
   3.7445704e-03   9.3488380e-05   1.8925311e-04   1.0499818e-03   4.3183007e-05   5.1289023e-05   4.6910999e-08   1.4389648e-04   2.7305247e-23   7.6462462e-05
   4.4731747e-03   1.1352263e-04   1.9711411e-04   9.9340911e-04   6.2143018e-05   4.3881400e-06   6.6818583e-17   1.3769135e-04   1.1771422e-17   6.6725632e-05
   4.5921547e-03   1.4211329e-04   2.0422687e-04   4.4286082e-04   4.2294952e-05   3.3944993e-11   5.7712353e-30   1.2595321e-04   5.1080512e-20   4.7495191e-05
   3.7782197e-03   1.7424719e-04   2.0496433e-04   1.7122857e-04   2.0410408e-05   1.1892521e-13   8.4605665e-09   1.2411983e-04   1.1501559e-23   5.8312193e-05
   1.7417549e-03   1.9481483e-04   2.1754672e-04   1.2921226e-04   9.6242907e-06   1.0577448e-07   6.5906500e-15   1.4648833e-04   1.0112837e-17   4.1641114e-05
   2.1016134e-03   1.1561427e-04   2.4224590e-04   2.5348384e-04   9.7838995e-06   1.5089561e-06   5.5202597e-22   1.5615754e-04   2.8861118e-18   4.8402347e-05
   3.8981473e-03   7.6373046e-05   2.6867221e-04   3.6009795e-04   7.5448606e-11   7.6885035e-09   7.2310137e-12   1.6345952e-04   6.2020211e-21   4.0162417e-05
   4.7026769e-03   5.7874778e-05   2.6976477e-04   3.7408892e-05   3.6583013e-15   2.9393102e-17   1.1165901e-15   1.4310472e-04   4.9373049e-21   3.8172279e-05
   4.0659437e-03   4.9687573e-05   3.3020096e-04   1.3550508e-21   1.0248421e-05   8.4973344e-20   3.8912327e-25   1.0411833e-04   3.3498319e-26   5.7511353e-05
   4.7571405e-03   3.8218538e-05   3.5261481e-04   1.0105095e-33   5.4702337e-08   1.9066999e-13   2.5089080e-19   8.6751225e-05   4.9545148e-26   6.4032404e-05
   4.2930299e-03   3.4765525e-05   3.2219635e-04   3.0757444e-28   1.5893015e-05   9.2426547e-06   1.2762439e-19   5.4589086e-05   1.4699961e-30   4.8798417e-05
   2.2013609e-03   5.5218573e-05   3.6069577e-04   2.0240067e-24   1.5155918e-04   5.9813636e-06   1.6923947e-09   4.6330064e-05   1.2965971e-34   6.1064953e-05
   3.4191110e-03   6.5025199e-05   3.3300748e-04   1.4854182e-36   1.2253978e-04   3.4651360e-06   2.7680390e-09   5.4861866e-05   2.4549527e-29   5.1313834e-05
   5.6923685e-03   8.9342296e-05   2.6505506e-04   2.0577950e-26   1.9188456e-05   1.7195157e-06   5.4130486e-17   4.5863923e-05   6.6392644e-28   3.9544796e-05
   5.1342634e-03   1.2186886e-04   2.6573206e-04   1.3896758e-30   1.8455850e-06   4.1164406e-12   8.3736622e-19   3.1807091e-05   1.5794318e-31   8.0323307e-05
   4.5568959e-03   1.9781073e-04   2.1274285e-04   2.5093086e-42   3.8344480e-09   1.5349026e-27   4.1725042e-36   7.4160980e-05   5.1992340e-40   6.5250512e-05
   4.2615714e-03   1.6868543e-04   2.0725010e-04   9.3226017e-38   1.1772933e-10   3.2752500e-11   1.7330984e-27   9.2050550e-05   5.3597728e-29   3.8943698e-05
   2.3438149e-03   5.1747671e-05   2.2982069e-04   3.0769105e-05   4.2201483e-05   2.2712098e-16   7.8529454e-19   1.1733677e-04   2.5171386e-14   2.9851495e-05
   1.4878819e-03   5.7702344e-05   2.6126408e-04   4.5550229e-04   9.0814432e-05   4.7932437e-22   1.9641189e-05   1.1102159e-04   4.4825856e-18   3.1298040e-05
   1.7267976e-03   1.2323526e-04   2.5982376e-04   3.5491666e-04   9.1614398e-05   4.9613901e-13   8.7141102e-10   8.7176245e-05   5.2110880e-22   3.2592146e-05
   2.2156363e-03   1.4962042e-04   3.0601233e-04   7.9161805e-07   1.5908282e-08   5.7595696e-19   1.9882395e-13   9.6833600e-05   2.1435577e-23   2.8081114e-05
   1.4635239e-03   1.7129214e-04   2.7771662e-04   9.1254463e-20   5.7027433e-05   3.2973218e-22   5.8327762e-20   4.9868107e-05   9.4417106e-37   4.7649282e-05
   1.1662209e-03   1.7479857e-04   2.4440067e-04   3.1822110e-46   3.6393962e-05   4.7169543e-29   2.7070523e-06   1.2180076e-04   7.8976091e-27   8.1638904e-06
   1.1964800e-03   1.1321973e-04   2.6362494e-04   9.9822549e-53   8.9738342e-06   1.7303684e-20   8.1558243e-08   9.8559156e-05   1.5707429e-15   6.7176592e-10
   1.5497980e-03   9.4966508e-05   2.8351694e-04   5.1552380e-35   8.5006615e-06   2.6841370e-26   5.8675773e-06   7.6286135e-05   5.5011346e-21   2.0270428e-05
   1.7349995e-03   1.0325955e-04   1.9973813e-04   6.2354328e-26   4.8142138e-06   1.3186014e-28   5.9223769e-06   8.3602093e-05   3.2433823e-24   3.4887805e-05
   1.4783356e-03   6.9422634e-05   1.8314727e-04   2.1993901e-06   8.5435435e-07   2.8125794e-29   1.2066630e-20   1.2733394e-04   4.6505418e-27   6.3882523e-08
   1.8298427e-03   7.2991638e-05   1.9094237e-04   2.5309516e-05   7.4081296e-16   5.8119358e-28   1.7342104e-41   1.2894861e-04   5.3432095e-28   6.2664539e-12
   2.1457052e-03   8.5675622e-05   1.6813022e-04   1.7802857e-09   3.0977085e-15   2.1435991e-29   1.7287727e-25   1.6247348e-04   4.6245185e-19   1.0566439e-07
   2.1760714e-03   3.9872612e-05   1.2623577e-04   3.5325070e-36   5.3784365e-09   2.6391081e-22   1.7108023e-15   1.3655528e-04   3.8432431e-17   1.6966261e-05
   3.2066261e-03   7.9221836e-05   1.0085536e-04   8.5536661e-53   1.3621662e-06   7.9130130e-23   2.5202074e-13   1.0428046e-04   1.3959702e-24   1.9178708e-05
   2.6366397e-03   7.0111198e-05   8.0455368e-05   4.0375694e-25   7.1217879e-06   1.0643437e-09   1.1861071e-05   1.0968474e-04   6.7471311e-29   1.7084989e-05
   1.7214694e-03   4.5630665e-05   1.1493135e-04   2.1645499e-08   1.2710154e-06   1.0096535e-10   3.5670396e-18   1.0207337e-04   2.8090428e-26   2.3005987e-05
   1.2075426e-03   5.6959179e-05   1.4849127e-04   8.4928279e-05   4.0436169e-05   6.4132091e-23   2.3107049e-32   8.5929722e-05   1.8478845e-21   2.1806018e-05
   1.1153249e-03   3.9982932e-05   1.2491919e-04   1.6812581e-04   3.3575755e-05   1.1353872e-29   3.4325622e-20   8.7051396e-05   1.0176416e-21   1.3430833e-05
   8.4154738e-04   2.3660296e-05   1.3933322e-04   1.5662404e-04   1.3925647e-05   2.6614680e-33   2.0433495e-31   6.4330763e-05   2.2320339e-16   5.6024372e-06
   6.2597321e-04   7.4142059e-06   1.6273225e-04   2.1310285e-10   1.5227201e-05   1.1643850e-18   1.7072143e-20   6.8762068e-05   4.1088267e-17   1.2141104e-05
   1.1216134e-03   1.8050461e-05   1.0973193e-04   1.9192699e-23   1.4973143e-05   9.2220142e-14   7.4082205e-20   7.6396830e-05   9.8049239e-23   1.7810060e-05
   1.2952029e-03   3.6271127e-05   7.8332828e-05   3.3470843e-13   1.1560255e-05   2.4264400e-18   1.3259714e-07   7.3426319e-05   1.3096599e-19   2.3141039e-05
   1.3169767e-03   3.7247896e-05   8.4741184e-05   1.7895362e-21   8.6125879e-06   1.7424836e-20   6.0718067e-22   5.6122881e-05   8.6591069e-19   2.1962986e-05
   1.2288200e-03   3.0323290e-05   8.3396723e-05   1.8198251e-30   1.6412892e-05   1.6769249e-15   1.1625948e-37   4.6603354e-05   1.1579245e-21   1.8086703e-05
   1.2982821e-03   1.8643025e-05   7.0023021e-05   7.2862398e-29   7.6389290e-06   3.4485311e-08   1.2325976e-12   5.0867097e-05   9.1334654e-27   2.0358150e-05
   1.0278551e-03   1.0164758e-05   7.0006819e-05   2.4052108e-25   1.3065917e-05   2.4169236e-22   2.3020212e-09   5.2122186e-05   7.2894039e-23   2.1422460e-05
   7.0770994e-04   3.1746527e-05   5.9040269e-05   3.7513222e-18   2.9428457e-05   4.3311350e-08   1.2986960e-14   3.4302064e-05   9.9360081e-20   2.1787501e-05
   1.0064980e-03   3.4354204e-05   6.5331238e-05   2.6835234e-12   1.4223534e-05   3.3519743e-09   5.5053675e-23   3.8220431e-05   1.0175692e-21   1.8075002e-05
   8.7563545e-04   1.3377138e-05   7.9022185e-05   6.9674067e-05   1.8731993e-05   8.0310633e-13   5.4093819e-18   4.9195564e-05   5.8933892e-21   9.4991928e-06
   3.5724162e-04   1.7643274e-05   7.5452110e-05   2.3634264e-04   4.7882310e-05   2.2031715e-21   8.8231130e-22   4.9378456e-05   3.0248542e-23   6.0800509e-06
   4.9245419e-04   1.9216770e-05   5.9677090e-05   2.0128750e-04   3.2794175e-05   1.0855102e-07   9.8764928e-10   4.1488087e-05   3.7403560e-34   4.6717202e-06
   6.9255176e-04   2.9480302e-05   3.7129477e-05   2.8353330e-05   3.3739595e-05   3.9098898e-07   2.4305704e-27   4.3076993e-05   1.6697278e-28   9.9968350e-06
   8.9878688e-04   3.7957977e-05   2.3395619e-05   1.1318159e-25   3.2675880e-05   1.2025363e-07   5.1323015e-10   2.8732066e-05   2.1080725e-17   7.9936197e-06
   8.1602942e-04   1.8754562e-05   3.4096142e-05   6.6540229e-09   1.4527859e-05   1.5917344e-06   1.6312662e-18   3.7100781e-05   5.6010075e-21   1.5285577e-05
   3.9717191e-04   2.8546067e-05   4.1397744e-05   4.9500223e-05   1.9805760e-05   4.5686215e-08   3.4042944e-21   4.1348917e-05   1.3529645e-34   2.2927651e-05
   2.4465788e-04   3.2988182e-05   2.8019405e-05   4.5814594e-05   3.1160009e-05   3.0757236e-07   5.6729489e-22   3.1333601e-05   6.3753029e-46   4.0392243e-05
