   8.9380740e-37   7.0817151e-03   1.1692951e-04   1.9878373e-03   1.4804138e-02   4.4620682e-07   5.2144697e-11   5.5836703e-03   2.1013220e-13   6.7119267e-03
   5.1581144e-39   5.2217877e-03   5.3953764e-05   3.5325172e-03   1.8736928e-02   5.0176601e-04   1.9288198e-08   3.0533873e-03   8.9896066e-19   5.3652854e-03
   6.1433701e-36   1.2425271e-03   1.4421062e-10   3.6911010e-03   1.9565607e-02   1.8572273e-12   4.6679511e-06   8.4275834e-10   8.7595366e-25   2.5110096e-03
   7.0950734e-26   6.6280761e-04   1.5691325e-09   1.5578660e-03   1.9012024e-02   3.9216693e-08   4.4333154e-14   2.1744478e-06   1.1451430e-24   2.4342982e-03
   7.6808414e-23   1.4096183e-04   8.1671119e-26   9.7820166e-04   2.0608493e-02   4.8917485e-03   1.9050339e-29   2.3433889e-13   3.0083599e-11   2.5549265e-03
   2.6726006e-16   1.2093196e-04   1.5547768e-24   8.7702251e-04   1.6805865e-02   1.1259591e-02   2.4043541e-25   7.2202088e-19   8.3236248e-08   2.5992915e-03
   6.9951190e-08   1.1932755e-04   8.4229157e-16   1.0350024e-03   1.2928471e-02   1.9824791e-03   2.4611161e-29   5.9298579e-22   4.1225633e-16   2.9455562e-03
   6.6500225e-13   4.5001930e-04   9.0478247e-11   8.7322306e-04   8.1937252e-03   4.3924048e-07   1.4985633e-18   7.9904312e-11   7.1986562e-35   4.6294697e-03
   1.7745642e-40   1.8931510e-03   3.1675567e-27   1.0301095e-10   8.0719030e-13   1.1365518e-11   5.6127964e-41   4.0807634e-22   9.6859478e-60   2.5187372e-02
   3.7155832e-45   2.5107501e-02   4.6796303e-62   2.9767464e-33   2.0385252e-21   1.2183244e-17   5.5813624e-63   4.4272649e-14   1.9149746e-61   5.6051491e-02
   1.4650116e-23   1.3409235e-01   9.0033834e-40   4.5465818e-24   2.5960010e-10   5.5469675e-16   8.2395861e-46   8.0204578e-02   3.1713523e-28   4.5706921e-02
   1.6755656e-04   1.1731569e-01   3.7941064e-15   2.5137376e-11   4.6582129e-02   5.6106064e-16   1.4781626e-30   2.3628636e-01   1.0623194e-08   1.0155237e-02
   6.6583565e-10   2.3304894e-02   2.7073587e-13   1.4604534e-13   7.0187979e-02   4.7115427e-10   8.5649310e-32   1.2485294e-01   5.8022110e-18   4.3844473e-03
   1.0449393e-14   3.7439982e-03   1.1098306e-09   3.4573255e-14   4.5727706e-02   9.6604032e-03   2.8884246e-32   2.8618353e-03   3.9197067e-34   3.7009282e-03
   1.6292960e-19   1.7811859e-03   2.2676963e-19   8.0655489e-14   2.6928162e-02   1.4166725e-02   8.1716273e-19   4.6725133e-05   3.9129547e-32   4.5254034e-03
   2.9747792e-11   7.1775577e-04   5.5848308e-08   5.8223718e-22   1.9346038e-02   9.2163778e-03   2.5583355e-09   8.2384002e-04   1.7760239e-08   5.6791361e-03
   2.5343821e-10   1.3974761e-03   9.2652045e-06   2.9522231e-17   1.4980431e-02   4.3962293e-06   4.5636732e-17   7.6533333e-09   9.3914856e-05   7.7616371e-03
   1.0520835e-23   2.4363507e-03   1.2074026e-34   7.6789906e-24   1.7676848e-03   1.4227067e-05   6.3714640e-25   1.3586549e-03   1.4880494e-42   1.9438299e-02
   3.9648178e-46   5.5554336e-03   2.4663789e-58   1.2392622e-35   6.7225210e-28   2.6596877e-21   1.6794553e-89   1.4438376e-30   2.0107281e-83   3.8725398e-02
   4.0459212e-63   3.1756662e-02   4.2086585e-55   4.4160274e-36   1.8386580e-38   1.6137835e-36   2.3165123e-74   8.6909746e-36   4.6693097e-73   3.5013009e-02
   3.8139860e-29   1.0070599e-01   4.9856508e-22   6.7506911e-07   4.0032502e-19   3.1571743e-37   9.3163582e-67   6.5682810e-32   1.8614273e-39   1.6124087e-02
   9.0551958e-15   1.3855652e-01   9.3128684e-11   1.4385076e-04   1.6096050e-03   5.8038739e-03   1.4969317e-47   3.4654506e-02   3.4375369e-06   6.0995239e-03
   1.2284403e-15   6.9651697e-02   5.5211647e-05   6.0029236e-05   3.0993575e-02   9.7153231e-05   1.3305741e-66   1.1032283e-01   3.4544126e-11   4.1006939e-03
   5.4310891e-08   1.7902636e-02   4.3035412e-07   8.3293901e-05   5.3291257e-02   3.4046121e-03   5.9992224e-73   4.3721027e-02   1.8622364e-29   4.1483755e-03
   9.7634588e-03   4.7686489e-03   4.2931596e-30   3.7581373e-05   3.7169467e-02   3.8706777e-03   2.2776980e-52   2.0719246e-04   1.2797280e-36   5.3647663e-03
   8.9016238e-06   2.4043716e-03   9.8221669e-15   6.1328050e-05   2.0753751e-02   1.9657400e-05   6.3399018e-32   2.4638528e-14   2.5428680e-07   7.7253736e-03
   8.3081607e-22   3.8538203e-04   4.2473184e-28   8.5767334e-08   1.1726438e-02   1.2887667e-14   5.1640842e-23   1.0415791e-03   2.8471517e-15   1.3666035e-02
   1.3955801e-17   2.7219317e-04   3.1059036e-17   9.7896711e-22   7.4973296e-03   1.2430631e-26   1.0124460e-30   3.4767669e-10   1.1314824e-27   2.3738014e-02
   4.1219615e-13   4.4384285e-04   5.3816579e-06   3.6482821e-14   8.6316450e-03   5.9953934e-36   8.4701379e-32   3.4499351e-27   4.7359060e-48   2.6749347e-02
   1.6237892e-09   5.2008133e-03   1.2666357e-05   2.9482734e-05   2.6497457e-05   8.1443700e-37   1.5238642e-25   1.5510703e-41   3.5643853e-45   2.7875710e-02
   7.9314909e-16   3.6607156e-02   1.0508680e-04   1.6137089e-04   3.0970906e-03   1.7933177e-04   2.1867434e-10   5.8440296e-38   1.4811196e-22   1.7035003e-02
   9.4495963e-14   6.0555423e-02   1.5672727e-04   7.2073163e-05   9.1189217e-03   9.7127134e-03   3.9808910e-04   2.6448721e-23   3.0632831e-02   9.6957026e-03
   1.0079829e-10   4.2874530e-02   5.4883953e-04   1.9142036e-06   2.9927237e-02   5.1312831e-03   3.9505135e-21   2.4092669e-02   1.1340243e-01   8.4200394e-03
   1.3257279e-02   1.8055899e-02   5.3081541e-04   1.1901801e-04   5.9557863e-02   9.3445600e-06   8.9635765e-49   5.9273595e-02   1.7452399e-04   9.2418072e-03
   2.0026224e-01   4.1537911e-04   3.6550899e-20   9.6380219e-05   5.0970937e-02   3.3575013e-10   5.9817628e-66   3.3357060e-02   4.4316237e-09   1.0223915e-02
   2.7194230e-01   7.3209877e-06   5.2276366e-05   3.3527964e-04   2.6898698e-02   1.5051087e-02   1.9106100e-69   3.3021774e-03   2.9227854e-11   1.1329721e-02
   1.6487746e-01   1.9684773e-08   1.2177781e-10   3.1945245e-04   7.1592974e-03   7.4735033e-08   5.8447725e-79   1.4347395e-09   1.8906192e-02   2.0985209e-02
   7.0645844e-09   2.2142716e-14   2.6045713e-26   2.6374998e-14   1.7962301e-09   2.6429553e-24   4.2525115e-65   1.4681679e-17   1.1736219e-13   2.9288713e-02
   1.4175615e-18   9.5349919e-15   1.3930630e-05   3.3594896e-12   1.6148288e-20   2.8340906e-27   1.7327780e-71   3.6445750e-30   3.7641163e-18   3.0226202e-02
   3.5846335e-02   2.8094094e-07   8.4708784e-05   9.7190304e-15   9.6183616e-08   6.5787538e-26   6.6273883e-56   6.2072585e-32   2.1650889e-22   2.2264416e-02
   3.2823678e-02   2.6979449e-03   1.1122651e-14   4.6143213e-10   4.1396290e-04   1.9779319e-08   3.2896907e-43   3.2177447e-32   7.6525874e-19   1.4945951e-02
   4.5712027e-09   7.6923164e-03   3.5719168e-12   1.0770924e-04   3.2933164e-05   5.0252495e-04   1.1847537e-26   1.4760221e-29   4.6094807e-02   9.6263081e-03
   6.9168811e-06   8.1243049e-03   6.5579268e-04   9.5212092e-05   2.3921350e-04   6.7840432e-05   4.7191967e-16   7.2852746e-08   1.0916544e-01   6.6687009e-03
   5.4178739e-02   3.3814203e-03   6.3062461e-04   2.2862741e-04   1.4041299e-03   3.7083007e-03   1.0830585e-08   1.2619549e-02   5.8580047e-02   4.9751605e-03
   7.7540705e-02   2.1683598e-08   4.2284466e-04   1.4541295e-04   3.1220733e-03   2.8898204e-02   2.4516062e-15   1.7432723e-02   8.8969666e-03   4.8189175e-03
   9.4852672e-02   9.3936380e-18   5.0004015e-04   1.1607846e-04   8.8450874e-04   2.0677826e-02   1.2615687e-15   9.3902233e-03   1.5933764e-06   6.9609158e-03
   9.4674596e-05   1.7557069e-40   2.5171160e-05   1.8481643e-17   2.3363300e-13   1.8587321e-08   3.2603639e-56   1.1660740e-03   1.4394588e-05   1.8819367e-02
   1.6744036e-38   1.2117078e-46   2.8000192e-41   2.2411098e-34   6.3474255e-39   1.5529702e-14   4.4912505e-64   1.5258478e-17   8.1543967e-06   2.2830736e-02
   2.7139512e-34   2.0545984e-36   4.7635527e-25   3.5153925e-22   4.5427664e-32   1.0874329e-22   1.3221623e-59   2.1807636e-30   1.2484912e-07   1.6020867e-02
   1.7048501e-25   5.6718421e-17   9.7831161e-05   7.7462724e-05   1.4417734e-17   1.5363432e-02   5.1960206e-39   4.2131918e-31   3.0567706e-17   6.2522184e-03
   6.7095681e-16   3.9191920e-04   1.2623647e-04   1.2161650e-04   6.4760137e-04   2.7596683e-02   2.9701130e-14   5.9675571e-26   1.1072482e-05   1.9787988e-03
   2.2774132e-04   1.4910962e-03   1.2480300e-04   1.6077982e-04   2.7786198e-03   1.7080829e-02   4.6630328e-20   9.0478853e-33   6.1980477e-03   1.3357753e-03
   9.5912542e-04   1.9848433e-03   5.2697288e-04   9.5262181e-05   2.6018627e-03   1.6435486e-02   9.8006470e-22   5.5963090e-22   2.3020024e-02   1.6490396e-03
   1.1997093e-07   1.7963644e-03   9.5776756e-04   1.7259000e-04   1.8113954e-03   3.3561775e-02   3.7673380e-19   8.5920645e-11   1.4778512e-02   1.6425289e-03
   4.8405207e-08   1.0446349e-03   7.1570379e-04   2.4503792e-04   1.4582813e-03   2.6850709e-02   7.4677544e-15   2.6876897e-03   1.8554033e-11   2.4570232e-03
   1.5851112e-13   3.5179288e-24   3.1183982e-04   6.3007201e-05   2.7172867e-05   1.3641939e-02   5.7732858e-25   4.9613686e-03   3.0810357e-06   6.0066972e-03
   6.1853952e-21   9.4386604e-42   1.5947889e-09   1.5773295e-09   1.7515942e-13   6.9365084e-04   1.4213047e-19   2.6713746e-03   5.8810139e-09   8.7390377e-03
   1.0598861e-21   4.7021488e-42   6.4106825e-09   1.0293137e-04   1.0076094e-11   2.5783707e-03   4.1895968e-12   8.1586881e-04   1.0084126e-05   8.3805581e-03
   3.0963746e-19   1.0532609e-18   1.4193423e-04   1.9588478e-04   4.4406889e-06   1.7226213e-02   7.4365619e-02   5.4998977e-04   8.6002703e-07   4.3325520e-03
   3.6481433e-21   1.2605622e-04   7.5626030e-05   1.3305353e-04   7.5409605e-04   1.8440204e-02   1.1388576e-01   5.2625979e-04   5.1802032e-15   1.7939720e-03
   1.9569364e-14   2.0793408e-04   3.0915813e-04   2.2963130e-04   1.3608799e-03   1.2906331e-02   1.1157243e-01   2.9432135e-04   9.3046354e-04   1.6044605e-03
   2.5723496e-10   7.0284294e-04   3.7257139e-04   4.0003671e-04   2.3036782e-03   1.0517163e-02   9.5824214e-02   4.2891168e-17   7.4207835e-03   1.1534907e-03
   6.0863036e-07   1.2262304e-03   1.7647992e-04   3.1364071e-04   2.2245126e-03   8.3675503e-03   7.3138461e-02   2.5025784e-25   2.0835470e-02   1.2853422e-03
   1.0657076e-03   1.6402936e-03   1.7712321e-04   2.3923652e-04   9.7800327e-04   1.1533856e-02   5.3283836e-02   7.4421922e-04   2.3778468e-02   1.7128020e-03
   4.9957569e-03   1.5794260e-03   5.7714050e-04   2.1552781e-04   1.0284540e-04   8.0346376e-03   3.1315066e-02   1.4000690e-03   5.3635016e-04   2.6938197e-03
   4.9429391e-15   2.9461476e-09   9.2456704e-04   1.8789170e-04   1.0299229e-06   2.5545934e-04   8.0306917e-27   4.2779694e-03   4.9167880e-16   5.6087385e-03
   2.4593400e-29   3.5500160e-23   5.2847337e-25   2.5101082e-04   8.0738280e-13   2.3493646e-08   1.4609352e-64   3.5955155e-03   2.4489931e-20   6.6456118e-03
   7.2530356e-24   3.3038497e-13   2.2016101e-12   2.9269959e-04   1.0712970e-08   3.8894792e-03   5.9160765e-75   2.0634671e-03   5.0538295e-11   4.6560272e-03
   2.4339882e-06   1.2209426e-08   2.1708129e-05   3.5604779e-04   1.5086264e-03   1.6056383e-02   5.3496937e-69   1.1794202e-03   1.3787207e-05   1.6470162e-03
   1.2715453e-07   1.0059322e-04   8.5669972e-05   3.3294715e-04   1.6974764e-03   1.5477591e-02   6.1122204e-76   6.5663409e-04   4.8482360e-12   1.0956468e-03
   3.4260418e-17   3.9752157e-04   9.1303282e-04   3.4327702e-04   9.1235277e-04   9.8361655e-03   4.2026253e-43   8.9342425e-04   1.4069932e-04   8.9987240e-04
   7.2701310e-23   7.0389016e-04   1.5163650e-04   2.3586138e-04   1.9788976e-03   1.4193304e-02   4.2307277e-38   2.8590895e-16   2.0690301e-03   1.2263742e-03
   1.5313069e-16   1.0408585e-03   5.5536294e-04   1.6903965e-04   1.5153932e-03   1.2887285e-02   3.1522269e-34   1.1304541e-18   7.7424870e-03   1.5269746e-03
   5.9440371e-03   1.0631706e-03   5.7745990e-04   1.4332298e-04   7.3329885e-04   1.3208069e-02   1.3985329e-30   9.8389204e-06   1.2856924e-02   1.9617604e-03
   1.4558352e-02   5.0858184e-04   2.7890993e-04   2.2656002e-04   7.1187110e-04   3.5018644e-03   7.6907450e-59   6.7257142e-04   4.8500379e-11   4.5131706e-03
   1.4560995e-15   4.0032263e-09   1.7184770e-13   2.3745703e-04   3.9461760e-09   3.3432897e-03   3.8172208e-69   1.3726784e-03   1.0607418e-33   6.7097122e-03
   5.7861012e-23   3.0865884e-15   1.3924222e-03   1.9495262e-04   3.7958283e-04   4.6764503e-03   4.0552228e-60   3.9132502e-03   2.1732512e-22   5.1717389e-03
   4.3552951e-09   1.2441241e-06   1.9236995e-03   2.4619970e-04   1.2876909e-03   1.8625223e-02   5.9280310e-57   6.5461699e-03   2.8921256e-08   2.0352635e-03
   1.4505126e-03   3.4006532e-04   5.0690718e-04   3.4514301e-04   1.5026989e-03   2.4329362e-02   2.4943789e-78   5.5176860e-03   6.5525866e-07   7.2634436e-04
   1.6419176e-08   1.3496643e-04   1.1723131e-03   2.6533968e-04   2.4199644e-03   2.0527531e-02   5.4605933e-83   3.7031872e-03   2.1263218e-29   7.4838349e-04
   2.4254644e-14   3.1461130e-04   2.4576413e-03   1.6057689e-04   1.5811046e-03   2.8213021e-02   1.1172995e-67   1.9270777e-03   1.1655809e-27   8.1182913e-04
   6.7260104e-13   5.0327853e-04   1.7966164e-03   4.5681339e-04   9.3727917e-04   2.6094745e-02   3.9398496e-57   9.1470988e-04   1.5847423e-05   1.2544251e-03
   1.4703531e-05   7.6036626e-04   1.1844347e-03   3.8867794e-04   1.4650472e-03   2.3088809e-02   9.2903961e-60   1.3382807e-04   4.8561594e-03   1.3971275e-03
   1.5745461e-03   8.0092310e-04   2.3562669e-03   2.9811332e-04   8.6443778e-06   1.9678734e-02   3.7788490e-57   1.4316879e-04   2.3225861e-02   2.7627026e-03
   7.4843920e-03   5.6188420e-04   2.6426162e-03   2.1147881e-04   4.4005457e-14   1.4062821e-02   6.5724664e-62   9.0521701e-05   8.7277221e-04   5.5638965e-03
   1.3351422e-03   6.6888146e-04   1.9747376e-03   2.4431904e-04   2.7581876e-05   8.9397133e-03   3.6510792e-60   5.2993150e-04   1.7771361e-09   4.9385157e-03
   6.1673129e-05   3.7282157e-04   9.0931634e-05   4.5006461e-04   1.4389879e-03   1.3708661e-02   2.5461456e-43   2.0408423e-03   7.1477407e-03   2.3472221e-03
   6.3578288e-12   2.9150791e-04   1.2813790e-03   5.8110974e-04   1.4697678e-03   2.5007531e-02   1.8168991e-27   4.6642688e-03   1.5321967e-03   8.4608506e-04
   1.4776207e-07   2.4698398e-04   2.7900852e-03   4.2630253e-04   1.9011083e-03   1.9282160e-02   2.0868648e-26   7.6421385e-03   5.9517092e-03   9.1219724e-04
   4.0043700e-07   4.7211246e-04   1.9427311e-03   4.4120350e-04   2.4866744e-03   2.5494600e-02   9.2274050e-24   7.3154001e-03   6.6404750e-08   5.9808962e-04
   1.9341581e-10   4.0585083e-04   1.4961382e-04   4.4754458e-04   1.8111547e-03   2.1514756e-02   3.2282598e-19   4.5488751e-03   1.0397837e-21   8.9191188e-04
   7.2207628e-05   8.4732848e-04   1.1411234e-03   5.5139730e-04   6.0010871e-04   2.3736671e-02   4.7291659e-11   2.3864858e-03   5.1349877e-09   8.9009368e-04
   1.1063902e-06   5.6212857e-04   7.3698112e-04   5.3162081e-04   1.5776265e-03   1.8800988e-02   1.4688118e-32   5.7240656e-04   8.1300679e-03   1.8097812e-03
   4.4768635e-04   2.8310495e-04   7.9287173e-05   4.6710557e-04   1.3208745e-03   2.6417802e-03   1.5527897e-59   1.3488634e-04   5.5612943e-02   3.3411174e-03
   1.4723242e-04   7.1280565e-05   1.4544471e-04   4.6691590e-04   6.8889119e-04   1.0963259e-02   6.6199934e-52   1.0295460e-03   4.0440160e-02   3.5993684e-03
   1.5700376e-05   3.7865601e-04   1.4645188e-07   3.1849628e-04   1.4455855e-03   1.4579183e-02   7.6687516e-45   9.4255126e-04   2.3345286e-02   2.0788136e-03
   3.4308925e-16   6.7181537e-04   1.5206951e-03   3.8035644e-04   1.7403507e-03   1.3086096e-02   7.4169024e-43   2.2060853e-03   2.7567435e-03   1.2278778e-03
   6.1574945e-17   4.7495080e-04   5.0705475e-04   3.9875272e-04   2.4037722e-03   1.4856664e-02   2.8118048e-43   3.5066040e-03   1.1952424e-02   9.4493708e-04
   3.1492691e-11   9.8082207e-05   5.5047207e-06   5.0472667e-04   2.3745091e-03   1.5467369e-02   2.8212330e-35   5.6619570e-03   2.4326053e-02   7.8414127e-04
   9.6998592e-12   2.2705282e-05   1.4422790e-03   4.5305470e-04   2.8820142e-03   1.9840063e-02   1.4926000e-38   4.9734107e-03   5.7246481e-03   1.0195071e-03
   2.4096907e-13   7.1083213e-05   5.7277287e-04   8.5310365e-05   2.8531385e-03   1.4499248e-02   1.7035074e-36   2.6018834e-03   3.1329111e-03   1.0340402e-03
   1.6380503e-20   2.2457564e-05   7.6711727e-04   6.4201076e-04   5.4682076e-04   7.0643956e-03   2.2152714e-37   1.6317033e-03   3.4270340e-09   1.5781378e-03
   1.6133296e-12   1.7429829e-07   2.4597017e-03   4.3857621e-04   1.0354632e-03   2.4657713e-03   2.9805004e-66   4.5698985e-04   1.3626713e-02   2.6193659e-03
   1.0568024e-13   4.1414078e-09   3.2766281e-03   3.4880975e-04   1.2730445e-03   4.5097550e-03   3.1772236e-82   2.1960036e-23   2.3771935e-02   3.5851618e-03
   2.0590475e-08   5.9500433e-06   6.8943568e-04   6.3738786e-04   1.7256362e-03   4.1345215e-03   8.0005735e-69   2.1245285e-33   3.0972266e-02   2.3727248e-03
   1.5595073e-04   1.3614329e-04   1.0710376e-04   5.1835436e-04   3.5110637e-03   5.1838945e-11   5.3054177e-69   9.6693479e-28   2.7392933e-02   1.1634000e-03
   6.4771396e-07   1.5197766e-04   3.7294136e-04   4.3730098e-04   3.3453511e-03   1.3121938e-04   3.4057294e-81   8.3706610e-26   1.7342751e-02   1.2742695e-03
   6.7263588e-10   1.0238451e-04   5.3528614e-05   4.0969773e-04   3.0481426e-03   3.3686947e-03   3.7935875e-85   7.3666114e-16   1.3216623e-02   1.0210473e-03
   2.6105239e-10   5.9913601e-05   3.8445837e-05   3.2607133e-04   2.9923632e-03   4.5145953e-03   1.5628411e-74   2.8653137e-04   1.8226363e-02   9.6725726e-04
   3.4290062e-19   4.0790153e-06   2.9433072e-27   4.8074400e-04   3.1145424e-03   4.2491643e-03   1.2945951e-74   1.0927556e-03   8.5565119e-03   1.0859033e-03
   3.2382271e-22   3.8019864e-06   6.7568026e-13   7.3081774e-04   4.3144276e-03   1.4189517e-09   7.1945722e-90   8.5211279e-04   4.2768018e-03   1.1077645e-03
   4.6180463e-16   4.9028239e-06   1.3021342e-09   3.8983947e-04   4.2520105e-03   1.6260295e-12   5.6088617e-85   7.4903955e-04   2.5997070e-14   1.3085562e-03
   1.4790936e-31   3.5692096e-05   1.0228237e-05   2.9544234e-04   1.5776166e-03   1.3410875e-03   5.2304560e-58   8.5271653e-04   6.0070748e-11   1.7040942e-03
   4.1475808e-24   1.0907278e-04   4.3017712e-04   2.9615351e-04   2.3237277e-03   2.1816005e-03   1.0651658e-72   3.4063087e-04   1.8056966e-03   1.5554631e-03
   3.2783000e-19   1.3451046e-04   1.6160465e-04   4.5884103e-04   4.8105217e-03   2.4335619e-05   1.6612163e-92   1.7416581e-22   3.4887866e-03   1.0825267e-03
   6.3358294e-11   3.8732664e-04   6.6381987e-04   3.4170300e-04   4.0023513e-03   3.5018851e-04  1.3327105e-100   2.3432871e-43   1.0783748e-11   7.7576764e-04
   8.7991896e-20   4.8325279e-04   9.7002790e-04   1.6708525e-04   3.7461255e-03   1.7566097e-09  7.4816383e-101   1.2281251e-40   3.4256339e-03   6.0438234e-04
   1.7926572e-36   3.2444332e-04   2.0775667e-04   3.8379050e-04   1.4033962e-03   1.0137693e-03   3.0807982e-79   5.8610933e-38   1.7570654e-14   8.1073371e-04
   3.4792521e-20   1.1811146e-04   3.8459042e-06   3.0841719e-04   2.0917433e-03   1.2883212e-03   2.7233829e-84   4.9106135e-14   1.5240979e-03   6.2364556e-04
   6.2715440e-21   1.9704415e-04   1.4523822e-04   2.1552234e-04   2.3320764e-03   7.9382551e-04   5.7479996e-89   2.0624406e-07   2.9340421e-03   5.7835010e-04
   3.3056454e-23   3.0357199e-04   2.2375058e-04   3.2315417e-04   1.3155254e-03   1.5702216e-07   1.5288505e-94   3.7145058e-04   5.4177751e-04   7.2804805e-04
   8.7942792e-21   2.9888949e-04   5.7569986e-04   2.5975499e-04   1.5161898e-03   1.9771542e-04   1.5538982e-82   4.0889936e-04   3.8807708e-27   8.4395582e-04
   7.5145491e-22   1.5581335e-04   8.4557582e-05   1.1950204e-04   1.9577588e-03   5.9501329e-04   7.1771471e-72   4.6099289e-04   2.8786607e-39   8.2707736e-04
   1.1782885e-21   2.2728956e-04   3.8377077e-05   3.6765668e-04   1.6240574e-03   1.9129705e-04   1.9382278e-49   5.1247070e-04   1.0386770e-03   6.1609952e-04
   8.5098479e-34   2.8144960e-04   4.1311889e-18   3.8423154e-04   1.6968802e-03   9.3783290e-09   3.7966866e-48   2.2882563e-04   2.5750528e-03   5.1127515e-04
   1.2280026e-19   3.4331694e-04   5.7551786e-11   3.8769668e-04   1.4231913e-03   2.2900977e-07   5.0217870e-49   1.9286651e-10   3.8465224e-05   6.1765276e-04
   8.1715463e-15   4.3814564e-04   4.5257603e-04   3.4712145e-04   1.8545945e-03   1.8305342e-04   8.3169627e-60   2.4223922e-31   2.8062712e-10   5.4164950e-04
   9.1354688e-13   4.5161943e-04   4.0632367e-04   2.4222756e-04   1.8365774e-03   2.2924880e-04   7.0049975e-68   3.9796557e-19   7.0931282e-05   4.0674106e-04
   3.8333467e-17   3.4190067e-04   5.4605140e-05   2.0841464e-04   1.4445194e-03   8.6946880e-04   1.6622819e-73   7.0721624e-23   5.3015160e-04   2.9411105e-04
   2.4734958e-22   2.5207168e-04   1.8420729e-35   1.8037623e-04   1.1884370e-03   3.4670387e-07   4.2440497e-51   2.1182434e-16   1.9889550e-03   4.2849583e-04
   6.5580783e-21   2.0409430e-04   9.1066021e-11   3.9585926e-04   6.6766933e-04   1.6786566e-04   7.0571715e-25   3.5174515e-04   1.1039865e-03   4.8043192e-04
   1.2944120e-29   1.9994907e-04   8.9439480e-06   4.7093670e-04   4.5440733e-04   1.4547568e-04   4.9006838e-13   5.9079326e-04   1.5403394e-22   5.5524090e-04
   1.9969911e-27   1.0834048e-04   3.4957250e-06   3.9184351e-04   4.0287062e-04   1.7343865e-04   2.6256426e-19   5.1960589e-04   8.3139025e-15   5.8213845e-04
   4.4709644e-14   3.7479604e-04   3.1434181e-04   3.5125090e-04   4.8555794e-04   5.3221822e-10   1.4194336e-24   7.6310772e-04   1.0783996e-17   5.1220432e-04
   3.9180968e-26   4.7793458e-04   2.7919876e-04   2.9264325e-04   7.2941932e-04   1.6168866e-04   3.9007294e-35   8.6228259e-04   1.0290863e-03   5.7534089e-04
   2.2056553e-34   6.0687297e-04   1.6832391e-04   2.2253090e-04   7.2487083e-04   7.8768538e-04   3.3599465e-50   5.1435879e-04   3.1937414e-05   4.3166892e-04
   6.8496570e-30   6.7329584e-04   2.3198843e-08   3.1998013e-04   1.0748280e-03   4.4153664e-04   3.5455776e-63   3.5874667e-05   4.7477326e-17   2.5278854e-04
   3.2285768e-16   6.8461059e-04   7.7118298e-18   3.2176272e-04   1.0353763e-03   3.5420189e-04   9.1886770e-79   2.2814383e-23   7.4293128e-15   2.0977804e-04
   3.5241096e-23   5.4891748e-04   3.2100944e-09   2.8638178e-04   1.0753056e-03   5.3366554e-04   2.0160872e-85   2.7240279e-09   3.7638486e-20   2.6572348e-04
   8.8072351e-30   2.4877901e-04   4.7086659e-05   2.8623591e-04   4.4811965e-04   4.9102689e-04   1.1667691e-54   2.6768183e-04   5.9779362e-06   4.0839917e-04
   1.4007259e-27   1.7789347e-04   1.5552680e-06   3.2803810e-04   6.5514916e-04   5.2389320e-14   8.1799528e-40   3.1077805e-04   1.8173770e-04   5.5613481e-04
   4.2718222e-36   3.5169167e-04   3.4846030e-15   3.9639896e-04   4.7657835e-04   8.6323874e-09   1.9566301e-27   8.4332671e-04   8.8448909e-16   7.2938477e-04
   2.1607057e-30   5.1195929e-04   1.0897662e-07   3.8664608e-04   6.1357367e-04   6.7641582e-05   1.4782753e-08   1.4335221e-03   8.9527176e-09   5.6147887e-04
   9.0129834e-26   7.6740941e-04   2.6875157e-05   3.2969417e-04   1.0254259e-03   1.5145775e-03   7.6567115e-03   6.7476159e-04   2.6415389e-13   3.4896929e-04
   6.0250836e-34   9.2462098e-04   2.9078762e-06   3.6228459e-04   7.2886869e-04   1.2237412e-03   1.2852236e-02   1.4073212e-03   2.4797802e-04   3.6896872e-04
   2.1739533e-20   7.4619535e-04   1.0497685e-14   2.7876512e-04   1.2978823e-03   9.3254657e-04   1.1148856e-02   2.0308420e-03   9.8345468e-04   3.3794930e-04
   8.8050891e-31   6.3426457e-04   3.1952578e-07   4.4637059e-04   1.0546366e-03   7.8350834e-04   1.1165671e-02   1.5983786e-03   9.3132198e-10   3.2945891e-04
   4.1951402e-24   7.9759811e-04   9.0865976e-06   3.0085476e-04   1.2950205e-03   3.8854145e-04   7.6017165e-03   1.0223400e-03   1.4538756e-27   3.5516467e-04
   4.1458727e-09   6.2560044e-04   5.4089817e-11   1.8673831e-04   1.0861436e-03   2.0970866e-04   3.4817797e-09   6.5232225e-04   3.6661826e-21   6.0529336e-04
   3.2674971e-16   7.4160217e-04   4.3570961e-08   1.7383353e-04   9.9580338e-04   2.5573265e-10   6.7588059e-18   6.7757612e-04   7.6946301e-13   7.3181536e-04
   6.1058122e-22   6.7456300e-04   7.8961243e-05   1.0706791e-04   7.6523563e-04   1.6891012e-15   1.4500551e-13   7.0145115e-04   2.9947222e-15   1.1054142e-03
   4.3829803e-22   8.0935521e-04   3.0642395e-04   1.1549818e-04   1.3732890e-03   5.0726514e-25   3.7590431e-05   7.3199807e-04   1.1833306e-07   8.2190678e-04
   1.1950657e-28   5.8339345e-04   4.3641140e-13   2.4393624e-04   1.1603726e-03   5.6275582e-04   1.6320896e-02   2.6427708e-03   3.1953626e-17   5.0446797e-04
   1.6465480e-28   7.4344447e-04   4.8806047e-10   4.4782331e-04   1.2017003e-03   4.3576869e-04   1.6857060e-02   2.4729851e-03   5.1015169e-20   6.9021263e-04
   1.7761632e-23   1.5328216e-03   6.8161979e-05   5.2919345e-04   8.7398871e-04   8.0788039e-10   1.9645190e-02   1.1843270e-03   1.3140231e-25   5.6001425e-04
   1.6365373e-33   1.3354395e-03   4.0056115e-05   4.2792443e-04   5.9222575e-04   6.8546755e-07   1.8597172e-02   7.7340754e-04   1.0008836e-03   5.1529847e-04
   1.5367550e-24   1.2135618e-03   2.1550056e-04   3.2661244e-04   1.3975104e-03   2.8026916e-13   1.0022131e-02   1.2453072e-03   2.2104211e-07   3.9808935e-04
   4.3522674e-26   1.2249354e-03   3.4963046e-12   5.2844576e-04   9.3709984e-04   2.5246679e-10   7.4138228e-03   1.2514206e-03   1.5753946e-15   4.2455217e-04
   1.2883051e-25   1.1554565e-03   4.0065983e-12   4.7437529e-04   9.4658898e-04   1.7756665e-21   1.2231081e-15   8.0482473e-04   5.5393251e-24   5.7241489e-04
   1.7546032e-34   5.2441430e-04   2.1521008e-04   4.4106031e-04   4.8592657e-04   2.1193841e-28   7.8323478e-47   3.2286098e-04   6.2157215e-38   9.5052160e-04
   1.3191046e-20   9.7874990e-04   2.2253908e-14   4.5093144e-04   6.0590344e-04   9.6427616e-31   7.3700389e-67   1.5430022e-04   7.9487681e-23   1.0429810e-03
   1.1878356e-13   1.1185188e-03   2.9680324e-04   6.1653300e-04   7.0925852e-04   1.6349072e-17   6.1845041e-22   2.4314155e-09   7.5656582e-10   8.3372048e-04
   6.1647268e-23   1.3047569e-03   1.0495196e-03   4.8092460e-04   7.6458564e-04   4.1951929e-17   3.4769157e-03   3.1241340e-20   3.4984672e-27   7.0336247e-04
   9.9203325e-27   1.5494699e-03   1.1474361e-03   5.1882685e-04   2.0610277e-04   7.2652025e-23   1.0774150e-02   8.3973013e-04   1.3551249e-18   6.0753372e-04
   3.7265834e-16   1.5940706e-03   2.3274458e-04   6.0037143e-04   8.8925326e-04   1.0942022e-15   2.7896504e-10   1.0131121e-03   1.0547391e-14   5.6390854e-04
   8.7205243e-20   1.3724092e-03   1.3857306e-03   4.3788208e-04   2.0537677e-03   1.0038992e-17   3.9461612e-25   4.0554046e-04   1.7821531e-03   3.4369348e-04
   3.2408706e-18   9.7453900e-04   1.0284643e-03   1.7632858e-04   1.8289548e-03   5.4102108e-08   3.5468546e-22   2.8919419e-04   1.5611260e-03   7.1594474e-04
   2.1314886e-23   1.2758497e-04   5.7012640e-04   1.3655287e-04   9.2871462e-04   9.6186422e-13   7.8719939e-15   9.9102351e-04   2.2190822e-13   1.1634625e-03
   6.4750745e-27   4.4610891e-04   9.8602408e-04   1.0302938e-04   1.4492979e-03   7.3719746e-23   5.2243696e-23   1.0306851e-03   1.8423754e-14   1.5804344e-03
   1.0119233e-32   2.7689112e-04   1.4905608e-03   2.1023027e-04   2.1317546e-03   1.5806226e-33   1.5333631e-37   8.3711930e-04   3.9094815e-21   1.6887379e-03
   4.9599083e-33   7.4534327e-04   3.2186500e-04   6.3371891e-04   1.3559730e-03   1.2307420e-32   3.1287957e-34   4.8630914e-08   1.9847643e-08   1.2457699e-03
   5.9448562e-22   1.0120063e-03   6.0375990e-06   9.8725699e-04   1.1021262e-03   4.7657626e-17   9.7655120e-53   6.2839396e-13   3.0553819e-03   9.1219152e-04
   5.5233153e-15   9.8507276e-04   1.2834537e-04   1.0111011e-03   9.3710565e-04   8.8990883e-09   1.9123909e-71   1.4969100e-04   2.0806267e-03   8.7885604e-04
   5.7851299e-12   4.3992791e-04   3.0639644e-06   7.0863589e-04   1.5035182e-03   4.0501116e-19   2.6410629e-38   1.9311856e-05   8.2235541e-18   9.8913874e-04
   1.0118112e-27   2.5563886e-04   9.7336720e-13   5.2216438e-04   2.2112020e-03   1.9767601e-07   4.6924142e-31   3.8548762e-04   6.5427122e-15   1.3040368e-03
   2.4557930e-28   6.4621474e-04   3.7312830e-07   7.8445578e-04   1.9191246e-03   9.0237306e-04   2.7976206e-20   1.7395861e-04   1.5645709e-10   1.0158844e-03
   1.2571169e-30   4.0861121e-05   1.1324042e-04   5.1826641e-04   2.1792734e-03   7.1773152e-05   2.1467285e-26   5.2744805e-04   3.2126181e-03   1.1672590e-03
   8.4066658e-33   3.8214749e-04   5.7586250e-09   8.4903448e-04   5.3281095e-04   3.0972969e-17   4.3418644e-33   2.6904772e-04   8.2329477e-05   1.6680282e-03
   1.3802604e-20   1.0020120e-03   7.8033085e-05   8.4891878e-04   1.2421118e-03   3.1714377e-08   3.3115609e-49   5.9501362e-05   4.8112612e-20   1.7284622e-03
   2.2954612e-16   5.2824971e-04   9.3711415e-05   9.8266493e-04   1.6626345e-03   1.0027097e-15   4.4638707e-74   2.3897035e-04   4.1093476e-12   1.5964152e-03
   2.7055530e-18   1.1879687e-03   6.5153867e-08   1.1130305e-03   2.0030000e-03   5.2667164e-13   1.0052101e-84   3.0314967e-08   3.7005049e-14   1.1932774e-03
   7.9524413e-33   1.0540176e-03   1.0563067e-03   1.0712700e-03   4.4034752e-04   7.3738320e-04   6.9372846e-55   1.0379819e-18   1.0288126e-05   1.0732352e-03
   7.1408511e-23   5.9606160e-04   5.4093826e-04   1.4573621e-03   2.5813963e-04   1.0088000e-03   1.6663193e-40   3.2070481e-18   1.4369185e-03   6.8606822e-04
   2.2682650e-36   7.1593618e-04   1.1415776e-12   1.0968667e-03   6.1712110e-04   1.2266222e-03   2.8127136e-40   4.3699825e-33   2.7946715e-08   5.1329916e-04
   2.6150230e-27   6.5666830e-04   2.7562121e-03   7.0839407e-04   1.0086886e-03   6.2969316e-04   5.4052503e-48   5.1995811e-38   4.9011825e-06   5.4152840e-04
   4.2439881e-26   1.4076504e-03   6.0997536e-03   5.4141195e-04   1.1693000e-03   8.9833152e-04   1.2310419e-68   6.8319884e-25   8.2481926e-06   6.0533648e-04
   8.8657473e-28   1.6013403e-03   5.1261728e-03   7.6332062e-04   4.5237261e-04   7.2473985e-13   3.1799889e-89   4.5724990e-26   4.0341413e-09   7.9914760e-04
   5.1735698e-17   9.1059611e-04   2.6854607e-03   6.8704485e-04   2.8835581e-04   6.7746772e-04   1.2769522e-74   2.0401210e-16   1.0249770e-05   9.9849480e-04
   1.2119062e-15   6.9120289e-04   2.6540530e-03   7.8007773e-04   9.5017005e-04   3.4657223e-11   8.7091492e-62   7.5890963e-21   6.2165452e-22   9.2917904e-04
   8.5004054e-14   5.2890929e-04   6.1972692e-03   1.1195397e-03   6.0323214e-04   6.2169829e-16   2.5609767e-49   7.0783872e-11   4.5806761e-05   9.7375490e-04
   5.3657610e-29   2.8269874e-04   6.9238851e-03   1.5959099e-03   1.4197755e-05   1.2728119e-10   3.3360179e-29   1.6701434e-04   5.1895381e-05   8.5962740e-04
   2.5326856e-16   3.4984382e-04   1.9831976e-03   2.3246565e-03   2.6670032e-04   3.2741625e-04   2.3071693e-35   9.0989637e-05   7.2655135e-24   5.2310617e-04
   4.5507724e-17   3.3541848e-04   4.0889587e-03   2.6140718e-03   1.4985794e-04   2.3767460e-16   8.0110007e-55   2.6950861e-11   8.5616282e-04   5.1821455e-04
   1.9540063e-18   1.6783631e-04   4.5612462e-03   1.8836077e-03   2.8028376e-04   2.0757428e-04   1.7881131e-61   4.7916489e-21   4.6766854e-05   5.9882498e-04
   4.2908956e-31   1.4352887e-04   4.4504547e-03   1.7524745e-03   9.4974532e-05   8.0395145e-04   3.3698516e-77   1.6426699e-33   1.4036900e-06   4.6166061e-04
   8.1371433e-20   2.2922628e-04   2.5210828e-03   1.5516615e-03   2.9465961e-04   8.1753206e-04   1.5522381e-55   9.0463586e-31   1.2659029e-06   3.6976405e-04
   2.4013245e-10   2.4730341e-04   5.2625805e-03   1.2385836e-03   5.5820104e-04   5.0873112e-09   3.1329878e-49   1.6773498e-34   1.1684781e-22   5.8505360e-04
   1.4574001e-17   1.7873461e-04   5.0376419e-03   1.3625864e-03   1.0548735e-04   3.4936027e-11   1.3012740e-36   4.7038325e-25   1.1331403e-10   7.1194027e-04
   9.4834545e-26   2.5078253e-04   9.0234726e-04   1.7396859e-03   2.5759170e-07   1.4162929e-09   3.0192151e-34   6.1882562e-23   2.6749213e-17   6.3767212e-04
   2.3026500e-15   2.6064415e-04   1.9067370e-03   2.1099743e-03   1.8083638e-06   1.0777948e-04   2.8389996e-46   4.6004735e-18   9.5923332e-20   5.4205156e-04
   5.8022395e-19   2.3927816e-04   3.8378572e-03   1.5070163e-03   5.9630493e-06   1.4120260e-04   4.2943941e-46   2.8406000e-09   1.0054706e-04   4.7669605e-04
   4.7943676e-23   3.8224889e-04   3.3898842e-03   1.7109183e-03   8.1653781e-05   1.8722707e-14   1.7445483e-32   1.4776183e-19   1.0563571e-09   3.8681191e-04
   5.6156644e-18   4.2201802e-04   3.2007683e-03   1.8415542e-03   2.3928152e-04   2.4679563e-04   7.7088178e-24   5.9664297e-22   1.8170575e-15   3.8908634e-04
   4.7936824e-23   3.5549182e-04   5.6403322e-03   1.2131867e-03   2.0642489e-05   4.1223646e-04   2.2022397e-10   1.9999826e-20   3.8028702e-09   3.7280999e-04
   4.8171713e-23   3.8513198e-04   4.4068569e-03   1.4383652e-03   1.5640524e-05   4.5899217e-04   7.0454830e-11   4.0260757e-35   1.6214365e-13   3.3751268e-04
   2.3598552e-15   2.8339963e-04   5.5907627e-03   1.7512570e-03   1.7203504e-05   1.3191377e-05   1.8892323e-19   2.7651141e-32   5.6136406e-12   4.5455034e-04
   8.9825096e-21   2.3992715e-04   6.2856474e-03   1.1937563e-03   1.2638147e-05   1.1934912e-13   5.6033638e-29   4.2705680e-26   3.2875178e-21   5.5620946e-04
   4.2809477e-18   2.1704689e-04   4.3224635e-03   1.0070294e-03   1.4824666e-04   2.8265449e-11   2.6135767e-39   1.3064032e-21   3.2996005e-27   4.3141639e-04
   2.9305780e-17   1.9729765e-04   4.1747277e-03   6.4619627e-04   4.3031904e-04   3.7301576e-08   1.3947926e-47   8.5814746e-21   1.1479290e-09   4.1697245e-04
   5.2740336e-20   2.4322701e-04   2.3920475e-03   1.4897252e-03   7.9008791e-05   9.6778690e-15   3.8904264e-37   1.5166346e-11   1.6991885e-29   3.6960288e-04
   2.1337897e-20   1.8914724e-04   1.8111070e-03   1.8318631e-03   1.2574370e-04   1.3228111e-04   3.0951130e-26   4.3602482e-05   7.2860552e-09   3.6133760e-04
   2.6939352e-27   1.5488739e-04   4.1579295e-03   1.0594398e-03   4.0458895e-04   6.6485442e-04   2.6184868e-21   7.9078747e-05   7.4466977e-08   2.9828835e-04
   4.9548928e-37   3.3584717e-04   4.5545089e-03   9.7907166e-04   1.5450937e-04   2.2894407e-04   5.1991295e-11   1.2111311e-04   8.7683391e-23   2.9932579e-04
   2.0673405e-21   4.1530515e-04   1.0505717e-02   1.5694450e-03   4.0715780e-04   1.6106817e-11   1.1916223e-23   3.3944955e-05   2.1432819e-07   2.3071060e-04
   3.4855941e-15   3.2580114e-04   8.2536974e-03   1.0915385e-03   2.3585395e-04   1.1174425e-16   2.0984098e-15   8.8790960e-08   5.3868194e-20   3.4732343e-04
   2.6807604e-22   2.6046234e-04   9.1597790e-03   1.1736956e-03   3.4504545e-04   1.3325939e-23   7.1124778e-28   3.0161140e-16   2.8516446e-25   4.6958067e-04
   4.1311242e-33   2.8385538e-04   1.0980197e-02   1.8859231e-03   1.6474092e-04   4.2917807e-09   3.7446170e-43   3.5407705e-08   6.5018067e-19   5.3054037e-04
   6.7952741e-23   2.3493146e-04   2.0978229e-02   1.3710117e-03   2.0832839e-04   6.0149556e-17   6.6545460e-49   1.8161040e-07   1.2103364e-22   3.3476453e-04
   1.5042554e-15   2.0267983e-04   1.1203683e-02   1.3500943e-03   4.9725869e-04   8.0133448e-31   2.7870907e-32   8.0989749e-05   1.7255780e-26   3.1253477e-04
   2.6852336e-13   6.2761484e-05   1.2200002e-02   2.5092887e-03   8.9952820e-05   5.1585705e-15   5.2499309e-28   3.5695713e-04   6.1117193e-14   3.3470044e-04
   1.2541254e-19   1.9472502e-04   8.2884066e-03   2.5705978e-03   2.6379541e-04   3.1325547e-17   1.6692240e-33   2.7598022e-04   1.1366027e-29   2.5562785e-04
   4.7363990e-30   2.6001440e-04   4.8274128e-03   2.1640652e-03   1.6227772e-04   5.5887146e-05   1.7079947e-29   5.4836213e-04   8.6057334e-15   2.4247869e-04
   2.0121768e-42   3.6955872e-04   1.3396667e-02   1.8425924e-03   3.8934812e-04   8.0934482e-06   1.3100636e-16   6.7759309e-04   1.6372438e-21   2.4420771e-04
   7.9994604e-17   2.8074746e-04   2.1701960e-02   2.5672131e-03   2.0741235e-04   2.9242723e-06   3.5041468e-12   8.6101210e-04   3.4671172e-30   2.4586817e-04
   7.6808692e-11   8.6289080e-05   3.0489476e-02   3.1531557e-03   4.2901554e-04   1.0391014e-08   4.6350148e-42   8.4176783e-04   1.1998312e-31   3.6902250e-04
   2.0855126e-23   5.6738238e-05   2.8353582e-02   3.6647933e-03   1.9569573e-04   4.9711817e-16   8.3671898e-49   6.1059605e-04   6.8975025e-23   5.0096009e-04
   1.1947505e-24   9.8367530e-05   3.2570587e-02   2.7228551e-03   8.2730242e-08   2.8175546e-12   3.8011223e-12   1.9848558e-04   3.8079171e-12   4.4643439e-04
   5.0682356e-17   1.3033584e-04   2.4500319e-02   2.6057595e-03   1.9865622e-04   1.1500669e-10   8.9791384e-03   3.6374478e-04   2.0475010e-18   3.8312221e-04
   1.5210706e-10   2.0279944e-04   1.9242890e-02   2.5518501e-03   2.3802577e-04   2.1691668e-13   9.8581816e-03   5.6462075e-04   1.1258167e-27   3.2878562e-04
   5.7099481e-06   1.9502283e-04   1.3981004e-02   2.3991664e-03   2.9947254e-04   3.7201095e-04   1.0298587e-05   1.0341179e-03   2.0610324e-22   3.7574751e-04
   1.3890461e-04   1.1798040e-04   5.4555542e-03   3.5550001e-03   2.5405329e-04   2.8925010e-04   1.2179769e-28   1.4740922e-03   1.3581289e-31   3.6852287e-04
   4.6999670e-38   2.6584544e-04   1.7621415e-02   4.0569658e-03   3.8569067e-04   4.6995181e-05   2.0528756e-36   1.1727283e-03   8.0168048e-16   3.4795023e-04
   7.0014513e-18   3.2368801e-04   1.9369181e-02   2.1374244e-03   2.8247629e-04   2.3649076e-04   1.8255131e-17   1.3503605e-03   1.3924766e-20   3.4433797e-04
   5.8479617e-21   9.4831106e-05   2.0950393e-02   1.6342839e-03   8.3519524e-04   1.1918168e-04   1.3377735e-25   1.4961921e-03   2.2464983e-36   4.5425661e-04
   1.3945174e-20   4.6289197e-06   2.1869181e-02   3.3690705e-03   3.2716942e-07   3.7896309e-04   5.9765723e-50   2.0612082e-03   1.5280150e-38   7.0221559e-04
   2.8108650e-11   1.3830352e-05   1.9945707e-02   3.3900758e-03   8.2415678e-06   5.0065418e-04   2.4599298e-62   1.4863144e-03   6.0712987e-45   8.0699128e-04
   1.8881999e-08   2.2057631e-04   2.6823935e-02   2.0007501e-03   8.8441675e-05   2.1691765e-05   5.0538670e-37   8.4930856e-04   6.1812185e-23   6.7910662e-04
   1.6465815e-18   2.4715090e-04   2.5510276e-02   2.6805583e-03   4.2165855e-04   5.1281091e-16   3.4078998e-43   5.4083019e-04   8.8786790e-17   5.9985454e-04
   1.2902301e-18   1.8595903e-04   1.7917500e-02   3.0411489e-03   2.6980257e-04   2.2544669e-20   2.7628168e-53   8.6218132e-04   5.0060476e-21   4.9096897e-04
   2.1218869e-22   1.9780739e-04   1.8915007e-02   3.8198495e-03   3.9405765e-07   3.9183062e-04   2.6267185e-80   1.0659527e-03   8.4051957e-36   5.8917071e-04
   2.2525941e-07   2.9172834e-04   2.5315934e-02   3.4117930e-03   1.7484087e-04   3.1373109e-04   5.0126646e-49   9.9916246e-04   4.9121899e-33   5.8186113e-04
   9.3907654e-04   5.7228989e-04   2.5940110e-02   2.1661634e-03   2.2425978e-04   2.8787132e-04   7.8611284e-35   4.7762460e-04   2.1843789e-17   5.9567517e-04
   5.1094085e-13   6.4792631e-04   1.5499913e-02   3.6490551e-03   3.9664986e-04   1.2861514e-04   1.3998308e-41   3.7011723e-04   4.3408836e-11   6.3126081e-04
   7.9772668e-18   2.8008279e-04   1.7653223e-03   4.3527275e-03   3.6514742e-05   7.3551773e-06   1.9682896e-52   6.5579188e-04   2.4594077e-32   9.3294091e-04
   5.5282433e-18   1.1979959e-05   5.4993184e-03   3.3158165e-03   6.4019622e-12   5.0147063e-13   1.1561184e-81   7.8611715e-04   4.7940577e-37   1.1636398e-03
   2.1239346e-07   1.7502386e-04   9.7511913e-03   5.6081504e-03   3.2776788e-19   3.0112603e-07   5.7269001e-79   1.2434005e-03   6.9691923e-27   9.4661255e-04
   2.0322282e-03   5.6325431e-05   1.0094514e-02   8.2200066e-03   3.3756160e-09   6.5446664e-08   1.0115840e-53   1.3040108e-03   7.1637138e-27   6.2127774e-04
   2.8451245e-09   1.5529781e-04   1.1817179e-02   1.1153080e-02   8.3342830e-07   2.4967193e-04   1.5043503e-44   1.1097981e-03   5.5168634e-12   5.5840342e-04
   2.1641924e-19   2.3911100e-04   7.1855989e-03   1.2757088e-02   1.1553001e-04   4.6644283e-04   3.0986226e-39   5.4268617e-04   1.9204061e-12   4.9346685e-04
   1.0052105e-19   2.9870944e-04   1.1441086e-05   1.1155717e-02   1.3058427e-13   6.1095597e-10   3.7380092e-34   4.8893327e-04   1.4195336e-30   5.7409963e-04
   6.1342251e-13   5.8661659e-04   7.4248509e-03   8.2743017e-03   3.4254288e-09   1.7354021e-04   4.5696052e-31   9.0494032e-04   2.5627707e-12   5.5941128e-04
   1.3536197e-29   4.3894354e-04   7.0775442e-03   6.0075717e-03   8.0375890e-06   3.9849670e-04   1.5209933e-33   6.2641533e-04   9.7356920e-26   5.5331266e-04
   2.6239160e-19   3.9936514e-04   1.9355108e-41   8.6248274e-03   4.5982242e-07   1.7963434e-15   7.1576932e-64   2.4056758e-04   3.1974907e-16   1.0273731e-03
   3.5270718e-30   9.7211827e-05   4.3571177e-28   1.1149879e-02   1.1960763e-10   2.7644744e-27   4.9001088e-67   5.3877009e-04   1.6263399e-26   1.3055042e-03
   2.8513953e-29   1.8996208e-05   6.6986645e-20   1.0527000e-02   4.2820282e-15   2.2341269e-18   7.5511477e-48   7.3411597e-04   1.9145210e-31   9.9545833e-04
   2.4436530e-16   8.1102117e-06   2.9245352e-09   9.9029470e-03   9.5338321e-06   7.8367574e-09   8.8364284e-35   4.2075980e-04   8.8643152e-46   7.7943087e-04
   2.4481813e-20   1.4633663e-08   1.1350406e-03   1.0091083e-02   1.0082798e-04   1.0680477e-21   1.2166222e-37   1.0399585e-03   2.8366260e-40   6.4162511e-04
   2.2893461e-22   5.5501237e-04   1.7674979e-13   7.9246956e-03   3.6999754e-06   4.8758579e-21   3.1569906e-33   1.0660493e-03   4.5059235e-24   7.1470441e-04
   2.2983034e-18   1.1557162e-03   2.7226224e-03   5.3117826e-03   1.2061575e-04   3.7331344e-07   1.9140700e-23   4.9272700e-04   2.2195854e-03   7.9730568e-04
   3.7208546e-22   1.5238338e-03   1.0665840e-02   2.0237519e-03   9.8876144e-04   4.5577151e-04   4.5336483e-16   1.6147281e-05   2.7988815e-03   6.1599504e-04
   3.3518486e-14   1.4286213e-03   2.1662097e-03   4.3753323e-03   3.0261908e-04   2.6963083e-15   8.6345005e-29   1.4898389e-04   4.5629847e-12   6.8805325e-04
   9.3989983e-22   1.1187810e-03   6.8380173e-03   3.4867772e-03   3.7234286e-05   2.7309537e-17   1.1611863e-30   1.3618190e-04   2.0823289e-11   8.7298127e-04
   5.3161277e-20   4.7993351e-04   8.6329664e-04   3.6694820e-03   1.9090052e-04   3.2759084e-22   4.5078688e-36   3.5682900e-05   9.7161090e-25   9.1479146e-04
   2.1944920e-12   2.2005026e-04   7.8339385e-19   4.3670337e-03   1.0146547e-04   1.5677439e-22   1.4541097e-48   1.8077898e-04   1.7946137e-03   1.3496671e-03
   3.3234306e-08   9.6057539e-05   2.9876283e-04   5.9158726e-03   5.7565460e-04   2.6531563e-18   4.5024177e-63   8.0652516e-05   4.0189237e-03   8.9905673e-04
   4.2328357e-10   4.3231456e-04   4.1006974e-03   3.6246605e-03   5.6988272e-04   8.3904414e-20   1.3972498e-50   5.8698942e-05   1.9017599e-23   7.0330793e-04
   3.9174147e-13   6.4357817e-04   7.4645861e-14   2.7914641e-03   8.0378659e-04   3.4399497e-04   1.5871918e-22   1.2308149e-04   2.5600388e-03   3.4903997e-04
   1.0245293e-12   5.4851612e-04   3.6784092e-03   1.6174659e-03   5.8792132e-04   8.5532283e-20   3.4637447e-17   1.2886228e-04   1.0569873e-12   6.5348047e-04
   1.2649411e-15   4.8564302e-04   1.2631625e-03   3.6269001e-03   8.9968143e-05   2.4272747e-29   1.5646424e-37   1.6593210e-04   3.0726285e-16   6.7189223e-04
   9.3213244e-23   4.6613175e-04   3.5134955e-03   4.1446609e-03   2.2846275e-04   5.1966577e-27   8.6672823e-71   1.4673217e-04   8.4943264e-06   5.1628501e-04
   4.3810431e-22   2.5529058e-04   3.0407975e-03   2.9659363e-03   3.5632304e-04   6.4497391e-07   5.8933782e-41   4.6780351e-14   9.6609647e-04   4.1655984e-04
   6.4285336e-23   4.8450009e-05   1.3279828e-07   2.9226229e-03   6.9216470e-04   9.8289624e-27   2.5045746e-39   1.1882025e-04   1.7882197e-03   6.0579698e-04
   9.6466721e-34   6.7555663e-06   2.4271887e-04   3.2340666e-03   4.9204365e-04   8.3876125e-31   7.4388035e-42   1.8817557e-04   2.2266990e-18   5.9828306e-04
   2.4836803e-19   2.6914797e-05   1.8145668e-03   3.9919575e-03   3.3583882e-04   1.2147786e-25   4.1324840e-53   2.2514652e-04   1.3353343e-04   5.2115767e-04
   3.4591722e-22   2.2343090e-05   1.6608583e-05   3.7685470e-03   7.5780772e-04   5.3039592e-24   5.9861761e-57   1.5912788e-04   1.9079733e-03   4.4022330e-04
   4.0380041e-18   2.2307094e-05   6.4797632e-14   3.2551886e-03   1.5843967e-03   2.3525931e-13   2.2419346e-41   7.5682948e-05   1.5953467e-03   2.3841702e-04
   1.0547353e-17   6.3443328e-05   2.7221061e-03   2.0765727e-03   1.2874057e-03   4.3235115e-23   4.1665395e-31   3.7246698e-04   1.3068741e-04   4.3339097e-04
   4.3049432e-15   1.4012301e-04   1.9408399e-08   3.5150307e-03   8.3819444e-04   1.8113693e-25   6.0976273e-35   2.6734437e-04   1.0546470e-15   3.4599943e-04
   7.9539938e-27   1.5635850e-04   1.7986335e-27   2.9804039e-03   9.3890179e-04   2.9712585e-16   1.0733123e-36   2.0585643e-04   4.9602993e-07   2.9694240e-04
   1.0691381e-08   2.3203223e-04   1.1972440e-13   4.2679599e-03   6.9018138e-04   6.3630479e-05   4.1078361e-63   3.5576295e-04   2.5481337e-03   1.5172910e-04
   7.0552687e-16   2.7610237e-04   1.7108927e-15   3.5722118e-03   6.3769611e-04   4.4588618e-27   4.1833713e-62   3.5747501e-04   2.5115870e-03   2.6715247e-04
   1.7584187e-14   3.4950449e-04   1.4625989e-03   2.7354574e-03   1.0417712e-05   5.1159002e-30   1.2094994e-17   3.7598625e-04   1.7177880e-09   5.5092187e-04
   5.5280581e-17   3.2079617e-04   2.1516178e-05   2.7808321e-03   3.6047422e-04   1.3406025e-22   1.0844874e-07   1.2763137e-04   2.7572495e-14   5.5392323e-04
   4.6102294e-18   5.8661148e-05   4.9791392e-29   2.4701703e-03   1.0566628e-03   3.1611783e-17   6.2848356e-07   3.0473929e-04   2.3236568e-20   4.0644723e-04
   2.2743752e-20   1.7233574e-04   1.5379298e-08   2.7880802e-03   8.4324794e-04   4.2426226e-13   4.7309823e-12   4.7941542e-07   1.5939346e-03   3.9388968e-04
   9.1204968e-28   2.1484825e-04   2.0763190e-03   1.2715436e-03   6.4325967e-04   3.6689318e-06   4.7320768e-22   1.0739707e-04   1.7682740e-03   3.5886850e-04
   1.2778051e-21   3.0026311e-04   5.7046209e-07   1.4450726e-03   1.0869270e-03   2.4638738e-17   7.1127099e-37   2.1170044e-14   1.4390896e-03   3.7775615e-04
   6.2136154e-16   1.7657430e-04   1.2747973e-08   1.6567081e-03   1.4314960e-03   7.6940478e-31   1.8684014e-16   2.0782385e-15   1.1425156e-03   4.4880941e-04
   2.0308651e-12   2.5883377e-04   7.4376550e-07   2.8472970e-03   1.2273901e-03   1.0170704e-18   5.2193869e-03   6.3254602e-05   3.1516994e-15   2.4384729e-04
   2.1880827e-15   1.4632408e-04   5.9377066e-08   3.9252205e-03   5.3738193e-04   6.9127626e-08   1.1257346e-02   7.5090564e-05   4.0849745e-04   2.9696776e-04
   2.0584787e-33   5.5885346e-05   3.6097830e-04   4.7729132e-03   2.4873149e-04   7.6392780e-11   1.7117638e-11   1.5179648e-04   7.6003615e-06   3.1371331e-04
   2.5450659e-16   2.5581503e-05   1.7726596e-05   3.2632122e-03   2.3391317e-04   1.7322564e-32   1.0942775e-48   2.6569846e-04   5.2283080e-16   4.5605475e-04
   1.5357241e-24   1.3914242e-04   4.9085611e-04   2.1557507e-03   2.5696364e-04   3.7648532e-29   3.5925021e-30   3.6392987e-04   1.9771132e-04   4.4145926e-04
   2.1557683e-28   1.3883267e-04   3.0346769e-03   1.3403203e-03   6.9077528e-04   4.1948285e-13   8.5290810e-03   4.1664201e-04   5.3754309e-08   3.6197658e-04
   2.5763408e-27   6.1523489e-05   2.1568270e-03   2.1150921e-03   8.5692704e-04   7.4565017e-08   1.1778822e-02   3.9800178e-04   5.9022464e-17   3.7934390e-04
   1.1804604e-24   1.3797946e-04   1.5963399e-06   2.8613791e-03   6.5596206e-04   7.8670634e-16   9.8749341e-03   3.0080020e-09   3.9136170e-17   4.0283300e-04
   1.0210710e-25   6.2483669e-05   7.6749910e-14   2.9469996e-03   8.9987250e-04   2.3824991e-21   4.5166429e-17   2.0604028e-04   3.6004404e-04   3.6933748e-04
   5.4309599e-17   1.4663612e-05   1.4869568e-09   2.8867378e-03   1.1543437e-03   1.5145435e-10   9.1890963e-52   1.1191249e-04   7.0445074e-04   3.3381145e-04
   5.2181412e-14   9.8589434e-05   3.7917001e-11   2.4647035e-03   7.7824688e-04   8.6926912e-06   1.5544027e-39   1.1625238e-04   8.1204206e-04   3.2248296e-04
   1.5010354e-14   9.8648943e-05   2.2424361e-14   1.8094279e-03   3.7190563e-04   5.1284619e-05   8.2708728e-03   2.3164395e-04   1.2313642e-03   2.8643384e-04
   2.4357013e-24   1.1751759e-04   6.4458161e-04   1.8368118e-03   2.0323805e-04   8.6313924e-20   1.2523478e-02   3.1020513e-04   1.0097081e-03   3.4970147e-04
   1.1631079e-26   1.0338851e-04   3.6972335e-03   1.7020965e-03   4.0471293e-04   1.4053953e-26   1.0616647e-02   2.4880412e-04   1.7475459e-10   3.7587629e-04
   4.4691037e-17   2.5001492e-04   4.4792746e-03   2.0944676e-03   4.6388031e-04   8.3277439e-16   2.5574082e-10   8.9450725e-05   1.4194184e-21   4.0718713e-04
   4.8194457e-16   2.2407090e-04   4.4936961e-09   3.5335849e-03   2.7142974e-04   2.0363138e-09   2.1991911e-45   3.3883356e-05   1.2927604e-10   4.2495210e-04
   5.5733370e-17   4.9273347e-05   2.2938408e-18   3.7916969e-03   2.6515735e-04   2.2063501e-23   1.7768277e-54   6.5092772e-05   2.3295778e-21   3.7581814e-04
   2.4186394e-10   2.0221837e-04   4.2541172e-18   3.5325107e-03   6.6190502e-04   1.4837664e-22   5.6828910e-25   1.5376355e-15   6.8683002e-04   3.7694938e-04
   2.4849809e-09   8.8601812e-05   7.8708108e-18   3.3958807e-03   6.9201243e-04   3.0774737e-17   5.7852244e-11   5.3482349e-33   2.3019628e-03   2.6066196e-04
   2.1595507e-11   1.5919841e-04   8.1516142e-07   2.6460497e-03   8.5236756e-04   2.5210282e-05   4.1672761e-14   1.0038688e-21   8.3898963e-04   2.9175154e-04
   1.7440401e-13   1.8330752e-05   1.0319967e-21   2.4084529e-03   5.0710996e-04   2.7380825e-06   2.2561358e-26   3.6602814e-05   1.9105127e-03   2.8241665e-04
   1.5257643e-10   5.8412531e-05   9.8202522e-28   2.9859709e-03   2.0216937e-04   1.3766488e-04   7.4948792e-69   1.2316011e-04   1.0975843e-03   2.8961687e-04
   4.3887939e-29   8.9597857e-05   1.6631046e-22   2.7706773e-03   6.9793696e-04   6.8694822e-09   1.7246205e-31   7.6635869e-13   2.3944063e-10   4.4141100e-04
   1.4724893e-17   5.4208964e-05   4.6191364e-11   4.1010185e-03   3.3370440e-04   3.5464630e-12   2.4894660e-17   5.9582758e-20   5.3780223e-04   4.2571743e-04
   6.9644963e-32   2.2430289e-05   2.5622280e-05   5.3132112e-03   3.5734610e-04   5.7478218e-05   1.5530206e-12   4.7608946e-08   2.3325698e-16   3.3603268e-04
   9.0639335e-36   1.4992385e-04   4.1003398e-06   5.2455796e-03   4.5129323e-04   3.7554449e-04   1.3667534e-11   4.7058400e-23   1.4496745e-03   3.2180117e-04
   1.5014390e-33   2.9415751e-05   1.4601803e-14   4.0226130e-03   7.5135790e-04   4.6286958e-04   6.7509416e-23   2.4540644e-11   5.9277663e-06   3.0418405e-04
   1.2476468e-19   1.6265405e-04   5.9915657e-28   3.3554079e-03   5.9693575e-04   1.3321966e-04   2.2288617e-35   1.5415225e-19   2.1011981e-24   2.6799630e-04
   3.2750470e-18   4.9246052e-05   1.4069999e-04   3.9729223e-03   4.5400110e-04   1.6984834e-04   1.1469666e-44   2.5824784e-05   2.1888265e-16   2.9356564e-04
   2.7858578e-26   1.1667259e-04   1.5864807e-03   2.4765420e-03   7.5737393e-04   2.9494608e-04   5.2044900e-23   3.8093868e-06   1.3756840e-04   3.2302217e-04
   6.7630984e-16   2.9788880e-05   5.4823877e-03   2.8938174e-03   6.6452593e-04   1.9846128e-04   1.7384945e-15   7.3263702e-05   1.1239978e-03   4.0496133e-04
   2.2138182e-13   1.7785063e-07   3.3960915e-03   3.5418166e-03   1.2717754e-04   2.9374023e-05   2.5012157e-05   2.3074047e-04   2.0719796e-03   5.1554093e-04
   6.7718097e-18   9.7478455e-06   5.9297486e-04   2.9684734e-03   1.2272418e-04   8.4215354e-08   1.5013572e-04   2.6675221e-04   3.1940834e-11   5.2343920e-04
   9.1844227e-30   5.8072854e-06   2.1174884e-11   2.8911204e-03   4.2427165e-04   8.3393400e-06   1.3656112e-13   2.4532900e-04   2.7675459e-04   4.8615243e-04
   2.1564262e-17   2.7122840e-05   7.0189437e-16   3.9069087e-03   1.2272731e-04   7.3408567e-06   1.3067087e-29   1.9721553e-04   2.2557113e-03   4.3213792e-04
   1.3009929e-15   1.9528168e-04   3.8782315e-17   5.6672595e-03   9.6303276e-08   5.0943704e-04   1.5054934e-59   1.5347014e-04   2.7654052e-03   3.0492611e-04
   8.7606925e-13   2.7660350e-04   1.4268609e-07   5.4424058e-03   1.4391096e-04   4.2885399e-04   3.1786033e-57   5.4398675e-08   3.4614422e-03   2.7626755e-04
   1.5370484e-15   3.8716570e-04   7.9796342e-11   5.2683684e-03   3.4037090e-04   3.5448553e-04   8.4096913e-41   1.8901768e-20   1.2300838e-03   2.6506273e-04
   1.9584363e-21   2.1564946e-04   1.5395036e-37   5.0457167e-03   3.9271718e-04   1.7829144e-05   1.4700145e-29   2.6194118e-07   7.1477817e-04   2.8623024e-04
   6.0480814e-11   1.1145301e-04   1.7226446e-19   5.0970708e-03   1.0448532e-04   1.0100930e-07   7.0366639e-27   2.3374433e-04   1.2725895e-03   2.9103550e-04
   4.2366639e-13   1.8604964e-04   7.7068406e-04   4.4548575e-03   2.0542081e-04   6.0080559e-05   3.2679139e-25   1.9298697e-04   8.5623055e-19   3.0679254e-04
   2.1713132e-11   1.2040800e-05   4.1431109e-03   4.4017125e-03   1.7475844e-04   4.0006747e-08   9.6992319e-38   3.0741243e-04   2.1130679e-03   4.0679338e-04
   7.4174815e-04   1.4894048e-05   3.1881816e-05   6.3208069e-03   1.1445250e-05   6.5913909e-18   3.7609112e-65   2.9724421e-04   2.1529089e-03   2.9418418e-04
   5.3389001e-15   1.2217905e-04   3.3549676e-15   5.5265689e-03   1.0949459e-04   7.3770123e-21   3.1155738e-55   1.5297569e-04   4.3260742e-07   2.3292852e-04
   5.3814888e-15   7.6838882e-05   2.9979923e-07   5.1128640e-03   7.5289978e-04   3.5527984e-04   5.5580777e-41   2.6211506e-11   6.3782933e-04   2.3640349e-04
   6.0813635e-08   7.9457331e-05   6.7144497e-05   3.8452778e-03   8.2959305e-04   4.4373676e-04   2.3748593e-25   1.2764483e-10   1.1001903e-03   1.8401274e-04
   3.5503221e-12   9.0621055e-05   4.0905533e-04   2.5915676e-03   4.7437893e-04   3.3461291e-04   2.3120838e-10   1.0214703e-04   1.9848713e-03   2.9786618e-04
   5.0593387e-21   2.1614152e-04   4.8459744e-04   2.4909475e-03   7.5274679e-04   9.7845663e-15   2.8211522e-21   1.4982982e-04   8.5193388e-04   2.8983824e-04
   6.2024259e-22   2.8042275e-04   5.8914594e-04   3.3401484e-03   9.5535400e-04   2.1295530e-19   5.2358270e-46   6.0422919e-05   1.8854077e-41   3.3126318e-04
   1.9516425e-25   2.2447173e-04   2.4549073e-03   2.9995130e-03   8.9301337e-04   6.4446652e-12   1.7504597e-70   2.3467397e-04   2.6237014e-06   4.8886516e-04
   3.4750994e-15   1.4307524e-04   3.5640052e-03   5.2042111e-03   1.0231969e-04   2.1729842e-16   3.7078165e-33   3.2236410e-04   3.0059313e-29   4.2444669e-04
   3.8937166e-19   1.5694615e-04   2.8303502e-03   5.8078679e-03   8.7650285e-04   8.3577157e-16   6.8223770e-25   2.2762867e-04   1.7782758e-03   4.3402748e-04
   2.6050775e-16   1.1097877e-04   6.4267054e-07   3.4521580e-03   1.0869125e-03   5.1756480e-07   9.6391480e-05   3.2114686e-04   1.9509905e-03   3.4098264e-04
   9.5988132e-21   2.0918236e-04   2.3558347e-03   2.4954094e-03   9.1313343e-04   1.6374059e-04   1.8465369e-02   6.1314233e-07   3.4189594e-06   3.0545312e-04
   1.2974610e-15   1.8462166e-04   6.0189132e-05   2.5641097e-03   1.0737221e-03   1.1112090e-08   1.6639743e-02   2.4732863e-11   2.0243357e-29   3.2724699e-04
   8.4749608e-21   1.9752275e-04   4.8034754e-12   2.9186481e-03   5.2735752e-04   2.4898613e-19   1.4991863e-02   3.8403395e-09   2.0272422e-11   3.0381732e-04
   2.4299897e-21   3.4061920e-05   1.4227755e-04   3.0040366e-03   1.0929175e-03   3.5031815e-21   2.2579470e-14   8.4730294e-05   1.9188691e-03   2.5972293e-04
   6.5760121e-34   3.1706324e-05   1.7685296e-07   1.9932825e-03   1.2611693e-03   8.2238828e-14   1.4761335e-28   1.6962936e-04   1.4819229e-03   3.0865991e-04
   2.9802527e-33   1.1969882e-07   7.1785782e-03   3.1661682e-03   6.4338838e-04   3.3143920e-20   9.5709643e-21   4.4674602e-04   8.1517628e-11   3.3611106e-04
   1.0627950e-23   2.0483003e-09   8.0076497e-03   4.2223843e-03   4.9627454e-05   7.1380690e-22   1.1650878e-02   5.6126886e-04   4.2703033e-24   4.6352071e-04
   3.9560015e-21   1.5081294e-05   3.0592555e-04   3.8405624e-03   5.1873698e-04   7.3862181e-15   1.9652085e-02   3.1287801e-04   6.3861316e-21   4.7843823e-04
   6.5310050e-16   7.0133874e-05   2.1907986e-19   2.3553486e-03   8.1137816e-04   6.1509975e-10   2.6986917e-02   4.0333202e-04   1.3960192e-10   4.2215630e-04
   5.8145334e-12   3.1686609e-05   4.6081380e-15   3.2580315e-03   6.2484603e-04   1.0631849e-15   2.6463552e-02   2.3893546e-04   7.1799187e-13   3.7781771e-04
   6.1545547e-28   7.6371028e-05   6.6408621e-12   4.5704641e-03   3.4427697e-04   1.5673342e-17   2.2115073e-02   1.9640003e-04   7.8949374e-21   3.0992973e-04
   6.6776041e-31   1.2386939e-04   2.8308775e-17   4.6832920e-03   3.0790377e-04   1.2277081e-15   1.4939711e-02   2.5011713e-04   1.2911959e-24   2.7590771e-04
   5.8769894e-27   2.7990749e-11   1.1854245e-14   4.0112549e-03   6.1815310e-04   3.1322310e-25   1.3027768e-12   5.1120082e-05   2.1504929e-48   2.9738559e-04
   9.2712280e-26   2.9507362e-05   8.9505730e-09   4.9509121e-03   2.7918173e-04   1.1589833e-29   1.2408393e-47   1.7293865e-05   1.1401344e-38   3.5482526e-04
   1.5223468e-18   1.6435745e-05   6.9513681e-11   4.6972012e-03   5.0490702e-05   7.2000303e-08   1.8496537e-42   1.3766630e-05   4.7655299e-42   3.4037818e-04
   1.4167704e-27   1.3617742e-04   5.6999512e-06   4.3399983e-03   4.4200233e-04   3.1048574e-04   6.7417023e-16   2.8964185e-09   1.9825193e-35   2.1689081e-04
   1.4245161e-35   1.8914358e-04   6.1339828e-05   2.7646383e-03   1.0341287e-03   1.7009533e-04   5.3700808e-04   2.4250558e-13   3.3128973e-30   2.2588728e-04
   4.3222961e-34   1.1174575e-04   2.2525816e-16   2.0294180e-03   9.6249959e-04   3.8905100e-06   1.0161926e-02   1.7647095e-04   2.5551273e-22   2.2557285e-04
   2.0928955e-06   1.2811195e-04   7.1061816e-07   2.6644901e-03   5.8382944e-04   1.1510092e-06   1.0205817e-02   6.1827532e-06   1.7767970e-16   2.2505312e-04
   3.8445968e-07   1.0986139e-04   1.0820021e-29   3.0038534e-03   6.2143910e-04   1.2786070e-05   2.6412741e-03   1.2673158e-04   2.9898336e-22   2.4097274e-04
   2.7606819e-13   1.5428144e-04   6.4822506e-10   2.8818078e-03   9.1570555e-04   9.7663543e-05   1.5169486e-12   6.0869495e-05   4.0924710e-10   2.2280502e-04
   2.6343144e-19   1.2978022e-04   8.6011496e-04   3.0288531e-03   7.5610236e-04   3.8897695e-15   7.1825299e-25   2.7312423e-17   2.2046168e-31   2.8673413e-04
   5.9076992e-30   8.7516757e-06   1.3391494e-03   2.8996295e-03   3.1391409e-04   8.8010851e-09   5.6633069e-26   1.7213380e-05   1.5403192e-26   3.3194331e-04
   2.5093284e-25   7.6147072e-05   1.5901672e-17   3.1829856e-03   1.8271501e-04   2.5148652e-04   3.4142801e-26   5.8220742e-20   4.3460304e-36   3.1191939e-04
   2.0093554e-26   9.0817520e-05   1.3732255e-04   4.4925226e-03   1.0211494e-04   2.8871995e-04   6.6935002e-36   7.4317104e-16   4.7094216e-18   4.0328169e-04
   1.0977523e-25   1.4460809e-05   1.3413849e-07   4.2629554e-03   1.8637785e-05   1.1957210e-04   2.2427823e-37   8.8734635e-15   1.3515892e-04   4.2326189e-04
   4.8427841e-31   1.5266551e-04   3.1299083e-15   4.0133861e-03   1.0952228e-05   9.7741403e-09   1.2480769e-38   3.4981096e-18   1.6989500e-15   3.7512385e-04
   1.1588652e-25   3.5899340e-04   1.8847689e-05   3.6432132e-03   3.8323633e-04   9.2325153e-05   4.0089538e-40   1.1247551e-06   3.4365880e-15   2.6668201e-04
   1.3123298e-48   2.4544499e-04   3.5340234e-04   2.7957777e-03   4.5148034e-04   4.2348385e-04   1.3366757e-32   1.0022197e-11   1.3231392e-24   2.4329423e-04
   1.0625508e-35   8.6579962e-05   8.8642160e-15   2.6140795e-03   5.1227122e-04   3.1293295e-04   1.1408567e-36   4.8527317e-05   5.0256338e-07   2.0700091e-04
   4.6913073e-49   5.5148713e-05   4.1141136e-39   2.9578092e-03   3.8237101e-06   1.1117939e-04   1.7497636e-27   3.0587650e-04   1.0660120e-07   2.3653475e-04
   2.0478601e-12   8.2938832e-05   5.8535856e-17   3.6058170e-03   2.4614082e-04   7.3462854e-16   6.6687994e-44   1.6763515e-05   3.7955915e-04   2.0979742e-04
   1.8645503e-15   1.1813626e-05   5.1124784e-04   3.8288542e-03   5.1937694e-04   6.9471006e-10   3.9852578e-51   3.7707541e-05   2.1746441e-10   1.9559123e-04
   1.9422085e-21   1.9105035e-05   3.6808786e-03   2.1779271e-03   6.5236484e-04   7.3881758e-12   1.2442110e-43   5.1434318e-05   3.9490899e-26   1.8339429e-04
   1.0707040e-15   2.6517244e-18   2.0969179e-06   2.3488054e-03   4.3207210e-04   3.4904302e-10   2.5845970e-51   2.3653597e-22   6.4200958e-17   1.7114075e-04
   1.7486216e-19   6.4381278e-06   6.7381925e-03   2.2394777e-03   2.9414527e-04   1.0290254e-06   1.8244596e-59   1.2053796e-06   1.3330177e-04   1.9278671e-04
   1.0125150e-09   7.6699371e-06   7.3406989e-03   2.9246578e-03   1.8241502e-04   2.0295197e-04   3.0709783e-65   2.1496649e-13   3.4106339e-05   2.1127110e-04
   1.6966406e-09   3.0004889e-10   2.9762322e-03   3.0696930e-03   1.7321135e-04   5.0540968e-04   4.7810413e-53   9.9918681e-06   1.1096816e-05   2.2615039e-04
   3.8788745e-21   9.7363323e-09   3.0276729e-26   1.9530920e-03   3.1650711e-04   4.5944997e-04   1.2845121e-44   3.3958796e-14   1.3520263e-04   1.6230823e-04
   1.9188124e-19   1.3110542e-05   1.9923784e-14   1.5082367e-03   1.6766098e-04   4.1771467e-05   3.8819547e-59   3.6523420e-10   1.8954931e-04   1.6542602e-04
   1.5340449e-14   4.1831236e-07   1.4926285e-06   2.1140449e-03   3.4424653e-05   2.0476958e-16   1.2816836e-84   4.6174896e-05   6.9359418e-21   1.3539353e-04
   2.4983764e-09   8.6246832e-06   4.1234736e-03   1.3844943e-03   3.4165820e-04   1.9579478e-05   5.6744938e-87   1.4570366e-11   1.7958086e-05   1.6903944e-04
   1.0932732e-12   9.4557251e-07   3.0828364e-03   2.3482040e-03   1.8734578e-04   2.5214835e-05   4.9148703e-78   9.9353405e-25   6.1950963e-12   1.7838025e-04
   4.7721185e-15   1.9485245e-09   1.3231659e-03   3.2809215e-03   4.4587692e-06   2.0986357e-05   2.2433883e-69   9.8457874e-07   2.5077768e-18   1.9498070e-04
   2.1855171e-39   3.4229407e-12   8.6450372e-07   3.2325430e-03   4.1722705e-22   4.5462819e-05   5.3476005e-57   1.3073720e-06   3.9101570e-28   1.2419353e-04
   8.8069040e-14   2.1532384e-17   5.4970257e-04   2.6698847e-03   4.7352516e-05   1.6637616e-04   1.5700269e-46   1.9591180e-17   1.7089864e-05   1.4099909e-04
   1.1263586e-14   9.1595888e-17   1.7945886e-03   2.4702889e-03   3.1056284e-04   4.1126978e-04   1.7286908e-49   1.8608986e-32   1.2937807e-04   1.0843182e-04
   9.3295573e-22   5.8271993e-09   1.7492053e-03   2.2734995e-03   2.0948484e-04   4.3142361e-04   7.9118906e-42   1.7070206e-13   2.1828831e-04   8.7803800e-05
   5.2417307e-19   2.3672246e-10   9.1662469e-19   2.6541542e-03   2.0591274e-04   2.2061573e-04   1.6067985e-44   3.0464973e-14   3.0906120e-04   8.4894401e-05
   5.1905526e-18   3.2738652e-14   1.6139833e-19   3.5475100e-03   1.3203401e-04   1.2903424e-04   3.4621861e-51   1.4525577e-28   1.1083791e-15   8.5435454e-05
   1.3976859e-27   1.4530041e-12   1.2530170e-15   2.4620480e-03   3.1231798e-04   2.5602919e-04   4.5501667e-55   1.1883182e-30   5.4603645e-26   7.6755849e-05
   1.0291587e-26   7.1792262e-08   3.8827728e-04   2.5027991e-03   3.7650158e-04   3.5354944e-04   4.6460114e-58   2.0483533e-21   6.8679457e-08   9.3589880e-05
   5.8345522e-26   3.8110565e-06   2.4753437e-03   2.7938702e-03   3.2314040e-04   2.7336264e-04   2.6142375e-54   4.2657321e-20   3.2765392e-05   1.0573177e-04
   2.4718646e-32   2.8157108e-05   8.7471857e-03   1.6363240e-03   5.3986783e-04   1.7162174e-05   1.0119090e-47   1.4222273e-28   1.1828102e-06   1.1358311e-04
   1.8534215e-39   3.3848774e-06   8.2256446e-03   2.0165280e-03   3.6730223e-04   1.1810668e-13   1.6831675e-50   4.5691412e-21   6.0290501e-10   8.2063918e-05
   1.5801377e-26   1.2204853e-22   2.9904665e-03   3.3649992e-03   2.7780796e-04   3.2141146e-07   1.2701219e-63   7.5460936e-42   2.0981162e-15   9.1285309e-05
   6.4916773e-25   1.0211949e-14   1.1792097e-03   3.4593366e-03   1.3359866e-04   1.2225273e-04   2.2761703e-65   4.5010005e-14   1.4687035e-20   7.7167824e-05
   5.1791119e-40   3.3514299e-08   1.3269559e-03   3.0736272e-03   8.2240397e-05   1.4126387e-05   6.6914690e-95   3.4334885e-07   2.3251984e-07   8.4438419e-05
   8.1268531e-29   2.6237562e-06   2.3051044e-03   2.9631844e-03   1.1512028e-04   3.9432866e-18   1.8283883e-80   1.0635065e-13   1.0271264e-11   7.6181428e-05
   1.8127532e-26   2.6202440e-06   4.0863533e-03   2.4764794e-03   3.4565070e-04   1.1738253e-05   2.6048655e-55   9.4754555e-08   3.5908078e-13   9.8354002e-05
   1.4404366e-33   1.6659766e-08   1.4931838e-03   3.5044666e-03   1.1396667e-04   1.5256588e-04   2.8412377e-50   7.0814051e-14   1.1771132e-08   8.5144683e-05
   1.2770850e-25   5.3590168e-12   1.5002532e-03   4.2682556e-03   9.2761749e-05   2.8748516e-11   6.0762733e-58   3.3040733e-20   9.4798361e-27   9.0019745e-05
   5.9903791e-20   9.5127665e-07   3.2802751e-05   3.2393727e-03   1.4993976e-04   4.3127941e-10   4.2009843e-42   1.3528543e-15   1.1638134e-11   1.1571853e-04
   2.3974409e-15   9.4018867e-06   1.2482020e-03   2.3931828e-03   4.0051482e-04   4.9830626e-18   7.3638289e-39   2.9439220e-15   4.5227936e-20   1.2679976e-04
   1.7124498e-15   2.0100152e-06   3.5788342e-03   2.9100870e-03   3.0554196e-04   5.6196590e-25   2.2647618e-50   1.7677039e-06   3.5032309e-46   1.3148226e-04
   5.7307755e-23   2.3247234e-08   1.4464169e-03   5.3315208e-03   1.8432296e-06   2.3786086e-28   1.0027528e-69   2.3773135e-12   2.3801409e-31   1.2999332e-04
   5.4866304e-16   2.5196642e-16   4.1664061e-05   6.0020894e-03   4.5218943e-06   6.2824713e-30   3.5774395e-94   2.3358866e-12   4.8850309e-37   1.1752942e-04
   1.3259447e-20   2.9938270e-09   2.4252747e-03   4.2413624e-03   9.8647483e-05   2.2791884e-20   2.0520174e-70   2.1690216e-09   7.4258574e-37   9.7759873e-05
   3.7733707e-18   1.2334326e-05   6.7873390e-03   2.4370085e-03   1.9729753e-04   3.7053065e-08   4.6826407e-40   3.8123885e-24   2.6022967e-04   1.0183626e-04
   1.4984534e-13   7.9735533e-06   3.9784203e-03   3.3847692e-03   1.2267357e-04   1.5194177e-08   3.9663853e-54   3.4136392e-06   2.6068008e-09   1.1761787e-04
   1.2705106e-13   3.1615472e-06   1.0014865e-03   4.0721624e-03   5.2189602e-05   3.9758803e-05   7.7304862e-50   2.4971760e-07   1.1690014e-08   1.2714203e-04
   1.9715074e-22   3.4618578e-05   4.4091553e-03   2.3569648e-03   2.9438145e-04   2.4751573e-17   6.1729591e-43   4.1581823e-17   9.8577923e-10   1.1769179e-04
   4.2831055e-18   3.0371723e-08   3.4590398e-03   2.5496635e-03   2.4865913e-04   3.3913679e-29   3.0161615e-56   5.8154694e-07   3.7921003e-05   1.0205516e-04
   1.5223515e-15   1.5751046e-06   5.0620427e-07   3.4456263e-03   7.9224165e-05   4.7080983e-21   7.2230015e-70   3.2884121e-05   9.0701389e-05   9.8477548e-05
   1.8651394e-25   1.0441509e-12   1.4468270e-12   3.4755190e-03   1.1111408e-06   1.4121254e-10   5.1574194e-53   3.3070330e-05   1.3216914e-05   1.1170167e-04
   6.6541778e-16   9.9312314e-08   5.3457084e-05   3.6842148e-03   4.4814758e-05   1.6925878e-08   1.0489167e-56   5.2104921e-06   1.4662968e-04   1.1838440e-04
   3.0666797e-15   1.1150701e-05   1.3742017e-08   3.1820655e-03   4.0672643e-05   5.1747652e-14   2.2828755e-60   1.9154145e-05   3.0185416e-16   9.5368577e-05
   4.6300091e-24   6.2048890e-08   3.3132652e-06   3.0702177e-03   6.5570820e-05   6.1285968e-09   3.7070106e-64   7.2446388e-09   2.8030119e-13   1.0038916e-04
   6.9279232e-35   5.8678131e-11   3.0371669e-04   4.5464114e-03   2.4883998e-10   2.2350730e-05   3.1679172e-78   9.7779863e-06   7.7168705e-11   9.1058986e-05
   2.2312363e-13   1.7360397e-10   4.4899653e-09   4.1613781e-03   3.4217565e-05   5.3388596e-05   1.2238543e-68   3.1722765e-05   1.1578641e-04   8.3106296e-05
   4.5917528e-11   7.9443951e-07   3.0958448e-12   3.0634115e-03   6.0841021e-06   4.9767706e-15   1.1875818e-57   9.6918334e-09   1.5530434e-04   9.8962574e-05
   8.1825314e-21   1.3893001e-07   7.9604968e-16   3.0316225e-03   1.4322100e-05   3.9485261e-19   2.3700532e-58   2.6145043e-07   5.3517278e-11   9.3308643e-05
   2.0260573e-13   1.3416445e-08   3.9855508e-10   3.2188400e-03   1.9034920e-04   3.2185608e-26   4.8451973e-69   2.5897097e-13   9.2114228e-39   8.1493564e-05
   5.1210907e-09   2.0301359e-08   6.8204651e-37   2.2620990e-03   3.2933192e-04   7.9068397e-18   1.3826320e-59   9.8957628e-12   1.1042308e-19   9.1996737e-05
   6.6544457e-08   4.4069597e-11   3.4249477e-15   2.7065923e-03   2.1665203e-04   2.0426687e-11   1.4564550e-57   1.1814893e-14   1.0500167e-21   8.4791038e-05
   1.3163304e-13   2.2946178e-07   4.2782225e-31   2.6768267e-03   2.3688803e-04   4.0386017e-22   3.2522109e-72   4.2757616e-19   4.9459394e-15   7.9491417e-05
   1.2484289e-20   1.3164516e-07   3.2047711e-26   2.1457337e-03   2.9453575e-04   1.4631572e-21   7.1182106e-86   1.5560318e-33   2.1305741e-21   6.6573352e-05
   9.5633850e-20   2.2996148e-06   4.3498759e-05   2.3550817e-03   2.5172865e-04   2.7269129e-14  1.4574354e-101   1.1629841e-13   2.0302339e-48   6.0580431e-05
   2.4396092e-18   2.8476091e-06   4.5244156e-04   2.0488160e-03   2.9281849e-04   2.0209453e-12   4.7362483e-82   3.5788957e-25   4.4878085e-38   5.2920753e-05
   1.6731976e-16   1.1681170e-07   1.6609916e-11   2.8358229e-03   1.9513497e-04   3.1318122e-12   1.4775818e-69   8.3627751e-21   9.5687939e-22   4.2335715e-05
   3.2698610e-19   3.4520729e-06   2.8084789e-08   3.0271933e-03   1.9803626e-04   1.2059457e-19   5.2575952e-60   2.0097839e-09   1.2464362e-34   4.3737955e-05
   6.5316105e-17   1.0980781e-05   2.6896984e-04   2.8225555e-03   1.9763100e-04   2.9535490e-28   1.4447970e-55   1.9802937e-06   3.7280539e-52   5.3918284e-05
   2.1646572e-10   9.7377101e-06   8.3862019e-07   3.0013344e-03   1.5950709e-04   3.6638378e-27   5.1316983e-51   6.2692533e-08   5.2482734e-33   5.4243496e-05
   1.4392329e-15   4.8042826e-07   9.2678918e-19   2.9666309e-03   1.9170287e-04   4.0127237e-26   2.1530190e-49   2.7319191e-19   9.1718838e-37   5.0775196e-05
   6.6172386e-15   2.5020595e-07   9.6241151e-26   3.2089587e-03   1.7380467e-04   5.8852355e-20   1.2870543e-52   2.6928798e-20   9.4523914e-50   5.4980397e-05
   7.3959456e-18   4.5940014e-08   1.3469771e-06   2.7976850e-03   2.6195198e-04   3.7688717e-18   6.0333525e-61   5.0883567e-22   2.5698942e-48   5.1972447e-05
   8.0294927e-19   5.6172298e-06   4.2770784e-04   2.1569569e-03   3.4585405e-04   9.3289072e-18   9.4005892e-47   7.2106681e-15   7.9185103e-49   5.1642728e-05
   2.0359808e-14   1.3120249e-05   8.3752061e-07   2.0351198e-03   2.8860793e-04   1.0641754e-27   3.9338483e-43   6.9694466e-21   4.0190223e-46   4.6956237e-05
   1.1404946e-16   4.6793685e-07   1.9000987e-12   1.8300364e-03   2.8305750e-04   5.0303371e-34   5.1314902e-42   6.4010414e-12   4.2813988e-49   4.5887475e-05
   1.9842005e-19   2.3175080e-05   1.4500366e-19   1.8512308e-03   1.6455228e-04   8.2484879e-30   1.7247939e-38   1.6141054e-23   3.7988677e-50   6.0673418e-05
   1.3492181e-27   3.7960541e-05   9.3316267e-46   2.0372615e-03   9.5063195e-05   5.7904309e-38   4.1559727e-36   2.0484605e-11   7.0047530e-68   5.6098410e-05
   3.5830881e-32   1.5285730e-06   5.1321329e-13   2.3928705e-03   9.8426590e-05   9.6002043e-36   3.4090106e-31   1.1558289e-07   1.0775603e-68   4.6672589e-05
   2.3685304e-31   1.6652395e-05   2.1298394e-04   2.1355849e-03   5.2980411e-05   4.7917960e-33   6.3432997e-24   9.3694021e-07   1.4514198e-80   4.7775759e-05
   3.4275923e-23   1.8213545e-05   7.0347745e-07   2.2227354e-03   7.1450121e-05   1.2156617e-20   1.8941097e-29   9.7068453e-06   2.1988740e-81   4.5845375e-05
   1.6262909e-13   1.2571738e-05   4.1444329e-19   2.4705031e-03   5.0762351e-05   3.9205295e-15   2.7149041e-38   1.2250862e-08   2.2140776e-68   3.7572729e-05
   1.3509074e-23   2.9758134e-05   8.1915302e-35   1.9418766e-03   4.9876658e-05   7.6073461e-21   4.9425181e-27   4.8022121e-09   4.7182434e-57   3.1802178e-05
   1.4239258e-26   2.0865222e-05   2.8023385e-34   1.8452879e-03   2.9312900e-06   9.2741937e-10   3.8953676e-24   8.0698306e-06   4.6951685e-58   4.5587210e-05
   2.1813123e-32   2.8702488e-05   3.1369882e-33   2.3632239e-03   6.0230019e-09   6.1607794e-14   1.7407076e-34   1.4117141e-05   1.6643203e-56   4.6089780e-05
   8.8917556e-48   3.6395546e-05   7.5889088e-46   2.7156139e-03   3.4962453e-09   1.1003672e-28   2.8749197e-42   2.7654200e-05   9.4858638e-65   3.5501751e-05
   5.0333286e-28   1.9800206e-08   4.2573646e-36   2.2250001e-03   1.3808428e-07   8.2323053e-12   1.3140694e-45   1.8058229e-05   2.2721150e-57   3.6255296e-05
   7.9044192e-24   1.7133355e-05   1.8435545e-04   1.4866941e-03   1.5107939e-05   2.0787268e-07   1.1671268e-23   7.0596751e-06   2.1135312e-52   4.2967101e-05
   2.0539884e-32   4.8579596e-05   6.3486726e-07   2.3466356e-03   9.5148002e-06   3.9692135e-16   4.2656362e-32   5.3435274e-15   1.2682628e-62   2.8043394e-05
   7.4332364e-37   6.8713265e-05   1.3352439e-10   1.8763362e-03   2.8847790e-05   4.6064784e-22   9.9752554e-26   1.2362763e-15   1.2347960e-63   2.4261361e-05
   2.2059406e-30   6.5742521e-05   1.3923200e-04   2.4478148e-03   2.3227660e-05   1.4052396e-19   5.0474596e-35   8.3663124e-08   1.5679082e-53   2.1825672e-05
   4.3216576e-24   7.9753681e-05   1.4541597e-06   3.3245414e-03   2.9403145e-06   6.4034499e-20   8.1547375e-61   5.2737949e-12   2.4534151e-61   2.4495017e-05
   3.6970622e-15   4.3105012e-05   8.0444866e-14   2.7539590e-03   5.8508474e-06   2.3447537e-17   1.5772985e-63   9.2188659e-18   3.2152402e-54   2.0852562e-05
   4.3833765e-28   4.1572911e-05   8.7372060e-07   1.5896274e-03   9.8823154e-05   2.0990925e-17   1.5848508e-40   9.7500416e-20   1.1547488e-45   2.3493190e-05
   4.6536631e-28   5.0447827e-05   7.6306317e-15   1.8650474e-03   7.0947275e-05   3.7577887e-30   8.7407797e-44   4.8536670e-09   2.0404965e-56   1.6639185e-05
   1.1864008e-24   4.5879760e-05   2.4728799e-33   2.0404902e-03   4.0598601e-05   3.7140568e-21   1.6299240e-47   4.9228548e-07   1.4796614e-57   1.6499092e-05
   4.6843647e-15   1.2580971e-06   1.1450826e-30   1.9366793e-03   4.0984944e-05   2.6489978e-10   3.8747683e-36   1.3942238e-06   1.3450410e-43   2.1373987e-05
   7.2021983e-15   5.4260654e-05   1.7303632e-24   1.8724230e-03   2.3911212e-05   1.1778993e-12   2.5805316e-28   5.2706163e-29   4.3755747e-45   2.1464066e-05
   1.0247403e-15   4.0892591e-05   2.1570304e-23   2.1505222e-03   2.2595869e-05   2.9536830e-22   2.9724106e-55   3.4836435e-16   9.1766737e-45   1.2351452e-05
   1.0363733e-15   3.6651094e-05   2.6017187e-23   1.4899796e-03   1.3032501e-05   5.1938082e-13   1.9731595e-59   6.1288606e-26   5.7197960e-53   1.6776960e-05
   4.7535113e-13   4.5427946e-05   2.5549502e-23   1.5144548e-03   9.4232547e-06   4.6926342e-12   4.8762960e-57   4.2586384e-25   3.1101371e-41   1.6376805e-05
   1.4656579e-16   4.7681481e-05   2.9582092e-23   1.4013579e-03   2.3930172e-05   7.3314038e-10   1.7181803e-34   9.7938604e-24   3.1774683e-50   1.7797733e-05
   7.6230395e-30   9.6734233e-05   6.0959441e-38   1.2687038e-03   2.1047873e-05   8.8993067e-09   1.5700707e-19   2.0473033e-19   1.6514380e-43   1.9913364e-05
   3.2700832e-25   1.0411347e-04   9.8339997e-27   8.6515932e-04   4.7098341e-05   1.9388162e-11   5.7059134e-14   1.3622497e-31   4.2028627e-54   1.9920371e-05
   9.8214280e-22   4.3175101e-05   1.4784687e-10   1.0295135e-03   2.4296092e-05   1.2221096e-16   1.1470522e-20   5.1283034e-23   3.0364515e-45   1.8758075e-05
   8.5472912e-22   3.9206443e-05   6.9163205e-05   8.6066438e-04   3.8692398e-05   1.9043241e-10   5.5453472e-11   4.5393275e-19   2.4551306e-31   1.3284942e-05
   5.9935359e-21   2.9846752e-05   1.2809039e-18   9.9836380e-04   4.1517201e-05   4.3285833e-13   1.1657053e-21   1.3979701e-14   1.4283014e-40   1.6697105e-05
   6.3430382e-19   7.4913939e-06   2.4217578e-04   1.4937732e-03   3.9428590e-05   1.2251165e-16   6.8794788e-35   6.6142321e-06   5.4418634e-42   1.9348853e-05
   1.6724304e-17   7.8674790e-06   2.3123106e-14   1.9024126e-03   1.7721910e-05   4.2655435e-10   3.3575007e-41   1.6581019e-05   6.6391065e-43   1.4813586e-05
   8.0111732e-16   2.6560512e-05   2.6000665e-19   1.8343032e-03   8.0957676e-06   5.9808180e-19   2.5403679e-47   1.0257115e-06   8.7413948e-54   1.5311982e-05
   4.2408022e-24   2.3050724e-05   2.0247398e-12   1.9260926e-03   2.1785636e-05   3.1072198e-21   1.9403472e-62   2.0593549e-09   2.9399330e-41   1.5709438e-05
   1.7639288e-27   4.1003939e-05   1.6804320e-27   1.6628743e-03   4.4886721e-07   1.7775224e-20   1.1128856e-82   2.7883312e-06   1.6438120e-27   1.4720098e-05
   6.8569986e-29   3.8663092e-05   2.7785524e-25   1.1398383e-03   1.3113310e-05   2.1707481e-12   1.5045278e-73   4.5099136e-21   1.6336750e-30   1.6450200e-05
   7.1727790e-42   2.9897872e-05   1.5191750e-16   8.6020932e-04   4.2469470e-05   5.7044352e-07   6.2658545e-65   4.0597021e-14   2.6531526e-37   1.7376141e-05
   5.0263122e-21   9.0757841e-06   1.5843932e-22   1.3308178e-03   1.9429421e-07   8.2888185e-06   1.3028812e-67   1.2685616e-05   2.5538130e-39   1.7184695e-05
   7.1280796e-15   1.3307615e-06   1.3992714e-04   1.8200249e-03   1.4184121e-08   1.9310391e-07   9.9191987e-65   1.4350349e-05   7.0548827e-39   1.7162264e-05
   1.1124852e-14   3.8294024e-06   1.5551507e-03   1.5256696e-03   2.9592833e-06   9.1187306e-11   1.9847723e-69   1.3825914e-05   7.0848664e-43   1.6144544e-05
   2.1812366e-17   1.8982364e-06   4.6762698e-04   1.4448103e-03   5.9744379e-07   7.7561444e-12   1.3386052e-80   1.2651985e-05   5.2472193e-39   1.4433416e-05
   1.9394247e-27   2.7127437e-05   3.2800167e-08   1.3065773e-03   2.6455367e-06   2.6129479e-10   3.8510846e-88   2.9514517e-07   1.5082397e-51   1.7078937e-05
   2.3333935e-23   2.4779841e-05   2.0873246e-07   1.1167124e-03   2.4763310e-05   1.3158122e-12   3.8278901e-82   6.5461983e-09   3.3362221e-27   1.2392733e-05
   3.8920333e-20   2.0224384e-05   3.3699558e-18   1.0583430e-03   3.1728489e-05   1.1012748e-14   5.3991649e-75   5.4369634e-12   7.3846413e-21   1.6829772e-05
   1.9327055e-18   3.2616507e-05   1.9471108e-22   1.0055410e-03   2.2571189e-05   1.2529257e-16   2.2894391e-81   5.6375764e-06   2.8710280e-23   1.8657032e-05
   4.6824706e-22   1.6775900e-05   5.6246444e-17   8.6370486e-04   3.5620684e-05   1.0553699e-12   1.1281867e-79   7.0347561e-06   3.6961390e-35   2.0496337e-05
   3.1063736e-27   1.2399434e-05   5.4528091e-16   7.0448317e-04   3.9015311e-05   4.1434558e-11   6.8013382e-77   3.8029458e-06   6.5318520e-27   1.7929531e-05
   1.2833498e-23   6.2929718e-06   4.3717638e-27   7.6553911e-04   4.0638387e-05   5.9031014e-07   6.6558664e-70   1.8685817e-07   5.5094781e-20   1.9908600e-05
   5.2513616e-27   1.0299830e-05   9.7203660e-17   7.5224780e-04   2.9987182e-05   9.6666248e-06   4.0415810e-43   4.0627744e-06   3.2986639e-26   1.7404161e-05
   3.1363631e-30   2.3553888e-05   1.3704398e-04   6.8773966e-04   2.8904903e-05   1.4933968e-13   1.0196560e-35   1.2542361e-11   3.3287525e-35   1.6654106e-05
   4.6076766e-31   1.8674857e-05   1.3774996e-04   5.0741487e-04   6.3759729e-05   9.3203051e-15   8.5608900e-31   1.0171905e-30   1.8052854e-44   1.6742796e-05
   7.4856349e-23   2.1254095e-05   3.6273676e-05   5.8902135e-04   5.3752873e-05   1.0285516e-17   1.2329844e-26   7.6060586e-17   1.0405789e-44   1.4510561e-05
   5.6820671e-28   3.1027319e-05   1.3977382e-05   5.6241748e-04   5.6899757e-05   2.3985623e-17   1.4661353e-33   1.1306909e-08   5.2059733e-45   1.0527433e-05
   3.6206687e-26   6.6911291e-06   4.5703898e-27   7.1989085e-04   3.8012247e-05   1.2699539e-14   2.7922820e-45   9.9562251e-09   9.0444803e-57   1.3323600e-05
   1.0873640e-26   3.6187750e-06   4.0626012e-22   5.6737935e-04   6.0711975e-05   6.6130021e-19   6.8849225e-50   6.2840739e-34   3.3269884e-50   1.5112896e-05
   1.5095807e-20   6.9243875e-06   3.8920162e-11   6.7155456e-04   4.7198384e-05   2.0320525e-21   3.0571389e-71   9.9579934e-09   4.6003617e-46   1.3871384e-05
   1.6488120e-17   4.4915102e-06   5.1475482e-24   9.8902205e-04   4.6702674e-06   1.8099182e-17   1.1096107e-78   2.7423885e-06   1.7698070e-45   1.4388423e-05
   3.8266753e-30   5.2726989e-06   4.9750303e-19   7.4788232e-04   2.5262956e-05   3.2640423e-15   8.1616055e-74   5.6454062e-07   4.2174545e-53   1.6096948e-05
   1.3398050e-36   4.8345104e-06   2.9564450e-04   4.3453012e-04   4.0044465e-05   5.8179714e-24  4.6024617e-129   6.6823464e-06   1.7351780e-37   1.6439011e-05
   4.7229690e-25   7.3169698e-06   2.5396229e-11   4.7619054e-04   2.1950538e-05   2.9041909e-23   1.6917390e-80   1.7060372e-05   1.0731468e-24   1.1524831e-05
   1.5392819e-20   1.3948529e-05   6.7708035e-26   4.7765927e-04   3.2636745e-05   2.2388892e-24   7.8701481e-81   6.3032363e-06   7.6060905e-35   1.1485526e-05
   1.7564616e-22   1.1377205e-05   1.6697605e-19   4.4984149e-04   1.6989134e-05   5.3328302e-08   2.9902443e-93   1.3839984e-06   1.0849580e-35   1.9126632e-05
   1.2879562e-27   1.5242468e-05   2.3677432e-07   4.0101391e-04   2.9378801e-05   8.9193932e-14   6.6992113e-62   4.9997472e-08   3.3127908e-50   2.0553171e-05
   4.3056449e-37   1.5790001e-05   4.7722044e-04   1.9318925e-04   6.3473468e-05   8.5459550e-11   4.4117620e-48   4.0033067e-06   3.5540949e-39   1.7253746e-05
   1.3686164e-29   8.8653785e-06   2.4755681e-04   2.9854845e-04   4.5741506e-05   8.1939941e-06   8.2608831e-51   2.8883897e-06   6.9485150e-27   9.1479478e-06
   5.3655395e-53   1.0388636e-05   9.5081283e-05   2.9939393e-04   4.4378293e-05   5.5501875e-10   1.2607978e-49   5.6778467e-21   7.3589268e-36   9.8940289e-06
   1.6014753e-56   1.2281976e-05   2.3471601e-04   3.4225747e-04   2.3007520e-05   2.0343108e-15   2.8892963e-45   2.1031370e-06   3.9777755e-33   1.2707152e-05
   1.8568272e-52   1.1720649e-05   1.2781438e-06   3.3879607e-04   3.2490082e-05   4.4779633e-21   9.4335061e-48   7.2352900e-06   4.3660402e-38   1.5423147e-05
   6.9900422e-51   6.3456674e-06   1.2117008e-40   2.3777842e-04   6.6452442e-05   1.1275783e-15   2.3277050e-35   4.4873423e-06   1.1930803e-38   1.6572358e-05
   7.5372128e-38   8.4692591e-06   7.2638687e-30   3.5510246e-04   3.8008305e-05   4.8941684e-11   1.0602551e-51   1.3751371e-05   3.7527419e-22   1.4053055e-05
   1.4415185e-20   7.5593803e-06   1.9513765e-44   4.4348052e-04   9.4628785e-07   7.5811392e-06   2.2319122e-51   2.3083300e-05   1.5212345e-08   1.3426792e-05
   4.4092402e-34   7.9371990e-06   3.6550683e-48   3.8921012e-04   9.0465193e-17   5.6165992e-06   6.4160193e-49   7.8169372e-06   3.5461823e-05   8.7396392e-06
