   1.8959745e-03   1.9998186e-07   9.6227080e-04   1.2193506e-03   4.8386737e-26   5.5610676e-06   1.1725203e-03   1.0860590e-03   4.2649595e-05   3.6978583e-03
   2.1595926e-03   3.3670781e-11   4.4257494e-04   1.1140144e-03   3.5414305e-30   1.2081838e-13   7.5841347e-04   7.8745987e-04   3.1450936e-05   3.3165629e-03
   1.9346298e-03   3.1908914e-12   3.2610063e-05   8.6780251e-04   2.7375138e-17   1.1532825e-23   3.6145508e-04   2.2859852e-05   3.8846799e-05   3.3356871e-03
   2.0868013e-03   7.5182183e-21   2.4519776e-09   3.9035617e-04   2.7905796e-17   1.3504620e-25   1.2786222e-04   7.2195090e-07   2.0603246e-05   3.4824497e-03
   1.8965270e-03   4.1524960e-22   2.1842690e-09   1.5417681e-04   1.5848248e-19   4.1551834e-30   5.5299790e-06   1.0114865e-14   1.6789330e-12   2.7228953e-03
   1.8422183e-03   3.3271410e-20   1.1911513e-10   3.7242794e-05   1.3768552e-24   6.4205215e-41   2.8943885e-12   2.1480234e-26   2.2257868e-17   1.8425807e-03
   1.6615585e-03   1.8361654e-24   2.6211088e-12   8.6865687e-05   2.2302914e-26   1.9630944e-32   6.5912958e-08   1.3183966e-21   1.3094704e-07   2.2733060e-03
   1.3942567e-03   1.0248821e-19   8.4846702e-09   2.1074672e-04   7.3062915e-18   3.2242890e-18   1.8354925e-09   1.8375841e-15   1.3001691e-06   2.6736480e-03
   9.7795545e-04   1.3653445e-10   1.1627428e-05   4.3875625e-04   2.1667678e-19   2.6606654e-12   1.3629888e-05   4.6238255e-10   1.5532914e-06   3.7109082e-03
   6.4516228e-04   7.7733044e-04   1.7171385e-04   5.5483962e-04   2.1061331e-19   6.3445518e-08   6.1880777e-05   2.6224332e-04   1.1874587e-05   5.3392260e-03
   4.1087332e-04   2.9417688e-03   2.6991164e-04   8.0519511e-04   1.0277201e-09   9.7849293e-15   1.1533420e-04   6.9642076e-04   4.1189376e-05   9.1948018e-03
   5.5221705e-04   3.2949949e-03   1.4540140e-04   4.2593699e-04   1.8104878e-16   1.6405006e-12   4.8517675e-07   1.2477745e-03   1.5409529e-04   2.3987824e-02
   2.9326571e-04   9.4590569e-04   9.6946790e-09   2.8032785e-04   2.2876709e-24   2.7183981e-04   4.3151864e-11   4.0653677e-03   7.2840943e-04   8.5241536e-02
   1.8310049e-04   1.5721016e-05   1.8951963e-25   6.3055767e-04   1.7424956e-12   3.2568045e-03   2.8589638e-21   4.6856837e-02   1.4380426e-03   1.5840352e-01
   1.4539315e-04   1.0953714e-14   3.9911677e-29   6.5775329e-03   3.1904558e-03   3.1827583e-02   3.8990768e-16   1.5470549e-01   1.8171284e-03   8.1676976e-02
   1.5568298e-04   1.3925940e-14   2.5608717e-29   5.3004512e-02   3.0673894e-02   3.6154654e-02   1.9518107e-05   1.2387946e-01   1.7368183e-03   8.3001730e-03
   1.5375761e-04   8.1962375e-13   1.1766106e-24   1.5088124e-01   1.9496745e-02   6.9404668e-03   1.4208703e-03   1.7924023e-02   1.5899430e-03   5.8144843e-05
   1.1208606e-04   1.0778273e-13   1.1315211e-07   1.6790766e-01   1.4374798e-12   6.3258404e-08   2.0794770e-02   5.8094971e-08   1.0885127e-03   5.3714165e-10
   1.3758673e-04   5.2056031e-10   3.5702326e-08   8.8818020e-02   5.9219660e-25   1.8478607e-18   9.9440232e-02   3.9174715e-09   2.8596737e-04   1.8053119e-10
   1.8520867e-04   5.7192666e-11   5.0126127e-03   2.2202086e-02   4.3551156e-09   2.1282585e-11   1.6446794e-01   2.8544297e-04   2.5264582e-04   5.8949446e-11
   2.2643824e-04   2.1922900e-04   5.2337884e-02   3.4650791e-03   4.7100371e-07   1.1746042e-07   1.2066994e-01   4.0908706e-04   1.6161822e-04   3.9372400e-05
   3.1221303e-04   3.6055975e-03   8.6537078e-02   2.2667653e-03   4.9706518e-08   1.7731916e-04   4.7156432e-02   2.1987033e-04   7.9934811e-05   1.2968415e-03
   5.7091081e-04   6.4700327e-03   4.2803859e-02   3.9306269e-03   9.0655599e-06   1.8349341e-04   1.1701800e-02   6.4216509e-04   2.0244812e-06   4.7874728e-03
   5.9808521e-04   4.0060084e-03   7.5594777e-03   2.8778337e-03   4.3057735e-04   1.0348779e-04   5.2291217e-03   9.5959354e-04   5.7273102e-06   1.7862999e-02
   5.4871353e-04   3.1753122e-03   9.3073305e-04   1.4705313e-03   1.9167008e-04   2.6995476e-04   2.7581597e-03   1.0178220e-03   2.8911799e-04   4.0416486e-02
   4.3481334e-04   2.1347278e-03   1.3369776e-05   1.1222946e-03   2.5219146e-32   5.9932724e-21   1.1470967e-03   2.1092724e-03   9.2773640e-04   7.2375310e-02
   3.3647177e-04   2.0724956e-04   1.4150100e-04   5.0778614e-04   1.1646488e-26   1.0618504e-11   8.0674502e-04   5.4062916e-03   1.5378253e-03   1.0703581e-01
   3.2271264e-04   6.4601492e-06   4.1404411e-04   3.5949354e-06   1.4474141e-19   1.7623336e-08   8.4604986e-04   3.6223756e-02   1.3876188e-03   9.0649232e-02
   3.8048594e-04   1.1745675e-09   4.7076461e-04   4.5332848e-04   1.7281660e-08   1.1816856e-02   1.3086345e-04   1.1639521e-01   1.4400404e-03   2.3523759e-02
   4.1138215e-04   1.3140986e-09   3.3005153e-04   2.0096452e-03   1.8396718e-02   4.4842584e-02   3.2269229e-06   1.2725691e-01   1.0654888e-03   4.7184499e-03
   3.3809805e-04   1.2220142e-03   4.3255750e-06   6.3637968e-03   7.7792912e-02   3.1811267e-02   1.0222370e-05   5.5572201e-02   1.2414763e-03   6.8058402e-04
   3.5399407e-04   1.4786448e-03   5.7251467e-04   2.5469852e-02   7.8373990e-02   5.1717873e-04   8.8196769e-07   1.3904152e-02   1.3578525e-03   7.0728876e-04
   2.5156365e-04   2.2846485e-09   4.0389686e-04   4.8693155e-02   4.1348242e-02   2.9907924e-08   1.1103125e-09   2.6286635e-03   1.0704431e-03   2.5235932e-04
   2.3649849e-04   1.1991113e-16   8.6455091e-05   6.4558687e-02   1.6440056e-02   2.1393787e-04   4.3104425e-06   4.3331790e-04   1.2854793e-03   1.6388521e-05
   3.6964597e-04   6.4344370e-05   5.9385113e-11   7.6825223e-02   1.4137876e-03   3.0830320e-12   9.2538231e-04   1.3471920e-14   1.7357204e-03   2.3686215e-09
   3.2534788e-04   2.1278432e-07   1.3810937e-14   6.1978204e-02   2.6850544e-11   9.9456945e-08   6.2524320e-03   2.4283087e-12   3.1201563e-03   9.5506011e-11
   3.2827625e-04   6.5718602e-05   3.3285345e-23   3.5024030e-02   2.0324402e-10   4.4930605e-05   3.2316468e-02   3.1501455e-25   4.1184994e-03   1.0010889e-03
   2.5918442e-04   8.1643607e-06   1.0998581e-26   8.8163250e-03   4.4607995e-12   2.3348544e-09   5.5120718e-02   4.0779381e-10   7.2947176e-03   4.6011095e-03
   1.8207107e-04   1.0324553e-06   1.1824705e-26   4.3669597e-05   4.1918899e-23   1.2357076e-13   5.6274046e-02   3.1786554e-18   9.4166798e-03   1.4954560e-02
   1.0452969e-04   9.8394341e-09   1.6324827e-07   6.4020174e-28   1.2948457e-45   2.3041420e-19   5.1327760e-02   5.9327247e-30   6.4160827e-03   5.1925320e-02
   8.9173288e-05   9.7099452e-10   3.1897883e-02   4.9342570e-30   4.1708156e-43   4.0248471e-06   3.2045017e-02   1.1608679e-19   4.5994260e-03   6.6597668e-02
   1.1890655e-04   9.0762143e-12   1.3626567e-01   2.1827395e-18   7.7106516e-27   1.6217279e-03   8.5531128e-03   5.7068164e-04   4.6830776e-03   2.8489677e-02
   1.5962246e-04   1.7028556e-20   1.7425871e-01   6.8173414e-10   4.9161431e-05   1.1184295e-02   3.9964070e-05   5.2082072e-03   5.4763928e-03   3.2517407e-03
   1.6858197e-04   8.0685390e-11   1.0523662e-01   1.9555416e-08   1.3933467e-02   6.3167578e-02   1.1259134e-17   6.4778376e-03   3.8123355e-03   8.7169950e-05
   2.1515705e-04   1.2796547e-07   2.8812799e-02   1.0767942e-11   4.1391089e-02   8.7746032e-02   6.9894992e-15   3.0992676e-03   4.2068238e-03   2.5950306e-07
   2.3144722e-04   9.1600741e-10   4.3212016e-03   5.7626827e-06   5.7088600e-02   4.0260105e-02   1.0077866e-18   5.2706334e-04   4.3383907e-03   1.7382588e-12
   2.5846017e-04   3.2951036e-06   5.7222094e-06   1.1043687e-03   4.0115819e-02   1.2246030e-02   1.8654405e-27   3.9832346e-10   3.8277930e-03   1.4029820e-11
   2.3112027e-04   4.3906981e-06   1.4802255e-06   3.3422667e-03   2.1643495e-02   5.7133517e-03   8.7462605e-17   6.3964916e-14   3.4998523e-03   1.9849938e-15
   1.2166933e-04   4.8765223e-08   9.1829100e-06   4.9871353e-03   8.3714910e-03   4.7830760e-03   7.1759379e-07   1.1441646e-18   3.5712288e-03   5.1768242e-20
   1.0429306e-04   1.6114684e-15   2.6156539e-13   4.6894331e-03   2.7845091e-06   2.1896430e-03   8.5656762e-09   5.5369101e-19   5.1402075e-03   5.9290042e-16
   8.1968179e-05   7.1479126e-22   8.7356838e-31   3.6116467e-03   2.4275912e-24   6.3167486e-09   7.2242430e-35   1.4246876e-28   7.6132488e-03   6.3894091e-15
   6.2663586e-05   8.7002066e-21   1.4726540e-36   2.9122619e-03   3.3384327e-48   3.7864264e-28   1.7691902e-19   4.9547957e-28   9.8671350e-03   1.7792500e-13
   4.7744166e-05   9.5712003e-20   7.7132535e-24   1.9025937e-03   4.3078774e-52   2.6544368e-30   7.3504686e-12   4.4825462e-24   1.0773414e-02   2.3158210e-08
   5.2638228e-05   2.5151959e-19   4.4508392e-32   6.6315138e-04   4.6980055e-47   3.6483634e-25   1.6166076e-04   5.0344683e-21   1.0459346e-02   1.7121538e-04
   5.8352087e-05   5.7404258e-17   9.2286883e-33   1.0730677e-04   1.3304309e-49   2.6167681e-30   7.4776746e-04   3.5295118e-19   9.1784921e-03   1.0180465e-04
   6.1512687e-05   4.3380198e-19   2.5959883e-30   2.7269793e-07   2.6271154e-54   1.9871581e-20   1.7172370e-03   1.7737216e-07   7.6787206e-03   2.2978689e-09
   5.9342453e-05   4.0320511e-18   2.9354080e-33   5.5171547e-24   7.9460831e-39   7.5673914e-07   2.4697464e-03   8.0684465e-04   6.8671296e-03   7.8685127e-17
   6.3189700e-05   2.7431140e-21   8.6350326e-34   3.3607539e-26   1.7008108e-26   6.9533847e-03   2.5346364e-03   1.4546755e-03   6.3877681e-03   4.2601702e-24
   6.5773953e-05   8.9638291e-21   2.2644986e-33   3.8253646e-27   6.6102099e-15   2.6424055e-02   4.5664434e-03   5.4125913e-04   4.9333947e-03   9.4580652e-28
   7.3105216e-05   2.3278223e-12   2.9004400e-26   5.0817924e-23   1.1264697e-03   3.0473520e-02   6.5621432e-03   1.1180790e-09   4.0356799e-03   1.4259861e-28
   9.6722217e-05   2.4500970e-15   3.5169045e-13   3.4674539e-18   6.8706582e-03   1.1071073e-02   5.0371395e-03   4.9277597e-24   3.7155310e-03   5.1273616e-29
   1.3429046e-04   2.0347672e-15   3.3193912e-03   3.1531473e-08   5.0137354e-03   1.3453091e-03   1.9455935e-03   2.0244763e-23   3.8484715e-03   2.6681544e-24
   1.0497141e-04   4.2558934e-08   7.3888825e-03   1.1893244e-04   1.7433406e-03   1.3905160e-08   2.3125184e-08   1.0445102e-20   4.6803193e-03   9.6942592e-19
   6.2639333e-05   3.6834378e-18   7.7296195e-03   4.0062825e-04   6.8749415e-08   2.0084569e-32   2.3695766e-28   4.0088907e-26   6.6298712e-03   7.9621948e-14
   6.0659954e-05   1.6743259e-19   5.4519938e-03   4.8863606e-04   8.5080622e-27   5.4453670e-37   2.2247210e-30   6.2693805e-35   7.8736279e-03   2.2704553e-14
   6.9525627e-05   1.6789128e-10   1.6965024e-03   6.7368724e-04   2.7366434e-34   6.9671868e-35   9.7744509e-31   4.0298880e-25   7.9747071e-03   6.3035934e-10
   1.3286864e-04   1.4826453e-09   1.2816910e-09   5.8820273e-04   7.7900357e-45   1.1294778e-23   1.3749325e-35   7.8254284e-20   7.8658779e-03   9.2254573e-04
   1.4728897e-04   2.6422896e-08   5.5061353e-20   1.1969411e-03   3.0012540e-46   2.1160724e-27   1.5020869e-27   5.5485229e-16   7.5582091e-03   7.5236171e-04
   1.0889983e-04   3.3599947e-08   4.0094426e-27   2.0498958e-03   3.3120118e-53   3.3565122e-19   9.3226793e-17   7.1885140e-07   7.4376591e-03   3.3241790e-08
   1.9129978e-04   5.8015681e-11   4.5666767e-30   1.8006155e-03   4.3542760e-48   2.1614950e-04   2.2302865e-11   3.0112630e-04   7.0147206e-03   1.5322695e-11
   2.3474594e-04   1.3794903e-09   1.4290977e-26   1.2056506e-03   1.8502935e-43   9.9613828e-04   1.8117118e-06   1.1645369e-03   6.5474542e-03   1.5237202e-14
   2.4215125e-04   9.3622045e-06   1.3299229e-25   5.4081236e-04   6.9115456e-33   5.6118586e-03   3.4652562e-04   2.2300924e-03   5.7320853e-03   3.0800592e-19
   2.2590016e-04   8.2225841e-07   6.8721422e-32   3.8132705e-05   9.4939117e-18   2.2918349e-02   1.1800930e-03   1.9110386e-03   5.3398813e-03   1.5434638e-20
   2.4419925e-04   1.2858697e-05   9.9567489e-40   3.6140506e-05   9.1836428e-06   3.8753242e-02   2.7714259e-03   6.1780766e-04   4.5111333e-03   1.8307309e-19
   2.5114190e-04   1.3653714e-07   1.4106285e-44   7.0572301e-10   4.4913707e-03   2.2325807e-02   3.8237119e-03   2.5183323e-11   5.6265274e-03   4.0744909e-18
   2.1431803e-04   8.5459434e-08   1.6471751e-48   3.2279622e-18   6.4375497e-03   5.1609343e-03   3.5771182e-03   1.0883545e-20   7.5768366e-03   5.2363349e-17
   2.0305937e-04   1.1346563e-07   3.7798051e-56   8.0146549e-20   1.7026435e-03   2.0616252e-03   1.8483334e-03   8.1510329e-23   9.5391124e-03   2.5413930e-17
   1.3055724e-04   2.7941070e-07   2.4024541e-40   3.1388043e-18   8.6716647e-12   3.6802061e-07   1.3913532e-03   5.4553138e-17   1.0227177e-02   3.1744712e-12
   1.9337610e-04   2.0925430e-04   1.9710086e-36   1.0403130e-11   2.4297892e-17   1.6057803e-14   1.7030152e-03   5.3274993e-18   9.0765070e-03   9.2532143e-06
   1.7855671e-04   5.1545455e-07   8.3439621e-23   6.5963700e-08   1.3580561e-21   4.1355543e-22   1.9715333e-03   1.1548995e-20   9.2633467e-03   8.2230745e-04
   1.9458800e-04   3.3808158e-09   8.7172407e-14   5.5470994e-08   1.1131749e-32   9.2491516e-17   1.3289049e-03   3.4902877e-11   9.3794286e-03   9.2281365e-04
   2.5406827e-04   1.0625310e-08   1.4350954e-03   2.1629464e-05   5.6392327e-36   5.4281002e-13   2.4142497e-04   7.7094211e-15   9.0371486e-03   1.1326150e-04
   2.8884002e-04   7.3981008e-08   6.4249871e-03   5.8099596e-05   2.7881113e-39   5.0999135e-11   2.2147217e-18   8.9982015e-09   8.6484696e-03   5.4138371e-06
   2.9229040e-04   7.0094304e-08   8.5652172e-03   8.7321513e-05   2.1274493e-44   2.6318907e-08   1.5343553e-31   2.5410765e-04   9.3207353e-03   7.6713524e-10
   1.8000600e-04   1.1462991e-14   5.3852464e-03   2.1728317e-04   3.7437310e-41   6.5230118e-08   3.2745349e-42   3.1667248e-04   1.0042353e-02   2.5474604e-15
   9.2061515e-05   5.0487543e-12   1.9802031e-03   5.8573169e-04   7.3903302e-41   4.1530146e-04   2.6408883e-45   3.4635021e-04   1.0703729e-02   1.9262198e-19
   9.6538958e-05   2.1159101e-07   1.3730994e-14   6.2914910e-04   5.7556376e-28   7.6038506e-03   4.9929164e-40   8.9992322e-04   1.1442325e-02   9.2340702e-29
   1.1187978e-04   2.6060668e-07   2.4865791e-32   1.0717856e-04   5.2256768e-21   2.6248671e-02   1.6695703e-32   4.0467840e-04   1.1044826e-02   9.6553913e-26
   1.2546597e-04   1.8065337e-11   2.9169710e-50   8.1680960e-13   1.4120663e-14   3.3465732e-02   9.7738863e-31   3.9066237e-18   1.4418668e-02   1.1210947e-25
   1.4018132e-04   1.7919655e-16   2.9056679e-67   9.9768951e-20   7.1748537e-04   1.8668443e-02   6.5781213e-25   3.9687549e-19   1.4664709e-02   5.6055353e-23
   2.1533540e-04   6.9743298e-15   5.7321452e-59   1.4412770e-27   2.5645287e-03   5.6126453e-03   2.1121729e-23   1.3854897e-31   1.6856131e-02   2.1561702e-27
   2.6079158e-04   9.7364674e-08   1.2924901e-40   9.8455178e-26   2.1002250e-03   9.7661300e-06   1.8883487e-15   2.9772452e-31   1.6071690e-02   1.5539694e-20
   2.2343787e-04   1.9283326e-06   1.4211599e-32   8.1641453e-26   2.8318197e-07   1.8065926e-16   8.6782479e-14   8.2501841e-28   1.7595849e-02   2.3855595e-14
   3.0279828e-04   1.1013716e-05   1.3946235e-23   6.5470755e-25   2.0284654e-13   6.3526884e-17   2.7205967e-11   2.6507518e-21   1.7306552e-02   6.4623856e-11
   3.5830818e-04   9.4996973e-06   1.3611328e-23   9.7019471e-18   9.3627001e-19   3.9591808e-30   2.1502753e-08   5.8836944e-13   1.4989478e-02   2.3171710e-09
   3.2763079e-04   3.6537987e-06   2.8365282e-18   2.7345738e-14   3.8998347e-14   4.9538668e-29   5.4323081e-07   8.2505618e-06   1.4012143e-02   4.5324296e-10
   4.8163737e-04   1.1452335e-08   6.1489510e-13   2.7866637e-11   6.7712964e-18   1.4948569e-21   3.9063191e-04   1.2426116e-05   1.2634895e-02   1.6500892e-11
   6.4577996e-04   3.5537155e-15   6.2153464e-21   3.5205670e-09   2.4781082e-22   3.4535825e-18   7.4971233e-04   2.5659731e-04   1.3674066e-02   1.2322125e-15
   6.7327722e-04   1.9361426e-19   2.0472879e-24   3.9596397e-09   3.1154105e-17   6.2904037e-25   1.8693912e-03   8.6178212e-04   1.4091561e-02   9.4535503e-16
   4.3859635e-04   1.3501133e-17   1.4198707e-19   2.5001323e-08   7.7399814e-19   4.4184358e-08   1.6328651e-03   1.1990350e-03   1.5156242e-02   1.1627679e-20
   4.9989671e-04   6.3877960e-19   1.5432956e-15   3.1849843e-07   1.7595268e-14   3.9819377e-03   5.9609390e-04   2.5579735e-03   1.6053576e-02   3.5277014e-23
   5.5770674e-04   1.2990813e-16   8.5453141e-07   1.4479999e-05   2.1263920e-10   2.7160605e-02   4.7597219e-07   2.2866338e-03   1.4849407e-02   2.8661724e-23
   5.5202658e-04   2.9101116e-12   7.3249241e-03   7.2793784e-04   4.7581957e-06   4.5303853e-02   3.1607596e-19   2.8129015e-04   1.5018352e-02   3.1012910e-23
   5.8337548e-04   2.0612747e-08   1.8654676e-02   2.3755257e-03   1.4771359e-02   3.0436856e-02   7.7791419e-25   2.7166789e-12   1.1684976e-02   6.2261282e-19
   6.2537520e-04   1.1646125e-06   1.9891245e-02   1.2580384e-03   2.4462009e-02   8.2917362e-03   4.6266734e-28   4.4761360e-21   1.1727866e-02   4.0320835e-18
   6.9561561e-04   1.3618383e-04   1.5027924e-02   9.4177777e-06   2.9349375e-02   2.8650593e-03   3.5802051e-21   4.1627026e-26   9.8299616e-03   4.5390343e-03
   6.3353720e-04   1.8467129e-06   7.8704048e-03   2.3018028e-11   2.7573425e-02   8.1923942e-09   9.9971529e-23   4.2755277e-28   1.0735152e-02   8.6063238e-03
   8.1734848e-04   6.6355031e-10   7.3585974e-03   3.3546374e-13   2.6887370e-02   3.1962030e-15   2.4697590e-12   2.0891353e-25   8.4248454e-03   8.7562552e-03
   9.9846085e-04   9.2041387e-19   4.5592217e-03   1.6042929e-06   1.9478125e-02   1.1056953e-19   3.8626018e-13   5.1155263e-16   1.0521187e-02   1.5136738e-03
   1.3817349e-03   2.3784240e-08   3.5134795e-04   1.2167247e-06   1.4444825e-02   2.2667366e-31   3.4021547e-04   6.0067678e-09   8.9467196e-03   2.1559291e-03
   1.2433444e-03   7.1895971e-09   1.6654275e-10   5.3715702e-06   5.4125248e-03   4.3582888e-22   8.5792938e-04   5.6066711e-05   9.9187990e-03   1.4753451e-03
   1.5498232e-03   3.3384496e-09   9.3160106e-06   3.9474521e-11   6.8844983e-03   1.7797541e-16   1.8665252e-03   1.2253026e-03   9.6787266e-03   3.9730247e-04
   1.9598869e-03   2.0187014e-10   6.9849530e-04   8.7805415e-13   2.9910033e-03   2.0913796e-15   3.5274807e-03   2.0849847e-03   9.5230679e-03   5.4835136e-08
   2.4076584e-03   1.9542642e-17   1.0141771e-04   1.5385470e-13   8.1737051e-03   3.2203551e-12   3.5678661e-03   9.6197929e-04   8.8045920e-03   3.4008754e-11
   2.2216606e-03   6.9703459e-25   4.1515759e-10   1.0600478e-12   1.0562881e-02   2.0834151e-15   4.9097196e-03   1.1694894e-03   8.0218280e-03   8.6065686e-18
   1.8226487e-03   1.8989407e-28   9.6316807e-05   8.2049396e-13   1.5505379e-02   1.1645487e-03   5.0243742e-03   2.5756248e-03   6.6357692e-03   1.0049811e-17
   1.8778172e-03   1.4637128e-26   3.6744749e-04   1.7617700e-07   1.6923787e-02   9.7120246e-03   5.1424544e-03   1.8660458e-03   6.0130019e-03   7.2677803e-16
   2.2426253e-03   3.4354225e-19   6.4413341e-04   5.1165493e-05   1.9023643e-02   1.1912139e-02   4.5008887e-03   4.9497388e-04   5.3069438e-03   2.2744547e-13
   2.3269830e-03   1.2974610e-16   2.8965684e-04   3.4958595e-04   2.3223774e-02   2.5899786e-03   4.7422224e-03   3.9371987e-09   5.0817838e-03   3.5157528e-10
   2.2541772e-03   1.0894368e-18   1.1893514e-04   9.7003216e-04   2.1182766e-02   2.0154690e-03   5.0779068e-03   1.0325822e-13   3.9643561e-03   2.4420861e-03
   2.6927730e-03   1.0692624e-19   1.7247080e-04   2.3581353e-03   1.6608066e-02   1.7646507e-08   2.2657036e-03   1.0422424e-16   3.8170136e-03   3.4982769e-03
   2.9110162e-03   4.3101391e-19   1.0386517e-03   2.0587246e-03   1.6119433e-02   9.2731481e-18   4.6391047e-04   1.0295505e-05   2.4123635e-03   3.4813979e-03
   2.5442313e-03   1.7337189e-09   9.9830565e-03   8.4086268e-04   1.2604565e-02   1.1363582e-20   6.3224008e-13   8.7280021e-04   2.4280596e-03   1.2173525e-04
   2.1130545e-03   1.0690838e-10   1.7544085e-02   3.8113997e-04   8.0315881e-03   1.1771610e-17   2.0346800e-13   1.4351683e-03   2.3514858e-03   6.8743047e-07
   2.0667757e-03   8.2628161e-07   1.5801897e-02   5.6748116e-05   3.5012358e-03   5.1099831e-20   1.1200008e-10   3.2324820e-03   1.8535321e-03   4.3213806e-08
   1.8530229e-03   6.4592879e-09   8.8419581e-03   3.3076816e-05   6.4203659e-07   7.2137750e-31   5.7438487e-07   4.7759753e-03   2.9923028e-03   7.4091262e-10
   1.7639979e-03   3.4980573e-08   4.1378790e-03   4.0396979e-11   1.0097537e-10   2.2158299e-23   7.8888910e-07   6.7701142e-03   2.9699893e-03   4.1438645e-12
   1.4614133e-03   1.8908147e-08   2.1681439e-03   4.4129484e-09   2.6871340e-26   1.3017177e-22   2.7769919e-05   5.8485865e-03   2.9882706e-03   1.6530275e-14
   1.6183007e-03   6.6059644e-08   1.7262431e-03   6.0396365e-15   4.3131439e-16   3.0070950e-14   4.4289686e-04   5.0096616e-03   3.0434214e-03   1.5367276e-15
   1.6511717e-03   4.6751775e-07   1.4371682e-03   2.0714081e-09   5.8439400e-17   1.0009654e-08   2.6090990e-04   5.1178163e-03   2.7347192e-03   1.9713397e-16
   1.5397263e-03   3.1556672e-09   7.2056632e-04   1.0143895e-04   6.3827960e-15   2.2833897e-03   6.0621452e-04   4.8516188e-03   2.5398809e-03   6.5162032e-21
   1.4954608e-03   5.0452104e-06   5.0329133e-04   6.7760074e-05   4.8857351e-08   6.3709502e-03   1.4239076e-03   2.6915841e-03   2.3227845e-03   2.7282393e-16
   1.3281306e-03   2.1050902e-07   4.8714144e-04   4.4356941e-04   1.5577926e-03   5.8287043e-03   1.3042566e-03   1.2339873e-03   2.4464895e-03   2.1246463e-09
   1.5947543e-03   2.1178994e-14   4.9943315e-04   1.3391282e-03   3.7776873e-03   8.5461819e-04   4.6839916e-04   6.3836390e-04   2.3322225e-03   2.2531376e-06
   1.5182083e-03   2.6957317e-15   4.4203436e-04   3.6404749e-03   3.9287289e-03   1.8900910e-07   6.8174722e-05   3.0800184e-04   2.3875778e-03   2.1379954e-08
   1.1947638e-03   2.9405877e-15   2.5830751e-04   4.7425743e-03   3.7422420e-03   2.1817258e-12   2.1978793e-04   6.3102935e-04   1.5268165e-03   4.6226450e-04
   1.3982998e-03   1.5458865e-14   2.8975106e-04   6.0592028e-03   2.8238776e-03   1.4335554e-09   2.2632048e-05   4.6510417e-04   1.5686823e-03   3.2078224e-11
   1.5543604e-03   1.0586968e-11   6.6795468e-04   8.3642612e-03   1.7418228e-03   4.9445792e-08   3.9822260e-06   6.2076863e-04   1.4434615e-03   4.4786853e-17
   1.5157543e-03   2.1920935e-09   9.6566212e-04   7.4844992e-03   1.5651578e-06   1.1420687e-16   1.2734995e-03   1.0322990e-03   1.4394835e-03   1.7002153e-14
   1.3347754e-03   4.0788738e-09   1.2215794e-03   3.8805181e-03   1.3375156e-15   6.5049125e-34   2.6257023e-03   1.9150494e-03   1.7562763e-03   4.0627614e-12
   1.4120819e-03   2.8465555e-14   1.5049949e-03   1.9037665e-03   1.8384300e-36   7.7137892e-29   2.6138263e-03   2.8949872e-03   1.3267075e-03   5.2199417e-10
   1.3054204e-03   2.0074179e-10   1.8725518e-03   7.1072902e-04   4.0119518e-19   2.6265276e-29   1.9784875e-03   2.5904115e-03   1.5964960e-03   1.3509572e-11
   1.0201951e-03   9.5575052e-08   2.9998070e-03   5.2262578e-04   9.0267883e-30   4.0092132e-30   1.1988234e-03   2.3405981e-03   1.7151211e-03   1.3872620e-12
   1.0849561e-03   3.8309180e-07   4.4592486e-03   1.2479667e-04   1.7235047e-22   1.0780705e-18   6.3352592e-04   6.5817313e-03   1.3078115e-03   7.1612899e-17
   1.1752504e-03   6.1728387e-15   4.8511772e-03   7.9897761e-07   7.2046289e-31   2.7798538e-07   4.3482734e-04   1.0225724e-02   1.2202603e-03   8.6511382e-21
   1.2140702e-03   4.9451714e-09   3.3101773e-03   3.7138387e-06   1.7887209e-19   2.4621481e-03   1.6648491e-04   7.0376269e-03   1.1360683e-03   9.6913635e-11
   1.0132047e-03   6.9700738e-10   1.8472344e-03   2.2908023e-04   5.8612366e-11   4.2789337e-03   2.1201141e-04   2.2777062e-03   1.6282161e-03   1.6910244e-05
   1.0629904e-03   4.0772738e-09   1.6213191e-03   4.6697851e-04   9.9351983e-04   2.3348433e-03   3.9157299e-04   1.0953133e-03   1.6203794e-03   1.6876051e-06
   1.4436900e-03   1.6304701e-13   1.4161353e-03   2.8547936e-04   2.0183132e-03   5.9757581e-04   2.6586194e-04   8.1178154e-04   1.6309748e-03   1.5707881e-05
   1.3563527e-03   9.9631779e-14   1.3199574e-03   3.5870245e-04   1.7486759e-03   1.0375239e-12   8.2380930e-04   7.2381332e-04   1.7995482e-03   1.2301666e-04
   1.2538209e-03   4.0929307e-15   1.1745318e-03   7.3302299e-04   8.1043811e-04   2.1504592e-23   1.4848100e-03   6.4412657e-04   2.2056894e-03   1.7300181e-07
   1.3599331e-03   1.0255739e-13   4.1276901e-04   1.0570333e-03   2.2622324e-04   2.2008736e-23   1.9264414e-03   9.3854278e-04   2.5650640e-03   6.6691599e-05
   1.1959351e-03   3.4348504e-15   5.7314465e-07   1.5950615e-03   3.4590964e-05   1.3245038e-19   2.7617150e-03   1.2470489e-03   2.7599199e-03   1.1614135e-04
   1.4643739e-03   2.3384005e-14   6.6475914e-09   1.2586119e-03   4.2003249e-13   3.1090710e-31   2.8037690e-03   2.1617395e-03   2.7874196e-03   4.3303356e-07
   1.6754079e-03   1.4398070e-19   5.6390997e-10   2.3595661e-03   1.6493185e-23   1.0687667e-32   3.1312201e-03   2.5723991e-03   2.8495414e-03   1.4991718e-06
   1.3761884e-03   4.8634153e-16   1.6845091e-07   2.8804910e-03   5.8435626e-30   1.1141260e-30   2.7155567e-03   1.8194322e-03   2.8557061e-03   6.9599764e-06
   1.1335175e-03   1.8413891e-14   2.2368586e-07   1.9071907e-03   2.8940961e-17   1.6812200e-26   3.6243469e-03   1.7547387e-03   3.7691951e-03   4.6563420e-07
   1.7109732e-03   6.0336169e-15   5.1559157e-13   6.3518047e-04   2.8069545e-23   1.5876667e-09   3.7889091e-03   2.6525011e-03   3.0602285e-03   1.1712849e-07
   1.6429847e-03   2.1556624e-18   6.5823873e-10   4.7230714e-07   7.4462452e-29   2.4279798e-04   5.8637155e-03   3.4010118e-03   3.4899223e-03   1.4520354e-07
   1.4658200e-03   1.2567570e-16   4.7004956e-04   2.1343599e-05   1.6126980e-22   2.8975501e-03   5.1049538e-03   4.1093727e-03   3.3534057e-03   1.6584945e-03
   1.7378964e-03   3.2572224e-15   2.2803973e-04   3.3226623e-07   3.2943409e-20   9.0291331e-03   5.3136096e-03   2.8539830e-03   3.4102512e-03   1.1877131e-03
   2.5450406e-03   1.1427932e-26   1.5299313e-04   5.8680536e-04   6.6517584e-04   8.6670855e-03   3.7273151e-03   1.2605048e-03   3.0927271e-03   7.0259259e-04
   2.5181190e-03   2.3479964e-28   2.3948947e-04   1.1778006e-03   3.1867563e-03   2.3372668e-03   2.2162700e-03   8.0205773e-04   3.6458813e-03   6.4773720e-07
   2.2297086e-03   4.0983056e-26   2.3626185e-03   1.0433669e-03   6.1731420e-03   2.1813095e-03   1.5624266e-03   7.0966991e-04   3.5771484e-03   8.5277400e-08
   2.5343206e-03   6.4264294e-30   5.3599623e-03   1.5512154e-03   5.8733729e-03   8.2078885e-04   1.3982062e-03   9.6972067e-04   2.3745353e-03   2.0779333e-04
   2.7069124e-03   4.2564548e-29   5.5246338e-03   1.7484207e-03   4.8242062e-03   6.0106151e-09   8.6070144e-04   1.2353417e-03   4.2258190e-03   4.6385058e-10
   2.3962342e-03   1.0070991e-18   4.3800040e-03   9.0989357e-04   5.5107704e-03   3.5832441e-09   1.4490213e-03   2.6133444e-03   4.1322445e-03   3.0660100e-12
   2.1642973e-03   6.5536062e-20   2.1362658e-03   1.3341762e-03   4.2216531e-03   1.0440577e-19   1.8230546e-03   4.1432750e-03   3.7604263e-03   9.2516021e-11
   1.8700971e-03   1.2399547e-30   8.2845179e-04   2.4572396e-03   4.4441735e-03   1.2881652e-23   2.2249387e-03   5.4906354e-03   3.9210824e-03   2.0583695e-12
   2.4371763e-03   3.8011164e-24   4.0533964e-04   2.0570595e-03   2.0122489e-03   7.6199019e-16   1.8935349e-03   3.3633555e-03   4.3560280e-03   8.1441317e-15
   2.8035110e-03   7.1076034e-21   8.4382624e-04   2.1010868e-03   1.9226048e-03   1.8062532e-17   2.7934121e-03   3.1092439e-03   4.1297322e-03   6.7314622e-18
   2.5679007e-03   1.0104615e-20   1.9781083e-03   3.4550224e-03   5.3634337e-03   1.4358134e-06   3.6851102e-03   4.9618636e-03   2.6409931e-03   4.6259860e-15
   2.3884573e-03   4.3976103e-24   1.1915602e-03   4.6709991e-03   3.2986154e-03   1.5196257e-03   4.4242348e-03   6.4873455e-03   3.0587336e-03   1.4663875e-11
   2.6470445e-03   2.6899334e-26   1.9800851e-04   4.8267010e-03   2.5976995e-03   2.7436316e-03   4.5035102e-03   7.7893599e-03   3.5578132e-03   1.3505359e-11
   2.5139249e-03   3.1019362e-27   3.9006065e-04   4.0652231e-03   3.5545512e-03   1.2184039e-02   4.8565939e-03   5.2222882e-03   2.2623774e-03   4.4114807e-04
   2.5453952e-03   4.5331252e-27   1.2441400e-06   1.3869434e-03   4.1599375e-03   1.9714556e-02   4.9153824e-03   2.0902371e-03   3.1925688e-03   3.1278490e-07
   2.9231469e-03   1.4484556e-20   1.1596713e-07   1.1586546e-03   6.6448191e-03   1.1502678e-02   4.3851904e-03   1.0202974e-03   2.8290085e-03   4.6120982e-07
   3.3746874e-03   1.2687963e-17   2.6042566e-08   6.5867648e-04   9.6660795e-03   4.6596768e-03   7.5410577e-03   1.2587918e-03   2.4188734e-03   8.6494063e-12
   3.5844808e-03   7.8937228e-20   9.2117038e-09   1.8773514e-03   8.6765813e-03   1.8527669e-03   6.2721265e-03   1.0386863e-03   1.5732504e-03   4.5541257e-12
   3.3048888e-03   6.1335013e-20   3.8699421e-13   4.4744423e-04   8.7808222e-03   4.7320934e-04   7.0597390e-03   1.2306918e-03   2.0900350e-03   1.0425268e-18
   3.0384031e-03   4.6118586e-16   5.7595905e-04   5.4185244e-05   6.8162672e-03   3.4969496e-04   5.5427108e-03   2.0894586e-03   1.8383294e-03   9.6680061e-13
   2.8606558e-03   2.3086708e-19   2.5925642e-04   1.9122480e-04   5.2160810e-03   7.3266556e-10   5.4774195e-03   2.7115902e-03   1.9942166e-03   9.3654804e-16
   2.6265041e-03   3.4402866e-23   1.5792250e-03   4.1151895e-04   3.6577050e-03   3.7291407e-17   2.9782278e-03   3.4498626e-03   2.2680928e-03   2.2130018e-15
   2.2957055e-03   1.1053391e-11   2.5138207e-03   8.9745947e-04   3.1797669e-03   1.3472641e-18   2.1534201e-03   3.4247400e-03   1.6998333e-03   1.9052459e-08
   2.7991834e-03   5.6722159e-04   3.8507836e-03   1.0884955e-03   1.1611051e-03   5.7190446e-21   1.7102506e-03   1.7313312e-03   1.8128091e-03   1.9481584e-10
   2.9917181e-03   1.1709173e-03   5.5403187e-03   1.5829846e-03   7.3353560e-10   6.4521791e-27   1.6858637e-03   1.8043612e-03   2.0431635e-03   2.2106488e-11
   2.6425761e-03   2.3374311e-03   4.8158360e-03   1.6798074e-03   1.0385180e-09   7.3189394e-16   1.8087396e-03   4.4424483e-03   1.7416657e-03   6.2915352e-09
   2.4137206e-03   1.1774391e-04   3.9508766e-03   9.1136019e-04   5.6305497e-20   2.4284071e-09   2.0303272e-03   7.1473819e-03   1.2589598e-03   5.7213361e-15
   2.6582368e-03   3.5340626e-04   2.5815957e-03   6.8405390e-04   3.9586463e-21   3.9686781e-04   2.0536042e-03   6.4125916e-03   1.3859617e-03   6.5518543e-17
   2.8666893e-03   1.8113186e-06   1.5226681e-03   1.5637063e-03   1.3812777e-06   4.4363751e-03   1.4333199e-03   2.0649695e-03   1.4220128e-03   1.2874500e-19
   2.7922374e-03   3.7151857e-11   8.2501938e-04   1.0731265e-03   7.7243305e-06   6.2950013e-03   2.0577220e-03   5.4393915e-04   1.0634018e-03   5.5201351e-17
   2.9191309e-03   9.7416964e-06   1.2918255e-03   2.6614016e-04   1.0655074e-04   3.0549748e-03   2.2552996e-03   2.2133325e-04   7.6110776e-04   7.3427466e-18
   2.6877349e-03   5.4216642e-05   1.7768134e-03   4.7187534e-07   2.0530278e-03   1.2244309e-03   1.8313979e-03   9.8761166e-11   7.8807590e-04   7.4175066e-19
   2.4950550e-03   2.8922486e-10   1.6292665e-03   3.6465863e-07   1.2105257e-03   4.5608830e-04   2.1154457e-03   1.2762245e-16   9.6128229e-04   1.9076129e-13
   2.2948103e-03   5.7368518e-12   1.2356256e-03   9.1125711e-09   1.7085916e-03   2.0733863e-04   1.6440140e-03   2.6532919e-04   8.5048504e-04   9.4910693e-08
   2.2603737e-03   1.1468135e-12   4.7197338e-04   1.5988717e-06   1.7400571e-03   1.1981007e-08   1.7427140e-03   4.1119322e-04   6.9320877e-04   7.1532005e-07
   1.8388200e-03   8.3540060e-15   1.7058948e-04   1.1940020e-09   6.4931456e-04   6.3155560e-20   1.7589803e-03   7.9482754e-04   9.1730474e-04   1.4912880e-11
   1.9460478e-03   4.1664241e-20   2.1118164e-05   7.1192349e-08   9.3184240e-04   9.1285372e-27   1.4421714e-03   8.0160759e-04   5.8779640e-04   5.5305890e-07
   2.2159616e-03   1.1737072e-14   2.8778747e-08   2.5824896e-06   4.4014769e-05   3.4902820e-20   1.1375660e-03   3.3599665e-04   7.3205385e-04   7.2630273e-06
   2.0063849e-03   1.0407709e-15   2.7626813e-08   3.0756804e-06   7.6266169e-05   4.6512271e-11   1.0072418e-03   2.1442907e-04   7.4215065e-04   2.5067446e-04
   2.0717297e-03   8.8919188e-16   4.8354932e-11   1.4917047e-10   2.4941149e-11   9.6303805e-14   6.5544428e-04   7.5293660e-04   6.9470680e-04   8.1680783e-06
   2.0629343e-03   1.7134334e-07   3.9809813e-14   2.4817573e-10   1.2853476e-06   1.7921559e-05   4.1114787e-04   1.4255359e-03   7.4964197e-04   1.0588673e-10
   1.8858198e-03   4.6697832e-09   1.5425748e-05   6.9936520e-08   2.9275387e-13   2.1019369e-04   1.4958119e-04   1.5212485e-03   7.6562343e-04   9.4141568e-10
   2.0814803e-03   9.3613357e-16   2.0111226e-04   4.3527793e-05   1.3556330e-12   9.1887134e-04   2.2776320e-04   5.2618048e-04   4.2743965e-04   2.0770757e-05
   2.1349554e-03   4.1249878e-10   4.6617054e-11   5.5630130e-06   2.5077679e-10   2.1333588e-03   2.7706479e-05   5.1097608e-06   5.4995430e-04   6.9830085e-07
   1.9732611e-03   2.8299026e-08   1.0295010e-10   1.0106963e-05   8.6495544e-09   1.7238678e-03   7.1538591e-05   1.1249889e-08   5.8284609e-04   1.1826869e-09
   1.8912505e-03   2.5914577e-07   2.3026771e-05   1.8255151e-04   5.7115276e-08   1.9649879e-04   1.4288775e-04   3.8890684e-07   5.0642214e-04   1.3314786e-07
   1.8032910e-03   2.5272717e-13   7.1180137e-05   2.3655950e-04   6.2513073e-04   5.3354084e-04   4.3885095e-05   1.0165374e-14   3.9614437e-04   6.1893601e-07
   1.9729904e-03   1.2128581e-07   3.3030850e-05   1.1967788e-05   4.0405308e-04   9.9149634e-05   7.6674057e-05   3.0178738e-15   5.0097243e-04   3.7791789e-11
   2.0541133e-03   4.0916916e-17   9.5731318e-05   2.4674830e-07   6.9100742e-04   7.0865122e-11   3.3692557e-05   8.2329170e-13   4.9319446e-04   2.5091265e-11
   2.2221475e-03   4.6246045e-14   1.1197146e-05   1.1789676e-05   6.2399798e-04   1.1193636e-12   4.8134096e-05   2.4208946e-08   2.7156287e-04   2.3199314e-05
   1.9220730e-03   3.1537330e-19   5.6364129e-05   3.8221797e-05   1.6816763e-04   7.4565722e-15   3.2127760e-04   2.6015647e-05   3.7075296e-04   8.2144845e-06
   1.8194990e-03   1.4454015e-11   5.2088037e-10   9.8015243e-06   2.4719871e-07   3.7460064e-18   1.6674968e-04   4.0403586e-11   5.7627869e-04   1.0529914e-04
   1.9184332e-03   1.2966565e-07   3.0233625e-13   1.1558736e-05   2.6525924e-11   9.8701688e-26   1.5506945e-04   1.2692554e-17   4.0934637e-04   1.5404066e-04
   1.8917252e-03   5.3506963e-09   2.6642621e-08   2.4687310e-06   5.3373249e-07   6.4009614e-16   3.4969998e-04   9.8439671e-10   4.4390194e-04   3.7053730e-08
   1.7547447e-03   2.6255819e-07   5.9738678e-11   4.1089405e-06   6.5421068e-09   3.8353582e-12   3.0242480e-04   2.8344631e-04   4.5705492e-04   9.3829710e-09
   1.6784154e-03   6.0538265e-09   2.6705425e-08   3.3422855e-05   1.9484670e-07   6.9851852e-05   4.4467791e-04   5.2949268e-04   3.6273132e-04   5.3891498e-08
   1.7039137e-03   7.0545466e-13   1.7355604e-10   2.6604496e-05   3.7668059e-07   3.2405267e-04   4.7403262e-04   4.5516585e-04   4.2255708e-04   1.9112649e-07
   1.7056516e-03   1.2773508e-13   2.0332718e-16   2.3667656e-05   2.3543229e-14   1.2134085e-03   3.5435156e-04   1.6594300e-04   3.5583045e-04   1.1440691e-07
   2.0095784e-03   9.9651629e-12   1.3202232e-29   1.9906476e-05   2.3216810e-15   1.5499206e-03   1.8858197e-04   5.8188902e-14   3.8562222e-04   1.7382842e-09
   2.2532718e-03   9.8514282e-15   1.8246156e-25   2.9740456e-05   5.4001430e-09   9.1022080e-04   5.5134342e-05   2.0121809e-17   3.6360069e-04   9.6989295e-09
   2.2693404e-03   1.5104440e-12   1.4570211e-17   6.9518228e-05   8.7575641e-08   2.1147466e-04   1.6029192e-05   7.8587376e-22   2.4435865e-04   1.7061366e-08
   2.1010636e-03   1.5315552e-18   5.1266348e-19   1.2998273e-04   1.8785887e-04   2.7975493e-05   1.0391335e-08   8.2140003e-15   4.0828561e-04   1.3992869e-07
   2.2272201e-03   8.5956379e-14   3.0736174e-18   2.6037634e-04   1.6942731e-04   1.3202372e-10   5.5980121e-08   4.0062770e-14   3.5641751e-04   1.9158050e-09
   2.3192897e-03   2.6777356e-14   2.6063257e-18   2.2782024e-04   1.2807779e-04   1.4559320e-10   1.9785082e-09   1.5090039e-11   1.6787192e-04   1.5260162e-05
   2.8051179e-03   1.3457876e-20   1.0485964e-14   1.4213975e-04   4.6947193e-13   2.8266360e-18   1.4055801e-11   4.5868174e-20   2.6013666e-04   2.8527374e-05
   3.0878067e-03   1.7075379e-18   1.1365202e-12   1.7846962e-05   3.3723237e-16   1.1849071e-30   5.6966046e-10   2.6566854e-28   4.1345753e-04   7.3563334e-05
   2.8919582e-03   1.0267097e-15   7.2352432e-12   5.3680299e-05   3.4019739e-20   1.1219288e-28   1.8271619e-05   9.5061990e-27   3.7963278e-04   4.0758408e-05
   2.5396863e-03   2.3194522e-14   1.1124727e-05   1.0814023e-04   2.1299587e-18   1.8938282e-14   3.6944697e-05   1.4928172e-18   4.0093342e-04   2.3239355e-04
   2.8362358e-03   2.0513176e-19   1.9334956e-06   1.3613167e-04   7.9016954e-10   6.8483566e-09   2.5144823e-05   4.7728448e-09   3.9344666e-04   4.2424705e-06
   2.4485007e-03   7.3974273e-19   1.1444445e-12   3.1996057e-06   1.3876492e-11   2.2128524e-05   1.5727631e-04   3.7985513e-04   4.1604939e-04   1.2379754e-04
   2.5685574e-03   5.1630008e-24   1.3604735e-18   2.2604225e-05   7.8484032e-16   2.9220384e-04   1.6492581e-04   3.4924899e-04   2.4368386e-04   3.1078480e-04
   3.6731631e-03   5.2551470e-23   3.5344018e-31   2.0536662e-06   1.7230775e-18   3.7955547e-04   1.2697889e-04   3.6536857e-10   1.9553471e-04   8.2345683e-05
   3.4354689e-03   5.8936112e-23   6.3213284e-39   1.3455356e-05   7.9633283e-24   1.2999966e-03   4.4339492e-04   8.5732330e-21   3.8413615e-04   8.9199195e-06
   3.7135144e-03   4.7491435e-22   2.3596556e-32   1.9560109e-05   3.3598971e-15   1.2611412e-03   6.6179302e-04   3.4434191e-20   3.2253347e-04   1.7475611e-04
   4.2085739e-03   1.9086169e-23   1.6092939e-18   1.1239810e-06   9.7292968e-11   3.1329539e-04   8.9616707e-04   1.2126575e-21   1.6165150e-04   4.0539253e-04
   3.9618763e-03   3.3301520e-22   2.9033034e-18   6.5789308e-07   4.9475687e-23   1.2795880e-05   1.0272658e-03   4.9147686e-21   3.0099129e-04   4.3495028e-04
   4.5409547e-03   1.9125635e-29   2.8895227e-34   4.0026415e-07   2.0631886e-20   1.7273748e-07   6.8158287e-04   3.2086864e-23   2.5005108e-04   5.9188570e-05
   4.6862328e-03   8.8440050e-30   4.6092617e-29   1.1856874e-07   3.8657200e-18   5.1722943e-14   7.7565578e-05   2.0282442e-24   3.8560537e-04   1.0474075e-04
   3.6872199e-03   1.5225277e-24   2.4992295e-21   3.4001253e-06   1.5858356e-21   6.4454731e-11   3.2057249e-04   8.6876170e-22   4.5246759e-04   5.1766597e-04
   4.3908646e-03   2.6596553e-26   1.5364166e-33   2.2391253e-06   1.6566612e-19   6.9654776e-19   1.1866703e-04   1.1298311e-27   4.1714519e-04   1.3512365e-04
   4.6924875e-03   1.0631935e-28   4.5969640e-30   2.9960620e-06   4.6927983e-20   3.1543592e-21   4.0210421e-06   1.1270926e-27   4.2647683e-04   1.6116970e-05
   4.7034563e-03   3.6783756e-29   2.4591093e-18   3.6957543e-07   5.6202669e-28   5.7576216e-10   3.7992364e-07   1.5488889e-23   4.3640803e-04   2.0087357e-05
   5.4818701e-03   4.1279986e-37   4.4569324e-25   2.8039060e-09   2.2985876e-25   2.0568818e-07   2.9855682e-11   2.6722205e-18   4.1531032e-04   7.0318523e-07
   5.3954892e-03   7.9262954e-31   2.9080966e-31   3.8216919e-10   5.8507742e-20   1.4683926e-04   2.8666845e-14   2.7062143e-09   4.1750950e-04   4.8268708e-07
   4.9338280e-03   8.4104388e-28   7.7919368e-23   1.5469270e-09   4.0833724e-20   6.8119617e-04   2.0383125e-12   1.9281510e-06   4.2674291e-04   1.3478383e-07
   5.6279035e-03   4.3431192e-26   4.0568287e-21   6.8448297e-12   6.1668994e-31   1.6880861e-03   8.5684213e-18   3.3973636e-12   4.5368432e-04   1.3204394e-08
   5.1960959e-03   3.3381720e-27   7.0473174e-09   1.9899018e-15   5.6803188e-24   3.0718496e-03   9.6080731e-17   2.9175319e-10   3.7082825e-04   1.1180327e-04
   4.7922736e-03   7.5441092e-31   3.7431186e-04   5.6521742e-16   1.3911078e-19   4.4675389e-03   2.8452775e-19   3.8675998e-11   3.7201898e-04   6.8757497e-05
   4.9143231e-03   7.9600441e-26   4.4858337e-04   5.7843694e-11   2.7769267e-13   2.8341179e-03   3.1269501e-18   1.2568129e-12   3.3824909e-04   6.1465434e-05
   4.8649334e-03   4.9893757e-26   2.3885570e-04   1.0821751e-13   1.1501096e-04   1.8432510e-03   5.4832104e-25   1.1302634e-07   4.2169647e-04   9.3761830e-07
   5.4510086e-03   1.8050327e-32   1.7708313e-06   4.8894466e-14   8.7964322e-08   7.9745040e-04   5.6390321e-26   1.7107604e-11   5.2059104e-04   6.0056500e-06
   6.2770964e-03   8.0406745e-38   1.5884475e-04   1.5979001e-15   1.5399707e-13   1.2931055e-07   1.0114911e-24   1.8633035e-14   7.2790340e-04   5.0719190e-07
   6.1101878e-03   1.5751287e-34   6.3043627e-06   1.3961221e-12   6.4602495e-06   2.2509600e-17   3.0262794e-22   1.7413225e-14   6.1353939e-04   2.4659905e-07
   5.5257991e-03   1.6294478e-30   2.3361395e-14   3.0003252e-10   1.2603951e-03   3.9597845e-12   9.6993373e-19   9.4920424e-12   7.3096459e-04   8.6531208e-16
   5.7455848e-03   1.6279697e-30   4.4838078e-13   5.8602367e-07   1.1215487e-03   9.7025577e-23   4.5118216e-13   5.1448306e-17   5.1905185e-04   1.8284884e-17
   6.0535845e-03   3.0913369e-33   1.1372819e-07   2.0772695e-08   2.0926928e-04   1.5349361e-21   9.6548670e-09   2.3784863e-20   4.0248367e-04   6.6553091e-18
   6.0091645e-03   1.1717611e-32   6.1385080e-08   3.5890709e-08   6.5066468e-07   4.5140827e-25   4.8767211e-10   1.4003837e-10   4.8251886e-04   1.7475450e-16
   5.6912123e-03   2.4131889e-33   6.8210589e-22   3.7300528e-05   2.5302434e-11   9.8454426e-15   3.7200987e-11   5.3579414e-04   4.0911423e-04   2.1709029e-17
   5.2601661e-03   5.7869513e-33   5.8620394e-16   2.1627966e-05   1.8449897e-11   5.8291527e-20   5.2117114e-10   1.3176690e-03   5.1758340e-04   1.4304193e-21
   4.6147882e-03   4.8485500e-31   2.4828821e-08   4.2344204e-04   9.9357561e-11   2.4197580e-09   1.3047701e-14   1.6505706e-03   4.9391140e-04   3.2146678e-19
   4.3392291e-03   5.8506798e-22   2.8973511e-07   1.7458713e-04   5.1485775e-07   4.3545052e-04   3.7102342e-15   9.2856526e-04   3.6600405e-04   3.6999699e-15
   4.3659237e-03   2.2633543e-23   2.3680922e-05   5.2048647e-06   1.0128983e-03   1.5471573e-03   7.3406780e-15   6.9943106e-04   4.8993983e-04   8.9538282e-14
   4.4360265e-03   1.3957379e-25   4.9194872e-08   4.5830956e-05   3.6003128e-04   1.8908475e-03   8.3820082e-12   6.0932381e-04   5.2933677e-04   2.7191495e-17
   4.4507617e-03   3.3188236e-23   5.4360715e-20   6.6186151e-05   7.4450480e-04   1.1384094e-06   2.2551275e-08   6.0812451e-04   6.1273275e-04   5.9940396e-12
   4.4431061e-03   7.1290369e-24   3.0102410e-12   1.5663556e-06   1.2552330e-06   5.4690346e-04   2.1036849e-08   1.0121076e-03   8.3200738e-04   7.1939774e-09
   4.1834810e-03   1.9990153e-14   1.8719811e-03   1.5704898e-07   6.8468588e-16   2.8825309e-16   2.0487846e-04   1.1459508e-03   6.5548706e-04   2.9292145e-05
   4.7711076e-03   1.8698609e-20   3.0044907e-03   6.9139926e-05   3.1151552e-20   7.3420854e-17   3.2111531e-04   9.5086722e-04   6.3554961e-04   4.1489756e-12
   4.5646217e-03   8.3804301e-22   5.3127092e-03   7.4921919e-04   3.8022315e-08   1.5319370e-21   2.5430130e-04   1.1396946e-03   4.7490329e-04   4.4351978e-18
   4.6559723e-03   1.5610275e-16   5.1241961e-03   4.0009573e-04   6.4990248e-04   1.1132096e-13   6.2775252e-04   1.1691564e-03   3.6845751e-04   3.4884534e-16
   5.2924372e-03   5.5720995e-19   2.3643154e-03   2.5410454e-04   7.0141951e-07   1.1678833e-16   3.0240748e-04   9.8960547e-04   5.5650067e-04   4.9374076e-15
   5.0928981e-03   1.6936562e-21   2.8304742e-04   5.1426419e-04   2.6073905e-06   1.0065274e-09   3.2292311e-04   1.0707100e-03   6.7503900e-04   1.4988126e-10
   4.7975395e-03   4.2470578e-19   2.4459518e-07   6.6715583e-04   1.6222170e-10   2.9405249e-10   4.3863320e-07   2.6094552e-03   5.9177266e-04   1.2561847e-11
   5.2580033e-03   6.6587647e-15   1.7526782e-13   1.7305592e-04   5.5960095e-07   6.2949884e-19   5.4668788e-07   2.5987746e-03   3.4684565e-04   2.3176606e-19
   5.9301138e-03   2.2826283e-12   4.3322607e-19   1.3859914e-04   5.2501408e-09   2.4774954e-10   1.6029548e-08   1.6204033e-03   1.4886153e-04   6.4170252e-11
   5.2262666e-03   8.5953256e-09   2.3055145e-22   9.3070019e-04   5.1753740e-15   1.0447421e-05   3.1328969e-06   6.3459546e-04   2.9669886e-04   7.1795876e-07
   4.6651370e-03   1.9323765e-09   2.5746506e-22   1.1862675e-03   3.3005084e-09   6.2415412e-04   4.4085088e-05   3.0676662e-04   4.0202468e-04   9.9110946e-08
   4.3418784e-03   1.2712846e-09   2.7659194e-26   4.8417791e-04   1.2306361e-08   1.9898946e-03   9.3175830e-05   1.3688608e-06   3.5656862e-04   9.8978387e-06
   4.1152027e-03   6.8442937e-07   1.9250271e-22   3.0626238e-05   3.3100678e-05   2.2446963e-03   2.7098987e-04   1.0802257e-16   2.5294592e-04   8.1043129e-04
   5.4471161e-03   4.4072747e-06   7.0277867e-31   6.8243253e-09   4.2737907e-07   9.5685053e-10   8.6112236e-10   1.0180785e-15   1.8180565e-04   1.1133499e-03
   4.6192928e-03   5.0248196e-09   1.8264928e-14   1.2369824e-06   3.7789003e-09   4.3781266e-04   1.5480402e-11   3.9586844e-14   4.0356704e-04   7.9110458e-04
   4.2402577e-03   2.8218750e-03   4.2768936e-12   1.7235856e-05   4.3643688e-14   2.7720773e-11   1.0142681e-06   6.1494136e-15   3.3611427e-04   9.6159189e-05
   4.1887549e-03   2.7700177e-03   8.4176110e-25   1.3985792e-07   4.2189368e-10   1.8081685e-17   5.3386626e-06   2.5064223e-17   2.2311292e-04   5.8175993e-07
   3.8969680e-03   1.2836116e-03   1.6018779e-20   1.5252002e-11   5.8228714e-06   5.6637993e-25   1.6561100e-04   5.0182518e-14   3.2118626e-04   4.4830708e-06
   3.5451353e-03   2.8360014e-03   8.8444320e-24   6.2738434e-07   5.2425365e-04   5.6264019e-23   9.8735917e-05   1.3750764e-12   3.8510799e-04   1.1149856e-04
   4.0273419e-03   6.0813217e-04   2.2013494e-29   6.4998968e-06   2.0720513e-05   1.7924485e-27   6.1502767e-06   2.2941391e-16   2.8713872e-04   3.6280828e-06
   3.3521340e-03   2.9725690e-09   2.7432885e-31   7.5199216e-07   2.6719559e-09   1.4016499e-18   1.0078465e-04   3.3020762e-04   3.2584414e-04   3.0281051e-12
   3.3637110e-03   2.1296739e-07   9.5328554e-16   1.5485259e-07   3.1263141e-12   4.1372866e-17   2.0414638e-05   4.0300096e-04   2.8080201e-04   5.9000090e-17
   3.5560232e-03   2.3825731e-08   1.2109651e-11   1.3685122e-06   2.1765452e-11   1.4371253e-19   3.7056510e-05   5.2370229e-04   1.9345515e-04   2.8194523e-15
   3.5134003e-03   1.3989762e-15   1.0746981e-04   9.5188374e-05   7.9022210e-16   4.3945191e-16   3.7317981e-05   4.4975115e-04   2.2599850e-04   2.6550811e-13
   3.7550495e-03   1.6657728e-18   4.1508111e-05   3.9180289e-06   1.0830153e-26   2.4296046e-11   3.0975496e-05   1.4499922e-04   2.2763349e-04   4.0694094e-15
   3.6133218e-03   7.4412646e-12   1.5361485e-13   1.3738972e-06   4.4496563e-18   2.9683328e-04   1.4714075e-07   4.1946474e-11   1.7917821e-04   1.9466351e-10
   3.6901066e-03   2.0421650e-11   1.6206968e-28   6.6272659e-05   2.2503465e-18   4.8538930e-04   1.8792126e-06   3.8344372e-19   1.3943174e-04   2.1759545e-05
   3.1599696e-03   2.0856939e-11   5.4506431e-20   3.1415312e-05   3.3516408e-17   1.7729084e-04   5.3804595e-05   9.6564119e-22   2.1076725e-04   7.8717793e-07
   3.1192871e-03   6.4006143e-08   8.6959134e-24   9.1102640e-06   1.4842780e-17   2.0043839e-09   1.3026313e-05   1.1992877e-13   1.8285188e-04   3.7923654e-08
   3.2612512e-03   4.4813126e-11   6.6863295e-25   2.8938028e-06   6.5241551e-19   4.2422716e-08   3.8448919e-07   2.8542865e-18   9.1246626e-05   1.4128202e-08
   2.9945505e-03   1.2314448e-11   1.2371923e-20   1.4886593e-06   1.9260765e-27   3.3980081e-26   3.1966462e-05   5.5641793e-20   1.3314500e-04   1.3393750e-06
   2.7476582e-03   1.5677616e-11   2.2590976e-21   1.3509563e-06   6.1511553e-30   5.7911768e-23   6.2169799e-05   5.6945011e-11   1.1840198e-04   1.7116770e-04
   2.7251356e-03   1.9295199e-13   3.3660517e-25   1.3494566e-08   1.1035400e-23   3.1428151e-14   1.4873081e-06   1.0949626e-08   9.2938312e-05   1.6449105e-04
   2.3462767e-03   5.0779731e-13   3.4190346e-27   3.1836978e-08   9.8837266e-14   3.3387317e-19   6.4432110e-12   6.4927424e-10   1.2376083e-04   6.4094550e-06
   2.5643579e-03   3.0663183e-15   4.2624029e-34   4.9099315e-09   5.6300669e-15   3.9815059e-16   5.4241438e-11   1.9091000e-06   7.3869274e-05   1.3348493e-06
   2.2747331e-03   2.5129896e-07   7.6990436e-27   3.0642080e-08   2.7594737e-16   1.7641131e-15   5.1394096e-06   4.2908907e-04   4.5771403e-05   7.9373625e-07
   2.1294613e-03   1.2744802e-05   5.9468213e-31   5.4438882e-07   3.0352019e-15   9.4761234e-13   3.3431346e-07   5.7181588e-04   5.0120898e-05   2.1465619e-06
   2.5565629e-03   9.2046175e-09   5.8549874e-46   4.0171341e-09   5.0371436e-18   2.4673065e-14   1.2207116e-16   2.5486611e-04   1.1414292e-04   5.1421942e-08
   2.3998984e-03   4.4230695e-08   2.4734891e-44   7.3630165e-09   8.8532177e-21   3.1452327e-05   1.3620155e-14   2.3606837e-04   8.0186258e-05   1.8259071e-06
   2.0432701e-03   3.8373177e-08   8.6428352e-37   4.2417536e-05   1.3640132e-23   6.2058221e-05   1.2380169e-11   2.7695314e-04   8.6160863e-05   3.1843374e-05
   2.5763499e-03   1.9970102e-13   1.4126864e-34   6.6434378e-06   1.7090612e-21   3.1645669e-04   5.6179456e-14   4.0498232e-09   8.3143515e-05   1.4609656e-05
   2.9679919e-03   7.0606720e-14   3.1923027e-29   1.6271225e-07   3.4311302e-20   2.8165455e-04   5.2738863e-16   1.2353698e-19   2.3872579e-05   6.0050038e-07
   2.6557544e-03   4.4320792e-08   3.6496668e-26   7.3473581e-07   6.1527568e-15   7.0561624e-11   4.9658070e-09   2.3819581e-18   1.1749501e-04   2.0710928e-09
   2.8069098e-03   8.0231891e-11   2.4949197e-28   8.1370205e-06   5.7789756e-15   3.1251869e-14   4.0098951e-07   6.3923988e-25   1.0897762e-04   9.4468405e-12
   3.0449690e-03   1.3947366e-09   2.2455372e-24   1.1043078e-05   1.3431137e-23   1.5273040e-26   1.8895021e-05   2.6361987e-32   1.6859438e-05   3.1880115e-08
   2.4627718e-03   4.4384449e-05   5.4556788e-18   1.2551175e-04   2.2346017e-29   8.2018778e-28   1.2567453e-04   2.4054896e-26   3.5915356e-05   2.7132149e-08
   2.3511537e-03   5.0216954e-08   3.7452569e-26   1.3348890e-04   2.4393271e-17   3.1646651e-35   1.9623772e-04   4.4729187e-28   3.5016174e-05   1.5508591e-07
   2.5056383e-03   1.5174021e-11   3.3452964e-33   5.4188202e-05   6.4534537e-07   4.4860888e-27   1.7784891e-04   5.1134205e-25   7.1974802e-05   4.3105987e-08
   2.7950888e-03   1.3008798e-10   8.5234789e-38   7.6160032e-06   6.2810484e-07   1.3441040e-31   2.1818551e-04   1.9826322e-22   3.5663610e-05   7.4387957e-15
   3.2825090e-03   5.0329519e-14   1.0678480e-45   9.1235982e-05   1.9597368e-26   1.3382996e-44   3.3283029e-04   1.5474997e-21   2.9348814e-08   3.0790052e-08
   3.0742261e-03   1.7192875e-13   2.0240267e-35   1.4129413e-04   2.1037054e-33   8.3250962e-29   2.6056960e-04   3.3013226e-16   1.8218304e-08   5.0448455e-05
   2.7739896e-03   2.2225753e-12   1.3877903e-28   1.6288130e-04   7.8187929e-13   1.4004588e-18   4.2286764e-04   5.5621996e-06   1.4849826e-08   4.4265330e-07
   2.6550858e-03   1.8530167e-12   1.7424575e-41   1.4546100e-04   8.8463350e-12   4.2752897e-11   4.9836922e-04   3.5907161e-04   4.8313593e-06   2.6183627e-07
   2.6906619e-03   2.9314424e-11   5.3860462e-38   3.2918310e-04   1.0007060e-18   8.2003148e-13   3.7710063e-04   3.0147759e-04   1.1011498e-05   2.3345193e-06
   2.7293693e-03   3.6063182e-10   6.6844029e-27   1.7414091e-04   3.1407776e-35   2.8570434e-08   6.4322849e-04   3.5189301e-04   1.9049994e-05   3.5610134e-05
   2.9744980e-03   6.3526725e-08   1.0380281e-20   2.5897145e-04   4.7586508e-30   1.2110369e-04   7.3418417e-05   8.9085141e-07   3.6531474e-05   1.8729356e-04
   2.7169290e-03   5.7941712e-08   6.1615340e-23   1.0371737e-04   2.1280300e-17   8.2632142e-05   4.0686101e-04   4.5715006e-04   3.7729535e-05   1.7588999e-04
   3.1975315e-03   5.1048211e-12   5.5491887e-24   8.0068379e-05   1.7618801e-23   8.1239521e-19   2.6814884e-04   2.3464273e-06   1.4875592e-05   1.8108947e-06
   3.1243105e-03   4.3353817e-14   1.4063150e-17   1.6141533e-04   3.7481637e-13   4.8487353e-10   1.3611755e-04   1.1684807e-05   7.9939292e-05   3.2600973e-05
   2.9745369e-03   2.4025619e-11   1.2572743e-10   4.4246822e-07   6.5657023e-18   1.6811501e-16   2.5136145e-04   2.8566849e-04   8.9862988e-05   3.1562846e-04
   3.4943790e-03   5.9574175e-14   7.4098296e-15   1.2764293e-05   5.1568539e-27   4.5358199e-30   1.4295303e-07   1.1964661e-09   4.2297912e-05   3.2627461e-04
   3.3001654e-03   4.3668685e-10   3.7900365e-10   1.4891520e-05   1.1341336e-22   1.9974662e-28   1.1549450e-05   1.2834615e-14   3.2262877e-06   5.4194695e-07
   3.2424628e-03   1.3458027e-12   9.2198573e-06   5.3914885e-05   2.6049851e-13   1.0954380e-26   2.7341787e-09   9.2030500e-17   1.2505062e-05   2.0314099e-05
   3.0473269e-03   9.0718722e-12   3.5249256e-04   4.0777896e-05   8.5087639e-13   4.7591920e-22   1.5255777e-06   4.1752123e-04   2.6317453e-05   8.0333870e-05
   2.5138661e-03   6.4844564e-09   1.0828258e-03   1.7663183e-05   1.0508637e-13   1.2362909e-06   1.0084665e-09   8.6717839e-04   9.5804279e-05   1.8866307e-04
   2.5021996e-03   3.0398630e-05   7.2598068e-04   7.6864392e-08   7.5525404e-16   6.6221028e-05   2.4253127e-10   9.0377921e-04   5.7314949e-05   5.6691594e-04
   2.6653138e-03   7.3109453e-06   5.8300783e-04   1.2854816e-05   1.2195086e-11   3.4013116e-04   4.8510594e-13   8.9003621e-04   1.4863904e-05   6.8654793e-04
   2.9754343e-03   3.8685942e-08   3.7936345e-04   5.5734649e-06   5.6413740e-14   6.9949783e-04   3.7104026e-14   6.4769101e-04   4.7419183e-05   7.5401773e-04
   3.3186890e-03   6.2383579e-14   1.8692589e-05   5.9816874e-11   3.6887668e-22   6.3851150e-04   1.3874225e-15   2.0806930e-04   8.3199267e-05   1.2741088e-03
   3.5127442e-03   9.7055584e-10   2.8193484e-09   2.3107619e-09   5.5191541e-35   7.4440541e-04   1.9978865e-16   2.1258226e-16   8.1222512e-06   5.6590646e-04
   3.2446067e-03   2.6379553e-10   7.1761651e-09   2.1718914e-07   8.1175517e-27   1.3673706e-03   1.7436749e-22   3.5005357e-08   8.5400414e-16   1.0885534e-06
   2.7188017e-03   1.1978885e-10   2.0584964e-08   6.9289940e-08   9.7295701e-06   8.7433402e-04   6.0536996e-12   1.3510679e-04   1.3442781e-04   2.0271356e-04
   2.0969376e-03   4.4228058e-04   4.1585442e-05   1.7499188e-07   4.2712617e-10   6.6545488e-04   2.8226487e-10   2.3429823e-04   2.5076447e-04   1.1862662e-03
   2.5899031e-03   1.7816426e-04   4.1201264e-08   1.3035083e-06   6.2041135e-09   8.6190843e-04   5.2558053e-15   1.0374093e-04   7.9378556e-05   7.3929227e-04
   3.0426578e-03   2.8396307e-06   6.9084505e-13   4.6528317e-08   1.0758451e-10   1.4070242e-04   1.1643673e-19   4.6243899e-06   1.5612553e-05   3.9204046e-04
   2.8794310e-03   8.6540724e-08   3.8871928e-18   9.1566947e-07   1.1824335e-11   7.0141342e-06   1.4718320e-15   1.1731920e-10   3.4257729e-08   5.9401084e-05
   2.7904384e-03   1.0701928e-11   1.1177795e-08   1.5229384e-06   3.5826236e-13   3.2909454e-04   2.8507259e-18   5.1319435e-12   6.9297644e-05   6.0954538e-05
   3.0902929e-03   1.4837894e-10   2.0638444e-07   4.3345573e-07   1.2015896e-09   1.7529414e-04   5.0238372e-23   1.0524170e-04   3.3934009e-05   3.3194084e-04
   3.2227847e-03   1.0350549e-07   1.5600209e-13   2.3668852e-07   6.9062999e-14   5.9593757e-05   2.8412186e-26   1.4963659e-06   4.7998922e-05   5.0057026e-04
   3.0106507e-03   1.1282011e-06   2.7341400e-25   9.0389112e-07   2.1856073e-13   4.5737373e-04   7.0368041e-27   1.3864930e-06   1.9491210e-05   5.4749104e-04
   2.3377222e-03   1.3682458e-03   4.3417328e-22   1.7379825e-06   5.4125982e-07   6.5334192e-04   4.3475078e-27   1.2317580e-04   6.2285112e-05   6.1393647e-04
   2.5982690e-03   8.2046962e-06   1.7336545e-24   5.8877945e-07   6.3445881e-15   1.2473001e-03   5.1256186e-22   3.6706871e-15   4.4865417e-05   5.8311756e-04
   2.7017501e-03   7.2808129e-06   1.0385923e-23   2.0791244e-08   6.2960757e-18   1.2199197e-03   3.0492726e-30   5.5342429e-22   2.4166041e-05   4.3809009e-04
   2.8167263e-03   1.0104990e-05   6.4271665e-26   5.9573917e-10   7.5653876e-26   8.4849532e-04   2.5780585e-27   1.6604083e-22   3.2092023e-09   3.0208289e-04
   2.5043380e-03   1.3223047e-03   4.2913356e-24   2.7227373e-11   2.6941236e-23   8.2823149e-04   1.2422741e-21   9.5218093e-20   6.4858899e-08   4.3904911e-04
   2.5622537e-03   7.2929729e-04   9.7028992e-10   7.7751047e-12   3.6306357e-17   1.0230508e-03   1.2341952e-18   4.6253967e-21   4.0740181e-05   1.3944300e-04
   2.6306174e-03   7.3422108e-09   6.5392059e-05   2.2894962e-08   7.7300102e-14   4.9800286e-04   8.5485583e-18   4.3462255e-22   1.9911891e-05   1.4267519e-06
   2.6292913e-03   2.9341136e-05   1.9119235e-06   1.9465041e-07   3.4731939e-13   3.1367460e-04   5.8951377e-20   5.3587487e-24   8.0415561e-05   4.4379398e-07
   2.2212107e-03   1.3795170e-03   6.2740817e-19   1.8404154e-06   8.4512489e-18   2.8546612e-04   1.4432969e-16   7.1184256e-23   1.2982000e-04   8.5610427e-07
   2.6694867e-03   1.3042453e-03   7.8794381e-38   4.9957667e-09   1.0183326e-15   6.9500073e-09   1.0378622e-25   5.2166924e-32   2.0587567e-05   1.1792897e-14
   2.6491029e-03   3.5696010e-04   5.3142293e-34   3.0394463e-14   3.8758536e-24   4.4103249e-15   1.3982924e-27   4.8424995e-32   1.4583821e-05   2.7128227e-11
   2.2159365e-03   7.6675602e-04   2.6332586e-29   1.7428581e-13   1.1536094e-31   2.0171350e-13   1.7996897e-22   1.2195909e-22   5.2167390e-05   3.6068571e-05
   2.0294881e-03   7.9766943e-04   2.2380630e-32   1.9069202e-12   1.0477749e-21   1.0580054e-06   1.0355418e-21   9.1957425e-21   7.2201307e-05   1.0432927e-04
   1.8645870e-03   2.0049944e-03   5.4209544e-21   2.5030638e-12   7.9239966e-20   9.0026699e-05   3.6995013e-21   6.5633442e-21   1.1681840e-04   2.1079838e-04
   2.1726567e-03   1.8469977e-03   1.2692278e-17   4.6732313e-14   6.5521390e-30   2.8385374e-04   9.8429636e-24   1.2121292e-21   9.5067081e-05   3.7649245e-07
   2.5322066e-03   9.6301876e-06   1.0550870e-26   5.4726210e-13   1.0458787e-34   2.3749789e-04   1.5699509e-29   1.1414109e-24   9.2514199e-05   2.5384900e-10
   2.8377887e-03   2.1814124e-07   2.6975254e-35   2.3496640e-16   4.6587955e-39   4.2767547e-04   7.7441302e-33   1.7944963e-28   7.7193389e-05   2.0153750e-10
   2.6818011e-03   1.5482392e-04   1.6176671e-26   8.6720851e-13   3.0220127e-31   3.4259225e-04   4.8943838e-29   5.6611179e-30   4.6251116e-05   4.6569187e-09
   2.3429771e-03   1.5609502e-03   3.9726464e-20   5.1736631e-13   8.1034672e-28   4.3343033e-04   3.4370865e-24   7.6072118e-28   6.4645313e-05   1.0292326e-09
   2.3596322e-03   1.8924990e-03   9.8806732e-24   8.4419788e-17   8.0847177e-36   6.1689767e-04   3.6853684e-23   6.0504595e-30   7.2184048e-05   5.7249085e-16
   2.4660943e-03   1.9055983e-03   8.7237911e-32   1.0070624e-18   5.0585845e-31   3.8630984e-04   1.7701907e-24   2.6944840e-33   6.7890891e-05   2.4115450e-17
   2.2400187e-03   8.0155799e-04   2.2056115e-37   3.2987804e-16   4.3942404e-25   1.2416212e-06   2.6846967e-31   5.2221728e-34   1.0991024e-04   3.2684398e-12
   2.0914279e-03   3.3859491e-03   5.2776010e-42   5.9955666e-14   3.5809037e-30   1.1772959e-04   1.4917269e-33   2.4537688e-36   4.8435902e-05   8.4126183e-16
   1.8641417e-03   2.9505392e-03   4.4476822e-23   1.0867791e-10   4.1345055e-36   5.2062845e-05   7.6830213e-25   1.4115839e-33   5.4674036e-05   6.7585063e-15
   1.9865407e-03   2.0007747e-03   8.3168760e-12   3.0124176e-14   9.0396060e-42   9.3575356e-11   3.0850071e-22   1.7681113e-36   1.5115043e-04   8.6719263e-15
   2.1452887e-03   9.3621028e-04   7.6900176e-08   1.6331843e-14   2.2716743e-43   1.1850896e-19   9.5514253e-19   2.1152139e-39   1.2994439e-04   1.4477127e-09
   2.1937232e-03   1.7648212e-03   6.8979230e-05   5.8870140e-13   7.2057112e-53   1.0165223e-22   1.1967078e-21   9.5187558e-36   5.9967395e-05   7.7080923e-07
   2.0293342e-03   1.4505725e-03   1.9595408e-04   3.1375225e-14   9.8036659e-53   1.0668215e-22   7.3549827e-26   6.4904199e-33   5.8165254e-05   9.2404694e-15
   2.5307249e-03   3.2358064e-04   4.3606564e-08   1.9879467e-14   1.7250810e-66   5.5831907e-16   1.2547123e-31   2.1912748e-40   4.4297344e-05   2.9409343e-22
   2.0848619e-03   2.4459121e-03   7.7244062e-26   2.5026958e-12   1.2350020e-63   1.9052437e-14   6.7941322e-21   9.6324335e-38   7.4826692e-05   1.0779605e-21
   1.9481510e-03   2.9702012e-03   2.7339677e-39   1.8588584e-13   1.0149646e-63   1.9489078e-24   7.9039087e-22   4.9732687e-42   7.4772307e-05   1.9207717e-20
   2.1492276e-03   2.0756107e-03   1.3619221e-35   8.6667496e-12   6.9835969e-66   2.8537406e-35   7.4772509e-29   5.4786701e-48   8.3004938e-05   3.2597405e-21
   1.9105305e-03   3.7396419e-03   1.2845848e-34   2.5477298e-11   3.1563375e-61   2.2396656e-46   4.9873429e-21   9.5098786e-50   6.2595854e-05   7.1689818e-26
   1.7990069e-03   3.7805147e-03   2.5696725e-28   1.4100808e-11   7.3222327e-64   2.7838855e-43   5.6953366e-16   2.9943303e-45   5.0417320e-05   4.6257295e-23
   2.2795085e-03   2.9044669e-03   9.0096269e-23   7.7113430e-16   2.4230751e-59   9.0961188e-31   1.4425482e-23   1.8764813e-53   3.8581409e-05   4.8783311e-30
   2.1856011e-03   5.1968571e-03   8.0790720e-21   9.7574458e-17   8.5032315e-43   1.0589188e-12   1.2762917e-26   5.1344499e-51   2.8191129e-05   2.1291095e-36
   2.0079147e-03   4.4046275e-03   1.5364885e-24   5.6390664e-15   1.2052345e-41   2.4574691e-18   5.8128990e-18   9.7778325e-47   3.4959012e-05   4.0870975e-34
   1.9653313e-03   3.7561656e-03   2.4681160e-34   5.8786381e-13   4.1951076e-45   1.6510865e-24   2.2224983e-17   1.7649632e-53   3.3376141e-05   5.8038748e-30
   2.3217558e-03   1.1508630e-03   4.9388977e-39   4.3653231e-15   1.0702805e-57   1.5417450e-42   1.8976291e-29   6.0509723e-58   2.5313482e-05   6.5751053e-28
   2.2812394e-03   2.4673127e-03   2.4693185e-28   3.7890821e-13   3.3638073e-50   3.1564882e-45   9.9242045e-25   1.9392640e-54   8.9906106e-06   7.8613582e-37
   2.1703562e-03   2.5804247e-03   1.2990771e-30   2.7454394e-14   2.3896085e-49   1.8575592e-40   3.3536321e-23   4.2622297e-55   2.8438900e-05   7.5640977e-34
   2.0215566e-03   3.3131342e-03   1.4014816e-26   3.6466047e-24   1.3496725e-48   3.1786243e-48   3.3307914e-26   7.5747723e-42   5.1492958e-05   2.1668531e-30
   1.8592189e-03   5.2006789e-03   1.4329507e-39   8.5239009e-19   3.7327584e-44   3.9516931e-42   3.5510149e-22   7.9501432e-38   9.3806327e-05   3.2170073e-31
   1.9360213e-03   6.5532602e-03   2.0604732e-33   2.0505500e-20   1.0928058e-47   2.5416425e-25   9.9501627e-25   2.8898992e-40   7.1759789e-05   6.4907927e-35
   1.9474781e-03   5.5819542e-03   1.1596466e-32   1.0941021e-19   6.8466949e-61   1.1765074e-23   2.2428968e-27   4.1469486e-48   3.6162863e-05   9.3296140e-36
   1.4632914e-03   6.1841589e-03   8.8329607e-32   3.8321935e-19   4.5815691e-56   3.3201218e-34   5.2696991e-23   9.1149205e-44   7.4813783e-05   3.6990750e-25
   1.3375074e-03   7.6853061e-03   1.0742011e-29   6.7852303e-17   1.0583620e-34   3.2655201e-37   3.9340120e-19   7.6305344e-42   6.9496909e-05   1.4528414e-22
   1.4838127e-03   8.4555032e-03   1.8304681e-28   1.8783363e-16   4.6954967e-32   5.3400646e-36   9.8988194e-20   2.1344276e-39   1.0384995e-04   9.7488302e-27
   1.5136137e-03   6.0573353e-03   1.1262353e-24   4.9163958e-15   4.8713525e-34   3.4271172e-09   1.5752017e-19   3.6234325e-38   1.0926475e-04   5.7681854e-30
   1.4183137e-03   7.9357688e-03   1.9850920e-25   1.6722833e-12   1.5282733e-31   1.2011268e-04   1.1407019e-18   7.6376031e-29   7.3172039e-05   4.9352682e-31
   1.5095133e-03   7.0867731e-03   3.3832872e-40   7.2068336e-16   4.6497336e-18   1.0885966e-04   8.7873803e-22   5.6193479e-36   7.0209464e-05   4.9105651e-38
   1.5229821e-03   8.5187921e-03   1.5216958e-45   1.4134446e-14   3.2540968e-19   3.9436259e-22   8.6049123e-19   2.4630899e-30   9.7647359e-05   4.3761789e-33
   1.4727190e-03   1.0178905e-02   2.7577586e-39   1.8742691e-13   1.5230153e-30   9.6080619e-41   1.2921539e-17   1.8038040e-28   4.8590019e-05   1.0040007e-28
   1.6243181e-03   1.0530649e-02   9.2409754e-38   2.4624188e-14   1.7970631e-40   2.0162121e-36   5.4059344e-24   9.6151133e-30   5.9857805e-05   3.9319269e-29
   1.6607080e-03   8.0296081e-03   1.5760075e-37   7.4560833e-14   1.0184913e-38   2.2531417e-20   1.2952884e-21   1.5264482e-32   5.1900217e-05   2.9002787e-28
   1.8008762e-03   6.3833041e-03   9.2234760e-50   2.0295148e-15   6.1362222e-39   2.0560049e-31   3.0436780e-23   1.6527457e-35   9.2354290e-05   8.6385621e-32
   1.9241202e-03   6.9302394e-03   1.9295359e-57   4.0396352e-16   1.2832992e-36   4.3612476e-41   1.5857004e-23   7.1542444e-25   1.2235576e-04   4.1890016e-34
   1.8041609e-03   7.8842710e-03   1.0186074e-56   5.5725563e-17   1.3884873e-36   1.3923755e-35   1.8065487e-20   2.1996551e-18   9.5993950e-05   3.9890843e-30
   1.6555364e-03   1.0613050e-02   1.1391202e-56   5.8119277e-13   7.0167323e-37   3.8660796e-34   6.2398475e-18   5.1567614e-20   5.8578933e-05   1.2709707e-29
   1.7425806e-03   1.4419726e-02   3.2920414e-58   7.5131428e-15   1.4837733e-47   3.0052045e-44   1.1183819e-24   2.9565118e-28   7.2737915e-11   6.0269133e-28
   1.8614719e-03   1.1301201e-02   1.2368606e-57   3.3270416e-16   2.7503836e-55   1.5311266e-69   4.5901214e-28   1.2578345e-38   7.7433773e-13   3.0400848e-28
   1.9521134e-03   1.2060485e-02   2.2167036e-43   4.6993498e-18   2.2106720e-46   6.7660019e-74   2.6706354e-16   6.3718609e-46   2.5026212e-05   6.5056888e-31
   1.7531895e-03   1.1017893e-02   1.8145223e-25   6.1195112e-23   4.6275253e-46   6.6984124e-43   2.0723267e-15   3.3906430e-49   4.9024579e-05   2.3710397e-32
   1.6760631e-03   9.9725227e-03   3.0123549e-25   2.9731416e-21   8.4392453e-55   1.9785602e-30   5.0688063e-16   1.0269381e-35   2.2799468e-05   3.3384323e-31
   1.5679029e-03   1.3072968e-02   6.5195007e-19   2.4613847e-16   7.9109983e-41   4.8065632e-29   2.0129802e-16   1.8466556e-25   2.9700301e-05   6.1772052e-34
   1.8269905e-03   1.2456712e-02   5.9221305e-18   8.2071578e-19   1.5121838e-43   3.4672711e-53   7.7607051e-21   1.5235283e-44   1.9747054e-05   4.3247808e-30
   2.0622208e-03   1.2162424e-02   1.3677045e-23   8.5092204e-25   5.3864989e-44   2.5535161e-70   2.2344758e-12   1.2609616e-37   2.2141779e-09   3.9467150e-34
   1.8566779e-03   1.1744826e-02   2.7352193e-12   3.5222779e-21   1.0639615e-51   9.0166911e-63   1.6976267e-12   2.6757559e-28   1.3893112e-11   8.3720853e-28
   2.0821696e-03   1.6449839e-02   6.7600998e-14   1.7773859e-21   1.8271786e-65   9.8987989e-76   3.1666969e-22   1.0401035e-40   1.1601138e-19   3.5241547e-33
   1.6812495e-03   2.1670460e-02   2.0557226e-13   8.0176496e-17   1.0033386e-59   8.6931753e-74   6.3430699e-21   6.0841403e-37   4.6201562e-16   4.2753005e-29
   1.7684769e-03   1.7007804e-02   1.6713042e-23   5.0050883e-17   5.5478779e-56   2.6992621e-69   1.9939175e-17   8.6007834e-37   4.9537358e-17   3.1704316e-32
   1.8147437e-03   1.1995916e-02   3.0888367e-47   2.0968011e-17   8.5137719e-50   2.6896640e-67   2.1315696e-19   1.2980449e-39   8.1923809e-15   1.1786228e-34
   1.6808055e-03   2.1372101e-02   9.4732544e-35   7.9215917e-15   1.6521814e-53   9.9600913e-84   2.6007462e-21   1.3569787e-40   8.3163878e-18   1.5174098e-27
   1.7790902e-03   2.0726958e-02   4.3135206e-31   1.2686592e-16   1.5306464e-74   1.1670987e-79   1.3755403e-18   2.6671926e-41   9.9718248e-21   6.7683359e-34
   1.9706686e-03   2.1309627e-02   4.4135577e-25   1.3923552e-16   8.3470385e-78   1.6202198e-82   5.7004214e-22   3.0135268e-45   3.3780335e-36   1.5480648e-32
   2.0482823e-03   1.3105266e-02   1.8170466e-30   4.3421797e-18   1.9207992e-69   1.2305033e-80   2.2303911e-39   6.8772664e-47   1.4812706e-45   5.7756856e-26
   1.8134260e-03   9.5784730e-03   1.1486179e-29   2.1798548e-13   2.7766673e-56   3.2989695e-66   2.8922331e-22   1.4681105e-48   1.7489853e-27   4.1905812e-28
   1.8742414e-03   8.4657939e-03   1.3019994e-29   4.7126594e-12   2.1218105e-60   2.9623642e-60   3.0750575e-18   6.6254302e-42   5.0509511e-21   6.4713460e-30
   1.8964967e-03   6.5883211e-03   1.1414210e-28   9.5326546e-13   6.3343777e-70   1.2438316e-61   1.1425762e-22   8.9348740e-40   1.7065434e-29   2.0750676e-22
   1.8490355e-03   4.4002331e-03   1.5501628e-29   2.3955368e-11   3.7181651e-63   3.5083841e-75   2.0833332e-16   3.1779480e-49   1.8525074e-23   1.0008478e-29
   1.7238366e-03   4.9031745e-03   4.1359378e-29   3.6491520e-09   4.8776192e-53   4.1058297e-67   1.8717972e-20   9.8602826e-49   5.4632458e-22   7.1525182e-33
   1.7870444e-03   4.1897627e-03   8.2453392e-29   5.4060332e-12   7.5858161e-46   7.0573249e-68   6.1883940e-23   3.3904669e-41   4.8499135e-36   1.8703732e-26
   1.8207499e-03   3.4300862e-03   2.0781664e-22   4.2922225e-13   9.0504268e-54   3.6196373e-82   4.4531180e-22   5.5253924e-45   1.9058274e-42   1.9802404e-27
   1.6775298e-03   3.2228171e-03   1.6612128e-23   2.3417063e-09   1.5800700e-51   5.0063306e-74   8.4989458e-20   3.0248252e-36   3.4257092e-30   2.6578369e-27
   1.6949319e-03   2.3273572e-03   3.1001343e-23   2.5086889e-09   2.2925735e-53   7.5520089e-58   4.3963431e-23   1.2514222e-22   1.3576169e-30   6.4387569e-25
   1.9798935e-03   1.2884242e-03   2.0641433e-19   4.6815766e-11   4.7745829e-47   1.1684512e-61   3.5191762e-28   9.0490644e-29   1.9427529e-29   3.4803755e-29
   2.0625315e-03   2.5862193e-03   1.5328398e-27   5.1622483e-12   2.1891239e-44   3.9042081e-63   4.5012081e-30   2.7063432e-10   6.3788247e-35   8.3311583e-29
   1.8569563e-03   2.5658126e-03   1.2260832e-15   5.1605398e-11   2.7519667e-54   6.6771744e-62   1.1933583e-25   3.4003374e-05   3.7556145e-31   2.7603336e-22
   2.1792729e-03   1.1912865e-03   2.6485750e-08   3.5136895e-10   8.9751505e-43   2.2987812e-55   1.5290318e-25   2.0108669e-18   5.0611015e-23   4.6055182e-22
   2.3042546e-03   1.8133049e-03   1.2571991e-11   2.0191075e-12   1.0370309e-41   4.1906600e-59   1.1893270e-26   7.8742832e-34   4.2104884e-24   1.8657459e-33
   2.0012757e-03   1.1660078e-03   1.0710838e-26   2.8519088e-12   3.9197346e-50   2.1848038e-65   4.5507908e-31   2.3107105e-41   2.5312091e-24   1.3793602e-26
   2.3240768e-03   2.1747322e-03   4.9328442e-37   8.2181396e-15   2.5092631e-46   1.8945628e-48   3.3774599e-37   2.6368512e-35   3.0234089e-30   1.0434494e-28
   2.0134513e-03   4.7546643e-03   6.6971816e-25   6.9195917e-13   2.1041499e-51   3.5057680e-37   1.0162903e-23   8.6376216e-32   1.3894555e-24   6.8471039e-34
   2.1132296e-03   2.8860360e-03   1.6024685e-24   1.9184416e-13   9.5267024e-54   2.7943893e-43   5.2832221e-19   3.8642784e-39   9.4526623e-14   6.1588646e-34
   2.2507873e-03   3.1451724e-03   8.4539964e-23   1.2228831e-13   6.3792564e-55   7.4403523e-66   3.9673389e-27   2.5201355e-48   7.0740305e-17   3.3210062e-36
   2.1942663e-03   3.8181937e-03   9.1677306e-29   2.6802196e-15   1.8335329e-40   1.5200100e-63   2.5190398e-39   3.5301826e-48   4.0945207e-31   4.7724819e-31
   1.7249395e-03   4.9347634e-03   1.0841433e-22   2.0506619e-11   9.6858025e-28   3.4998485e-36   2.8878554e-16   2.8892458e-34   1.5698610e-06   1.3555562e-26
   1.7300694e-03   3.3393771e-03   6.5831827e-17   6.5636104e-14   5.7996161e-42   8.9326861e-53   1.1526680e-09   1.5901730e-32   1.5900966e-09   3.3337778e-25
   2.1694950e-03   3.2716056e-03   1.7452039e-21   3.1868728e-14   8.7940856e-38   5.5041582e-39   4.4694365e-21   2.0783164e-34   9.9259621e-11   3.9221225e-36
   2.0862300e-03   4.3914407e-03   4.9689385e-06   2.2041905e-15   1.4981787e-39   3.7288026e-36   9.1945572e-18   3.2835741e-26   2.2135445e-05   2.2726070e-32
   2.2035434e-03   3.1777190e-03   6.1712287e-13   2.4888865e-15   5.6361609e-38   1.7469207e-48   8.6095321e-30   5.8602453e-31   5.2671411e-20   2.4766418e-33
   2.1446921e-03   5.1843317e-03   1.2822439e-15   2.0812832e-12   9.1798697e-29   2.0600648e-46   6.7038455e-28   1.2637760e-29   4.8906077e-06   1.9109468e-32
   2.2542756e-03   7.1655147e-03   1.8416020e-14   5.8769785e-16   1.1520158e-38   1.5230564e-54   2.4068605e-21   6.4577620e-40   4.3826068e-12   2.9716958e-33
   2.2022357e-03   8.1393361e-03   1.5655700e-05   1.2036457e-19   3.3100806e-30   2.1711180e-39   3.6606153e-22   6.1379641e-32   9.8861998e-17   2.3397675e-35
   1.7241366e-03   8.3328896e-03   3.1539403e-04   1.0097937e-17   2.4835745e-20   6.4870376e-26   3.8610332e-16   1.0560535e-30   1.5789987e-11   2.9256231e-25
   1.5242665e-03   7.2730638e-03   2.3753166e-04   3.1829418e-13   8.0233273e-22   6.3861526e-13   4.7230005e-17   5.5521032e-24   3.3731363e-05   8.4381144e-22
   1.8427826e-03   3.8337747e-03   7.2273667e-05   9.6113780e-16   4.1994800e-39   5.3143743e-06   1.0504092e-21   1.8027107e-31   4.5679128e-05   2.0324914e-25
   2.0420651e-03   5.2152577e-03   3.6487770e-12   7.8236865e-16   1.5726535e-40   1.7471159e-05   2.3040928e-16   2.0491985e-38   4.4978886e-05   1.7877343e-25
   1.9492133e-03   3.6298883e-03   9.2593657e-19   8.9814479e-18   8.8120484e-37   1.7384856e-17   6.2220307e-20   3.9567376e-41   4.0419469e-05   1.1986936e-25
   1.7651732e-03   4.3183536e-03   2.4415923e-15   3.5409311e-12   3.4544642e-56   1.6871486e-32   2.2113281e-15   3.3510118e-36   2.2606755e-05   7.4389956e-23
   1.6334429e-03   2.6485237e-03   2.4678009e-11   8.7786536e-13   3.0100240e-30   1.1285760e-29   9.6852272e-15   4.1640084e-27   6.6505626e-05   7.9483563e-26
   1.5523716e-03   5.6782938e-03   3.0113010e-16   3.4799170e-16   3.2756870e-23   5.6976490e-32   4.1059062e-12   2.6106454e-28   6.8170056e-05   1.5314163e-25
   1.6346344e-03   7.4236429e-03   3.7375564e-29   3.2381804e-19   8.7715227e-39   9.5041661e-26   2.6078513e-12   8.9089818e-19   9.4562586e-05   1.8311974e-22
   1.7345504e-03   8.3396796e-03   9.3659486e-22   1.5462707e-21   6.3207376e-39   1.2110728e-12   2.8787218e-14   2.1433940e-15   9.9292700e-05   7.3010553e-23
   1.4651494e-03   6.5715740e-03   1.1693523e-22   7.9625432e-21   3.8387253e-37   1.9458730e-15   4.5262559e-13   5.0198240e-21   1.5168767e-04   1.5220014e-23
   1.2839316e-03   7.7454651e-03   5.6845681e-17   5.7497272e-13   1.1813218e-38   3.1464307e-13   2.5865089e-10   4.3327395e-13   1.6207922e-04   1.0802564e-17
   1.3495098e-03   5.5751270e-03   3.3440417e-19   1.1364018e-10   6.4343704e-26   3.2782530e-18   6.8388776e-13   2.5345808e-13   1.0153932e-04   1.1782929e-16
   1.5874110e-03   6.5340508e-03   1.0584255e-09   4.3874445e-14   1.8566686e-19   2.3152665e-05   4.5002806e-13   1.6047142e-16   5.2637120e-05   1.2798177e-16
   1.7572823e-03   8.4535817e-03   7.3254460e-07   1.0813450e-14   2.6411359e-28   1.5861828e-05   1.5126247e-13   1.2745818e-22   3.2544291e-05   1.4480791e-20
   1.6173402e-03   8.6266150e-03   3.4424612e-17   3.8142153e-15   1.6050952e-26   6.5452466e-08   7.0930157e-20   5.5315937e-27   7.2477263e-05   1.5481407e-19
   1.2321205e-03   7.3817476e-03   1.1344143e-06   5.4755157e-13   2.7856818e-15   1.7224747e-04   1.3309220e-18   2.1535498e-20   2.1493968e-04   1.2379913e-18
   1.1450594e-03   6.7848483e-03   9.4743789e-06   1.7021148e-13   1.4350495e-24   3.0649337e-04   7.8761152e-19   3.9456302e-24   1.8586943e-04   5.1601267e-25
   1.0366947e-03   1.0214821e-02   2.4990167e-05   1.6927032e-14   1.2552610e-35   2.5372569e-04   4.4264302e-13   3.1943608e-17   1.7099396e-04   1.9703261e-24
   1.1360975e-03   1.1629936e-02   2.9141347e-05   1.3735621e-15   1.4955205e-26   7.7896990e-07   3.2915415e-12   4.5625047e-10   1.3473303e-04   3.8409330e-18
   1.3196988e-03   8.6959936e-03   5.3933337e-06   1.8492277e-14   6.2593084e-18   7.3215538e-05   3.9099844e-13   3.4692669e-12   1.2740789e-04   2.7759551e-21
   1.1039472e-03   1.0526992e-02   2.5257880e-04   1.2378047e-15   6.2850023e-08   1.2992378e-04   2.3133872e-20   1.6176818e-10   2.1536876e-04   1.1548015e-24
   1.1792709e-03   9.0933885e-03   2.4558700e-04   1.9307232e-15   2.4283966e-08   7.4833190e-09   1.5426903e-20   6.8511815e-18   1.8516370e-04   7.3258589e-24
   1.2488347e-03   7.2962215e-03   2.2009387e-04   2.3134543e-21   1.6136595e-26   2.6666105e-12   3.8284171e-20   1.0040341e-17   2.3398016e-04   9.5879667e-26
   1.0685010e-03   4.9622111e-03   2.4555630e-04   3.0675300e-26   3.1725851e-34   7.2046604e-05   7.7570949e-24   9.2304329e-13   2.8109366e-04   6.1813437e-26
   9.3008420e-04   7.5247078e-03   2.9525639e-04   9.9317296e-19   5.2533028e-27   1.5500791e-04   2.4345545e-18   1.4474387e-11   2.8547538e-04   4.5646920e-22
   7.7270311e-04   9.0164346e-03   1.5544429e-04   2.1048850e-09   1.6975633e-18   2.9558945e-04   2.7555501e-10   1.2442731e-06   2.2903773e-04   1.2523335e-17
   9.3726309e-04   4.8598365e-03   4.0052743e-05   4.4650146e-11   9.1149043e-18   2.8201521e-04   1.2012486e-16   1.2186275e-05   1.5700311e-04   2.1070780e-13
   9.4945229e-04   7.6269304e-03   1.2700937e-09   1.4802165e-12   2.0585788e-12   4.9749085e-04   2.8883091e-16   2.0006218e-10   1.6189135e-04   2.1522331e-20
   7.0240882e-04   1.0541437e-02   2.1954727e-07   2.2037184e-13   2.0784830e-11   5.2719595e-04   5.1762379e-14   1.0361922e-13   2.4418380e-04   9.1837150e-20
   6.4344900e-04   8.5043542e-03   1.1669414e-08   8.2965080e-12   5.7655926e-26   5.2008582e-04   8.2655549e-15   9.7651868e-16   2.4088012e-04   1.1616319e-21
   7.1335687e-04   7.4038633e-03   5.1340054e-05   5.1133399e-10   2.4912664e-14   4.1512120e-04   7.2545977e-14   2.9867534e-21   2.1957162e-04   6.1082958e-19
   8.3246165e-04   9.5660812e-03   1.0973251e-04   1.3005651e-08   5.3384197e-09   3.4010809e-04   5.6149607e-19   1.4900489e-27   2.2439218e-04   5.2492621e-19
   8.0332356e-04   9.9971574e-03   1.7343490e-04   7.3264785e-09   8.0428560e-20   2.3533114e-04   2.7684546e-17   2.0613404e-21   2.6456112e-04   9.7563663e-20
   7.9324075e-04   9.8449713e-03   1.5950583e-04   3.0483685e-08   2.4410021e-16   1.4239580e-04   9.9288504e-17   6.9811232e-16   2.1275441e-04   5.0180970e-16
   6.8616430e-04   9.1776961e-03   1.2757297e-04   1.7782538e-11   1.5811402e-08   1.2997822e-04   2.3373313e-19   4.9746001e-12   1.7300357e-04   5.4110555e-17
   6.5751520e-04   6.6069722e-03   2.4947500e-05   9.7028663e-11   3.9175479e-07   5.2962742e-05   2.5264374e-11   4.8081122e-16   1.8452278e-04   1.0447367e-19
   7.8604211e-04   5.3946052e-03   7.8172552e-05   3.5418315e-11   4.8205590e-05   6.3367615e-05   3.0952147e-13   1.0269294e-19   1.8396385e-04   6.6477891e-22
   6.2765942e-04   7.4725255e-03   3.6886189e-05   1.4894617e-10   1.0033271e-07   4.2674838e-05   2.1117003e-20   2.1785299e-18   3.0192464e-04   1.9028828e-20
   5.9683416e-04   5.8292941e-03   9.6620473e-12   2.9672457e-09   2.7133326e-14   5.5010192e-05   6.7485513e-20   1.9857224e-20   2.5716802e-04   2.8919074e-16
   5.3654791e-04   3.6725989e-03   1.8438977e-04   8.1047623e-14   6.2244235e-06   1.5463830e-04   2.3918606e-14   5.2245008e-16   1.4206984e-04   3.0672824e-12
   5.3909172e-04   6.7799844e-03   2.0609187e-04   6.6120226e-13   3.4834198e-05   2.1595675e-04   1.2500208e-12   2.8430715e-19   1.5884128e-04   1.8070877e-15
   5.3701245e-04   7.3861869e-03   1.9562821e-04   6.4756838e-12   9.9571598e-07   3.2207064e-04   2.3350736e-12   7.4370269e-15   1.3612981e-04   2.7852897e-14
   5.2739113e-04   5.4950676e-03   1.1657455e-04   2.5435252e-10   3.5117632e-14   3.9473519e-04   1.0023425e-19   4.8666017e-16   1.1982197e-04   1.5411625e-13
   4.5249730e-04   5.3299456e-03   5.2973447e-05   7.6737570e-08   6.6118025e-05   3.3304317e-04   1.6871983e-15   1.0214522e-13   1.3651557e-04   7.2261372e-09
   5.3946590e-04   4.7079457e-03   9.0325297e-05   5.4338455e-10   2.0513596e-12   4.3429348e-04   3.3030618e-10   1.2700511e-20   8.0108002e-05   9.0936419e-05
   5.2121995e-04   3.7167318e-03   6.1510728e-05   5.2732233e-15   8.5339833e-06   4.6045396e-04   8.9817087e-16   2.8489033e-25   9.8875830e-05   6.3081117e-11
   4.5075032e-04   3.6859574e-03   1.3490877e-04   5.7865056e-14   2.2335872e-06   3.7502506e-04   2.2966752e-18   4.6254799e-18   1.5059245e-04   4.1000379e-09
   4.5037030e-04   4.7542827e-03   2.3694449e-04   2.9419475e-14   1.4210022e-10   2.9889291e-04   5.7550174e-16   4.7408293e-16   1.2085574e-04   4.9750742e-15
   4.4985324e-04   4.3425474e-03   2.2533378e-04   8.3012231e-10   3.7549090e-07   3.1845755e-04   4.9770871e-20   1.0349416e-17   8.7901850e-05   6.1281342e-05
   4.2308070e-04   4.2899882e-03   1.3874364e-04   3.1320152e-10   3.1546471e-06   1.0892390e-04   7.7817602e-22   4.0101435e-23   8.6093842e-05   3.8515136e-05
   4.2550108e-04   4.1971707e-03   8.9071524e-05   4.7247095e-09   1.0149535e-04   2.7666305e-04   4.8920286e-20   4.9909960e-23   7.2805386e-05   5.1086113e-11
   3.7793999e-04   3.0970886e-03   1.4621079e-04   7.2062858e-11   6.9283170e-05   1.8139139e-04   5.3300785e-15   8.0935438e-20   9.9937466e-05   6.0417815e-07
   4.3079897e-04   2.3662451e-03   1.8673274e-04   6.7931615e-15   6.1769766e-05   1.7227271e-05   1.2958758e-18   1.3384088e-19   9.3257059e-05   1.2170617e-06
   4.5283894e-04   1.8773730e-03   2.5345691e-04   2.0555194e-14   5.5680666e-05   1.7981528e-05   2.8968871e-23   1.0657847e-29   8.1206734e-05   1.1224891e-10
   3.5088998e-04   3.4514740e-03   2.4881624e-04   6.5169719e-11   4.9384642e-05   2.3155279e-05   2.3281885e-18   3.9053542e-18   6.3747872e-05   7.7721115e-05
   3.8379719e-04   4.1282698e-03   2.4582188e-04   1.9087724e-14   1.1594924e-07   8.7361509e-05   2.2503132e-18   2.0645185e-16   8.7679996e-05   5.9411128e-06
   4.4686648e-04   3.7966032e-03   2.0318923e-04   4.7655861e-25   6.8837821e-15   1.9396381e-04   8.2742992e-24   3.8489374e-19   9.4229228e-05   4.1229794e-12
   4.2384910e-04   4.0128917e-03   5.8034116e-05   2.5055831e-22   1.1810219e-16   2.0935318e-04   9.1945473e-20   2.7756260e-18   7.1874628e-05   4.5266205e-05
   3.6217662e-04   2.8364332e-03   2.6012339e-05   1.2033206e-18   1.1188223e-05   1.5350615e-04   1.4426165e-17   1.6372073e-17   7.8576752e-05   2.7034890e-08
   3.7011208e-04   2.5756308e-03   4.6777060e-05   1.5509195e-22   1.6972594e-06   2.1418477e-04   4.3564975e-20   8.1665797e-25   8.1830353e-05   3.7219916e-09
   3.8617165e-04   2.1904683e-03   1.3433731e-04   2.3290445e-22   2.4116168e-20   3.1666222e-04   1.0966220e-18   4.5814666e-24   6.2374247e-05   8.4677305e-05
   3.6648611e-04   8.3075124e-04   1.6822268e-04   5.1757646e-28   5.5917769e-09   2.8112878e-04   6.4050565e-19   5.6243292e-24   5.7709239e-05   7.1851382e-05
