   1.2601462e-02   3.6957012e-02   1.4529847e-03   6.1052222e-03   1.2293813e-03   3.1060757e-03   3.4394425e-03   2.5701859e-06   1.0806022e-03   6.7743837e-10
   1.3243418e-02   4.9027965e-02   8.9698128e-04   7.5814815e-03   1.6945510e-03   3.2645653e-06   1.6589584e-03   1.7521348e-03   1.5407462e-03   7.7882646e-09
   1.0202540e-02   5.3096281e-02   1.3231111e-03   5.3390099e-03   1.6353708e-03   1.1646701e-03   1.0178440e-11   5.9017032e-04   1.5870242e-03   2.8112238e-25
   2.7471627e-03   4.3720268e-02   1.1241033e-03   2.1733984e-03   9.2890882e-04   5.8286710e-05   2.1349721e-19   7.8836638e-04   1.1813745e-03   9.2912668e-14
   3.6069571e-03   3.8812878e-02   1.8929993e-03   1.2735705e-03   4.9437089e-04   1.0855795e-16   9.2465067e-78   1.4815973e-03   5.7292531e-04   4.3163683e-40
   3.9673029e-03   3.7572968e-02   8.4318458e-04   1.6445641e-03   1.8392823e-04   9.1998665e-16   1.9834175e-44   1.6348670e-03   7.7046574e-04   1.2555103e-28
   1.3772536e-02   2.7226043e-02   2.8819036e-03   1.0519553e-03   5.8162982e-04   1.5217851e-14   2.3648662e-80   2.3259163e-04   8.6034150e-04   3.3640534e-11
   6.4535844e-02   1.3127932e-02   1.0716737e-03   4.5164789e-04   9.3197481e-04   5.3085219e-22   2.4599027e-65   2.3321827e-07   1.2002117e-03   1.3703414e-04
   1.5307695e-01   1.1452842e-02   1.5926357e-02   4.2826086e-04   1.9465214e-04   1.4348456e-11   3.5712594e-38   1.7084417e-13   3.1925886e-03   1.0111782e-02
   9.0706804e-02   2.0352447e-03   1.0262043e-01   2.7035258e-03   9.1011053e-14   7.1639635e-03   3.1079857e-16   3.4572699e-19   8.5878358e-03   1.9036291e-02
   2.1710464e-07   5.0211851e-06   1.1067049e-01   6.1251444e-02   1.1560757e-11   5.2871171e-02   2.0539849e-48   7.9901202e-24   1.0176161e-02   4.6403349e-03
   1.4963917e-27   4.0177707e-11   1.5232096e-02   1.7138268e-01   2.6019937e-14   3.1791851e-04   7.2345269e-11   6.7375054e-03   1.0266265e-02   1.9272047e-07
   1.0634676e-24   3.0675245e-10   2.7322586e-18   8.4324461e-02   3.4043911e-08   2.2065205e-20   2.8190869e-01   2.5026792e-02   5.1672361e-03   5.3786629e-12
   3.8744743e-24   2.8373731e-07   1.3832965e-14   1.6530848e-02   6.6336382e-10   1.1130699e-14   1.5932758e-01   1.7243320e-01   2.7544995e-03   4.6243266e-56
   7.7166071e-03   1.5184289e-05   2.2629427e-03   1.9486109e-03   1.2890041e-05   5.0795169e-11   6.7829879e-38   1.8280575e-01   1.1620003e-03   5.9395739e-18
   5.6869083e-02   4.3383801e-03   1.2542371e-03   1.1874557e-03   4.3938653e-05   1.0487591e-05   3.1301270e-48   8.4165184e-02   4.7300748e-04   1.8648475e-05
   1.7760714e-01   1.1861726e-03   3.3860547e-03   6.0885955e-04   4.3308965e-06   1.3118788e-06   5.2224588e-46   2.8192368e-02   1.2578044e-03   5.8565372e-25
   2.2337259e-01   7.6533704e-06   7.1266793e-03   1.3017373e-03   1.1965620e-10   1.1343848e-19   4.6487972e-36   1.2519223e-02   2.9725282e-03   1.0381300e-13
   7.0743251e-02   4.6771903e-07   8.4889292e-02   2.3315509e-04   8.2245696e-22   1.1352332e-22   3.8804787e-17   6.4231940e-03   7.3802523e-03   2.8774930e-02
   3.5842134e-05   7.2672506e-10   1.4489905e-01   3.9877555e-05   8.5037083e-28   1.2545311e-13   1.3205725e-06   1.2561098e-03   9.2525331e-03   4.7789311e-02
   7.0607937e-14   3.9699619e-09   1.0563805e-01   1.0411886e-02   9.9137085e-19   3.8585918e-02   4.2033713e-44   5.6335201e-04   6.7918388e-03   8.3532830e-11
   2.0378345e-06   7.2514871e-13   2.0834562e-02   6.0660751e-02   8.1677074e-23   5.8188744e-02   1.4661494e-67   4.4490242e-07   5.5484274e-03   3.3542645e-62
   3.9637095e-13   2.8131289e-23   7.1638165e-11   1.0005973e-01   1.5501531e-30   9.4152961e-12   9.1247742e-46   2.1832604e-12   5.0828953e-03   1.1138808e-59
   2.2304832e-04   4.2047273e-16   5.7193634e-21   8.6333285e-02   3.1626786e-21   1.0165882e-23   5.4798543e-03   2.8635838e-16   3.4033779e-03   6.2446175e-22
   1.1978767e-02   3.4425840e-03   1.7608833e-13   3.5971568e-02   3.8868082e-11   4.6406273e-18   1.0792135e-01   8.9336489e-06   2.6784349e-03   1.5941602e-46
   2.3182819e-02   5.2970764e-03   2.6141772e-03   1.3819876e-02   6.3473198e-10   1.3327728e-15   1.1650173e-01   1.6470418e-02   2.3919140e-03   5.5140808e-22
   1.3329652e-02   3.8421324e-04   6.4493765e-03   4.4125633e-03   6.1815627e-05   1.5801065e-17   1.0998230e-08   7.7690816e-02   2.3477211e-03   1.1385713e-26
   2.1880555e-12   9.9520505e-04   1.7255260e-02   1.8007228e-03   7.6305258e-05   1.1640070e-04   1.2330815e-22   7.2574102e-02   2.8186805e-03   1.5141421e-07
   1.6358311e-30   1.5664705e-03   3.3262795e-02   1.6268373e-03   8.5854553e-05   2.2846003e-03   8.6576717e-45   5.9603470e-02   2.8654628e-03   6.2343408e-03
   1.8666977e-23   2.3450596e-03   4.4799103e-02   1.1221387e-03   5.4882447e-05   1.1873675e-02   1.7024027e-45   3.6108910e-02   2.0351671e-03   1.0938656e-17
   1.3424341e-08   6.9608678e-03   3.5145885e-02   1.2247478e-03   1.0452758e-04   2.5888397e-02   1.5265164e-66   1.7332900e-02   1.7480133e-03   1.2579916e-58
   4.1559524e-03   8.7973554e-03   6.7983954e-03   1.0283058e-02   5.3028647e-05   5.3433472e-02   2.5351790e-80   1.0032633e-02   2.1163041e-03   9.7942890e-59
   6.8989040e-03   3.6462809e-03   3.3742676e-04   1.6742198e-02   9.2549306e-06   5.2070154e-02  9.9152156e-109   5.0167371e-03   3.6026338e-03   2.8760045e-37
   3.8416657e-03   6.7271192e-04   1.5739190e-03   3.4021589e-02   6.6296714e-05   1.0598757e-02   5.4448061e-64   1.4056770e-03   4.4006337e-03   1.8113130e-35
   6.0035559e-06   2.6819964e-03   6.1288629e-05   3.2626796e-02   9.3287654e-05   6.8384000e-03   6.9306287e-22   7.2435085e-04   4.9897672e-03   1.2401099e-21
   3.5391573e-29   7.9800474e-03   5.8956287e-03   1.5253800e-02   7.6386284e-08   4.7144857e-03   3.6605699e-02   7.6755341e-11   4.7122049e-03   7.9162284e-31
   1.1843177e-43   1.1965695e-02   1.4263969e-02   2.5052329e-03   2.7889664e-09   9.0797549e-03   5.6697589e-02   1.7426392e-13   4.4152665e-03   3.4806985e-21
   4.4340665e-52   9.6320876e-03   1.9446862e-02   1.0047782e-04   9.0215614e-07   9.9250083e-03   4.6991490e-02   2.7196559e-05   4.6501441e-03   1.5669553e-02
   5.2684480e-40   3.7895644e-03   2.9973387e-02   2.8167872e-05   1.5530315e-04   1.0447362e-02   3.0106345e-02   4.0029410e-03   4.4982227e-03   1.3307819e-02
   6.2661241e-25   6.0581434e-04   3.1097213e-02   1.3051107e-05   1.7775228e-04   1.2690041e-02   5.1153562e-03   1.5042799e-02   3.3701752e-03   5.5203497e-25
   3.4439487e-14   2.4419740e-03   1.7372003e-02   1.7906518e-05   1.4347981e-04   2.3476452e-02   1.0656328e-21   1.3796218e-02   2.9611389e-03   4.2302611e-48
   8.9106221e-06   1.0781469e-04   6.4188438e-03   1.4458209e-04   1.5662827e-04   6.1607139e-02   9.9704707e-55   1.1273843e-02   3.7393253e-03   1.6742233e-33
   1.0474471e-16   1.2616994e-09   2.2810693e-10   4.1040413e-04   1.4324492e-04   9.4833181e-02   9.3614499e-93   8.1852360e-03   5.7146782e-03   3.9056880e-43
   9.7577398e-30   1.8354449e-14   8.0158463e-21   1.5930116e-03   2.4932732e-06   8.2552153e-02   1.1557519e-99   3.0645196e-03   7.6147017e-03   2.8841368e-52
   8.9604285e-55   3.9954180e-09   6.6374528e-22   3.8232114e-03   3.2580484e-07   4.8956338e-02  7.5706528e-116   1.1128434e-04   8.4778556e-03   2.9353009e-36
   2.1148800e-54   3.0990413e-17   9.4545251e-14   3.4777714e-03   2.8561732e-06   2.4949640e-02   9.0558786e-69   9.4395072e-21   9.9915478e-03   2.9290780e-06
   3.0871272e-41   6.4102093e-11   2.1022807e-04   9.4181319e-04   6.6225329e-13   3.2672750e-03   2.8415451e-36   2.1908665e-27   1.1737089e-02   3.1816760e-02
   1.9002487e-32   4.6453735e-15   1.7234761e-06   1.9300176e-06   4.2513798e-16   1.0325549e-03   1.4822181e-03   6.8094581e-31   1.2987105e-02   4.5375942e-02
   4.8371086e-31   3.7340957e-13   2.7584283e-03   1.7699832e-08   5.6674914e-13   3.3717229e-04   6.7361241e-04   2.3431168e-31   1.1272393e-02   2.5657966e-03
   6.2409904e-06   3.5621319e-12   4.5613171e-04   8.7756225e-10   1.6240997e-09   4.6809474e-03   1.3207644e-37   2.2706611e-31   9.0685233e-03   2.2247686e-26
   1.0518612e-03   8.7463732e-07   2.8537937e-07   3.3996228e-07   3.3960736e-08   1.4793182e-02   8.0162978e-71   2.9378473e-23   5.9235297e-03   8.1897910e-36
   6.8122898e-04   2.3992135e-05   1.4321549e-20   7.5074790e-05   3.6837059e-14   2.2558949e-02   6.4720457e-61   2.3944910e-14   3.6347916e-03   1.0379938e-19
   4.5781184e-19   9.3412477e-11   1.5490133e-20   5.8521620e-05   4.3590933e-05   3.6759944e-02   4.5680992e-81   1.1584944e-07   3.9440897e-03   2.9257872e-09
   4.1849358e-31   3.9228390e-24   2.2968592e-29   5.1664890e-05   1.9297900e-08   3.8544911e-02   1.4122758e-92   9.6757388e-10   4.9861211e-03   6.8799578e-23
   1.4610727e-38   2.9927406e-28   2.0205711e-32   1.3526672e-04   2.9071156e-15   2.0440906e-02  1.4900608e-104   9.1549247e-11   6.3786148e-03   8.2923254e-04
   6.7952725e-21   1.1622007e-27   8.2974150e-12   4.2355926e-04   7.8885391e-24   5.0081087e-05  8.5755617e-125   3.0751926e-24   8.2698547e-03   4.6981716e-02
   4.0261027e-18   3.0747556e-17   3.7788147e-12   6.0001411e-04   4.5764377e-24   6.5282437e-09   3.9902705e-93   2.4960684e-25   7.9949004e-03   9.0177120e-02
   7.7034003e-04   3.9991448e-20   2.9441711e-09   1.1477982e-04   6.7380472e-13   1.5326991e-20  2.0681337e-110   2.9659246e-36   9.0108758e-03   5.7154707e-02
   4.4438489e-03   1.2649061e-23   1.2272597e-03   3.5087380e-09   7.0734003e-11   4.6940571e-26   5.7487192e-51   2.2762109e-32   9.3682122e-03   1.8319982e-10
   1.9023008e-03   1.5519133e-20   1.2656351e-06   2.9524117e-12   6.2594313e-13   3.2089596e-16   3.4585900e-20   2.7407181e-30   1.0249833e-02   4.3911612e-34
   1.1829881e-06   2.7882566e-14   7.8997293e-05   1.7208198e-09   1.2645291e-12   1.6015302e-20   1.1856396e-03   7.8834398e-26   8.8849883e-03   5.7262986e-47
   6.6227126e-19   1.8631861e-11   1.2008313e-20   1.2046871e-06   6.3623316e-08   2.1844367e-04   3.7284354e-04   1.5507654e-27   7.7041157e-03   3.7458561e-43
   9.5490856e-05   3.9037999e-07   7.1799233e-22   2.3963588e-07   4.9070192e-07   1.4919883e-02   1.0896537e-10   4.0299628e-19   6.3758594e-03   5.4401459e-46
   5.8282932e-04   3.7600038e-16   2.4035103e-30   3.0025031e-10   1.1426822e-08   1.8768783e-02   2.7592102e-24   4.0630688e-10   7.4891527e-03   4.3467489e-27
   9.3487585e-20   2.0668237e-21   4.3186261e-31   4.8865851e-12   7.9667605e-11   9.1372558e-03   3.9428465e-39   4.7628453e-10   1.0687508e-02   4.5310517e-04
   1.4367298e-26   4.1598172e-21   5.0670602e-26   5.4857041e-13   2.6333468e-06   1.9217185e-07   8.0296573e-61   3.1198706e-07   1.1553325e-02   8.2629437e-03
   2.9012771e-24   1.5255841e-20   1.9439819e-16   4.7920592e-08   1.4264253e-04   1.7353551e-28   1.6215980e-58   1.3756321e-04   1.0852211e-02   3.2909135e-02
   1.3449837e-33   5.9421895e-21   2.8208518e-16   1.2048396e-04   5.9849561e-07   2.8545520e-22   7.3015787e-73   3.4384593e-04   1.0488175e-02   1.1207241e-02
   3.1346520e-23   4.8283518e-15   3.4146725e-10   9.8119325e-05   2.2702718e-11   5.4544159e-21  3.1533482e-110   7.8514701e-04   8.1061957e-03   1.8874127e-41
   5.8807062e-21   4.5182788e-10   1.2987649e-15   1.0137186e-05   8.3163006e-05   4.8020337e-15   1.8471775e-56   9.4931937e-06   7.3814339e-03   2.6575258e-47
   4.0385246e-15   4.0883999e-08   2.3460799e-14   4.7678306e-12   2.6614694e-05   2.3969250e-09   3.2453890e-37   4.2697677e-08   7.2296242e-03   5.3014257e-45
   1.5904201e-14   4.4445797e-09   6.8702835e-24   8.4502978e-09   1.1194841e-04   4.4777275e-06   2.6802247e-08   2.7822114e-10   7.3407710e-03   4.4726800e-47
   2.4861804e-09   1.7640870e-11   8.5626768e-31   5.7152492e-08   3.0796592e-05   2.8942742e-03   1.9065644e-07   5.6148543e-15   7.5927035e-03   6.2552602e-40
   1.3296970e-08   2.1074634e-12   1.2307878e-27   7.0098576e-10   5.9360589e-05   8.7775475e-03   5.6326543e-05   4.1405645e-24   6.5476945e-03   4.8508548e-24
   9.7679288e-04   7.1736183e-20   3.7503563e-26   9.5199501e-13   7.8851066e-07   3.3218555e-03   2.0872629e-16   9.0047891e-41   8.1983434e-03   1.4876694e-14
   2.0470540e-03   3.2625861e-18   4.5857781e-27   2.0281794e-11   5.4019977e-06   2.0229575e-06   3.9838367e-31   1.0177866e-28   8.4048166e-03   1.4587113e-05
   2.1788110e-03   5.6469590e-17   5.6210198e-14   1.1731079e-08   6.2535787e-06   1.4292914e-19   5.4948420e-40   2.2985818e-19   7.4572402e-03   3.2978318e-03
   1.4636218e-07   1.2382170e-13   1.8594340e-11   6.4790592e-08   3.4101728e-05   1.3664999e-16   6.5772999e-37   3.8504716e-13   6.8813253e-03   2.8776463e-24
   3.0540651e-07   1.2085030e-09   1.2633676e-06   1.1754065e-04   1.8945399e-04   3.5985872e-15   6.3481553e-45   1.4400028e-23   5.9679121e-03   2.0844474e-44
   4.3327540e-07   2.5877836e-06   1.0821587e-06   2.0918225e-04   5.9974665e-06   1.2902247e-19   2.1399130e-62   7.4661034e-14   5.6008385e-03   1.0934845e-50
   7.9993422e-08   5.1628682e-10   6.7623107e-09   8.1457790e-06   3.5149376e-05   3.6550333e-19   3.8041896e-48   2.3191177e-06   6.3032282e-03   2.9124487e-42
   1.4174229e-11   2.5894264e-09   1.1810566e-28   1.0888873e-12   7.2928874e-07   1.1324812e-18   1.7013126e-90   7.8138937e-04   6.5098211e-03   3.8379697e-57
   3.3066976e-13   7.0779386e-18   2.6590540e-27   8.0823519e-12   7.4997264e-09   2.9772830e-15   6.3728177e-22   1.7217375e-03   7.0548692e-03   3.4475247e-42
   5.7814766e-10   2.5619375e-19   1.2545381e-22   7.6555448e-12   6.4685270e-14   9.3358942e-14   1.9986783e-27   2.4850613e-03   7.4539354e-03   1.2811193e-40
   2.4173668e-13   1.6813230e-13   5.4704584e-19   4.6751258e-12   1.4270912e-06   1.5544864e-13   1.2554812e-19   2.8132953e-03   7.4510936e-03   1.9301505e-03
   6.9238752e-21   2.3191665e-16   9.5437550e-09   1.7804776e-11   6.4064797e-10   2.3705468e-23   1.4933375e-08   1.8282554e-03   8.5199446e-03   1.5646521e-02
   9.6792230e-20   2.3289862e-20   2.9700243e-08   8.6495837e-11   1.2883030e-05   6.9131735e-35   5.1180448e-13   4.5781945e-04   9.3117940e-03   2.4675937e-11
   1.8471044e-17   1.5520606e-18   5.1060701e-23   4.7493751e-08   2.5326549e-06   3.4092584e-20   4.4358332e-21   1.6247772e-08   8.6646381e-03   8.4356403e-70
   2.6983496e-09   2.1249172e-20   2.3085496e-19   1.4459459e-08   3.4916634e-09   2.2592642e-24   4.3257118e-18   3.1399490e-08   7.5273574e-03   1.3652253e-50
   4.5151185e-17   1.1566809e-20   1.0168571e-16   2.5557894e-08   4.6147030e-05   2.7687589e-22   5.2417200e-19   7.2475291e-05   7.0846280e-03   7.8252946e-46
   7.5662904e-17   5.7134306e-29   2.0089740e-19   4.2204395e-08   2.6588427e-10   5.3912496e-18   3.7133490e-25   2.7475175e-08   7.6552921e-03   1.2848020e-66
   1.3201289e-11   9.5204606e-30   5.9368624e-29   2.1046129e-09   9.3435023e-05   2.4188217e-24   2.9764690e-30   2.1558643e-24   8.3751859e-03   1.2817178e-45
   6.0672937e-11   7.0192486e-33   1.3999138e-28   8.1502389e-14   1.0188702e-04   6.7585302e-27   7.1488798e-34   8.3296473e-31   9.9598001e-03   5.7688358e-67
   2.1902198e-20   2.9292151e-29   1.0901841e-28   3.4759190e-15   3.0263191e-06   1.5831958e-17   1.2582375e-32   1.8923704e-34   1.0472007e-02   3.1047649e-40
   3.1678799e-19   6.4476644e-31   6.5148272e-22   1.4643828e-13   1.4432782e-09   5.4257884e-13   1.0417455e-54   1.3897127e-30   1.1885631e-02   2.3294616e-22
   1.1286635e-11   1.2431442e-22   2.2055522e-13   4.2602452e-12   5.4176857e-07   5.2954660e-11   2.3147066e-43   3.2476526e-35   1.0190125e-02   1.0252964e-28
   4.4071269e-17   2.7884659e-26   3.1809511e-19   6.0305784e-17   3.8571989e-06   2.2253831e-19   9.0498036e-38   1.1483291e-22   1.0934139e-02   8.1743318e-42
   9.1239242e-25   5.2102476e-27   2.6898922e-24   1.0025146e-13   3.0236173e-05   4.2059179e-14   5.7301455e-50   1.2007988e-15   9.1864499e-03   1.4282655e-52
   7.2874420e-22   1.7396513e-19   4.9065757e-15   2.9909008e-09   1.1425403e-16   3.2827852e-12   5.7401753e-36   3.8914039e-06   8.6351515e-03   8.9822228e-44
   5.1265162e-32   7.7316643e-18   2.1752212e-12   3.1715111e-12   1.6618156e-21   5.6487435e-23   4.9744598e-17   1.3529198e-06   7.2409710e-03   4.2376296e-59
   1.2050066e-15   1.8491819e-12   6.9378897e-16   3.2168374e-08   3.1356231e-11   5.9729065e-26   2.1404469e-19   2.7354017e-09   7.1545893e-03   5.3760105e-46
   2.2256513e-11   2.6989338e-14   5.3313795e-27   8.9916385e-05   2.2027624e-10   4.9340499e-29   1.2336173e-32   6.5564609e-20   7.8343938e-03   2.3880385e-38
   1.0721090e-15   3.6131838e-21   8.1515914e-18   6.0349410e-07   3.3947749e-12   4.4245005e-33   1.0777270e-34   1.4612931e-33   8.9865055e-03   6.8433960e-23
   1.9104354e-27   3.6491414e-16   1.6381841e-19   1.6272011e-11   9.9069293e-08   4.1790870e-20   4.9612208e-32   3.3532574e-25   8.2094366e-03   1.1208363e-03
   9.4450000e-38   4.2680798e-15   2.2684139e-16   4.4453505e-13   6.3742739e-06   8.2702740e-11   1.6393712e-23   8.2236211e-12   8.0942166e-03   3.3383203e-02
   1.7816771e-36   5.3043635e-24   8.7176317e-09   3.4390918e-12   1.9839227e-09   9.8119133e-23   6.9626063e-23   1.2495315e-09   8.9655675e-03   1.8614902e-02
   3.9373640e-30   2.7931304e-23   1.5368221e-11   1.5076739e-12   1.4005538e-08   2.3054172e-28   8.9679027e-13   4.0249609e-04   6.2744909e-03   7.6443320e-19
   5.8433454e-11   7.5622523e-13   2.0061583e-09   3.4863767e-07   1.6650063e-07   3.3375776e-23   1.6252108e-03   1.6379813e-03   5.0192481e-03   4.3446980e-14
   2.3453989e-11   5.8524787e-10   1.0098180e-09   6.7604928e-05   1.0121366e-04   7.1061258e-18   5.7867078e-11   1.4239604e-03   6.2983410e-03   1.7123385e-23
   1.0679785e-15   1.4433775e-07   1.1197012e-05   2.0921084e-04   1.5464491e-05   9.2962872e-15   1.4489427e-16   1.4005422e-03   5.8529235e-03   4.1420102e-29
   9.8589668e-26   1.2510797e-06   3.0851977e-05   2.9170830e-04   2.5728349e-04   1.0792952e-16   1.2619020e-24   1.3035498e-03   5.4771907e-03   1.0369462e-12
   7.6328501e-27   1.7222357e-06   4.8077336e-11   3.6987357e-05   3.7031445e-04   3.3661528e-13   1.0509738e-21   8.8380549e-04   5.8302273e-03   1.5547963e-13
   5.7777530e-26   6.1147873e-05   9.3108508e-11   6.8202772e-04   2.6214971e-04   2.7134747e-08   6.9076622e-43   3.3033097e-08   5.7048840e-03   2.9768507e-28
   3.4868367e-17   1.1879600e-03   3.4142889e-06   7.2949510e-04   2.3300126e-05   5.6885766e-03   4.8935592e-44   8.1869203e-05   4.8819493e-03   6.8020259e-03
   2.3175904e-27   2.3687417e-04   1.9292120e-05   1.9258466e-04   3.2790883e-05   9.1195480e-03   5.6885894e-48   3.6724249e-10   5.2821458e-03   9.0033032e-03
   5.3872694e-24   1.5990906e-03   7.8092592e-04   3.1577236e-07   5.8312815e-04   1.1412785e-02   1.3572400e-63   1.5754203e-04   3.3279173e-03   6.1837662e-03
   4.4141219e-29   6.3612416e-04   2.9006393e-09   3.7617688e-09   8.9663736e-04   3.1309205e-03   3.3777138e-29   4.8198035e-05   4.1573852e-03   1.6367165e-03
   1.7095613e-27   2.0824635e-04   9.8750397e-05   1.2794236e-11   7.7433112e-04   3.5906303e-04   1.6879686e-34   3.8257330e-04   4.8718476e-03   3.6827957e-17
   3.0538143e-17   1.4168088e-03   1.0941855e-03   1.0488959e-06   5.7673202e-04   2.9191834e-05   2.4790006e-15   7.7312302e-04   3.7213597e-03   6.0693654e-37
   2.5741539e-19   1.6015328e-03   6.7176282e-04   9.9219713e-06   4.8447150e-04   1.6835533e-14   2.0632059e-03   2.4142398e-04   3.6876241e-03   3.9821491e-18
   1.0038446e-32   2.1308458e-03   3.4045466e-04   2.0740727e-04   3.9973254e-04   5.7889063e-10   8.1229753e-04   9.7123111e-04   3.6295086e-03   5.8039824e-11
   6.8875178e-37   3.1230655e-03   2.8771837e-04   1.6471283e-05   5.1653355e-04   6.9151873e-04   1.9117845e-03   1.1986659e-03   3.2249215e-03   6.8393431e-06
   9.3825041e-27   3.6056834e-03   1.4492848e-03   1.4997379e-05   8.1764566e-04   8.7561388e-06   1.9023916e-03   5.2099201e-04   2.2805217e-03   3.7012747e-03
   7.4969801e-34   2.8937650e-03   4.1148575e-04   3.5491057e-04   8.9902156e-04   4.5414522e-06   1.7630018e-03   8.4895954e-04   2.7388598e-03   2.9287286e-02
   4.0640545e-30   2.8279770e-03   8.5442728e-04   3.5365418e-04   7.9475976e-04   1.1286124e-03   2.1147478e-03   5.2772535e-04   2.7660164e-03   3.0181716e-02
   3.7897279e-22   4.3173395e-03   1.6599482e-03   1.8463430e-04   9.9897820e-04   1.1977547e-03   2.4528201e-03   8.1384873e-04   1.7259096e-03   6.5571103e-03
   1.9668780e-16   3.3692142e-03   1.0208963e-03   1.1154424e-04   6.3617437e-04   1.2598927e-11   2.6694311e-03   5.6738892e-04   1.5899296e-03   6.4796837e-03
   1.0022948e-21   2.2928564e-03   2.4503004e-03   1.1033416e-06   4.7213538e-04   4.4661834e-16   1.6818604e-03   5.0818803e-04   1.6791735e-03   5.9465822e-04
   5.3991547e-20   2.1634170e-03   1.7152127e-03   5.5233885e-05   5.9191729e-04   1.2234377e-10   1.0129885e-03   8.0226403e-04   1.5821796e-03   3.8102437e-10
   2.5505758e-14   2.8794404e-03   1.8926148e-03   1.3945240e-06   5.4791150e-04   6.1157243e-23   3.3154301e-03   3.3746670e-04   1.0457691e-03   1.6327802e-03
   6.4713741e-29   2.2255425e-03   1.1720587e-03   6.1398024e-05   3.6403995e-04   1.5130692e-08   2.7258559e-03   6.7895399e-04   1.7302948e-03   3.2102754e-03
   2.8474980e-21   1.4557582e-03   1.0845224e-03   1.1839337e-06   2.6223362e-04   1.8649402e-05   4.8040237e-03   7.6958301e-05   2.0689502e-03   3.2692246e-04
   3.2962739e-14   1.8461355e-03   8.9944408e-04   1.9194276e-04   4.4334868e-04   9.8842978e-04   4.1757313e-03   1.0015391e-04   1.6248874e-03   3.1266214e-03
   1.6279269e-15   1.1189066e-03   8.2748525e-04   1.3687226e-04   5.0837177e-04   5.9285686e-04   3.6446712e-03   1.3404883e-06   1.8952281e-03   8.6653646e-04
   1.7162238e-14   1.0920157e-03   1.1434209e-03   3.2958785e-04   3.1395416e-04   9.5949514e-04   3.9055220e-03   2.7439537e-06   1.9382218e-03   1.1773934e-03
   2.2658393e-05   1.3983425e-03   8.4041484e-05   5.6642147e-04   2.8333505e-04   1.2169247e-03   4.1002154e-03   1.5738728e-05   1.7553925e-03   5.2577762e-06
   1.6764896e-11   1.9775461e-03   9.6612458e-04   3.7239308e-04   2.7903503e-04   7.0225486e-04   4.2372443e-03   2.1657609e-04   1.6095539e-03   4.2976541e-06
   4.5707275e-28   1.4502745e-03   1.3299887e-03   8.0923687e-05   2.9344522e-04   7.1075768e-06   1.9580613e-03   3.3232660e-04   1.2434172e-03   5.8527435e-07
   1.8604287e-27   1.9497546e-03   1.5930058e-03   4.7842343e-05   2.9317489e-04   2.7709328e-04   2.3207190e-03   5.6422858e-04   7.6769238e-04   3.2275149e-04
   3.2327811e-19   8.3554775e-04   7.7044340e-04   4.2817668e-05   2.9815745e-04   1.8526478e-08   7.8537020e-04   9.9127844e-04   1.1592159e-03   2.4008415e-18
   1.0530540e-07   1.0842971e-03   8.0321886e-04   7.5865404e-05   3.2105791e-04   4.5972716e-07   1.6579829e-03   5.6843660e-04   1.0587534e-03   3.1126901e-34
   2.1404582e-07   2.1135980e-03   9.5097623e-04   7.0421058e-05   3.8807841e-04   1.6030935e-07   2.3171160e-03   3.7376852e-04   8.7278108e-04   1.2034809e-03
   9.8798667e-12   2.0320724e-03   5.9507371e-04   2.5536381e-05   3.3292628e-04   8.2041531e-07   1.7641800e-03   4.5281568e-04   1.2483996e-03   5.5755073e-03
   1.0660824e-06   1.6563632e-03   3.7287693e-04   1.1396282e-04   1.7857003e-04   2.4903433e-14   3.4642261e-03   7.3628448e-05   1.1777796e-03   4.5280242e-03
   3.8344105e-04   1.6111563e-03   6.7771540e-06   2.7586700e-04   3.9433577e-04   1.0664865e-04   2.8602603e-03   7.5550426e-05   1.2147203e-03   3.4786855e-08
   7.1730108e-06   1.2832202e-03   2.3599960e-04   3.5424786e-04   5.1427946e-04   5.4566722e-04   2.0283975e-03   6.7314193e-05   9.8094685e-04   1.1259712e-03
   2.3098045e-06   1.1442350e-03   6.1826566e-04   5.0574217e-04   4.6354907e-04   5.8648769e-04   8.2596575e-04   4.4556859e-04   7.5801927e-04   4.9034247e-08
   1.2052171e-05   6.8259806e-04   4.2751519e-04   2.7963438e-04   3.6131255e-04   1.4817580e-08   1.5788138e-19   8.0750955e-04   9.6520567e-04   1.2035450e-13
   5.0153545e-04   8.4692228e-04   8.4587894e-04   2.3474652e-04   3.0544943e-04   2.9832192e-07   3.2976363e-04   9.2673591e-04   7.9640013e-04   1.7602491e-27
   2.7930454e-07   9.6608738e-04   1.1141252e-03   1.4079750e-05   2.9098839e-04   3.2631925e-06   3.6286277e-10   1.0766007e-03   8.0760043e-04   7.5637477e-04
   4.0698472e-06   9.1071866e-04   8.6118841e-04   9.9919641e-05   6.2953727e-04   1.0121665e-26   1.9800057e-05   1.2476086e-03   1.0929791e-03   9.9619573e-04
   1.0727123e-03   7.5298706e-04   1.4684365e-05   2.0986546e-04   7.1743653e-04   3.4972176e-17   2.4066734e-40   9.5409929e-04   9.5796420e-04   9.7963542e-19
   9.9959682e-04   7.7329659e-04   1.8892615e-04   1.3437811e-04   5.8392827e-04   1.0602049e-18   5.4577164e-18   9.4482447e-04   1.0947687e-03   8.1046812e-04
   3.9926701e-07   7.8950725e-04   6.0314233e-04   5.7456965e-07   5.5506959e-04   1.7003163e-25   8.8142253e-04   9.3971915e-04   1.1457712e-03   1.8454153e-16
   4.0194011e-06   1.1315185e-03   7.2153351e-04   3.6193490e-04   6.1958990e-04   1.2094609e-09   1.2414052e-03   9.9384160e-04   9.2182442e-04   7.9850185e-33
   1.1338753e-03   1.0769755e-03   7.3330457e-04   5.6148441e-04   7.4932205e-04   2.6038159e-06   9.2275592e-04   1.0161807e-03   8.0399209e-04   4.9349983e-36
   9.2438235e-04   9.2516038e-04   2.3472319e-04   5.6809018e-04   9.6484062e-04   5.5532469e-07   1.6354882e-03   7.2990744e-04   8.7340938e-04   6.6265615e-22
   9.2293282e-04   1.0515686e-03   9.2557023e-04   1.1139571e-03   7.9179267e-04   1.9690277e-08   1.5336906e-03   6.6825759e-04   6.7846925e-04   2.6189478e-27
   1.6803894e-03   9.9343538e-04   3.9960934e-04   1.3989403e-03   5.7381057e-04   3.6309024e-11   6.5377247e-07   8.9467772e-04   6.4140265e-04   2.7592960e-21
   1.5487412e-03   9.4516740e-04   1.4052614e-05   1.0014209e-03   6.1318460e-04   1.7797002e-16   9.9166790e-09   1.0474813e-03   6.3299517e-04   5.6752464e-04
   1.2916519e-03   7.9830602e-04   3.3565589e-04   5.6425401e-04   7.2840950e-04   1.2619925e-09   7.1168621e-04   1.2018366e-03   6.6018235e-04   1.4379769e-03
   5.6623339e-04   1.1688520e-03   5.9710443e-04   6.3819638e-04   8.0898631e-04   1.6869635e-04   1.2381724e-25   8.5443933e-04   6.0645521e-04   2.3709127e-03
   1.9183646e-04   9.8236974e-04   6.0841102e-04   5.1601665e-04   1.1442612e-03   1.3848971e-07   2.8938770e-05   7.1313785e-04   5.5901858e-04   2.1322581e-03
   4.5051573e-04   7.0370158e-04   4.3189579e-04   3.5463557e-04   1.4633357e-03   8.3315618e-04   5.8315721e-52   1.9421729e-03   3.1857095e-04   4.7302726e-07
   5.2999307e-04   3.3667433e-06   2.4797570e-04   3.7341509e-04   1.4708104e-03   4.6875877e-05   1.8860259e-17   2.2587090e-03   6.7724831e-04   8.4862119e-04
   1.1052206e-08   3.0658422e-05   2.2463085e-04   1.0699899e-03   1.6081387e-03   6.2916204e-08   2.7075217e-73   1.7818624e-03   9.4391422e-04   3.3691491e-16
   7.2093291e-11   3.0169528e-10   2.0489056e-04   2.2906505e-03   2.2677370e-03   5.3489983e-11   6.6836840e-50   1.7817172e-03   8.3871887e-04   9.5811604e-52
   4.5617142e-04   1.7538407e-09   6.3990361e-04   1.7388740e-03   3.0526327e-03   1.4736308e-05   1.8851557e-42   1.5126728e-03   7.4801786e-04   6.6867102e-22
   3.6872737e-05   7.8149805e-12   2.4832982e-04   3.2741610e-03   2.6730515e-03   1.6522165e-15   1.5677228e-37   9.9808308e-04   1.0269275e-03   8.2016905e-04
   4.2993584e-14   3.9613758e-07   1.6156020e-05   3.7607121e-03   2.2083950e-03   6.3285126e-15   1.2703568e-32   7.8258174e-04   1.1218921e-03   1.9915268e-03
   6.4874720e-10   8.3120894e-04   1.6054588e-11   2.9396155e-03   2.1530400e-03   1.2941283e-05   1.0091140e-20   6.2870760e-04   7.2293550e-04   2.9499547e-04
   2.1871730e-19   1.2108192e-03   2.4796910e-05   2.1306135e-03   1.8542926e-03   4.0186653e-11   2.2374559e-17   4.2809098e-04   8.8882842e-04   7.9016728e-04
   1.5954499e-11   4.1027639e-04   1.1089733e-05   1.5870875e-03   2.4038042e-03   1.1111791e-26   2.2363974e-09   4.8017464e-04   9.7028072e-04   1.4808705e-04
   4.2459158e-12   1.9001831e-10   2.4924210e-04   1.2143995e-03   3.3701626e-03   9.4620940e-12   4.8876454e-23   9.7021922e-05   1.1107961e-03   6.9772412e-21
   1.6634053e-04   9.2499193e-21   2.7711549e-05   1.1517618e-03   5.2999312e-03   3.8845019e-13   1.0996015e-34   6.7383118e-04   9.3243524e-04   8.2995320e-18
   1.6085488e-15   2.5661699e-18   2.8219887e-12   7.1826381e-04   5.8278597e-03   1.6845713e-04   1.5485024e-41   1.4065086e-04   1.3274756e-03   6.8410236e-20
   2.0541000e-13   3.7420664e-15   1.4253022e-15   9.8455154e-04   4.8369512e-03   2.6121409e-07   8.1564687e-63   1.2618670e-04   1.5792400e-03   1.1310872e-24
   6.6069697e-22   3.9761710e-21   8.5125657e-09   4.2795449e-04   5.2276938e-03   1.1157385e-13   1.7775850e-37   1.0387738e-04   1.8787301e-03   4.5412578e-23
   7.2541043e-29   1.2095787e-19   1.3936016e-07   5.9054739e-04   7.2451952e-03   1.1165767e-14   2.2588083e-38   1.6410965e-04   1.6635451e-03   3.8888115e-03
   1.9721720e-25   2.3259699e-22   1.7618453e-20   2.9678274e-03   7.1391446e-03   2.5112075e-19   4.2577755e-40   7.7814807e-05   1.1012252e-03   7.0031907e-03
   5.2152861e-21   7.0417983e-25   8.4759032e-16   4.1014696e-03   6.4316903e-03   1.9293968e-42   6.0442051e-43   1.0066607e-14   1.4207037e-03   8.5757255e-03
   7.1758565e-23   1.8393791e-23   7.4051831e-14   2.6100525e-03   6.8519432e-03   3.4666485e-24   1.0857978e-32   6.1681983e-20   1.7368144e-03   4.3306694e-03
   1.5686991e-13   3.1539239e-14   2.3346306e-07   1.6562442e-03   4.9232267e-03   1.2974869e-19   7.2990941e-21   1.1785062e-10   1.7619592e-03   1.8760023e-11
   4.3817038e-17   1.8548504e-05   4.0115529e-05   7.7557439e-04   1.9222786e-03   4.2601971e-21   4.0805910e-11   1.0511991e-06   2.1445731e-03   2.2195175e-03
   6.5407153e-12   4.9350310e-10   7.2500480e-13   2.5247987e-04   3.1813492e-03   2.4272983e-18   1.2291173e-17   3.3683210e-25   2.3428966e-03   3.3413668e-19
   3.0831357e-05   7.1844451e-08   2.1275072e-08   3.5020740e-04   4.5910162e-03   1.1725004e-03   9.1057346e-23   1.2470466e-05   1.9925751e-03   1.5293309e-32
   6.7398516e-15   6.1857163e-06   4.5021707e-04   6.6683783e-04   3.1163423e-03   1.2234939e-03   2.1125946e-61   1.5295498e-33   2.0610290e-03   1.9167788e-05
   1.3029828e-34   5.2938879e-16   1.8623474e-05   3.5393395e-04   4.9197075e-03   1.1290768e-12   1.0345408e-47   2.0642950e-12   3.2911179e-03   8.0151430e-03
   1.0879440e-43   7.7147312e-27   9.5155603e-15   1.9888802e-03   7.5980614e-03   1.3341126e-13  5.0673779e-100   2.7825949e-24   3.2838460e-03   1.0356052e-02
   1.5271966e-49   1.1641290e-25   1.6193435e-12   3.7143358e-04   1.0529831e-02   2.5399753e-15   4.3433728e-69   1.4042620e-35   3.6779888e-03   5.5804215e-03
   1.5141358e-39   9.4162178e-24   2.5140473e-16   1.9653166e-03   8.4608255e-03   1.8692641e-14   2.5155872e-82   2.1832471e-24   3.0365605e-03   6.1022000e-27
   3.2130950e-50   5.5303240e-27   2.2810575e-17   3.0850858e-03   3.2127157e-03   7.8579841e-09   4.2763172e-86   3.1440746e-28   3.8745965e-03   1.7965670e-08
   1.1263542e-42   2.1169393e-32   2.7970608e-06   2.1053101e-03   6.1360905e-03   1.1978203e-11   5.9481286e-99   7.6671064e-20   3.4963819e-03   1.4246035e-07
   2.2830440e-32   1.9824682e-29   1.7679365e-16   2.0274740e-05   1.0328421e-02   5.5536729e-10   4.4108687e-74   5.0573313e-26   3.8821757e-03   2.9097538e-31
   1.1015887e-29   9.4809939e-33   8.4288811e-27   3.1041737e-10   1.0369427e-02   7.5375082e-08   7.5097864e-37   1.7307479e-28   3.4904354e-03   8.3132389e-41
   9.3867160e-35   1.9272182e-18   1.3238720e-13   3.2427513e-06   7.1708339e-03   2.0585167e-03   2.3530438e-72   3.9440755e-19   2.6457292e-03   2.5474961e-03
   1.4260346e-42   1.2069045e-27   1.8666441e-12   6.1043988e-05   1.1457960e-02   4.1791277e-03   1.6166209e-37   1.1928892e-21   2.8947958e-03   4.7573108e-03
   1.8236081e-36   7.8820239e-31   1.4514196e-06   7.3677387e-05   1.0073480e-02   4.0317008e-03   5.4275535e-37   2.4240905e-29   2.9205771e-03   1.4170299e-02
   4.6507922e-40   1.3477154e-32   2.2957294e-05   8.0356058e-04   8.3913342e-03   1.0761323e-04   9.1356461e-51   1.1366675e-34   3.1963952e-03   1.6719799e-02
   5.8949110e-46   1.3260669e-40   1.7997733e-12   5.2703224e-04   9.5443916e-03   2.8761777e-16   6.2647043e-36   4.5206888e-52   3.3842168e-03   2.5949617e-02
   3.1753588e-41   9.0867092e-36   2.5986166e-06   1.1927374e-03   5.7809698e-03   1.4096313e-19   4.5542854e-49   4.3150820e-39   3.5859481e-03   3.2785758e-02
   1.0109699e-36   1.2886794e-27   9.4868344e-04   2.9877648e-03   5.9435033e-03   1.8534995e-14   2.1800846e-44   3.3262097e-33   2.9389648e-03   6.8546721e-03
   1.6010883e-37   5.3682308e-22   2.6421922e-04   4.3832762e-03   4.6771039e-03   1.5237915e-10   1.3867283e-46   5.3050996e-23   3.1095293e-03   7.9435645e-03
   1.1052867e-41   3.5366300e-19   8.6266373e-04   2.6799756e-03   7.4774747e-03   1.3886042e-07   1.7075025e-44   4.4848263e-16   3.0977746e-03   2.4306755e-03
   2.2417777e-36   6.3473126e-17   4.7109931e-14   1.1287522e-03   1.2141982e-02   1.9052462e-05   6.0287484e-20   1.3093133e-08   2.1213284e-03   3.5996057e-39
   4.6586489e-38   6.0322627e-13   6.7222115e-04   2.4130220e-04   8.9675242e-03   4.1600792e-08   2.3171307e-06   2.7451905e-06   2.3812503e-03   7.4452832e-14
   1.6745395e-37   3.9185983e-19   1.4255382e-03   1.6809514e-04   9.5552835e-03   1.5145600e-06   1.6696020e-31   3.9759236e-09   2.3750000e-03   5.2492186e-03
   4.9357199e-37   5.6820835e-17   1.1104926e-03   8.6710095e-04   9.6010899e-03   1.1764191e-03   1.0708438e-09   6.1473649e-06   1.6670257e-03   1.7467756e-03
   2.2579291e-40   6.0180530e-06   2.2117947e-03   1.4378834e-03   6.6824336e-03   1.2147983e-03   8.5984850e-17   5.2634209e-12   1.5008632e-03   3.7477909e-03
   4.6430111e-34   2.1930957e-10   1.5019546e-03   6.2905603e-04   8.6559737e-03   2.9817040e-04   5.3204723e-13   4.1971731e-11   1.9635938e-03   5.9627053e-03
   1.0505982e-32   2.1594568e-20   1.4241439e-03   2.4221550e-03   9.2669234e-03   2.4265918e-21   2.4134558e-05   1.4896517e-24   1.8955153e-03   1.8331219e-04
   2.7211449e-45   3.5336290e-22   2.3698175e-05   3.1114964e-03   9.3895067e-03   1.1403434e-11   7.9426214e-13   6.3298104e-27   2.2115282e-03   1.0053911e-07
   2.7458618e-42   7.4060222e-23   5.2003285e-08   4.9795423e-03   8.6847134e-03   1.2355932e-04   1.1999383e-20   9.7865050e-31   2.1864440e-03   2.5657760e-06
   2.2293877e-24   1.9162356e-13   6.5010776e-09   6.9782578e-03   6.1231622e-03   1.8105488e-04   5.5219218e-08   2.2001043e-12   1.3331198e-03   3.8358491e-03
   1.4804564e-31   1.2876886e-18   2.0793876e-07   5.0826859e-03   7.4648095e-03   3.5673863e-12   5.8355481e-06   6.2960033e-18   1.5246976e-03   3.7051833e-03
   7.9719492e-28   1.7463745e-09   1.4374218e-04   3.3978139e-03   7.1077256e-03   5.9367834e-06   2.5274852e-03   9.3361647e-08   1.4586855e-03   1.1554896e-02
   1.4591756e-31   2.0736017e-05   9.4159768e-04   1.9504701e-03   7.3502148e-03   4.7400723e-21   5.0370693e-03   3.0591253e-09   1.8055818e-03   8.6002168e-03
   9.3482130e-33   6.8136254e-07   1.5076837e-03   2.8703395e-04   8.0399777e-03   1.9124094e-07   4.0411030e-03   6.2338028e-15   2.1056876e-03   2.9069135e-04
   4.2594342e-34   4.9477353e-12   5.2002941e-04   1.4060100e-03   9.2912582e-03   8.5571693e-08   2.1825298e-03   1.0573351e-04   1.6276975e-03   3.1352968e-03
   1.3174445e-24   2.7982310e-18   5.5502257e-04   1.7217663e-03   9.1430760e-03   2.0701431e-18   3.8446547e-03   7.8697973e-06   1.5254441e-03   5.5010920e-03
   1.8027077e-27   6.3487916e-25   1.2063322e-03   1.6396533e-03   8.0127839e-03   5.1515714e-25   1.8510487e-03   1.7275114e-11   1.5083596e-03   9.4257621e-04
   4.0283179e-31   4.6685977e-23   2.3099074e-05   1.6399024e-03   6.4829581e-03   2.4809920e-14   4.1090415e-16   2.7530015e-07   1.9413477e-03   1.8748456e-06
   3.5802583e-25   3.6552662e-24   3.8746752e-04   1.9357818e-03   6.1249433e-03   5.0242469e-10   3.0914125e-06   1.7202148e-27   1.8158417e-03   7.5853072e-17
   2.3373687e-27   5.8009096e-19   3.2098275e-04   6.4347204e-05   6.2389498e-03   4.5527158e-13   1.3246769e-03   4.0629687e-15   1.9388623e-03   5.4198049e-06
   2.2082141e-27   1.6400273e-08   8.0652361e-04   1.2408948e-03   3.8590563e-03   1.5653499e-12   8.5284603e-43   2.2578698e-13   1.2664821e-03   1.3910513e-04
   7.2009233e-27   4.1364175e-22   1.9396952e-04   1.9278651e-03   5.1254583e-03   3.4300943e-10   6.3233339e-15   4.1088417e-29   1.3666538e-03   1.1484732e-03
   2.2427831e-24   1.1365999e-28   2.7391623e-08   9.2335643e-04   7.2230448e-03   3.1192792e-11   1.1047645e-06   4.1853881e-18   1.5992507e-03   3.5172635e-04
   3.7462959e-26   6.0101008e-32   4.3793576e-07   1.9099978e-04   7.9123431e-03   2.5129851e-12   4.5010526e-04   6.5342649e-33   1.7768131e-03   4.2155670e-03
   3.0523958e-35   1.6910907e-26   1.1318442e-04   1.1940369e-04   5.9640552e-03   1.7012171e-10   1.1758063e-03   4.7312736e-22   1.6696387e-03   2.5536724e-03
   1.0011356e-23   6.6027218e-20   9.3243373e-05   1.7192191e-04   5.8513222e-03   3.7553796e-11   4.2243379e-04   8.9842065e-28   1.9076731e-03   1.7214127e-33
   3.0168600e-17   1.0444219e-20   3.1719340e-09   2.1613618e-04   5.5090917e-03   1.8921253e-11   5.7388138e-10   1.4835637e-29   1.8808631e-03   2.8674973e-09
   8.3261283e-17   2.5727109e-17   4.4595069e-10   3.4552805e-04   5.0127445e-03   1.3291756e-09   1.8748493e-04   2.1882526e-22   1.6706933e-03   2.0496000e-16
   2.7315627e-23   5.2036676e-23   1.0008653e-08   6.9664522e-05   6.0975994e-03   9.1507225e-11   3.0877062e-05   1.2831962e-29   1.7774015e-03   3.2232147e-22
   3.8746805e-35   8.9603398e-30   2.7690137e-12   2.3838898e-04   7.4525225e-03   4.9331364e-17   5.9061098e-23   1.6938724e-25   1.4888545e-03   1.4185091e-09
   6.5402989e-31   5.6679666e-28   2.0397874e-09   5.7219802e-04   6.2335432e-03   1.3570794e-25   2.8374999e-06   2.8366182e-25   1.1944241e-03   8.0934202e-04
   4.0380233e-24   4.3419298e-24   2.5926666e-04   1.5068784e-03   4.8401678e-03   4.8676758e-18   6.1837265e-23   3.5875079e-37   1.3067683e-03   2.6308717e-03
   1.8181247e-26   1.1223554e-26   2.5474832e-04   1.5691574e-03   4.4060765e-03   5.1304292e-16   2.6102339e-30   1.3615958e-34   1.5483733e-03   1.0705161e-08
   5.1198649e-24   1.2800346e-23   1.4336424e-04   1.3086691e-03   4.8140415e-03   2.2207053e-17   7.0432926e-23   4.9145905e-27   1.1174894e-03   1.7325213e-12
   4.8309619e-25   4.0914345e-16   7.8832667e-04   8.0582707e-04   2.9553019e-03   1.7176118e-12   5.3834423e-11   2.6687445e-29   1.4690308e-03   9.2018442e-04
   4.2400764e-19   7.8521539e-17   2.2399973e-04   1.3685692e-04   3.2172170e-03   1.0624358e-18   8.0151812e-04   2.4548382e-29   1.4258640e-03   1.9602407e-54
   1.4218233e-12   5.2980795e-07   1.0692064e-03   5.6735308e-05   2.8915703e-03   7.0047979e-05   1.3294121e-03   2.3818035e-21   1.0585014e-03   1.8152239e-18
   1.6536343e-13   1.7779809e-04   4.8448359e-04   4.5330040e-04   1.7962975e-03   1.6194315e-05   4.6002052e-04   2.2469087e-33   1.2053668e-03   2.9725793e-07
   7.4502725e-20   1.3922908e-18   3.3461264e-04   9.7017433e-06   4.1704284e-03   4.2683972e-07   1.8635855e-04   1.8353987e-15   1.1537337e-03   2.6115683e-04
   1.4561950e-11   2.2932835e-24   4.9163849e-04   1.0665887e-09   6.6816006e-03   6.7605441e-12   1.6975485e-04   1.0525252e-17   9.1060744e-04   7.6030497e-07
   4.1541128e-10   2.6086912e-19   9.9346022e-04   8.7032981e-05   4.3955775e-03   6.9164346e-27   7.3066612e-11   2.7804894e-14   7.1879710e-04   2.9162610e-15
   1.4802103e-12   8.6908865e-19   1.2587121e-03   4.7909310e-05   4.6854541e-03   8.2987296e-22   1.9850308e-22   2.0574288e-09   7.6710440e-04   4.5267351e-08
   8.6844643e-05   5.8728257e-13   1.1335031e-03   3.8073968e-04   3.4679009e-03   7.1421816e-05   2.7872647e-22   5.0637291e-12   9.4545610e-04   2.2386557e-03
   1.8387392e-04   2.2839629e-19   8.0534666e-04   6.6061304e-04   3.8288234e-03   2.8822713e-13   1.1580062e-53   7.1219216e-15   8.6952095e-04   4.7199448e-03
   1.7359171e-04   1.7978774e-19   9.3030814e-04   7.3583690e-04   4.3997105e-03   2.6607929e-07   8.7513717e-21   5.6977261e-06   7.3653497e-04   4.5285842e-04
   2.5480985e-04   4.1352634e-04   1.1604712e-03   7.5813612e-04   1.8149743e-03   1.0131403e-03   4.8194717e-18   1.1848152e-04   4.5071519e-04   5.5338868e-06
   1.7988899e-07   3.2168741e-04   5.6340969e-04   3.1063919e-04   3.1653515e-03   6.2192116e-04   7.3637128e-21   7.0918917e-05   5.8255401e-04   2.9067944e-05
   6.7477647e-13   1.8022077e-10   5.0774328e-11   6.9006780e-04   3.9597721e-03   3.5231399e-04   2.5776534e-28   1.6244411e-04   6.9745883e-04   6.6082915e-04
   5.4166155e-06   1.2048722e-09   8.7754719e-04   6.1641223e-04   3.5307165e-03   3.5078753e-17   1.2787300e-41   3.7486714e-04   5.1099120e-04   3.9392409e-04
   8.6656051e-05   8.5880779e-09   1.6644160e-03   1.5440965e-04   3.9078946e-03   3.9180874e-04   3.8579123e-82   2.2848023e-04   3.7080042e-04   8.2423281e-06
   1.9298174e-07   1.0837373e-04   1.2535298e-03   5.5354385e-04   3.6798606e-03   3.9332212e-09   1.2766056e-22   4.2813016e-04   5.2651889e-04   1.1705446e-03
   1.4377057e-06   1.3856051e-05   1.2189653e-03   1.8178736e-04   3.2221515e-03   6.5445222e-05   4.5052474e-04   4.0522507e-04   5.5121987e-04   5.0651116e-05
   2.9366249e-05   4.9570279e-06   8.1294886e-04   3.6368272e-04   3.7128957e-03   2.1652095e-04   7.4544363e-46   2.1569509e-04   6.1075370e-04   2.0475662e-03
   9.1875787e-05   8.9700176e-07   2.8648063e-04   3.0310609e-04   3.7715430e-03   2.3497839e-08   6.8332505e-22   6.2499721e-04   4.6777924e-04   3.9371062e-03
   1.9123331e-04   6.3583994e-14   5.4593725e-04   1.1385745e-03   4.9875256e-03   1.2387873e-03   3.9290012e-23   8.2552833e-04   2.2804355e-04   9.8007968e-04
   1.1526213e-07   2.9604735e-09   2.8779420e-04   1.4191412e-03   3.3139971e-03   8.5436911e-04   5.5129685e-56   5.5016169e-04   3.0192605e-04   7.5296517e-04
   7.9815953e-05   6.2257535e-04   6.5361186e-04   1.1014352e-03   1.5595530e-03   1.5898834e-04   3.6008911e-49   8.1841558e-04   3.5498083e-04   2.1393125e-03
   5.4354407e-06   2.7876131e-04   1.1509689e-03   1.5011066e-04   2.4955678e-03   8.8564402e-04   5.0929341e-33   1.1666116e-03   3.2410555e-04   2.2772218e-03
   8.2464428e-05   3.2727377e-04   1.2532404e-03   1.1538312e-05   2.5931502e-03   4.2985476e-04   3.0706476e-19   1.0342913e-03   3.9957522e-04   1.8315481e-03
   4.9681057e-05   6.9837230e-04   1.2074601e-03   5.2034968e-07   2.9353931e-03   5.5310719e-04   1.3797596e-03   4.5523397e-04   3.1445409e-04   2.3616688e-06
   2.8649772e-05   6.4004582e-07   7.4105161e-04   2.5435184e-05   4.4738610e-03   7.2054723e-08   1.3951525e-03   7.0293322e-04   4.7079206e-04   1.0860952e-15
   2.3455655e-04   4.4270828e-12   3.5771108e-04   9.8164351e-05   5.4666064e-03   4.0997544e-18   1.1394106e-03   5.3687240e-04   2.8204081e-04   6.7894513e-12
   1.6698571e-04   4.9652122e-07   7.3571042e-04   2.0905475e-04   4.7467238e-03   5.6056241e-04   8.0914950e-04   4.2716559e-04   2.6625456e-04   1.0735976e-03
   1.5147939e-16   4.8296172e-04   1.0478853e-03   6.1864061e-04   2.9612809e-03   6.5352991e-04   6.7172311e-04   6.5001073e-04   2.9614925e-04   1.9116232e-03
   7.2275053e-30   1.6589246e-03   8.1131791e-04   3.0889693e-04   1.8805438e-03   1.3100197e-03   9.9513167e-24   1.6578031e-03   2.1945250e-04   4.7977288e-04
   3.5863815e-12   1.2521834e-03   8.2586322e-04   1.2555804e-03   2.0405429e-03   2.0501191e-03   2.8405680e-14   1.0859214e-03   1.2895700e-04   2.4512785e-04
   1.2787638e-17   5.3787948e-04   8.6241867e-05   1.4429434e-03   3.2057654e-03   1.0554844e-03   2.8620454e-12   9.5684253e-04   1.9432234e-04   2.1638261e-05
   1.6247936e-14   2.4864326e-04   5.5697479e-04   6.4477861e-04   3.7755037e-03   7.1711055e-04   8.5857994e-37   2.0027500e-03   1.5100904e-04   5.1671311e-04
   2.7775727e-15   5.5476703e-04   1.0658534e-03   3.4644785e-04   2.0183705e-03   2.9773945e-04   1.1440457e-03   1.3030929e-03   1.7845069e-04   2.6201893e-03
   1.8873020e-23   3.3800264e-04   7.2579649e-04   2.8743997e-04   2.3417646e-03   3.9723774e-11   1.2369392e-03   1.1755929e-03   2.3288538e-04   4.1367724e-03
   3.6156582e-19   7.9652863e-04   3.1462758e-04   3.2657075e-04   4.5552290e-03   9.0204895e-05   1.2037323e-05   2.1884933e-03   2.0255992e-04   1.9026998e-03
   1.2099360e-06   1.2552256e-03   8.1958718e-04   2.2810765e-04   4.0520946e-03   2.3693828e-05   8.3619766e-04   1.7118177e-03   1.6062832e-04   4.9533862e-04
   2.0402921e-06   1.5112421e-03   5.1215623e-04   5.2940287e-04   2.6331719e-03   3.5134648e-04   1.2576348e-03   7.8707420e-04   1.5662758e-04   1.6492133e-03
   6.3655855e-15   1.8876184e-03   5.6931973e-04   3.5107235e-04   2.3984066e-03   8.6005931e-04   8.0281814e-04   1.7123873e-03   1.0409457e-04   1.4311512e-03
   7.4090947e-21   1.9004359e-03   3.0526018e-04   5.7164857e-04   2.4854687e-03   9.1619977e-04   1.2200010e-03   1.8195033e-03   1.6146205e-04   1.2131819e-03
   8.8000893e-18   2.4676530e-03   2.3359901e-04   6.2459928e-04   2.0677890e-03   1.3728457e-03   2.5189051e-03   1.4279166e-04   2.1131267e-04   1.0931923e-03
   2.5599085e-17   2.2857865e-03   3.5723906e-04   9.8987168e-04   1.8056318e-03   8.2727617e-04   2.6117959e-03   2.0341764e-03   1.4360296e-04   1.4209817e-03
   9.1509808e-05   1.9552326e-03   1.3875572e-04   1.6420036e-03   2.2447001e-03   2.7622455e-10   2.4769176e-03   2.2942808e-03   8.5919217e-05   1.0329733e-03
   3.9469745e-07   1.5755696e-03   5.6383656e-04   1.4812986e-03   2.6417743e-03   1.5044236e-08   3.9680032e-03   6.6072767e-06   1.2715065e-04   6.1266030e-04
   3.8027079e-19   1.5890532e-03   4.1696184e-04   8.8259957e-04   3.6609796e-03   3.1352590e-04   1.9332953e-03   1.2273763e-03   1.2433087e-04   1.3314865e-06
   1.5954633e-28   1.1707719e-03   2.1575439e-04   2.3338929e-04   4.1944201e-03   7.3850742e-04   2.9582427e-03   1.9003589e-03   1.7172471e-04   2.2808148e-11
   4.3924963e-22   7.7746832e-04   2.9397508e-04   7.1835112e-04   5.0914585e-03   6.8346909e-05   4.0118281e-03   9.4673190e-04   1.3083537e-04   1.1186833e-06
   3.0002864e-33   9.6003102e-04   3.1443209e-04   9.6971374e-04   3.1553469e-03   9.8576546e-06   2.2444287e-03   1.1071662e-03   1.6150713e-04   4.4859199e-06
   1.6011820e-37   4.7831190e-04   1.1817609e-04   9.7927788e-04   4.4124414e-03   5.7358864e-04   2.8444703e-04   1.8874142e-03   1.9058207e-04   8.5660957e-04
   1.8080900e-17   2.1571131e-03   6.3824226e-04   7.3530332e-04   4.1901176e-03   9.7728015e-04   9.3607810e-04   1.6367326e-03   3.8858584e-05   8.8444119e-04
   7.4055988e-26   3.3062744e-03   1.3343463e-04   1.4017426e-03   2.3331449e-03   1.2567777e-03   7.2852003e-11   7.5359505e-04   1.5505773e-04   2.6113278e-04
   1.1483488e-27   2.2450894e-03   1.8675141e-07   7.3130460e-04   2.8667122e-03   1.7008714e-03   1.6742530e-09   1.7373168e-03   2.0075968e-04   1.2601804e-10
   1.7949182e-30   1.7554449e-03   6.6013619e-05   2.6177777e-03   3.2773500e-03   1.1150344e-03   2.5078087e-18   1.7664510e-03   1.7576871e-04   1.7786197e-03
   1.3567698e-26   2.5773009e-03   8.7431829e-05   3.5482253e-03   2.9398768e-03   2.1378110e-06   2.2739612e-16   6.0775864e-04   2.1477859e-04   1.6227647e-03
   3.2860048e-14   2.9828835e-03   2.3309823e-04   2.1850519e-03   4.0339267e-03   1.0355807e-06   8.4781199e-52   2.3845089e-04   1.1086591e-04   2.7702499e-09
   1.3812420e-15   2.9893532e-03   2.5482721e-04   1.2140677e-03   3.3045499e-03   7.6204238e-05   2.4111508e-22   8.4766543e-04   1.2185470e-04   4.7062366e-04
   2.7926133e-14   3.3818543e-03   2.0838894e-04   7.8839484e-04   2.3127843e-03   4.0884733e-11   1.7946844e-10   9.4759183e-04   9.7971634e-05   6.3587177e-04
   2.0105553e-19   3.7741756e-03   2.8108556e-04   6.0709806e-04   1.9517928e-03   2.9416360e-04   1.4757719e-50   2.6365145e-04   1.6738071e-04   3.9310318e-10
   1.6224819e-18   2.6955647e-03   2.0253500e-04   8.0709991e-04   2.6078791e-03   2.0745244e-08   2.0843679e-30   4.9641337e-04   2.5170137e-04   3.4425169e-10
   1.3259182e-23   2.0987441e-03   2.0456902e-10   1.1464418e-03   3.3489257e-03   2.4346682e-08   1.0782073e-21   4.6551358e-04   2.3334427e-04   7.4695145e-07
   2.1043579e-31   3.4930195e-03   5.4790102e-04   1.1331723e-03   1.4057417e-03   9.9126272e-05   1.0930483e-09   4.5685812e-04   1.5128812e-04   3.8746948e-04
   3.3876457e-38   2.4892636e-03   6.4091019e-11   1.3237548e-03   2.9588562e-03   4.7416198e-04   4.9227465e-13   5.2867225e-04   2.3508511e-04   1.0212909e-04
   1.6156442e-40   1.4998285e-03   2.1946207e-17   7.1322509e-04   4.0612961e-03   6.8292872e-04   5.7338363e-17   4.2981911e-04   3.2991762e-04   5.8348604e-04
   3.1023233e-39   2.1219422e-03   4.9772604e-27   5.8263985e-04   3.4194393e-03   4.3040784e-04   3.6901416e-10   2.0247438e-04   2.8043587e-04   2.5822363e-07
   2.1995267e-37   2.3817831e-03   9.3645684e-15   1.5201067e-03   1.6792655e-03   4.9888585e-05   4.0748444e-25   9.2837005e-05   2.8221341e-04   1.6257956e-03
   2.6109456e-36   2.1367155e-03   5.9712777e-09   1.6157680e-03   1.8411143e-03   4.3722670e-05   8.8647832e-36   1.5418503e-04   3.0660516e-04   1.7595981e-03
   7.8479106e-29   1.9953824e-03   6.0452498e-12   1.1353405e-03   1.8873836e-03   6.8435375e-13   6.1518581e-21   1.4250399e-04   2.8879341e-04   8.7701915e-04
   3.5804457e-28   2.2013771e-03   5.7675115e-13   8.8167703e-04   2.3051358e-03   8.7684907e-05   3.1862523e-06   3.6946055e-04   3.0565653e-04   1.5373376e-03
   7.4865612e-35   2.2199306e-03   1.7896737e-10   5.4283172e-04   2.5780588e-03   2.4439877e-12   6.7305836e-22   2.1142524e-04   2.9421914e-04   5.1724427e-04
   1.3578539e-22   2.3502037e-03   3.0798622e-08   6.9154576e-04   2.1073580e-03   1.0367154e-13   4.0729683e-41   3.2473386e-04   2.7850418e-04   1.4076915e-08
   3.5045187e-42   1.7137411e-03   5.6026160e-10   7.7175110e-04   2.1912321e-03   4.3618164e-07   1.6734541e-10   1.0303895e-04   5.7674575e-04   4.0069470e-05
   1.4514497e-47   2.3330966e-03   2.7476143e-11   5.2005231e-04   1.7007132e-03   7.2714906e-05   4.3872198e-04   1.8776626e-04   6.3246958e-04   2.6526504e-03
   1.0532049e-36   1.7053115e-03   5.9378041e-09   2.5721575e-04   3.2962533e-03   3.5036738e-04   2.1830318e-21   2.0788000e-04   5.3957651e-04   7.6099695e-04
   2.5793126e-23   2.0157487e-03   2.8488395e-04   6.3480400e-04   2.8620086e-03   1.1948753e-03   5.7585534e-43   3.1066830e-04   3.4050630e-04   4.7222589e-10
   3.3050181e-31   1.1665953e-03   1.6900614e-08   3.6705324e-04   2.4290062e-03   1.1092310e-03   5.7620479e-22   3.5654339e-04   5.1959321e-04   1.6896954e-04
   3.2772433e-43   2.2155949e-03   3.9248407e-19   1.2142607e-03   2.0328156e-03   1.1202264e-03   1.1165433e-29   3.4946506e-04   4.2659023e-04   5.0485186e-05
   3.9409477e-29   2.7110251e-03   1.2671924e-19   1.6308377e-03   1.8494438e-03   3.3597476e-11   2.0431656e-33   2.6062828e-04   3.7742734e-04   2.1350063e-18
   8.9879822e-31   2.4716023e-03   1.4998897e-14   9.3409282e-04   2.1819735e-03   1.8276834e-06   3.7804019e-31   3.5313807e-04   6.6988872e-04   2.0829212e-10
   1.9111305e-22   3.0032807e-03   1.9001130e-04   3.9620353e-04   1.8802880e-03   2.0233833e-09   4.5280707e-25   6.3041906e-04   4.5335144e-04   1.5011263e-04
   9.6115862e-25   4.1556587e-03   3.7638466e-04   2.3445619e-04   1.3873688e-03   1.4908634e-14   3.7680108e-04   2.7714536e-04   3.8013453e-04   1.6892220e-04
   3.7904689e-28   4.5937386e-03   5.6471046e-08   1.2146565e-04   1.8738327e-03   1.2419583e-08   9.7263562e-15   1.8768249e-04   6.6185019e-04   8.1578340e-04
   9.7602832e-35   3.6486685e-03   1.0422358e-14   2.9238803e-04   2.2945122e-03   8.4514890e-10   1.4512114e-50   2.6376892e-04   6.9643260e-04   1.1338747e-03
   7.5384590e-21   2.3229639e-03   5.5837660e-18   3.4434970e-04   2.4534537e-03   6.9677289e-10   3.1313078e-05   2.2108640e-04   5.5937969e-04   7.3953505e-19
   1.7244871e-18   1.0142121e-03   4.6926936e-11   1.3792835e-04   2.6814057e-03   1.5415732e-04   4.6894134e-04   6.6923884e-05   5.4865356e-04   1.4534332e-03
   1.4625281e-39   2.4680129e-03   2.4472836e-17   1.6616986e-04   1.6397309e-03   3.6309084e-04   3.4070912e-04   7.7186822e-15   5.8959225e-04   1.5931195e-03
   1.3524070e-19   3.8313548e-03   3.0392759e-05   2.8330092e-04   1.1782681e-03   9.1031968e-06   5.6583355e-14   1.6707869e-04   6.0287238e-04   1.1319313e-03
   2.3568949e-21   1.7902380e-03   3.2954635e-06   5.6356941e-04   1.8321165e-03   2.5025740e-14   9.9509031e-17   2.3955891e-04   5.0905886e-04   1.0111359e-03
   7.2319561e-19   2.2680537e-03   4.3111525e-05   5.5711078e-04   1.7338039e-03   7.0551291e-13   1.2447269e-14   1.0428055e-04   4.9804452e-04   5.1911985e-04
   2.6835947e-17   2.9256397e-03   2.0874237e-06   3.8740576e-04   1.3455310e-03   5.6455747e-20   1.1174409e-24   2.8748781e-07   4.7884240e-04   4.7192525e-05
   1.2092496e-27   2.3073313e-03   7.6981574e-05   5.9436956e-05   1.8497539e-03   6.6230083e-19   2.1884747e-41   4.0389417e-04   3.7840251e-04   5.8510559e-04
   1.9672064e-24   1.5425551e-03   6.8194782e-08   2.0776100e-05   2.0088076e-03   7.6106585e-11   1.0995500e-16   5.5199916e-04   4.2483997e-04   2.5199162e-03
   4.0430748e-20   1.7651577e-03   3.2398110e-04   1.4722139e-05   1.4533753e-03   2.6418699e-08   4.8334902e-04   4.0403749e-04   3.7243400e-04   1.8411909e-03
   1.4940500e-32   1.4551846e-03   2.0408708e-04   2.1810139e-04   1.2130342e-03   1.8186250e-18   1.5121272e-11   2.4868536e-04   3.1107831e-04   2.8179671e-04
   6.2408801e-28   1.5573623e-03   1.0302111e-05   2.5070115e-05   1.4140807e-03   3.9485667e-06   1.8126523e-70   6.4986920e-05   3.7335004e-04   1.2206772e-11
   1.7897994e-29   1.2777039e-03   7.9558085e-10   7.5451223e-06   1.6264770e-03   1.9650131e-04   5.6742878e-04   2.3365011e-05   3.1781879e-04   3.8707667e-12
   7.1249514e-30   1.7917821e-03   1.0487978e-04   2.6077849e-05   1.7217877e-03   2.2763329e-04   7.3773977e-04   1.0442945e-04   2.7361524e-04   1.9019705e-14
   8.9265139e-16   1.8793657e-03   3.8650761e-05   8.8769881e-05   1.1952009e-03   4.7470456e-06   5.9094488e-06   1.3551863e-04   2.0478434e-04   5.1853965e-04
   1.6793160e-19   1.9111709e-03   1.0853950e-04   1.3534035e-05   1.4631168e-03   1.7813327e-05   1.1253109e-04   1.0827105e-04   1.6551794e-04   9.0177089e-04
   1.9604020e-26   2.3039075e-03   2.2829260e-10   9.7793995e-05   1.4376023e-03   1.5854182e-19   5.7428645e-05   1.1577304e-04   1.5168075e-04   1.9079484e-04
   8.9353489e-35   2.5252472e-03   3.9949914e-10   1.7310142e-04   1.0948824e-03   8.0950717e-27   1.0521763e-08   1.6663439e-04   1.8352463e-04   5.1789502e-04
   6.0848884e-51   2.6177626e-03   2.2920926e-12   5.6467888e-05   1.4380166e-03   2.0012511e-24   6.0075798e-07   9.2341981e-05   1.5175053e-04   6.5376474e-04
   6.7967392e-37   2.7515845e-03   2.5492645e-05   2.1533857e-09   1.5780486e-03   1.9409753e-18   5.7916135e-17   2.8077348e-05   1.1715805e-04   5.3557821e-04
   4.0764691e-35   2.9968877e-03   4.1062092e-08   1.2434398e-06   1.2225209e-03   2.2201248e-21   6.7678358e-18   9.9357009e-09   1.1723941e-04   4.3488128e-04
   1.7928320e-38   2.6342370e-03   6.5853993e-15   2.0955523e-06   1.3898825e-03   6.5001902e-23   3.8766578e-15   3.0893036e-05   1.3403121e-04   3.1346002e-04
   6.4754948e-33   2.4291234e-03   1.1955042e-08   6.5692548e-09   1.6563740e-03   1.3868056e-16   3.3461235e-13   1.4101859e-05   1.2727621e-04   1.0630857e-04
   1.7039229e-28   1.7325747e-03   3.6044201e-05   2.7053990e-06   1.5196329e-03   7.4303799e-10   1.2095145e-71   4.0493113e-08   8.8671410e-05   5.5647537e-04
   1.0428301e-26   1.2714165e-03   3.5644505e-13   2.6588688e-07   1.9346001e-03   1.5796627e-15   3.6649546e-13   2.5611706e-09   1.0339150e-04   3.1851844e-04
   1.6684215e-27   1.3476420e-03   1.9538090e-15   1.0054941e-06   1.5785389e-03   2.5750021e-09   1.9238871e-06   2.6657138e-05   1.0352768e-04   2.1657988e-16
   4.6666180e-27   1.4159684e-03   1.5417407e-06   7.3793405e-05   6.3640278e-04   2.8662243e-06   1.1690938e-19   1.3833838e-05   8.5193672e-05   2.5131811e-04
   1.0866974e-35   1.0433474e-03   5.3503301e-06   2.2678339e-05   1.1321568e-03   9.5573802e-08   9.1966762e-28   1.6892618e-10   7.6415087e-05   6.9309084e-04
   1.1194757e-19   1.0812874e-03   2.9686540e-07   2.6826242e-05   1.1674309e-03   7.2011382e-11   8.9843649e-23   2.9779839e-11   7.5556761e-05   4.7155331e-04
   2.3283950e-22   1.3276033e-03   2.9737320e-05   2.5936770e-06   8.3179940e-04   4.7468378e-08   1.3053315e-04   1.0038041e-05   6.6731168e-05   6.9407799e-05
   9.3217873e-23   1.9432970e-03   6.0227714e-10   1.2458976e-06   1.0079566e-03   9.8882819e-24   1.0014815e-04   2.9994104e-05   4.7056086e-05   1.6871040e-33
   1.6094579e-27   2.0022808e-03   6.1306967e-15   6.2052281e-08   1.4601825e-03   3.6381624e-14   2.1897104e-09   1.2626950e-05   4.6645107e-05   5.2300248e-09
   1.3335331e-34   2.1613298e-03   7.7405987e-13   5.7071449e-07   1.3387053e-03   6.4596407e-05   6.4416799e-47   1.0308276e-21   6.3193921e-05   2.2516297e-17
   1.9820408e-29   2.1556255e-03   8.1561197e-14   5.2029450e-07   1.0962408e-03   3.6863222e-05   2.4940777e-34   2.8651528e-17   6.6336243e-05   2.9392388e-20
   2.7608999e-24   2.0458378e-03   5.3093203e-05   3.8887284e-07   1.0336019e-03   3.6303892e-05   2.8944397e-11   1.1368030e-05   5.4823547e-05   8.1626050e-07
   1.0103464e-21   1.3095391e-03   4.0511816e-05   3.7811967e-10   1.0563517e-03   1.0128095e-10   4.6844650e-08   6.8290409e-19   5.9565455e-05   4.8130672e-10
   2.9940095e-27   1.5228588e-03   7.1814196e-06   6.6062027e-09   1.9562783e-03   7.0936955e-14   1.6214928e-54   1.3611838e-05   4.9003398e-05   1.2542214e-17
   2.7496702e-23   1.5804875e-03   8.9403263e-15   6.7707901e-09   1.6336674e-03   1.4035019e-11   1.5910594e-88   2.7196847e-05   3.5947098e-05   8.9377129e-79
   4.6331099e-29   1.7539581e-03   4.3252974e-18   6.1201926e-06   2.1608919e-03   2.3424748e-21   8.1075792e-85   2.4311666e-21   4.1690266e-05   1.8922235e-32
   9.7846447e-36   2.4551231e-03   5.2033943e-19   1.0417433e-09   2.3520280e-03   5.9255524e-28   7.0105326e-42   1.2803286e-11   4.2553740e-05   6.4682015e-17
   5.4629939e-27   3.0149804e-03   1.0550552e-13   2.1702256e-06   1.5647930e-03   2.5591222e-18   5.0151515e-57   2.5231938e-22   5.2197386e-05   9.7314878e-08
   5.5607730e-24   2.6487487e-03   5.4180894e-14   2.8175109e-06   2.0999448e-03   8.9441288e-14   3.0630872e-66   2.3129257e-22   4.7453426e-05   1.7130942e-12
   8.3418144e-23   2.4824427e-03   2.7851337e-05   8.0171551e-06   1.7674284e-03   3.0552117e-06   1.4466566e-81   2.7714149e-10   3.9742802e-05   2.1704450e-07
   1.0739840e-35   2.3563743e-03   1.8145913e-09   1.5540865e-05   1.2978650e-03   2.7732684e-05   4.5223541e-47   2.8062689e-14   3.7316576e-05   2.4575801e-07
   6.5925913e-37   1.5258838e-03   5.8094616e-26   2.2412987e-08   2.1052727e-03   7.5179799e-06   4.0122509e-48   7.5572463e-06   3.9825070e-05   2.8779786e-42
   4.9934171e-19   1.9526085e-03   7.2977504e-19   5.4183997e-09   2.5442962e-03   1.5613647e-05   6.2804718e-42   1.7191227e-10   3.5804915e-05   6.6845951e-36
   1.3236174e-13   2.1848366e-03   2.4579332e-09   2.2679303e-10   2.3540887e-03   5.9462612e-05   1.0285322e-39   7.0587335e-16   3.3561480e-05   2.5417619e-11
   1.1535606e-18   2.0768247e-03   1.1130757e-18   4.6722834e-10   2.1718265e-03   3.3354724e-05   1.0934181e-88   5.5089050e-06   4.1277637e-05   1.9252536e-20
   8.7363889e-26   2.5206938e-03   9.5544617e-16   1.6822480e-06   2.5004939e-03   7.0954371e-05   1.2079822e-51   6.4066597e-06   3.5951176e-05   2.1275834e-30
   4.4261476e-25   2.4046771e-03   1.1617716e-26   3.5198549e-06   2.3485248e-03   2.8000879e-05   7.4605664e-45   7.3242392e-06   5.3152064e-05   8.8593709e-65
   1.3928282e-25   3.1972279e-03   1.5371477e-12   2.6808170e-06   1.6284056e-03   7.2626849e-05   5.7696430e-52   1.1986984e-05   4.7161903e-05   2.1858741e-19
   3.9574535e-21   2.9768179e-03   6.9517445e-13   4.5815677e-07   1.5341277e-03   2.6554950e-07   4.6516942e-34   3.5251312e-05   4.0200381e-05   2.2338126e-18
   1.1729620e-16   3.4619760e-03   8.7707212e-17   2.0849127e-10   1.5579357e-03   1.4871052e-07   4.8850207e-09   8.3380296e-14   4.4506883e-05   2.3603170e-24
   8.1549609e-18   3.2091294e-03   3.7499658e-21   2.8860168e-09   2.2504631e-03   1.9574432e-05   1.6059753e-12   2.5806387e-22   5.0490068e-05   1.9845685e-23
   5.1269965e-22   2.9471120e-03   1.8602435e-18   6.9131461e-10   3.2693003e-03   2.7113871e-05   3.4211583e-26   9.1601898e-07   4.4395438e-05   4.9310154e-35
   2.8984025e-23   4.1751617e-03   4.7337804e-15   5.8681823e-07   1.6155127e-03   1.3074770e-05   7.5868974e-08   6.4057013e-11   3.5552295e-05   2.2192428e-23
   8.0994712e-17   4.7794633e-03   1.0593168e-18   2.2804047e-07   1.9797448e-03   4.4577708e-05   4.7394844e-33   4.3925702e-09   2.2688789e-05   1.2242877e-25
   1.0748114e-28   4.5303944e-03   3.9608735e-28   5.2182350e-08   2.2635090e-03   2.6356892e-05   1.6903690e-26   2.9396414e-13   3.6312107e-05   2.4536425e-38
   5.7690881e-33   4.8486318e-03   1.8751196e-19   5.7456533e-06   1.5269037e-03   3.4799035e-05   7.4786470e-17   6.1528658e-24   4.9394680e-05   5.2639185e-27
   2.3862788e-17   4.6547548e-03   2.3655749e-12   1.7230303e-05   1.2780494e-03   1.0102192e-04   2.7148378e-10   8.8115672e-20   4.3048315e-05   2.2243066e-05
   1.1362338e-23   4.2893034e-03   2.9724631e-13   1.1864982e-05   1.5829426e-03   5.4822719e-05   5.9849192e-13   5.0204092e-35   4.9690901e-05   6.3760124e-39
   3.7926168e-22   3.6591180e-03   4.9820222e-10   3.1018882e-06   1.4812318e-03   3.7753722e-06   4.5711110e-25   1.4655245e-16   5.8807975e-05   5.0408197e-06
   1.3614146e-10   3.1119044e-03   8.9940660e-10   1.5658871e-05   1.2325692e-03   2.7627808e-08   9.8811720e-50   2.1960428e-15   5.4751144e-05   1.0346928e-08
   3.0266839e-10   2.4747002e-03   5.0765944e-08   9.9726194e-07   1.8305637e-03   8.6886568e-15   3.8729043e-55   6.6986399e-26   4.6916650e-05   8.8971293e-26
   2.2330254e-12   2.2885124e-03   2.9871108e-06   2.6087328e-06   1.6999485e-03   3.1794696e-12   6.1031904e-25   2.0207305e-06   4.2048562e-05   6.5715607e-16
   4.2368947e-24   3.4183086e-03   1.8595315e-09   4.4113959e-07   1.2213628e-03   1.3451292e-05   2.5585858e-05   2.2083577e-16   3.2194887e-05   5.5696310e-05
   5.9514485e-24   3.5160457e-03   9.9063945e-14   5.6455498e-07   1.7527273e-03   5.0478269e-15   4.5602848e-06   2.9571201e-09   3.2295027e-05   1.0367195e-11
   1.1446641e-14   2.9320754e-03   3.1917556e-12   3.9728001e-08   2.6653314e-03   1.3208986e-06   6.7143985e-09   8.6575778e-14   4.7191488e-05   7.1947337e-33
   2.2150125e-11   3.2391094e-03   2.5606880e-14   1.0234782e-08   2.3376666e-03   4.3378435e-07   5.9760618e-09   5.4845225e-29   5.8218990e-05   6.7485320e-55
   2.1821382e-11   3.7596444e-03   2.9459725e-09   1.7903618e-10   1.4316759e-03   1.0014927e-05   3.5699031e-14   1.3685344e-26   5.4028571e-05   9.4453080e-28
   6.9469132e-17   4.0631903e-03   1.2541530e-11   3.4343741e-06   1.0586420e-03   2.7515504e-07   7.8891679e-07   1.5231723e-30   6.2758384e-05   1.1996158e-11
   2.9913254e-20   3.3577683e-03   5.3599396e-15   1.9235968e-06   1.9914302e-03   1.9160654e-07   2.8959774e-06   7.5953685e-25   4.8427377e-05   2.0930359e-36
   8.8241354e-11   2.9292699e-03   5.7574817e-22   5.9795656e-08   2.0976654e-03   5.3042462e-06   9.1615783e-07   1.0673444e-28   4.6495836e-05   4.3188125e-28
   2.4800898e-09   3.5168388e-03   1.0766934e-11   2.2906528e-08   2.2164980e-03   6.1571789e-05   1.9964210e-10   4.9941716e-24   4.1265852e-05   1.2938636e-35
   3.9231650e-15   4.0927988e-03   4.7589766e-11   7.6380362e-09   2.1209781e-03   3.4883476e-05   6.9815232e-30   1.7452576e-29   4.5381945e-05   4.6793346e-31
   4.8736300e-09   4.4458854e-03   2.1910030e-10   4.8066770e-08   2.5603962e-03   6.7592950e-12   1.8070018e-24   3.8833645e-15   4.0548816e-05   8.9061697e-32
   2.1913605e-07   4.3443689e-03   3.9872615e-17   1.0444958e-07   2.7754684e-03   8.0188694e-15   1.6340553e-13   4.3965918e-23   3.8090060e-05   4.9616463e-32
   2.4948811e-11   3.9005926e-03   3.6756609e-14   3.8590881e-09   2.2137782e-03   3.5712736e-09   6.5056652e-17   2.3104512e-29   4.5485381e-05   5.8102929e-24
   8.6536069e-11   2.5031891e-03   2.5827895e-10   2.0273726e-11   2.6246648e-03   2.7751057e-29   5.5462396e-24   6.6435761e-22   4.5711980e-05   3.2299983e-08
   9.5331959e-08   1.3968470e-03   1.7903072e-08   5.0545715e-08   3.1096747e-03   2.7428450e-05   1.2909569e-29   8.0677729e-06   3.4815458e-05   8.5472212e-48
   3.7704157e-16   1.7603131e-03   3.1300823e-06   1.4224580e-09   1.8077384e-03   4.7778104e-05   1.1026565e-08   2.5986112e-06   5.1914809e-05   2.0645914e-04
   1.9403619e-14   2.1869156e-03   1.2985836e-17   2.7312000e-14   1.4422276e-03   4.7467340e-05   7.7287692e-07   8.3702678e-18   5.0759982e-05   7.1160931e-05
   6.9929469e-07   1.7293667e-03   8.4243064e-18   6.4719402e-14   1.7552385e-03   2.0073491e-05   1.1130128e-17   3.7017134e-14   4.3739010e-05   1.7355559e-18
   5.6615817e-11   1.8896019e-03   2.5380858e-20   1.6508134e-09   1.9801335e-03   4.4535372e-05   4.2347868e-46   9.5696894e-29   5.4790504e-05   1.0015832e-26
   1.4478955e-05   1.7367821e-03   2.9660811e-09   8.0365593e-08   1.8907566e-03   1.0563584e-04   1.3003058e-39   5.0568610e-20   5.0337632e-05   7.4271652e-10
   1.4633609e-14   2.7846694e-03   2.4945499e-08   6.5460601e-10   1.7842741e-03   9.0312000e-06   1.2923630e-22   6.8460945e-33   5.2934767e-05   1.5807546e-07
   2.0074066e-13   4.5671411e-03   6.5899539e-05   2.7915306e-06   9.0468222e-04   7.5075614e-12   3.1446715e-16   3.4352525e-34   5.1254305e-05   6.1226389e-05
   6.7135896e-22   4.7182141e-03   1.3225461e-06   1.5967738e-09   1.8444978e-03   2.6701485e-16   1.3994430e-09   2.1351128e-29   3.9561641e-05   5.8789941e-15
   7.5006136e-33   5.2640856e-03   4.4986889e-10   1.0711358e-05   1.0461150e-03   1.8172746e-05   8.8335424e-13   3.0831792e-08   3.5174609e-05   5.6246610e-09
   3.2960868e-05   4.7746773e-03   2.1788058e-14   3.7893980e-06   1.2597114e-03   6.5257460e-05   1.2284696e-26   5.2268980e-06   2.6015414e-05   2.5670774e-05
   2.9698795e-07   4.0552633e-03   1.7918745e-19   2.8416854e-08   1.3103978e-03   5.7215022e-05   6.3621607e-48   9.3842964e-16   2.9204542e-05   8.8817306e-27
   6.0075224e-05   3.6183629e-03   3.2830132e-19   1.0979120e-09   1.9600861e-03   5.4461506e-05   1.0125926e-44   9.9179414e-14   2.9734554e-05   8.0898993e-20
   6.1843605e-05   3.8033693e-03   1.7333106e-18   6.2093302e-11   1.3157776e-03   1.5283741e-04   7.9309178e-10   7.4830989e-13   1.9302328e-05   3.3060942e-07
   5.7908962e-05   2.9433381e-03   6.4864486e-12   4.0330092e-10   1.5674011e-03   1.7780178e-04   1.2495377e-22   2.2325845e-11   1.9688704e-05   1.7238747e-11
   3.8987002e-06   2.2546591e-03   4.6355154e-14   1.3059925e-09   2.1897722e-03   8.4966832e-05   9.2853722e-46   6.2132004e-14   3.9238426e-05   3.0244902e-16
   1.0283526e-10   2.3623025e-03   5.9479509e-19   1.3509869e-07   1.8939031e-03   6.2908442e-05   3.8076139e-47   1.1213970e-32   3.4924578e-05   1.7822998e-14
   2.8467475e-18   2.8680773e-03   1.7576401e-10   8.9362160e-07   1.3121626e-03   2.8536727e-05   6.5561175e-69   1.0489985e-43   3.2740808e-05   5.7087234e-15
   1.3990016e-15   3.0114993e-03   5.0650640e-23   2.7459240e-08   1.4157544e-03   8.4717556e-06   4.0069506e-35   1.2793236e-27   3.8245385e-05   2.8045550e-06
   1.6751338e-10   3.4834932e-03   6.5366713e-09   8.0532362e-07   1.3158924e-03   3.2054129e-05   3.6489727e-38   3.9564220e-18   3.9876130e-05   3.2506014e-16
   3.5392967e-05   3.7340972e-03   3.2340211e-05   2.5746553e-07   1.0989370e-03   1.0444565e-04   3.0684914e-55   4.4229619e-14   3.1630704e-05   2.5353958e-11
   3.4115509e-05   3.6091270e-03   1.4075577e-12   7.7593335e-08   1.2096827e-03   8.6654769e-05   1.5813266e-73   1.2792585e-17   3.2318472e-05   8.2252563e-06
   3.5800025e-05   3.5301247e-03   4.8800362e-14   5.0426586e-07   1.2311421e-03   1.3362172e-04   2.9053343e-44   2.1469887e-05   2.0723470e-05   1.8130787e-07
   3.6474164e-05   3.7467785e-03   1.9097851e-15   3.2729501e-06   9.3286820e-04   1.3897283e-04   2.0675550e-63   1.5801005e-14   2.0008406e-05   5.7637891e-16
   1.6200338e-05   3.2596930e-03   3.8500469e-08   2.2633301e-05   1.0842571e-03   9.1759520e-05   2.1303343e-85   7.1716810e-14   3.2857940e-05   8.0807307e-18
   8.2249990e-06   2.9378488e-03   4.3968773e-17   2.7904758e-05   9.5506178e-04   1.2841030e-04   1.6508873e-60   1.3112757e-08   2.9193591e-05   1.1813206e-08
   1.7563826e-12   2.4056451e-03   8.6416631e-10   8.1764570e-05   1.0232377e-03   1.3274309e-04   1.6085612e-80   1.9481091e-05   3.0395642e-05   8.0218558e-12
   1.3624640e-17   2.3123399e-03   3.2242814e-09   2.2396071e-05   1.1277084e-03   9.3246581e-05   4.9851869e-50   3.2312351e-05   3.2474050e-05   6.6051861e-11
   8.5828563e-08   2.1162698e-03   1.2721897e-10   1.4822932e-05   1.2281510e-03   9.5350257e-08   1.0023056e-52   5.2280807e-05   2.7705635e-05   1.6369548e-29
   4.7423213e-05   1.5620316e-03   1.6556983e-11   2.9978881e-05   1.3809593e-03   4.5783154e-05   2.0718810e-49   2.0346184e-05   2.0615052e-05   3.0994963e-18
   4.6551751e-05   1.7479598e-03   1.7053641e-05   2.5721607e-06   1.2288969e-03   5.2735985e-05   7.7405529e-42   4.0859232e-05   2.6955935e-05   1.5561860e-15
   2.4499193e-05   2.2342401e-03   3.9055732e-05   8.5166924e-08   1.4910861e-03   1.0811373e-05   1.3914398e-67   4.1469955e-05   1.9761095e-05   2.1499734e-27
   8.4014979e-12   2.4164030e-03   1.8292546e-05   6.6168932e-08   1.5202870e-03   7.3236901e-05   2.7374485e-72   2.2890657e-05   2.2689523e-05   5.2855592e-31
   6.7386409e-14   2.8191287e-03   1.3492013e-05   1.5004928e-05   1.2525446e-03   7.0192763e-05   4.8219590e-36   1.1340486e-06   1.8050278e-05   1.0876783e-18
   5.2783891e-12   2.7878990e-03   1.1024389e-08   3.8846668e-06   1.0591704e-03   9.9781085e-06   3.5743659e-26   4.1467429e-05   2.7643788e-05   1.7558151e-08
   4.0056016e-05   2.8481494e-03   7.9194468e-06   1.1746441e-05   9.7890759e-04   1.0071643e-04   2.7824334e-42   9.0110951e-05   1.6041721e-05   3.3366153e-20
   7.2149592e-05   2.5134908e-03   6.2227549e-09   3.1249010e-05   8.6703094e-04   1.0228428e-04   1.7079242e-51   1.0002438e-04   1.3455665e-05   3.8136175e-26
   6.5129823e-05   2.5972271e-03   3.8394612e-05   9.5293938e-06   5.9334804e-04   7.1231268e-05   2.2338598e-43   4.6617645e-05   1.0049835e-05   7.8427753e-14
   4.4327838e-05   1.9945311e-03   1.5761999e-12   3.1723867e-05   1.1355487e-03   1.9474917e-18   7.2173744e-50   4.8368380e-05   6.6099992e-06   2.0038654e-63
   3.5146134e-05   1.8271761e-03   2.3528309e-05   7.3904583e-06   1.4332509e-03   8.2468968e-06   2.7168999e-36   1.0056617e-04   1.0318433e-05   7.4120422e-19
   2.2839020e-05   2.1017840e-03   1.5350910e-05   1.6082362e-05   1.0779295e-03   1.1652630e-05   1.6080518e-93   6.9227951e-05   1.4516451e-05   1.1388017e-13
   2.6546742e-05   1.9247878e-03   1.5879752e-08   3.3587741e-05   1.0187092e-03   4.8661484e-06   2.1924815e-48   5.7207908e-05   1.7061145e-05   4.2908982e-16
   3.6417506e-05   1.6817634e-03   4.2364479e-05   7.8767624e-06   6.8695978e-04   6.4271103e-15   1.0310710e-62   6.7104581e-05   1.7509934e-05   3.4430031e-27
   2.4602989e-07   1.0373255e-03   3.9855910e-21   3.2252868e-08   1.4354597e-03   4.8877744e-05   1.0285524e-76   1.1046356e-04   2.0313688e-05   3.1405102e-40
   6.8077706e-05   1.3710504e-03   6.0146205e-14   1.7210497e-08   1.4690573e-03   7.7816318e-05   5.9658226e-44   8.5590394e-05   1.3017710e-05   1.0990701e-46
   4.8722421e-05   1.5223638e-03   6.2165826e-13   7.4441389e-11   1.5568883e-03   1.3436335e-11   5.0242377e-58   4.9515140e-05   2.0603377e-05   1.3169629e-38
   8.7766088e-05   1.2861489e-03   5.8282871e-15   6.4652580e-08   1.3873031e-03   1.8079547e-16   1.1518697e-49   3.2151757e-05   1.6943459e-05   9.7182470e-30
   7.1533683e-05   1.6143795e-03   2.4496024e-21   1.6027959e-07   1.4941040e-03   2.2744508e-05   4.4955431e-43   5.2533896e-05   8.0261907e-06   3.2115337e-46
   2.5988692e-08   2.2651416e-03   5.1059367e-21   1.1812103e-07   1.2392961e-03   2.8036628e-06   1.9179920e-41   7.9972431e-05   1.5589462e-05   3.6874188e-51
   4.5217205e-05   2.2917862e-03   1.3422255e-19   3.8648998e-09   1.3488251e-03   1.3564621e-08   4.4487025e-43   7.4678627e-05   1.8765567e-05   1.8995286e-32
   1.0845595e-04   1.9710931e-03   1.6499775e-18   7.0690763e-09   1.2912360e-03   5.5371390e-16   6.1874889e-33   4.1111337e-05   1.7770427e-05   3.6967003e-29
   1.1609620e-04   1.4331866e-03   3.0809420e-21   8.7124636e-09   1.2855366e-03   6.5739987e-07   4.6450242e-31   1.1408147e-05   1.9086616e-05   6.9553018e-44
   5.8007234e-05   1.4106430e-03   9.1607714e-16   1.0323154e-08   1.3006037e-03   1.4707437e-05   3.5561805e-37   1.8240931e-12   1.6728463e-05   3.7503672e-31
   2.6804901e-05   1.5406731e-03   6.8524397e-06   1.6324344e-08   9.4285469e-04   8.1718715e-10   2.7831711e-99   5.0700363e-05   2.3762413e-05   5.0419489e-23
   6.0423174e-05   1.4979687e-03   1.5230371e-20   7.7346338e-13   1.2788103e-03   2.3674952e-09   4.9987841e-52   5.8554224e-05   1.9642812e-05   4.2768591e-45
   3.6561537e-05   1.6272868e-03   7.3302604e-14   3.6457459e-10   1.3091771e-03   1.3109561e-05   9.7945006e-32   5.7047475e-05   1.7401444e-05   8.9334513e-54
   5.3688206e-05   1.7344841e-03   3.4456358e-20   5.6910291e-10   1.4027394e-03   8.4705373e-07   5.0086801e-34   4.4232820e-05   1.5438672e-05   2.8116833e-34
   3.0836939e-05   2.2348535e-03   4.7863192e-20   4.1321824e-09   9.3018192e-04   4.1125871e-06   1.0156446e-29   4.1368904e-05   1.9895627e-05   3.5371039e-18
   2.1925364e-06   2.7252722e-03   7.6176883e-20   2.6250890e-07   6.6111138e-04   5.2751736e-10   5.9732940e-24   4.3394490e-05   3.0069623e-05   3.2144952e-07
   2.0174424e-06   3.1732440e-03   2.2430436e-13   3.7820653e-08   7.0292054e-04   4.2953008e-09   7.5749787e-32   2.3848117e-07   2.3497740e-05   1.2271335e-18
   1.5182614e-15   2.9540918e-03   2.5879977e-29   6.4395764e-07   1.0084981e-03   1.4535877e-05   7.8497094e-35   1.7043760e-27   1.8531830e-05   1.6288598e-41
   9.7600552e-09   2.1927431e-03   2.5110976e-30   4.8755025e-07   1.3546887e-03   2.5687315e-05   2.1241038e-25   7.6214681e-06   1.6537284e-05   2.3232175e-54
   7.8741310e-14   2.0194067e-03   1.7487007e-27   5.3254115e-07   1.2762410e-03   5.5720640e-05   6.6129842e-25   8.5843513e-06   1.2353115e-05   2.7053604e-49
   2.2334976e-05   2.0153126e-03   4.3139938e-25   9.6602524e-08   8.9346834e-04   3.9753919e-05   2.0555333e-49   1.7086910e-07   1.6802898e-05   8.9081736e-46
   2.0293973e-05   1.7221370e-03   1.3856147e-14   4.2617462e-07   8.1531997e-04   1.0875387e-08   2.8698597e-57   1.8446792e-07   2.2306299e-05   1.6421714e-38
   9.8250183e-17   1.3675280e-03   4.5970676e-20   1.1189179e-07   7.5082573e-04   1.1329799e-05   5.8123010e-48   5.3195590e-06   2.5441207e-05   1.8533223e-40
   1.2920356e-17   1.4636722e-03   1.1635474e-25   6.5958780e-08   9.0096017e-04   7.3200754e-06   4.0592195e-41   6.3079099e-06   2.3881114e-05   8.3872743e-30
   1.5908844e-09   1.5222811e-03   2.0147749e-19   1.4059955e-07   1.0505486e-03   2.3823305e-05   1.2541807e-47   1.0673644e-05   1.7527472e-05   5.5668887e-21
   1.5804190e-07   2.2391314e-03   1.6863441e-15   1.9330764e-06   7.0473031e-04   5.7949595e-05   3.1771844e-22   1.7498424e-05   1.0727232e-05   1.7791775e-17
   1.4708864e-05   2.2912492e-03   9.0464995e-24   2.1903547e-05   5.8764271e-04   5.5245751e-06   4.9546550e-42   5.8490726e-23   1.6186030e-05   5.1111373e-28
   4.1765475e-09   1.9817131e-03   2.6289033e-18   2.0335483e-07   5.2307174e-04   1.7642038e-09   4.5258010e-22   8.8205691e-06   1.7402402e-05   4.9166228e-32
   1.9077278e-15   1.7956857e-03   1.5265084e-26   1.7493565e-06   8.6501637e-04   5.2108470e-08   9.8141445e-52   1.8533522e-05   1.5199880e-05   4.2770053e-42
   3.4085573e-11   1.8018662e-03   4.0136306e-20   8.6139535e-07   8.3383988e-04   4.5548693e-07   7.9280033e-72   9.3044005e-06   1.5918812e-05   4.1192975e-41
   6.5445091e-11   1.3900514e-03   2.5870871e-12   8.8971060e-07   6.7791401e-04   2.0411454e-07   8.8054478e-14   5.9592582e-08   1.7756666e-05   1.1602275e-57
   1.2718281e-05   1.1850345e-03   9.8359123e-13   1.4257716e-06   5.4968812e-04   8.9849104e-08   1.0960138e-27   2.1441844e-05   2.0306635e-05   7.0743952e-32
   1.0523511e-05   1.1651936e-03   2.9502631e-08   1.3173280e-09   5.3056979e-04   2.3355979e-06   7.3201420e-10   1.7621936e-05   1.3476883e-05   3.9122721e-37
   1.3237870e-07   1.2403545e-03   2.2447036e-24   1.2210307e-14   6.9887457e-04   4.8723372e-06   3.8286397e-38   1.2135129e-05   1.6184380e-05   1.4681147e-54
   1.3351433e-05   1.2369177e-03   3.4799797e-18   5.5200356e-12   7.0411586e-04   4.1124228e-10   3.1045033e-14   1.9230556e-12   1.5472575e-05   1.4916695e-41
   1.8209979e-05   1.2054915e-03   2.2484722e-17   2.0877692e-09   6.4979931e-04   2.1552096e-08   2.1633234e-23   2.6405297e-14   1.0147381e-05   1.0948093e-51
   1.7892191e-05   9.7923545e-04   1.1120935e-21   1.2013693e-08   6.3018997e-04   2.9346304e-07   1.6207027e-57   1.6346981e-06   1.2072757e-05   4.7361917e-57
   1.3722030e-05   8.2866187e-04   9.9280859e-24   8.8494217e-08   6.4066292e-04   1.0200948e-09   2.0753912e-64   1.5692744e-05   9.5074642e-06   9.0578508e-57
   1.2015305e-06   9.9390634e-04   2.6737049e-20   3.7245870e-08   7.2873974e-04   2.1910367e-08   1.1978009e-33   1.6929312e-05   1.1588552e-05   4.0070526e-60
   4.3720389e-13   9.4693867e-04   1.2625765e-18   4.5006731e-09   8.1398544e-04   1.1938151e-05   1.7549635e-50   2.0367224e-05   9.6801557e-06   8.4839423e-47
   1.8919983e-14   1.0889463e-03   4.1385768e-17   4.8477706e-08   5.3466233e-04   6.3328469e-06   3.7983607e-39   1.0346482e-05   7.4594978e-06   2.1459923e-29
   6.5041904e-12   1.3682946e-03   2.4563125e-05   1.1065468e-05   1.6967615e-04   5.3586517e-12   2.8067658e-45   1.1322901e-05   7.3122204e-06   3.0800208e-17
   7.9339018e-08   1.2233747e-03   1.0967350e-17   2.0276653e-07   4.7253815e-04   4.8983622e-07   3.3253106e-33   8.2779386e-06   6.6902129e-06   7.4938306e-39
   1.4389085e-21   1.2396151e-03   1.7962601e-20   2.8091247e-06   3.9690878e-04   2.7700046e-06   1.1595196e-78   1.1289208e-10   9.2057038e-06   2.6973649e-54
   7.8982369e-19   1.0399982e-03   8.4904229e-13   6.9207589e-06   2.6946926e-04   2.7883053e-10   2.6320961e-52   1.1874823e-06   9.3273209e-06   7.7049844e-37
   6.3351523e-06   7.8267546e-04   7.5042035e-09   2.5273895e-06   2.8663400e-04   4.4077717e-06   4.0271631e-37   8.1503783e-06   6.5443929e-06   2.4766382e-41
   3.3047206e-16   8.1448978e-04   1.3989286e-24   2.8479460e-06   3.5340794e-04   1.8634737e-13   4.7168005e-23   3.4670449e-22   7.8135136e-06   1.2531013e-40
   1.3211373e-07   8.1547566e-04   2.5118519e-22   3.8540902e-06   2.7712877e-04   3.5950818e-06   8.6525728e-30   8.3275439e-15   6.9535605e-06   4.9819400e-38
   1.4501212e-05   7.8924549e-04   2.8171834e-29   8.0482212e-06   2.5120538e-04   7.7856270e-09   1.2018601e-20   5.2900478e-07   3.7925568e-06   5.8482588e-47
   2.2034801e-05   8.3526646e-04   8.0172322e-12   1.1131475e-05   3.0249682e-04   1.7154931e-05   1.2162126e-18   4.1606055e-11   6.9303008e-08   3.8982620e-37
   1.3624965e-05   8.1257687e-04   1.1025904e-10   3.3865175e-05   2.2634579e-04   5.5161836e-26   1.1126721e-45   3.2192728e-09   3.7190251e-06   3.2967229e-19
   1.5013230e-05   7.3323061e-04   8.0843647e-15   2.2614905e-05   2.2380035e-04   3.0483503e-19   1.3685393e-56   2.1429341e-20   4.9099979e-06   2.3638768e-16
   1.0453763e-05   6.7124483e-04   4.9428813e-17   2.5909819e-05   1.7403666e-04   5.6363207e-12   4.0649887e-78   8.8493488e-06   4.2759623e-06   1.5483885e-16
   1.2220958e-09   7.3158959e-04   1.4799739e-22   2.5836145e-05   1.7495028e-04   1.8448417e-23   2.3330857e-70   9.1721907e-06   4.2721443e-06   1.7776100e-30
   5.4680910e-06   7.1505520e-04   7.7734968e-20   1.1744820e-05   2.0661824e-04   7.2201028e-06   1.2850750e-19   3.6327595e-06   2.5572241e-06   1.4701638e-43
   1.2501654e-05   5.8744722e-04   4.4904192e-22   2.3026552e-06   2.4557761e-04   9.1143532e-06   2.0861394e-10   9.3350003e-06   2.8007322e-06   1.9041681e-51
   9.5441299e-06   5.0649633e-04   2.2128715e-07   1.3164601e-06   2.5590811e-04   7.8781449e-06   6.2011817e-07   6.7596586e-07   2.5081911e-06   6.8897588e-52
   8.0867438e-06   5.6533319e-04   2.6172404e-15   9.9744423e-07   1.8699321e-04   4.7992086e-06   2.6169800e-07   3.6505235e-06   3.9228976e-06   2.4377834e-38
   2.5769983e-06   6.0155391e-04   1.6033356e-19   4.8528522e-07   1.5514919e-04   9.8072592e-06   9.9513739e-32   7.6828095e-06   3.7495436e-06   3.0996170e-40
   2.4870501e-14   6.1466288e-04   1.5199013e-16   3.1892229e-06   1.3945716e-04   6.4350483e-06   9.4504192e-44   8.0496143e-06   3.1295760e-06   2.4457186e-36
   4.5968908e-06   5.4839129e-04   1.6092436e-13   6.7094126e-06   1.3362823e-04   3.9177914e-12   1.7567602e-10   4.3408233e-06   3.1508625e-06   3.9900039e-32
   7.6899134e-06   5.3166158e-04   7.2277713e-18   1.9404608e-06   1.7495140e-04   5.7021219e-06   1.3511903e-10   5.5568889e-06   2.5053205e-06   2.7345961e-50
   6.2993672e-06   4.9621228e-04   1.9558308e-18   3.3312535e-06   1.2478173e-04   5.5557437e-06   9.4485328e-26   3.9381634e-06   2.9084925e-06   6.0500451e-45
   9.7573584e-06   4.2928921e-04   8.6851036e-14   8.0817167e-06   7.9479430e-05   1.8048251e-08   1.6506015e-68   2.0479323e-06   3.0105666e-06   1.1099320e-19
   9.0267962e-06   4.1535585e-04   1.1625360e-10   9.7773819e-06   8.9217960e-05   7.9757219e-14   2.0881510e-30   4.1630967e-06   2.3248837e-06   4.5456013e-14
   1.2405386e-05   3.5437547e-04   8.1161683e-17   1.2344940e-05   9.2830763e-05   1.0798426e-12   3.1318038e-40   1.7852410e-06   1.9831847e-06   1.9313339e-54
   1.1676335e-05   3.1965870e-04   2.4673730e-06   6.9878346e-06   8.5514547e-05   1.2223060e-05   7.3159918e-35   6.5708848e-06   1.5545022e-06   4.7561447e-21
   1.3090709e-05   2.8630049e-04   8.7480431e-09   8.6744562e-06   1.1545975e-04   6.7257279e-06   3.5078520e-10   2.8988304e-07   1.6100446e-06   8.7481115e-32
   1.5405554e-05   2.6276954e-04   9.2358280e-07   1.9956762e-06   1.6447893e-04   1.3461767e-05   5.5560740e-06   1.1274575e-06   1.1527094e-06   1.6865051e-44
   4.6885658e-06   2.8594541e-04   3.5359383e-06   1.3977938e-06   1.2358190e-04   1.3294789e-05   6.9325026e-06   5.8149474e-06   1.6079727e-06   2.6506183e-23
