   3.3897289e-02   2.8077923e-24   2.4002948e-03   3.0333336e-03   2.9831517e-81   3.1522840e-03   3.9799036e-03   1.2074383e-02   1.5515707e-03   1.7534182e-03
   2.8167259e-02   2.5772968e-21   1.8073522e-03   1.5903662e-03   7.7697400e-64   2.4358858e-03   3.5941027e-03   9.8261498e-03   6.9981518e-04   1.0065530e-03
   1.5436257e-02   1.2073191e-21   6.0723832e-04   3.0687893e-07   1.0812893e-41   9.7835707e-04   2.6335701e-03   5.5477863e-03   1.0841147e-07   4.3050549e-04
   1.2303072e-02   2.1367279e-29   3.4717502e-04   6.3219713e-19   1.0441211e-58   5.2958041e-04   2.1538947e-03   4.3593600e-03   1.0042563e-11   1.6433473e-04
   1.3187417e-02   3.6277921e-39   6.8400828e-04   2.1668511e-17   9.1179109e-58   1.8400253e-04   1.4868894e-03   5.8227523e-03   1.2050674e-18   1.3334054e-04
   1.2792291e-02   2.8424477e-36   1.4176128e-03   4.5412560e-15   4.9513421e-68   1.8956421e-07   1.4459293e-03   7.2962120e-03   7.5271432e-18   3.5879144e-07
   9.9567165e-03   5.8507671e-32   1.3627429e-03   1.2307259e-13  4.9576816e-104   1.6694417e-05   1.5916015e-03   1.4434925e-02   5.2376920e-14   1.7958663e-06
   6.8357313e-03   5.7823539e-19   5.1892616e-04   8.6465945e-25   8.8793510e-93   3.7902708e-08   1.3848124e-03   2.4093376e-02   3.1057066e-16   2.8932515e-04
   5.1364741e-03   1.5137352e-15   2.0468508e-04   2.2124149e-08   2.2171550e-46   4.1599043e-05   1.0388334e-03   4.6107149e-02   7.3302574e-09   3.5515975e-04
   3.9641084e-03   3.5210395e-09   3.4610652e-04   1.5869730e-03   1.4499055e-14   6.5602741e-09   1.8638828e-03   7.9099060e-02   3.1997037e-25   7.1506455e-04
   4.4486657e-03   7.9182243e-05   3.8826056e-08   3.2509646e-02   2.4290673e-02   2.1436465e-21   5.7682124e-03   9.0141282e-02   3.3459554e-25   1.4417201e-03
   5.5606204e-04   4.9945557e-05   4.3448346e-09   8.3677537e-02   2.1093040e-06   1.2892553e-26   2.8417681e-02   3.2390798e-02   8.0099315e-20   5.0179238e-03
   4.9567651e-17   8.6484162e-11   4.9951555e-04   1.2273351e-02   6.3596166e-14   2.4452373e-04   7.1610200e-02   3.5525801e-27   1.2218665e-08   3.0861243e-03
   2.6488046e-25   7.8671575e-27   2.7379938e-08   1.2354446e-40   1.5238774e-74   1.8067490e-01   5.3932191e-02   1.2356121e-45   2.2553010e-02   1.0925791e-03
   3.6254714e-14   6.4596743e-28   2.2556467e-02   3.8562438e-31   8.3467571e-65   2.0557845e-01   1.7308733e-02   1.2443421e-24   1.0494380e-01   2.5879590e-03
   9.7555824e-10   4.6654106e-42   4.4283798e-02   3.2854960e-25   5.2731722e-59   5.7853091e-02   6.4501470e-03   1.1024247e-02   8.7672730e-02   8.5667334e-04
   8.6742133e-04   1.5017762e-35   2.2943230e-02   7.3497111e-26   1.9670298e-83   5.4486918e-03   3.4667489e-03   2.7723411e-02   1.1373329e-02   3.6086637e-04
   1.1728700e-03   3.0788007e-30   1.9206287e-03   2.4177488e-23   7.7004661e-69   1.7900304e-03   2.5852329e-03   3.9836704e-02   1.0754126e-03   2.1484946e-04
   8.9313275e-04   3.3323053e-25   1.0828899e-03   4.4185045e-09   3.9892412e-40   1.1445581e-03   1.4632084e-03   6.4743830e-02   2.5190975e-04   1.7545631e-04
   6.1678486e-04   8.3927095e-18   5.8703333e-04   6.9215155e-05   4.3837483e-12   1.9044945e-04   1.8039218e-03   8.6041676e-02   1.9782220e-04   8.3255698e-05
   2.8426910e-04   1.1197665e-10   3.7235387e-04   2.2086144e-03   2.6509392e-02   9.2531584e-17   2.4622319e-03   8.2012965e-02   1.2183894e-09   7.5716741e-05
   9.2940547e-04   1.4842600e-04   6.9206833e-05   3.9417001e-02   4.0841349e-02   2.7396014e-26   5.3909372e-03   5.6180654e-02   9.4424783e-16   4.9636031e-08
   1.7058363e-04   4.3002199e-04   3.2864941e-09   9.5330921e-02   1.6390823e-03   2.9514517e-39   9.8703010e-03   2.6378756e-02   7.2084433e-14   2.2905778e-05
   4.8036586e-05   7.3595579e-05   2.2083029e-04   6.5716982e-02   2.3288009e-27   3.0676173e-44   2.0887729e-02   6.8666633e-03   2.2364048e-19   1.3456838e-07
   3.3133331e-12   4.7290605e-08   7.1637730e-04   6.1065915e-05   9.8322537e-56   3.4592529e-35   4.2726044e-02   3.2258290e-18   3.6858405e-27   1.9216920e-17
   1.1410970e-20   1.1547333e-19   2.5440368e-04   6.6565066e-37   5.7987271e-69   8.8531939e-15   5.7590215e-02   7.9350746e-27   1.4471983e-24   3.6795187e-17
   3.6414211e-18   6.1632905e-28   7.3062163e-04   3.7557452e-39   1.0057915e-60   6.9659350e-02   4.7404193e-02   2.9284429e-13   6.5388924e-09   1.5207376e-15
   1.5288723e-08   4.5870382e-26   1.4421744e-04   3.9851572e-26   6.0184142e-34   1.7003626e-01   2.2867884e-02   1.1291012e-02   8.5665018e-03   6.7251610e-12
   5.6073859e-04   1.9203391e-24   1.2590479e-02   3.9374321e-04   2.0226004e-17   1.3202832e-01   9.5744139e-03   2.8172414e-02   6.1154151e-02   8.3349552e-18
   2.1989470e-10   3.7288757e-26   7.8119647e-02   3.9472044e-04   1.8673503e-02   2.9466858e-02   6.2940309e-03   2.9102075e-02   7.1813589e-02   6.3609704e-20
   1.1310589e-15   1.5195630e-24   1.1717576e-01   3.5833087e-03   2.8146559e-02   5.2228566e-07   5.3247856e-03   2.4741141e-02   1.6907863e-02   5.7212895e-19
   1.3303653e-07   2.5338672e-18   7.3541883e-02   2.3966863e-02   3.9483075e-02   4.3243322e-04   4.2819227e-03   2.0504797e-02   3.7530624e-08   1.7244557e-12
   8.9927216e-04   5.4924710e-14   4.1363477e-02   7.8218664e-02   7.2976558e-02   3.4650763e-06   3.7649288e-03   1.1267416e-02   1.4424203e-05   4.8862619e-12
   1.8862881e-03   6.6668315e-04   2.0872368e-02   1.2220773e-01   2.2138012e-07   1.1565622e-19   4.1877017e-03   5.2088215e-03   1.8281322e-09   1.5366170e-17
   8.9014779e-04   2.9781181e-03   1.1428822e-02   1.1327829e-01   8.0801815e-29   1.6924106e-18   5.1769563e-03   1.7079455e-06   1.6615547e-16   5.1894674e-08
   2.4635455e-04   4.6065857e-03   7.4303776e-03   6.6384977e-02   1.1031321e-47   3.5438777e-34   8.6677032e-03   4.3591312e-05   7.2803440e-27   9.3359297e-14
   6.4844545e-07   1.0140254e-02   3.9065521e-03   1.5510097e-02   7.9315458e-25   2.0009790e-50   1.4053376e-02   1.8884646e-05   4.3432646e-19   2.6577725e-21
   3.2415884e-10   1.1857807e-02   2.5832250e-03   6.7474758e-11   1.8676310e-31   9.2832920e-48   1.6245804e-02   1.1295453e-04   5.4126404e-16   7.8407432e-25
   1.5060095e-05   5.7393945e-03   1.6243271e-03   3.7653992e-23   6.5338663e-42   8.7332208e-28   1.4248057e-02   3.9868049e-04   1.1485625e-04   2.5493009e-18
   4.0116083e-07   9.0389139e-03   1.8559243e-03   1.6869492e-34   5.6668766e-39   1.6528430e-04   1.1082399e-02   7.0249017e-04   7.2694229e-07   1.1326408e-19
   2.6072705e-04   1.4313628e-02   1.1301937e-03   1.9069571e-12   7.1946972e-22   1.9872177e-02   4.2267873e-03   3.6084958e-03   2.3905047e-03   1.1953667e-24
   4.3075322e-04   1.4012825e-02   1.3149133e-08   9.1522041e-04   5.2799493e-15   2.1040560e-02   1.8468574e-03   3.1504586e-03   2.2226744e-02   1.7475644e-10
   3.2402765e-04   1.4960489e-02   3.2636047e-17   2.8469047e-03   2.4647829e-06   2.3010985e-03   1.4809474e-03   1.4119658e-03   5.9291504e-02   1.2945570e-09
   9.6679278e-04   2.0725473e-02   5.5982545e-03   6.0069903e-03   3.4403045e-09   5.8003611e-33   6.7479716e-04   3.4734774e-04   6.6479348e-02   6.5792215e-05
   9.4750038e-04   2.2674394e-02   2.5637255e-02   1.1700278e-02   3.7093822e-27   4.1840416e-40   3.0465179e-04   3.8336203e-20   3.8891351e-02   1.5808128e-04
   2.9600196e-04   2.2695664e-02   3.0600227e-02   1.0157477e-02   3.7474244e-48   2.6279253e-29   5.6817367e-04   3.2388197e-06   9.6222484e-03   7.8313055e-05
   2.0957194e-04   1.7541887e-02   1.3062223e-02   5.6968007e-03   1.4859681e-70   9.4770415e-26   8.6691863e-04   7.6196002e-04   1.0536771e-03   1.0977936e-04
   4.7144277e-04   9.3203244e-03   1.6454366e-03   3.3123809e-03   1.0307747e-57   2.2580169e-34   1.1070902e-03   1.4864617e-03   1.1250136e-03   9.9482864e-05
   1.5756236e-04   1.5815256e-02   6.9538019e-04   3.9905728e-04   4.3641447e-42   5.7096953e-36   1.3011604e-03   4.9454824e-04   5.9660779e-04   3.4197221e-05
   1.1847125e-04   1.0075598e-02   5.0386986e-04   8.7729809e-16   1.4279272e-31   4.7183145e-31   1.4495737e-03   2.6501304e-08   3.8441710e-04   1.6627379e-06
   7.9265741e-05   1.2569473e-02   5.2134761e-04   9.7106285e-24   6.7731096e-44   2.8995908e-26   1.4546392e-03   3.9271447e-11   4.6908906e-04   5.6154566e-05
   3.4024179e-04   1.2711814e-02   3.4223640e-04   1.0816683e-17   1.9343051e-23   1.0212312e-22   1.5143610e-03   4.2971698e-25   6.1644200e-04   2.1717766e-05
   2.7152552e-04   1.1940464e-02   1.4027995e-04   2.1489525e-11   1.0419470e-14   9.9413357e-19   1.6056688e-03   9.2597016e-23   7.9082348e-04   2.3876876e-10
   1.1610771e-04   1.2202248e-02   2.0588934e-04   1.7107260e-07   3.2569455e-04   9.5563691e-04   1.2770691e-03   1.6142082e-19   9.0545759e-04   3.6814324e-09
   4.3395759e-04   1.1328949e-02   6.2471250e-12   1.7457488e-03   8.1978533e-11   4.2352345e-03   7.9371241e-04   6.1946849e-13   1.7832565e-03   1.0353417e-12
   9.0045935e-04   8.9632560e-03   1.6109486e-09   4.9057070e-03   4.1516824e-31   5.4503056e-03   3.8032134e-04   9.3934745e-07   3.9236441e-03   8.3525171e-05
   8.0198867e-04   4.9498969e-03   2.0108241e-10   6.9644695e-03   1.4260723e-44   2.3652125e-09   4.8788357e-04   1.1454309e-04   1.8124445e-02   1.9319910e-04
   7.9181816e-04   3.3157531e-03   9.9329946e-04   6.3515102e-03   4.0333783e-53   1.5712268e-35   3.7081884e-04   4.2790376e-04   2.1182119e-02   1.5287761e-05
   5.8180177e-04   4.1305351e-03   7.5689942e-03   3.7317071e-03   4.7193893e-72   1.2279726e-43   5.5300749e-04   5.1746448e-05   1.6133357e-02   2.0395636e-05
   7.7060655e-04   3.0744209e-03   1.2795907e-02   1.9826692e-03   1.1869391e-62   3.0650490e-32   7.3777190e-04   2.3575302e-08   5.5382503e-03   8.1568099e-05
   9.4473045e-04   2.8001956e-03   7.1679836e-03   8.0725542e-04   3.5574263e-50   3.0766206e-28   1.2328945e-03   1.6331695e-09   1.4566192e-03   2.3545264e-05
   8.3611187e-04   3.8587725e-03   1.6295026e-03   5.0072896e-04   9.8792326e-34   1.0690340e-30   1.3247646e-03   4.4701949e-06   1.1221975e-11   3.4513782e-06
   1.1809825e-03   2.7129209e-03   8.6834041e-04   9.6913117e-04   8.2877160e-28   3.7098560e-22   1.0698039e-03   2.6772023e-04   2.1331518e-04   8.6938833e-05
   1.4758049e-03   1.2542593e-03   4.7591928e-04   9.9708556e-04   1.1113284e-28   3.5057591e-17   1.1077901e-03   2.0967127e-05   3.6701200e-09   1.2859452e-04
   1.6240025e-03   2.3270719e-03   6.5610923e-04   3.5068434e-03   3.2013435e-35   6.8350176e-18   1.3996082e-03   5.7739321e-10   1.0464905e-09   7.5456017e-06
   1.3771339e-03   2.5617765e-03   7.5038691e-04   8.7642588e-03   7.0180558e-40   4.0147872e-05   1.4674575e-03   2.1263757e-12   1.8430337e-04   8.1512745e-05
   1.0611005e-03   4.5866342e-03   8.2460354e-04   1.0938026e-02   8.7422667e-29   1.3441878e-03   1.2264254e-03   4.9410077e-06   2.7075156e-04   1.8144630e-04
   8.5191472e-04   3.9893252e-03   3.9277021e-04   1.5317984e-02   1.1054448e-35   3.1394210e-03   7.0129616e-04   4.3732020e-04   4.4052988e-04   1.6439895e-04
   2.0335015e-03   2.3629002e-03   7.4014487e-04   1.7147233e-02   5.8046145e-34   5.5014440e-03   6.9387502e-04   3.3208514e-04   1.5556893e-03   2.2797237e-04
   2.3176002e-03   2.5944413e-03   4.2807577e-04   1.1221661e-02   2.1732069e-21   5.2970794e-03   6.6974993e-04   3.2342374e-04   2.1316877e-03   2.9176616e-04
   1.5793939e-03   2.1102550e-03   3.7449397e-05   7.8874036e-03   2.6028443e-39   1.7495466e-03   7.9129721e-04   4.9673382e-04   8.6229420e-03   2.1174835e-04
   8.6965270e-04   1.8107113e-03   3.8288651e-04   4.8932893e-03   1.6811354e-31   1.7824989e-30   1.1965583e-03   4.0564679e-04   1.2518871e-02   1.3095084e-04
   5.9680638e-04   3.1239497e-03   2.6176452e-03   3.1685300e-03   4.9163579e-47   2.2996867e-48   1.2300963e-03   3.6444822e-07   1.0852677e-02   2.5284585e-04
   5.7659891e-04   4.5289686e-03   9.0538297e-03   1.6584839e-03   7.6688859e-43   7.5636974e-38   1.5180132e-03   1.4638887e-14   4.7809774e-03   5.0765005e-05
   8.3706996e-04   4.4872517e-03   1.2276006e-02   1.9538889e-03   1.6827473e-36   3.0153761e-23   1.5937581e-03   1.4456322e-11   8.4357069e-10   6.2806659e-13
   1.3430336e-03   4.4667171e-03   6.0215207e-03   4.0423217e-03   8.3586675e-34   4.7539938e-12   1.4643573e-03   4.4052055e-12   1.5537587e-12   1.7347182e-05
   1.0151313e-03   5.0673085e-03   2.8886802e-03   4.8850181e-03   4.9048769e-20   7.8120929e-14   1.6804515e-03   1.2416441e-10   1.8107512e-04   6.0814593e-05
   1.7301579e-03   2.3024128e-03   1.2968910e-03   5.2575620e-03   6.1784381e-17   1.9437447e-16   2.0618548e-03   1.8068414e-08   3.6079114e-04   9.0542539e-05
   1.3737215e-03   3.6102448e-03   5.8743854e-04   4.1619718e-03   1.9278005e-25   1.6164885e-06   2.3065695e-03   5.0697637e-13   3.6542568e-04   4.7804789e-06
   1.0260094e-03   6.0019491e-03   7.4785723e-04   2.6831160e-03   4.2263953e-36   8.3726860e-04   1.8885170e-03   2.6322192e-15   3.5849594e-04   5.7445464e-05
   7.7200851e-04   6.5284547e-03   1.1167834e-03   3.5800490e-04   1.7307160e-38   2.0474305e-03   1.6322587e-03   4.1663682e-04   9.1095287e-05   1.6134171e-04
   1.2689523e-03   5.4030609e-03   5.6269878e-04   2.9192668e-04   9.5574651e-26   3.6159901e-03   1.3623923e-03   1.1173401e-03   1.7609143e-05   2.5393730e-04
   2.0922474e-03   3.0336926e-03   6.2706671e-04   4.8821132e-05   1.1545332e-26   4.4880454e-03   1.2376991e-03   7.1577871e-04   1.8676196e-05   1.1616017e-04
   1.1371834e-03   5.1121585e-03   1.0043948e-03   3.4654867e-04   3.1426731e-25   2.5113022e-03   1.1292451e-03   4.8623102e-04   1.7927921e-03   1.2749887e-04
   9.4299091e-04   7.9614217e-03   8.3654162e-04   2.2277801e-04   1.1479339e-17   1.1869556e-05   1.4636108e-03   9.6793772e-05   4.5558719e-03   2.5910798e-05
   8.2975729e-04   9.4429385e-03   1.1590211e-03   7.6753108e-04   3.1395327e-24   1.0409510e-24   1.5520217e-03   5.8690169e-05   5.0860613e-03   4.0923470e-06
   1.2729883e-03   8.2388028e-03   1.2815552e-03   1.9661078e-03   1.4663774e-16   8.8447368e-39   1.3071312e-03   6.6141506e-04   6.6605001e-03   2.8739693e-04
   6.2467189e-04   7.5246478e-03   3.8189098e-03   4.3604682e-03   3.0343168e-18   6.5109605e-32   1.1497412e-03   1.6637928e-05   5.3379129e-03   3.7344096e-04
   7.4734609e-04   6.2642165e-03   8.5224191e-03   4.6700545e-03   8.9071623e-21   1.8248385e-18   1.1058340e-03   8.6648247e-16   1.2756991e-03   1.8250992e-04
   9.0393212e-04   5.0025568e-03   1.0515271e-02   2.8889237e-03   1.5964695e-27   6.6772785e-09   1.4413649e-03   8.2505581e-17   3.1581083e-08   3.0377733e-05
   1.5726322e-03   6.3859237e-03   7.5077407e-03   1.1211881e-03   5.5306370e-35   8.3834447e-07   1.8115742e-03   1.0322141e-13   4.5447265e-09   6.4213748e-07
   1.8060135e-03   7.7340294e-03   4.1958830e-03   6.1285633e-07   2.1089674e-30   1.0248059e-06   1.8735677e-03   1.9615984e-09   1.1307084e-08   3.9161729e-09
   1.8668050e-03   9.6057590e-03   2.7672681e-03   2.6107982e-06   1.5873825e-47   1.1340124e-06   1.8382858e-03   1.4695752e-07   9.5347674e-06   9.7940124e-15
   9.8036803e-04   1.1551430e-02   2.2882393e-03   3.9989615e-10   3.9499480e-10   2.1919056e-05   1.8571593e-03   1.4320742e-05   8.7457693e-04   6.0731742e-05
   4.4894237e-04   1.3792112e-02   2.6105984e-03   1.4913059e-06   1.9763384e-14   6.2228958e-04   1.6891376e-03   1.0506996e-08   2.8684025e-04   2.0133849e-04
   5.8332962e-04   1.8654643e-02   3.0013595e-03   4.4454319e-04   1.3426664e-35   1.5509205e-03   1.7624234e-03   5.8938642e-09   1.4934197e-05   6.8395093e-05
   1.1549591e-03   2.1457048e-02   1.5474268e-03   5.7393032e-04   2.0226995e-13   2.3745337e-03   1.5763938e-03   1.8164469e-08   6.6145886e-04   3.5619130e-05
   1.0047007e-03   2.0606426e-02   1.9149442e-03   2.4433253e-03   5.2671673e-05   1.4228978e-03   1.5336829e-03   2.8174592e-08   1.8767019e-03   1.0408951e-04
   4.5688220e-04   2.0244751e-02   3.0584134e-03   4.8125652e-03   3.3084043e-06   4.9767193e-11   1.6633482e-03   2.3835914e-08   3.8024118e-03   5.5375058e-05
   4.9376552e-04   2.1448423e-02   2.8328714e-03   3.0355298e-03   9.7992867e-05   1.6105550e-25   1.7269808e-03   8.7021560e-06   7.4144990e-03   4.4011106e-05
   8.3116759e-04   2.0678313e-02   4.6329444e-03   6.6348321e-04   5.4767850e-04   2.4873723e-35   1.7196826e-03   1.2012286e-10   1.0407314e-02   1.0413206e-04
   6.1895267e-04   2.0683015e-02   5.3482254e-03   6.3966327e-06   1.1477622e-15   3.7080787e-40   1.8015312e-03   8.3335244e-10   1.2565178e-02   2.5557574e-05
   4.6016339e-04   1.7995587e-02   1.2688953e-02   2.4266447e-09   2.4277789e-29   1.9167309e-30   2.0921939e-03   1.9401769e-10   8.8932167e-03   3.0329099e-07
   2.1258410e-04   1.6344731e-02   2.2951509e-02   5.9940367e-16   1.5702012e-54   3.5660395e-10   1.9315702e-03   1.2399494e-15   2.6447636e-03   2.8587367e-07
   4.1000751e-05   1.3042449e-02   2.8304797e-02   2.5288256e-11   1.2452784e-27   1.5062987e-04   1.9740348e-03   3.7315152e-22   6.8069026e-04   2.0170812e-10
   1.7846400e-06   1.5124578e-02   2.1307810e-02   1.5196761e-11   5.7917549e-34   1.8287705e-04   1.9725813e-03   4.0969223e-19   2.5415661e-11   2.5967162e-07
   1.5852558e-04   1.9594646e-02   1.4405037e-02   4.8614603e-13   7.0423365e-26   1.3871279e-04   2.2816335e-03   7.9661216e-23   6.8088095e-04   3.6379950e-11
   3.9184300e-04   1.9968395e-02   7.3908211e-03   2.0237644e-16   2.7380800e-10   3.1979880e-04   2.6025898e-03   4.1770289e-17   1.2942717e-05   1.3172140e-09
   1.0355955e-03   1.6451312e-02   4.5845739e-03   5.0341747e-09   1.2972981e-03   8.7012513e-04   2.6673268e-03   1.4816226e-11   6.7038412e-04   6.3045894e-06
   7.5508159e-04   1.7631308e-02   2.3449499e-03   1.3729378e-06   3.4338046e-03   2.3022915e-03   2.2240625e-03   1.7801788e-14   1.1240208e-03   5.0943722e-08
   2.2664846e-03   1.5213180e-02   3.1986193e-03   4.6988432e-07   2.7272509e-03   2.2826327e-03   2.5386925e-03   3.7269003e-16   2.9377662e-04   2.5811073e-09
   3.3648918e-03   8.9762016e-03   2.5366447e-03   2.7541897e-11   2.5565176e-03   4.9331560e-04   2.7183569e-03   4.9283732e-13   1.4484790e-03   1.7177403e-05
   2.3304630e-03   7.2713246e-03   9.2064146e-04   3.1269509e-05   3.7250157e-08   9.5736750e-24   2.2448781e-03   1.9535283e-08   3.6515504e-03   1.4924358e-07
   2.2749841e-03   4.9321373e-03   2.3279666e-03   8.5703526e-04   1.3175688e-05   7.7778728e-34   2.1403016e-03   1.4922572e-08   7.0859212e-03   8.2444457e-22
   2.0796930e-03   4.5895453e-03   1.4037837e-03   5.9395078e-06   1.1100032e-40   1.1399751e-32   2.2926742e-03   6.5566870e-10   6.8303150e-03   3.4471748e-14
   1.7791363e-03   3.0943989e-03   8.5244144e-04   7.4356350e-10   6.1225657e-04   4.6778465e-28   2.2299502e-03   5.9692308e-15   9.1804847e-03   1.5161333e-08
   2.1953642e-03   2.3457820e-03   2.4559186e-03   1.6751208e-09   4.4254659e-04   2.9576176e-21   2.0916027e-03   5.5315712e-15   1.0195642e-02   1.1942345e-09
   2.7486016e-03   1.9726064e-03   6.4424323e-03   2.2904823e-12   9.1412400e-16   4.9802829e-20   1.9892628e-03   4.4423524e-20   7.0901507e-03   6.3803971e-07
   2.3212808e-03   3.3318394e-03   1.0068830e-02   5.7315581e-10   7.0586107e-04   1.6518174e-17   2.0333346e-03   1.1129554e-21   3.7063077e-03   2.9602359e-05
   1.5084078e-03   2.5176522e-03   8.4105016e-03   6.0269225e-06   3.5107110e-03   8.8147580e-18   2.1502570e-03   9.4676692e-23   1.5864155e-03   6.5581559e-05
   8.4476064e-04   3.2705136e-03   3.3118898e-03   1.8626663e-05   7.2339800e-03   4.3808739e-04   2.1937072e-03   2.5056640e-11   1.6370368e-03   5.2729740e-05
   1.6638254e-03   3.4562816e-03   9.0067141e-04   6.2286147e-06   6.7716091e-03   9.5604757e-04   1.7834367e-03   8.4516117e-09   2.0541959e-03   8.1034357e-05
   1.4713842e-03   1.6445669e-03   4.0465120e-04   1.0689315e-04   7.0713052e-03   1.1976652e-03   2.3021275e-03   6.4595728e-06   1.6708689e-03   3.7731915e-06
   1.7578717e-03   8.6351810e-04   2.9519965e-04   8.8075060e-05   3.0597451e-03   2.3635481e-03   2.5622751e-03   2.1424600e-05   5.8645124e-04   2.8765342e-09
   2.0295061e-03   1.4003499e-03   9.8898058e-10   5.9229961e-09   4.2131840e-03   1.9742123e-03   2.3344304e-03   2.2875152e-06   2.2456718e-03   1.1064876e-11
   1.6879367e-03   1.1824162e-03   6.9175482e-08   2.6019678e-12   2.2008948e-15   4.1647688e-05   2.4869514e-03   1.3439481e-08   2.0662981e-03   4.2046774e-06
   1.2914620e-03   3.6272648e-04   1.8927005e-04   1.2247862e-10   2.8888471e-03   9.2786932e-22   2.5925785e-03   1.6288459e-12   2.6161058e-03   2.2126614e-04
   9.7411432e-04   5.4451015e-04   3.2386545e-04   2.5325357e-10   1.5811257e-03   1.1881705e-26   3.0200878e-03   2.8005055e-12   3.9132245e-03   7.5865709e-07
   2.9130002e-04   3.3971278e-04   1.6745948e-05   2.9881880e-08   1.4165493e-03   1.7175782e-33   3.3522312e-03   7.3992764e-13   5.5616669e-03   1.5699138e-04
   9.4664861e-04   1.1609442e-04   2.2145194e-16   1.7534534e-05   1.9877575e-03   1.2690571e-22   3.2667443e-03   1.3757440e-05   4.4412468e-03   1.7706046e-05
   8.0437054e-04   6.2673759e-04   2.6209342e-05   1.4990969e-05   7.9950846e-03   6.1694598e-24   2.9376422e-03   6.7740237e-08   2.9350124e-03   1.2432691e-06
   1.3127410e-03   8.1459957e-04   3.3797663e-04   6.2216368e-06   7.5570092e-03   6.1838213e-17   2.6752885e-03   1.8905208e-05   1.0214602e-03   4.7125997e-09
   1.8211378e-03   5.6700828e-04   1.1640336e-03   5.1406515e-06   1.3714624e-02   3.3896450e-09   2.2903461e-03   5.5937994e-06   5.7964925e-04   4.5144353e-07
   1.3918552e-03   4.8318658e-04   1.5803363e-03   1.1247119e-08   1.6900044e-02   4.9308863e-07   2.2311015e-03   4.4777812e-04   1.1537829e-04   6.1053532e-11
   1.4765355e-03   4.9525704e-05   1.2103634e-03   2.5449530e-08   1.3016251e-02   1.3509312e-07   2.5125555e-03   4.1996048e-04   1.5120927e-03   3.2684315e-15
   1.8011339e-03   3.4975960e-05   5.1853843e-04   3.3902996e-09   1.3304473e-02   3.2523384e-04   2.4466916e-03   1.7365779e-05   7.2214641e-04   4.5218699e-16
   1.5422311e-03   3.3506174e-04   3.1649111e-04   5.0808480e-15   8.2683319e-03   1.4100009e-03   2.3512768e-03   7.2710319e-06   2.8375179e-04   3.8308244e-17
   1.2186091e-03   2.0375768e-07   9.2875052e-05   1.4315999e-15   9.2219356e-03   1.1095749e-03   2.6731516e-03   4.5896198e-04   1.9054163e-04   7.0479526e-14
   1.4671369e-03   1.1721332e-14   1.2484144e-10   7.6702741e-17   6.1903796e-03   3.0001515e-04   2.6795235e-03   4.2975360e-04   1.0843407e-03   4.6362896e-12
   1.0791477e-03   1.5933195e-20   1.4508686e-04   1.4016409e-14   3.8649168e-03   3.4782306e-23   2.6441849e-03   7.3473757e-04   1.2804383e-03   4.2818722e-09
   8.2398161e-04   5.1719466e-19   1.7062108e-04   4.8010753e-12   1.6889260e-02   3.7138810e-41   2.7395949e-03   5.0713745e-04   6.2224370e-04   3.3338239e-16
   7.8424925e-04   7.7198095e-18   9.3373368e-13   1.9486099e-15   2.5184290e-02   2.9404255e-26   2.5282529e-03   1.3336381e-03   1.8096771e-03   6.4060632e-15
   1.2141397e-03   2.3489343e-05   1.9470140e-11   1.0601514e-09   2.0955351e-02   6.1551446e-25   1.9330485e-03   1.5970109e-03   1.8069045e-03   2.8697350e-05
   1.4332937e-03   8.2838408e-11   1.0169172e-11   1.9679399e-14   3.0988343e-02   1.5026442e-11   2.0935093e-03   2.2057330e-03   1.5517742e-03   3.3495775e-08
   1.0158807e-03   7.9731467e-10   9.4538180e-05   6.0361902e-10   2.6333515e-02   1.5108838e-07   1.9376126e-03   3.3233046e-03   1.2944170e-03   2.0173137e-12
   1.0486124e-03   5.9615050e-07   4.2090966e-04   2.2491603e-08   8.1773145e-03   2.9692946e-12   1.9164526e-03   2.7806734e-03   5.0618464e-04   3.9026210e-09
   1.0976575e-03   7.0452266e-09   6.9936382e-04   4.6535164e-13   9.1690926e-03   1.5790911e-15   1.6844125e-03   4.7098755e-03   5.7917499e-04   1.9799741e-11
   1.0391023e-03   7.8720685e-07   7.7869886e-04   7.7433811e-15   8.4390767e-03   2.9152034e-08   1.5963694e-03   3.6614278e-03   6.2993960e-04   5.0267812e-21
   1.1054358e-03   1.3807573e-05   6.3194382e-04   1.8051615e-13   7.8734114e-03   9.6727218e-10   1.5735165e-03   2.3477026e-03   1.1167299e-03   5.2466209e-14
   9.8560885e-04   2.4111514e-10   5.2369690e-04   8.4281309e-13   5.0768896e-03   5.6629132e-05   1.5004858e-03   2.3613943e-03   1.2975089e-03   6.3646238e-08
   8.2673173e-04   1.0550460e-10   3.9295491e-04   6.7938403e-16   1.0359553e-02   3.6810023e-04   1.7101303e-03   2.5236975e-03   5.3956186e-04   4.7499063e-10
   1.2518080e-03   1.4992541e-09   5.5928350e-06   3.4565189e-13   1.2690222e-02   3.6810546e-04   1.8196536e-03   2.2327832e-03   6.8992398e-04   7.7259609e-27
   1.6147273e-03   5.5152965e-12   1.0314243e-04   2.7123093e-16   1.7001803e-02   2.9302478e-04   1.4812369e-03   2.4025859e-03   2.0746137e-04   5.1095271e-15
   1.6052548e-03   2.9870339e-05   5.5717340e-05   2.4839350e-09   1.3188684e-02   1.0661370e-14   1.4794672e-03   2.5201226e-03   7.9658423e-04   4.3245985e-16
   1.1559389e-03   2.8373865e-04   5.3700187e-05   5.4411821e-09   1.3030493e-02   7.4862344e-15   1.5516931e-03   1.9346481e-03   6.5284661e-04   4.0338432e-12
   1.3043303e-03   6.4676807e-04   2.3021153e-13   1.2605398e-11   7.8840596e-03   1.5161522e-15   1.4920508e-03   2.2263603e-03   9.5336366e-04   8.4364190e-16
   1.2505184e-03   3.3595782e-04   9.0057463e-16   8.7777229e-12   1.1188624e-03   1.0971828e-12   1.6261145e-03   2.4928234e-03   1.3049667e-03   5.1594838e-12
   1.4368252e-03   1.3272613e-04   4.1952456e-10   1.2110037e-16   5.4439052e-03   1.7740169e-07   1.8113830e-03   1.3243378e-03   1.2713811e-03   2.9206578e-11
   1.6305673e-03   8.5839825e-05   3.3622695e-16   5.0055015e-13   2.4057986e-03   1.2300001e-06   1.8632679e-03   1.3022073e-03   8.1968947e-04   7.3985247e-11
   1.7013952e-03   1.3969153e-04   1.1491111e-04   7.1809655e-08   4.8531425e-03   7.4383582e-05   1.6925897e-03   1.7426126e-03   2.5823706e-04   8.7634053e-09
   2.2403734e-03   8.6237106e-07   2.8155498e-04   1.1837103e-06   3.2938087e-03   1.3761700e-04   1.8424146e-03   8.3806449e-04   4.2694881e-04   3.5602155e-08
   3.1123607e-03   4.3243366e-11   2.7439574e-04   2.6642461e-05   4.3408411e-03   7.1708076e-04   1.7526522e-03   5.0012347e-04   3.7207704e-05   4.0297429e-12
   2.6222058e-03   7.1790525e-04   3.1878409e-04   9.7285520e-06   1.1597105e-02   8.6107277e-04   1.9018701e-03   1.2734955e-03   1.9704890e-04   5.0190209e-18
   2.6187211e-03   7.1474041e-04   3.6259778e-04   1.8974607e-05   1.0928519e-02   9.7598788e-04   1.8858960e-03   1.3261118e-03   5.9486497e-04   1.7320581e-18
   3.6493854e-03   8.9905217e-04   4.2129407e-04   1.6929854e-05   1.0348350e-02   9.2184399e-04   1.9416763e-03   4.7248764e-04   3.7476810e-04   6.9254857e-23
   4.0112470e-03   1.6313278e-03   1.9829844e-04   2.1633238e-04   1.2870139e-02   1.0273466e-03   1.7777503e-03   3.7089543e-04   1.5367274e-04   1.4277362e-11
   4.4819080e-03   2.2022581e-03   1.0505734e-04   2.6673779e-04   9.5888195e-03   5.3305124e-04   1.7019085e-03   5.4909862e-04   6.3130285e-05   2.7713101e-08
   4.4391339e-03   1.2848163e-03   7.1964496e-05   7.9273415e-04   2.1675064e-11   1.5358415e-04   1.9627801e-03   6.6817285e-05   1.5479745e-05   1.0987430e-12
   4.0185335e-03   6.8411562e-04   6.0793582e-05   7.4106792e-04   4.4315191e-03   8.4923353e-05   2.2922862e-03   3.5812557e-04   7.6851979e-05   2.3419887e-18
   3.9902213e-03   5.9951468e-07   1.9939733e-04   6.9666087e-04   2.5646529e-03   6.3028438e-05   2.4039001e-03   3.5799115e-05   7.0210893e-10   1.3481663e-23
   3.6588755e-03   8.7757045e-07   4.1521647e-05   2.3562296e-05   6.9184932e-03   8.6200182e-06   2.7067324e-03   9.2801352e-05   7.2320230e-04   3.7500024e-14
   2.9540146e-03   1.3596052e-03   2.5902094e-09   4.0694193e-15   9.9781679e-03   2.2599680e-07   2.9828889e-03   2.7283812e-09   1.6169079e-03   2.6881752e-11
   4.4344065e-03   1.8112510e-03   2.3336499e-05   7.8908550e-07   1.7872202e-02   2.7273558e-08   3.2906631e-03   9.7278203e-05   1.3278328e-03   1.0501283e-18
   5.7444350e-03   2.7627926e-03   1.4574340e-04   5.9581660e-04   1.4206807e-02   3.2395073e-06   3.2438984e-03   2.1966321e-04   6.4951190e-04   6.4459968e-13
   6.1651512e-03   3.1140719e-03   2.1377195e-04   1.7658947e-04   7.1485623e-03   2.6766886e-04   3.5181273e-03   4.2222497e-05   2.3245617e-04   4.5279234e-09
   5.1181378e-03   6.2842294e-03   6.7974623e-04   5.4368977e-05   1.1332894e-02   6.7385305e-04   3.3323447e-03   1.1873256e-06   4.2748648e-11   3.0876860e-13
   4.3003240e-03   7.8116572e-03   8.9930820e-04   1.2399567e-10   1.3752616e-02   8.7264127e-04   2.7882694e-03   4.6048702e-05   2.9775161e-11   2.9875498e-13
   4.7652185e-03   6.8239871e-03   1.1925038e-03   4.2936980e-12   2.6082977e-03   2.7126872e-03   1.9697291e-03   3.2179737e-04   1.5326050e-04   4.1575978e-07
   5.9263743e-03   4.6222891e-03   1.6283191e-03   7.6763947e-07   8.4985238e-03   2.3173894e-03   3.0495416e-03   3.5842704e-05   2.9127788e-04   8.5137178e-16
   5.5121732e-03   1.7361221e-03   1.1322576e-03   8.7826134e-09   1.7524989e-03   1.1666544e-03   4.1847776e-03   3.7846159e-05   5.1670032e-04   9.8481877e-23
   3.9215839e-03   1.5611781e-03   3.4390188e-05   2.6778346e-11   1.1258065e-10   1.7571153e-04   3.9504408e-03   1.6984221e-06   1.6387846e-03   2.5947103e-13
   2.0920759e-03   2.6411992e-03   3.2695400e-05   9.5725966e-13   3.9073436e-03   4.5803807e-07   4.1148616e-03   2.0648166e-05   7.7614294e-04   3.2993596e-18
   4.0743222e-03   1.9301911e-03   4.9382117e-04   2.8843740e-05   8.7766093e-03   2.8939169e-13   3.5816761e-03   4.8668197e-05   7.2909083e-04   1.5666363e-21
   3.4845031e-03   2.1024700e-03   2.4913429e-04   3.1582556e-05   8.7026092e-03   4.5034421e-18   3.5886574e-03   5.2471981e-05   1.4116999e-03   6.8428972e-31
   2.4415664e-03   2.9485195e-03   8.7069026e-05   1.3384939e-06   7.5460376e-03   6.0904189e-20   4.0551716e-03   1.1432057e-06   3.4941949e-03   4.2309419e-20
   3.2761047e-03   2.7762914e-03   2.1641965e-04   6.9885742e-07   1.0462151e-02   4.8024791e-18   3.4450948e-03   1.1132149e-06   3.5496685e-03   8.7071680e-23
   4.7625355e-03   4.2924225e-03   5.2388419e-04   1.4480401e-08   1.1230656e-02   9.8411121e-18   2.8166711e-03   8.0024230e-04   2.2422929e-03   1.1103793e-27
   3.5480110e-03   3.8114599e-03   4.4074713e-04   3.5671386e-04   8.6300737e-03   8.9889109e-08   2.4704456e-03   1.4551493e-03   2.3556232e-03   1.5830278e-25
   2.3473859e-03   1.5052914e-03   8.2152143e-04   3.9772210e-05   5.3597710e-03   2.5792928e-04   2.0289136e-03   1.0538168e-03   1.8258574e-03   1.0407050e-10
   2.4354954e-03   2.9083119e-03   7.8447082e-04   3.3693028e-07   5.1187105e-03   4.0661292e-04   1.6053263e-03   1.0427413e-03   2.1428635e-03   2.2923142e-05
   2.6073988e-03   2.5442087e-03   1.9313751e-03   1.0960699e-09   1.4203366e-03   8.3920966e-05   1.6330636e-03   1.1229019e-03   1.0891975e-03   2.4373099e-05
   2.6400403e-03   6.8006403e-04   2.7709202e-03   1.3037929e-11   1.6941871e-03   9.0981063e-11   1.5184195e-03   1.9052697e-03   2.5179652e-03   1.1900859e-05
   3.4412079e-03   7.6406055e-04   3.4680583e-03   6.1705554e-16   6.7164702e-03   1.8532707e-12   1.7658022e-03   1.5562410e-03   2.7554387e-03   1.1780233e-06
   4.1591863e-03   4.2040354e-04   3.5986210e-03   4.6238299e-10   2.1359887e-03   1.4069480e-11   1.6065595e-03   1.4977838e-03   5.5131443e-04   9.8389993e-08
   4.4092609e-03   7.6777857e-04   2.0221179e-03   3.3333412e-09   3.1018725e-03   6.2955914e-19   1.3672122e-03   1.3227599e-03   9.7344916e-04   5.4914784e-13
   3.9893379e-03   1.1263380e-03   9.3592080e-04   2.6442209e-05   1.6336614e-03   9.2591242e-16   9.4739730e-04   1.6767381e-03   1.0967881e-03   3.7963573e-05
   3.5920415e-03   1.3691241e-03   5.9117573e-04   4.5613552e-07   4.2858080e-03   2.7399478e-17   1.0330500e-03   1.4600285e-03   1.3686372e-03   1.5122168e-05
   4.4478980e-03   1.5000714e-03   3.9628306e-04   1.4447128e-09   6.3596440e-03   5.4100369e-22   1.0186481e-03   6.5952812e-04   1.2707223e-03   4.0517851e-09
   3.7782782e-03   1.9345556e-03   1.0396976e-04   1.4212790e-06   6.2326580e-03   1.2542854e-21   1.1106642e-03   4.9364963e-04   2.0271134e-03   5.4248638e-05
   3.0482554e-03   9.8656661e-04   5.0244694e-04   7.1787013e-07   1.8188956e-03   6.0405855e-24   1.0656984e-03   1.0401196e-03   2.8791636e-03   2.7456305e-07
   2.8109661e-03   6.2204093e-04   4.5632007e-04   1.0920074e-06   2.4347449e-03   1.0267350e-24   8.7605705e-04   1.4512528e-03   2.1031147e-03   1.5875082e-07
   3.1178238e-03   4.4564056e-04   1.2758914e-04   4.3202098e-09   2.6644709e-03   5.5027858e-10   1.0422999e-03   8.1593745e-04   4.6030829e-04   1.9077418e-05
   2.5024179e-03   7.7258069e-04   1.2122466e-04   5.6619526e-16   1.8455448e-23   6.5174538e-07   8.4488585e-04   1.2845389e-03   2.9970132e-04   7.9465018e-05
   2.4934130e-03   1.2921654e-03   2.2209579e-04   2.7833573e-14   2.0815825e-03   4.6494674e-08   8.3917438e-04   1.1119165e-03   3.1771965e-04   4.7323688e-05
   2.8822368e-03   3.9574610e-04   2.6398350e-04   4.4165801e-11   3.2720356e-24   7.8879449e-09   8.0061788e-04   1.1558801e-03   5.2696212e-04   2.3057673e-05
   2.0807459e-03   3.9116834e-04   6.3923109e-04   1.9475575e-06   1.6743207e-03   9.6978358e-11   7.7470203e-04   1.1401475e-03   7.1619509e-04   7.1539090e-05
   1.8292849e-03   4.3044750e-04   9.1881248e-04   2.5692980e-05   2.2364467e-03   5.9250110e-11   7.9902838e-04   5.7232119e-04   7.6903592e-04   1.5336356e-04
   2.6392490e-03   8.2380595e-04   9.0317148e-04   2.4192157e-05   2.5584297e-03   2.4728482e-12   7.9666306e-04   4.6098772e-06   1.6434172e-04   4.7078550e-05
   3.1935512e-03   3.6775359e-04   4.5522024e-04   5.6910344e-07   3.3873532e-03   5.7285369e-21   9.0603995e-04   7.9423358e-06   3.0144717e-04   3.2697987e-12
   3.6897621e-03   5.3570967e-04   5.1419229e-05   4.2256795e-08   1.6142998e-03   2.1759021e-24   8.9003617e-04   8.5298977e-06   2.1490536e-04   4.5501644e-15
   3.9621388e-03   6.4443700e-04   4.3721599e-04   4.8633968e-14   1.9240836e-07   4.8536838e-22   6.7875557e-04   5.6477129e-08   6.3155942e-04   8.6299098e-12
   3.4417304e-03   6.7115803e-04   1.7696430e-04   5.8432847e-16   9.6937498e-04   1.8018586e-20   5.5576985e-04   2.8105039e-04   5.8110141e-04   4.5277099e-05
   2.9212043e-03   6.2721314e-04   2.4815415e-04   2.0194309e-12   1.6662911e-03   6.8902984e-25   8.4439205e-04   2.6166190e-04   4.9757090e-04   6.8268423e-06
   3.1639042e-03   2.6929346e-04   9.3984807e-06   1.4363070e-14   5.1324395e-04   6.8106501e-29   7.2058468e-04   2.4159213e-04   9.4879325e-04   9.4561983e-06
   3.2606574e-03   2.9318630e-04   2.2513104e-04   1.7852522e-14   8.1097108e-04   3.6212823e-25   5.9507990e-04   2.1515023e-06   7.9607121e-04   8.8050176e-10
   3.3144070e-03   4.0104116e-04   1.6436806e-04   1.3331321e-14   4.7957735e-13   2.2438611e-08   5.7426337e-04   4.1847985e-09   3.8342028e-04   2.3236054e-12
   3.4709009e-03   2.9219968e-04   2.4928453e-04   1.4830543e-17   6.0654232e-04   8.5127173e-16   6.4012916e-04   1.0819419e-06   3.6599604e-04   3.3019566e-06
   4.0085110e-03   2.6953734e-09   3.4898814e-04   1.3999611e-14   1.7731925e-08   7.6465180e-17   6.5711855e-04   2.1786869e-08   2.2558865e-04   7.2321764e-06
   4.0925382e-03   1.9198231e-04   4.4919475e-04   3.5355837e-10   1.2326195e-03   2.1609603e-06   6.7194787e-04   2.3370794e-09   1.0087551e-05   2.5455755e-05
   4.1151185e-03   1.7348517e-04   1.6807636e-04   2.1318173e-07   1.4383192e-03   2.2879452e-05   6.1929819e-04   7.8824438e-07   4.9948808e-06   1.0791118e-04
   3.2470153e-03   6.6825131e-04   3.4427060e-04   9.1334324e-11   9.3692476e-04   3.8598283e-06   6.7955403e-04   4.1170457e-05   2.9447171e-04   9.2274449e-05
   2.5227643e-03   7.1741694e-04   4.1956376e-04   2.0194148e-20   6.3061473e-04   5.4812586e-09   8.0145402e-04   1.3609861e-04   1.3014198e-04   4.4750233e-05
   2.9051964e-03   2.3244634e-04   2.8470697e-04   8.8154087e-18   1.8140033e-03   1.9321860e-18   6.9065123e-04   1.2372916e-05   9.0330456e-05   5.4825095e-05
   2.8037403e-03   3.7779958e-06   2.3997732e-04   2.2756375e-11   1.2167199e-03   8.6666234e-16   5.9160618e-04   3.8923172e-05   3.2788188e-04   5.0177571e-05
   2.8777410e-03   2.3624039e-08   1.4595963e-06   8.6060791e-13   1.3694912e-14   4.3124460e-17   7.1595750e-04   3.0210797e-05   7.0970667e-04   7.8442441e-05
   2.3208863e-03   1.7517950e-05   2.0282457e-04   2.4533474e-14   1.0563242e-03   1.2677679e-18   8.1062965e-04   2.6339692e-06   7.9917349e-04   7.5366744e-05
   2.4688762e-03   4.3570146e-06   2.4031376e-05   9.1520470e-13   1.2581057e-04   2.8029818e-12   6.9510613e-04   2.2887946e-07   7.0099021e-04   8.0827653e-06
   2.5988385e-03   2.1499051e-04   7.4068281e-05   1.6938396e-06   1.5223798e-17   6.4613177e-11   6.4579594e-04   5.3366265e-05   9.3549201e-04   2.4056663e-04
   3.5065003e-03   5.1022952e-04   8.9842162e-05   4.6455695e-07   3.9445386e-06   1.0891733e-12   6.6064096e-04   4.2935222e-05   1.0720931e-03   2.3398537e-04
   3.7925613e-03   3.9676894e-04   2.3583776e-04   3.5220450e-05   1.3253701e-03   9.2827869e-05   7.7476633e-04   8.4619933e-06   5.4191073e-04   6.2284293e-05
   3.3224949e-03   3.1635769e-04   1.0611308e-04   3.5035192e-06   1.8403860e-03   6.5014876e-08   8.6304939e-04   9.4010281e-09   5.6648027e-04   5.5688776e-05
   2.6989726e-03   9.0560465e-04   6.5695896e-05   2.7621287e-08   2.1345738e-03   2.4237271e-04   7.6410462e-04   2.0324567e-07   5.8134822e-04   7.8355513e-05
   2.4173643e-03   6.5412698e-04   2.6242046e-04   6.5293619e-05   1.0551982e-03   1.7598460e-04   7.8286162e-04   1.4334141e-04   2.8914536e-04   7.5255390e-05
   2.5917107e-03   1.8813727e-04   3.2212108e-04   1.1137593e-05   1.1909708e-03   2.5249148e-05   9.3860010e-04   1.1532744e-04   2.3844759e-04   8.9177132e-05
   2.9466339e-03   1.1132919e-09   4.0284465e-05   1.0978429e-10   9.1984788e-05   5.1625675e-10   9.8438001e-04   2.2714664e-05   6.3334184e-04   3.6071768e-04
   3.5356788e-03   5.4909714e-11   1.2964674e-04   2.0392564e-14   1.6220784e-15   1.1412711e-12   7.0064164e-04   2.8222139e-08   4.0211637e-04   3.9853775e-04
   4.4959313e-03   1.5536783e-16   2.6341259e-04   5.6566081e-08   8.5356906e-16   3.9957489e-10   6.7301636e-04   1.0975195e-04   9.6133200e-05   3.6909785e-04
   5.2466810e-03   2.8367771e-10   2.5711990e-04   1.7700625e-07   2.7402760e-29   1.5004768e-18   7.0381264e-04   2.6693649e-04   3.9799441e-04   2.5883435e-04
   5.5895578e-03   1.1713380e-06   1.2566870e-04   2.0930332e-06   1.7945606e-20   1.3257576e-21   7.2106718e-04   4.5543220e-04   7.3800677e-04   1.7767484e-04
   5.5908806e-03   2.6591206e-04   4.1461449e-04   3.1238352e-08   1.0045600e-20   6.6519019e-25   7.2293279e-04   3.2015669e-04   8.7358228e-04   1.6433215e-04
   5.1778924e-03   7.9058419e-04   3.1422606e-04   2.2686418e-06   5.5638597e-04   7.7634628e-24   8.0951214e-04   8.7167536e-05   7.1178954e-04   2.0193789e-04
   4.1702618e-03   6.3496649e-04   1.3038496e-04   9.8043342e-05   1.2459495e-03   2.9215446e-27   8.2891085e-04   1.1348286e-10   9.9499365e-04   3.6720921e-04
   2.9075895e-03   9.2154636e-04   1.0701920e-04   2.0699685e-04   3.6669756e-04   8.8433962e-31   9.7075917e-04   3.8687371e-04   8.2702722e-04   2.5143213e-04
   4.2910961e-03   9.1066361e-04   1.2806480e-04   8.4643749e-05   2.5168556e-15   2.0592267e-13   9.8192468e-04   1.6967958e-04   6.9506789e-04   2.2275031e-04
   5.8451208e-03   5.8235864e-05   1.6062147e-04   2.1804962e-04   6.0152714e-09   1.3739438e-15   1.1989514e-03   2.4825218e-04   9.8805289e-04   1.6393281e-04
   5.2904597e-03   5.7075424e-07   9.5637841e-07   7.9083304e-12   1.3232770e-16   5.9854954e-13   1.3643974e-03   4.0207092e-04   1.2545599e-03   5.2304041e-08
   4.9157250e-03   1.3884096e-05   1.5717193e-04   8.9003255e-07   5.0406334e-17   3.3446521e-09   1.3093159e-03   3.1391425e-04   8.3043933e-04   4.2532579e-05
   2.9824806e-03   3.6150578e-04   6.2800355e-04   7.0414948e-04   1.4811812e-14   1.3958204e-05   1.1227403e-03   6.8557790e-04   5.8647701e-04   1.5708363e-04
   4.4280874e-03   1.5013782e-04   7.9506916e-04   2.4860091e-04   7.5177954e-33   1.8054858e-06   1.0016383e-03   1.3314576e-03   2.8944710e-04   1.3114003e-04
   5.7666102e-03   1.7119608e-11   3.7463216e-04   3.3452650e-06   5.9898428e-23   3.9194997e-12   1.0558607e-03   8.8216069e-04   2.6417490e-04   1.1600119e-04
   5.4631686e-03   3.1604329e-05   4.0442674e-04   1.0743661e-03   3.2282314e-11   1.6551790e-14   1.1779604e-03   7.8645136e-05   1.0346339e-05   2.4695398e-04
   4.5706708e-03   1.7453804e-03   4.0801916e-04   7.6083930e-04   2.8086670e-03   3.7440554e-22   1.2011896e-03   2.4925007e-07   9.4338586e-05   1.4327621e-04
   4.0038209e-03   1.2768379e-03   2.2278691e-04   8.9031142e-04   4.2834035e-03   2.0050991e-19   1.0073743e-03   3.7567281e-05   5.7580802e-04   2.8960989e-05
   3.7640520e-03   4.1193439e-04   2.9002795e-05   4.1956582e-04   2.7853760e-03   4.1355932e-19   1.0224678e-03   3.9658161e-05   1.1499688e-03   1.7170791e-04
   4.4989799e-03   1.5046289e-03   1.4417707e-04   2.0494735e-04   1.7753814e-03   1.0462074e-18   1.0589967e-03   2.1315829e-06   1.1080728e-03   1.6453556e-04
   4.2731378e-03   1.4282718e-03   1.2356605e-04   6.3621251e-04   4.2868374e-03   3.2860720e-17   1.1596972e-03   9.7681093e-05   9.9358194e-04   2.3527318e-04
   3.4520047e-03   1.9505484e-04   2.3632155e-04   6.3380280e-05   1.5516571e-03   1.2782536e-20   1.6974746e-03   1.9809161e-07   8.7642360e-04   1.3232020e-04
   3.3591216e-03   2.9652759e-04   1.6992630e-04   9.9417322e-04   1.4503717e-05   1.8197534e-16   2.3161319e-03   8.0929096e-10   3.9338729e-04   2.0080669e-04
   4.9247482e-03   6.7319131e-04   3.1198497e-04   6.4721423e-04   1.0877386e-07   3.7840032e-08   2.1969132e-03   3.6955386e-16   7.8840393e-04   1.0821825e-04
   4.5147670e-03   6.0827109e-04   1.2333866e-04   4.4560959e-04   8.6887413e-31   2.6298775e-04   2.0662303e-03   6.8886624e-21   1.1458200e-03   2.2023221e-04
   3.6943234e-03   7.6208210e-04   1.6679086e-06   2.6498190e-04   2.1103176e-03   3.6608964e-04   1.8821405e-03   1.3982838e-09   1.0409450e-03   4.2323495e-05
   3.2010382e-03   1.6629915e-03   1.3879135e-04   5.4431926e-09   2.3066683e-03   2.8854649e-04   1.6003906e-03   4.1202922e-06   1.9792735e-04   1.9616022e-05
   2.8860190e-03   3.2736708e-03   4.0026712e-04   1.4360491e-05   2.2158196e-03   8.1287346e-06   1.5541148e-03   4.3507571e-06   2.3331714e-04   9.5228459e-05
   2.7826136e-03   2.4382581e-03   5.8211052e-04   7.1104372e-07   2.9600176e-03   4.6231891e-06   1.5557772e-03   1.4814043e-06   2.5069117e-05   3.0761975e-08
   2.3992001e-03   1.4898420e-03   6.0260932e-04   2.1438448e-06   5.7486275e-04   1.7484250e-12   1.6258644e-03   3.7108964e-08   5.1522290e-04   3.6447536e-04
   2.5730280e-03   1.2196419e-03   5.6833951e-04   6.4068473e-04   8.8999307e-04   7.7135887e-20   1.3675241e-03   6.7066357e-05   2.9964668e-04   2.4172603e-04
   3.0626141e-03   9.0526520e-04   4.5325201e-04   2.6484889e-04   2.6800264e-03   6.7152830e-10   1.2528987e-03   1.6794700e-07   6.0777430e-04   2.0825227e-04
   2.2554046e-03   4.9518715e-04   1.2837591e-04   1.5043541e-12   3.1516478e-15   1.8896715e-07   1.3779686e-03   1.3800362e-05   9.8071247e-04   4.5741334e-04
   2.1444871e-03   8.8400035e-04   1.5975351e-04   1.1030111e-11   4.0500829e-04   3.2542864e-25   1.3921834e-03   2.7216906e-07   9.9644272e-04   4.9717833e-04
   2.1176514e-03   9.7917589e-04   2.5374069e-04   3.4064552e-16   9.0997282e-10   1.5484212e-09   1.4903966e-03   2.7710367e-11   1.0505053e-03   8.6245312e-04
   1.6922992e-03   5.4898918e-04   2.7713265e-04   8.6215227e-06   6.0151234e-30   1.2254893e-04   1.5199906e-03   6.1759936e-05   1.0090232e-03   8.6844625e-04
   2.5641873e-03   5.0882927e-04   2.5322517e-04   3.1621530e-06   3.3902903e-04   3.9743629e-04   1.1645353e-03   1.2911382e-04   3.5602405e-04   6.4883476e-04
   3.1330007e-03   1.1328914e-03   2.6542830e-04   2.9371782e-11   1.8822188e-04   1.4023438e-04   1.1779438e-03   2.2000710e-06   1.9630551e-04   5.4764975e-04
   3.3568581e-03   1.4236427e-03   6.0685941e-04   8.5712963e-05   1.0981545e-08   2.1530705e-04   1.1391818e-03   1.3415054e-06   5.8139872e-04   5.7356560e-04
   2.7581055e-03   9.2084275e-04   2.8932579e-04   8.2570387e-05   6.4665080e-04   5.2583796e-04   1.1206315e-03   1.7459719e-11   7.2166750e-04   6.8388753e-04
   2.3689580e-03   1.9393687e-04   5.2597011e-04   1.4226001e-09   8.2456935e-27   6.6623026e-04   1.0398155e-03   7.1578299e-15   6.3360146e-04   8.4476720e-04
   2.1566160e-03   6.0103371e-04   1.0911371e-03   1.3616541e-05   1.6484690e-04   6.5736528e-04   9.0991376e-04   1.0753572e-12   1.1233811e-04   1.1735162e-03
   2.1368605e-03   4.4812220e-04   1.5011157e-03   1.4791950e-06   4.8006405e-06   8.1834998e-04   9.9427867e-04   4.5563133e-09   1.4174980e-04   1.2468957e-03
   1.9780716e-03   3.2425648e-04   1.4307691e-03   2.3742901e-05   4.4579154e-40   8.0036493e-04   7.9951822e-04   9.3256767e-12   2.2056900e-04   1.9011804e-03
   1.8687602e-03   3.2125879e-04   1.2051836e-03   2.9390034e-04   1.6852927e-18   1.2808136e-07   7.4993575e-04   1.6821967e-04   1.7310646e-04   1.6733546e-03
   1.9300134e-03   2.6302938e-04   7.3677497e-04   8.2104462e-05   4.7893986e-17   1.5336926e-06   8.4279539e-04   1.9369231e-05   2.4171990e-05   1.3023175e-03
   1.9898806e-03   3.7550626e-04   4.9641435e-04   3.5828405e-06   1.0810707e-38   2.1026132e-10   1.0191980e-03   1.5708064e-06   9.6310814e-05   1.4073004e-03
   2.4038551e-03   4.0857931e-04   4.8492822e-04   8.3178965e-05   3.9700816e-16   5.3189222e-09   1.0173941e-03   2.9008360e-08   7.6120247e-06   8.9694051e-04
   2.5626201e-03   4.3836817e-04   1.3172803e-03   2.6636050e-07   1.4642736e-12   2.0147115e-04   7.9998013e-04   1.1799210e-14   1.8842120e-07   8.4417771e-04
   2.6863280e-03   5.4270527e-04   1.8892270e-03   3.6280443e-04   4.9906003e-14   2.5323235e-04   7.1950403e-04   4.6692984e-23   5.7916587e-05   1.0821566e-03
   2.5028221e-03   5.4102738e-04   1.2969877e-03   4.2888333e-04   2.0273912e-11   1.1912567e-04   7.1961714e-04   1.4460100e-19   1.1741742e-04   9.3055553e-04
   2.2397584e-03   4.2897515e-04   6.5244604e-04   3.6032174e-04   6.4909679e-47   1.1415108e-04   7.4933443e-04   2.9021419e-12   7.8077495e-11   8.3104333e-04
   2.5726195e-03   4.3788146e-04   6.7465435e-04   1.1210823e-04   1.8902235e-04   1.2604164e-05   7.8224120e-04   2.0467924e-08   3.8702758e-07   7.1948539e-04
   2.8741328e-03   2.5236257e-04   1.3852825e-03   1.8138637e-04   3.1802504e-19   3.5702931e-06   7.4715378e-04   9.0895984e-20   5.7746204e-13   8.2071501e-04
   2.9250995e-03   8.7455880e-09   9.4121531e-04   3.3286735e-11   2.7541590e-40   2.0115038e-04   7.0347928e-04   7.4911839e-10   6.4390272e-16   7.2365865e-04
   3.0476505e-03   2.9390658e-15   8.8013548e-04   3.1379064e-04   2.0615271e-21   1.4398515e-04   5.6691832e-04   7.4112888e-09   3.7759633e-17   1.2174636e-03
   3.2375636e-03   1.9238729e-16   1.0283149e-03   3.2841808e-04   7.0885417e-41   1.1017959e-08   6.9281236e-04   2.9557826e-10   3.5105044e-10   1.1684367e-03
   3.1148847e-03   2.2321001e-07   1.2243820e-03   4.6765300e-04   4.5047457e-44   3.0765157e-14   8.3316886e-04   9.8822413e-13   8.9318529e-05   9.6369892e-04
   2.7670469e-03   2.3724512e-04   7.7579119e-04   3.7685626e-04   6.4085269e-09   3.7841761e-10   8.2399816e-04   7.1219979e-16   1.2227402e-04   8.9314924e-04
   2.8863086e-03   2.9360243e-04   6.6346387e-04   3.7462769e-04   3.4768760e-10   6.0939868e-17   8.0085574e-04   1.4647632e-12   3.7496843e-08   4.1472859e-04
   2.2194196e-03   6.1940787e-04   5.7045803e-04   9.8408885e-04   2.8738298e-20   4.6895710e-25   7.9558216e-04   8.3426841e-13   8.1374297e-21   8.0951883e-04
   1.9823867e-03   4.7633316e-04   5.3900161e-04   5.0398457e-04   2.6942049e-27   2.9908419e-10   9.1993607e-04   6.6569989e-10   9.2737517e-14   1.2514475e-03
   3.6798317e-03   1.2604311e-05   3.3730644e-04   1.7908063e-05   5.7269565e-27   1.6835709e-05   8.1851449e-04   3.6152488e-14   5.9052513e-06   1.1458516e-03
   4.6331015e-03   1.4395404e-04   5.1727932e-04   3.3106310e-04   3.8147170e-18   2.8880067e-07   7.4322028e-04   1.3463842e-15   2.5619488e-04   1.0165756e-03
   3.8655129e-03   3.1929223e-04   6.8186397e-04   3.5746274e-04   7.5670125e-15   9.5469337e-09   9.3886953e-04   1.6468470e-10   4.9832863e-04   1.0780160e-03
   3.8210234e-03   3.0706575e-07   8.8728187e-04   2.5645687e-06   2.2494509e-15   2.6639894e-08   8.7289826e-04   6.2258351e-10   4.1084389e-04   1.1093852e-03
   3.3621192e-03   3.2242273e-09   4.4501534e-04   3.7742371e-04   1.9543480e-13   4.8447464e-08   6.8792375e-04   1.2162994e-10   2.4339271e-04   7.0842571e-04
   3.6084090e-03   3.3242584e-04   1.1890676e-04   2.8667681e-04   6.6809748e-12   2.1425242e-15   8.2075939e-04   1.4703790e-14   1.2253936e-04   8.0868956e-04
   3.8604571e-03   4.2196749e-04   2.9321239e-04   1.1264006e-09   4.9666145e-21   2.7099762e-10   8.4321335e-04   3.6815707e-11   3.4421509e-05   7.4019469e-04
   3.7733397e-03   4.2711624e-04   2.4238866e-04   2.4098423e-13   8.5240258e-16   6.5302729e-15   1.0354072e-03   6.7210573e-11   6.3456051e-06   8.3450154e-04
   3.6112421e-03   6.4251039e-04   5.2062032e-04   1.5744658e-05   9.1830551e-14   1.6870972e-21   9.4160228e-04   3.4095650e-12   1.5348900e-12   8.1642270e-04
   2.8117400e-03   1.0157065e-03   1.1372490e-03   1.6015184e-04   1.4015754e-20   2.5571810e-23   8.7492363e-04   3.1544581e-19   1.0471518e-09   1.0082558e-03
   2.6477395e-03   7.1521742e-04   1.2052553e-03   1.0696785e-04   3.2577570e-16   1.3366677e-20   8.4299733e-04   1.5715896e-12   5.8442351e-07   1.4996214e-03
   3.0516912e-03   3.8014784e-04   6.2321877e-04   9.5131406e-08   3.4654424e-14   5.9363498e-21   8.1273518e-04   3.0869726e-08   2.1691536e-04   1.3472683e-03
   2.1871119e-03   8.5449736e-04   5.2505409e-04   1.5335759e-06   9.0498314e-04   3.2014041e-07   8.2021405e-04   3.7942155e-08   2.3429493e-04   6.3446602e-04
   2.1909966e-03   7.2166907e-04   5.6410062e-04   3.0564195e-06   1.6580013e-17   7.9220653e-08   7.8441699e-04   8.3325534e-10   8.2016790e-05   1.0885082e-03
   1.9387567e-03   2.9465149e-04   3.9034861e-04   1.9566371e-11   6.7181600e-35   4.6424269e-15   8.4634287e-04   8.3203226e-12   2.6542494e-04   1.4763493e-03
   2.3039674e-03   2.6911176e-05   2.5061993e-04   5.0090660e-14   3.8724630e-18   1.2463348e-15   9.0654999e-04   4.3926547e-09   4.3075098e-04   1.0117382e-03
   1.9850126e-03   5.7711579e-04   4.1220036e-04   8.9569979e-10   1.0583507e-20   2.4209421e-10   8.0582511e-04   4.5150553e-09   6.1622369e-04   1.8059293e-03
   2.1580877e-03   3.6598958e-04   3.6447536e-04   1.1622054e-09   4.9268278e-34   1.7624627e-05   7.8107622e-04   2.3350798e-05   4.2064147e-04   1.6532221e-03
   2.1588630e-03   2.4289667e-04   3.8812475e-04   3.9907911e-11   6.1139297e-14   2.9919216e-10   8.6730214e-04   3.1970011e-07   3.4137811e-04   1.4044806e-03
   2.7516751e-03   5.0267272e-04   7.7949874e-05   2.4712014e-14   2.6561917e-18   1.2577971e-10   7.6094880e-04   2.5933517e-17   2.3751149e-04   1.3739693e-03
   2.7330069e-03   8.9220868e-04   3.0605009e-04   4.4496997e-16   3.4385081e-23   1.4205688e-12   6.3330105e-04   4.8610350e-08   1.8760730e-04   1.8732052e-03
   2.3898425e-03   2.8188366e-04   4.6654795e-04   1.5857727e-17   1.0486101e-29   2.9358177e-06   7.0722814e-04   1.8786664e-07   8.4328374e-06   1.5960897e-03
   1.7743146e-03   1.2034222e-04   1.6521994e-04   6.0685997e-18   7.8152899e-04   3.2021612e-13   6.7174292e-04   8.3876326e-06   1.2674525e-05   1.9458750e-03
   1.1665481e-03   4.8144597e-04   3.1180193e-04   9.7309235e-14   2.9305838e-04   2.5879508e-12   6.7729917e-04   1.0811153e-04   8.7609995e-05   1.2429302e-03
   1.0842978e-03   6.8104538e-04   5.2392399e-04   1.1948570e-21   2.0433469e-47   5.1570451e-08   6.4332586e-04   1.1656931e-12   2.9067360e-04   1.2042746e-03
   9.8282883e-04   2.9475473e-04   5.7754073e-04   5.9563870e-15   3.2317006e-22   1.4424350e-15   6.2621126e-04   3.4617577e-11   4.4621615e-04   1.3081283e-03
   1.0001647e-03   3.6268278e-04   5.3395131e-04   8.7570182e-13   1.5927967e-06   6.9978435e-11   6.2710034e-04   1.1263290e-06   4.8503357e-04   1.2917528e-03
   1.1264889e-03   5.0369568e-04   6.0685906e-04   1.8702114e-22   9.8643868e-29   1.1901581e-06   6.7262864e-04   1.9908452e-06   4.6226079e-04   8.8533721e-04
   1.1223244e-03   3.9728447e-04   5.4669305e-04   1.8166419e-25   4.2340608e-48   1.2576319e-06   6.4531648e-04   7.5518122e-14   1.0743961e-03   1.0928230e-03
   7.4964407e-04   3.3517764e-04   3.6995552e-04   7.2027380e-15   4.9690752e-05   1.3203110e-04   6.6435214e-04   6.5688847e-16   6.9095315e-04   1.1463873e-03
   6.0963147e-04   3.6661722e-04   2.6755598e-04   2.5820840e-08   3.0620181e-04   3.0889834e-04   5.6448283e-04   1.9301612e-06   7.3789629e-04   1.7461601e-03
   5.5340237e-04   6.1927993e-04   3.0110035e-04   1.3932460e-14   2.2765756e-19   3.0574816e-04   6.0704687e-04   2.8193033e-05   3.7895897e-04   2.1479215e-03
   8.0859388e-04   3.2416292e-04   1.4978775e-04   3.5370775e-16   2.4195455e-17   2.9108657e-04   5.6195122e-04   3.3148587e-05   3.2510706e-04   1.6802345e-03
   9.5601662e-04   3.6330114e-04   3.0010076e-04   5.1444428e-18   1.2737286e-04   1.7832023e-04   5.6234987e-04   1.9639532e-06   3.1903002e-04   9.6062006e-04
   1.1066564e-03   4.9522853e-04   7.6903725e-05   1.4273840e-22   2.2170628e-19   1.2713199e-04   5.4496376e-04   5.9449461e-08   2.6665293e-04   7.0573003e-04
   9.6947750e-04   2.8173474e-04   1.0724128e-04   2.5664575e-17   2.4622294e-40   2.8098757e-04   5.5347352e-04   8.5121249e-05   2.0920602e-04   1.1164712e-03
   7.2450596e-04   1.4818213e-04   8.5666308e-05   3.9815308e-13   7.5757459e-23   1.1762108e-04   5.9618098e-04   2.2834148e-05   2.2869494e-04   1.5761224e-03
   5.5053831e-04   2.3522768e-04   1.4174588e-04   2.8583315e-12   7.8543506e-16   1.4956958e-04   5.6152115e-04   7.7947501e-05   1.3006306e-04   1.3904460e-03
   6.5872449e-04   2.8359875e-04   1.8472638e-04   2.1352168e-26   1.0120051e-36   1.8611179e-04   6.0090283e-04   8.8990776e-10   2.1498923e-04   9.8464001e-04
   6.7011709e-04   3.9508401e-04   2.0665139e-04   3.0511517e-24   1.2583392e-49   7.4374969e-06   5.9043957e-04   1.1457213e-07   4.0542787e-04   1.3346301e-03
   7.7093759e-04   2.5864562e-04   2.0208988e-04   2.1789711e-16   4.3994551e-16   1.1249074e-04   5.8290417e-04   3.3069602e-09   2.6037840e-04   1.9507729e-03
   1.1992003e-03   1.7893613e-04   2.8800542e-04   3.3690896e-10   2.5243935e-31   1.7339268e-04   5.5579552e-04   6.0067788e-06   9.1969420e-05   1.6441011e-03
   1.2524115e-03   3.6505237e-04   4.2121317e-04   3.6597306e-14   1.6155973e-53   1.6998084e-04   5.3748660e-04   3.7307425e-11   3.2490350e-04   1.2695415e-03
   1.0864360e-03   1.9693280e-04   3.0269027e-04   5.4623679e-19   6.0751573e-48   2.2908206e-04   5.7727496e-04   6.6122610e-17   3.4640640e-04   1.4671462e-03
   1.0812501e-03   4.3141458e-04   2.0986635e-04   5.4174697e-22   7.2266393e-28   2.1221180e-04   5.6051207e-04   8.7239967e-15   2.9752367e-04   2.1508436e-03
   8.7402809e-04   6.1372059e-04   1.8747466e-04   2.0410005e-17   1.5327706e-42   2.5644169e-04   4.7844947e-04   5.4927694e-05   2.0083169e-04   2.2864990e-03
   9.0229358e-04   2.5579138e-04   1.7295181e-04   9.8955338e-10   3.0774588e-86   2.4792236e-04   5.5008711e-04   1.4112954e-05   2.9291083e-04   2.4452809e-03
   8.9033232e-04   2.1940933e-04   1.9922578e-04   3.2477108e-09   1.0125332e-71   2.2861161e-05   5.5910778e-04   1.2964752e-04   2.8928305e-04   2.8516788e-03
   8.6922059e-04   1.7945668e-04   1.9981971e-04   3.7464473e-05   6.3670716e-57   1.4303121e-04   5.9931343e-04   2.5511935e-04   1.3333370e-04   2.1980813e-03
   1.2392646e-03   1.0753644e-04   2.1497577e-04   4.2730830e-06   3.0847577e-57   3.8558263e-04   4.2278476e-04   5.8769738e-04   2.0305074e-04   1.6785276e-03
   1.0054328e-03   3.1858737e-04   2.2982412e-04   3.6701410e-11   1.4646409e-62   1.7392730e-04   4.3353696e-04   7.8417165e-04   2.1991147e-04   1.9985681e-03
   8.6531701e-04   6.4343699e-04   1.0948196e-05   1.8041084e-12   7.7225507e-25   1.7641595e-04   4.0241102e-04   7.0410546e-04   1.6364046e-04   2.1950246e-03
   6.1813739e-04   1.7916096e-04   1.8836633e-04   1.4036705e-04   7.0288421e-38   5.4025495e-05   4.5612779e-04   7.2473713e-04   2.2021265e-04   1.9221117e-03
   9.1459140e-04   2.8370391e-04   3.8605202e-04   1.8783210e-04   5.2959508e-78   2.8313851e-05   5.6160291e-04   7.1783923e-04   8.1828313e-06   2.8426128e-03
   1.2902909e-03   2.0369884e-04   5.0631716e-04   2.1020770e-07   6.7328362e-47   6.1903158e-05   5.3975562e-04   5.1002400e-04   2.2453960e-06   3.0109699e-03
   1.0563667e-03   2.3520265e-04   6.8701987e-04   4.1944639e-16   7.5430059e-29   7.8933987e-05   5.8815590e-04   1.2645095e-04   1.3605704e-04   2.9831004e-03
   1.5073234e-03   5.1617310e-04   6.0658351e-04   2.7321045e-15   6.5201706e-48   1.7837428e-04   4.5875583e-04   5.0786598e-04   2.5175021e-04   4.0125596e-03
   1.7911768e-03   2.3676142e-04   6.5866420e-04   1.4797892e-10  1.2398110e-118   1.1778489e-04   4.9761113e-04   7.9553030e-05   2.5636527e-04   4.5898133e-03
   1.4942636e-03   1.7449507e-06   7.1639226e-04   5.0666685e-05   1.6712773e-57   1.4376194e-04   5.3217552e-04   3.6597121e-05   3.4806059e-05   3.3357416e-03
   1.2459863e-03   4.7792384e-05   5.8907493e-04   8.8037561e-05   1.3965627e-57   1.9868573e-04   4.7034497e-04   7.9193874e-04   5.9548619e-06   2.4187022e-03
   1.5552131e-03   1.0675734e-05   5.7332516e-04   1.8447498e-08   2.0841107e-60   1.5754125e-04   4.9132930e-04   1.0114496e-03   5.0142166e-05   1.4981283e-03
   1.9291826e-03   3.7402586e-12   7.6863438e-04   1.8472839e-04   2.5533493e-71   6.1304045e-05   4.5450108e-04   5.0426913e-04   1.2867007e-07   2.4342255e-03
   2.2012111e-03   1.1827753e-04   2.7861939e-04   2.0919904e-04   2.4364153e-47   8.8438086e-05   4.8114971e-04   3.1723578e-04   2.5206886e-05   4.5005801e-03
   1.9418170e-03   5.8425135e-11   6.5860809e-04   1.0507134e-04   3.1372631e-50   7.2585507e-05   5.4838618e-04   4.3492439e-04   4.5456844e-09   3.5450367e-03
   2.2234003e-03   3.0514053e-04   4.9976132e-04   2.9132949e-04   9.5623776e-77   1.0825831e-04   3.8213682e-04   7.2785411e-04   1.8458945e-07   2.4312041e-03
   2.2021434e-03   1.2907859e-04   1.1547127e-04   2.1166001e-04   6.7843368e-75   1.1449105e-04   3.8054550e-04   9.0483398e-04   7.7614944e-05   2.0272473e-03
   1.5738226e-03   5.5617370e-05   3.1565829e-04   5.2526558e-05   2.0258281e-60   8.1472025e-05   4.0643837e-04   1.0746362e-03   9.6849199e-06   2.1059262e-03
   2.0920730e-03   4.4455420e-04   4.8410334e-04   7.5496739e-05   5.8700013e-60   4.8902150e-05   5.7842278e-04   1.0736002e-04   4.8171713e-06   2.1422489e-03
   2.6806490e-03   2.6966384e-04   6.5776170e-04   2.5119752e-09   1.5081305e-73   2.7939762e-05   6.2345675e-04   3.5365249e-04   9.4486235e-10   1.9626999e-03
   2.3318738e-03   1.2868022e-09   7.1737099e-04   2.0169833e-10   1.0662999e-68   4.2405534e-05   5.1374435e-04   1.3139341e-03   2.6841783e-13   2.9272884e-03
   2.5730417e-03   1.4555874e-14   6.3144164e-04   3.2933559e-11   3.2171491e-64   1.7374260e-04   4.3390257e-04   7.0273162e-04   1.9507624e-10   1.6724242e-03
   2.5224106e-03   1.6221676e-04   5.9671808e-04   9.2230765e-09   2.7253676e-56   1.5312124e-04   4.9211984e-04   2.1305689e-04   1.7366216e-04   2.6301685e-03
   2.5116068e-03   1.8692033e-04   7.2382182e-04   4.6804481e-14   1.4153970e-65   1.5276386e-04   5.3920303e-04   2.6071587e-04   1.1184571e-04   2.7415095e-03
   2.8544367e-03   6.9138446e-14   1.0033075e-03   8.6536025e-14   6.5919117e-32   1.1049719e-04   4.6802860e-04   1.1159153e-03   1.0696588e-12   2.3135693e-03
   2.6927262e-03   2.1999138e-07   1.2911181e-03   5.4811791e-13   3.5233870e-42   5.5158420e-05   4.4038764e-04   1.3273070e-03   6.5300353e-13   2.1019176e-03
   2.1845521e-03   2.8191411e-04   8.1002817e-04   5.6691364e-11   9.6917064e-37   3.1780984e-05   4.8416103e-04   6.9528233e-04   3.0967508e-09   2.6664339e-03
   2.4174414e-03   5.6725365e-09   9.9642772e-04   3.0810893e-12   7.7404974e-33   8.9248430e-05   4.6598115e-04   5.2130804e-04   2.7308492e-09   2.2058209e-03
   3.3768626e-03   4.3316973e-23   1.3704017e-03   5.4618776e-17   2.3881072e-27   8.2562907e-05   3.9141699e-04   2.0064656e-04   5.8270718e-11   1.3932841e-03
   3.0507314e-03   3.3794601e-07   1.1212698e-03   1.1539414e-14   1.9052623e-39   1.8239388e-05   3.4667985e-04   6.3137150e-04   6.6666018e-10   2.6597438e-03
   1.7725740e-03   1.1961877e-04   6.9260554e-04   3.0725340e-15   2.7435359e-31   2.5109709e-05   4.0932547e-04   1.0482476e-03   2.1704412e-09   2.7866701e-03
   8.6676567e-04   6.7291709e-06   7.2210578e-04   1.2576323e-13   1.4024047e-22   2.8257561e-08   4.2979674e-04   1.0409265e-03   1.4573351e-19   3.4594507e-03
   1.5641631e-03   9.8981913e-05   4.8801885e-04   1.8781174e-14   1.6918318e-09   6.9643217e-11   4.5988384e-04   5.2679554e-04   2.4363409e-10   4.1263512e-03
   1.9385098e-03   2.6324434e-04   2.5625638e-04   7.9630865e-17   8.2796204e-14   6.3409025e-06   4.1986250e-04   6.3409536e-04   2.0959973e-07   4.6591237e-03
   1.6106301e-03   2.3659883e-04   1.3122748e-05   2.0714173e-24   3.8319300e-26   3.8290310e-06   3.3103013e-04   9.6028468e-04   1.1913383e-05   3.4460148e-03
   8.1568457e-04   2.3459330e-04   6.7485186e-04   1.6098367e-13   3.1030597e-04   2.5447540e-05   3.8872434e-04   7.3084167e-04   3.1044949e-05   4.7052994e-03
   1.1556124e-03   2.3480295e-04   1.0892503e-03   1.0525457e-07   1.6285223e-04   1.0155808e-04   3.4527122e-04   6.6518566e-04   1.2332205e-04   5.9171060e-03
   1.7187915e-03   2.8637523e-10   9.8654679e-04   6.6398418e-11   4.2480579e-06   1.2383833e-04   3.7496566e-04   6.3043540e-04   1.1864082e-04   3.3094880e-03
   1.7320132e-03   3.8606759e-06   1.0521600e-03   6.6627556e-16   3.8388926e-13   7.7080219e-07   4.0501459e-04   4.6871091e-04   1.8073809e-09   4.9963226e-03
   1.7717317e-03   1.7768114e-10   1.0688092e-03   3.5720181e-21   1.5967515e-24   2.9110979e-11   4.3984132e-04   5.9068746e-04   4.5188038e-20   4.5977020e-03
   1.8382065e-03   3.1552420e-08   8.9826771e-04   3.5923549e-23   2.6495898e-42   2.2438183e-20   4.5215195e-04   4.1541003e-04   3.7894054e-05   5.1593464e-03
   1.7860645e-03   2.5307441e-04   6.7698966e-04   5.5981835e-26   4.5392310e-48   1.1623641e-07   3.4094724e-04   3.3408423e-04   6.0581571e-09   4.9991131e-03
   1.3863096e-03   7.0810647e-05   4.9483370e-04   2.9033073e-19   4.2792192e-28   1.1986929e-05   3.3226927e-04   2.1390632e-04   1.6522041e-05   4.5934063e-03
   1.0937189e-03   2.9801300e-04   3.3294652e-04   1.0511139e-18   4.2445042e-14   3.8461519e-08   2.6291248e-04   3.1015929e-04   1.3230356e-04   4.8205627e-03
   9.9377542e-04   2.6714745e-04   3.1263266e-04   1.0913355e-23   1.2742447e-41   4.3823109e-13   3.1812964e-04   3.8918142e-04   1.1290698e-04   4.1070114e-03
   1.0441218e-03   6.4051311e-05   1.1729235e-04   2.8117115e-13   1.1932659e-20   1.7030106e-19   3.1488067e-04   4.5242934e-04   1.2498225e-04   4.0194758e-03
   1.3329557e-03   2.1296985e-14   1.8510287e-04   2.4956576e-20   1.7965156e-13   1.8285848e-08   3.5035540e-04   2.4500137e-04   2.8631518e-05   4.7377112e-03
   1.3498095e-03   1.6072238e-04   2.1789337e-04   3.7393089e-16   2.7567285e-19   3.6050143e-05   3.4974923e-04   6.5526336e-06   5.4776387e-05   3.4707159e-03
   1.4263556e-03   1.2911109e-04   1.0176854e-04   1.5172206e-16   3.1625731e-48   8.4550282e-07   3.1292529e-04   2.6464990e-04   7.0658517e-05   2.5322546e-03
   1.0856016e-03   1.0333029e-04   1.8269332e-04   8.1782885e-21   3.4570936e-54   9.8560820e-05   3.0670950e-04   1.8455094e-04   5.4784594e-05   3.1624156e-03
   9.3083998e-04   8.3346861e-05   4.3488300e-04   1.7009710e-27   6.5765724e-33   4.2084697e-05   3.3996523e-04   2.4568893e-07   6.1406085e-05   3.8997307e-03
   1.0054300e-03   1.0209184e-08   4.6431242e-04   1.9540093e-24   1.2451529e-31   1.3205497e-07   3.5061517e-04   6.8930158e-05   1.9289322e-04   5.1762174e-03
   9.9185142e-04   1.3727764e-04   4.5139293e-04   1.5500020e-21   1.2531618e-45   2.9296242e-14   4.0209485e-04   1.3032784e-04   5.7192692e-05   3.4568809e-03
   1.4376013e-03   2.7401806e-04   5.4847518e-04   7.5267713e-22   6.8262964e-50   1.8179376e-05   3.4474823e-04   4.3544946e-08   9.4860977e-07   3.3527736e-03
   1.2909025e-03   3.0161029e-04   5.0627364e-04   1.1657757e-22   2.9999220e-19   4.4951810e-22   3.1890994e-04   7.8676117e-10   4.9286429e-06   4.1423778e-03
   6.4783219e-04   2.5192739e-04   2.7015822e-04   1.9118189e-19   4.7275790e-11   2.8997982e-19   3.0043948e-04   3.1414376e-04   7.4593694e-05   4.8837854e-03
   1.0738361e-03   2.1053750e-04   2.3145082e-04   4.7955110e-24   1.4268650e-59   2.4792518e-08   3.0899417e-04   3.8596752e-04   8.2296321e-07   4.8674576e-03
   1.4457508e-03   1.3102416e-04   2.9834874e-04   4.1048114e-20   1.7471845e-29   5.8120655e-13   3.2986876e-04   2.4207806e-06   3.6643246e-09   5.9832058e-03
   1.0484044e-03   1.4257080e-04   5.8030774e-04   1.0479964e-13   5.2479833e-30   2.8049762e-14   3.0724164e-04   1.0980151e-05   2.3657490e-09   9.0790448e-03
   5.0685340e-04   1.5309759e-04   4.4912455e-04   4.7877091e-18   6.5114674e-29   9.8329571e-15   3.3854750e-04   3.0231387e-05   5.0763146e-05   9.2137872e-03
   3.3098862e-04   4.4554454e-04   4.0252875e-04   8.2029936e-20   4.8847306e-32   6.0054462e-11   3.0409829e-04   2.8540355e-11   3.4970279e-14   7.8204288e-03
   5.8987292e-04   2.8108632e-04   2.9278269e-04   1.0655292e-16   5.6158070e-39   3.9221912e-11   3.0481191e-04   5.2673758e-06   5.4252183e-05   7.9313729e-03
   1.0940962e-03   1.1347620e-04   3.4731301e-04   6.5579747e-19   5.0947822e-40   3.7939871e-18   3.4631675e-04   3.5082908e-14   1.5577956e-06   7.8231902e-03
   1.4048053e-03   2.5695571e-04   2.5273722e-04   1.2999486e-18   1.0134659e-53   1.3005508e-11   3.1251117e-04   8.9693227e-06   4.5478395e-05   7.3993640e-03
   9.3461146e-04   2.8394751e-04   4.1220491e-04   9.4863586e-17   3.5244597e-85   2.2598214e-15   3.5947585e-04   2.4630023e-08   2.1696357e-04   8.1371442e-03
   6.5564314e-04   1.8598563e-04   2.8431665e-04   1.9637984e-19   3.1821356e-43   3.1432426e-21   3.4741190e-04   1.7315604e-09   3.8113762e-04   8.6442567e-03
   1.0024906e-03   4.8284542e-04   5.0521578e-04   1.0158361e-19   5.0671139e-46   6.4677701e-12   3.4919649e-04   5.4042416e-05   8.9272926e-05   5.7268339e-03
   9.4617675e-04   4.9110400e-04   4.3000663e-04   4.5460061e-20   5.1512164e-60   2.5645710e-16   3.3494631e-04   1.3169609e-04   4.0050204e-07   6.0642885e-03
   5.8702684e-04   4.9806784e-04   2.7510081e-04   5.9373271e-14   2.6888813e-53   2.5457838e-17   2.7812863e-04   3.5760887e-05   1.2959048e-04   7.1512869e-03
   1.0759297e-03   3.9778939e-04   3.0983970e-04   8.9255345e-16   1.0731504e-43   5.1984562e-21   2.9326061e-04   6.3903820e-18   8.8203526e-05   4.7502896e-03
   1.2605587e-03   2.0007212e-04   2.2940496e-04   8.9903417e-15   2.3095308e-34   7.6808583e-29   2.8900326e-04   7.3433450e-17   1.4384058e-04   5.2332011e-03
   8.6785880e-04   2.5252054e-04   1.9650437e-04   5.1600643e-23   3.3695728e-45   7.7965238e-25   2.9884992e-04   2.2375291e-14   1.3696003e-04   6.6395460e-03
   1.1415731e-03   3.6467266e-04   2.4882423e-04   3.4862188e-11   4.8873280e-53   9.3593138e-17   2.4334768e-04   3.0007584e-05   4.7797110e-05   5.8072432e-03
   1.4126467e-03   3.3379321e-04   3.9987136e-04   5.4281179e-07   3.8060167e-66   1.0861089e-11   2.2729029e-04   4.1669591e-05   1.8767023e-17   5.0652983e-03
   1.5370134e-03   4.3646474e-04   4.5043643e-04   2.1283811e-08   2.8158750e-49   1.3798673e-11   1.9801643e-04   1.1137568e-06   5.4085605e-13   6.6178825e-03
   1.0964168e-03   4.4398877e-04   2.7145798e-04   1.2503909e-07   6.4845354e-54   1.9055207e-11   1.8025401e-04   2.6660288e-05   6.1500236e-08   7.5741858e-03
   1.3669725e-03   2.2705601e-04   1.0677631e-04   8.8421628e-06   3.2973319e-30   1.2876839e-15   2.4339768e-04   4.2177519e-07   7.3012434e-12   5.8052264e-03
   1.3734042e-03   2.9322310e-04   2.8776426e-04   1.2916387e-06   9.0610537e-37   9.8267540e-12   2.4000201e-04   1.8962590e-05   2.1502029e-07   4.4960669e-03
   1.0897181e-03   4.2732846e-04   6.9910311e-05   1.0139829e-05   7.2806748e-42   1.7547506e-10   2.4433900e-04   6.2380513e-05   1.6771543e-04   4.9940719e-03
   6.5671423e-04   4.8779616e-04   1.0738879e-04   2.9902628e-05   2.4728070e-31   4.0402621e-15   1.9480514e-04   1.1975387e-09   2.4424457e-04   6.7697948e-03
   6.8865428e-04   5.4804272e-04   1.7154477e-04   1.8486549e-05   4.7167916e-58   5.3618791e-13   1.7549104e-04   1.1577930e-04   9.9640071e-05   6.8471809e-03
   1.2848021e-03   2.6073623e-04   1.3964918e-04   1.8092907e-04   1.0680633e-47   4.8648786e-09   1.6398698e-04   7.7738737e-05   3.3246575e-08   4.9585099e-03
   1.3279946e-03   1.7163260e-04   5.8063907e-05   3.4854199e-04   6.5764968e-41   1.6284688e-21   1.7892729e-04   1.4573149e-05   4.4645604e-06   5.0600327e-03
   9.9878959e-04   2.6690949e-04   1.4644937e-04   1.3001271e-04   1.8231941e-38   3.2006256e-23   1.7031538e-04   8.2915147e-05   6.9478402e-05   7.5300877e-03
   6.0693039e-04   3.0164590e-04   1.6509603e-04   1.0228220e-05   6.1861169e-52   1.1402138e-15   1.3465779e-04   1.9282383e-04   6.0968557e-07   8.1813215e-03
   1.1120514e-03   1.8686356e-04   1.5573197e-04   2.3886525e-05   3.1637411e-38   4.7064130e-15   1.3358068e-04   1.4742098e-04   7.0673522e-06   5.8757466e-03
   1.3459503e-03   2.1698193e-04   1.3554173e-04   2.9235972e-04   1.5226217e-74   2.6900894e-14   1.1911386e-04   5.5886461e-05   5.5961142e-08   6.0784400e-03
   7.5491223e-04   3.1819925e-04   7.2593427e-05   3.6159488e-04   4.5790892e-27   1.6853162e-16   1.3743607e-04   9.3153742e-05   7.8952814e-08   8.6844182e-03
   9.0403486e-04   2.7201555e-04   2.4060039e-05   5.3416559e-04   1.3228984e-29   1.3501213e-11   1.2931273e-04   4.0906324e-06   7.1547704e-05   7.7405137e-03
   1.3754713e-03   8.6046102e-05   1.8514517e-05   3.9923004e-04   4.3794729e-49   1.8319692e-12   1.3503749e-04   1.2838884e-05   1.0775962e-07   5.9861273e-03
   1.2408954e-03   1.3333585e-04   1.0720403e-05   1.3749986e-04   2.9173647e-67   1.0634014e-13   1.7772606e-04   1.2055473e-05   7.6341446e-22   4.8734376e-03
   1.2052637e-03   3.4672295e-04   6.4638529e-05   1.5975460e-07   1.0390316e-38   6.7086492e-12   1.6867494e-04   2.1701666e-10   2.7445288e-14   6.5843850e-03
   1.0978252e-03   3.3305305e-04   1.2210712e-04   2.1771346e-05   1.4047505e-21   4.7677205e-14   1.7171300e-04   1.5665410e-09   1.0882678e-12   7.3579116e-03
   7.1283065e-04   1.9422154e-04   7.3159366e-05   2.0581972e-04   2.2474142e-32   1.0198831e-15   1.6299716e-04   2.2936843e-07   4.9877792e-15   7.1017439e-03
   8.5073090e-04   4.1908435e-05   4.9860239e-05   3.8802100e-04   9.4410540e-41   1.2165544e-18   1.6443158e-04   5.6719787e-07   1.2296787e-15   5.5245202e-03
   6.3769439e-04   1.2164507e-04   1.8342860e-05   2.5776937e-04   5.6447810e-06   1.1164668e-21   1.4648242e-04   1.0514757e-05   2.4599952e-27   7.8229547e-03
   4.5141348e-04   1.5503245e-04   2.0045753e-05   2.3704955e-04   9.1940395e-05   2.3637070e-18   1.0804996e-04   6.6112496e-05   7.7334789e-14   8.6220128e-03
   6.4689325e-04   2.2400475e-04   4.5843407e-05   2.1776615e-04   3.3851646e-28   2.3951118e-16   1.0172906e-04   6.1930154e-05   4.1933497e-13   6.3555697e-03
   6.1032465e-04   1.1360313e-04   9.6297758e-05   4.7260649e-04   5.5824044e-34   5.3607280e-16   1.0910562e-04   1.4811139e-06   9.3020812e-14   5.8907962e-03
   5.1136999e-04   6.2131162e-05   5.5103189e-05   4.9519638e-04   9.8829689e-43   2.6722833e-10   1.0239697e-04   2.7721833e-09   1.9682979e-16   8.0376936e-03
   4.4652058e-04   9.1553785e-05   2.0090290e-05   4.1688505e-04   6.3702058e-20   1.7816456e-13   1.1552210e-04   5.3964577e-12   3.0399515e-08   7.3380455e-03
   8.0951672e-04   4.4502450e-06   4.3367526e-06   4.0564460e-04   5.2724204e-22   8.1340967e-13   1.2389003e-04   1.6150753e-10   2.6378561e-15   6.2504680e-03
   8.3396700e-04   5.1580836e-05   1.2027835e-05   3.6935880e-04   4.3059318e-29   6.8217949e-12   1.1390864e-04   1.8485074e-15   5.8540440e-15   8.1712518e-03
   3.8965436e-04   1.6457264e-04   3.0235720e-06   1.4229355e-04   6.5851891e-39   2.8077363e-15   1.1707291e-04   9.9615586e-17   2.1793285e-05   8.6464320e-03
   5.0318600e-04   3.6412123e-06   3.2257395e-05   5.6332941e-08   2.0486833e-04   8.3666483e-22   1.3430615e-04   3.7358081e-11   1.5349208e-09   7.9117967e-03
   4.1927820e-04   5.0783226e-08   6.4419187e-06   2.1802736e-04   1.6285194e-04   9.8587660e-17   1.3386780e-04   6.9855327e-10   2.4587637e-05   7.3822650e-03
   5.3775645e-04   1.3531677e-13   1.9826806e-05   3.9630614e-04   2.6619478e-04   7.0859791e-21   1.4717093e-04   3.9734379e-12   5.6821708e-05   5.6579946e-03
   6.2802827e-04   3.7871163e-16   1.4556239e-05   2.4971137e-04   8.6808749e-05   3.2798880e-12   1.5968714e-04   7.2348338e-12   1.6494489e-05   5.1525245e-03
   7.1056756e-04   1.7033663e-11   3.3844215e-05   3.0148375e-04   1.0225288e-35   4.8523247e-10   1.3410160e-04   8.5836644e-19   1.6962267e-05   5.9080182e-03
   7.2823526e-04   2.9595373e-19   1.3993116e-05   1.8648293e-04   1.5159198e-09   6.3350597e-08   8.5104002e-05   2.6363864e-11   3.5027277e-05   6.5636300e-03
   6.0063225e-04   1.0360602e-17   6.3379443e-06   9.7816986e-05   1.1968952e-20   2.9937482e-08   6.5658561e-05   6.2139176e-16   3.9943022e-05   7.5539889e-03
   5.5896070e-04   5.2487451e-10   1.4997248e-05   2.5084214e-04   9.0503157e-09   1.0385910e-06   7.4254278e-05   3.6517229e-18   1.8630638e-05   7.7289583e-03
   6.2362087e-04   1.1714885e-11   5.9440207e-06   1.9690728e-04   4.7520024e-12   9.1693996e-08   9.4620036e-05   1.1588466e-11   1.6122457e-18   7.0714283e-03
   5.7530380e-04   1.5644729e-18   1.5055449e-05   1.7245198e-04   2.1878438e-18   4.8148609e-13   1.0457999e-04   1.3443198e-14   2.2999870e-17   6.1774837e-03
   2.9169325e-04   1.0588379e-15   2.9440512e-05   1.4364693e-04   1.1847150e-09   8.7182312e-09   1.0124193e-04   1.1275757e-16   1.7194126e-16   7.3713021e-03
   3.5133200e-04   2.0891190e-20   1.4605229e-05   1.2511705e-04   2.4779571e-32   1.5627228e-09   1.0155122e-04   2.3644384e-17   3.1704990e-09   7.8152140e-03
   2.8061805e-04   1.6285293e-11   9.7446718e-06   8.4608312e-05   5.5214667e-16   2.6702852e-07   8.4845431e-05   4.5517079e-11   8.7144884e-11   1.0454809e-02
   1.0140272e-04   7.0284685e-14   1.2687757e-05   1.3865278e-04   1.4609896e-05   3.8423342e-07   8.2913186e-05   3.4141891e-20   1.1146565e-05   1.2847604e-02
   8.8256350e-06   1.0529335e-14   7.7867071e-06   4.7755586e-05   7.2517747e-05   2.9149486e-13   8.4463754e-05   2.5893651e-19   5.8124905e-05   1.2452258e-02
   2.2622914e-05   2.8414995e-10   7.8047400e-06   8.6386674e-05   9.9253527e-06   2.3478376e-08   8.5349620e-05   5.0999490e-21   5.3259701e-05   9.9711884e-03
   8.2474757e-05   1.6123363e-05   1.2551625e-06   1.1507156e-04   2.0650472e-07   1.4959572e-08   8.7909781e-05   1.0791935e-17   3.1931650e-05   7.7020325e-03
   3.6896850e-04   9.9866554e-12   3.4696616e-05   1.7928236e-06   3.8938701e-14   2.2157319e-06   7.7078341e-05   2.5985332e-13   1.1191675e-05   6.2301664e-03
   6.7232004e-04   3.9685021e-21   3.1101511e-05   7.0380143e-13   4.0630489e-19   5.1304868e-06   7.1549574e-05   2.9778953e-15   2.9745442e-10   6.0636120e-03
   3.9073960e-04   2.1251776e-27   4.1727111e-05   2.7621767e-08   2.3869756e-06   1.2930646e-05   5.6692593e-05   6.2956714e-20   1.5135963e-05   7.7959245e-03
   1.4939312e-04   2.0680260e-10   3.8539453e-05   9.1738258e-13   6.6283663e-09   2.2243892e-05   4.5866099e-05   3.9782883e-22   5.0408401e-05   9.5461711e-03
   2.1293123e-04   6.5038906e-18   3.6985673e-05   7.1947938e-10   5.0711708e-05   1.0337889e-05   6.4206310e-05   1.4436022e-16   4.8249708e-05   6.9699879e-03
   5.3289034e-04   2.0131059e-41   1.5309063e-04   5.5047784e-12   9.2427279e-29   3.5890440e-06   7.6475856e-05   4.0212014e-08   2.0496464e-05   4.1851634e-03
   3.5681310e-04   2.0772399e-37   1.5220525e-04   5.5533083e-11   3.0658822e-36   1.6557896e-05   6.9728480e-05   2.5161053e-05   4.3658902e-09   5.3779824e-03
   1.0194453e-04   2.1040299e-16   4.1433429e-05   3.2106731e-06   2.2580985e-34   5.2341204e-08   7.4196662e-05   2.3278299e-09   5.7885871e-15   9.0565332e-03
   4.4491209e-05   2.0702034e-05   2.4622548e-05   7.7838429e-08   1.7889798e-06   7.1734804e-10   6.9117947e-05   1.3154995e-15   1.2522026e-08   9.9378133e-03
   3.4360437e-05   2.5589126e-12   1.5890974e-05   1.1208379e-05   1.4830117e-11   7.8152072e-10   6.9293918e-05   1.3439093e-15   7.1554510e-06   8.9467069e-03
   9.0760157e-05   1.3015514e-20   3.3095349e-05   1.4254749e-07   6.1888679e-33   1.5539173e-07   5.4894551e-05   2.9935706e-16   1.3599278e-08   7.5164927e-03
   1.8085573e-04   6.5720833e-12   1.6008930e-05   5.9107306e-10   2.0115265e-23   1.3871809e-12   4.8624609e-05   2.4477472e-17   1.2453802e-05   7.3777588e-03
   1.8785396e-04   6.9989835e-13   1.1837755e-05   1.0561883e-08   5.0537131e-20   1.1495154e-11   5.3557098e-05   1.0889508e-19   3.8320441e-05   7.3346009e-03
   3.0266122e-04   1.3425762e-22   1.9560127e-05   9.5413397e-18   6.9226836e-47   4.1625859e-07   6.9529564e-05   2.8110220e-19   3.1867915e-05   4.8675923e-03
   2.1214043e-04   6.6863794e-20   2.5629431e-05   6.7045521e-16   1.3411515e-64   5.8685510e-06   7.0863616e-05   6.7925364e-18   3.3012630e-05   5.5851813e-03
   2.8205385e-04   8.0003358e-30   9.7063498e-05   2.4008966e-14   6.3027591e-57   3.4967578e-05   6.0361961e-05   1.9668762e-08   2.5867717e-05   4.3224705e-03
   2.3583042e-04   3.0582282e-29   9.0716058e-05   2.0328554e-14   8.2202165e-35   3.1775817e-05   4.0878224e-05   3.5954641e-12   3.2054178e-06   5.0304354e-03
   3.6188223e-04   4.9221144e-36   1.0830838e-04   5.7241202e-18   2.1354100e-57   1.4657791e-05   4.5005912e-05   7.5202132e-14   4.4315307e-05   4.0176937e-03
   2.5327662e-04   2.1231252e-25   9.7587957e-05   1.8362790e-15   3.8180097e-51   8.7566431e-06   5.7607461e-05   3.2018669e-18   2.6972111e-06   4.9976993e-03
   1.3615260e-04   1.9019406e-23   6.1730464e-05   5.6407009e-17   1.4828142e-23   4.9845102e-07   5.8895605e-05   9.4559770e-10   6.8548056e-08   5.9006117e-03
   1.1815426e-04   4.3231945e-22   5.5133469e-05   2.5156723e-18   3.7867992e-27   3.3650496e-23   5.1430143e-05   3.1917383e-08   1.2043643e-06   6.6680756e-03
   1.1902506e-04   1.1974722e-09   4.3278712e-05   1.5115279e-12   6.0233624e-19   2.1551125e-14   5.4713291e-05   2.6640146e-16   6.9630539e-05   5.9134403e-03
   8.7037646e-05   1.0611225e-11   3.5418038e-05   1.1838126e-10   1.7173197e-40   6.9252006e-20   5.1100128e-05   4.0476223e-19   1.1419635e-04   4.8935604e-03
   1.9665168e-04   8.7627204e-18   2.2211894e-05   8.4319260e-12   5.0734278e-16   1.5517508e-05   5.0762933e-05   3.7112599e-11   8.3260621e-05   3.3061200e-03
   2.3885441e-04   4.8880380e-18   3.1297928e-05   1.9429753e-18   2.5474022e-25   7.0260798e-05   3.9509007e-05   8.5941308e-07   3.7956512e-06   3.5272538e-03
   1.4838642e-04   4.6172859e-18   3.9728734e-05   1.1078497e-16   2.9599180e-41   3.6168476e-05   5.0934506e-05   1.1991201e-11   2.0404792e-05   4.4026589e-03
   1.2472879e-04   1.4240392e-29   8.7990246e-06   1.7558454e-15   2.2168399e-10   1.2958620e-07   5.5394263e-05   5.5781939e-13   9.4587349e-05   3.9219058e-03
   1.4427027e-04   1.1840517e-45   6.1464113e-07   2.2832788e-23   1.2857493e-17   2.2964950e-05   5.0828444e-05   3.9170094e-09   1.2598409e-04   3.8534875e-03
   2.4602440e-04   2.8895319e-46   1.7942958e-16   1.9248933e-27   3.4421913e-36   9.7425861e-05   4.2474800e-05   3.2087120e-10   1.1335971e-04   3.2767876e-03
   2.3899737e-04   2.7406558e-31   3.2696416e-05   4.4298138e-21   1.0309587e-42   7.1819764e-05   3.0939637e-05   1.6178092e-17   8.1002561e-05   3.3162178e-03
   1.4733876e-04   5.4796383e-20   4.0169457e-05   1.8152260e-15   4.3517798e-32   3.2399677e-05   4.6599189e-05   3.6659293e-25   3.1819765e-05   3.1999173e-03
   1.5434790e-04   7.9502552e-35   3.4235773e-05   6.4493028e-19   3.4817203e-24   4.4778049e-12   6.4901926e-05   3.9773375e-24   1.0040353e-04   2.1982878e-03
   7.9036030e-05   8.6576875e-31   3.7806358e-05   1.2216722e-20   2.7186671e-42   1.0995445e-05   7.4008448e-05   3.0253452e-30   7.2366151e-05   2.8775456e-03
   6.4370410e-05   8.9683187e-34   7.0889848e-05   5.0198598e-22   1.3180605e-26   2.1837817e-05   6.8938325e-05   6.0918783e-20   4.9559933e-05   3.1337191e-03
   4.8755326e-05   3.0239056e-32   4.2599693e-05   5.4179848e-13   2.3624666e-06   2.7601937e-05   5.2982451e-05   1.8834258e-20   2.0948932e-05   4.1262165e-03
   7.8032470e-05   1.5596196e-35   2.6888099e-05   1.2847456e-18   2.8651916e-10   6.8970867e-05   4.6215861e-05   1.9574159e-21   8.6678149e-05   3.3586298e-03
   6.6219842e-05   4.5380841e-30   2.6777575e-05   1.0242025e-16   4.0437353e-32   2.1851549e-05   4.6439029e-05   2.0804095e-16   9.8799587e-05   2.9918832e-03
   4.7480894e-05   2.0636952e-28   4.0214642e-05   7.1641997e-15   2.1557134e-08   4.8555569e-06   5.4708125e-05   1.6872055e-19   5.5873181e-05   3.2932944e-03
   3.7677011e-05   1.7170669e-35   3.6865080e-05   5.6485499e-22   1.0972078e-08   1.1737930e-10   7.2610286e-05   5.2995803e-18   6.1747370e-05   3.3538595e-03
   4.4430952e-05   1.1826577e-42   3.0163473e-05   3.4679718e-29   2.7030505e-11   2.2469304e-21   7.0984364e-05   6.8145174e-17   1.3588384e-04   2.3145263e-03
   3.9184822e-05   3.8493120e-44   1.5966224e-05   1.9022014e-27   2.5421527e-06   1.1295263e-08   5.9586166e-05   1.7372217e-20   1.7814340e-04   2.6486240e-03
   1.2974991e-04   2.2106185e-48   3.0842749e-05   3.4089134e-17   8.6093589e-18   2.7163979e-05   4.1153848e-05   1.3496088e-12   9.9181017e-05   2.5787704e-03
   1.3242140e-04   1.2470430e-40   5.9064758e-05   3.8761297e-17   3.2369054e-16   7.3725308e-07   5.5969984e-05   1.3282544e-11   3.2320362e-05   2.4914875e-03
   1.4076713e-04   5.5144673e-44   5.3971560e-05   1.9287634e-16   1.0416994e-13   1.9040606e-12   4.9635134e-05   7.2055409e-20   3.1746249e-05   2.2518106e-03
   3.2787133e-05   5.9111137e-31   5.3835979e-05   9.6523210e-15   1.9458443e-08   3.5212733e-12   5.1056906e-05   3.7319042e-21   1.4176728e-05   4.4407747e-03
   6.4402983e-07   2.9770820e-25   4.7033044e-05   1.2739384e-14   4.2087521e-05   3.6878832e-12   4.4155198e-05   5.2782401e-29   1.4198405e-05   4.0148093e-03
