   2.0963521e-03   1.2058645e-01   5.1968147e-04   1.7261813e-03   1.8853770e-03   4.8205589e-03   2.5936881e-04   9.8687919e-04   5.8782361e-04   1.8356031e-03
   1.5363275e-03   9.4189222e-02   4.9088649e-04   1.3803432e-03   1.7780651e-03   5.4971860e-03   2.3833176e-04   1.6640891e-04   8.3198744e-07   1.4740496e-03
   2.3443603e-03   9.5475112e-02   9.5676242e-04   5.5999231e-04   1.6103081e-03   2.7623882e-03   1.3991308e-04   1.7912744e-05   1.2842713e-04   8.0350736e-04
   3.1232880e-03   1.0528747e-01   7.8129597e-04   1.8641998e-06   1.0479447e-03   1.1399754e-03   1.6857484e-04   1.4357319e-10   1.6806204e-18   6.3064431e-04
   1.7550147e-03   8.1531883e-02   5.2111816e-04   4.9267273e-05   7.3403023e-04   1.1202974e-03   7.1342959e-05   3.1007688e-10   1.7958594e-15   5.1952414e-04
   6.2808111e-04   7.7498000e-02   5.9949014e-04   5.5546437e-13   4.0612392e-04   6.8509917e-04   6.9453196e-05   1.9436693e-12   1.1211701e-17   3.8438112e-04
   1.2525661e-03   7.6846951e-02   4.6651947e-04   1.3801790e-04   6.3446608e-04   1.1538808e-03   1.1902304e-04   5.6847494e-09   3.3842921e-14   4.3311889e-04
   1.3694140e-03   7.3957900e-02   3.2556594e-04   1.0731195e-04   6.9863636e-04   1.0109689e-03   1.0402385e-04   7.3943673e-07   2.5375941e-15   3.9562866e-04
   2.1858304e-03   6.8770950e-02   2.9392628e-04   2.0987393e-10   6.5171466e-04   7.3392245e-04   3.0807205e-05   5.1537091e-10   2.3252815e-24   2.4225495e-04
   5.1868139e-03   8.2751896e-02   1.9776444e-04   2.5369623e-05   1.0823617e-03   1.0926565e-03   4.6004802e-05   1.1253591e-05   6.4725783e-16   3.7987517e-04
   1.3885824e-02   8.1279788e-02   4.2160416e-04   2.6974430e-05   1.6660884e-03   1.2308561e-03   6.5389246e-05   4.8711607e-07   3.5181097e-26   3.7569180e-04
   4.0144827e-02   3.8579264e-07   5.6566406e-04   7.6411336e-11   2.7479108e-03   1.1062344e-03   2.7296441e-05   2.3663532e-04   6.9434432e-19   3.0319697e-04
   7.4927873e-02   2.7242692e-24   1.0596709e-03   1.0596507e-05   4.8823080e-03   1.4019859e-03   1.3203021e-04   6.0530697e-04   3.1133095e-15   2.9347426e-04
   1.1183217e-01   4.6307637e-30   2.7341517e-03   8.5491524e-05   1.4477958e-02   2.5366458e-03   1.0868616e-04   7.7606385e-05   2.2848727e-04   3.1613887e-04
   1.0850940e-01   9.9720707e-29   6.4948250e-03   2.1928374e-13   3.6258090e-02   1.1450256e-02   2.5206070e-04   1.5055766e-07   2.5267710e-26   3.7002658e-04
   2.9018965e-02   3.0550803e-13   1.7800029e-02   3.0831761e-17   4.0594900e-02   5.1305876e-02   2.3232273e-04   1.7223824e-04   4.0087810e-40   3.6319098e-04
   1.1292307e-31   1.7636669e-21   2.0347758e-02   1.2379068e-08   9.9567784e-03   1.3532721e-01   4.5978133e-03   2.3979943e-02   1.6688277e-31   6.6361266e-05
   1.0030360e-26   1.6893225e-25   7.0717768e-03   2.5044340e-03   9.8300871e-06   1.9090626e-01   1.1051817e-02   9.6694371e-03   8.6991457e-06   1.0062349e-04
   1.0663353e-21   6.0914762e-28   9.8300679e-04   3.0335840e-02   1.4817337e-13   1.2309055e-01   5.0389060e-03   7.5611108e-22   1.4240694e-02   9.4024732e-05
   1.4645888e-10   8.3487304e-11   5.7126746e-04   2.7850690e-02   7.5072567e-16   5.5446573e-02   1.0059794e-03   4.5787922e-15   3.6261121e-05   1.3909992e-04
   1.0383048e-02   1.4541243e-04   1.1356230e-03   1.2389601e-02   2.1267206e-09   2.3946914e-02   2.5344127e-04   4.0445772e-11   2.6276177e-19   2.4548875e-04
   1.5402739e-02   2.7635146e-03   8.7327042e-04   3.3803881e-03   6.2750221e-06   1.4434530e-02   1.0055907e-04   2.8614435e-05   7.8478254e-19   3.3886871e-04
   2.5328404e-02   2.4821082e-12   8.4374121e-04   7.7712338e-04   4.8528088e-04   8.9442742e-03   7.4885794e-05   3.8456444e-04   1.0147853e-16   2.4876064e-04
   3.7095506e-02   2.3569966e-13   1.4759322e-03   4.9365529e-04   2.0950249e-09   5.4125686e-03   6.9582726e-05   6.7024757e-04   2.5833238e-16   1.7552712e-04
   5.2176711e-02   1.7315192e-14   1.9799906e-03   2.3732157e-04   6.5441050e-07   4.0606515e-03   4.9419222e-05   6.9932220e-04   3.7976374e-17   1.5057208e-04
   6.6902278e-02   1.3868524e-11   1.4716183e-03   2.1525316e-04   2.6819823e-03   3.2650255e-03   5.6447093e-05   1.7382147e-03   1.5167837e-30   1.9949565e-04
   6.5773151e-02   9.1366544e-12   1.3498680e-03   1.0277335e-03   2.0958786e-02   2.5268666e-03   1.5893565e-04   1.0482768e-03   4.4446836e-30   1.8702982e-04
   4.1350026e-02   3.8934179e-21   2.5700602e-03   9.2052730e-04   5.5544048e-02   1.1787250e-03   1.0143584e-04   6.1067898e-04   3.9512675e-09   2.7939963e-04
   1.8973830e-02   1.2238274e-21   4.8439574e-03   1.5176412e-03   1.0418386e-01   2.6628112e-04   9.2825917e-05   8.3632793e-07   7.6218620e-04   2.5845413e-04
   4.3950994e-03   1.3838866e-21   9.9036534e-03   2.1266651e-04   1.3117500e-01   6.7799074e-04   1.4692588e-04   3.5763073e-06   6.9150322e-04   1.3477641e-04
   2.8282514e-13   3.7977543e-27   1.4636533e-02   3.2605233e-04   1.5629315e-01   2.0409267e-04   7.2012963e-05   1.5540247e-02   7.3675222e-04   1.2450706e-04
   2.6230366e-29   2.8457213e-21   2.1462346e-02   8.0248757e-04   1.3166951e-01   4.3721315e-03   3.1261366e-04   4.7547398e-02   8.3077574e-20   1.7446836e-04
   3.1688881e-36   2.2886807e-23   2.6185960e-02   1.8350836e-05   4.2285608e-02   1.4690853e-02   1.1329133e-03   1.2965635e-01   5.5005693e-06   1.1731305e-04
   3.9531568e-36   1.4916161e-46   1.7093963e-02   6.6479847e-04   5.3949537e-03   2.2164302e-02   1.3871787e-02   1.6942028e-01   2.0445153e-02   1.6208530e-04
   2.3115709e-29   1.3790746e-34   8.2560027e-03   1.2875498e-02   1.2150867e-05   3.7458691e-02   2.5402938e-02   9.4495694e-02   6.2954792e-02   1.5783000e-04
   1.0010057e-20   1.2445592e-35   6.7705804e-03   6.1614359e-02   6.2883835e-21   3.7426723e-02   1.0023040e-02   3.0875520e-02   7.9453316e-02   1.2619181e-04
   2.0114992e-07   1.5492666e-24   6.4299966e-03   9.3797132e-02   2.3417831e-15   2.1949433e-02   2.6665831e-03   1.1257446e-02   3.9345588e-02   1.2517987e-04
   1.1112334e-02   1.0176033e-14   5.6539321e-03   9.8360321e-02   1.4048605e-09   6.5274798e-03   1.0542526e-03   6.7478961e-05   5.1300664e-03   1.2846863e-04
   1.3794065e-02   4.5047196e-10   6.1836147e-03   6.8679795e-02   6.1366089e-12   1.3730787e-03   5.3129766e-04   4.5619605e-04   9.8106443e-04   8.6901788e-05
   1.0569148e-02   1.1711878e-13   7.2709002e-03   3.7793662e-02   2.6931706e-10   2.7238864e-07   1.8475925e-04   5.4293628e-14   7.8699592e-04   1.0203244e-04
   9.1033039e-03   6.6971323e-21   7.9513971e-03   1.4876201e-02   1.2090408e-03   1.4335846e-07   2.9360480e-04   3.3748358e-16   3.1630504e-10   1.5107532e-04
   4.6810144e-03   7.3852745e-28   8.2783664e-03   5.6150773e-03   2.8509442e-03   1.5315935e-06   2.3208281e-04   7.7957532e-28   6.2265926e-11   1.6890652e-04
   4.5567985e-06   1.5984523e-36   1.1278474e-02   1.5210106e-03   2.3488186e-03   3.5681278e-12   1.9495178e-04   5.8397177e-35   2.3236768e-07   1.4662650e-04
   1.3996165e-19   5.7975250e-43   1.4249460e-02   6.8539420e-04   3.0628474e-04   8.7719699e-16   3.1054044e-04   1.8822587e-32   1.9426988e-05   1.0380620e-04
   2.7456834e-31   4.8703012e-44   1.7249481e-02   2.9360127e-05   3.5987684e-10   3.9032508e-20   2.1594452e-04   4.4574505e-36   1.1732421e-27   1.1074973e-04
   4.4225992e-36   5.8872413e-49   2.1849828e-02   1.8535142e-05   5.4568244e-09   1.0434392e-19   3.9773975e-04   3.2891668e-36   1.2814346e-14   6.4883426e-05
   1.9130144e-49   5.7558578e-65   2.7232950e-02   2.8937677e-11   9.3211508e-14   3.1075810e-25   9.3653766e-04   2.2209713e-30   4.5629908e-40   4.2233478e-05
   1.5365552e-50   8.4131146e-65   3.1725280e-02   1.8041533e-04   2.6506879e-15   4.0654806e-12   1.2631978e-03   7.8600538e-15   4.9803419e-19   6.4965587e-05
   8.6632124e-53   1.3265202e-56   3.1537260e-02   1.6886018e-09   2.1081396e-22   1.5946147e-08   3.8859861e-03   7.4933111e-03   2.8315679e-24   7.7576566e-05
   1.1872754e-51   9.4157213e-40   2.1071290e-02   2.4597676e-09   1.9703222e-29   1.7173826e-06   1.6812703e-02   1.4357872e-02   3.0853377e-27   2.8902523e-05
   3.5661006e-37   1.2795194e-27   6.4910534e-03   4.0906238e-04   1.7075853e-28   3.5621428e-05   4.8089545e-02   9.6115529e-03   1.1062826e-03   7.4534280e-05
   2.2018686e-37   6.5949415e-41   2.6639091e-03   3.4650655e-03   3.1559415e-21   1.1470180e-03   5.8101588e-02   2.9379486e-03   5.7215995e-03   4.4259368e-05
   4.8377445e-35   1.4784965e-34   1.3961263e-03   2.0495788e-02   2.6826557e-21   3.0892465e-03   2.8012952e-02   1.2807245e-08   8.1555116e-03   4.3164717e-05
   9.4138070e-20   1.4048167e-35   4.3454684e-04   4.7015772e-02   1.5231541e-06   3.3724005e-03   9.3650553e-03   1.4899942e-13   4.0801278e-03   1.5199544e-04
   2.4580070e-16   7.2647618e-26   7.6287762e-04   5.5468427e-02   1.0315896e-03   1.4972291e-03   3.1333568e-03   1.0938934e-15   4.0308172e-04   1.9123145e-04
   1.1624701e-13   4.2287228e-25   8.2056032e-04   4.8071083e-02   1.4786745e-03   6.7803162e-04   1.8200638e-03   7.2592339e-12   5.8398834e-26   1.7932032e-04
   5.9942858e-14   1.1417902e-22   7.9929376e-04   5.0181185e-02   1.9442880e-03   2.1582370e-04   7.8111059e-04   2.4783203e-11   8.0142884e-27   1.9713795e-04
   4.6136670e-16   7.6877045e-31   6.2385158e-04   5.5340972e-02   2.8930265e-03   5.5198371e-15   5.7985347e-04   1.4433673e-20   3.2518984e-48   1.7495065e-04
   5.9920906e-19   4.3865876e-35   2.5207678e-03   4.6733157e-02   2.4252215e-03   7.8025786e-29   3.4029486e-04   1.0732282e-47   8.4851963e-59   1.4873502e-04
   1.0909596e-20   7.6481577e-38   4.1081317e-03   3.3246616e-02   2.0675096e-03   1.3022411e-32   2.5603370e-04   3.6202211e-42   6.9376910e-51   1.8652381e-04
   1.5782710e-19   1.5099361e-33   5.8681561e-03   1.3504334e-02   9.5865465e-04   2.6278543e-23   4.9182811e-04   5.7082093e-49   2.5132347e-50   1.4063954e-04
   2.3063057e-17   2.1945925e-35   7.3927986e-03   7.3192811e-03   4.3306228e-07   4.5934575e-14   5.6234723e-04   1.0655547e-34   6.1171965e-44   1.5905667e-04
   8.8391819e-13   5.3351131e-31   7.3137306e-03   4.0750542e-03   2.8224785e-04   7.9936775e-09   1.0077363e-03   2.1564867e-19   1.7788371e-36   2.1614303e-04
   1.2896274e-09   1.2309340e-27   8.3429954e-03   1.5923099e-03   5.9210911e-08   1.9456454e-05   1.6881771e-03   5.7943492e-08   7.6895489e-26   3.3016529e-04
   8.0421171e-11   1.1361681e-19   9.8275106e-03   5.2342166e-04   1.3754709e-16   3.7651926e-05   1.7944833e-03   1.3826869e-03   1.4630978e-39   1.3907975e-04
   2.3816864e-15   4.4833490e-15   9.2574159e-03   1.0593315e-10   4.3600301e-18   1.0707424e-04   7.0640898e-03   5.1646833e-03   2.7193592e-40   1.6600476e-04
   8.5566533e-08   2.2767324e-21   5.2821239e-03   1.8248151e-04   1.7875848e-14   6.0221640e-04   1.4980121e-02   5.3605850e-03   1.0304312e-28   2.3750059e-04
   1.9156066e-11   1.5020666e-16   1.7182263e-03   2.6635197e-04   1.0593557e-08   2.1278435e-04   4.0673973e-02   1.2308460e-03   8.4430068e-28   2.0203621e-04
   5.2840286e-18   4.0293957e-34   3.0100270e-04   2.0009032e-04   9.6566808e-06   3.2486814e-05   5.6277541e-02   1.6232275e-08   2.5317176e-04   2.9923818e-04
   5.6080589e-06   1.1236307e-23   3.4998087e-04   3.3358050e-04   4.6462459e-04   8.3294373e-04   4.2932654e-02   8.4796335e-15   1.5298616e-03   4.0329446e-04
   9.9641727e-04   1.7559592e-18   5.4635291e-04   4.6439447e-03   1.8739370e-04   1.4778383e-03   3.0124308e-02   2.4185410e-22   8.9169286e-04   4.1239267e-04
   9.0534471e-04   7.7600400e-17   4.1683380e-03   1.4287216e-02   1.4973626e-03   6.8025259e-04   1.1903361e-02   8.7601695e-29   3.2557194e-08   2.6731229e-04
   2.1108723e-05   1.2782144e-26   6.8673297e-03   1.5875931e-02   3.0900264e-03   3.7927987e-08   3.7242856e-03   2.8481019e-36   4.3693409e-08   1.7833576e-04
   2.4158977e-05   2.3714148e-28   7.7693898e-03   1.2737111e-02   3.8207656e-03   1.3650130e-08   2.2831545e-03   1.3100509e-44   5.8556309e-16   2.8613315e-04
   1.1615939e-03   1.6308265e-24   6.2181498e-03   8.9712373e-03   2.7149417e-03   2.8694821e-08   2.6772018e-03   9.5825509e-40   7.6271658e-27   3.1201800e-04
   2.0099453e-03   1.9170747e-28   6.4017771e-03   5.0526340e-03   3.1864149e-04   5.4583049e-06   1.5173537e-03   2.3973587e-23   2.7076689e-29   2.2036378e-04
   1.9693096e-03   1.2860995e-23   7.4995964e-03   3.6782007e-03   6.6412555e-08   1.7155672e-05   1.2552905e-03   1.8194050e-24   1.4359420e-33   3.0466342e-04
   3.4457840e-04   2.6301556e-17   9.7851008e-03   1.6041502e-03   5.5619742e-12   7.1230815e-05   1.0562802e-03   1.1251867e-20   2.4539400e-27   2.9882844e-04
   3.6559111e-07   1.5296768e-25   1.1782964e-02   4.7853011e-04   1.6082207e-16   6.6089435e-09   8.0586663e-04   1.1960298e-16   3.5832816e-31   2.4736840e-04
   6.5907493e-16   1.6435217e-27   1.2086013e-02   2.6138731e-06   6.8554552e-14   1.5387282e-12   1.5449962e-03   6.5116025e-05   1.8197452e-43   2.4216252e-04
   2.3215112e-14   7.2033517e-14   1.3336066e-02   4.2525262e-16   9.6529935e-16   6.5961719e-10   3.5310313e-03   1.2619712e-03   1.8081165e-36   1.9938946e-04
   2.2049477e-17   1.4403254e-12   1.2484223e-02   9.2693936e-17   3.2473019e-13   5.8973711e-08   6.2200494e-03   4.9296014e-03   2.1439745e-47   1.7151672e-04
   3.0069509e-06   2.2254869e-13   6.7286057e-03   2.8610163e-19   9.1115593e-10   4.0549857e-11   1.3927227e-02   7.6042656e-03   8.2610991e-60   2.5985276e-04
   1.0752749e-03   1.1709948e-05   4.0480900e-03   1.3364787e-18   2.1095517e-09   4.1816142e-07   2.1452087e-02   3.1694415e-03   4.5240541e-38   2.5894514e-04
   2.0538484e-08   1.2927858e-13   7.6888824e-04   2.6921413e-31   1.3620979e-09   5.1869761e-06   4.9265779e-02   1.4885185e-04   4.4618228e-39   2.1295162e-04
   1.4467251e-21   1.3629803e-32   3.5920495e-16   1.6802542e-15   3.6104833e-17   1.0490914e-17   7.7511866e-02   1.3617118e-18   1.6755453e-41   9.0373187e-05
   2.5201940e-13   9.6418504e-27   1.5089825e-03   4.4830265e-07   3.1444924e-06   3.1516096e-13   5.7002294e-02   1.6823000e-37   2.0090284e-28   1.1185700e-04
   1.1149566e-08   1.0186072e-34   6.7356662e-03   3.4103417e-10   6.4141072e-04   3.3989291e-11   2.7695541e-02   3.5179273e-38   3.4131159e-04   1.5105932e-04
   1.3781313e-08   8.9145312e-34   9.4253033e-03   1.0386390e-05   8.5529672e-05   1.0266426e-05   1.6167351e-02   6.8323251e-42   5.9184407e-04   1.7378911e-04
   5.1716248e-09   1.6475371e-22   6.7685776e-03   9.5455939e-05   2.4641088e-08   8.4827779e-04   1.3479303e-02   2.4103573e-37   1.1200784e-03   1.9714534e-04
   1.0948091e-06   1.6647013e-25   7.6545743e-03   2.1646881e-06   6.9022624e-15   7.1510802e-04   8.6061361e-03   3.6369827e-34   7.2198696e-04   1.8171931e-04
   3.5062827e-17   1.5038459e-25   9.7158279e-03   2.1475542e-06   7.9546308e-13   2.0706634e-04   4.3739899e-03   2.2612136e-30   2.3682592e-04   9.3159242e-05
   1.3485206e-19   1.3014507e-30   1.0839812e-02   2.9288977e-07   1.1078315e-11   2.6696975e-05   1.0142593e-03   6.7049000e-21   6.8997124e-04   1.0646113e-04
   2.2849788e-26   1.9577841e-28   1.0891476e-02   2.0877583e-06   3.2526626e-12   6.6628275e-09   6.4297462e-04   7.1175566e-19   2.8435245e-04   1.3140262e-04
   1.0057776e-23   9.9369816e-29   1.1551228e-02   6.1261565e-08   3.6340578e-15   3.8364094e-06   4.2184568e-04   1.8444178e-10   4.1091417e-17   1.7363215e-04
   2.4643662e-23   1.0191750e-26   1.2550934e-02   2.0558216e-11   2.3392386e-17   9.4536894e-06   6.7623914e-04   2.6086113e-04   7.4220726e-21   2.1444669e-04
   3.8399836e-19   1.8506687e-25   1.3201069e-02   2.3138918e-18   2.7679164e-18   1.2097013e-06   1.1730874e-03   1.7072990e-03   2.4446619e-30   1.4270899e-04
   8.6679076e-19   5.0853299e-17   1.0657847e-02   9.1585950e-16   1.0565644e-14   1.0629366e-05   1.7634490e-03   4.7875317e-03   4.2998260e-23   1.0262022e-04
   1.9648122e-11   4.3699969e-16   7.7592308e-03   3.5345636e-18   3.3919524e-06   2.7047761e-07   3.7561599e-03   9.1556270e-03   2.2145138e-41   1.8123193e-04
   6.5215061e-07   8.9403953e-24   6.8258142e-03   3.6467802e-23   5.9125513e-04   4.1781006e-06   5.0065135e-03   7.1327194e-03   6.8393731e-24   2.0535304e-04
   7.3450206e-04   2.0406430e-23   5.4949119e-03   3.2140202e-20   1.8849920e-03   4.3168172e-04   7.2942333e-03   1.4052549e-03   5.1199492e-14   2.0547679e-04
   1.3539346e-04   4.2547741e-13   4.4193827e-03   1.6084612e-20   4.6231651e-03   2.0826691e-04   1.0098500e-02   9.7677239e-04   2.0089975e-07   2.1173730e-04
   3.8675654e-07   2.1291287e-18   4.6656447e-03   2.8311170e-23   5.3032997e-03   1.6281303e-07   1.4619456e-02   3.4375242e-07   1.3152789e-03   2.2127515e-04
   7.2457667e-15   2.1949525e-18   4.6907047e-03   1.0671057e-25   4.1813860e-03   6.6550503e-08   1.3404025e-02   6.8982881e-05   7.0880337e-03   1.3423830e-04
   1.7358756e-16   2.7195132e-16   3.7496237e-03   2.3951972e-20   3.9664796e-03   4.1580928e-04   9.7703214e-03   3.4948751e-04   1.4181159e-02   1.2974972e-04
   1.6809580e-07   3.9694714e-17   4.5527405e-03   1.7376894e-16   3.8402175e-03   1.1146929e-03   5.9980644e-03   3.8859826e-04   1.6935631e-02   1.6443917e-04
   5.1366832e-16   9.9560547e-13   5.8807923e-03   1.8155110e-14   1.2965285e-03   1.8393188e-03   3.2145450e-03   7.1354792e-04   9.8424037e-03   1.5181426e-04
   1.7994252e-04   3.3150852e-12   6.4547982e-03   7.2149655e-14   1.6532072e-03   1.5109986e-03   2.0335765e-03   9.9282496e-04   4.6967553e-03   2.8333088e-04
   9.3471943e-13   1.0211753e-10   6.5949534e-03   3.2155671e-11   2.0533723e-03   8.2069564e-04   1.2291403e-03   1.0431851e-03   2.4180000e-03   4.6620494e-04
   2.7908814e-04   2.4750411e-10   6.2278462e-03   8.9618476e-09   1.7659715e-03   5.4501503e-04   5.1892854e-04   1.6101068e-03   1.7424726e-03   3.8870749e-04
   7.1044041e-04   1.2397944e-10   7.2886607e-03   1.5298344e-07   8.1575764e-04   6.5658389e-07   1.7735152e-04   2.6344022e-03   8.2556777e-04   3.9100787e-04
   1.8425949e-03   9.1351580e-12   8.2389791e-03   2.2399539e-08   7.1317341e-04   4.6744599e-12   3.4432421e-05   3.8719655e-03   1.9764340e-04   4.0561236e-04
   3.8557644e-03   1.9183567e-12   6.7553736e-03   1.9113899e-05   7.0058417e-04   4.1487250e-11   7.4161082e-05   6.7729830e-03   3.8773784e-08   3.7545261e-04
   4.4975883e-03   1.4750721e-09   4.5036628e-03   7.0367603e-05   2.5835822e-03   1.3681404e-04   2.1202652e-04   8.7814754e-03   5.8068238e-09   3.6946436e-04
   5.9157722e-03   8.5369014e-13   4.0502815e-03   7.6391248e-05   3.4508307e-03   1.6170149e-09   3.9435251e-04   1.3228624e-02   5.1222366e-12   4.5571742e-04
   8.3268692e-03   6.5892652e-19   3.1952619e-03   1.1663367e-04   4.2958663e-03   7.0813540e-05   3.8930406e-04   1.2487203e-02   1.2911806e-04   5.5048122e-04
   7.1832176e-03   9.7853863e-20   2.8836962e-03   3.4993698e-05   4.7208934e-03   3.1478181e-04   1.3940986e-03   7.4419419e-03   7.2943733e-05   3.7324666e-04
   1.1566667e-02   7.2815120e-28   2.2510299e-03   5.9237810e-09   5.5971534e-03   4.5524499e-04   1.7473075e-03   3.8658367e-03   5.2337807e-04   2.9730049e-04
   8.6199955e-03   1.2722372e-27   1.5900339e-03   3.7379458e-21   2.3892462e-03   1.5895483e-03   2.3635459e-03   1.3339328e-03   2.9719828e-04   5.8418817e-04
   1.0504659e-02   2.1414534e-27   1.7650281e-03   2.4928260e-28   4.4827609e-03   1.4279056e-03   2.9824077e-03   1.1780590e-03   1.0629846e-03   5.8444088e-04
   7.7713168e-03   1.9733528e-25   1.1526304e-03   2.1208601e-23   1.6404704e-03   1.8128497e-03   2.3459108e-03   2.4353230e-04   1.9273195e-03   8.5153959e-04
   5.0423920e-03   1.1304280e-22   1.0282391e-03   3.1069860e-24   4.9230223e-03   1.6500671e-03   1.5963655e-03   1.1906743e-06   1.8806800e-03   6.8416597e-04
   5.8122100e-03   3.1587972e-27   1.7398666e-03   6.6275538e-24   4.1421285e-03   1.4456911e-03   9.0863095e-04   4.8693613e-05   3.2144535e-03   5.4095389e-04
   5.6633286e-03   2.1195945e-17   1.7499998e-03   1.5923956e-22   4.7534621e-03   1.7578237e-03   2.5208060e-04   6.3822333e-09   1.3508296e-03   8.4449075e-04
   7.4432327e-03   2.6639195e-19   1.6141849e-03   2.1549198e-15   4.3297159e-03   1.9824229e-03   1.4245616e-04   3.6956958e-05   2.5091289e-03   1.0272111e-03
   6.0212376e-03   5.4233291e-19   1.9604973e-03   6.5204128e-11   3.3868057e-03   1.9619636e-03   1.9235461e-04   6.8347876e-04   2.9960601e-03   1.0342456e-03
   5.2595601e-03   7.0631059e-24   2.4172735e-03   2.8404550e-13   2.3658050e-03   1.7409068e-03   1.0694463e-04   1.2614187e-03   1.8408175e-03   1.3888683e-03
   6.0083778e-03   9.1699818e-19   2.2484896e-03   9.4318469e-11   2.0684251e-03   1.1629354e-03   4.1538888e-05   2.4649392e-03   5.7786784e-04   9.8458899e-04
   5.2767051e-03   1.3505514e-09   1.4759769e-03   7.5257154e-08   1.6797610e-03   7.1919157e-04   1.2390856e-17   4.4793075e-03   2.2372317e-04   1.0731049e-03
   4.6954002e-03   2.1892539e-10   1.3142147e-03   3.9996358e-06   2.2647080e-03   6.5814797e-04   1.3490538e-05   6.0122396e-03   2.4322015e-04   9.2855721e-04
   4.2371420e-03   2.4867887e-09   1.6412192e-03   2.8346612e-06   2.5054745e-03   6.6336680e-04   5.1879925e-05   9.1666693e-03   4.1164887e-05   8.8220995e-04
   6.3685679e-04   9.2287503e-07   1.6774917e-03   2.3767102e-05   3.1378159e-03   4.2776911e-04   1.4566446e-04   1.1862348e-02   3.5180114e-04   7.2639749e-04
   3.1246399e-03   2.8460023e-09   1.3846007e-03   9.1755606e-05   1.3908300e-03   4.1943859e-04   3.1246461e-04   1.1109515e-02   8.8926891e-04   4.1009008e-04
   1.0577365e-03   1.9194379e-11   1.6086517e-03   5.3591722e-05   2.2513976e-03   8.8596026e-04   8.0037764e-04   7.0619185e-03   1.4663664e-03   6.9244564e-04
   2.2744506e-03   2.2298266e-09   1.0296386e-03   1.4958000e-05   9.7552679e-04   1.1659074e-03   1.0160312e-03   3.9965101e-03   1.9207401e-03   8.8660744e-04
   2.8511722e-03   4.7530349e-03   5.5526510e-04   1.6130269e-14   1.4618399e-03   1.3079817e-03   1.6109209e-03   1.0982034e-03   3.2270656e-03   1.0282108e-03
   2.8114225e-03   1.3823812e-06   5.4142687e-04   1.7220241e-26   6.7546089e-04   1.9779375e-03   2.1156298e-03   7.1202197e-05   5.3363551e-03   9.2542163e-04
   2.7588602e-03   1.7825712e-12   5.6895692e-04   1.4222989e-24   3.7903475e-04   2.0111979e-03   1.4554183e-03   2.9324528e-08   8.3514870e-03   5.7315878e-04
   2.4563595e-03   8.4519659e-12   1.1044305e-03   3.4869207e-19   6.1096194e-04   1.3400606e-03   7.9412714e-04   1.4766058e-11   1.1246562e-02   5.6657537e-04
   3.3481001e-03   5.7320397e-15   1.2559862e-03   1.0805778e-23   2.4548592e-05   1.8393484e-03   3.6498109e-04   3.5776155e-12   8.8442290e-03   8.6401734e-04
   2.0568166e-03   4.3672585e-16   1.4468369e-03   1.2474962e-21   2.6444421e-05   1.4096744e-03   7.6127584e-05   1.1751399e-05   1.0721564e-02   9.1371211e-04
   3.6385475e-04   9.4756946e-16   2.0164214e-03   8.0922462e-17   1.3126093e-04   1.7997501e-03   1.3069990e-04   1.6627131e-05   1.0563354e-02   8.4795016e-04
   1.5490984e-03   3.0157334e-09   2.2150806e-03   7.5510559e-12   5.8449235e-04   1.8841560e-03   1.1678104e-04   4.5556128e-04   9.2061044e-03   7.1491893e-04
   3.8058866e-04   2.2100938e-03   1.7045553e-03   2.6356735e-08   6.9088379e-04   1.6029198e-03   5.8725500e-05   1.2119038e-03   6.1682158e-03   6.2781977e-04
   4.9805707e-04   3.7089232e-03   1.1961706e-03   9.6098861e-07   1.5297519e-03   1.7881100e-03   2.1851785e-05   2.3831420e-03   3.7424506e-03   5.5387109e-04
   1.2743447e-03   1.1045483e-03   1.2525490e-03   6.3829142e-06   1.9448318e-03   2.0631373e-03   3.0310803e-05   3.8733048e-03   1.7149388e-03   5.6244272e-04
   8.2972068e-04   7.0120669e-03   1.6582259e-03   9.0629382e-06   1.7170645e-03   2.2324170e-03   5.4888006e-05   5.4399162e-03   4.8533669e-04   3.9361257e-04
   2.3899660e-03   8.7394188e-03   1.8082830e-03   3.9361308e-05   1.0498817e-03   1.5130284e-03   2.2099252e-04   7.5169582e-03   5.7527841e-04   2.8279405e-04
   2.1649026e-03   4.0007191e-03   1.6839472e-03   7.9314565e-05   3.8219691e-04   1.6351928e-03   3.4054121e-04   6.6906845e-03   7.1235063e-04   2.4907436e-04
   2.2967159e-03   3.4437564e-07   1.2896372e-03   9.3402527e-05   9.4850888e-04   1.9405712e-03   4.7119976e-04   5.0133261e-03   2.5927954e-03   4.2164066e-04
   3.2502200e-03   3.4242594e-22   6.6807459e-04   5.1994119e-05   4.5860488e-04   1.9784603e-03   1.0349254e-03   3.8891932e-03   4.5000745e-03   7.0554865e-04
   4.2273139e-03   1.1808414e-21   8.3168380e-04   2.9972502e-05   2.4053668e-04   2.6746188e-03   1.1491825e-03   9.8383424e-04   8.3286264e-03   6.7544793e-04
   2.2361170e-03   3.8418319e-25   1.1715525e-03   2.1738982e-05   4.7594962e-04   2.4626028e-03   1.4536884e-03   4.1122853e-04   1.2723144e-02   5.2205949e-04
   1.9664399e-03   1.0765923e-13   1.1326506e-03   5.9336295e-05   2.0982336e-04   1.5537006e-03   1.7312567e-03   6.1811539e-05   1.7608017e-02   2.6554018e-04
   1.5801544e-03   1.6362121e-20   1.2336597e-03   1.7697419e-05   2.1386042e-04   4.5577272e-04   1.4136667e-03   2.1945560e-04   2.5709140e-02   4.5510706e-04
   9.3158555e-07   2.2088939e-20   1.4728943e-03   3.6075040e-21   4.5308993e-04   6.1466081e-04   1.0571679e-03   1.7580828e-05   2.8749912e-02   6.8230263e-04
   5.1699107e-05   3.3119320e-22   1.4649653e-03   5.5915737e-20   1.7034873e-03   9.8324949e-04   6.3835321e-04   1.8352422e-04   2.7017827e-02   6.1644710e-04
   3.3450095e-04   1.4870520e-21   1.3571422e-03   3.2466280e-14   1.5865508e-03   1.5360456e-03   4.7713913e-04   3.0603593e-04   2.1418784e-02   6.7508536e-04
   5.6270669e-13   1.5861299e-13   1.3287150e-03   2.2161937e-12   3.5013614e-03   1.4892057e-03   5.1308391e-04   1.3067453e-03   1.5470630e-02   9.4733823e-04
   1.8965388e-03   1.7589875e-09   1.3941617e-03   3.9493587e-10   3.8258378e-03   1.1462921e-03   7.0890523e-04   2.1136810e-03   1.3695341e-02   8.7225210e-04
   1.6366123e-03   3.9440088e-09   1.7526294e-03   3.6171309e-06   5.1957820e-03   9.5365493e-04   4.2659882e-04   4.0566935e-03   1.2470287e-02   9.1697823e-04
   1.6141635e-04   1.0998918e-08   2.0555711e-03   1.7487058e-05   5.0667160e-03   1.2676752e-03   4.1475745e-04   5.8771468e-03   1.0066028e-02   8.9566339e-04
   1.6086929e-03   7.3582095e-09   2.4017440e-03   7.5453362e-07   3.7976889e-03   1.7778638e-03   2.9213406e-04   8.2449974e-03   6.9891189e-03   8.5249931e-04
   2.2537527e-03   1.9935861e-14   2.1251553e-03   5.6996606e-06   2.9324692e-03   1.3995705e-03   2.7914943e-04   1.0464809e-02   4.4400694e-03   7.3202197e-04
   2.5218028e-03   1.8492892e-13   2.0583995e-03   3.9162111e-06   2.5834012e-03   1.2208563e-03   3.8666264e-04   9.6748295e-03   1.4894939e-03   7.8159199e-04
   2.4704306e-03   4.5069035e-20   1.9007403e-03   3.8084796e-05   2.6167420e-03   1.2239953e-03   7.8430711e-04   7.4788524e-03   8.3733363e-04   1.0623029e-03
   2.4353128e-03   5.4194439e-27   1.5758307e-03   5.3536892e-05   2.2967509e-03   1.4061791e-03   1.6588053e-03   4.6691379e-03   5.4408909e-05   1.3786959e-03
   2.5137798e-03   4.4722217e-29   1.3818195e-03   4.3591619e-05   1.4405561e-03   2.2031596e-03   2.6919733e-03   2.1009556e-03   1.4326205e-03   1.4178314e-03
   1.1202738e-03   3.2872677e-29   1.6650484e-03   6.3558815e-06   4.8126043e-04   2.6425468e-03   3.3360501e-03   6.7476065e-04   1.6151978e-03   1.5512370e-03
   1.8103922e-04   3.0116430e-26   1.5886112e-03   2.8749457e-06   1.2649866e-03   3.0080108e-03   2.8059286e-03   1.8270160e-09   4.0046439e-03   1.4068717e-03
   1.1153489e-04   3.3809995e-31   1.1905800e-03   4.3930453e-05   1.3916127e-03   2.4025716e-03   4.4722176e-03   2.3633818e-05   6.6176001e-03   1.2464658e-03
   1.8516135e-10   3.5625230e-36   1.0102450e-03   6.5176675e-05   1.6668345e-03   1.8360243e-03   4.0832002e-03   7.1556862e-15   1.1280669e-02   1.0935412e-03
   5.9044929e-10   4.6772944e-34   1.2699852e-03   4.5735113e-06   1.8724522e-03   2.3695278e-03   2.9058250e-03   4.3347869e-10   1.1942601e-02   9.7917999e-04
   8.9705513e-09   1.2292752e-29   1.2386790e-03   1.0474044e-12   4.3209915e-04   2.2843477e-03   1.6821387e-03   3.1794893e-06   1.2351134e-02   1.0999306e-03
   3.1131452e-10   1.6017280e-27   1.4373542e-03   1.7978675e-27   1.1811932e-03   2.6377535e-03   5.2970988e-04   6.8215712e-04   1.0765534e-02   1.2922066e-03
   5.4007676e-09   1.1524188e-26   1.4071088e-03   3.2854139e-12   1.0407727e-03   2.5101149e-03   2.7562597e-04   1.4289321e-03   1.1039468e-02   1.2542100e-03
   4.6491402e-19   1.7184540e-24   1.2792252e-03   5.7452654e-06   2.1785248e-05   2.2911028e-03   7.7490019e-04   2.1200687e-03   1.1864220e-02   1.4952900e-03
   8.7247969e-17   1.6669997e-27   1.2784669e-03   6.2961110e-06   1.4563658e-04   2.5501569e-03   7.3431688e-04   3.3580238e-03   1.1027062e-02   1.4007626e-03
   4.1325062e-13   9.2667806e-23   7.9879580e-04   5.6804990e-13   3.7991105e-04   3.1517013e-03   4.1911271e-04   3.9404640e-03   9.6078964e-03   1.3707082e-03
   1.1045968e-14   1.9051299e-14   5.7183874e-04   2.5276357e-04   3.1773269e-05   3.1795151e-03   2.3589749e-04   5.3412174e-03   7.3373941e-03   1.1246632e-03
   2.0271673e-25   1.1063584e-19   1.0648109e-03   3.7258420e-04   1.7875637e-18   2.7254704e-03   7.0648028e-05   5.7720620e-03   5.2198114e-03   1.3815980e-03
   1.1404584e-15   1.8741394e-22   9.3461057e-04   1.8772468e-04   9.7694917e-14   2.3644048e-03   2.8958099e-04   5.0629335e-03   3.4090477e-03   1.9978913e-03
   5.9904168e-18   4.8388737e-25   7.9342755e-04   2.0460014e-04   8.1736038e-19   2.9204454e-03   2.9197134e-04   3.7776551e-03   2.6227520e-03   2.0871744e-03
   4.3650200e-05   2.4475791e-27   6.0837909e-04   1.7807980e-04   1.1722971e-09   3.1624688e-03   7.0986111e-04   2.2961508e-03   2.8348163e-03   2.0267721e-03
   3.7999114e-20   3.8545219e-30   3.6664108e-04   5.3431765e-04   8.1369976e-15   2.8606143e-03   1.1173823e-03   3.9822130e-04   3.1369414e-03   2.2082142e-03
   4.1390328e-11   1.1254387e-30   4.4091691e-04   8.0055365e-04   2.3594516e-05   1.6899488e-03   1.2050016e-03   2.7428684e-04   4.4668628e-03   2.0731236e-03
   1.0831506e-15   2.0015749e-24   7.9630479e-04   1.1181983e-03   3.1320014e-07   7.3084646e-04   1.3402307e-03   8.2947554e-15   6.3798014e-03   1.7594308e-03
   2.0930342e-16   2.1965238e-26   6.9255850e-04   9.9382170e-04   2.0087516e-04   3.4740759e-04   1.5845946e-03   7.8176252e-20   6.6584478e-03   1.7445550e-03
   2.7691447e-20   2.6493312e-27   8.4387597e-04   6.2186690e-04   5.4938652e-04   2.0915608e-04   1.2306500e-03   1.2696051e-15   8.8179366e-03   1.4844068e-03
   2.0925643e-24   1.1566342e-31   7.7962460e-04   1.0831326e-03   4.3940439e-04   3.2659379e-04   8.4499709e-04   1.2361086e-08   1.2426390e-02   1.5598655e-03
   5.1270870e-17   1.3980172e-24   7.5083867e-04   1.4178950e-03   5.9432357e-04   2.1962785e-04   5.2245729e-04   5.7370367e-07   1.2336816e-02   1.5666651e-03
   1.4859202e-16   1.2112456e-15   6.1649502e-04   1.3146688e-03   4.9684633e-04   2.0648517e-04   2.5240453e-04   4.6606460e-04   9.8127410e-03   1.6807915e-03
   1.5617035e-16   5.0834647e-13   6.0305942e-04   4.0586585e-04   2.6445539e-04   3.8909050e-04   1.6453911e-04   5.9901043e-04   7.4717039e-03   1.6773893e-03
   3.6343929e-16   1.3885292e-19   8.5056311e-04   5.0856737e-04   2.3461629e-04   6.4258515e-04   2.1464767e-04   1.2656142e-03   5.1540642e-03   1.5346391e-03
   5.6719307e-14   1.7929294e-12   6.7030274e-04   5.3952418e-04   4.4741047e-04   7.7390434e-04   2.1794436e-04   1.7915848e-03   4.0797134e-03   1.5274041e-03
   4.4243554e-11   4.2789473e-09   4.0613227e-04   3.6023010e-04   4.9748090e-04   6.5053860e-04   1.7655226e-04   1.9461148e-03   3.9301084e-03   1.6168910e-03
   2.1663101e-20   1.6643033e-08   3.9875079e-04   7.7820775e-04   3.2677763e-04   5.6786036e-04   9.1834374e-05   2.4307283e-03   3.1063685e-03   1.5594507e-03
   3.5512852e-30   4.4923619e-12   5.0369469e-04   1.0600528e-03   1.2176133e-04   8.6676092e-04   6.1224614e-05   2.3207075e-03   2.6878931e-03   1.4453441e-03
   2.1180405e-18   1.6999068e-09   7.1162163e-04   5.3596244e-04   4.3009721e-07   1.1680421e-03   1.5478194e-04   1.2803583e-03   2.2208754e-03   1.3906542e-03
   3.8163221e-21   3.0332569e-18   7.4783003e-04   9.8487728e-04   1.4013849e-06   1.1740264e-03   2.4958240e-04   1.0691252e-03   1.7218420e-03   1.5461358e-03
   1.7437963e-20   2.5068857e-28   5.6242420e-04   8.2927276e-04   1.6410905e-04   1.3984282e-03   4.3846456e-04   1.1502744e-04   1.2192980e-03   1.8548413e-03
   1.0630882e-18   4.2267855e-30   2.7019561e-04   3.8268206e-04   4.0491114e-04   1.1185511e-03   6.9145113e-04   3.5681893e-06   1.8996486e-03   2.2698996e-03
   3.8519642e-18   1.3390001e-21   3.2339630e-04   3.3113148e-04   5.0366373e-04   6.8210063e-04   4.7169426e-04   1.3253953e-12   1.9856988e-03   2.1780139e-03
   3.3733337e-15   8.4746578e-27   4.5962436e-04   3.7514884e-04   5.0473287e-04   3.8819092e-04   6.7335601e-04   2.5310398e-12   2.2386964e-03   2.1320287e-03
   6.2117128e-13   1.9805303e-27   5.3351495e-04   3.5703071e-04   2.5216419e-04   2.2060692e-04   8.5173128e-04   1.2937225e-19   2.7291769e-03   2.3312527e-03
   1.1442998e-10   5.5745368e-23   4.7076011e-04   3.6012568e-04   4.7241587e-04   2.2867499e-04   7.3854093e-04   4.6494517e-16   4.0843029e-03   1.7938444e-03
   1.0157471e-14   3.2197261e-27   3.7359100e-04   4.0969426e-04   3.7849980e-04   8.8586901e-05   5.7536516e-04   3.3277734e-14   4.5556563e-03   1.7493983e-03
   1.7985602e-09   1.2533073e-19   3.6124722e-04   3.7349850e-04   1.3936696e-04   1.6499192e-04   3.0013497e-04   9.1699041e-06   4.0544213e-03   2.0841501e-03
   1.9474629e-05   1.6161710e-15   4.0823357e-04   4.6933411e-04   1.3787964e-04   1.9555998e-04   1.0001699e-04   2.1269319e-04   3.3572006e-03   1.9906254e-03
   7.0314830e-20   2.8359907e-12   5.2445580e-04   4.4478865e-04   2.9226234e-07   2.3963952e-04   5.6641602e-05   3.9940895e-04   2.5953436e-03   1.7602648e-03
   8.2475645e-09   3.8192695e-06   4.9838564e-04   3.2370531e-04   9.5936991e-05   1.5489527e-04   3.3226703e-05   9.4501476e-04   2.0229482e-03   1.7545499e-03
   1.7791588e-12   8.3093116e-04   5.6590656e-04   8.0891239e-05   3.3974201e-15   1.9129650e-04   9.5260573e-05   1.1296953e-03   1.8828698e-03   1.9452551e-03
   3.0503092e-09   7.0070679e-08   2.9936486e-04   1.3459460e-06   5.2350605e-07   1.3695278e-04   1.2386061e-04   1.5554952e-03   1.5606610e-03   2.3630022e-03
   9.9292681e-08   2.2776450e-08   5.5005144e-04   8.8303385e-10   7.1710241e-07   9.4073558e-05   5.7225287e-05   1.4466943e-03   1.7640021e-03   1.8750494e-03
   5.2409287e-06   8.6106150e-09   5.6818849e-04   2.7584074e-14   8.6436792e-09   1.8936070e-04   9.4395432e-05   9.2708888e-04   1.1833658e-03   1.9465972e-03
   1.4738403e-05   6.4416104e-12   4.7870230e-04   2.3734770e-06   1.0305781e-04   2.4444395e-04   1.1466060e-04   7.5961973e-04   8.9570535e-04   2.0137189e-03
   1.8655138e-04   3.4934889e-17   4.2821644e-04   6.5807568e-06   3.4412041e-04   3.0596558e-04   1.9267129e-04   3.3273658e-04   5.7295658e-04   1.9584459e-03
   7.5190191e-05   2.4413954e-20   3.7245201e-04   1.6170766e-04   1.9733689e-04   3.2976677e-04   3.1791583e-04   5.9120194e-05   1.1321581e-04   2.3110548e-03
   1.7099161e-09   1.5175358e-22   4.4866066e-04   1.8459326e-06   1.8441507e-04   2.4221549e-04   5.9848190e-04   2.0857610e-12   4.0486952e-08   2.3092289e-03
   2.2541264e-05   3.8419338e-27   5.1190081e-04   3.8503794e-10   4.1769393e-04   1.5502614e-04   4.6671134e-04   1.6477104e-16   4.6992828e-04   2.4848180e-03
   1.9958289e-04   7.3398961e-33   5.6098081e-04   4.1676839e-06   3.6136075e-04   1.2665920e-04   5.2161835e-04   9.3628068e-27   4.2585952e-04   2.3822726e-03
   5.0670592e-05   3.3692315e-37   5.3967634e-04   9.9858873e-05   2.7516697e-04   6.3919007e-05   5.9002357e-04   6.1268239e-23   5.8327771e-04   2.5471113e-03
   9.1690345e-14   1.4637649e-33   4.0776969e-04   6.4711642e-05   1.8162366e-04   7.5812949e-05   5.1495563e-04   8.5787237e-20   9.4814962e-04   2.8902756e-03
   3.9583811e-06   4.3346238e-32   2.7099994e-04   1.3043475e-04   6.2033105e-05   4.1161600e-05   4.3532270e-04   3.0971857e-13   1.0890718e-03   3.2220622e-03
   3.3085861e-04   3.1147467e-31   3.2548894e-04   3.1962068e-04   3.1653745e-04   1.4820035e-06   2.4985485e-04   4.0900233e-06   1.5517416e-03   2.8915399e-03
   5.0135833e-05   1.5798079e-23   4.7419980e-04   4.7801293e-04   4.1834766e-05   4.5805206e-05   1.1191308e-04   2.0085992e-04   1.6504130e-03   2.6775844e-03
   5.3568457e-11   9.4449010e-22   3.8990149e-04   2.9732115e-04   1.3468209e-04   1.7470316e-04   9.5884704e-05   5.4225340e-04   9.9986251e-04   3.2414611e-03
   3.7318280e-06   2.7267935e-22   4.3516876e-04   3.5599638e-04   1.4901318e-04   3.0800936e-04   9.0052200e-05   7.8903622e-04   6.9473797e-04   3.0216187e-03
   1.7305105e-04   7.5322633e-18   3.4706725e-04   5.3568019e-04   2.3165029e-11   1.8190149e-04   2.2508616e-04   1.0526560e-03   5.6326208e-04   2.7024361e-03
   1.8405950e-04   3.2305571e-20   3.9070911e-04   5.1907340e-04   1.7399192e-04   1.0382223e-04   1.6457532e-04   1.1889695e-03   4.5555529e-04   2.9948413e-03
   1.2706464e-05   6.4326092e-24   4.6029450e-04   4.9517935e-04   4.7470681e-04   1.3147478e-04   3.3486967e-04   9.6844458e-04   3.9388982e-04   2.6362160e-03
   4.3760995e-13   7.6769437e-28   3.7004087e-04   4.1209655e-04   6.2908545e-04   2.5705539e-04   4.4183223e-04   7.4429369e-04   4.1029021e-05   2.8052021e-03
   6.8185136e-05   2.6774047e-33   2.3011439e-04   1.0656056e-03   1.1934201e-03   1.0431693e-04   4.2499343e-04   4.9969143e-04   1.7357145e-09   3.4709835e-03
   1.7914199e-04   3.9673708e-28   3.0784319e-04   1.2682243e-03   1.5536343e-03   8.6488591e-05   4.1149222e-04   1.1813594e-07   2.6867247e-13   2.6760484e-03
   2.4460083e-05   3.9860994e-26   4.1661484e-04   1.8365157e-03   1.3226552e-03   1.8319653e-08   3.3601741e-04   2.2349028e-16   1.5988611e-07   2.9276154e-03
   4.1277170e-17   2.3703371e-27   4.3623867e-04   1.9062679e-03   1.2021624e-03   9.9276425e-09   5.6818183e-04   5.5755600e-33   3.1740609e-11   3.1777855e-03
   5.9286534e-05   2.7183381e-23   4.6475868e-04   2.1539505e-03   5.2817744e-04   6.9689050e-05   3.8985833e-04   1.0528656e-28   5.4332425e-05   3.2117729e-03
   5.4031191e-04   3.8167437e-21   5.8633528e-04   1.4067569e-03   3.2988622e-04   2.1025545e-04   4.2630155e-04   6.5396230e-21   1.7377069e-04   3.1008488e-03
   9.6789350e-05   1.5698387e-15   2.9068257e-04   1.1015218e-03   1.1174715e-03   2.2436380e-04   7.0538723e-04   6.1720630e-11   1.2126807e-04   3.4364597e-03
   5.2339986e-14   8.6503213e-11   3.0876738e-04   7.9581130e-04   6.6086916e-04   3.1893588e-04   6.7367855e-04   4.8230232e-05   7.1724021e-04   2.9787015e-03
   6.4698773e-05   1.8451746e-10   4.9239288e-04   4.0153625e-04   4.9308093e-04   5.3039884e-04   5.2873164e-04   3.1019348e-04   1.3641813e-03   2.9109856e-03
   8.5834864e-04   1.1584365e-20   5.0401550e-04   9.5953698e-04   3.3288896e-09   4.6373535e-04   4.6124021e-04   6.9611792e-04   1.3444295e-03   3.9276622e-03
   5.2079587e-04   1.3560569e-20   6.5364898e-04   8.8836600e-04   1.3107326e-07   4.2543767e-04   3.9452748e-04   1.2445215e-03   1.5588790e-03   4.0203030e-03
   2.1943802e-08   9.2411273e-16   7.1395001e-04   6.9693745e-04   5.1753481e-04   3.4956562e-04   1.6288239e-04   1.6988612e-03   1.6594130e-03   3.2074033e-03
   4.4405658e-10   8.0965625e-16   6.4724255e-04   6.2649734e-04   5.5526458e-04   4.4242769e-04   4.7937143e-07   1.7243163e-03   9.9537357e-04   3.4845430e-03
   8.4656672e-04   2.8917392e-19   7.7012949e-04   2.4156418e-04   4.2731961e-04   1.8255150e-04   1.8041508e-04   1.6959485e-03   9.7122870e-04   4.0235502e-03
   8.6522587e-04   1.5879435e-21   6.2481288e-04   3.7429982e-04   1.0401065e-03   1.4734746e-04   3.7319414e-04   1.2436856e-03   1.1701375e-03   3.5450769e-03
   4.4156005e-04   2.4206030e-25   5.9941342e-04   4.1841661e-04   1.3420474e-03   4.7782915e-04   3.9902437e-04   1.0219131e-03   9.2898509e-04   3.0342457e-03
   4.2900655e-09   4.1764537e-30   6.6108606e-04   2.4406524e-04   1.3920068e-03   4.1596149e-04   1.9773004e-04   7.6676280e-04   4.0381856e-04   3.5701291e-03
   5.1039614e-05   6.4723229e-33   9.1880212e-04   1.7862085e-04   8.5024408e-04   3.6905045e-04   3.1514946e-04   8.7977122e-05   7.3978466e-04   4.1247927e-03
   4.6458698e-04   2.7055746e-41   1.1322768e-03   6.7090706e-05   1.8865983e-04   5.8146551e-04   7.6869869e-04   1.2903666e-07   1.0171215e-03   4.0643187e-03
   3.7755616e-05   7.6879298e-39   1.0120239e-03   1.5880100e-06   5.4787292e-04   3.2780006e-04   1.0626687e-03   1.0023468e-09   1.2448079e-03   4.5566705e-03
   3.6217505e-10   8.8836066e-35   1.0603402e-03   2.0899814e-06   2.2095105e-04   4.4065421e-04   9.9318569e-04   1.2773858e-10   1.3981845e-03   3.9170823e-03
   2.6446718e-14   1.7304384e-39   7.7173078e-04   1.4870466e-04   6.8937048e-06   7.2243438e-04   6.3058029e-04   7.4676214e-07   1.7954218e-03   4.1714423e-03
   3.7738906e-04   6.7585931e-47   6.4784568e-04   1.0613634e-07   2.5519073e-06   6.4743095e-04   6.3617766e-04   7.1463142e-11   1.6139241e-03   5.1020083e-03
   1.6351655e-09   1.2797500e-39   6.4540163e-04   2.5695765e-09   7.1214969e-09   7.6127067e-04   1.0583896e-03   2.1669194e-05   1.8309705e-03   5.1781485e-03
   9.2526389e-20   1.4076384e-43   3.1411996e-04   4.1914687e-05   5.1980138e-10   9.5154512e-04   9.7904813e-04   1.9979185e-04   2.3925511e-03   5.1335503e-03
   1.1197353e-09   5.8936846e-31   4.2457775e-04   1.1950412e-07   1.1867758e-07   1.1914217e-03   8.9159544e-04   8.9859003e-04   3.1971064e-03   4.3045819e-03
   9.8706237e-11   2.1327801e-29   5.8741773e-04   2.4854408e-06   3.0125849e-04   1.1263675e-03   6.3689243e-04   1.7950123e-03   4.3286392e-03   4.1379673e-03
   7.3534136e-21   5.7708680e-29   6.4708361e-04   1.0510819e-04   1.3298766e-04   1.3717600e-03   3.7581983e-04   2.9933514e-03   3.7754632e-03   4.4182517e-03
   5.4851447e-28   3.1990690e-25   4.6484558e-04   2.1210383e-04   4.6993582e-06   1.1395330e-03   2.5659614e-04   5.5102196e-03   2.8147713e-03   5.3087737e-03
   1.8733833e-16   5.3133956e-22   3.9015903e-04   2.9619866e-04   2.2848325e-04   9.5986951e-04   1.8127456e-04   6.9958009e-03   2.0475742e-03   5.0015081e-03
   8.9523612e-09   5.1024032e-20   5.2580528e-04   3.5493157e-04   5.0633220e-04   7.3055594e-04   2.5038953e-04   7.0347564e-03   1.5539423e-03   3.6107333e-03
   4.6932911e-14   5.8588755e-23   5.1582281e-04   2.7660927e-04   5.8442699e-04   7.0556613e-04   2.4682361e-04   6.0648459e-03   1.1803855e-03   3.1588480e-03
   3.9830277e-21   1.0057722e-24   7.6950426e-04   1.6877256e-04   2.9676531e-04   1.0951817e-03   2.0631849e-04   4.3118794e-03   1.2952241e-04   2.3384679e-03
   9.3402760e-23   7.1691856e-32   9.3420022e-04   7.7406075e-05   2.5228532e-06   9.8487477e-04   1.6157084e-04   2.5680822e-03   1.0804305e-03   3.0731300e-03
   2.5973471e-18   1.0264281e-30   8.7401138e-04   5.1321536e-05   1.4152666e-06   8.3173810e-04   1.1952400e-04   1.7261323e-03   1.9840086e-03   3.2927961e-03
   8.4889949e-13   7.0787892e-28   7.6807805e-04   1.3401438e-04   1.9426880e-05   1.0201297e-03   5.0432414e-04   1.0969312e-03   2.3957256e-03   3.1364752e-03
   1.2617603e-13   6.5556798e-29   8.9243416e-04   9.8060769e-05   3.4041030e-08   1.4781570e-03   9.9821562e-04   1.1265725e-06   2.4737285e-03   2.5173177e-03
   2.0327995e-14   6.9531926e-24   8.2692057e-04   6.6923714e-07   2.8341735e-10   9.5722128e-04   9.4619211e-04   5.9758074e-05   3.0092932e-03   2.7096908e-03
   1.4055586e-15   1.0403794e-24   7.5862639e-04   5.7516169e-23   1.1081197e-18   6.0224445e-04   6.0976667e-04   8.6821574e-08   2.8601867e-03   2.7988910e-03
   1.2446688e-06   8.6161872e-29   3.5406232e-04   1.4211681e-17   2.5777545e-05   6.6982204e-04   9.3834624e-04   1.7308911e-05   2.1273039e-03   2.9086470e-03
   1.2855048e-24   4.3528098e-31   6.4910312e-04   1.0177918e-13   1.1419471e-05   3.2740503e-04   1.0662806e-03   5.1720110e-04   2.2657922e-03   2.7201555e-03
   3.2271969e-29   7.9481158e-20   7.1421041e-04   2.4005858e-16   9.7103495e-06   3.5692015e-04   9.3239809e-04   4.9009967e-04   2.1841108e-03   2.9913257e-03
   4.1095917e-19   2.7210430e-22   8.6304869e-04   2.3073098e-23   4.8807250e-05   6.3310339e-04   8.1767345e-04   3.2863948e-04   2.2190707e-03   2.6118724e-03
   8.6554827e-06   1.4558991e-21   6.5268208e-04   6.5975110e-22   1.3983719e-04   5.8134917e-04   6.0035520e-04   1.0557850e-03   2.6114935e-03   2.0689108e-03
   2.8113358e-19   1.8716361e-21   8.0268498e-04   7.3744946e-28   2.1833551e-04   3.9917646e-04   4.3804087e-04   1.2745481e-03   2.0012060e-03   2.6030052e-03
   6.3154695e-27   1.1154120e-19   8.7244955e-04   1.5167521e-23   3.1309064e-04   4.6591649e-04   3.0580245e-04   9.6495727e-04   2.2522654e-03   2.6857006e-03
   5.5841510e-26   2.1949982e-22   8.7916868e-04   2.6858213e-22   6.3672440e-05   1.6203109e-04   2.5659316e-04   1.8127964e-03   1.8516518e-03   2.9863308e-03
   9.0938489e-21   2.3270363e-18   8.7218735e-04   6.1179286e-16   2.9120800e-06   3.0298714e-04   2.6230136e-04   2.2141335e-03   7.6674350e-04   2.5221822e-03
   2.7768706e-30   1.4975259e-29   8.9892563e-04   9.2886776e-21   3.3836094e-08   1.6645945e-04   1.5552229e-04   1.8625706e-03   3.9262205e-04   3.4171431e-03
   8.6156959e-24   9.9781713e-25   9.3011335e-04   3.9599995e-23   5.9607071e-10   2.5191926e-05   1.2962613e-04   1.1532501e-03   5.8974586e-04   3.3126207e-03
   3.9330284e-28   3.2638119e-21   8.0714162e-04   1.9166540e-28   8.1485338e-13   5.1621022e-09   1.4953851e-04   6.2237988e-04   8.1894456e-04   3.2559509e-03
   2.7255851e-22   3.6007342e-22   8.2071136e-04   7.6975753e-29   1.1224603e-12   3.8328934e-08   2.0725981e-04   4.9967488e-04   1.0732773e-03   2.2605653e-03
   4.0381489e-19   1.7460192e-17   5.7143663e-04   4.1096456e-25   1.3339724e-26   8.4739040e-05   5.4740282e-04   2.1163505e-04   1.0793562e-03   2.1407889e-03
   3.7776822e-27   9.7298933e-21   8.6934244e-04   3.7204803e-17   2.2906110e-22   9.4392651e-05   5.9794132e-04   2.3817430e-08   1.0899153e-03   2.6409011e-03
   3.1375530e-21   8.3910285e-18   6.6204724e-04   7.6075190e-17   5.4680114e-18   1.1053805e-04   3.1359782e-04   2.4523573e-07   7.8244572e-04   3.0827475e-03
   1.0540490e-21   3.1497456e-21   5.7448613e-04   1.5694936e-13   9.0680977e-16   1.4086978e-04   2.9532777e-04   1.2965805e-15   7.3851272e-04   3.5546476e-03
   1.0232738e-27   3.7421940e-16   9.1096225e-04   1.9797624e-22   1.6301399e-22   1.1062245e-04   1.6666825e-04   1.8088726e-10   4.8085250e-04   3.1308382e-03
   6.3989642e-20   4.1034542e-06   1.0461450e-03   1.7018194e-31   1.4806968e-16   1.6977220e-04   3.3574299e-06   7.9652184e-08   4.5902187e-10   2.6696447e-03
   1.0483363e-13   1.6468348e-06   1.0063702e-03   8.4221909e-22   5.7480874e-09   1.8598599e-04   1.2891192e-04   6.8595813e-05   4.0751066e-08   2.8709322e-03
   5.4706055e-11   2.6600687e-18   9.2133678e-04   5.1245039e-18   2.3633821e-09   1.5874216e-04   1.9962952e-04   1.6560385e-04   3.6484440e-05   2.8334607e-03
   1.7293510e-07   9.6752219e-05   6.7974751e-04   1.9520181e-18   2.7185603e-05   1.4454189e-04   1.9199128e-04   6.5076764e-04   2.3355999e-04   2.5611810e-03
   3.5848914e-20   8.2884098e-04   5.8132049e-04   1.4216953e-17   3.2119133e-04   2.7306446e-04   1.0161633e-04   7.2986415e-04   1.8744790e-04   2.2205312e-03
   2.8193965e-15   1.1080918e-05   7.1723716e-04   1.7375608e-18   5.4702400e-05   2.3954864e-04   7.5726481e-12   8.9420139e-04   2.8987535e-10   2.2506960e-03
   4.4807383e-06   2.1900169e-06   6.8455802e-04   4.7444529e-18   4.9747527e-05   1.8343996e-04   9.1285899e-08   8.9574847e-04   6.9769799e-11   2.4221460e-03
   2.0139930e-04   6.0155849e-09   7.1924981e-04   3.5397420e-10   1.5932441e-05   1.5243850e-04   1.9958799e-07   6.6213625e-04   4.4836130e-17   2.3811462e-03
   2.8788476e-04   1.8791217e-09   5.1551113e-04   9.8873848e-06   1.7648961e-06   2.1379200e-04   1.5997260e-09   5.2662119e-04   3.8846278e-19   1.9407297e-03
   2.0617970e-12   1.1917238e-03   5.6741478e-04   2.3506775e-05   2.5000048e-07   2.2800421e-04   2.6941982e-05   2.9017463e-04   2.7028329e-25   1.6880146e-03
   1.1285580e-04   1.8396161e-03   4.4230586e-04   5.7940212e-05   1.4341612e-16   2.8900063e-04   2.7173180e-05   1.0391347e-04   1.0388565e-31   1.6911174e-03
   1.1682721e-04   2.5963329e-06   5.7028943e-04   3.0516380e-05   1.3757244e-14   2.2027844e-04   3.9746604e-05   1.9647413e-05   3.4363515e-14   1.8127666e-03
   1.6858172e-07   8.2549017e-11   4.5306436e-04   8.2082647e-09   3.7831960e-20   1.2549532e-04   7.7959369e-05   2.1518503e-12   2.6165553e-23   2.1564318e-03
   1.1343402e-06   1.8579869e-09   2.2467846e-04   4.2242261e-19   1.6426967e-25   7.5445530e-05   1.4323008e-04   6.8870458e-13   1.2423529e-18   2.8271298e-03
   3.2886145e-13   1.3583902e-10   5.3101501e-04   2.5683808e-07   2.8168301e-19   1.3063389e-04   8.8361134e-05   9.1062359e-17   2.7536666e-20   2.7660995e-03
   3.7823585e-10   1.4085744e-10   5.7268520e-04   1.1509685e-09   2.5309704e-14   3.7492389e-04   1.0567340e-04   3.1033652e-05   1.2116753e-20   2.2920177e-03
   1.8767402e-08   4.6905408e-06   6.2377681e-04   6.6566334e-06   1.5750317e-10   5.1384469e-04   9.7665939e-05   1.0622277e-05   8.2664845e-18   1.9804789e-03
   5.3092149e-24   4.1539797e-05   6.8432367e-04   4.5167948e-07   1.4198412e-12   2.9624390e-04   1.1010672e-04   2.5357024e-04   1.5031322e-18   2.0342198e-03
   8.4945905e-18   5.5884042e-06   5.8980542e-04   9.0489636e-22   1.0236725e-13   1.4782817e-04   1.8359652e-04   3.7694963e-04   1.3552172e-16   2.2854276e-03
   1.1053183e-10   6.2258560e-05   5.0732768e-04   5.5241715e-11   1.9812831e-11   1.5545954e-04   2.4634676e-04   6.7182042e-04   2.6322619e-11   2.3305501e-03
   1.1270841e-14   4.7970114e-06   5.6035852e-04   7.2993061e-13   1.9137875e-16   6.6480107e-05   2.1594655e-04   7.7009680e-04   7.8696769e-06   2.2406511e-03
   1.6958314e-23   3.7436520e-05   5.8256627e-04   3.5192529e-18   2.2634827e-18   8.2389336e-05   1.2108244e-04   6.6265183e-04   1.0091809e-04   2.1071769e-03
   1.8937348e-20   6.4200214e-04   6.0126901e-04   8.9064363e-23   8.8091077e-14   7.7259372e-05   1.6746961e-05   6.5363835e-04   2.6292176e-10   2.1260267e-03
   3.4957728e-19   1.7601010e-03   6.2482602e-04   9.1405038e-27   1.5347080e-13   2.2792648e-05   4.1718833e-05   4.9838575e-04   1.3547333e-19   2.1181347e-03
   1.3047596e-30   1.0358710e-08   6.8311622e-04   4.6827226e-29   2.5019781e-23   1.6589307e-07   5.3596703e-06   2.0614255e-04   4.7343954e-28   3.0233038e-03
   6.8471292e-24   1.4981323e-14   5.7293997e-04   5.6612620e-29   3.1236185e-25   2.7327309e-07   1.2682311e-17   4.1074910e-05   3.7485507e-35   2.7401255e-03
   6.6982040e-20   1.8219308e-21   5.7178036e-04   2.6829866e-30   1.3545557e-29   1.3549346e-06   2.3445826e-12   7.8360872e-11   4.1760277e-33   2.6455926e-03
   7.7851059e-30   2.9472749e-23   5.9665929e-04   9.1430028e-36   7.7183446e-29   4.7859355e-12   2.7835141e-11   6.7638120e-25   3.6561529e-36   2.9101048e-03
   5.6748323e-27   1.5221404e-10   4.4736031e-04   6.4478641e-29   1.6534527e-24   1.0626049e-05   2.4321773e-05   7.6307592e-28   1.8355488e-34   2.2184518e-03
   5.5717420e-30   2.4858747e-14   4.2050000e-04   6.3682034e-34   1.0291872e-26   9.1033347e-09   5.3532728e-08   3.0119406e-34   1.7504668e-40   3.0253492e-03
   4.7750696e-43   1.6201555e-26   6.2105495e-04   1.8923408e-39   1.9210639e-33   1.4705370e-15   3.9833910e-10   1.6893964e-36   2.3763552e-36   3.4502289e-03
   1.1983343e-32   2.4826277e-31   6.2439218e-04   4.5826440e-25   2.1592058e-35   1.1809492e-17   4.6566527e-05   1.3022347e-27   3.8174350e-35   3.1529058e-03
   3.2058329e-26   2.6672743e-27   7.0799594e-04   2.0745695e-17   8.3239533e-24   7.4347514e-11   1.0128039e-04   1.8047243e-15   1.6013459e-39   2.9882906e-03
   1.9639687e-29   2.0272549e-18   6.7757139e-04   1.1109770e-18   8.5933640e-19   3.3703294e-06   4.3056059e-05   8.2261541e-11   5.9560998e-40   3.2811239e-03
   1.3867205e-36   1.8906271e-39   7.1932527e-04   1.0228353e-07   2.8389027e-20   6.4954560e-08   8.1675464e-08   2.4241753e-05   5.6180408e-40   3.4240966e-03
   6.5103677e-36   6.2805873e-27   7.7450456e-04   5.3189209e-05   1.3490711e-17   1.1870827e-05   4.8877955e-05   1.1408106e-04   3.0992985e-41   3.7046182e-03
   2.6236540e-34   1.5667165e-20   5.9051790e-04   1.1613576e-05   6.0305515e-17   2.4582368e-05   7.1240253e-05   2.4036566e-04   5.5165462e-40   3.4338421e-03
   3.9047549e-37   1.1209629e-26   4.1862782e-04   2.1481107e-04   2.2882420e-13   7.6751800e-05   8.8636922e-05   6.4142990e-04   6.5564356e-35   2.5448012e-03
   8.1050972e-39   1.0991721e-18   2.2552619e-04   1.5175129e-04   1.8907161e-11   8.7160617e-05   1.1160050e-04   8.7608225e-04   1.1154737e-38   2.7510731e-03
   1.1342070e-44   5.1424916e-31   4.6463417e-04   2.5655546e-04   6.3983038e-09   1.8471706e-05   2.6176834e-09   8.1488789e-04   3.7302488e-40   2.6854046e-03
   1.2347280e-46   6.4472637e-39   4.3799048e-04   3.1181781e-04   7.6728051e-06   2.6724947e-15   2.7968577e-05   5.4775727e-04   2.2137535e-51   3.0651086e-03
   6.3344126e-48   1.6045302e-38   3.9750146e-04   1.4962523e-04   1.0786995e-05   2.5413182e-10   6.3912679e-05   3.9758857e-04   3.2335831e-50   2.9929968e-03
   4.0785554e-43   4.1451351e-24   4.7931496e-04   3.2394294e-04   3.9850929e-06   4.9817229e-05   9.6584400e-08   3.8516851e-04   5.1386289e-49   2.1509190e-03
   2.5425926e-36   2.8418331e-29   3.3263798e-04   2.4952675e-04   1.0646365e-16   6.6557942e-06   4.9435226e-05   2.0204561e-04   2.5704761e-52   2.2974283e-03
   4.6724899e-29   5.9698396e-28   3.4986777e-04   1.5468068e-04   1.3134707e-18   1.3104430e-05   7.2394216e-05   4.5233801e-06   1.9909624e-44   2.4127440e-03
   2.7659927e-32   1.1075711e-28   3.3116029e-04   2.3819994e-04   1.0115112e-19   8.1467487e-07   1.5214010e-04   1.2303611e-15   2.3740434e-51   3.0827801e-03
   3.3828927e-40   3.7243332e-38   3.1490502e-04   1.0258283e-04   6.5942441e-22   8.3889337e-19   1.7155599e-04   1.9496068e-22   2.5415614e-64   3.6066256e-03
   2.8816632e-35   2.5155896e-36   2.5357499e-04   2.7651001e-04   6.5743690e-13   1.9783412e-11   1.2052644e-04   9.6768324e-16   1.1485183e-52   3.1264977e-03
   7.7246761e-39   5.8560842e-41   2.2152586e-04   3.7988678e-04   1.2169626e-11   7.7521590e-11   2.1509966e-04   6.0121182e-13   1.5536604e-55   3.0487266e-03
   1.8157548e-36   8.4436085e-21   2.0728109e-04   4.0051206e-04   6.0049234e-16   3.6131774e-07   2.7904718e-04   3.0916692e-05   1.7277231e-43   2.9158186e-03
   1.7881780e-32   5.4316540e-30   2.5263013e-04   2.0955213e-04   2.0535367e-17   2.6349896e-12   1.7727204e-04   1.2213135e-04   5.6993117e-44   2.7101712e-03
   2.5137691e-28   9.6762532e-36   3.3786101e-04   4.3678623e-06   8.6467180e-13   1.8937657e-08   4.9610929e-05   2.0592171e-04   7.6259175e-42   2.7510223e-03
   1.5578972e-26   1.1914474e-22   2.3999041e-04   1.0847536e-04   9.5318931e-10   4.8266474e-05   8.1315184e-05   1.5566096e-04   1.0119485e-45   2.8622493e-03
   2.1157326e-31   3.2069065e-22   1.3665894e-04   2.9700893e-05   1.2737878e-07   5.5156385e-05   1.6096575e-04   2.4135735e-04   8.3283089e-46   2.5562856e-03
   2.1762968e-34   7.1906206e-26   2.0128038e-04   9.5780628e-16   9.3334393e-09   3.2873370e-05   1.3895937e-04   5.4834142e-04   3.2766994e-40   2.7729211e-03
   1.2873505e-37   2.1459796e-29   2.2171315e-04   7.4084874e-07   5.4975287e-10   2.3206985e-10   1.6366613e-04   7.3147811e-04   2.9784515e-36   2.7748854e-03
   4.8090658e-29   6.1026822e-27   1.6620476e-04   9.0862743e-07   3.0974582e-11   4.8675247e-07   7.1391551e-05   7.7196355e-04   6.6123576e-28   2.3426015e-03
   7.8857379e-30   2.4585034e-20   2.1792191e-04   4.2168784e-11   4.0643448e-11   3.4812628e-05   1.7126713e-04   7.9335852e-04   3.1850492e-27   2.2065221e-03
   2.7031958e-33   1.2472637e-26   2.9328886e-04   2.8728268e-09   5.7716735e-16   2.6434863e-07   1.8203497e-04   6.2701107e-04   7.9346738e-26   2.3924020e-03
   2.5655406e-34   1.4526005e-30   3.3188207e-04   7.4097384e-07   1.0242295e-19   1.6372330e-05   3.3534110e-06   4.5038217e-04   3.3774995e-40   2.8493613e-03
   1.2334331e-33   2.6786929e-36   1.4861892e-04   5.1644426e-11   1.3504128e-13   7.8374544e-07   2.1671117e-07   2.8713054e-04   4.4301254e-40   3.4703884e-03
   3.3187660e-32   6.1620172e-29   1.7846500e-04   2.0406957e-14   1.9261677e-13   1.1115867e-11   1.5591315e-05   7.2343975e-08   1.4936402e-47   3.4776973e-03
   4.0728074e-36   1.4279917e-25   2.0516187e-04   7.0889671e-13   8.1895548e-17   1.2758672e-08   4.4976771e-05   1.8721618e-07   1.2753279e-44   3.1891819e-03
   3.9943986e-24   1.0218078e-29   1.6697050e-04   1.0781708e-06   7.1400339e-13   2.3265708e-08   6.9913419e-05   1.7677089e-06   1.5221755e-43   3.4290951e-03
   5.6151332e-24   4.6070375e-34   1.4132794e-04   1.4918595e-13   2.3070956e-14   5.0103844e-07   9.4803271e-05   3.8004080e-05   8.0314548e-41   3.6983506e-03
   1.8807557e-28   9.1700307e-32   1.4785159e-04   6.8721199e-17   3.3570810e-16   6.5679213e-08   1.9143868e-04   1.6701528e-04   7.5567890e-40   3.0248878e-03
   2.8699657e-28   8.5052560e-21   1.7985737e-04   1.1362010e-06   1.0690979e-11   9.5996702e-06   1.7453733e-04   1.2109451e-04   1.3503508e-34   2.5827330e-03
   5.8004608e-27   4.2908529e-26   2.0537531e-04   2.9218692e-09   9.8897175e-14   3.4125952e-06   8.4302386e-05   1.8491639e-04   2.7025456e-28   2.9320320e-03
   8.6719489e-28   4.5019836e-23   1.8339375e-04   8.9380396e-16   8.2420326e-16   5.2421343e-05   6.5525862e-05   1.8545265e-04   1.1763344e-25   2.6282636e-03
   9.6871096e-16   8.3826929e-21   1.3603236e-04   1.4158434e-15   7.8390921e-14   2.7131429e-05   8.5229379e-05   1.4937141e-05   3.1902009e-27   3.0920252e-03
   4.3904711e-11   1.6586647e-12   1.0163418e-04   1.1470178e-16   2.2908896e-08   4.1496450e-06   1.2151947e-04   2.9591762e-04   1.6909730e-32   3.5074694e-03
   3.5698431e-16   2.1855029e-26   1.2713746e-04   2.5549570e-22   6.4809297e-14   4.5329908e-11   1.4775936e-04   3.3403374e-04   4.0592342e-26   3.2763498e-03
   1.0769058e-27   4.3749156e-13   1.1572861e-04   3.4436500e-12   9.0423873e-10   3.3649532e-05   6.5449143e-05   1.7674517e-04   2.8035940e-19   2.7450567e-03
   3.8556092e-24   3.1603821e-21   8.5943023e-05   1.3461819e-15   7.9129233e-12   8.4869397e-05   8.2458601e-05   1.7918785e-04   7.4415085e-20   2.6533084e-03
   5.0439883e-25   1.4942071e-27   1.0215920e-04   1.0563523e-18   5.9692882e-16   2.1028079e-05   1.0096824e-04   9.8189332e-05   3.7718675e-35   2.9342762e-03
   1.4748460e-20   1.7653721e-27   1.7333548e-04   1.4811238e-11   5.7237955e-13   1.7466680e-05   1.1150817e-05   4.3839412e-05   4.3521415e-29   2.9227393e-03
   2.5066026e-15   3.2915833e-21   1.1631736e-04   2.3501912e-06   1.3792384e-10   5.5779104e-05   4.3206536e-05   1.4412797e-04   2.0089829e-31   2.3326686e-03
   5.9362921e-10   1.7134599e-24   1.3394169e-04   2.4874708e-05   4.1054907e-05   6.2999320e-05   5.8895835e-05   1.0904045e-04   3.7914992e-30   1.8553806e-03
   8.8222950e-16   9.0231267e-18   8.6864739e-05   1.9768624e-12   7.5920058e-15   2.7651659e-05   3.6919107e-05   2.7562187e-11   1.0324348e-47   2.8817615e-03
   3.0797108e-25   2.4355661e-25   3.5461547e-05   3.3134426e-15   1.1846787e-29   5.4359146e-08   7.0062180e-05   9.4826583e-18   9.8173967e-49   3.7405993e-03
   7.3974930e-25   4.9272171e-25   2.4925300e-05   6.4480008e-17   2.8029852e-18   2.0541060e-05   1.3197141e-04   9.1775650e-18   2.5080595e-37   3.3202364e-03
   3.2843790e-05   1.0698075e-16   3.4656478e-05   7.8976090e-14   4.5683964e-07   1.3796719e-05   1.2027693e-04   1.3841176e-11   2.4630331e-40   2.9224474e-03
   4.1657425e-04   5.2315327e-14   4.1328299e-05   1.6237420e-07   1.3136391e-13   2.4480502e-05   1.6183912e-04   7.4102136e-05   1.0667680e-25   2.3458623e-03
   4.6056449e-04   2.0857427e-18   1.3180820e-05   6.9004406e-05   6.7797742e-16   1.7871835e-05   1.4013331e-04   1.4704869e-04   3.1723756e-12   1.9011836e-03
   7.7978913e-06   1.2727405e-14   2.0611891e-10   3.0077278e-05   6.8796281e-18   1.9615821e-05   2.0161838e-13   5.2294053e-09   1.6539637e-22   3.1512750e-03
   4.9118016e-31   6.1571724e-17   1.4600291e-07   4.4637343e-12   2.5683373e-20   3.4197400e-05   1.6105572e-12   3.2893865e-07   9.3030746e-25   3.6786562e-03
   2.0142067e-17   1.6201884e-13   2.9396695e-05   3.5961356e-06   6.0903480e-17   2.8707661e-05   4.6955443e-05   3.5441832e-05   1.0486330e-23   2.7751883e-03
   2.1493524e-11   2.2155252e-15   2.1002201e-05   3.1930711e-08   1.8863543e-13   7.9552812e-06   7.0324966e-05   2.9088711e-05   7.3023234e-34   3.0110667e-03
   2.5544622e-04   3.1377179e-18   6.3927555e-08   2.1063280e-05   1.9402775e-06   1.6247497e-07   1.3585322e-04   1.0183786e-04   8.9824729e-30   2.5497196e-03
   2.0502515e-04   1.5219484e-21   4.2116392e-07   2.0708534e-07   3.2935574e-10   1.3059020e-07   1.1191396e-04   6.5198203e-05   1.0278344e-21   2.8833043e-03
   8.2219126e-21   2.9606806e-30   1.3686460e-05   2.1891859e-11   6.9656985e-24   3.9616319e-14   6.0216887e-06   9.3990714e-07   6.6364742e-22   3.7092793e-03
   2.4846096e-23   1.0546966e-19   2.0455259e-05   2.4215876e-09   3.7830292e-20   5.2402515e-06   6.2706470e-05   5.9052891e-05   3.0588307e-08   2.7717831e-03
   5.1528953e-12   1.5560427e-24   5.4865131e-05   4.1250692e-05   1.9420250e-09   1.8162356e-08   9.7595300e-11   6.8719432e-05   6.1587210e-05   2.5532395e-03
   1.4011591e-09   6.9289159e-35   3.9095119e-05   9.6600739e-08   9.3117833e-13   1.9402291e-17   1.1348801e-12   1.9005644e-12   9.2090673e-15   3.5133157e-03
   5.5743843e-05   2.5031161e-26   6.0432556e-09   5.5690074e-08   1.8501252e-10   1.2411834e-18   2.7706495e-12   3.4181704e-23   1.0827318e-23   4.0719541e-03
   1.2092521e-05   1.1486442e-28   3.3830621e-07   3.4804855e-16   3.7109537e-17   1.1196372e-16   5.7300938e-05   1.9723427e-39   4.0280417e-31   3.9643147e-03
   7.7550349e-16   3.9638510e-32   1.1938636e-05   4.5994588e-20   2.7670861e-20   5.3778636e-19   1.7999471e-04   2.6458213e-24   8.6541545e-30   3.2409252e-03
   1.2133949e-25   9.6713267e-41   2.9882882e-05   4.8311834e-24   1.0186406e-16   1.2558875e-22   2.0249324e-04   1.5492852e-16   1.5019493e-38   3.7455833e-03
   1.6074328e-29   1.2834026e-37   2.9175272e-05   1.7278267e-21   4.3128207e-12   1.5873648e-13   1.5288977e-04   1.0399412e-08   1.7629639e-35   3.5378214e-03
   2.4122385e-31   4.4970686e-40   1.5268717e-13   4.2049243e-33   1.5348722e-11   4.9660462e-20   1.4374387e-04   5.2302963e-14   1.3293483e-33   4.0076290e-03
   4.5003359e-21   2.9650579e-30   9.2724020e-12   5.5070735e-32   7.7771720e-06   2.1640575e-19   1.4827160e-04   1.4100522e-08   5.0848166e-39   3.7997301e-03
   2.6422004e-13   1.2944971e-37   2.2628020e-12   3.9295471e-23   9.0171952e-08   9.2052765e-19   4.3610062e-05   9.4641132e-11   1.1757439e-30   4.2716716e-03
   2.5437770e-11   4.8637624e-27   1.9783350e-07   4.5506466e-15   1.4164326e-04   3.1901476e-16   4.9835966e-05   4.5743197e-14   8.7060683e-19   3.3461533e-03
   1.9416320e-24   4.0589092e-36   1.0873287e-20   1.8431588e-26   4.8952799e-05   1.0401817e-21   4.1716338e-05   9.4485358e-15   6.8472656e-37   4.4264164e-03
   1.4163181e-31   8.4073424e-30   6.3143316e-14   4.8683153e-28   1.6686211e-09   3.2113119e-28   2.8868141e-05   8.6312896e-16   1.3848222e-39   5.1259980e-03
   1.6424509e-17   3.4095931e-27   2.3975937e-05   1.3988340e-09   3.5533508e-10   5.0849353e-13   1.0038037e-04   4.1354113e-05   9.0974121e-08   3.7242544e-03
   7.3244799e-15   3.5918281e-25   1.6993107e-05   1.9299804e-13   3.4758217e-19   7.4306106e-15   7.1185656e-05   4.6463985e-06   1.4783820e-04   4.2092875e-03
   2.0097155e-10   1.9718992e-26   1.4985600e-11   2.6167338e-08   5.5160731e-05   8.0223566e-13   3.0569832e-05   2.0725384e-06   6.5918346e-04   4.0777611e-03
   1.7570676e-12   7.1241032e-27   9.8885855e-10   5.4413315e-17   2.5650674e-04   2.3422480e-11   7.0386105e-05   3.9977525e-05   9.4849327e-04   3.2649957e-03
   3.0239847e-13   4.6582305e-37   4.7302778e-17   2.5885704e-08   1.1462587e-04   2.4143669e-13   2.5775352e-06   7.7789877e-09   8.3633854e-04   3.4528695e-03
   1.3505834e-08   6.7622297e-21   1.5208636e-06   2.4020025e-05   5.8543727e-05   1.5733573e-09   2.2280024e-05   3.1161590e-13   8.0475642e-04   3.1562444e-03
   7.3277795e-19   1.4253327e-31   5.6453728e-08   1.5221995e-05   6.5264961e-09   2.7396193e-08   3.1297276e-09   1.4148870e-19   5.9314003e-04   3.9125770e-03
   3.5706762e-21   2.2253810e-41   8.1251558e-09   1.0117069e-05   8.2263931e-15   2.0359731e-05   1.7250830e-04   2.3410289e-12   2.0103990e-04   4.1011352e-03
   1.6062051e-14   3.3413690e-33   7.8892017e-14   1.7386468e-11   1.1097111e-13   4.0800180e-07   4.6920933e-04   4.7140105e-15   1.0539537e-03   3.6583528e-03
   1.4987258e-22   1.6898473e-28   6.9122423e-19   2.4158714e-22   3.0707451e-07   2.7920009e-09   2.9606727e-04   5.7908547e-17   3.2532781e-04   4.3790893e-03
   1.1102533e-18   7.7621238e-35   2.1695558e-10   4.0771938e-13   1.9842178e-06   8.7936459e-10   2.0636404e-04   2.1341440e-15   1.2699630e-04   4.3083689e-03
   2.0812267e-22   1.9072150e-28   1.1352192e-10   2.3079622e-12   7.1349986e-05   1.3398874e-05   2.2777293e-04   2.5591593e-08   3.1852544e-04   3.6773305e-03
   1.0168438e-13   1.5486081e-31   6.9566699e-09   1.9958134e-09   7.1167926e-05   3.6352962e-10   1.4720650e-04   4.9309261e-05   5.3659029e-04   3.7631165e-03
   6.8058802e-13   4.0785649e-19   2.2024639e-08   3.3671241e-05   7.6962867e-05   1.8589090e-10   1.2438103e-04   4.0092072e-05   3.1016661e-04   3.1190760e-03
   3.6230656e-13   4.8503793e-20   2.2144159e-05   6.7934891e-05   7.4054374e-05   9.8921490e-11   6.9219400e-05   1.6381764e-09   6.6176256e-04   2.9983322e-03
   1.3671797e-13   4.6714636e-24   9.3827865e-07   3.5949513e-06   1.6160495e-06   9.4464954e-13   1.0965710e-04   2.5864312e-08   8.0113106e-04   3.6956893e-03
   1.2168301e-16   2.3456774e-29   3.1535064e-05   8.9727216e-11   1.4727883e-09   6.3455742e-15   1.5390789e-04   1.6309395e-08   7.3526888e-04   3.7427736e-03
   6.3560695e-20   3.3993754e-36   1.6888364e-08   1.1309001e-07   3.3525453e-06   3.6725674e-14   1.1254540e-04   1.5543207e-06   8.6646410e-04   3.6871840e-03
   1.8806776e-25   1.4380920e-35   4.5229711e-18   7.9944617e-16   6.1988714e-09   9.4124687e-11   3.1498859e-12   4.9749462e-13   6.9919117e-04   4.2042759e-03
   2.5510193e-29   4.3785857e-32   5.5520860e-18   1.8327282e-16   6.4204361e-06   7.4782180e-11   8.2391267e-09   7.6839393e-13   5.3669321e-04   3.7720227e-03
   1.4041958e-20   1.0095396e-38   5.0542447e-16   8.5619378e-25   5.6096115e-11   2.3938993e-14   7.6920321e-13   4.7398736e-17   1.1254465e-03   3.4351879e-03
   1.5892561e-21   2.7298139e-39   1.1495398e-05   5.3388095e-08   2.8216624e-16   2.0493215e-14   2.9552993e-19   6.3310535e-20   9.6789444e-04   3.9071370e-03
   6.8221448e-29   7.2111759e-53   1.1859842e-05   3.6195370e-15   1.4546037e-24   3.6602323e-21   8.1303774e-27   3.9183435e-28   3.8616543e-04   4.0947068e-03
   2.7518384e-20   1.5608782e-46   2.2684350e-05   8.3434412e-23   5.4490002e-11   5.9265268e-21   2.4782787e-13   1.6234524e-29   4.3227708e-04   3.4173318e-03
   8.3162867e-22   8.8292533e-32   2.4650112e-05   1.8032894e-07   6.3940229e-06   1.9372105e-14   9.3290905e-05   1.2701190e-19   2.4849963e-04   3.1441286e-03
   4.1883717e-24   1.0740374e-29   1.4849086e-05   1.3762197e-10   1.0141105e-04   2.1574202e-05   8.9656114e-05   1.6291091e-18   4.5459205e-04   2.9046049e-03
   4.9277403e-18   2.7678727e-29   2.5685483e-05   8.4241682e-09   8.7947769e-05   2.7781039e-05   1.3100381e-04   1.1211473e-13   4.7404382e-04   3.0427828e-03
   1.0715644e-15   6.5004219e-22   1.6872862e-05   8.5796206e-07   8.3847851e-06   5.9475342e-06   1.0901088e-04   2.8133217e-12   3.4399732e-05   3.7649526e-03
   4.4867836e-20   3.8405646e-33   1.0201678e-12   2.4943735e-13   1.1818744e-07   2.1832252e-16   2.1597122e-04   4.3109035e-13   3.8508596e-12   4.3164445e-03
   1.5007562e-24   2.0051888e-35   1.7460104e-07   7.1081637e-17   7.2281437e-09   5.0083987e-22   1.0105106e-04   3.9443524e-16   4.2670057e-23   4.9275287e-03
   4.6645398e-19   9.5969630e-33   3.4113141e-11   1.0723168e-07   5.3115969e-11   9.2529969e-13   7.3470370e-20   4.6317430e-21   2.8549059e-21   4.2647639e-03
   1.1549509e-12   1.1321456e-23   3.1576667e-05   9.7745202e-05   7.8762429e-05   1.1907881e-04   5.1772321e-05   2.8814192e-06   4.5685301e-06   2.5236390e-03
   2.0368752e-11   9.9446243e-25   3.9632777e-06   1.5608893e-10   2.8752734e-11   1.4895278e-06   5.7680879e-05   1.6865962e-07   1.2393717e-08   3.5689649e-03
   1.7636805e-10   4.1867540e-38   1.4918090e-20   2.9507393e-13   1.8266780e-10   6.4256885e-11   1.3434406e-04   2.9838980e-08   5.1689208e-18   3.6865213e-03
   1.2778484e-13   1.9740403e-33   1.1498098e-24   5.4956180e-19   8.6811181e-13   1.1711725e-13   1.9737098e-04   5.9843049e-12   1.3564265e-10   3.8212285e-03
   9.3983707e-20   6.5472273e-35   1.9492370e-28   2.6733043e-22   8.4983871e-26   9.4644629e-12   1.1141417e-04   1.8890424e-21   8.9744795e-14   4.6689862e-03
   3.6277607e-19   3.6284983e-37   7.2083703e-06   2.3211092e-10   4.3604173e-19   8.8004845e-06   7.0791867e-05   5.6360209e-13   1.6607185e-08   3.5865985e-03
   6.3801842e-09   6.7556365e-31   2.0626865e-05   3.1328077e-09   1.3765094e-15   1.1596032e-06   8.6245563e-05   7.3548916e-15   1.5666387e-04   3.1831469e-03
   1.0588466e-16   9.9860078e-33   1.9092536e-05   1.0865464e-04   1.5317097e-15   2.0582352e-13   4.1244324e-17   1.2667718e-28   1.5153066e-06   3.4513124e-03
   6.9837079e-19   7.1159773e-31   3.2374096e-05   8.8524738e-07   8.0111215e-18   1.3311857e-17   3.4388171e-08   5.5208698e-26   1.7545771e-17   3.6802268e-03
   9.8502811e-27   1.1287726e-30   3.2865328e-05   5.1459695e-08   9.1472389e-21   5.0062013e-12   8.3617897e-05   8.3890877e-30   1.6373854e-21   3.4423083e-03
   1.3341790e-25   1.2516234e-33   1.3205573e-08   8.5162877e-08   3.5235495e-17   3.2284842e-15   1.5973732e-04   1.9291016e-25   2.7767263e-38   4.0354207e-03
   1.0781340e-16   5.8946237e-28   1.0665781e-05   5.6477691e-12   8.7233585e-14   1.1128918e-10   1.5779960e-04   1.8218665e-17   1.5046635e-26   3.9881278e-03
   1.6063078e-15   1.8635666e-26   3.5552093e-07   1.4985178e-05   1.0927553e-09   8.3037233e-16   2.8469505e-04   9.6347962e-15   6.8519653e-52   3.5727045e-03
   6.7988238e-16   1.9129997e-21   1.3283951e-11   2.6552421e-06   9.9251944e-05   8.1142408e-13   2.4805230e-04   3.4944810e-18   2.2707077e-35   2.9652656e-03
   1.5302471e-20   1.0679883e-32   5.1771926e-13   6.8569124e-05   1.0849249e-04   1.9690790e-24   3.1191511e-04   1.3443043e-13   1.6594342e-46   2.8130616e-03
   5.7487869e-20   2.0212849e-31   1.1258141e-17   2.2506325e-05   1.0154785e-09   1.3321195e-23   2.5286409e-04   6.7568090e-12   9.7524265e-39   3.9292882e-03
   1.2293003e-23   5.3544128e-42   2.5059159e-15   1.0413778e-19   1.1121386e-24   7.1572240e-24   5.6161406e-05   5.3157648e-21   8.5719595e-38   4.2457638e-03
   2.8752298e-30   5.7419085e-36   4.5941086e-07   2.6655269e-26   5.1210080e-32   2.2273061e-26   4.3798497e-05   3.3108656e-29   2.0902774e-36   4.8360683e-03
   8.9357324e-26   1.1124410e-41   8.9741728e-07   2.2096935e-06   1.0911901e-24   2.5287414e-22   1.3053728e-04   1.1327901e-22   1.0787646e-29   3.9882923e-03
   4.0659583e-16   1.0454346e-25   3.5989491e-21   1.5659150e-04   1.7755263e-20   3.7543146e-15   1.3336888e-04   1.3339979e-14   7.4646741e-26   3.1040595e-03
   4.7960946e-15   2.3163879e-27   1.4016515e-09   6.5022788e-05   9.8690890e-16   1.0080588e-11   2.2238964e-04   4.8098445e-13   7.9646531e-26   3.2460614e-03
   4.7271816e-19   8.4120992e-34   3.9632794e-12   1.5088739e-04   2.7402289e-17   1.3267729e-11   3.2137629e-04   1.9677499e-12   4.6741668e-10   2.4765188e-03
   9.2101991e-26   7.9036475e-30   4.6086095e-12   9.9745499e-05   7.0029614e-16   9.0614068e-12   2.3480850e-04   4.8712845e-18   1.4119179e-09   3.2015330e-03
   3.6222083e-37   1.6512112e-41   1.3925466e-06   2.5276343e-04   2.7174187e-27   6.3068137e-19   9.6211100e-05   2.9726245e-30   5.1162783e-21   4.3014626e-03
   6.6410337e-28   5.7738330e-47   4.1885381e-05   2.2686084e-12   1.4995912e-24   7.6141218e-20   2.4724113e-12   3.9788991e-34   5.4066567e-24   4.5081710e-03
   7.6553904e-34   7.4004508e-43   5.6602294e-05   6.0584444e-04   2.6080176e-11   2.6061475e-24   2.8229508e-18   7.1106177e-34   1.5328084e-37   3.7247265e-03
   6.7237528e-25   1.7461002e-54   5.8330980e-05   5.1198229e-04   1.9504829e-13   6.2101902e-28   2.2945907e-04   1.9236779e-36   2.4047819e-23   3.0181325e-03
   1.1707934e-17   4.3875029e-42   5.3318824e-05   5.5613439e-05   1.7548834e-10   5.6206972e-25   4.8367758e-04   5.2672764e-35   2.6819652e-39   2.8847563e-03
   1.6930274e-19   4.4588038e-45   6.0768243e-05   4.3912743e-04   6.8237603e-11   2.4752882e-19   3.9284388e-04   1.9996811e-28   1.2202133e-33   2.8509877e-03
   2.2513980e-19   1.3097023e-39   6.3872727e-05   7.6220457e-04   4.1555414e-05   1.8149604e-07   1.5786829e-04   4.6224419e-21   5.1541177e-21   2.2009996e-03
   2.6992291e-24   7.7638624e-42   4.4021626e-05   4.2597204e-04   2.8396242e-04   4.5454397e-07   2.2867283e-04   4.7661447e-16   1.1994453e-21   2.2332873e-03
   3.2139276e-26   9.3782117e-40   2.7345256e-05   7.4557065e-04   5.0181891e-07   2.2722007e-16   1.2204972e-04   9.3823605e-18   5.8711769e-34   2.8571092e-03
   6.4864635e-25   2.2966540e-31   1.6684232e-05   4.6120140e-04   1.3651519e-19   7.7577816e-15   1.9717365e-05   5.6202156e-26   1.0131000e-33   3.1066964e-03
   9.5402250e-24   1.7764832e-41   3.2176252e-05   5.0944872e-04   5.3369827e-12   7.4283528e-16   3.9537791e-08   9.4242652e-13   9.2649020e-34   2.8898556e-03
   7.3441516e-17   1.2331831e-43   7.3097524e-05   4.7531040e-04   2.2394634e-11   1.8668359e-14   9.7322024e-05   1.3057353e-14   1.6691434e-21   2.6806028e-03
   2.6408325e-19   3.2806486e-39   4.0963876e-05   2.1762128e-04   2.6102926e-15   6.7499726e-18   1.6144295e-04   6.0733031e-24   7.7460614e-31   3.5569505e-03
   1.8824670e-32   7.3779434e-45   6.2178799e-05   3.9066292e-04   5.5656073e-20   4.4100438e-19   1.9289196e-04   7.2415292e-15   2.5495050e-32   3.4807139e-03
   9.2079489e-39   8.3492729e-41   6.6651037e-05   4.0226915e-04   5.0885855e-25   4.8755164e-13   1.7579900e-04   1.1334817e-11   1.4391177e-25   3.4578599e-03
   2.1726179e-40   1.1955417e-44   3.1333037e-05   3.6457781e-04   9.6591184e-16   5.1867623e-13   1.3317336e-04   1.4548184e-11   2.4513059e-20   3.6834567e-03
   5.3324671e-25   9.4287199e-39   5.7009409e-05   3.6927145e-04   2.1399754e-15   5.6065004e-06   2.0986322e-04   3.7344586e-09   1.6252504e-04   2.3647374e-03
   3.6746681e-13   2.0643081e-33   1.1549830e-04   4.7003171e-04   4.1798287e-06   1.0498539e-05   1.5731614e-04   2.4343739e-10   3.5860109e-04   1.6843819e-03
   2.4548584e-12   2.0154632e-39   9.7539751e-05   4.1602281e-04   7.2029149e-09   1.0018652e-07   5.1029356e-05   2.0783267e-17   2.6745365e-04   2.1884582e-03
   4.2656079e-18   5.8044139e-35   1.4224025e-04   5.0372932e-04   8.8425929e-11   3.4815038e-06   9.7734976e-05   8.7240389e-20   2.6332393e-05   1.9557323e-03
   2.6749007e-32   1.9070761e-42   1.5534738e-04   5.2198066e-04   5.0674401e-11   1.1467929e-11   3.2490431e-04   2.3114962e-26   2.9580962e-09   2.0191726e-03
   4.0243107e-27   1.3970362e-52   6.4149805e-05   5.0398533e-04   2.8360013e-15   8.3379704e-16   4.1317746e-04   1.4871210e-23   1.7253773e-11   2.3135315e-03
   1.8653756e-18   2.8944928e-37   6.4991046e-05   4.6537719e-04   4.1895280e-12   2.9745067e-13   2.3810683e-04   7.9848472e-17   2.9576859e-20   1.9606972e-03
   1.7466026e-17   1.6496192e-31   9.1729750e-05   4.0205533e-04   3.8599526e-13   3.3936525e-05   1.4125754e-04   1.1824298e-14   6.5856096e-11   1.5187424e-03
   8.6467378e-16   1.8788636e-20   9.0231618e-05   2.8202787e-04   2.7175870e-11   3.8587369e-05   1.9024731e-04   1.5016006e-05   1.1538205e-15   1.2979844e-03
   3.7684812e-15   6.0724645e-31   5.2385498e-05   1.6023880e-04   4.8878095e-05   1.6118198e-05   2.5402560e-04   8.8597946e-06   5.7472188e-10   1.1536929e-03
   4.9541812e-17   1.6995842e-32   1.2456516e-04   3.3988729e-04   2.5058315e-05   4.0186050e-15   1.4271251e-04   6.4707128e-16   1.4706457e-04   1.3913918e-03
   1.2041818e-19   7.4593564e-37   1.0670823e-04   2.8000284e-04   1.0775804e-05   4.8511181e-17   1.3185282e-04   1.5048150e-12   2.0549143e-05   1.8034939e-03
   1.0489856e-21   9.9834934e-33   1.2916924e-04   1.6864860e-04   2.6039869e-08   2.0340767e-14   9.7669550e-05   6.9379380e-12   3.5692089e-05   1.6543654e-03
   1.6322633e-13   1.1237676e-34   1.2657366e-04   2.6441267e-04   1.7272434e-09   2.7921913e-15   2.5314986e-04   2.1891035e-07   1.5745225e-04   1.1831396e-03
   2.9984763e-05   3.7532389e-29   1.2486274e-04   1.2353331e-04   2.6166917e-10   3.6025825e-13   2.6373286e-04   1.0334433e-06   4.4295321e-05   1.4665898e-03
   1.4391508e-06   1.1499411e-42   1.1982502e-04   5.6661667e-06   8.8955687e-15   9.2127024e-19   2.7182639e-04   2.2519741e-13   3.8615837e-10   1.8750287e-03
   7.9912603e-09   3.1092147e-28   1.2694156e-04   2.5336652e-05   3.4772839e-09   1.1033985e-14   1.7747287e-04   1.1834789e-09   1.5188653e-04   1.5864666e-03
   1.5237048e-17   4.2250815e-45   1.1582055e-04   3.0920757e-05   2.9472306e-16   3.6856623e-19   9.4065276e-05   1.7887802e-19   3.5005543e-04   1.7401934e-03
   2.7988045e-06   1.0122782e-37   1.5453415e-04   6.8382201e-05   1.3758638e-14   3.6209261e-19   9.1960110e-05   1.7125524e-16   4.1416621e-04   1.5571431e-03
   1.0504488e-04   1.0851593e-31   1.8568804e-04   8.6972235e-05   7.3642600e-19   2.0400875e-16   5.1609143e-05   4.6631186e-21   2.9781988e-04   1.3889798e-03
   1.8496169e-11   1.7102859e-22   1.2648851e-04   5.9311490e-05   2.6616466e-24   1.7128897e-16   5.4086220e-05   1.0804983e-12   4.0427306e-07   1.6677530e-03
   5.6764095e-30   1.8202010e-19   4.1626101e-05   2.1728932e-05   5.8725540e-16   2.2112689e-14   1.7638166e-04   1.5216917e-12   9.7489336e-05   1.5430969e-03
   2.4561722e-20   5.8998618e-19   2.8884486e-05   7.2828719e-05   1.3249569e-13   1.7966100e-11   2.3969816e-04   1.8278441e-09   3.2264384e-05   1.5056133e-03
   5.6603199e-12   1.4014812e-16   4.6489528e-05   7.3904135e-05   6.4972488e-15   4.2118492e-13   1.3996317e-04   5.1895882e-07   1.8589269e-11   1.4535187e-03
   1.6229582e-09   2.0930489e-13   7.1688304e-05   1.3844172e-07   4.7983731e-14   2.1727630e-18   1.1978235e-04   5.9440807e-07   7.9432493e-24   1.4041185e-03
   3.6173514e-16   1.7001459e-12   9.3154866e-05   2.9928507e-05   8.9262230e-23   1.6467450e-15   1.4263738e-04   5.5012268e-07   1.1987303e-12   1.1560061e-03
   4.1564614e-19   5.0289424e-27   8.9883614e-05   7.4253834e-06   7.0249880e-17   1.4641134e-19   1.6698042e-04   1.2934058e-20   8.3058335e-12   1.3595942e-03
   1.0418876e-06   3.9942601e-33   5.5274922e-05   3.0664903e-07   4.0162686e-20   3.1329040e-22   1.4527602e-04   3.6695742e-26   8.1735255e-14   1.6819196e-03
   7.8277018e-06   7.7639489e-32   4.7495432e-05   4.3540615e-05   8.9891468e-25   3.9703114e-19   7.9286726e-05   1.4336396e-19   7.9998420e-07   1.5640418e-03
   1.5925490e-05   1.1943676e-27   6.3601015e-05   4.2172816e-05   2.8060994e-19   8.1168832e-14   5.9280069e-05   1.3583872e-08   1.0086349e-04   9.3748510e-04
   1.0988929e-15   2.7706374e-35   4.6390739e-05   9.6908005e-07   2.1436880e-29   4.1805155e-12   1.2775748e-04   9.5797600e-08   1.3555237e-04   8.8147518e-04
   6.4158685e-05   1.1369245e-37   2.3528953e-05   5.4621900e-05   7.1795712e-22   2.8187718e-11   1.4693939e-04   6.0683196e-07   8.8597675e-05   9.9047608e-04
   7.9272783e-05   7.4376605e-39   2.4875146e-05   4.4254969e-05   3.5276480e-15   3.7062864e-08   1.8346398e-04   6.1597001e-07   7.2468688e-05   8.8137614e-04
   8.7775775e-06   4.3806165e-35   4.2571765e-05   5.9685507e-05   4.5109782e-14   1.0130644e-05   1.8470559e-04   6.4108533e-10   8.9440845e-05   7.1251280e-04
   1.0287386e-16   1.2592681e-36   4.7955638e-05   1.7304466e-05   5.6419133e-22   1.4495836e-08   1.3520040e-04   1.3891546e-18   1.0534279e-04   8.4083099e-04
   2.6659056e-15   2.6072597e-32   3.6520539e-05   3.6201996e-05   3.1789387e-20   1.1120688e-11   1.2253235e-04   1.0478182e-20   1.4091526e-04   8.0926948e-04
   1.1393503e-13   2.9470381e-25   2.0159628e-05   2.4615875e-05   2.7279349e-10   5.6334268e-07   8.5858926e-05   8.3465333e-16   1.6071533e-04   6.8124066e-04
   3.0486946e-18   6.4395960e-24   2.9862084e-05   1.5379903e-09   1.0178147e-15   2.5815912e-07   8.9507739e-05   2.0436098e-16   6.8624380e-05   7.4051512e-04
   4.7869313e-19   1.6672183e-25   1.7931169e-05   3.7481381e-23   1.4896433e-22   1.1694253e-11   7.5349899e-05   2.8266782e-15   2.5245129e-06   9.8995871e-04
   3.3925656e-12   2.2651295e-23   1.9797664e-05   6.6940930e-14   5.5047381e-29   4.4467638e-08   9.4642165e-05   2.0546747e-14   1.9009670e-10   9.2747655e-04
   3.0142023e-06   1.5424832e-24   3.8059842e-05   1.2969070e-14   9.5793684e-22   7.3297804e-07   9.8708485e-05   2.7392402e-13   5.0800876e-05   7.6834336e-04
   8.5217589e-12   3.9651839e-23   5.7850516e-05   4.2953148e-13   1.3003464e-14   1.0523296e-05   5.8492524e-05   4.1968196e-13   7.8103476e-05   6.0758806e-04
   1.5849672e-12   5.6388372e-25   4.6343291e-05   2.1667812e-09   2.1715496e-16   1.4098247e-05   8.9844757e-05   2.7592432e-11   1.4895077e-09   5.7499532e-04
   1.2629197e-10   3.2812430e-40   3.4343393e-05   4.9704567e-18   2.8418315e-25   9.7010415e-06   1.0542276e-04   1.5369622e-11   3.4106142e-20   7.6512304e-04
   5.1291984e-10   1.7074980e-27   2.0968895e-05   2.9272831e-24   6.5302585e-20   7.1935213e-06   6.6496680e-05   3.4279388e-09   8.7300474e-15   7.7467676e-04
   1.1576063e-11   1.7807281e-22   2.7573506e-05   3.0161596e-17   5.6924119e-17   2.0234072e-05   5.2213379e-05   1.8500636e-07   1.6582468e-05   6.7261223e-04
   2.0532878e-21   2.4390731e-19   3.7122344e-05   5.1627055e-15   1.9148592e-16   9.6134658e-06   5.8869291e-05   6.6778000e-06   3.7388553e-05   6.1040465e-04
   8.9976788e-22   9.6667320e-28   2.2945258e-05   6.2018226e-12   1.5322476e-10   1.9909750e-05   5.3412641e-05   1.3246927e-05   2.7439669e-05   5.8438755e-04
   3.7866012e-14   8.5614045e-19   2.8658069e-05   2.9539223e-07   1.9674541e-05   4.6245154e-05   6.2790744e-05   3.7853951e-05   7.7598590e-05   2.7837074e-04
