   5.1590167e-03   1.4144587e-04   2.6078182e-04   1.0418826e-04   4.5059141e-04   1.4957970e-04   4.7206623e-03   3.2453511e-13   2.9109399e-14   9.9391687e-05
   4.3824026e-03   1.2802527e-04   1.3773585e-04   1.3547819e-04   4.7982984e-04   5.7953409e-06   6.3251764e-03   9.5376976e-05   4.2824192e-07   1.1734339e-04
   2.8536089e-03   8.4403057e-05   5.4194860e-10   2.7617367e-04   3.1943584e-04   1.5601233e-28   6.3502613e-03   1.0790547e-04   2.2374109e-04   1.4995440e-04
   2.0748110e-03   1.2952854e-04   1.1849296e-12   1.3394036e-04   2.1970009e-04   8.6122946e-11   4.4814894e-03   1.9145571e-05   1.4964617e-04   1.0985917e-04
   2.1047994e-03   6.9275961e-05   1.1535154e-06   8.4257886e-06   1.4372717e-04   4.3859496e-09   3.0193261e-03   1.3238780e-04   5.6262053e-05   1.8633828e-05
   2.1424977e-03   4.5259314e-05   3.3803345e-05   9.2014801e-05   1.1042352e-04   4.7805351e-09   1.4240574e-03   1.0345007e-04   8.8624062e-05   3.0164132e-05
   3.2669938e-03   1.3844533e-04   1.9980977e-05   8.2957795e-05   7.4303010e-05   5.1082675e-06   8.9422701e-04   1.0388342e-04   1.3469853e-05   4.7668241e-05
   4.3621364e-03   1.6996620e-04   3.9883524e-05   2.5740813e-05   5.0786062e-05   8.1220984e-16   6.1737286e-04   7.1042978e-05   2.1076420e-05   1.4035273e-04
   6.6054706e-03   1.5008648e-04   1.0115149e-04   1.2118613e-05   3.4981354e-05   2.8950523e-13   3.7164450e-04   3.9826250e-05   9.2028427e-05   9.9426664e-05
   1.0021348e-02   6.1037162e-05   1.0644504e-04   3.5113868e-13   3.9431250e-05   1.2567198e-12   1.3018877e-03   1.9256016e-04   6.4212208e-05   8.0328332e-05
   1.3218074e-02   1.0070515e-04   1.1762666e-04   1.8338900e-22   6.0646508e-05   2.6658277e-13   2.0614152e-03   1.1071969e-04   2.4600369e-04   2.7295941e-05
   1.7762284e-02   7.5761281e-05   7.4276035e-05   3.0803854e-10   5.5137185e-05   3.3455961e-11   2.8861506e-03   2.0300003e-04   5.3908038e-04   4.9950453e-05
   3.2033666e-02   9.2211680e-06   4.5119655e-05   1.9750120e-07   2.9533889e-05   1.9044926e-23   4.4721521e-03   1.2410296e-04   1.0500757e-03   1.7586722e-05
   5.8579722e-02   1.2096427e-23   6.8287858e-22   4.7924226e-04   5.4255599e-05   1.5112234e-40   2.7649804e-03   2.7636058e-04   9.8592791e-03   8.2497378e-07
   9.4464951e-02   2.6444597e-55   1.3163938e-38   5.5425786e-03   3.6590725e-07   6.5997164e-51   1.7368881e-03   7.9964924e-04   2.5936504e-02   1.9809192e-33
   1.3646395e-01   7.0603070e-51   7.5950841e-28   8.4025754e-03   4.8416476e-06   4.8007013e-45   7.2064953e-07   5.1628181e-03   1.2364187e-02   1.2681924e-30
   1.5890641e-01   2.7811571e-39   2.0876183e-03   1.6199341e-03   5.3022694e-04   1.5542624e-36   2.8374204e-21   6.4274968e-03   6.2011023e-08   8.6763784e-07
   1.0202013e-01   2.2611177e-67   9.5960099e-03   9.5800685e-07   4.1577804e-03   7.6004734e-69   4.5752545e-28   2.7657967e-04   1.5257185e-24   9.1937845e-06
   3.5081407e-02   9.1552731e-71   9.6926892e-03   2.7336938e-17   1.1353469e-02   8.3393298e-82   4.3002114e-23   7.4517816e-50   1.1621009e-34   1.4169440e-03
   1.1254341e-02   3.8712320e-68   1.0429574e-03   7.1346128e-24   1.3875884e-02   3.8444677e-70   1.6878510e-24   1.7369077e-57   3.0653495e-38   6.7710335e-03
   6.6176348e-03   2.3342628e-66   5.4591088e-24   1.3736304e-40   9.8090578e-03   5.1533568e-53   3.0212384e-23   4.3050588e-52   1.5811531e-37   8.9942730e-03
   3.7969902e-07   2.0060113e-48   4.1667260e-25   2.3184352e-54   1.2809198e-02   1.7664154e-51   5.7171104e-31   2.6995931e-50   2.0612574e-45   3.4708594e-03
   3.3600521e-11   4.3547255e-36   3.5596093e-31   1.9392926e-65   1.3264305e-02   5.3098526e-42   2.1862912e-40   4.9064689e-49   2.9345415e-46   2.5383167e-16
   9.7372360e-04   1.3731584e-17   6.9217336e-25   3.5900080e-54   8.4509285e-03   1.1190139e-16   2.1557494e-32   1.0139841e-36   1.5215317e-19   7.3152961e-17
   4.3922134e-03   3.1230181e-07   7.2087950e-23   7.2014524e-54   6.1510754e-03   5.0679785e-04   2.2683010e-34   2.3271112e-33   1.7125274e-03   3.8173128e-23
   7.6055887e-03   1.8944500e-04   2.2296176e-16   7.5609139e-42   3.7134335e-03   2.4716241e-03   7.2769236e-20   5.9803208e-37   1.0594329e-02   1.6313116e-24
   5.2198837e-03   8.9426548e-04   9.8788200e-06   1.9543243e-19   1.4537254e-03   4.3295780e-03   4.1697089e-04   8.1139194e-28   6.2087180e-02   2.4067781e-24
   5.3849423e-03   5.2550678e-03   1.3353132e-04   2.1514170e-19   7.5481113e-04   3.3907815e-03   2.7382359e-04   5.6035356e-17   1.2897790e-01   4.6303031e-17
   6.1186628e-03   8.9008935e-03   3.6003673e-05   1.7893655e-03   7.3439505e-04   1.1562759e-03   1.3861861e-10   2.9073842e-05   1.5820272e-01   2.8425307e-08
   1.1302135e-02   5.2591242e-03   2.1986330e-20   1.3736537e-02   6.4112516e-04   3.9409854e-11   2.6360045e-11   1.3512395e-03   1.0858586e-01   1.0887292e-14
   2.2443822e-02   8.2342389e-04   1.3769401e-33   1.8384658e-02   6.4474601e-04   1.6264399e-26   6.9797666e-20   5.3025810e-03   5.1155996e-02   1.9846513e-40
   3.4163585e-02   1.0085703e-04   1.1409338e-12   5.9182386e-03   1.0835521e-03   6.9764272e-39   6.8108717e-24   1.0153805e-02   2.1416036e-02   6.3267667e-44
   3.2980720e-02   7.1236213e-34   5.5818937e-04   4.3612652e-03   2.0929916e-03   1.0027722e-58   1.9596335e-25   7.3462701e-03   3.5051231e-03   3.1683909e-50
   3.1641186e-02   1.9715308e-09   2.0546954e-03   1.7324636e-03   4.2561532e-03   1.7108783e-58   6.8944917e-39   7.2624633e-04   7.3020107e-08   5.3440090e-38
   2.3705287e-02   2.9659700e-44   9.9424020e-03   1.8345605e-04   6.2123321e-03   2.1701294e-76   4.6581469e-49   1.6039840e-26   2.4429684e-24   9.7672661e-40
   6.2253519e-03   1.4580100e-56   2.3461802e-02   7.6614498e-06   7.2276626e-03   2.7450531e-93   4.8455950e-40   1.1689187e-48   2.8428187e-46   1.3846808e-23
   4.4941874e-05   3.3455894e-57   2.0722233e-02   2.1531027e-06   8.4508498e-03   1.2454992e-97   2.9346419e-35   6.7305607e-57   2.4405633e-48   1.5985028e-03
   1.5578095e-05   6.2501466e-42   3.3007034e-12   6.9231019e-07   9.8672766e-03   6.8817496e-93   4.9411633e-34   8.9470120e-49   1.7798765e-50   1.0570749e-02
   7.4550272e-09   3.7611544e-50   1.6024031e-25   4.6924074e-09   7.6323912e-03   9.6815174e-87   1.0818735e-35   1.0071990e-46   1.2489678e-51   1.8706504e-02
   3.2844236e-05   3.9385404e-47   1.8887187e-21   1.8255687e-13   4.7487276e-03   3.2462421e-63   6.6848467e-27   4.9622071e-33   2.3910622e-42   1.9846235e-02
   2.7921173e-04   1.2331049e-42   2.4261646e-15   4.2233078e-15   3.8633015e-03   1.9336245e-57   1.7726204e-18   8.8568037e-29   4.5223280e-22   1.5220891e-02
   5.1816504e-04   2.6550672e-23   1.9376487e-08   3.2182580e-19   3.6486636e-03   7.1353183e-45   2.0992796e-08   3.2243078e-14   4.8106894e-04   7.5960509e-03
   6.8805591e-05   9.1591063e-21   2.7555354e-08   5.7301873e-18   3.4991844e-03   1.1067607e-33   2.8004087e-09   7.9354455e-11   7.5422405e-04   3.3127785e-03
   6.7650157e-04   2.9170008e-08   5.1829792e-28   2.8373243e-03   3.2142757e-03   1.1802169e-45   2.9216870e-08   1.0741759e-03   1.3510245e-08   2.3076864e-03
   2.6471438e-04   3.3578030e-08   1.3413163e-22   1.3391102e-02   2.7404479e-03   1.1445431e-22   3.7389468e-06   3.9148121e-03   6.2272090e-23   1.7148506e-03
   2.7895904e-05   9.7923763e-06   5.3650497e-16   1.8856660e-02   2.5388214e-03   3.3313325e-10   9.7812056e-09   8.4348267e-03   6.5072426e-26   8.4032162e-04
   1.8908653e-03   9.7950413e-05   1.2465080e-04   8.2429428e-03   2.2413140e-03   3.7512536e-06   2.4625191e-05   1.7408290e-02   1.5121064e-16   1.5844045e-08
   2.5440640e-03   2.1036405e-04   6.2603972e-04   5.4921002e-03   1.8239560e-03   5.3953025e-04   3.4098185e-07   1.9180048e-02   3.6657731e-13   3.0877307e-15
   2.4621026e-03   5.1110375e-04   1.6805301e-03   2.7781520e-03   1.4670233e-03   1.2165216e-03   3.2595018e-07   1.1691959e-02   2.8619191e-16   7.4299515e-14
   4.0346509e-03   1.5848875e-03   3.5796331e-03   2.0401824e-03   1.3252940e-03   1.2894998e-03   5.0092961e-08   4.9568247e-03   5.2021929e-07   1.6330615e-09
   5.6060479e-03   3.4469378e-03   7.5968500e-03   2.3637541e-03   1.5155476e-03   1.5575011e-03   2.8240392e-12   1.5975545e-03   2.4228139e-07   1.4483012e-04
   4.2534988e-03   4.8958301e-03   1.9633109e-02   2.6673825e-03   1.5574837e-03   2.6343593e-03   2.7891502e-13   6.6606483e-04   3.9096526e-15   1.1669072e-08
   1.3263924e-03   8.5511822e-03   4.1782801e-02   2.2720572e-03   1.4437129e-03   3.2427423e-03   2.1963108e-25   4.0721994e-07   2.1232007e-03   5.2716836e-04
   7.1918995e-05   1.6897552e-02   5.1948108e-02   2.1515805e-03   1.1826471e-03   3.5623130e-03   1.6052203e-19   6.5723927e-16   2.3410353e-03   1.3766485e-03
   6.9220165e-18   2.2891552e-02   3.4738412e-02   1.2647924e-03   1.5628385e-03   4.6398423e-03   3.3088987e-18   1.1784764e-11   1.0038621e-03   5.5127086e-03
   2.6804362e-27   5.0752891e-02   8.5807399e-03   3.8950784e-04   1.9879209e-03   1.3138490e-03   5.1753634e-20   5.1059626e-09   9.1947099e-04   1.5583812e-02
   3.2991428e-21   4.7619161e-02   1.5828848e-03   2.5626630e-04   2.0236100e-03   4.8325053e-26   3.5054583e-20   2.7934952e-09   1.2042282e-03   3.0493249e-02
   2.8863219e-14   2.0764239e-02   1.0881360e-04   7.8030194e-04   2.1907292e-03   8.2376277e-35   2.6826675e-16   2.3314135e-13   3.9396242e-04   4.5409285e-02
   1.4440421e-08   5.9122591e-03   1.6329218e-04   5.7894866e-03   1.1767832e-03   1.0772040e-40   2.8726962e-19   3.2471506e-03   1.8803888e-04   6.4577113e-02
   5.4444501e-04   2.8356335e-03   2.3434143e-06   2.6084573e-02   6.0768436e-04   3.1719972e-41   8.6405612e-13   3.3044016e-03   7.0299537e-05   6.4650898e-02
   5.7956192e-06   6.6635544e-09   1.9321219e-23   3.1892940e-02   5.4371796e-04   1.5961849e-49   6.9446350e-18   1.9622280e-02   1.4583817e-06   4.3984299e-02
   7.3561834e-04   5.4538425e-18   5.2574519e-04   1.4535869e-02   6.6702246e-04   2.4984665e-28   3.8279835e-12   3.8450851e-02   6.2772398e-10   2.1134521e-02
   1.7825743e-03   9.0398357e-18   1.3637278e-04   1.1695132e-02   6.3113347e-04   8.0699715e-08   1.3017906e-08   5.1857110e-02   7.0772216e-13   9.3424914e-03
   1.8177007e-03   1.8458289e-04   4.3513981e-04   1.2290232e-03   8.3937648e-04   1.0079612e-03   4.7051672e-09   5.0887206e-02   5.3820312e-21   6.1249471e-03
   2.2208941e-03   4.1413211e-04   2.8086542e-04   1.8557801e-12   1.0963296e-03   1.0014081e-03   1.4852687e-05   3.0994062e-02   5.7735040e-34   4.8661917e-03
   3.5650343e-03   4.2246902e-04   8.6876168e-04   1.1095277e-05   1.1897473e-03   2.5407533e-03   1.9954408e-08   1.5219296e-02   2.2336960e-32   5.1367079e-03
   4.0035328e-03   3.1201056e-04   3.7421312e-03   2.7645747e-04   1.1292575e-03   4.7817263e-03   4.4746358e-04   6.1054265e-03   3.4510698e-33   4.4969916e-03
   4.3375120e-03   3.0696565e-04   9.3151011e-03   9.7777556e-04   1.1659928e-03   6.4728458e-03   7.4115748e-04   2.5870419e-03   1.6002793e-36   4.1879706e-03
   5.2089981e-03   1.8405805e-04   1.1354445e-02   9.7428866e-04   1.1174747e-03   9.4825312e-03   5.4213901e-04   1.3664506e-03   4.1266686e-20   4.8764812e-03
   1.6324511e-03   3.3377827e-07   2.7882175e-02   1.0552943e-03   8.6951931e-04   6.7678440e-03   2.0138622e-12   1.1289964e-03   1.3994313e-03   2.7992621e-03
   1.0489741e-03   9.6060070e-21   5.3480720e-02   2.1298961e-03   2.5766672e-04   8.6286992e-03   6.0828690e-19   3.4795577e-10   3.1708923e-03   1.5241743e-03
   7.5727964e-08   1.4669432e-30   5.5846590e-02   2.8231253e-03   1.4848462e-04   1.0136414e-02   2.2338884e-19   2.0323750e-25   2.7456302e-03   4.9330029e-03
   2.1615341e-11   4.3163938e-41   2.9085022e-02   9.0411914e-03   1.0409353e-03   1.6403817e-02   7.9195436e-09   7.2154971e-04   6.1643964e-04   9.3117782e-03
   1.4739179e-21   8.0914296e-22   7.2162596e-03   2.7308626e-02   1.0978650e-03   2.8266449e-02   1.5213435e-16   6.3009158e-04   3.1684029e-09   1.8299062e-02
   1.0198054e-28   2.4798701e-04   8.8435651e-16   3.9932764e-02   9.8510079e-04   3.0187995e-02   3.0092970e-31   3.2223662e-03   5.8687865e-11   2.5225376e-02
   2.5306324e-19   3.1440444e-13   8.1310618e-22   2.7469660e-02   9.3550451e-04   3.7624547e-02   2.8596012e-16   6.2004886e-03   4.4616202e-07   2.6935157e-02
   2.3023056e-11   8.2377287e-04   1.2564030e-04   5.0393216e-03   8.3501570e-04   3.8847060e-02   7.0372402e-05   1.2439099e-02   9.3872089e-05   2.7217331e-02
   3.7107684e-10   1.7073970e-03   8.6114394e-10   7.1506111e-03   5.5510899e-04   4.0925323e-02   5.0574693e-04   1.7998333e-02   2.0928925e-05   2.7510559e-02
   5.1043825e-12   2.9386701e-03   4.4745733e-05   9.4382661e-06   4.5403779e-04   4.3391442e-02   8.4318951e-04   2.3409833e-02   8.2804659e-05   2.5053759e-02
   3.4548155e-06   3.9790046e-03   2.3253916e-04   1.2652614e-14   4.1155425e-04   4.3098992e-02   5.3962850e-04   1.9494076e-02   3.2975158e-04   2.2310430e-02
   4.0559220e-04   1.1558925e-02   9.6901735e-04   3.3101491e-19   3.8057144e-04   4.2253395e-02   4.8690227e-04   1.0613268e-02   5.6591386e-05   1.5758591e-02
   7.3415346e-04   2.3440672e-02   1.3656625e-03   4.5378306e-04   5.7592417e-04   3.5093474e-02   4.9108240e-04   3.9539777e-03   8.1588732e-09   9.1829551e-03
   1.2308285e-03   2.6853366e-02   8.8391084e-04   5.4060664e-04   6.1038980e-04   2.4886327e-02   5.7973520e-04   1.3910973e-03   4.5978646e-08   3.2587437e-03
   8.4566755e-04   5.1126554e-02   1.2094164e-03   2.9281537e-04   9.2552956e-04   1.5175671e-02   2.7694936e-05   1.2367525e-04   7.2122455e-06   1.2745308e-03
   6.6377531e-04   5.8659237e-02   3.8865017e-03   4.9551688e-04   1.0179098e-03   7.2266238e-03   3.2672941e-14   3.3529289e-15   2.8933008e-04   2.3343727e-03
   1.1279087e-03   3.5101428e-02   6.5858713e-03   1.1817741e-03   1.0138773e-03   3.2202212e-03   9.0714535e-15   2.8381452e-22   9.1187476e-05   1.2688598e-03
   6.2011158e-04   1.1637144e-02   1.0800237e-02   2.0658451e-03   1.2344169e-03   1.7077066e-03   6.4894081e-08   5.1928629e-10   6.8275394e-12   6.4391447e-04
   1.0535555e-04   3.6440246e-03   2.8407411e-02   6.6202940e-03   9.5736796e-04   2.8351326e-14   1.7767490e-09   5.4170439e-04   1.3854986e-14   6.6978684e-07
   1.4425616e-08   9.5420958e-04   3.6559418e-02   1.7012160e-02   8.6955781e-04   2.5934801e-17   1.0371382e-18   8.6962613e-04   2.3998562e-25   1.1393297e-18
   4.7487442e-07   1.5781132e-15   2.7551367e-02   2.3101905e-02   8.5778945e-04   3.0858544e-08   3.1082179e-20   3.0186061e-03   8.8463477e-24   6.8797696e-05
   1.4462673e-04   1.5382044e-04   1.2222624e-02   1.5453275e-02   9.7350070e-04   5.4435086e-03   1.2454664e-15   6.6969422e-03   8.9684535e-16   6.3710400e-04
   1.1408969e-03   3.0967780e-04   5.3903102e-03   4.4089126e-03   9.2008940e-04   6.0018560e-03   2.7666438e-14   1.0250188e-02   3.2629336e-11   2.0208564e-03
   1.0423775e-03   1.2459954e-04   1.9279713e-03   6.0020767e-03   9.2183262e-04   5.5113926e-03   2.0097453e-18   1.6584357e-02   1.2865908e-12   2.9385333e-03
   1.3083707e-03   1.8583889e-06   5.8598638e-04   1.2040589e-03   9.9941328e-04   4.2925251e-03   1.4369357e-05   1.4717120e-02   2.5298388e-12   4.1476411e-03
   1.4712894e-03   1.3508579e-04   1.1454479e-03   1.2986529e-07   9.0520674e-04   7.1807836e-03   8.0508164e-05   1.3417512e-02   1.4888893e-14   5.3357084e-03
   1.6311125e-03   2.1358009e-09   6.3477345e-04   3.0135277e-13   9.4957669e-04   7.0849793e-03   1.9763228e-04   1.1206304e-02   4.7087649e-13   4.6490271e-03
   2.2061803e-03   1.4180556e-04   2.3791350e-03   4.0084775e-26   9.4711376e-04   1.0281775e-02   1.1177736e-04   9.1558852e-03   9.5419778e-10   3.6154479e-03
   2.3323775e-03   3.7889053e-04   4.3938770e-03   1.9613664e-17   1.1524093e-03   1.0742288e-02   1.4455541e-04   4.7304136e-03   3.2540478e-04   4.7341717e-03
   2.3154902e-03   4.9257543e-04   4.3679034e-03   1.0824745e-21   1.1824369e-03   1.0854288e-02   2.4356810e-04   1.7209649e-03   1.5556123e-03   4.3989643e-03
   2.3044237e-03   3.0211259e-04   3.9527516e-03   4.6305619e-11   1.2294387e-03   1.5699205e-02   2.1621075e-06   1.9754724e-04   1.3457007e-03   3.1383451e-03
   1.7059060e-03   3.6848809e-04   2.9255085e-03   1.1144226e-03   1.4814261e-03   1.5196777e-02   1.9635925e-14   7.2830904e-04   3.8528275e-04   1.8912908e-03
   1.6070019e-03   4.4915948e-04   2.3202365e-03   3.6146442e-03   1.4443825e-03   1.4654000e-02   6.0050513e-10   9.3519108e-04   1.5803878e-05   9.6217649e-04
   1.3000531e-03   3.1224649e-04   4.1553669e-03   1.0022154e-02   1.3114510e-03   1.8118009e-02   1.0253886e-15   3.0209028e-04   4.8066220e-05   5.3226559e-04
   1.3778376e-10   9.0117284e-04   3.5197252e-03   1.9983854e-02   1.3292591e-03   2.1042848e-02   7.8373885e-30   2.4989235e-03   9.8989798e-08   3.3428102e-06
   5.1748773e-15   4.9961172e-04   1.0473728e-02   2.1145563e-02   1.2310507e-03   2.0419074e-02   3.6897511e-30   2.1744737e-03   1.5388764e-18   5.8558928e-09
   8.8121187e-12   2.2369713e-03   2.2675661e-02   1.0304078e-02   1.1954044e-03   1.9394455e-02   6.5812411e-15   4.7317203e-03   1.4073054e-05   7.5570498e-12
   1.2545374e-14   5.6306689e-03   2.7185111e-02   6.8881747e-03   1.2794118e-03   1.8136754e-02   7.2248151e-06   8.8154145e-03   1.3492123e-05   3.4563417e-12
   1.6059337e-14   7.8182894e-03   1.4589159e-02   2.8418792e-03   1.4540688e-03   2.0747583e-02   8.8821202e-09   1.6539136e-02   5.7541689e-07   6.4395173e-20
   7.1804279e-20   1.2825815e-02   3.9565927e-03   1.8820626e-05   1.4344781e-03   1.7386096e-02   6.5437565e-12   2.7926036e-02   9.6041485e-07   1.2168952e-10
   1.8246663e-16   2.9574412e-02   1.0765670e-03   2.3983575e-08   1.0397300e-03   1.4984335e-02   2.4842728e-23   2.5234589e-02   3.4633743e-10   6.1610983e-09
   2.0946174e-13   2.0833883e-02   1.4323779e-04   4.0838637e-20   1.0860977e-03   1.0625672e-02   8.3875142e-08   2.5548432e-02   1.2191051e-16   4.2573809e-05
   1.8071098e-11   4.0263438e-02   5.2623721e-06   9.1894368e-14   1.3788524e-03   5.8631729e-03   3.6090659e-04   1.7911333e-02   1.8813253e-06   2.7378382e-05
   2.3813319e-09   4.6897596e-02   2.1288717e-05   4.7332205e-14   1.4491471e-03   2.4734485e-03   7.3224866e-04   1.0967160e-02   3.3534619e-04   2.8770675e-04
   4.5659498e-06   2.8658754e-02   4.9922015e-06   5.2978774e-24   1.4297282e-03   5.2617774e-32   5.8306870e-04   8.1094555e-03   1.0776816e-04   5.2975830e-04
   2.2781023e-05   1.2423192e-02   5.6755467e-04   2.0720753e-15   1.6747967e-03   2.1468382e-03   1.2241525e-03   7.9460971e-03   1.2494767e-15   6.4910791e-04
   2.6981973e-04   4.4106991e-03   1.1742856e-03   2.7634994e-10   1.6646157e-03   2.0582970e-03   1.7950340e-03   5.3221622e-03   5.3200308e-11   4.5155757e-04
   3.2934572e-04   1.4572815e-03   8.9685945e-04   7.6999633e-03   1.7508702e-03   2.6820895e-03   1.7271559e-03   1.1673810e-03   1.0908449e-07   6.2833543e-04
   4.3089891e-08   3.4270309e-04   7.4007604e-07   1.9215325e-02   1.6926386e-03   3.1672606e-03   1.2056879e-03   8.9110224e-04   1.9466738e-05   7.4842929e-04
   3.6577514e-09   2.6835546e-04   7.0052046e-11   2.1326822e-02   2.0217714e-03   2.8272653e-03   3.3992463e-09   1.6316751e-04   3.2928939e-07   8.4450090e-04
   2.1406764e-04   1.8287649e-04   5.2005650e-11   1.1877510e-02   2.2427602e-03   2.8819602e-03   4.8992868e-04   1.9683676e-03   1.0592406e-07   5.6846001e-04
   9.6681572e-04   1.7366813e-04   4.6729108e-04   2.2362355e-03   2.0900252e-03   3.2261499e-03   2.0640006e-04   1.3209433e-03   3.3660187e-08   1.8817474e-05
   9.7908368e-05   1.7467689e-04   1.2754554e-04   3.8052594e-03   2.2156891e-03   3.4184078e-03   3.4686537e-04   1.2089796e-03   7.0428429e-09   3.9379132e-14
   1.1160660e-04   4.1063909e-20   1.7703208e-03   2.9634539e-03   1.9385476e-03   3.7529444e-03   2.5805673e-04   2.2027232e-03   3.0165436e-07   3.1204430e-13
   9.4341624e-05   2.2303164e-21   2.0470670e-03   2.2365020e-03   2.1449351e-03   3.0418051e-03   6.9297223e-04   3.0701672e-03   2.1558603e-06   5.1989449e-21
   8.7328972e-05   5.8063122e-05   2.4221198e-03   1.3216802e-03   2.4463820e-03   2.5494239e-03   6.5583585e-04   3.9752536e-03   5.0309013e-07   2.5643233e-26
   2.4426120e-04   1.3269092e-04   1.4798278e-03   1.1421476e-07   2.2589373e-03   3.1769656e-03   8.7610190e-04   3.1411292e-03   1.0263444e-03   1.6511613e-32
   1.4397855e-05   1.9001918e-04   1.5394076e-04   1.4855294e-04   2.4919153e-03   3.4500367e-03   7.0836769e-04   1.7448463e-03   4.9140871e-03   9.5801802e-21
   2.6748922e-04   1.2608472e-04   2.3363071e-11   3.8820660e-04   2.4049899e-03   3.4703108e-03   4.8261132e-04   7.7831736e-04   5.1843227e-03   3.4135257e-21
   6.7020885e-05   2.6736017e-05   7.9046190e-18   4.0519715e-04   2.6321805e-03   3.7929763e-03   4.2349287e-04   3.8634080e-04   3.1273416e-03   4.0669280e-22
   6.6325837e-06   8.1591594e-05   8.6929710e-13   2.6192922e-04   2.8327768e-03   3.7429802e-03   2.7288542e-04   5.6451232e-04   2.1623069e-03   5.4029841e-18
   7.4103352e-08   6.7788971e-05   1.4665403e-18   6.0009721e-04   3.1792821e-03   3.5663383e-03   5.2216539e-04   1.5276851e-04   6.0003277e-04   3.8987909e-17
   4.6697675e-14   1.0229122e-04   9.6014341e-22   2.0900250e-03   3.8429765e-03   3.2712731e-03   8.1027277e-05   2.4201564e-09   2.5289778e-04   1.5749047e-16
   1.1966313e-15   3.4309831e-05   3.5603624e-18   5.3610832e-03   3.8118183e-03   2.9499496e-03   4.0338065e-07   3.5079179e-08   4.8272676e-04   1.0662436e-12
   1.3534863e-17   3.8158065e-04   2.4451633e-15   7.9266332e-03   3.5871621e-03   2.3576539e-03   7.5837750e-06   1.8641278e-16   9.1643950e-04   6.4982204e-11
   2.1019138e-16   1.0599868e-03   9.5274922e-17   5.0306446e-03   3.4499145e-03   2.3462322e-03   4.3217608e-05   2.0456044e-10   7.3221521e-04   1.3313892e-08
   9.5729057e-11   1.1750171e-03   2.2231269e-09   3.4295246e-04   3.8634748e-03   1.6609124e-03   6.9041373e-11   7.4447843e-13   3.1734330e-06   4.0682786e-11
   1.7996965e-07   1.7058915e-03   4.3192778e-10   1.6558841e-03   4.1619335e-03   1.5829421e-03   1.0262023e-25   1.3609739e-07   3.5172047e-09   3.8653630e-13
   1.0419378e-04   3.6904456e-03   1.7594796e-06   4.4132330e-04   3.9830714e-03   6.7958604e-04   1.0989519e-23   2.0009018e-10   2.9111629e-07   5.5681174e-13
   1.5577452e-04   2.6957195e-03   8.7111075e-09   3.0846889e-14   3.8708434e-03   7.4837228e-04   6.6691940e-10   1.0942620e-05   1.1734749e-07   1.2180321e-15
   3.3115092e-08   5.2451748e-03   2.2594061e-04   1.2399379e-13   3.7103279e-03   2.5332836e-16   4.3045648e-14   5.1421890e-04   7.2161961e-03   7.1369206e-22
   2.5458029e-10   6.4829995e-03   1.1474661e-03   9.6232518e-31   3.1714173e-03   3.5984623e-14   5.1525071e-17   1.0289764e-03   1.7522391e-02   1.6017659e-26
   3.7036658e-12   4.5861350e-03   1.1888455e-03   9.2364716e-21   2.9020688e-03   3.0277955e-44   7.5921862e-10   1.1682667e-03   1.5158695e-02   6.5353936e-40
   2.9281415e-05   2.2649652e-03   1.0321926e-03   8.2832078e-15   2.9885441e-03   2.7714982e-26   1.2876986e-08   1.6012457e-03   5.5698116e-03   3.6963703e-40
   3.0642152e-06   7.6133062e-04   8.2848556e-05   1.2629919e-17   3.6398761e-03   3.3798415e-33   9.1170867e-09   8.7397592e-04   1.5056791e-03   5.0616866e-36
   1.6068724e-06   1.8537126e-04   3.4114837e-11   3.2893794e-10   3.4375285e-03   2.0127659e-16   5.7233859e-13   2.5261543e-05   5.8249687e-04   1.7734607e-46
   1.0606990e-07   1.8753070e-08   3.4737899e-15   3.5469490e-04   3.6542303e-03   2.2355218e-10   3.7000639e-24   9.0829437e-08   9.2101809e-04   1.3629255e-39
   7.9776144e-07   6.4989127e-23   5.3930605e-32   1.3165474e-03   3.7311068e-03   1.1323535e-10   8.7178668e-19   1.3524629e-16   4.7983172e-06   3.3709684e-48
   1.3201972e-05   1.2702994e-40   1.7008065e-40   3.3989685e-03   3.8062567e-03   7.9241742e-09   1.4913236e-09   2.5120054e-22   1.2310086e-10   7.2844055e-45
   3.7044203e-11   5.9610245e-60   3.2005450e-39   4.3927805e-03   4.1758605e-03   2.2091971e-10   5.0001383e-25   8.9077160e-29   1.5178204e-15   2.7706189e-38
   1.3178273e-17   2.7908064e-42   3.7312737e-26   2.5159184e-03   5.4864443e-03   8.5585598e-16   3.7255480e-40   5.4382081e-34   1.2506114e-17   7.7432761e-37
   3.2184491e-19   1.7902190e-22   1.6945658e-16   3.6434848e-05   6.7619814e-03   5.4133819e-20   4.8048892e-49   1.5080216e-29   2.7818643e-16   1.6167963e-34
   2.2565807e-13   3.0634862e-22   3.9192597e-19   4.9356345e-04   6.4248892e-03   2.5047515e-13   4.4675264e-42   2.5042314e-26   4.0045306e-11   1.0162415e-31
   2.3038938e-10   1.4048591e-24   1.4503451e-20   5.1849667e-17   7.6377630e-03   4.3594671e-12   3.0197904e-46   3.8928932e-27   2.7189299e-11   1.1714928e-28
   6.6587272e-13   1.7991676e-36   1.0281850e-16   1.6577014e-18   8.9504797e-03   1.5140942e-15   2.4659992e-44   2.0318337e-25   1.8173788e-03   5.7805387e-31
   1.3581118e-13   2.7928258e-22   1.7524494e-12   4.2469728e-19   7.3012283e-03   6.2016689e-09   2.0901482e-33   5.6298037e-16   5.8943753e-03   2.0999006e-30
   4.7980138e-11   1.9765439e-14   2.9391092e-08   1.6221001e-30   5.8732623e-03   6.7022739e-04   4.8595287e-28   2.0703273e-04   8.2900629e-03   4.5579491e-28
   1.2433568e-11   6.0123218e-49   4.9100031e-09   1.3473006e-14   4.9000978e-03   1.1012054e-03   1.5781881e-36   1.1010680e-03   5.1488514e-03   1.6688980e-19
   1.0226059e-09   1.0037787e-30   5.5815593e-04   8.4356329e-26   4.6214756e-03   6.5288297e-04   1.9802702e-33   7.7994032e-04   5.1369966e-03   1.6162001e-14
   9.8445323e-16   5.5633619e-23   1.2475658e-03   6.4799872e-20   4.8928544e-03   8.4342565e-04   8.6272084e-29   6.1276463e-05   7.7778743e-03   4.5400859e-14
   2.1829013e-16   5.6024323e-06   8.6810582e-04   4.4255171e-16   4.9889931e-03   8.5765758e-04   5.0381444e-33   3.1451971e-15   1.1320694e-02   9.6518236e-21
   2.2258587e-15   1.5762774e-04   4.6923806e-04   7.3641153e-05   5.0956180e-03   1.5823228e-04   1.3288303e-32   1.0398540e-17   1.1308342e-02   1.6053284e-28
   3.2928177e-17   2.4993205e-04   5.0649037e-04   1.5126406e-03   4.4467482e-03   1.4174702e-03   4.3068151e-30   7.0141292e-18   1.0557626e-02   4.9297378e-39
   3.5695801e-25   8.4399910e-04   1.5818336e-14   4.4209273e-03   4.2528497e-03   1.1810281e-03   1.7482766e-30   5.3650581e-22   7.6262834e-03   1.3365758e-35
   6.0831425e-14   1.3471577e-03   2.9756862e-24   5.4708496e-03   3.9320925e-03   1.2552348e-03   6.2172755e-27   3.6883954e-22   5.4696681e-03   1.8282945e-44
   3.0609873e-15   1.5200634e-03   3.9458800e-21   2.8342281e-03   4.2637032e-03   1.6625054e-03   1.0328274e-33   9.5252037e-19   3.3856163e-03   5.4883380e-37
   2.8294668e-11   3.6066553e-03   1.4945485e-24   1.3014352e-03   3.9456304e-03   4.2052518e-05   4.1796087e-41   1.1129208e-11   2.0529020e-03   4.5781853e-31
   7.8095241e-16   2.5822645e-03   1.6476456e-14   1.6377600e-03   4.1230884e-03   1.0906765e-03   2.5535271e-29   6.4662184e-09   1.8715798e-03   2.1763719e-34
   4.5426463e-19   4.1733612e-03   3.6285842e-12   1.4828644e-03   3.5841794e-03   1.2873573e-29   1.4875652e-25   6.8216249e-05   5.5725635e-03   2.4563478e-32
   4.0429414e-20   5.5452334e-03   7.9287296e-12   5.0354652e-04   4.6361839e-03   1.9304273e-10   1.7717930e-25   3.9909559e-08   6.6016352e-03   1.0902253e-30
   1.2142152e-09   4.8947373e-03   1.7549806e-08   1.0270523e-04   5.0822596e-03   1.6275461e-35   1.3303186e-25   4.2344142e-04   4.3019963e-03   5.0232374e-26
   2.7688983e-11   2.8637704e-03   5.9908458e-12   2.2887136e-11   6.6690203e-03   7.3060035e-17   2.2357071e-44   3.2649702e-04   3.9662014e-05   5.3052154e-25
   4.9038347e-09   1.2396588e-03   7.5554878e-08   7.0220547e-21   6.6463195e-03   9.5744731e-10   1.7035419e-58   3.1223357e-04   1.6136293e-10   1.3778271e-23
   5.7395698e-16   3.7501630e-04   2.8761322e-08   3.1923492e-17   8.0161160e-03   2.6096983e-13   6.1805882e-57   4.5242040e-10   5.2070960e-16   5.3491866e-17
   1.9690292e-12   6.0791094e-05   3.3121778e-09   9.7914514e-15   6.4396971e-03   5.0163681e-05   6.0053792e-45   4.4494130e-10   2.4501717e-12   3.1296332e-11
   7.3594196e-10   1.1588829e-09   2.4456376e-04   3.8565498e-09   5.7809116e-03   2.7182342e-04   4.1304999e-28   2.3846105e-10   1.0853021e-12   1.1672602e-15
   2.6266887e-11   9.8575723e-55   1.5254962e-03   3.0343286e-04   5.8249032e-03   3.7686010e-04   3.6274999e-44   3.4427570e-14   8.3075225e-10   2.3278686e-14
   6.1828368e-12   8.3878130e-47   1.9670734e-03   3.6435837e-03   5.0222637e-03   8.0139200e-04   5.1914879e-45   4.9534125e-17   1.6804569e-18   7.0236359e-05
   6.2279826e-14   8.6181536e-47   1.2092772e-03   7.4121288e-03   5.7041134e-03   5.0109620e-04   2.2349750e-42   2.5764861e-19   7.9444786e-09   1.1833225e-04
   1.8596333e-13   4.9845598e-07   5.9348580e-04   7.9774586e-03   5.3388434e-03   5.7541878e-04   3.2284512e-38   3.2277563e-08   6.8903968e-17   3.9860774e-04
   1.6046717e-16   1.6085838e-24   1.9424313e-04   4.8065614e-03   5.5657525e-03   1.0601773e-03   1.0924820e-35   1.6165681e-11   3.9850679e-10   3.9242017e-04
   7.1905947e-14   1.3106736e-10   1.8838331e-17   4.3963272e-03   5.6320207e-03   1.2800789e-03   7.2415931e-43   8.4442468e-11   3.7657127e-04   1.2426679e-06
   7.7152348e-20   2.3853657e-05   1.0704965e-10   3.3760952e-03   5.2511580e-03   1.2629337e-03   1.0766534e-30   1.7008162e-05   8.5062169e-03   2.0733987e-15
   4.8480174e-29   1.0575971e-04   1.6325121e-17   2.4063678e-03   4.0787634e-03   1.6882173e-03   5.0202260e-33   8.9323962e-04   1.7766826e-02   1.0139239e-21
   3.4953907e-29   1.7871964e-24   4.0611094e-13   9.7839534e-04   4.3402665e-03   2.6775509e-03   2.0517447e-26   1.6572202e-03   1.6711452e-02   2.5471809e-18
   1.1817555e-22   2.9855910e-04   7.7930969e-06   7.3104018e-04   5.1215436e-03   2.3080053e-03   9.7627408e-32   2.3182959e-03   1.0259709e-02   3.7005098e-23
   9.2442937e-21   1.3992805e-04   9.5816082e-05   4.5429765e-06   6.0045992e-03   6.6010985e-04   2.1742259e-34   3.4041328e-03   6.1607452e-03   6.2186174e-23
   4.3750895e-21   1.0968808e-21   4.2147616e-05   6.3285656e-12   6.7137042e-03   8.0450528e-04   5.1418062e-43   5.1025015e-03   5.1060983e-03   3.1620249e-16
   1.1422010e-24   4.1908285e-04   5.2876968e-07   4.5929367e-11   8.8309198e-03   9.1684689e-04   4.7069270e-48   5.5606144e-03   2.7067902e-03   7.3627065e-14
   4.9854221e-24   1.4345923e-03   6.6724671e-05   9.3898400e-11   8.4239043e-03   3.5248882e-07   5.4041537e-39   5.9043990e-03   1.1335576e-03   5.8522712e-06
   1.9743929e-22   9.9986955e-04   3.0729766e-04   5.7840977e-04   6.8231675e-03   2.3783431e-03   2.4729913e-31   5.7845589e-03   3.5957512e-04   7.5995678e-04
   2.6709226e-21   2.7615603e-03   8.8309371e-04   3.0386008e-03   6.4539741e-03   1.7066149e-03   2.4305804e-35   4.2137484e-03   2.2557413e-06   1.0863243e-03
   6.6162502e-25   5.2657301e-03   2.4523463e-04   9.2159399e-03   5.5583972e-03   3.2917762e-04   8.0459708e-34   1.7435693e-03   3.3817092e-08   1.6323488e-03
   1.7258454e-29   2.3951121e-03   4.5607548e-03   1.1800060e-02   6.0353058e-03   1.7905571e-03   1.8164000e-27   4.7675072e-04   1.3734104e-15   1.4361025e-03
   2.5663065e-21   7.6977982e-03   8.0078906e-03   7.8746927e-03   4.8284140e-03   5.9118808e-24   1.4020835e-16   2.8562626e-11   6.6019167e-14   1.2706685e-03
   2.3736288e-25   3.9163617e-03   7.8156685e-03   3.3796767e-03   4.3502314e-03   9.9428322e-04   8.7122114e-22   2.2258704e-06   4.1533689e-11   1.2046363e-03
   1.5747416e-30   7.8754116e-03   4.6869618e-03   4.5569610e-03   4.1062754e-03   9.2834203e-37   6.9554321e-22   3.7612656e-04   1.0116831e-03   1.6476034e-03
   2.3397762e-28   1.3093723e-02   4.4275396e-03   2.2691639e-03   3.9365945e-03   2.4349690e-04   7.8358999e-21   1.1478776e-04   1.2251394e-03   2.5223951e-03
   5.2412895e-22   1.1274706e-02   1.1860116e-03   2.0415283e-03   4.2073931e-03   1.5969064e-07   5.2397335e-06   3.0269147e-04   1.6952723e-05   2.5477253e-03
   1.1520149e-24   6.8515155e-03   2.3060571e-05   1.3909834e-03   4.2981923e-03   1.3166575e-03   2.6298811e-07   1.0908309e-03   5.1034619e-16   2.7361095e-03
   1.6432614e-29   3.1893246e-03   6.1832265e-07   7.5155480e-04   3.8339951e-03   2.6118051e-03   2.1353196e-18   4.2503368e-04   4.6495043e-18   2.4895308e-03
   9.1400296e-31   1.5634841e-03   1.7020020e-07   2.7524790e-05   3.8208293e-03   2.8029841e-03   9.1106155e-12   2.3751883e-03   3.0771059e-19   2.0869552e-03
   1.4172476e-19   4.8866338e-04   1.8549346e-04   4.5365931e-06   2.9735049e-03   2.1148149e-03   7.6276253e-06   3.2138100e-03   3.8856773e-12   4.6677847e-04
   2.5446580e-22   6.3163027e-05   4.5799543e-04   1.4246657e-07   2.8212812e-03   1.9931587e-03   1.7262370e-11   3.7120378e-03   2.9075288e-14   4.3261158e-04
   9.2038146e-18   1.3651170e-05   9.4046826e-04   3.5604633e-08   2.9440896e-03   2.5974599e-03   3.4025821e-23   3.5536839e-03   6.7803176e-20   5.4693406e-06
   1.5366523e-17   1.5800532e-37   5.8171395e-04   3.1261157e-04   3.1856954e-03   3.2364956e-03   2.3695592e-11   3.0209312e-03   1.2973369e-23   7.6041020e-04
   3.8331343e-25   5.1802759e-05   7.8857518e-04   1.3541341e-03   3.1194640e-03   3.1254630e-03   1.3111476e-12   1.6117476e-03   8.9048714e-33   2.1763226e-04
   3.7512433e-17   8.7193702e-05   3.7399909e-04   3.3443496e-03   2.9230728e-03   1.8734362e-03   8.4055354e-05   1.5375966e-03   6.9634758e-39   1.2516826e-03
   1.4323851e-19   6.8410577e-05   4.7456096e-04   5.5436849e-03   2.4790092e-03   2.2650017e-03   1.0407392e-03   1.3961130e-03   2.3082024e-36   1.4816426e-03
   1.3657796e-16   2.4916519e-17   5.7226408e-05   4.9006296e-03   2.3571331e-03   3.0866437e-03   1.5795453e-03   3.2008391e-05   6.4389142e-14   1.4109839e-03
   1.3341219e-11   2.1008931e-04   7.8976533e-04   1.6565588e-03   1.8823413e-03   2.4851279e-03   1.0228247e-03   5.8391454e-04   1.1233345e-03   2.1490164e-03
   4.8029812e-18   1.6624995e-04   1.9608158e-03   1.7590581e-03   2.0749776e-03   1.1834601e-03   3.4364983e-04   3.3767495e-04   1.2222478e-03   2.0759852e-03
   6.9226458e-19   1.0084301e-25   2.6113468e-03   1.2959295e-03   1.8344879e-03   1.9313184e-03   3.2696288e-04   1.5159819e-04   1.5233486e-04   2.2607291e-03
   6.0624097e-14   2.5613361e-04   1.5852773e-03   1.2250570e-03   1.6871268e-03   2.2487701e-03   3.1061809e-04   6.8298745e-04   3.1882588e-12   1.8259475e-03
   1.3034981e-13   2.8596641e-04   1.4192089e-03   4.1864531e-04   1.5901563e-03   8.2411722e-04   6.1069082e-04   1.2168044e-03   2.1298999e-12   1.6375299e-03
   4.1284231e-24   2.0484854e-04   1.3261027e-03   3.0252154e-04   1.6823057e-03   1.1006254e-03   8.4490847e-04   1.4743360e-03   4.4573367e-16   1.9566052e-03
   3.5397617e-25   2.7749782e-04   2.1948821e-04   5.0925373e-05   1.9396356e-03   1.9243945e-03   6.7742459e-04   1.2766427e-03   5.1347516e-16   1.5565780e-03
   3.8681474e-24   9.9420622e-04   2.6435433e-06   3.3170038e-06   2.0697175e-03   1.0026264e-03   9.2761067e-05   1.9830391e-03   1.9874520e-17   2.8782133e-03
   6.3613107e-18   9.0967272e-04   9.9632108e-06   1.7406330e-06   1.4584081e-03   1.2456445e-03   2.6114004e-08   2.8456730e-03   1.3357771e-11   3.9902086e-03
   3.4723051e-11   1.0620305e-03   5.1136440e-10   7.8884479e-07   1.6267722e-03   1.8286226e-03   1.4179299e-04   2.9709229e-03   1.0916496e-14   3.3817566e-03
   6.0096601e-17   1.9525874e-03   1.8758082e-05   1.2462980e-04   1.6980429e-03   4.7032750e-04   5.8471710e-04   2.5795030e-03   3.3468060e-19   2.6411257e-03
   3.7449567e-15   1.0222696e-03   9.6158943e-05   8.1664475e-04   1.7750601e-03   1.3446410e-03   4.7289420e-04   2.0135841e-03   2.2361574e-22   1.7472121e-03
   1.3670156e-11   2.5962034e-03   2.0358692e-04   3.0385095e-03   1.8120778e-03   2.5535694e-04   1.2963788e-04   9.7551312e-04   1.3118511e-18   5.2140587e-04
   1.3533499e-09   1.7349182e-03   4.8115220e-04   4.3421325e-03   1.5463589e-03   8.4582697e-04   6.8316373e-06   5.8865029e-04   2.6716062e-18   3.8374279e-04
   7.6271757e-11   2.0228917e-03   6.8312099e-04   3.1635146e-03   1.5673537e-03   8.0718757e-04   2.7117612e-04   1.6438628e-04   6.3708309e-04   5.2593190e-04
   9.7458787e-12   3.4641062e-03   2.8672810e-04   7.6019429e-04   1.9304106e-03   7.2647017e-04   6.9413872e-04   4.8990978e-04   1.4378660e-03   8.2907145e-04
   1.3090995e-14   3.1926961e-03   4.5361637e-04   1.3221685e-03   1.9452520e-03   8.6792413e-04   7.0406135e-04   1.4475265e-13   7.2167852e-04   1.5262425e-03
   2.1842869e-11   2.1272609e-03   4.1348195e-06   1.0095289e-03   1.4782629e-03   7.3362856e-04   5.5572478e-04   2.8169485e-04   3.4905427e-04   1.7019775e-03
   2.6851681e-11   1.0322451e-03   8.8456078e-04   6.6615608e-04   1.5452429e-03   9.8389856e-04   6.7978450e-04   7.4281233e-06   5.6311995e-08   1.8654776e-03
   2.4530773e-11   4.5615605e-04   1.9136803e-03   5.9171096e-04   1.2797210e-03   1.3260043e-03   1.6695327e-03   4.3734711e-04   1.5805044e-07   2.4430944e-03
   8.6963747e-14   1.3471636e-04   2.1030166e-03   6.2066862e-04   1.3541304e-03   1.2511216e-03   9.6967014e-04   6.5754749e-04   3.9785087e-07   2.7029451e-03
   6.5676967e-18   3.5913506e-05   1.1984241e-03   2.2111096e-04   1.6947949e-03   5.8879176e-04   1.5089478e-04   5.3366184e-04   7.3776484e-09   2.8567882e-03
   9.0838545e-10   6.0020221e-38   1.3861632e-03   1.2384819e-04   1.5340782e-03   4.3989408e-04   4.9544663e-04   1.4285827e-03   1.9464026e-06   2.8080440e-03
   3.2721924e-10   9.7626748e-44   9.9297222e-04   7.0059908e-05   1.2930177e-03   8.1300172e-04   1.6911399e-03   2.1984685e-03   1.6392859e-04   3.0584481e-03
   7.9836625e-11   7.4509920e-27   3.3486869e-05   5.8471169e-05   1.5839787e-03   1.1343257e-03   1.5784496e-03   1.7546187e-03   5.3564854e-05   3.0708927e-03
   1.1178630e-10   3.2664421e-19   7.6157467e-05   8.5005587e-04   1.3406274e-03   1.3605677e-03   1.0725947e-03   1.8472679e-03   4.4295944e-05   2.9458152e-03
   2.8441878e-12   6.3705391e-16   7.3086338e-05   1.3679246e-03   1.8179243e-03   4.3105846e-04   4.6743849e-04   1.3617932e-03   5.9816987e-08   3.0157961e-03
   7.2581057e-20   4.2080912e-12   4.4575130e-15   3.0081195e-03   2.2192115e-03   5.4391490e-04   4.4566903e-04   1.4762047e-04   2.2550917e-04   3.7848145e-03
   9.2871715e-18   1.0279009e-04   1.7338547e-12   3.7937866e-03   2.2625248e-03   9.9343015e-04   1.4172740e-04   9.1952762e-16   2.7363515e-03   4.5147566e-03
   3.2775291e-11   4.3455817e-05   5.5421823e-04   2.8351342e-03   1.8904711e-03   7.2294476e-04   7.6375929e-06   6.3917991e-10   4.0982242e-03   3.8159005e-03
   8.6526268e-08   6.6674040e-05   5.9721897e-04   9.2256735e-04   2.2769224e-03   1.0944633e-10   5.0288603e-06   9.7438021e-14   2.9985944e-03   2.8412193e-03
   1.9923828e-10   1.0521276e-04   1.3291228e-03   1.1439770e-03   2.2602295e-03   1.2033166e-03   4.0016989e-04   3.3876165e-05   1.7352308e-03   1.4800169e-03
   5.8309597e-13   2.6818707e-04   1.2546563e-03   1.2072630e-03   2.5397634e-03   1.1668665e-03   4.9640352e-04   5.8742939e-09   8.0996714e-04   1.3144609e-03
   1.1826761e-06   2.6558529e-04   8.1675002e-04   6.2600367e-04   2.5556201e-03   2.3952343e-11   5.3472989e-04   1.0599475e-04   4.5973036e-04   1.6675738e-03
   3.9290804e-06   8.6134652e-05   1.2602417e-03   5.9374753e-04   2.6903969e-03   8.2572201e-04   1.6020340e-05   3.2198807e-04   9.3999953e-05   2.5487197e-03
   1.5943939e-07   8.0814002e-04   1.0449448e-03   3.9755106e-04   2.6566653e-03   1.0649960e-03   2.9124082e-04   3.4509199e-04   3.3400122e-06   2.8815785e-03
   3.2118564e-08   7.7737019e-04   2.8773561e-03   5.7679946e-05   2.2849006e-03   3.4029354e-34   8.9072509e-05   7.5396626e-04   1.5966596e-07   3.0474262e-03
   1.9792341e-08   6.8183641e-04   4.0635265e-03   9.6466634e-05   2.2844788e-03   1.3006788e-03   1.5926699e-16   3.3639707e-04   2.4210682e-11   2.9848012e-03
   1.3089331e-05   1.4277579e-03   3.8809912e-03   5.6963588e-05   1.9257764e-03   1.4973899e-03   2.6938531e-05   1.1407448e-03   3.0508542e-09   3.1142452e-03
   3.6411567e-07   5.8990643e-04   2.0001833e-03   3.4043171e-06   2.5885212e-03   9.8929144e-05   2.3276875e-06   1.4887227e-03   5.0242812e-15   3.2763734e-03
   1.0787085e-13   1.9603902e-03   2.4809399e-03   8.2986369e-04   2.7085880e-03   1.0933536e-03   3.8925011e-04   1.7202591e-03   6.6164860e-19   3.2715766e-03
   3.6129768e-15   1.4836762e-03   1.8987924e-03   1.8901009e-03   2.6529751e-03   3.4470031e-04   1.0617530e-03   1.8006446e-03   5.8596905e-06   3.3503911e-03
   6.2359344e-26   2.0872372e-03   9.5892399e-10   4.4358315e-03   2.7070754e-03   1.0980963e-03   2.3670413e-04   8.1382129e-04   2.8296374e-03   4.1599822e-03
   6.5659108e-12   4.5036367e-03   1.3124519e-06   5.5145347e-03   2.0583738e-03   1.4730987e-03   2.3339124e-04   4.1734129e-04   5.9688389e-03   3.3448801e-03
   1.9369875e-13   4.7901814e-03   1.3426297e-04   3.0634918e-03   2.6053482e-03   1.0994789e-03   5.5294459e-06   4.4574819e-17   4.0987527e-03   2.4079171e-03
   1.3066609e-07   3.6830031e-03   7.5577775e-04   1.2088700e-03   2.9270295e-03   1.0444242e-03   3.5110322e-05   6.5979157e-15   1.4622519e-04   2.5037674e-03
   2.4057835e-04   2.1949953e-03   6.6356691e-04   1.5021458e-03   2.7090029e-03   7.7603379e-04   1.4051514e-05   1.5977621e-05   9.0341230e-14   2.3929322e-03
   2.2084553e-05   1.0620753e-03   1.2362749e-03   1.5455006e-03   2.4550420e-03   9.7865644e-04   1.9479547e-05   2.0829811e-06   2.0848214e-19   2.1613036e-03
   3.7939498e-07   3.9045160e-04   1.0615099e-03   7.6182276e-04   3.1750028e-03   1.4117975e-03   3.3413371e-06   6.4980172e-07   2.7084450e-21   2.6945121e-03
   2.5123785e-05   4.8739933e-05   2.2751545e-03   9.5771080e-04   2.7708969e-03   1.3080391e-03   1.0694510e-04   3.0296208e-05   7.8219453e-13   1.5871307e-03
   1.7185253e-05   8.5520043e-19   2.0828563e-03   7.7669940e-04   3.1602245e-03   7.3911215e-04   1.7094076e-04   6.8095726e-04   2.3394686e-13   1.0869024e-03
   2.4239317e-05   1.2778110e-09   1.6187593e-03   4.0956831e-04   3.4201666e-03   1.9144832e-04   7.7433664e-06   7.7773915e-04   3.1967708e-15   1.7645822e-04
   5.1412663e-07   8.6615952e-21   1.5974117e-03   3.1202446e-04   2.7964153e-03   6.4446761e-04   1.1763386e-04   1.4580103e-03   1.1238635e-07   1.0451433e-03
   2.9657484e-08   4.5710478e-18   4.2204349e-03   3.7301499e-04   2.9452704e-03   1.2355886e-03   2.3454049e-04   8.6032662e-04   6.7590922e-05   4.7592762e-04
   8.6368205e-11   9.3305259e-12   7.0522711e-03   2.7679377e-06   3.8796965e-03   3.0801450e-04   3.1920259e-15   7.7689511e-04   7.3121226e-13   9.9393921e-06
   6.6362956e-07   5.0420833e-28   6.9118722e-03   8.0537515e-04   2.9133575e-03   5.9600026e-29   1.4069794e-16   1.5400015e-03   7.6837470e-04   6.0203562e-04
   1.1149065e-11   1.7012200e-04   3.2809213e-03   1.9491604e-03   2.0489776e-03   9.5703254e-04   2.9450061e-04   2.4236636e-03   4.6323025e-03   5.1377316e-04
   5.7099014e-13   1.6178665e-04   2.1898354e-03   3.8164757e-03   2.7460833e-03   1.3263272e-03   1.2971819e-04   2.1528463e-03   7.0977331e-03   8.3105407e-04
   4.0546455e-16   1.4822981e-04   2.8544777e-03   3.9729443e-03   3.2864609e-03   3.9148398e-04   9.5614507e-05   1.1225431e-03   5.0062013e-03   1.0607008e-03
   2.1963152e-13   2.7010917e-04   1.4477696e-03   1.5458003e-03   3.1291451e-03   1.0751866e-05   4.1483063e-04   1.3522197e-04   2.1042161e-03   1.0446328e-03
   2.9699226e-05   5.0459877e-04   1.5409421e-03   1.2796767e-03   3.1759117e-03   1.3016669e-03   5.5772235e-04   1.0002272e-06   4.5029732e-04   1.0171107e-03
   6.2690312e-04   8.9755672e-04   1.2003217e-03   1.5592027e-03   3.1818166e-03   1.5335488e-03   7.2041760e-05   1.2128049e-12   1.0503250e-07   1.3169067e-03
   6.7317539e-04   1.4020573e-04   1.3809448e-03   1.1780790e-03   2.7991987e-03   1.6102687e-37   3.1201931e-07   9.0607634e-04   2.9313526e-04   1.0110457e-03
   1.2779655e-03   1.9395343e-03   1.4267512e-03   8.0486428e-04   2.3327251e-03   1.8521597e-03   2.8520481e-05   1.1077846e-06   1.2944992e-03   9.4174848e-04
   1.2663362e-03   1.9027439e-03   1.4739104e-03   9.5438627e-04   2.5776382e-03   1.5280093e-03   4.4590866e-06   6.5868571e-04   6.5460723e-04   9.8958330e-04
   1.8347124e-03   2.1710568e-03   2.4153570e-03   7.0355219e-04   2.2050105e-03   7.9495779e-17   7.1931867e-04   7.1442374e-04   2.6341719e-04   6.3091549e-04
   2.0317967e-03   2.8147869e-03   2.6728535e-03   5.3448839e-04   1.9272298e-03   9.0291550e-04   1.1324160e-03   1.1262337e-03   3.6791885e-04   8.1770201e-04
   2.3404594e-03   1.9615735e-03   2.5710439e-03   4.8092723e-04   2.1468858e-03   1.3852598e-03   5.4505407e-04   1.3021696e-03   4.2299673e-04   1.3302809e-03
   1.5342914e-03   2.8777970e-03   2.2507534e-03   6.5241897e-04   2.6172621e-03   2.3516991e-04   7.0359386e-04   1.1330961e-03   9.9857290e-05   1.1348234e-03
   1.1564128e-03   3.4191242e-03   1.2652636e-03   4.3179204e-04   3.1037250e-03   9.7544657e-04   4.1964891e-04   8.6492491e-04   5.2115369e-04   1.2578478e-03
   2.4737329e-04   1.3328427e-03   2.3007961e-03   1.2577995e-03   2.9853728e-03   1.3255813e-06   2.7762775e-06   1.5293958e-03   2.7473133e-03   5.4511466e-05
   1.3183691e-10   5.0580917e-03   5.2295382e-03   2.0337159e-03   2.9838771e-03   7.5622852e-21   5.7643007e-07   9.1427163e-04   5.3016041e-03   9.3538705e-04
   4.7541335e-06   5.6698421e-03   6.8447526e-03   3.1479866e-03   2.6901654e-03   4.4632824e-12   1.8348588e-04   7.4190546e-04   2.8761996e-03   3.4484031e-04
   1.1190070e-10   4.2002185e-03   3.9314973e-03   3.0681673e-03   3.3433492e-03   1.6859196e-04   2.3477085e-05   4.2331937e-04   1.9441002e-04   3.8549976e-04
   7.6033397e-09   2.6033711e-03   1.4818329e-03   1.0792135e-03   2.6518125e-03   1.0181128e-03   3.8644196e-04   6.9544937e-04   1.3930089e-04   1.0146672e-03
   1.3773814e-10   1.2313857e-03   3.0206435e-03   1.2344215e-03   2.5388800e-03   3.5514738e-04   3.9125580e-04   1.4538895e-04   5.1283983e-06   8.3986040e-04
   3.1602210e-07   5.2445731e-04   1.9248535e-03   1.2824345e-03   3.0638604e-03   3.4151721e-25   3.7157478e-07   2.7276980e-09   9.0808922e-06   1.4150967e-03
   3.6963195e-10   2.7489484e-04   5.1906652e-04   8.5830941e-04   3.4297302e-03   2.8300609e-17   1.1241156e-06   5.7166857e-12   8.0512994e-08   1.8452528e-03
   6.0946275e-07   7.8060798e-05   5.3861920e-04   6.3591464e-04   3.1543182e-03   1.1178714e-04   1.0855980e-04   2.0589756e-05   2.2480760e-06   1.7535091e-03
   5.0967822e-04   9.6524550e-28   2.3402343e-04   6.4990816e-04   3.1843781e-03   1.3577431e-04   2.5756798e-04   1.7256672e-04   3.4636977e-05   1.6254952e-03
   6.3806499e-04   5.0999323e-05   3.8809805e-04   8.3971045e-04   3.0332173e-03   7.1632889e-18   9.9813116e-04   6.8011424e-05   6.4984016e-04   1.7046655e-03
   4.1141582e-04   1.4838688e-04   3.4564263e-04   3.7553906e-04   2.5193357e-03   4.7549075e-05   1.3393260e-03   1.1335495e-03   9.4899761e-04   2.1978156e-03
   2.4063419e-04   2.4298531e-04   8.4924327e-04   4.9352735e-04   2.5668883e-03   3.2607902e-04   9.6575184e-04   6.7509297e-04   8.1413505e-04   1.4920581e-03
   8.6350375e-04   2.8547660e-07   1.8074949e-03   2.1923485e-04   2.0549369e-03   4.6861146e-04   1.3025439e-03   1.6059383e-03   3.0992718e-03   1.5168554e-03
   3.6640432e-04   1.1426121e-04   1.8315551e-03   4.0255820e-04   2.0625927e-03   8.5982095e-17   8.9361760e-04   1.8013989e-03   6.3253107e-03   6.3974195e-04
   4.1468407e-05   3.4857237e-04   1.4092821e-03   1.4446410e-03   2.0430650e-03   2.0174925e-04   6.9572428e-04   1.7341326e-03   9.0197380e-03   1.1171202e-03
   1.5258958e-08   5.0904091e-04   6.4120071e-04   3.1715270e-03   2.0295435e-03   8.1813552e-04   7.1548250e-04   2.2213936e-03   6.2374352e-03   1.6559586e-03
   1.7790022e-13   2.6447101e-04   3.1295340e-04   4.9112997e-03   1.9888921e-03   3.4051569e-04   4.9717239e-04   2.4707358e-03   3.5803693e-03   1.2395646e-03
   1.5525540e-12   5.3332513e-04   2.7432517e-04   3.9449488e-03   2.2767999e-03   2.8254317e-51   1.1373069e-03   2.0025338e-03   1.9401453e-03   3.4804167e-03
   4.9058404e-13   1.1214131e-03   1.0270588e-03   5.5013534e-04   2.6958935e-03   2.6540148e-04   4.7802885e-04   1.4744536e-03   1.0284748e-03   7.6782774e-04
   1.6440656e-23   1.0722624e-03   1.5568548e-03   1.4558344e-03   2.6631953e-03   6.7823985e-04   1.1196515e-03   6.7989079e-10   1.0223177e-03   1.8147417e-03
   7.3192116e-25   1.3975342e-03   1.8405265e-03   1.4321639e-03   2.8417055e-03   5.3573076e-05   7.8164895e-04   2.0758126e-04   2.1882126e-04   1.6035984e-03
   2.5011168e-20   1.5405611e-03   1.6452989e-03   1.0569811e-03   2.6263054e-03   7.9700310e-04   4.6385748e-04   2.2128583e-07   6.5975173e-10   9.4779252e-04
   4.9307258e-16   4.5346349e-04   2.5613623e-03   6.8507372e-04   2.3555003e-03   1.5430616e-03   2.3740270e-04   8.8428563e-04   3.8696558e-18   1.9034394e-03
   2.3489952e-17   1.7840034e-03   1.5743505e-03   1.0863722e-03   2.2801310e-03   2.7543676e-04   3.8517469e-04   1.9604204e-04   2.3195893e-12   2.6222839e-03
   7.3178576e-24   5.2631465e-04   3.3504321e-04   1.1442840e-03   2.6251580e-03   2.8115707e-04   3.8597469e-04   6.5989907e-04   1.2961166e-09   2.8760816e-03
   8.3984869e-22   2.1638023e-03   1.0617302e-05   6.5607553e-04   2.4394290e-03   6.9619823e-04   3.8687894e-04   4.0154944e-04   2.0887351e-15   3.5144193e-03
   7.0954353e-26   1.9832559e-03   2.3313896e-08   4.3676841e-04   2.7428517e-03   3.4484862e-08   5.7245442e-04   6.5239105e-04   7.5443812e-04   3.0781735e-03
   2.5354230e-28   1.3412507e-03   9.1166380e-07   1.1320591e-04   3.0514003e-03   5.1694362e-04   3.0062553e-04   4.1892649e-04   3.5311373e-03   3.0893117e-03
   2.3804374e-22   3.4762433e-03   4.8422006e-04   3.3666009e-04   2.2653930e-03   4.7543714e-04   7.0981355e-04   7.5980068e-04   5.5693824e-03   2.5110373e-03
   1.3543009e-20   4.2004047e-03   9.7342732e-04   1.9948675e-03   2.4427159e-03   8.8886247e-05   1.3556329e-03   9.4109148e-04   3.7557874e-03   2.4700358e-03
   1.7144030e-16   3.6838687e-03   9.1800575e-04   4.0409722e-03   2.3136422e-03   4.5589412e-12   8.4914606e-04   1.4963530e-03   2.5815967e-04   1.7238561e-03
   5.4951897e-17   2.3295978e-03   6.2105331e-04   5.8515435e-03   1.8033781e-03   2.7472525e-09   5.6830594e-04   1.8406338e-03   3.4097525e-11   2.0326778e-03
   1.0882997e-12   1.1445065e-03   3.7943104e-04   4.3877206e-03   1.4746800e-03   4.3694837e-04   3.5711431e-04   1.6411644e-03   4.6157993e-14   1.7291939e-03
   1.0572089e-14   5.5881490e-04   3.0366318e-11   1.2496028e-03   1.6543740e-03   5.2460249e-04   4.2904515e-04   2.0594412e-03   3.7505627e-13   1.3131906e-03
   5.8127647e-15   1.7659604e-04   3.4894909e-04   2.3431953e-03   1.9931051e-03   3.5926902e-04   3.6532799e-04   4.9731880e-04   5.1290692e-15   2.0084545e-03
   8.0055073e-16   1.1915876e-04   1.2504463e-03   2.0080804e-03   1.5351877e-03   8.5465092e-06   8.6540984e-04   4.7740870e-04   1.7448789e-07   1.4734612e-03
   9.4006455e-20   5.9249227e-05   1.3831890e-03   1.4469104e-03   1.5966025e-03   5.6397891e-06   2.6465176e-04   8.5463822e-04   1.7078552e-08   2.8663948e-03
   2.4171237e-24   2.4767172e-22   1.2951308e-03   1.1692558e-03   2.2209686e-03   3.9222616e-04   1.9548482e-05   1.0939721e-04   8.5121518e-16   2.0572180e-03
   2.4104042e-24   1.0086105e-04   7.8670933e-04   1.5357071e-03   2.1899631e-03   2.6925993e-04   4.3683890e-05   5.9827835e-04   1.2019026e-16   1.8994728e-03
   2.6782402e-17   2.2445151e-04   7.6638568e-05   1.6585091e-03   1.8083591e-03   2.8141174e-11   4.6957937e-04   1.5407116e-03   3.1004633e-29   2.2872573e-03
   2.1210694e-13   1.8490762e-04   1.1977199e-03   7.2867379e-04   1.6526899e-03   6.2771159e-04   8.9555096e-04   1.6765865e-03   8.6671385e-18   8.9085107e-04
   8.8118244e-24   1.0537227e-04   5.7288858e-04   5.5082578e-04   2.2913732e-03   8.1604128e-04   6.1989399e-04   2.4242605e-03   1.5964734e-18   7.9680121e-04
   2.8449539e-24   2.4541667e-04   1.1738409e-04   9.8850183e-06   2.6021719e-03   5.5917136e-04   2.4050422e-05   2.8634017e-03   3.8172049e-21   1.4173966e-03
   1.4066902e-15   5.8490326e-04   4.3679488e-06   5.2434112e-04   2.0447968e-03   1.3869913e-04   5.1593240e-04   3.1156630e-03   2.0078835e-16   1.7323415e-03
   7.8023143e-13   5.5708020e-04   4.7337521e-11   3.7949187e-03   1.5501273e-03   9.9417589e-04   7.3784453e-04   3.0827001e-03   1.1504597e-11   1.4238389e-03
   8.4829683e-19   3.4314071e-04   8.1587594e-10   5.7110339e-03   1.7749890e-03   1.2118042e-03   5.2237260e-04   3.3196951e-03   2.3430577e-16   1.3765538e-03
   2.0873268e-19   1.4057085e-03   5.8263261e-10   6.8732202e-03   1.8251286e-03   5.9498372e-34   2.2727193e-04   3.2606012e-03   1.1373251e-16   1.5036197e-03
   8.3437642e-14   6.9209717e-04   3.0379331e-04   3.4278075e-03   1.3277790e-03   9.0194316e-04   1.2052887e-03   3.6202388e-03   1.6843964e-13   1.1707362e-03
   5.0748705e-13   1.2833324e-03   5.7814501e-04   1.5294350e-03   1.1390002e-03   1.0596936e-03   2.0118838e-03   3.7140032e-03   1.3415582e-25   1.2346400e-03
   7.2694288e-19   1.3470479e-03   3.6343514e-04   2.6629398e-03   1.3818605e-03   2.8466050e-04   1.8029318e-03   3.2810026e-03   6.1841085e-35   1.2482441e-03
   2.6489064e-25   1.0144131e-03   5.7848524e-04   2.5638461e-03   1.2714775e-03   2.0751047e-04   1.6529535e-03   6.3383085e-04   5.9395292e-36   1.4318618e-03
   4.1671260e-17   1.9117697e-03   2.5590441e-07   1.8933471e-03   1.1017213e-03   1.3682112e-03   1.9543941e-03   1.8999579e-03   7.1079182e-30   8.5682849e-04
   1.3199962e-10   1.3051218e-03   1.3728903e-03   1.5610489e-03   1.0267907e-03   1.0203842e-03   2.0734137e-03   1.6623712e-03   6.2223481e-23   7.4829237e-04
   1.6335794e-09   2.2265690e-03   2.6367912e-03   2.1294350e-03   9.4203126e-04   6.9817804e-04   2.0867667e-03   1.3138746e-03   3.4943996e-19   5.0815137e-04
   1.1020260e-15   3.2850335e-03   2.9828007e-03   1.9443559e-03   1.0502803e-03   6.6128918e-04   1.9961694e-03   1.2598993e-03   1.2022822e-16   2.0801464e-04
   4.5628800e-16   8.5123954e-04   2.2818090e-03   1.0597577e-03   1.2062381e-03   7.3881842e-15   1.7079098e-03   1.9372692e-03   2.3488600e-09   6.1638223e-04
   1.6156043e-14   3.9630261e-03   9.9122429e-04   8.6583861e-04   1.2691335e-03   7.5064248e-06   1.0030081e-03   1.5852418e-03   1.3830175e-06   9.7073563e-04
   1.8581649e-12   5.2769745e-03   9.4390343e-04   6.6157650e-04   1.2188417e-03   2.5632447e-08   1.1814996e-03   2.0028101e-03   1.5364536e-12   1.1445967e-03
   1.7289744e-09   5.1523430e-03   7.1157023e-04   3.8362815e-04   1.5193268e-03   3.7208354e-11   1.7363979e-03   2.1894292e-03   4.8533826e-24   1.1352232e-03
   1.6594836e-07   3.5149550e-03   4.0054326e-04   3.6647794e-03   1.4341117e-03   3.0772142e-04   2.4052075e-03   2.3465028e-03   1.6076731e-24   1.9483034e-04
   4.0755264e-09   1.9200154e-03   2.0239132e-11   4.6551381e-03   1.4188540e-03   9.6210734e-05   2.6279228e-03   2.3174030e-03   2.4723435e-38   5.0871370e-04
   1.2516180e-09   1.0076121e-03   4.2172844e-07   4.8241164e-03   1.3755082e-03   3.9867417e-18   3.1785369e-03   2.4547039e-03   2.5817747e-40   3.2021252e-04
   1.9340072e-04   4.9127749e-04   1.1316260e-04   1.1335128e-03   1.1652544e-03   3.4855237e-04   3.1385910e-03   2.3072991e-03   2.0216584e-26   5.7119459e-05
   2.0083889e-04   2.4463424e-04   2.0927169e-04   1.3586292e-03   1.0372944e-03   9.8960229e-04   3.3587439e-03   1.6772621e-03   1.8024309e-12   1.4857050e-04
   3.4436738e-07   2.9656882e-04   2.6217222e-04   8.2919615e-04   1.3767508e-03   3.0046655e-04   2.5067607e-03   2.1116817e-03   1.6031869e-14   1.7327971e-04
   1.8270129e-11   5.3516922e-05   6.6744320e-04   9.9579130e-04   1.0668497e-03   1.9259794e-04   2.5205098e-03   1.8979187e-03   3.2746904e-16   2.4645302e-04
   4.7872982e-12   1.4934064e-04   7.4035425e-04   8.9030124e-04   9.0175785e-04   3.8600506e-04   3.8501129e-03   1.3756129e-03   1.5119246e-13   1.8855116e-04
   9.3535215e-07   1.5461431e-04   1.0590111e-03   8.4669942e-04   7.8086659e-04   9.5326037e-04   3.1307175e-03   1.2218047e-03   1.5024781e-09   4.3064274e-05
   1.3894765e-04   6.5209406e-04   1.1712121e-03   1.0358232e-03   6.5007459e-04   1.1799347e-03   2.6482926e-03   4.6291971e-04   2.7775207e-04   4.9779523e-04
   1.3328527e-06   7.9924287e-04   1.2487996e-03   6.4285543e-04   7.1929002e-04   6.6107320e-04   3.0707961e-03   6.7237982e-04   4.7431032e-04   5.4363805e-04
   4.9715916e-09   5.1798578e-04   2.7369462e-03   7.6141682e-04   6.4560444e-04   4.2414246e-04   3.8120033e-03   2.1959171e-04   1.0675738e-03   4.0763554e-04
   2.5625049e-11   6.9434089e-04   4.0409660e-03   6.9996275e-04   5.8027132e-04   7.5700554e-04   3.5852896e-03   5.9662107e-04   1.4129085e-03   3.0516405e-04
   1.9990072e-15   1.2365629e-03   3.7347361e-03   4.0655368e-04   7.7346583e-04   6.5563852e-04   2.6975965e-03   7.1643615e-05   9.0053315e-04   5.5195244e-05
   1.7163597e-15   1.2344821e-03   2.6137775e-03   7.8200444e-04   6.8682065e-04   6.4957496e-15   2.8429611e-03   5.1018924e-04   5.9275627e-04   1.9807027e-04
   1.9559279e-11   1.5645712e-03   2.3491557e-03   5.3353044e-04   8.2441645e-04   3.9790566e-19   3.3343938e-03   2.3785168e-04   4.2464494e-07   1.6836693e-04
   8.3672539e-15   1.7671370e-03   1.8682080e-03   6.8349042e-04   7.5811134e-04   4.3938171e-04   5.6486732e-03   6.6020438e-04   6.1158324e-23   1.0360638e-12
   5.9227122e-15   1.0435425e-03   1.6301855e-03   1.6482026e-03   7.5230110e-04   8.7656848e-04   4.9146561e-03   6.4189566e-04   2.8341051e-20   2.6696925e-04
   1.3580133e-07   1.6249271e-03   1.3494181e-03   7.5564977e-04   8.0067606e-04   1.6521406e-04   3.7220245e-03   3.1190791e-04   7.9372780e-10   1.8604668e-04
   7.1563689e-07   8.8714037e-04   5.3501451e-04   3.2465615e-04   7.8174463e-04   3.4498152e-04   3.2166842e-03   3.8419094e-04   1.8802806e-05   1.7131556e-04
   1.0441924e-10   1.7799089e-03   4.3105752e-04   5.9681168e-04   7.8180022e-04   1.6445801e-04   3.3905291e-03   3.1855974e-04   1.2538337e-05   3.3845037e-04
   6.8704727e-11   1.1790442e-03   5.9862506e-04   4.2270507e-04   6.8541428e-04   1.2211326e-17   3.3002371e-03   1.7723171e-04   1.9229131e-04   3.5561678e-04
   2.2421769e-11   2.0783518e-03   6.0163773e-04   3.9278499e-04   6.5751237e-04   3.8451776e-20   3.8308211e-03   1.4816644e-04   2.3322818e-04   3.4000909e-04
   7.3289534e-11   1.6828754e-03   1.1414969e-03   8.7733627e-04   4.9376772e-04   6.1593037e-05   5.5405773e-03   4.0953104e-04   1.3636851e-05   4.3324768e-04
   2.2842834e-17   1.1884917e-03   1.4788509e-03   1.0927904e-03   4.7195733e-04   1.1813142e-14   6.5282145e-03   5.3374504e-04   2.8156832e-04   3.7898230e-04
   1.7139671e-23   1.7114688e-03   1.1071765e-03   7.7812572e-04   4.9650025e-04   3.1080849e-05   6.2078749e-03   4.6105602e-04   5.0625064e-04   2.6512477e-04
   6.5903719e-21   1.5029877e-03   1.2460120e-03   6.6151840e-04   4.0753563e-04   1.5862582e-07   4.4829494e-03   5.3127614e-04   1.0661536e-03   4.4908446e-04
   2.0735400e-23   1.0763366e-03   9.3729118e-04   1.2115152e-03   2.9794421e-04   8.5936771e-05   5.1770099e-03   6.4707146e-04   1.1439227e-03   3.0666744e-04
   1.6006070e-22   6.9749252e-04   1.1935093e-03   1.0987428e-03   2.5598371e-04   1.3474458e-04   4.1209606e-03   6.9463653e-04   6.8085504e-04   4.0119355e-04
   8.2546831e-20   4.8518148e-04   1.4294294e-03   1.3967716e-03   2.4684705e-04   2.9809804e-25   3.5875682e-03   7.1072514e-04   1.8524032e-04   5.4419897e-04
   1.1949345e-19   3.6821126e-04   2.2009112e-03   2.8140079e-03   2.7208366e-04   1.4504088e-51   3.0215652e-03   8.7911278e-04   2.3952699e-05   1.9797887e-04
   1.0715308e-20   2.3764667e-04   2.3372153e-03   2.7354818e-03   2.9704248e-04   1.2302740e-45   3.3114440e-03   7.8700349e-04   1.7343576e-04   3.0101851e-04
   2.1248155e-18   1.6622902e-04   1.4990840e-03   2.0156998e-03   2.8145264e-04   3.9779469e-45   2.0941954e-03   1.1060918e-03   2.0812384e-04   3.7807689e-04
   2.2405529e-17   1.5109237e-04   1.4833437e-03   1.1539614e-03   3.2474172e-04   4.3446402e-28   2.9567932e-03   1.6187802e-03   7.2210864e-05   5.3409054e-05
   1.0020905e-18   8.1574891e-05   1.5184340e-03   1.3229420e-03   3.7875639e-04   2.0609836e-28   3.5730887e-03   1.2235070e-03   6.0879824e-05   2.4512785e-04
   1.6900769e-17   7.6175654e-05   5.7989458e-04   1.2467030e-03   4.3033952e-04   1.0392218e-44   3.0021432e-03   1.2918941e-03   8.5152135e-05   2.7931410e-04
   1.6292653e-17   7.2305166e-05   1.8402679e-04   1.1640754e-03   4.2884047e-04   2.2188684e-35   3.1560638e-03   1.6095787e-03   2.7874763e-05   1.3172183e-04
   2.2487747e-21   5.6375075e-05   1.1468170e-04   7.7371600e-04   4.6702499e-04   1.8202376e-08   3.2525256e-03   7.1574882e-04   1.1897776e-04   5.6834878e-04
   8.5426377e-14   1.2782439e-04   7.7517786e-05   1.0928158e-03   4.6626464e-04   1.9389711e-07   3.2642452e-03   9.6794400e-04   8.1776381e-14   5.3064882e-04
   3.3985678e-16   7.7653407e-05   1.2898399e-04   1.2392720e-03   4.1570997e-04   1.7190139e-29   2.8449309e-03   1.0062624e-03   1.9286042e-04   3.8827375e-04
   8.6169558e-16   1.1728740e-04   2.3877679e-04   8.1930038e-04   3.6787139e-04   2.8095131e-50   3.9196133e-03   1.0720472e-03   6.4249417e-05   5.9870396e-04
   1.7698581e-26   1.2614931e-04   6.8412830e-04   2.5548966e-04   4.2012946e-04   6.3413167e-52   4.3951062e-03   1.0812696e-03   1.5543253e-05   6.1038942e-04
   1.5753745e-25   1.0540914e-04   1.1131114e-03   6.5604530e-04   2.9986907e-04   2.7331149e-37   4.3025033e-03   1.1256527e-03   1.1924502e-17   5.9387852e-04
   1.1796322e-30   1.0551552e-04   9.6312934e-04   1.1121799e-03   4.4261803e-04   1.2860297e-46   3.5250166e-03   6.9086499e-04   9.0921479e-52   5.5851122e-04
   1.4063608e-38   1.0335495e-04   4.8009304e-04   1.6684152e-03   5.0392889e-04   8.2656050e-41   3.5860615e-03   1.0336723e-03   6.7006215e-56   4.1590962e-04
   6.0241010e-30   1.0175423e-04   9.5825871e-05   3.3667881e-03   4.7314651e-04   6.8621518e-26   4.0626178e-03   1.2691326e-03   5.2224767e-47   3.8346227e-04
   9.1057197e-28   5.0168147e-05   3.6785282e-04   2.8690771e-03   4.3629387e-04   3.3254033e-40   3.3178383e-03   1.1743882e-03   2.8593033e-48   4.0945822e-04
   1.3462738e-29   6.4372849e-05   6.1220189e-04   1.5724900e-03   3.5398592e-04   4.7432756e-56   3.9436848e-03   1.0212479e-03   4.6278617e-48   4.7592946e-04
   6.3160705e-13   4.6280145e-05   1.0455464e-03   6.2658791e-04   2.7539912e-04   5.0631422e-67   3.9886296e-03   1.4759983e-03   1.8844721e-23   4.5730075e-04
   5.4422839e-26   6.2063368e-05   9.8885095e-04   1.0540469e-03   3.1206417e-04   1.1388961e-68   4.6404376e-03   1.4220093e-03   1.9465523e-31   4.3331143e-04
   4.0871527e-21   8.8068136e-05   3.7434522e-04   5.9374424e-04   3.9646963e-04   6.4172000e-51   3.8260648e-03   1.1937447e-03   1.1378518e-40   3.7738643e-04
   1.8553610e-20   1.2692590e-05   6.7166499e-04   4.7837120e-04   4.3685726e-04   3.8576632e-68   3.8941405e-03   1.3517576e-03   9.5500490e-50   3.1221938e-04
   2.2610090e-22   5.2145015e-05   6.9144277e-04   3.7433296e-04   4.3727685e-04   2.9847339e-68   4.4657451e-03   1.1832047e-03   3.4940116e-34   5.2746081e-04
   7.3188677e-19   1.3108813e-04   2.8440032e-04   3.4979040e-04   4.2196044e-04   3.1709812e-57   4.5768284e-03   5.3729439e-04   2.3558319e-17   5.5405154e-04
   1.0723283e-21   1.5722160e-04   6.6599114e-05   3.9204800e-04   3.4492705e-04   2.5838117e-73   5.3890829e-03   9.6607999e-04   9.1014805e-12   5.0453278e-04
   5.4458800e-21   1.3985498e-04   4.9770751e-05   2.1238002e-04   5.5646476e-04   4.2921042e-49   5.0565079e-03   4.9746417e-04   8.6174627e-26   2.9335147e-04
   8.4129115e-25   1.0971293e-04   3.6660732e-05   3.6700060e-04   4.3727623e-04   8.9710778e-40   6.2798131e-03   2.5925604e-04   1.0637064e-44   5.2474510e-04
   1.6518389e-27   5.3963942e-05   9.8286347e-06   9.6005307e-05   4.4947159e-04   1.4337022e-44   7.6014847e-03   1.8139082e-04   5.3239196e-48   8.4940788e-04
   7.1199155e-30   5.4463885e-06   2.6209581e-04   6.2522988e-05   4.6940070e-04   1.1928300e-52   9.0383486e-03   3.5125989e-04   7.6224632e-57   4.8695315e-04
   2.1137075e-23   4.1827434e-50   6.4121477e-04   4.7373295e-04   3.0943481e-04   4.3519556e-56   7.2564285e-03   1.8587649e-04   1.4454748e-45   8.9907082e-04
   1.0454379e-23   4.9098803e-31   7.7515149e-04   6.6405491e-04   3.5963428e-04   2.1031070e-51   5.1541967e-03   2.3401447e-04   2.6837178e-41   8.1494604e-04
   4.5954751e-21   2.9794107e-28   7.6489812e-04   8.5432207e-04   3.4542797e-04   6.2412794e-43   5.1138847e-03   2.2570826e-04   5.6590225e-43   4.7739774e-04
   1.1575714e-20   1.5555307e-24   4.7209246e-04   7.6350424e-04   3.2425442e-04   5.7512022e-37   5.7723366e-03   2.5582954e-04   5.9616183e-36   1.3752526e-04
   2.8989165e-19   1.8012488e-25   2.3913309e-04   3.3263720e-04   4.3843946e-04   9.8624713e-43   6.7041805e-03   5.2653120e-04   3.7484609e-37   1.9283492e-04
   1.0728199e-15   6.1333170e-50   3.7330891e-04   3.6312881e-04   4.7305628e-04   4.1778823e-42   6.1234340e-03   3.4265435e-04   8.9913282e-31   2.5883017e-04
   4.1159520e-19   3.2312741e-28   5.2166197e-04   4.9660546e-04   4.2236460e-04   8.0234189e-46   4.1955512e-03   1.9399363e-04   5.2546356e-20   3.0918177e-04
   5.2152662e-23   4.5796674e-41   6.8089531e-04   4.1000463e-04   4.5656007e-04   3.0651665e-47   4.8003087e-03   2.2282040e-04   2.9766941e-32   7.0155624e-04
   1.5797563e-18   1.7879652e-42   6.4601825e-04   1.4144306e-04   4.2692696e-04   3.1103152e-45   5.5920047e-03   3.4639409e-04   1.8677368e-10   5.7371014e-04
   3.5643262e-22   1.0304148e-16   2.0174897e-04   3.7723050e-04   4.7735319e-04   8.2533430e-41   5.1190494e-03   9.2663987e-06   3.2653992e-21   3.3166798e-04
   1.0239834e-21   2.5086405e-13   4.6066867e-04   4.2902810e-04   5.3818296e-04   1.1972555e-57   3.4665104e-03   2.6363992e-04   5.1680551e-30   2.8720888e-04
   1.3574741e-22   1.4752819e-24   4.9462323e-04   1.0013184e-04   5.8505915e-04   9.4095582e-56   4.2574070e-03   4.9127162e-04   4.5451223e-28   3.4293031e-04
   3.3063271e-26   5.6634547e-18   1.9011349e-04   3.3840644e-04   5.7289611e-04   1.5082989e-38   4.1452078e-03   5.2836735e-04   1.1611027e-33   3.4987736e-04
   6.6644625e-18   2.5966913e-05   5.6818285e-05   8.1974122e-05   5.2704414e-04   2.1444425e-48   4.3544131e-03   4.1304999e-04   2.3762120e-35   5.9631891e-04
   3.4490743e-18   2.1005703e-05   5.7868577e-05   2.4760386e-06   4.8564354e-04   1.3081810e-49   4.7027828e-03   6.0406345e-04   2.9448638e-43   4.0807240e-04
   1.9743568e-22   4.9485363e-05   1.0876532e-04   3.3146458e-04   4.1907783e-04   5.8707208e-35   4.2004860e-03   4.0223447e-04   9.8315431e-43   3.4413702e-05
   2.1256456e-26   4.2057578e-05   6.8936804e-05   1.0532656e-03   5.1662117e-04   5.4680080e-38   4.2555901e-03   2.4880106e-04   5.3241357e-45   3.2022356e-04
   1.2698398e-26   1.0416006e-04   3.3965266e-06   7.1016539e-04   5.3921842e-04   5.3677828e-87   6.5675761e-03   4.7379108e-04   4.7796342e-48   7.8190006e-04
   1.0721040e-23   8.1930817e-05   5.5818254e-05   2.8836136e-04   4.5446138e-04   1.2637579e-57   6.9906863e-03   7.6201695e-04   5.0659592e-53   5.4280359e-04
   6.0977045e-24   1.2192918e-04   1.6526330e-04   6.0171617e-23   5.8694674e-04   1.3426415e-55   5.2103482e-03   7.2420572e-04   9.2663377e-49   3.8974908e-04
   1.0516637e-24   1.9960433e-04   9.6885090e-05   2.3538460e-04   6.0963474e-04   3.8815253e-70   5.1117811e-03   8.7039890e-04   2.7809145e-39   4.7904814e-04
   2.9652822e-17   1.3060490e-04   9.4113727e-05   2.4967948e-04   4.5842307e-04   1.7546027e-70   6.3986082e-03   8.1344329e-04   1.3408424e-15   4.3377316e-04
   2.3971058e-18   2.2868155e-04   2.0175849e-04   6.7599456e-05   3.7946015e-04   1.8815838e-60   7.1832537e-03   8.7114079e-04   2.4509300e-07   3.7115364e-04
   7.5926644e-19   3.5176621e-04   2.6272595e-04   1.6840999e-06   5.0312122e-04   6.8698212e-66   8.5280000e-03   5.6361119e-04   2.1047999e-18   1.8369176e-04
   1.6948524e-23   3.7125172e-04   3.2676996e-04   2.2181733e-04   5.0780312e-04   6.2238037e-63   9.7822910e-03   1.3993329e-04   4.3529183e-20   1.9195064e-04
   5.3246290e-20   3.3306259e-04   3.7809299e-04   1.1060736e-04   3.6968873e-04   3.0529113e-59   6.5052123e-03   3.6773373e-04   1.0193337e-14   3.5997076e-04
   1.0697737e-13   2.7613123e-04   2.7170200e-04   1.1062873e-04   2.9923725e-04   5.8382503e-55   4.2008826e-03   7.5134690e-04   4.3901473e-15   4.4189909e-04
   1.1544218e-15   2.0446634e-04   1.6064801e-04   1.9952053e-04   3.5009101e-04   3.0718671e-44   6.0222184e-03   3.5523804e-04   2.6429734e-28   3.0310328e-04
   3.4950447e-16   1.5807483e-04   2.1851028e-04   1.2838316e-04   3.5012874e-04   1.8566199e-49   8.4611514e-03   9.8200918e-05   7.9514719e-31   9.1424778e-05
   1.7548223e-17   1.5390612e-04   1.7821037e-04   1.9518274e-04   2.8238967e-04   3.8402879e-59   7.7461963e-03   3.9526091e-04   6.8841248e-30   1.1818477e-04
   6.5041027e-19   8.5542407e-05   4.5574896e-05   4.1387014e-04   2.8976559e-04   7.6117972e-52   6.6881945e-03   5.5101209e-04   3.0035554e-26   1.1315924e-04
   7.4477280e-24   1.9097439e-05   6.8473288e-08   7.1430811e-04   3.3120120e-04   3.8538208e-49   7.9027963e-03   3.2389756e-04   1.9592799e-29   1.6491428e-04
   5.3199688e-16   7.6867372e-05   8.4841538e-06   4.7365548e-04   2.7715111e-04   1.6599916e-52   5.2229132e-03   3.6238602e-04   1.1082851e-15   1.6313607e-04
   2.2483892e-14   1.4600903e-04   2.6561448e-05   1.8355110e-04   2.0829974e-04   4.0456507e-70   7.9032221e-03   5.2183796e-04   5.4564309e-05   1.0957201e-04
   1.1210076e-14   8.9185037e-05   4.6731166e-07   1.1564442e-04   2.1453563e-04   5.9375777e-55   1.0961867e-02   5.3413485e-04   1.4419655e-04   1.3694047e-04
   1.2084815e-18   1.7064084e-04   3.3501442e-07   2.4063615e-04   2.3917145e-04   5.0427982e-57   8.8093024e-03   7.0123157e-04   4.0996578e-04   9.1890892e-05
   9.1974554e-19   2.0542376e-04   4.5115056e-05   2.1354862e-04   2.5404816e-04   1.1514221e-70   6.2889634e-03   8.7384029e-04   4.7826851e-04   8.8791994e-05
   4.7841351e-20   2.4444116e-04   1.0481896e-04   1.3931815e-06   2.9124200e-04   5.4169197e-67   8.8170747e-03   7.8935885e-04   3.6058959e-04   1.2964378e-04
   2.3902872e-19   3.1163591e-04   8.2522583e-05   4.6382769e-10   2.8734073e-04   2.1936642e-74   7.7511397e-03   7.9469312e-04   3.1314667e-04   2.3461620e-05
   1.9050253e-17   3.7796893e-04   1.1527555e-04   1.1156972e-04   3.2314810e-04   2.6985627e-63   4.6345460e-03   2.9103290e-04   2.3548624e-04   5.1695054e-05
   8.4091503e-15   3.5312080e-04   1.2139542e-04   8.2959049e-05   2.7299356e-04   2.0739691e-55   6.8943211e-03   5.3494316e-18   8.3380087e-05   6.5428180e-05
   1.6753649e-11   2.5325018e-04   1.1747014e-04   3.9067375e-09   2.4684401e-04   7.1703433e-58   1.0031066e-02   1.6647584e-04   1.9290622e-14   4.5193132e-05
   8.8427663e-13   2.6683336e-04   1.2029092e-04   3.1908862e-14   2.3650117e-04   1.1328794e-48   1.0478013e-02   2.0079877e-04   5.6270401e-15   1.9823294e-05
   1.0300421e-16   2.7906560e-04   1.4145394e-04   9.8498828e-07   2.5193594e-04   7.3290022e-43   8.9306560e-03   3.2501641e-06   8.2172645e-11   3.7971325e-06
   1.1949580e-08   2.9174463e-04   1.2032831e-04   9.9263207e-05   2.6935497e-04   4.4796990e-38   6.2627226e-03   8.2393972e-05   1.2535043e-08   3.1591675e-07
   8.8722183e-06   3.8215942e-04   3.4989306e-05   2.9765605e-04   2.1332331e-04   6.0574074e-43   4.9608531e-03   1.5725931e-04   3.8254086e-09   2.2444783e-05
   1.1558248e-13   2.5054427e-04   9.7837899e-05   2.7820179e-04   2.4363002e-04   1.1978776e-54   6.3138373e-03   1.8705641e-04   9.7625194e-17   9.3544659e-06
   5.2397786e-08   3.3351975e-04   2.4562845e-05   5.5992334e-05   2.0066663e-04   8.2266337e-39   7.9384163e-03   9.1738758e-05   7.7768553e-05   4.9039282e-06
   7.4203230e-14   2.6907710e-04   1.5394126e-06   2.8877215e-13   2.2183053e-04   2.7001095e-56   6.8069137e-03   1.4099149e-04   1.7173450e-04   7.2532868e-09
   1.3787342e-12   1.8618391e-04   2.3531005e-05   4.5568643e-05   1.7399123e-04   1.3302339e-47   6.2709558e-03   1.3718846e-04   4.3009943e-04   1.1898843e-05
   4.6790589e-08   4.1264792e-04   2.1238287e-07   6.8876650e-05   1.8440484e-04   3.3600893e-46   7.0189459e-03   1.2423894e-04   3.5694944e-04   1.3475860e-09
   6.4271306e-08   4.6273450e-04   5.5278418e-06   2.7683250e-05   2.0510468e-04   4.0400680e-69   6.1459615e-03   1.1688821e-04   2.3549311e-04   4.1123874e-15
   2.2247689e-09   4.1540906e-04   6.7864968e-07   3.0113910e-08   2.0415335e-04   7.7364905e-76   6.8628619e-03   6.2955135e-05   3.0753443e-04   6.2585832e-17
   4.5689472e-07   4.1976946e-04   1.2738102e-05   2.5287216e-09   1.9237602e-04   9.3807086e-50   7.6071390e-03   1.3226027e-04   2.3884202e-04   2.3801148e-23
   1.4628758e-08   3.0226664e-04   2.9687786e-05   3.0650983e-07   2.3000358e-04   1.8878767e-44   8.4240964e-03   6.2090805e-05   4.7304616e-05   8.0876044e-21
   4.2648224e-07   1.7276807e-04   5.3297492e-05   5.5062222e-07   1.7802724e-04   1.2003924e-35   7.7325122e-03   1.5259726e-28   2.6235639e-06   4.4365191e-14
   7.3854602e-06   1.0989593e-04   1.2061254e-05   2.8558824e-14   2.2021317e-04   3.9414031e-34   1.0667929e-02   1.3697268e-21   5.1476979e-07   1.1356469e-12
   1.3879955e-05   7.6012388e-05   1.7120450e-05   1.0317718e-10   2.2460194e-04   4.5690013e-46   9.6728067e-03   9.7203580e-07   9.4285194e-16   7.7624217e-12
   2.2540623e-06   2.1805830e-05   6.6019219e-06   1.4758422e-08   2.2983041e-04   3.4122463e-28   7.0739593e-03   7.5693167e-05   5.7568527e-09   3.7882139e-05
   1.0903139e-06   6.9781450e-05   9.3850793e-07   1.4211409e-08   2.5488967e-04   4.0059310e-35   7.1402346e-03   4.4817083e-06   1.8586778e-11   3.3438780e-06
   7.3072309e-06   9.3520921e-05   1.3406027e-05   7.3612883e-05   2.4776737e-04   7.7100223e-35   7.0288535e-03   4.6737046e-05   4.9193336e-09   7.6872040e-06
   8.4372278e-05   1.2166648e-04   1.8519628e-06   9.9939999e-05   2.1358033e-04   3.0889159e-39   6.3792995e-03   8.7939653e-05   8.2702019e-05   9.8059772e-10
   7.9169659e-05   1.6890097e-04   3.0395469e-05   1.5021726e-06   2.2166354e-04   7.2348677e-73   4.6595761e-03   3.0073391e-05   2.1655707e-04   1.0645325e-14
   1.1959554e-04   1.9187629e-04   2.5230217e-05   1.0694808e-15   1.6353958e-04   1.5533405e-61   6.5078920e-03   5.0997942e-05   5.5677531e-04   4.3492723e-10
   2.9055889e-10   2.0450665e-04   9.0471419e-06   1.8558479e-06   2.1899273e-04   7.3751821e-40   7.5756609e-03   1.3619360e-04   4.4450093e-04   1.2145259e-11
   4.3301192e-08   2.5148054e-04   2.0596649e-05   5.5319751e-05   2.1689453e-04   2.0126120e-42   3.3310229e-03   1.6055929e-04   4.0413681e-04   2.5133591e-06
   2.8551584e-07   2.9825103e-04   5.4640108e-06   3.8579191e-05   1.7133896e-04   1.4780706e-27   5.3298424e-03   5.6815631e-05   5.1618059e-04   1.8948999e-05
   7.2315236e-06   2.7028371e-04   5.5816269e-06   9.3745575e-08   1.7874773e-04   4.4389303e-31   6.9021403e-03   6.3231835e-05   3.2342845e-04   1.3632827e-05
   1.0378478e-04   2.2921640e-04   1.5172470e-06   2.7425339e-10   1.8636849e-04   1.3245278e-19   5.8870134e-03   9.9067760e-05   1.5076607e-04   3.2135918e-09
   8.5328845e-05   1.9690744e-04   9.6770549e-06   3.0970701e-09   1.5632231e-04   2.8817521e-42   6.0757582e-03   9.1380403e-05   1.9123165e-04   7.8458430e-10
   1.6668189e-06   2.0202377e-04   7.3458238e-06   3.4880939e-06   1.9763927e-04   9.5328413e-37   5.6839985e-03   5.4738175e-10   2.3764725e-04   1.0494368e-13
   2.7655526e-05   2.3946808e-04   4.2978544e-06   3.2182117e-08   2.2527033e-04   8.7757641e-26   4.9131134e-03   3.6315174e-20   1.0947665e-04   5.8219978e-12
   4.9137094e-05   2.8888384e-04   2.7787620e-06   5.5544913e-09   2.3619245e-04   4.4731567e-16   4.7125724e-03   5.1794856e-08   5.0153897e-05   6.2484348e-18
   7.5354627e-05   2.6263512e-04   3.4953227e-06   8.5470911e-09   2.5107009e-04   2.2200236e-16   6.4396208e-03   2.0363585e-09   7.0381330e-06   1.0103242e-19
   5.3134393e-05   1.9479596e-04   2.2759305e-06   2.5687289e-06   2.3673777e-04   1.4436649e-17   6.3849233e-03   6.5725929e-12   6.9917356e-05   3.5946975e-18
   7.2697344e-05   1.6969993e-04   1.8426805e-06   8.6307602e-06   1.8871793e-04   1.1070143e-16   5.6142559e-03   8.3229184e-14   2.4660438e-04   1.6220748e-24
   5.4791101e-07   1.1798741e-04   3.3035031e-05   2.6169981e-06   2.0432472e-04   4.4709591e-37   6.3649317e-03   7.0443949e-10   1.2726748e-04   6.1348771e-22
   1.5621548e-06   1.3311578e-04   5.8528624e-05   2.6185682e-08   1.8238918e-04   1.9370342e-37   5.8022945e-03   7.5979274e-08   3.6846990e-04   1.2971279e-14
   5.2742372e-05   1.6436209e-04   1.2809822e-05   1.1243934e-14   2.6037821e-04   1.0529039e-30   3.7455988e-03   7.9757634e-21   2.8803138e-04   3.4628614e-25
   6.1418236e-05   1.4031882e-04   1.3968115e-06   6.8425344e-14   2.4883573e-04   3.8304707e-24   5.3411390e-03   1.5332413e-22   2.4987004e-04   8.5410853e-21
   6.1547852e-06   9.8801531e-05   1.3234138e-07   2.7781813e-09   2.5048167e-04   1.2965032e-18   5.7638074e-03   6.9850344e-17   2.5613866e-04   6.2290838e-22
   2.7630606e-05   8.8679788e-05   1.0894345e-05   3.6741456e-06   1.9763398e-04   2.1747234e-17   4.3689190e-03   8.9074328e-10   2.4707414e-04   1.4995951e-27
   4.5322286e-05   6.1825891e-05   4.8345609e-06   8.0726577e-08   2.1469637e-04   1.6864139e-27   3.6577231e-03   2.0561699e-16   3.8799131e-05   9.3580002e-35
   5.4694344e-05   3.9546517e-05   2.0561522e-05   1.1308661e-06   1.9815946e-04   2.1226061e-17   4.9880899e-03   1.9509006e-16   1.5624383e-05   3.7075093e-21
   2.6197888e-05   3.9976928e-05   1.9769158e-05   3.5155879e-06   2.2040657e-04   1.8756797e-20   5.7199670e-03   3.7302717e-13   7.4584388e-05   2.1390953e-22
   8.9281482e-06   3.2749914e-05   7.4039502e-06   4.3137453e-06   2.0463034e-04   6.5725317e-17   4.5710396e-03   4.9928673e-09   2.6522705e-08   4.5756511e-11
   2.9493349e-10   5.1942739e-12   1.3608203e-05   2.7868468e-08   1.7879347e-04   2.0361982e-12   4.6971172e-03   1.9409998e-24   2.5418914e-07   3.5814211e-12
   1.4766222e-11   3.0598787e-05   1.1640475e-05   2.5929391e-06   1.4256081e-04   1.0040242e-09   3.8753117e-03   2.3742668e-17   7.1336178e-07   7.1458875e-20
   2.6615402e-09   4.7530902e-05   2.9497077e-05   9.3657436e-06   1.4718197e-04   1.7339758e-10   2.8961328e-03   9.4390335e-06   1.3154503e-07   1.0007496e-31
   2.3075355e-08   3.5900491e-05   3.9306898e-05   7.0502085e-07   1.5583685e-04   9.0016779e-09   3.3467172e-03   2.2189504e-08   8.0724659e-05   1.4560326e-32
   1.1733694e-09   3.3810732e-05   2.1290471e-05   4.8562724e-08   1.7806818e-04   1.4386377e-13   3.8872129e-03   1.0062227e-21   3.5609891e-05   2.1970462e-33
   1.8863690e-13   3.8004823e-05   1.5008822e-05   6.0900273e-12   1.8218013e-04   3.7588045e-34   3.8416900e-03   2.6618341e-24   1.6467802e-04   8.2535127e-45
   3.0163371e-09   5.8733827e-05   6.2488883e-06   6.5636645e-19   1.5211750e-04   7.6096053e-39   3.5841156e-03   1.2382478e-27   1.8768347e-04   2.2974473e-25
   1.1520060e-06   5.0716078e-05   8.4391092e-06   5.6029969e-23   1.3026630e-04   1.4095495e-14   3.3607957e-03   1.4732106e-17   1.8589662e-04   9.6775191e-14
   3.0774693e-09   3.3106973e-05   1.9179559e-05   4.4027631e-16   1.4746378e-04   2.4619047e-15   3.3364958e-03   2.0082342e-27   1.5354766e-04   3.2441746e-20
   7.5571590e-07   2.1302526e-05   1.3330225e-05   4.3374670e-13   1.5413174e-04   1.9280484e-28   3.1691292e-03   1.8348371e-21   6.2097020e-05   3.7418455e-24
   3.4949802e-08   1.6314783e-05   4.5670913e-06   1.3893481e-15   1.9219252e-04   2.3069163e-10   2.6133509e-03   4.3057721e-27   7.6571088e-10   7.8841904e-29
   4.2328016e-07   1.9647077e-05   5.4440752e-06   6.6978384e-19   1.9522963e-04   4.1633379e-06   2.6248083e-03   9.8374428e-50   5.0201615e-09   5.6167496e-24
   1.7007559e-05   1.3055803e-05   2.0984296e-05   3.9836101e-26   1.6917935e-04   3.0581418e-06   2.6383589e-03   2.0874751e-39   4.3194697e-05   2.0172541e-14
   4.1061135e-07   1.6721541e-05   1.4147134e-05   3.6334129e-21   1.6066808e-04   2.8112098e-18   3.0279041e-03   3.5224625e-32   1.5730658e-05   1.1252158e-31
   2.2680201e-08   1.3758420e-05   8.7796615e-06   4.3145325e-15   1.3772247e-04   1.1000367e-42   3.4683663e-03   3.0581322e-24   4.3405321e-10   1.8159310e-44
   2.9511318e-09   1.4280705e-05   1.4054960e-05   8.1365968e-15   1.1875848e-04   1.1229581e-11   3.4753560e-03   6.8847781e-26   1.5131703e-05   3.6816426e-23
   5.5122771e-18   8.3210249e-06   2.0561810e-06   1.0786248e-17   1.4529017e-04   1.1009415e-05   2.7041374e-03   1.0533275e-46   8.7717027e-06   3.7433097e-29
   8.2798890e-10   2.1008825e-05   9.5120938e-06   1.9604722e-14   1.0208669e-04   1.2745382e-05   2.3608905e-03   1.2097856e-36   8.7244179e-05   8.2887131e-38
   1.3567473e-10   1.0449551e-05   7.0556845e-06   8.8077357e-12   1.1470844e-04   9.7985241e-41   2.5035380e-03   5.6270480e-21   6.2132024e-05   1.1579420e-29
   1.0590664e-13   9.6802034e-06   8.8194765e-06   2.2826574e-15   1.0980549e-04   3.6822015e-13   2.5137163e-03   2.4991828e-23   1.3243988e-04   6.2366657e-28
   6.3442789e-17   2.8726337e-05   6.0775724e-06   2.0165010e-24   1.3184086e-04   5.4413353e-10   2.0277057e-03   3.1100329e-50   6.9348689e-06   4.2942877e-39
   3.9167920e-14   3.0805592e-05   7.8104206e-06   4.2816071e-17   1.2046415e-04   6.7562718e-10   1.6332895e-03   5.2965420e-30   5.5774113e-11   1.6227531e-24
   8.7983647e-09   3.5589382e-05   5.9547032e-06   1.6801241e-16   1.1787650e-04   1.4781603e-07   1.3853764e-03   3.4221579e-15   9.5828255e-06   2.0830237e-33
   8.3891501e-07   2.0031072e-05   5.1350074e-06   4.2097210e-13   1.1397620e-04   1.1769573e-05   1.9682655e-03   5.5766039e-10   1.3082611e-04   3.7010305e-36
   2.2076779e-08   1.7279466e-06   9.6164061e-06   8.0704062e-12   1.1713097e-04   8.7808480e-11   2.3494888e-03   1.6237802e-19   3.6058435e-05   5.3020204e-26
   4.7552726e-07   1.3173346e-05   2.6294331e-05   7.9751561e-14   1.1662743e-04   4.2124588e-30   2.1904169e-03   8.4138581e-29   4.0024340e-05   4.2942109e-35
   2.2180841e-14   3.3989693e-06   3.4322055e-05   3.5192609e-18   1.1772458e-04   6.8702362e-21   2.3556401e-03   3.1985208e-22   6.8387426e-05   2.1983652e-25
   3.8971765e-07   1.8380831e-06   1.8616660e-05   6.1421759e-16   1.1061976e-04   1.9772226e-29   2.4377932e-03   1.9706663e-20   1.5337002e-05   3.8030227e-31
   1.1772996e-07   3.4046223e-06   5.6779372e-10   1.4420430e-15   9.8407738e-05   1.0513881e-13   2.4817950e-03   4.3141886e-30   9.4232061e-11   2.1990171e-53
