   1.7905666e-03   5.0147269e-03   5.7311287e-13   1.3895469e-04   1.5784071e-14   1.0184927e-04   7.6727917e-35   1.2584827e-03   3.9387839e-01   2.4760081e-02
   2.6529690e-05   5.8389804e-03   6.6955095e-07   3.5243244e-12   7.1977481e-18   1.0040309e-06   1.2809424e-47   8.6904892e-04   2.9917025e-01   2.0066574e-02
   1.1336851e-05   1.6214749e-03   5.1127013e-04   1.1711291e-28   1.9661996e-20   6.4745068e-16   2.1970740e-62   4.6218701e-04   1.0142836e-01   6.2474100e-03
   7.9126435e-03   4.7272491e-05   1.0830458e-02   5.6780845e-35   3.9922261e-34   2.5888193e-23   3.5720997e-59   6.2153159e-04   5.9124889e-02   4.3287490e-03
   4.3734513e-03   7.4167463e-04   1.1478212e-02   2.7282856e-37   2.2710745e-21   4.2625233e-30   7.3310552e-68   1.5188557e-04   4.1360655e-02   5.0753365e-03
   3.7852304e-04   1.5157242e-03   1.4771748e-06   1.5010017e-68   2.1447322e-01   2.6249283e-38   2.1715948e-45   4.1770279e-04   2.1352641e-02   1.1177126e-02
   9.4247741e-13   1.4704730e-09   2.7801340e-42   1.4479004e-81   4.4022704e-01   2.4143886e-15   2.0209903e-26   2.2065539e-03   5.1862267e-04   5.2034190e-02
   2.0144043e-17   1.1162743e-20   1.7646140e-28   1.9774214e-16   7.0580689e-10   2.9979402e-02   5.8400479e-42   3.5978789e-03   4.9691141e-20   1.0319562e-01
   2.3528175e-10   7.5502578e-08   6.4149181e-02   2.1243479e-01   1.1620719e-53   1.2985502e-01   3.1836736e-64   1.5814718e-03   3.4283228e-11   6.2903157e-02
   5.9408645e-04   9.2613752e-04   2.7750274e-01   1.0567168e-01   3.6018449e-45   1.9901851e-02   3.2834419e-99   1.0860188e-03   2.0106658e-03   1.1396520e-02
   1.8754601e-03   2.2985706e-04   2.2153480e-01   1.6197752e-22   5.1355849e-24   2.2771388e-22   2.1875959e-96   5.5710904e-04   1.8388477e-03   6.1458541e-03
   1.3160450e-03   8.5586255e-04   1.4256335e-01   2.5369301e-60   1.9989983e-14   1.2007527e-34   1.1775875e-51   7.5878156e-05   2.0359353e-03   8.5128890e-03
   5.9772008e-09   6.4627840e-07   5.1194311e-02   3.7529279e-69   1.8001534e-01   7.6648434e-47   9.2543687e-35   8.8986732e-05   5.3039555e-04   2.0471582e-02
   5.2411691e-24   1.3132125e-21   4.1000855e-19   3.5957000e-92   2.0943612e-02   8.9707872e-42   1.8771494e-15   9.8530894e-04   3.0099454e-15   4.3227490e-02
   4.2021799e-31   6.1024883e-31   1.9778209e-36   2.2423773e-58   1.3099895e-36   1.5065140e-02   5.7110893e-22   4.0074820e-03   1.5725368e-25   5.0477153e-02
   1.6615967e-20   2.4846630e-27   1.2647233e-19   1.0026447e-01   8.2032643e-74   2.2907684e-01   3.4193811e-57   4.3025078e-03   3.3908711e-18   2.9375411e-02
   2.8048171e-11   7.8314534e-13   2.2258494e-02   1.7553785e-01   4.0716415e-81   7.3630914e-02  3.2214375e-142   2.6759396e-03   8.8105930e-06   1.3829637e-02
   1.2081397e-03   5.6355781e-04   7.0690237e-02   5.3972083e-02   5.8493714e-30   4.5667916e-30   1.5846140e-69   2.2438964e-03   1.5816890e-04   7.5568452e-03
   4.4290394e-03   3.4693167e-04   4.5545853e-02   1.8878879e-12   7.1061111e-02   5.0984338e-45   4.4144922e-80   1.0356222e-03   4.4020426e-05   9.0210968e-03
   6.3991831e-05   6.4981358e-04   9.0955993e-07   1.6582385e-57   6.6162022e-02   7.2926431e-56   2.4113111e-11   3.2476891e-04   1.2642191e-05   1.7548091e-02
   7.6194223e-13   3.3306197e-09   7.9840670e-22   2.4087724e-74   8.3480144e-21   1.2658862e-44   3.9124570e-08   1.1468945e-03   8.4478372e-16   2.3979593e-02
   4.8738059e-15   8.2289085e-12   5.8241373e-22   7.0180926e-67   1.2992475e-50   3.4708162e-10   2.3448541e-27   5.7268286e-03   2.4150555e-20   2.1907222e-02
   5.5595605e-12   2.1721944e-04   1.4632903e-05   4.0218381e-36   7.3449777e-77   9.6700888e-02   6.7573298e-78   5.1723574e-03   1.7643747e-12   1.7179688e-02
   7.1326290e-06   2.5627001e-04   1.1424692e-03   6.1255976e-02   1.0472497e-58   5.9927580e-02  7.8897897e-107   2.0703213e-03   5.3741731e-06   1.4844379e-02
   2.0959226e-03   9.8784597e-04   9.0153680e-03   6.0393980e-02   3.7932592e-30   9.3804106e-20   7.0546492e-63   8.0569177e-04   4.7582515e-04   1.3403798e-02
   7.2385093e-03   2.2449812e-04   3.4539275e-02   4.0724616e-03   7.6071543e-15   7.8721802e-39   1.0689313e-58   1.5869117e-05   1.2744197e-04   1.5077444e-02
   2.0162100e-03   4.3253543e-04   2.5182267e-03   6.0274740e-38   4.1411286e-24   1.8134555e-56   8.3303553e-06   5.2375879e-05   2.8126598e-04   2.1570910e-02
   1.3620359e-10   6.1365102e-09   7.5269015e-20   3.0655690e-67   2.9526084e-46   4.1728518e-38   9.9998973e-01   1.1530034e-03   5.1128132e-07   2.1372538e-02
   2.8658093e-10   2.7064506e-05   3.7630723e-19   2.0575644e-63   9.5474678e-63   4.1006564e-14   8.3214277e-14   5.8380889e-03   1.6895960e-10   1.6916430e-02
   3.2651176e-11   3.2997575e-13   3.8292146e-12   1.4803146e-44   3.4650327e-50   5.1280690e-02   4.7097195e-59   8.9857228e-03   8.6678531e-08   1.1400436e-02
   2.9139299e-03   4.3013437e-08   1.3003619e-12   3.3911136e-03   2.8779418e-48   7.4749730e-02  2.8365752e-100   6.9123888e-03   1.5086613e-04   9.7225174e-03
   5.9935537e-03   1.0867785e-05   7.6761271e-09   4.2503917e-02   9.6777814e-32   3.5593425e-03   2.7031540e-89   6.4763000e-03   9.7452229e-04   8.0838261e-03
   2.0635216e-03   2.7166413e-11   3.3691190e-03   2.4105224e-02   3.6185729e-12   3.9860342e-32   1.4466138e-46   8.1123808e-03   2.0566935e-03   7.3100962e-03
   5.7090709e-12   5.5384138e-15   3.2130308e-03   5.2554084e-16   2.4219732e-31   3.4829757e-46   3.4798189e-28   1.4749994e-02   2.0953580e-07   9.0451778e-03
   9.6032317e-29   3.2802792e-37   5.0662288e-06   6.3957921e-51   4.8172957e-43   3.7951067e-38   6.4312760e-33   2.2665783e-02   5.3353979e-20   8.8640610e-03
   1.1459621e-26   1.3069069e-25   5.7505722e-14   4.2848287e-68   3.6157983e-39   5.6249778e-22   4.4085464e-50   2.7876268e-02   1.5617055e-20   6.2596480e-03
   3.0224806e-21   9.6121375e-24   3.1462141e-15   3.7796580e-62   6.4373917e-30   6.6648333e-03   7.6970399e-67   3.0766736e-02   2.3775775e-20   4.0073973e-03
   5.0998107e-10   2.4487109e-07   1.9381777e-14   6.5090267e-32   8.4333165e-21   6.7908243e-02   7.8487781e-84   1.9522017e-02   8.5726542e-13   4.4887433e-03
   2.1622072e-18   5.1626780e-27   3.3876055e-18   8.3443949e-05   1.8702202e-17   2.6143758e-02   3.1186827e-61   1.9954370e-02   7.0189324e-16   5.6986764e-03
   6.6106985e-17   6.8376787e-18   4.1483172e-15   3.4353838e-02   1.4313843e-29   9.3503065e-29   6.2857723e-37   1.8478099e-02   5.9445569e-17   5.5929865e-03
   9.3897527e-14   8.2543998e-21   1.0133874e-15   8.8933479e-03   1.4026887e-35   1.1161952e-43   2.7535220e-17   2.0927084e-02   2.6905253e-17   6.7367506e-03
   1.1471032e-21   1.8331219e-28   4.1278815e-08   2.2783174e-23   1.1777125e-43   1.8176712e-45   1.1343687e-18   2.5704760e-02   3.2110019e-23   6.5882351e-03
   2.9178810e-22   6.3107226e-31   6.8099750e-04   3.7172136e-47   1.3315520e-49   3.2353602e-25   7.4298018e-37   2.3878858e-02   3.0656584e-20   6.0120128e-03
   1.8349168e-16   1.2774707e-14   1.1527705e-06   1.3171487e-59   1.1449230e-38   8.5516428e-06   3.8512724e-69   2.4235007e-02   4.5173739e-18   3.9138407e-03
   8.8122885e-14   3.3716989e-08   3.8628425e-12   2.6323014e-43   3.3189985e-18   3.3764842e-02   2.3076459e-54   1.7786779e-02   1.5414074e-13   2.7193676e-03
   2.3076145e-16   1.6801807e-15   9.9856817e-14   1.0631367e-22   1.3185455e-17   2.4783226e-02   1.5669289e-67   1.5688497e-02   1.9112457e-11   2.7427894e-03
   3.5361376e-15   2.0478487e-19   2.7956281e-18   1.4797236e-02   2.4451037e-31   2.6536759e-14   6.1005897e-39   1.4360532e-02   4.7048363e-10   2.8324152e-03
   1.8148570e-10   1.0488080e-17   3.1525567e-17   1.8197057e-02   1.3675919e-33   2.2540969e-37   2.6257896e-30   1.2088711e-02   8.2218218e-05   2.8859582e-03
   4.3457744e-16   6.5044409e-19   1.7615430e-09   7.1271854e-03   7.1706224e-52   3.7429125e-40   1.5562645e-49   1.2749984e-02   1.0890353e-06   2.9281100e-03
   1.3022954e-21   4.7111001e-22   2.7685616e-04   5.4926511e-04   8.0633867e-44   2.2924383e-29   4.4218709e-64   1.1576092e-02   5.5469649e-07   2.6808769e-03
   1.2679042e-18   6.0412865e-12   3.1910067e-03   4.9092563e-28   5.0667712e-30   4.1052777e-10   2.1896113e-39   1.1240783e-02   6.5048167e-07   2.0535148e-03
   3.1913264e-21   1.7490544e-17   2.8941077e-03   4.4550345e-32   2.6874069e-10   6.5507141e-03   3.0244536e-52   9.5730592e-03   8.6261106e-07   1.9195116e-03
   5.3226224e-18   5.7492575e-12   2.0476539e-17   8.2766853e-31   1.4771237e-18   7.3759446e-03   5.5174435e-24   8.9111019e-03   2.7662315e-07   2.1716590e-03
   6.4294821e-14   5.1851949e-16   9.1798010e-16   3.0711671e-18   1.6425347e-39   2.6804995e-14   1.2060179e-43   7.9193302e-03   6.7307785e-06   3.3370237e-03
   1.8316812e-15   2.7697246e-22   4.5917586e-15   1.0361135e-02   5.4446206e-50   5.0183897e-25   2.0271577e-93   8.5341244e-03   7.7653016e-10   3.6075086e-03
   7.1926115e-18   8.1422975e-19   2.6261525e-12   1.1519661e-02   5.3779727e-52   1.1654826e-40   1.9602038e-48   8.0664360e-03   1.6244472e-08   3.0107590e-03
   3.2322827e-17   3.3326062e-09   3.6771466e-05   3.2505432e-03   1.6136377e-45   1.1981247e-17   3.5913512e-41   7.7814292e-03   6.9548667e-07   2.3482735e-03
   4.4305242e-15   4.7641668e-11   5.3820491e-04   2.2505965e-06   1.9545021e-37   1.5127590e-11   9.4875410e-40   7.6426837e-03   5.1118510e-08   1.9328592e-03
   1.5405421e-16   2.2579320e-11   1.1670710e-04   5.6252652e-19   4.7338292e-22   3.0576500e-06   1.5165608e-31   7.8362719e-03   6.5528979e-09   1.8352594e-03
   1.1418555e-15   1.2738632e-06   1.0120951e-03   9.5379365e-25   7.9651083e-22   5.5385180e-03   5.0708781e-09   8.3393790e-03   1.4021714e-10   1.7782258e-03
   1.5880513e-15   5.5662734e-11   2.6587657e-06   4.5871911e-20   8.3483053e-27   1.0016996e-02   1.1979444e-08   8.2603698e-03   3.6087311e-10   1.5873837e-03
   7.3824166e-13   2.4643960e-05   1.6508200e-21   7.9587957e-14   5.8686535e-27   1.7366683e-06   2.6289872e-18   8.9643631e-03   6.1748169e-10   1.5813278e-03
   8.2145441e-12   2.2220017e-04   1.2919980e-17   5.0374723e-03   1.4970633e-33   3.3585184e-13   2.1087729e-34   9.1970558e-03   2.8254729e-10   1.2931684e-03
   2.4294947e-12   2.6305916e-04   2.3430395e-15   3.9521928e-03   1.9596090e-16   3.7875457e-13   1.9661462e-33   7.4392534e-03   2.1941973e-06   1.2442113e-03
   5.2043129e-10   2.1316653e-04   1.6197086e-14   3.6110854e-05   2.8838911e-10   2.6695998e-04   1.8058185e-43   8.5790775e-03   9.2461966e-09   1.1344621e-03
   2.9806478e-13   8.9667817e-10   2.9354793e-15   5.2170979e-19   3.0287312e-12   4.3877990e-03   7.6953475e-30   9.2649632e-03   3.6138330e-13   9.4421498e-04
   4.3546777e-12   1.7651359e-04   2.5468476e-14   6.5234505e-36   1.8473685e-20   7.4190758e-03   1.1016727e-13   9.5180543e-03   2.2826485e-11   7.6015862e-04
   1.3583527e-16   2.3785405e-04   5.3786074e-10   9.2510893e-45   7.8485435e-20   4.7462887e-03   2.9204130e-25   9.9477916e-03   3.3686492e-13   8.6549633e-04
   1.7931514e-22   1.0650625e-08   2.1989030e-14   2.7561239e-40   7.9957992e-18   3.4033281e-03   3.1275721e-36   8.9305541e-03   5.1990097e-14   9.3678358e-04
   8.4624828e-13   2.8337766e-05   4.9582784e-22   3.2818354e-23   8.4784691e-04   5.0057642e-13   9.5705696e-32   9.1828050e-03   4.1654269e-12   7.7810636e-04
   6.3342205e-12   3.5613571e-09   3.6425563e-22   1.7579734e-09   4.2223736e-03   5.4614994e-23   1.0953357e-32   1.0153562e-02   5.7830971e-12   7.7567224e-04
   4.0623696e-12   1.1430964e-14   2.1669425e-19   2.0301842e-03   5.9183424e-13   6.6072558e-17   3.0277351e-66   9.2465114e-03   3.4683383e-09   6.8229073e-04
   7.1397003e-10   3.2191744e-05   2.0446774e-20   1.2554820e-13   4.1179766e-22   1.4586054e-07   1.7379841e-25   9.7186961e-03   1.9647660e-11   6.9708313e-04
   5.7958432e-10   1.5813257e-04   2.9455705e-23   5.8315522e-30   1.3018597e-21   8.3249154e-04   2.8325116e-12   9.7001225e-03   2.2990128e-12   6.3732907e-04
   1.0800126e-05   3.8267885e-04   3.3540242e-20   9.0891762e-28   6.1061171e-06   2.2774186e-06   8.1297474e-16   8.5081242e-03   1.1971899e-07   5.3486794e-04
   9.5107604e-06   2.1153242e-04   7.9752359e-18   8.1417206e-31   1.4906168e-09   2.4751990e-12   2.5195413e-33   8.0165706e-03   5.9134375e-06   6.5874793e-04
   7.6959387e-14   1.7903539e-04   1.0097536e-20   5.5582006e-43   1.3146497e-05   1.0679524e-19   1.2465844e-48   1.0976057e-02   6.2165539e-10   5.2215677e-04
   4.8217450e-08   5.7016365e-05   1.7737925e-20   1.6845591e-33   4.4586527e-04   7.4523409e-24   2.0266911e-50   1.1247048e-02   5.8097785e-07   4.3259455e-04
   2.1841328e-07   1.1550382e-10   1.4418766e-20   2.7739998e-23   3.1587364e-13   1.7108468e-23   3.5916407e-61   1.2582500e-02   7.5401927e-07   4.8535154e-04
   1.6913781e-08   1.8248231e-08   9.2580181e-27   2.2352748e-19   3.0122428e-15   4.8023765e-11   1.4548571e-43   1.3573421e-02   6.2840908e-10   6.1061522e-04
   1.5260135e-12   3.4380928e-12   1.1482603e-23   5.3538779e-19   4.8365471e-15   1.1031355e-04   2.1614727e-18   1.6010817e-02   8.7891950e-13   4.6875751e-04
   6.7267838e-13   4.3384944e-13   1.7346966e-19   9.5400902e-31   1.2914481e-04   3.2524956e-10   9.6036087e-24   1.6478892e-02   6.6976050e-15   4.5617352e-04
   6.6475861e-14   7.5521688e-17   1.7994384e-22   1.1052843e-37   7.4125026e-13   1.0148737e-13   8.2535744e-31   1.4740898e-02   5.1174730e-13   2.6224100e-04
   1.5550916e-11   2.0190556e-17   2.0620260e-20   3.1463019e-32   1.2102919e-11   9.6157604e-15   2.7338432e-26   1.2749260e-02   1.1146180e-11   3.8685635e-04
   3.0516253e-10   9.0985444e-09   2.5096078e-20   2.6963923e-38   1.6903523e-17   3.6893501e-21   2.2395442e-44   1.1713039e-02   2.2303789e-11   6.0400630e-04
   2.6452621e-07   1.0569240e-04   8.3594618e-24   4.5936438e-23   8.9699074e-30   1.4784080e-35   1.1361987e-54   1.2046793e-02   2.4719473e-12   6.3526488e-04
   4.6738112e-09   1.3755974e-04   4.5054098e-23   9.5031433e-19   2.2878021e-35   1.4637056e-29   2.3476212e-51   1.3019749e-02   4.4192161e-15   6.9964999e-04
   1.8645441e-10   1.1344845e-05   1.9177928e-12   2.1387102e-19   2.5682033e-33   3.4470918e-26   3.6147763e-40   1.2929958e-02   8.3465136e-17   8.1126259e-04
   1.8478388e-05   2.5171986e-08   7.7355120e-09   5.6965309e-30   3.3618395e-17   1.6663612e-27   6.0099075e-43   1.2584994e-02   1.7343482e-14   7.9714785e-04
   7.5327260e-04   1.3661342e-07   9.4762613e-11   7.8931653e-23   2.7852525e-17   3.5553217e-22   1.2844157e-48   9.8532608e-03   4.0980841e-11   6.6851127e-04
   2.5918786e-03   3.4239310e-12   1.7578134e-10   1.2328547e-11   3.8841501e-28   9.1984455e-19   9.0021770e-57   7.9804370e-03   8.0223489e-13   7.7528935e-04
   3.1444860e-03   2.6181746e-13   1.7899724e-11   6.2999366e-13   6.2448539e-30   1.5565168e-25   1.0747985e-59   8.0395165e-03   1.5432995e-13   9.1595192e-04
   3.2357601e-03   8.9084493e-09   5.6483182e-11   2.2139417e-35   1.4282691e-27   1.5833837e-25   2.2139370e-81   6.2584928e-03   3.6211226e-09   1.3582279e-03
   4.7010498e-03   8.6673004e-06   1.1078255e-06   2.8456529e-19   4.2615198e-35   4.0490851e-31   5.2656726e-92   6.8139922e-03   6.4649722e-13   1.0075368e-03
   6.1672228e-03   7.4559219e-09   3.3059301e-09   5.5235110e-06   5.3757432e-37   2.4820481e-27   5.4700343e-57   5.1947795e-03   7.9664966e-10   8.4811326e-04
   5.5662593e-03   1.3361031e-09   1.6079599e-17   9.8340111e-06   2.7524599e-23   1.1113272e-26   1.1400680e-43   5.9731102e-03   6.5356250e-09   6.6154870e-04
   7.6747046e-03   1.6568065e-08   2.2594679e-14   2.1454997e-05   9.2097753e-13   5.1489314e-20   4.1413370e-46   5.2151399e-03   4.7960313e-08   4.7556583e-04
   8.7113107e-03   7.1596590e-10   6.8457027e-14   5.9520253e-04   6.1256092e-16   1.5302008e-20   1.2082544e-51   4.2135756e-03   1.5681563e-05   4.6450308e-04
   8.8637647e-03   3.3685698e-09   5.2245660e-09   1.3066371e-03   8.5043824e-26   1.5390940e-19   6.4112076e-44   3.7752015e-03   2.7738770e-05   4.6702239e-04
   6.9293209e-03   1.4948624e-15   4.7305832e-16   1.1598403e-03   1.4814123e-26   3.9541198e-26   1.1521324e-47   2.9523108e-03   8.2453255e-05   6.6094303e-04
   4.4677024e-03   6.6457598e-09   3.3725718e-09   1.8004735e-04   2.4894330e-27   1.2292796e-24   1.1049783e-74   2.5031846e-03   3.5924685e-04   8.5222448e-04
   3.7675714e-03   6.7011785e-11   8.3289980e-12   4.9120689e-14   5.5944010e-25   4.9162138e-30   5.8535715e-43   2.6384911e-03   4.7665118e-04   7.1359851e-04
   3.7969798e-03   2.2593095e-06   1.2742288e-18   1.8866462e-07   5.3322064e-37   6.6418895e-31   7.6634788e-30   2.4292670e-03   5.6200315e-04   5.9818998e-04
   3.3445319e-03   7.3653793e-04   2.2138227e-18   1.9316932e-15   1.1914560e-15   3.0142411e-21   5.3179848e-31   2.1642208e-03   6.6147593e-04   4.9449727e-04
   4.9622287e-03   3.0175463e-04   2.5145257e-10   7.5484335e-11   6.8022691e-23   1.4816082e-18   4.5506181e-37   1.8132210e-03   4.6973085e-04   4.3271732e-04
   5.5897856e-03   2.2432810e-04   6.5382891e-09   2.4974068e-08   9.4749192e-23   2.6176856e-21   2.5000968e-45   1.1512151e-03   5.3945546e-04   5.0495734e-04
   5.3538670e-03   2.8548376e-04   1.8275695e-12   7.4267277e-06   1.5755800e-38   2.0911040e-23   1.5678769e-47   1.0904309e-03   5.2347319e-04   5.4274481e-04
   5.4126838e-03   4.5055713e-08   9.3100977e-12   8.3730632e-06   1.0755166e-33   4.8545860e-25   6.9407917e-35   1.0239616e-03   2.9187768e-04   6.6286084e-04
   4.6000100e-03   1.2557564e-05   2.0275307e-15   2.6092253e-12   2.2880656e-30   2.6458860e-25   6.1066468e-25   8.9602429e-04   3.1739829e-04   7.3794073e-04
   3.5255282e-03   5.4750960e-04   4.6102997e-13   4.8652930e-29   5.2751605e-26   1.0679742e-25   4.5272263e-25   8.8423655e-04   4.1271071e-04   7.4791050e-04
   3.9165187e-03   6.5093857e-04   9.9209909e-13   2.7923214e-18   4.8078326e-20   2.8625699e-26   1.6114883e-45   8.1620557e-04   4.3368504e-04   6.1237014e-04
   4.7259422e-03   6.1325580e-04   5.6477012e-12   1.9197294e-11   1.1251829e-27   1.8719397e-26   2.3634656e-62   8.1951908e-04   2.3330011e-04   5.4766997e-04
   5.2745838e-03   8.6249087e-04   5.1283152e-10   1.2493291e-15   4.9869369e-41   1.3821466e-31   2.3051583e-33   7.1087754e-04   2.0934739e-04   5.5340111e-04
   5.4466016e-03   5.4881646e-04   3.7679007e-10   4.9403138e-17   9.8257241e-29   1.6636414e-31   8.4568060e-36   5.6153470e-04   1.6781320e-04   5.6618638e-04
   6.4952258e-03   8.3176408e-07   1.0298797e-10   1.0210630e-11   2.2802685e-23   2.4823733e-36   2.3501779e-08   4.3821925e-04   1.6942500e-04   6.4808012e-04
   6.4554674e-03   6.1326458e-11   3.2484442e-11   1.3751603e-14   7.9277466e-44   1.9754464e-31   1.7804223e-06   3.3548377e-04   1.3111543e-04   6.8995176e-04
   4.7902386e-03   5.1722811e-12   6.3270402e-11   6.4383296e-22   4.2136067e-42   8.8684238e-29   5.3877231e-18   4.8975725e-04   2.0513046e-04   6.4640489e-04
   4.9430196e-03   1.7071396e-09   1.9710892e-08   1.7943280e-18   1.6240825e-36   3.8640878e-33   1.7374004e-38   6.3039398e-04   1.0208324e-04   5.9141328e-04
   4.6726252e-03   4.5048309e-06   1.8414546e-09   5.0818546e-16   9.3308258e-42   6.9744968e-25   1.3910881e-33   4.1334642e-04   1.5731298e-04   5.9533174e-04
   4.1250064e-03   2.3994208e-11   8.3454562e-10   1.4260633e-19   4.3669827e-35   3.7294323e-22   9.9763220e-37   2.9778267e-04   3.0748557e-04   5.9295219e-04
   4.1446021e-03   7.3152815e-10   6.6048681e-07   1.8825713e-20   4.6543408e-37   5.6454261e-24   6.3781313e-52   2.0851595e-04   2.6969166e-04   6.4444752e-04
   4.0841454e-03   2.9699995e-11   1.0092179e-08   1.8594521e-14   7.0296291e-43   5.2029536e-24   4.3554533e-33   3.6706177e-04   1.9760833e-04   5.8519990e-04
   4.6053096e-03   4.9147518e-21   1.2544069e-08   1.7072594e-04   2.3925626e-37   9.1010536e-31   4.6373735e-28   3.9416094e-04   1.6044748e-04   4.9328922e-04
   4.4052750e-03   5.4156829e-15   1.3034266e-05   4.5803848e-04   2.5783670e-36   1.3691887e-29   2.3547038e-37   3.5810075e-04   2.6922590e-04   5.0933551e-04
   3.8683801e-03   3.5336443e-11   2.3819918e-07   2.4137371e-10   1.5445744e-49   1.3535408e-25   8.1256553e-41   3.8757477e-04   2.4123649e-04   5.7478249e-04
   3.9170921e-03   1.8587888e-10   3.9658331e-06   7.7147193e-17   6.6586910e-48   1.0226841e-16   2.3580161e-49   2.7563337e-04   3.2716574e-04   6.1544578e-04
   4.1530900e-03   4.3103663e-05   4.2630856e-04   5.0629021e-10   2.6835010e-42   1.7241125e-17   2.4986356e-70   2.3874632e-04   3.7352578e-04   5.2879906e-04
   3.9005778e-03   2.1669407e-05   9.4621182e-05   2.4525583e-10   5.1475047e-31   1.4896565e-17   1.0611766e-66   4.0520698e-04   3.6643858e-04   5.0795346e-04
   3.9094190e-03   1.1603323e-04   2.7441500e-06   7.2669246e-13   3.2655674e-34   3.6473762e-18   3.7490568e-41   3.5909849e-04   2.9153849e-04   5.6337955e-04
   4.1498240e-03   2.8080675e-05   9.9999195e-05   1.2963404e-09   5.6762242e-45   9.2538355e-17   1.3079908e-32   2.5396491e-04   3.2158954e-04   5.2760142e-04
   4.7484340e-03   4.0446414e-05   1.2058851e-05   3.5365683e-05   2.0945897e-39   1.0340896e-16   1.1345970e-43   3.6315967e-04   3.6700842e-04   4.9485553e-04
   4.6335134e-03   3.7710592e-06   1.6260578e-07   3.5905969e-04   6.1409243e-30   2.9322734e-20   7.3316457e-51   4.7986878e-04   2.2394733e-04   4.7295339e-04
   4.6027028e-03   5.0362461e-05   2.0217616e-11   1.0277000e-03   1.4180249e-30   1.3028491e-26   2.3240680e-51   4.0963474e-04   2.6564601e-04   4.2680440e-04
   3.5837094e-03   3.4337461e-05   7.6618217e-12   5.7260528e-09   1.6318118e-36   2.0010642e-16   1.0847806e-61   4.1598821e-04   3.8178828e-04   5.0915718e-04
   2.8353331e-03   1.7744512e-04   3.9254701e-06   4.2583551e-05   2.5774022e-33   4.7124799e-11   2.7872293e-74   3.0774000e-04   5.5983180e-04   5.5209645e-04
   2.4906927e-03   1.8487647e-04   1.0131098e-04   5.3984472e-12   6.7119142e-28   5.8681304e-10   1.3768428e-45   3.6240590e-04   4.9873576e-04   6.1980138e-04
   1.9262400e-03   6.7751633e-05   2.8604265e-05   1.1074822e-13   1.6900212e-26   1.1164476e-11   1.2042883e-42   3.4108225e-04   6.0533147e-04   5.6069508e-04
   2.2145517e-03   5.9840051e-05   6.7592756e-05   9.3466913e-04   5.4689523e-36   1.0966876e-14   3.4010950e-53   2.9645577e-04   5.6479942e-04   5.5858877e-04
   3.6388821e-03   4.1795066e-10   5.2152715e-05   1.0813357e-03   9.6605633e-35   3.5868246e-13   2.9666510e-53   3.8830744e-04   3.5037074e-04   5.2521809e-04
   4.7202162e-03   2.0743126e-15   1.3132285e-06   1.4136225e-03   1.9151427e-28   3.5142810e-15   1.6191197e-66   4.9721311e-04   1.5405354e-04   4.8383864e-04
   4.6486857e-03   2.7611767e-05   6.5013269e-05   1.6026737e-03   4.6781942e-28   9.3386463e-11   3.3598239e-96   5.1500676e-04   1.8752784e-04   4.1477501e-04
   3.2923237e-03   4.2632211e-05   5.6522182e-05   7.7104088e-04   4.5543252e-30   4.9337716e-12   1.7939715e-68   4.7823358e-04   2.4704095e-04   4.9970979e-04
   3.2662673e-03   1.2530781e-08   5.0007674e-07   1.5699032e-03   2.7418008e-35   1.4871864e-13   1.4825458e-42   4.3648800e-04   2.3419885e-04   5.5549763e-04
   3.0326167e-03   2.0974841e-09   1.3231200e-04   1.5138532e-03   2.0553553e-36   8.3294708e-17   1.4630623e-50   4.0359305e-04   2.5327788e-04   5.3131608e-04
   2.6032110e-03   1.9789099e-08   3.3251937e-04   8.8668883e-04   9.9714793e-28   2.1597149e-18   1.5290360e-72   4.7430343e-04   2.5223493e-04   5.0002307e-04
   2.3273127e-03   2.1724484e-04   5.4105948e-06   6.3535262e-04   2.6544365e-28   9.5471610e-16   1.0359698e-49   3.5970451e-04   3.5708667e-04   5.4238791e-04
   3.1515120e-03   6.8756760e-07   6.6740030e-07   6.3257849e-04   6.5823968e-36   3.1606834e-17   2.4191116e-46   4.3546474e-04   2.8134898e-04   5.3581619e-04
   3.7659606e-03   1.7441309e-15   8.8042553e-06   1.0617499e-03   1.1067517e-31   1.1014945e-18   1.0916329e-67   3.8544607e-04   3.4383372e-04   4.6960532e-04
   3.2333257e-03   4.3179197e-14   3.9207315e-06   9.4903110e-04   1.8858988e-28   4.5616755e-15   1.4656151e-67   3.0054843e-04   2.7235671e-04   6.1428015e-04
   3.6653022e-03   1.6532186e-05   2.7557715e-05   1.5404202e-04   3.5058648e-29   1.4881551e-14   7.6882098e-45   3.1272127e-04   1.5506730e-04   6.1412437e-04
   4.0180826e-03   1.5587015e-04   1.7949692e-05   4.4414694e-04   2.7165857e-35   2.0337138e-14   2.2212186e-57   4.0707232e-04   1.4046759e-04   5.7844841e-04
   4.4054122e-03   6.0538029e-06   1.9411691e-04   1.6506393e-04   1.4440817e-21   1.3007884e-11   5.6105646e-65   3.5769011e-04   3.4607871e-04   6.0856103e-04
   4.0977227e-03   5.5982441e-07   5.8301351e-04   3.4038729e-10   6.0142481e-30   8.7121813e-07   7.1190990e-65   4.0933007e-04   2.8116765e-04   6.5398797e-04
   4.2188755e-03   1.4130317e-12   1.4398036e-04   6.6174012e-04   3.8711216e-33   5.4642845e-20   1.0214998e-71   3.9625684e-04   2.6032638e-04   6.2125647e-04
   4.6858795e-03   1.5337170e-15   5.3111382e-05   4.8063910e-04   3.8191415e-31   9.3863988e-18  2.4744536e-116   4.6061264e-04   3.4503752e-04   6.5313454e-04
   4.7165216e-03   2.4322459e-18   5.4043196e-07   6.1432977e-05   5.2130022e-39   2.3261075e-16   1.2088298e-65   5.8428602e-04   2.0119417e-04   7.4198379e-04
   4.4692846e-03   8.2398721e-13   3.0817075e-11   1.5016019e-09   7.7587756e-42   2.5080189e-18   1.9586612e-47   4.6698726e-04   1.7104104e-04   7.9166887e-04
   3.8907825e-03   1.2423584e-10   3.3260673e-09   7.9264020e-17   6.1951023e-28   1.9116261e-23   6.2881318e-58   5.0787924e-04   1.4784386e-04   8.8371282e-04
   4.1811875e-03   1.5577395e-08   3.5862833e-05   5.1280567e-04   1.1000820e-23   2.1120987e-21   1.9822184e-46   5.8530719e-04   1.5294984e-04   7.9481743e-04
   3.5314919e-03   4.0976293e-11   2.1243484e-04   5.2699711e-04   6.6953746e-38   8.3180227e-14   3.4802416e-36   6.0224853e-04   2.2330471e-04   7.9893298e-04
   3.7935820e-03   1.2924383e-09   1.5106812e-04   1.4042269e-16   5.2259959e-34   2.9619280e-12   4.6692211e-51   6.3068926e-04   7.8318993e-05   8.7367911e-04
   3.2928027e-03   1.2789218e-06   1.1283847e-06   6.0980609e-18   1.3593729e-44   7.6904005e-14   2.2554103e-67   6.8542191e-04   9.0958944e-05   9.2576462e-04
   3.9955525e-03   5.2180524e-16   2.9329085e-13   6.2515111e-14   5.1579988e-50   3.9747033e-15   1.5862364e-38   4.4130582e-04   4.0794800e-05   1.0687453e-03
   5.3857071e-03   2.2045767e-12   2.5601846e-16   6.7997101e-07   4.1532424e-31   2.9049577e-16   1.2824888e-25   3.1819391e-04   2.0884117e-05   1.0456866e-03
   4.5352476e-03   2.5332075e-14   4.1396958e-16   3.0217184e-14   2.4843060e-32   2.9582272e-21   2.1558176e-27   8.8170051e-04   1.6950442e-05   9.0328817e-04
   3.6168277e-03   3.0085150e-06   9.7960639e-15   8.8588245e-25   4.4708003e-21   4.2663975e-12   3.6660818e-22   1.2048407e-03   1.0395092e-04   9.0826929e-04
   4.1300466e-03   2.6234856e-04   3.6743586e-10   1.2968955e-11   1.1204374e-29   7.6997987e-14   6.9255381e-19   1.1583942e-03   4.3025074e-05   1.0830913e-03
   4.2291878e-03   4.7727533e-04   5.0206986e-09   2.7425425e-17   1.8269796e-33   2.6758936e-06   5.6857553e-27   1.3035660e-03   1.7676838e-07   1.1941652e-03
   3.8333405e-03   6.1343330e-04   1.7591822e-07   7.6708607e-31   2.0287221e-32   6.1976906e-09   8.5584775e-52   1.2972335e-03   8.7608123e-09   1.2742842e-03
   4.4748266e-03   3.6908009e-04   7.0189515e-10   1.1768231e-28   3.8497302e-32   4.0901952e-17   1.7388515e-40   1.1165378e-03   3.1041956e-07   1.3418251e-03
   7.5574113e-03   2.3833017e-04   4.4936787e-11   2.3167279e-23   4.5072354e-40   1.3518002e-16   4.6492030e-30   8.7009695e-04   3.4192900e-10   1.4745085e-03
   9.0635335e-03   4.6151835e-04   5.7514050e-08   7.6400676e-21   4.8831510e-41   1.6549567e-12   7.0097392e-27   1.0873470e-03   8.3851515e-11   1.4554426e-03
   7.3704077e-03   1.4696114e-03   7.6102054e-11   1.2536059e-21   9.2774882e-49   2.7251016e-06   3.0963932e-41   1.0330944e-03   9.0914626e-10   1.5605807e-03
   5.8355435e-03   1.6667756e-03   2.4217872e-16   1.6040962e-21   1.8581781e-47   6.1779344e-05   1.5723560e-39   8.7499048e-04   3.6351757e-07   1.6028338e-03
   5.2549609e-03   1.3449952e-03   1.9352140e-10   8.1147274e-15   2.4781171e-44   1.0967437e-03   5.2506742e-53   5.2050363e-04   3.2773789e-06   1.7395944e-03
   3.6601327e-03   1.3288728e-03   1.0359863e-08   1.7701330e-18   1.5019181e-45   2.2503570e-04   2.7474126e-66   1.0960776e-03   3.8878182e-07   1.5690155e-03
   4.4049525e-03   2.4584092e-03   5.2666337e-06   7.3263763e-24   3.5147373e-46   1.7294875e-13   3.0433190e-38   7.9369955e-04   2.3133152e-07   1.6056377e-03
   6.9351163e-03   1.9000633e-03   2.1541486e-04   2.8654932e-25   6.5709342e-39   1.1399952e-17   2.0343175e-44   2.6902675e-04   5.2409621e-06   1.4732077e-03
   1.0607298e-02   6.9261471e-04   2.0265231e-05   7.3197267e-11   2.0838993e-48   7.6773321e-20   3.8831022e-50   3.1452924e-04   1.6956597e-06   1.4456294e-03
   1.0293811e-02   1.3385323e-11   1.4332427e-06   1.1825303e-03   5.2472337e-42   5.4787614e-18   4.9122476e-43   4.8942630e-04   2.9627624e-07   1.3063143e-03
   9.5846735e-03   7.3969885e-10   3.3580159e-05   1.7097295e-07   1.0243279e-47   3.9585304e-08   1.3453996e-46   7.4488852e-04   4.7585079e-06   9.7076976e-04
   7.4782885e-03   2.6963914e-09   2.3518745e-05   2.9503951e-06   1.6389431e-32   2.1444920e-07   3.3041529e-48   6.4738049e-04   5.0344265e-05   1.0573204e-03
   6.0150069e-03   1.3078413e-04   1.4599754e-04   3.6999965e-04   3.1903362e-25   1.3146535e-11   6.1608086e-74   7.1197661e-04   4.1722815e-05   1.0452879e-03
   5.4463051e-03   2.4703896e-04   5.8579179e-04   8.3134312e-09   3.5157158e-33   1.2223431e-16   2.2407023e-46   4.7863051e-04   7.8748520e-05   1.0420586e-03
   5.9207579e-03   7.2916754e-04   1.2832472e-03   7.0271287e-19   3.9359310e-40   2.6424668e-19   2.9146174e-42   2.0136069e-04   1.3735743e-04   8.4246561e-04
   7.6284447e-03   4.6809233e-04   1.6097743e-03   2.8463322e-23   1.4060193e-27   1.7822246e-09   2.5021498e-27   8.2732630e-05   2.2892372e-04   7.5560913e-04
   7.5777270e-03   4.9206035e-04   1.3093172e-03   1.5371474e-14   3.7696275e-29   7.0522837e-16   2.8822509e-35   2.9620744e-04   1.5118984e-04   7.7814147e-04
   6.1457468e-03   4.2184531e-04   6.0661282e-04   2.5839428e-11   1.9011671e-23   6.7751115e-11   1.1830307e-48   5.5694916e-04   2.8587707e-05   7.1276515e-04
   4.8770624e-03   4.9007642e-04   2.8365244e-04   7.0608223e-10   4.7975762e-28   1.7850650e-10   6.9562209e-37   5.6211922e-04   4.9552897e-05   7.1091904e-04
   7.3595808e-03   5.3940572e-09   6.6384775e-07   7.4090085e-12   8.3068580e-43   1.6688457e-15   2.8521028e-45   5.1742043e-04   4.5065689e-05   7.1593571e-04
   9.1508055e-03   7.0542755e-10   8.6839468e-09   4.0390753e-13   4.2326399e-31   1.4425317e-12   6.2175208e-47   4.4122893e-04   1.5022929e-04   6.3810557e-04
   8.8970818e-03   4.0868223e-05   4.1263725e-16   9.0318621e-22   5.4542752e-21   2.3570811e-21   2.3116251e-24   2.3722581e-04   2.1419959e-04   5.6894174e-04
   7.7177195e-03   2.4686836e-11   9.2114187e-09   1.4195696e-31   7.2137218e-21   1.8606102e-19   6.5223126e-20   1.0501477e-04   1.9783173e-04   5.9845932e-04
   6.4022317e-03   1.4857919e-04   1.8825095e-06   1.2989341e-28   1.7439887e-28   1.3286525e-20   2.7170867e-28   3.0285214e-04   1.6377841e-04   6.0889191e-04
   6.3526671e-03   3.2440174e-04   6.2715027e-05   1.4466351e-19   8.4081356e-29   5.8841460e-19   1.7488213e-22   4.0125418e-04   5.1951904e-05   5.8880746e-04
   5.7362935e-03   7.9503837e-04   8.4896976e-07   5.9167900e-13   3.8305244e-19   3.4130456e-13   5.9166915e-27   4.5641446e-04   6.8688434e-05   4.9644403e-04
   6.7965771e-03   8.4823372e-05   9.0354104e-09   8.1132539e-13   1.0014783e-22   3.5787402e-13   2.3399852e-36   3.9319724e-04   9.8513216e-05   5.3899412e-04
   6.9376277e-03   1.2448864e-03   1.2952813e-14   9.2568086e-15   8.2373873e-45   1.0451312e-09   5.1633599e-15   2.6478359e-04   4.3946261e-05   6.0360448e-04
   7.8103496e-03   8.0204492e-04   9.6188827e-20   5.0838646e-13   4.9092255e-41   1.0486566e-18   1.5403774e-11   1.6401806e-04   1.2891533e-04   6.4127769e-04
   6.2959473e-03   1.6259503e-03   3.6117947e-20   7.8753274e-19   1.2226705e-27   2.1480937e-17   3.3666929e-19   1.1980032e-04   1.4940815e-04   6.1913832e-04
   6.6815048e-03   2.4163843e-03   1.0701754e-13   2.6920726e-26   2.2360020e-30   1.9059734e-21   1.0558222e-33   1.7332358e-04   1.2461949e-04   5.4338850e-04
   8.7714012e-03   2.1560103e-03   8.9385542e-17   3.2479174e-23   3.3092292e-29   5.9465106e-16   3.4432136e-34   2.3819201e-04   1.3936173e-05   5.6016423e-04
   9.0309459e-03   1.2653537e-03   6.9104260e-12   2.0485107e-23   3.2950337e-22   3.4573088e-14   6.5677640e-27   3.2558740e-04   2.0985583e-05   5.3155280e-04
   9.1813803e-03   4.4640832e-04   1.6161585e-11   1.0319548e-22   2.4290233e-29   5.3612474e-13   2.9724917e-36   3.4501361e-04   7.5611682e-05   5.9021970e-04
   1.0160030e-02   8.4603719e-05   5.9734485e-20   1.5866504e-11   1.8886118e-42   1.7905545e-10   1.4055525e-32   3.3127659e-04   7.2613333e-05   6.1205838e-04
   7.2786241e-03   1.5339521e-03   2.7059401e-18   1.1412301e-12   5.2993276e-47   1.0931307e-12   4.2672962e-37   1.3406836e-04   3.1193740e-05   7.4067770e-04
   7.3638910e-03   1.1454618e-03   1.0424476e-13   3.3509777e-16   3.3134374e-48   3.1632044e-13   2.4308880e-39   7.2803919e-05   9.3016415e-05   6.8138248e-04
   6.3457184e-03   1.3065823e-03   5.9018831e-12   7.5174253e-18   2.6729741e-34   1.8427873e-18   2.7832753e-41   6.9604474e-05   1.4868681e-04   6.2709971e-04
   5.6720642e-03   2.1553284e-03   8.3426447e-18   1.2509713e-35   1.2497151e-23   2.3317723e-19   1.6885440e-51   2.0692365e-04   8.1844742e-05   6.6330583e-04
   5.0451653e-03   2.2730544e-03   5.4704814e-17   7.7356780e-27   2.3324984e-14   2.2415924e-18   1.6676385e-53   2.9845547e-04   8.5452646e-05   6.2409452e-04
   4.5481993e-03   1.8960807e-03   2.3206051e-18   2.6463048e-25   1.9949863e-21   3.9635497e-13   6.5462826e-54   2.9728463e-04   3.9703302e-05   6.9381539e-04
   8.9174060e-03   3.6324356e-09   4.8433904e-14   6.8079309e-21   3.3579476e-29   3.4015177e-24   2.6671193e-71   1.1116510e-04   4.3643292e-05   8.2188441e-04
   9.4379012e-03   3.4994603e-05   2.6784348e-20   2.7951799e-08   8.5146704e-40   1.5969918e-24   1.1098397e-70   5.5043974e-05   1.1245627e-04   8.5399386e-04
   7.5148450e-03   1.7008691e-03   8.2566493e-17   9.7630807e-08   3.9429075e-33   2.0702147e-15   1.0104363e-66   6.9102532e-05   1.6028814e-04   7.2405916e-04
   1.0101441e-02   4.3288708e-08   6.8464864e-17   1.0528082e-10   5.1344539e-25   5.4688769e-12   1.5950549e-82   9.3107066e-05   7.8626212e-05   7.3272562e-04
   6.1561441e-03   2.1300001e-03   1.1362515e-13   1.1982677e-13   4.0801896e-40   3.1529616e-18   1.9591473e-72   1.3942529e-04   2.5563365e-05   6.9046466e-04
   4.6644044e-03   2.2405634e-03   1.5988778e-13   6.6771274e-28   6.2265899e-35   7.3083658e-15   6.0278999e-64   1.7833087e-04   4.8986259e-05   7.2968788e-04
   7.6077549e-03   1.5571029e-03   2.2446727e-12   3.4434878e-15   2.3828235e-22   8.2534572e-14   2.0578618e-50   1.6427433e-04   3.3518253e-05   6.9453444e-04
   6.2279853e-03   1.7264169e-03   1.9250712e-17   2.5467030e-27   1.5002676e-26   1.2840458e-20   1.3016917e-53   7.3102130e-05   8.5853411e-05   7.9227295e-04
   9.6893256e-03   1.3631975e-04   6.6556576e-12   2.7577510e-16   8.5209101e-31   1.9155305e-15   1.9995859e-87   1.5258394e-05   1.2291813e-04   8.2929503e-04
   1.1830487e-02   3.0720561e-08   1.0755237e-07   1.0798538e-04   3.7456280e-36   3.0047400e-16   3.4892776e-71   6.7437634e-05   6.1563078e-05   7.0088703e-04
   7.6619280e-03   2.3862298e-03   2.3044477e-11   4.5477693e-05   2.4487448e-24   5.9441418e-19   7.8930409e-67   1.2905836e-04   1.3331202e-05   7.2114983e-04
   5.9930401e-03   3.3328694e-03   1.6763813e-13   5.2012650e-05   6.5522558e-25   2.8212368e-18   1.9813627e-79   1.2312144e-04   2.8798018e-05   7.4203664e-04
   5.3300753e-03   3.6624255e-03   5.0000106e-17   6.5471587e-08   7.2639694e-38   3.5634746e-11   3.0920323e-64   2.0537697e-04   2.4683773e-05   7.3726121e-04
   4.3975701e-03   3.0639506e-03   2.9316151e-18   3.9942359e-18   8.6835069e-41   7.5657537e-12   5.2261886e-48   1.4277776e-04   1.5549848e-05   7.3920273e-04
   3.3734736e-03   3.4640975e-03   1.0665930e-14   5.2523354e-25   4.2367916e-29   6.9309790e-15   1.9423592e-62   7.0120400e-05   3.8062686e-05   7.4446208e-04
   3.8880260e-03   3.6352926e-03   4.2538607e-09   4.9598871e-26   4.1300412e-33   7.1615028e-15   1.2775156e-64   4.3458215e-05   7.4313684e-05   6.6317855e-04
   4.1778723e-03   3.1555520e-03   9.3433672e-08   1.3024655e-06   9.9016677e-40   1.6212861e-12   2.1418509e-64   8.1611194e-05   1.0782828e-04   7.2437119e-04
   3.7686898e-03   3.0615666e-03   3.7162816e-11   3.3842475e-04   2.2619810e-37   8.0108996e-14   9.2545842e-72   1.0533831e-04   7.9921692e-05   7.9390977e-04
   3.9235251e-03   2.7957698e-03   2.5060050e-10   6.8266863e-05   1.3088065e-35   1.5020142e-13   1.8729950e-61   1.3208403e-04   6.5312623e-05   7.1601594e-04
   3.7330795e-03   3.3794703e-03   2.2894668e-08   4.1772714e-06   4.0251400e-36   2.3587715e-12   1.7916486e-67   2.4540323e-04   5.6077292e-05   6.7483735e-04
   4.2712633e-03   3.5479325e-03   9.3950970e-18   1.4430320e-19   6.7576649e-31   1.1640615e-14   2.8539494e-43   2.4136184e-04   1.6471500e-05   6.7817855e-04
   3.7903606e-03   4.1637931e-03   2.4151076e-16   4.0314947e-30   2.9151349e-31   1.2984041e-14   2.4383484e-55   1.6520107e-04   6.7178078e-07   6.6755802e-04
   3.2456969e-03   3.8635469e-03   3.5499094e-08   1.8585274e-19   4.1449976e-35   2.6418919e-12   1.6318216e-92   1.1621676e-04   1.5244031e-05   6.5741375e-04
   2.8662308e-03   4.2867963e-03   5.0586947e-09   3.3714626e-19   3.6876890e-23   9.5612920e-14   3.0367075e-61   1.7125872e-04   3.8210632e-05   6.5232145e-04
   1.8054298e-03   4.5558344e-03   1.4776961e-16   3.7227389e-14   5.0069585e-24   1.7975545e-17   4.9116913e-71   2.2346546e-04   5.4452584e-05   6.8188878e-04
   2.4600232e-03   4.3059040e-03   5.8510787e-10   6.6230131e-08   3.7441130e-28   5.5770175e-13   4.3076558e-84   2.5545530e-04   8.0144997e-05   6.4899553e-04
   2.6591843e-03   5.2245709e-03   2.6198632e-11   1.1227528e-12   1.4855819e-28   7.1097232e-17   9.0710410e-66   2.8140930e-04   5.8744721e-06   6.0708657e-04
   2.5461628e-03   4.6910229e-03   2.7748550e-11   1.2513443e-17   2.2401349e-28   1.6943238e-18   7.8946980e-75   2.9449659e-04   9.4992874e-07   6.8163256e-04
   3.6321554e-03   4.0126132e-03   3.4587697e-13   2.6593833e-20   4.7372367e-22   1.7958164e-18   3.0167765e-68   2.1370267e-04   3.2833914e-05   6.4856282e-04
   2.9804701e-03   5.5883132e-03   4.6390062e-14   2.0381015e-33   3.6038096e-28   4.3172262e-18   9.6892223e-64   1.4495913e-04   3.0585334e-05   6.1294084e-04
   2.2584746e-03   6.3895540e-03   1.1495827e-13   8.6297050e-38   2.5461470e-27   1.2411656e-16   9.4906797e-66   2.2512818e-04   3.9101550e-07   5.3109914e-04
   2.2708922e-03   5.1795320e-03   3.9645955e-15   2.1088911e-29   6.5369046e-20   5.1608474e-21   8.8563036e-66   3.4712730e-04   1.4708158e-06   5.5701056e-04
   1.8485395e-03   5.3809681e-03   2.0136296e-14   4.3756488e-21   3.1711743e-28   6.4023317e-17   1.0458157e-90   4.1566322e-04   1.2756424e-05   4.9036200e-04
   2.0907502e-03   5.1516675e-03   9.0828183e-12   6.6201283e-21   3.4634651e-28   8.8174595e-28   3.3424517e-41   5.6121044e-04   1.0716736e-06   4.4277767e-04
   2.0401101e-03   4.7791277e-03   2.2480918e-11   4.4570310e-24   5.4797128e-37   3.7499104e-23   5.3659009e-45   5.1583260e-04   2.8312616e-07   4.6339642e-04
   1.3207047e-03   6.3320314e-03   1.6034235e-15   2.6798032e-20   2.7332413e-31   1.8780503e-24   4.1514645e-70   3.1506127e-04   3.9159414e-08   4.6603070e-04
   1.4386229e-03   7.0799713e-03   1.2608657e-18   6.8181303e-32   1.8954271e-26   3.6736559e-21   5.3098935e-33   1.9117028e-04   4.3517956e-08   4.8497607e-04
   1.3470332e-03   6.6613424e-03   2.0204098e-17   1.0273512e-46   3.4355341e-22   1.5142987e-24   4.5561496e-30   3.5805406e-04   4.1219016e-08   5.7187455e-04
   1.7847059e-03   6.7714375e-03   3.8428203e-17   2.4026723e-41   2.6227504e-18   1.4880550e-22   5.3734347e-34   3.8484180e-04   1.1730087e-07   4.9686115e-04
   1.9280546e-03   5.9311841e-03   7.9439624e-13   8.7958723e-31   4.9604202e-25   1.3419899e-25   7.9202445e-65   3.9815113e-04   1.9675006e-06   4.0292220e-04
   2.8145224e-03   4.1925066e-03   7.2451554e-15   1.3000033e-34   2.2773073e-33   4.1883167e-24   6.8396781e-36   2.9037199e-04   3.1918424e-05   4.8769443e-04
   3.8448190e-03   3.5674054e-03   1.2695660e-13   8.4172239e-27   8.1315443e-49   8.3543316e-23   1.2662514e-29   3.7316194e-04   3.9634015e-06   5.1600086e-04
   3.9618062e-03   4.1471387e-03   2.0570697e-11   5.1137045e-24   4.1217720e-22   1.0884255e-14   1.2524286e-39   4.9645948e-04   1.8068898e-07   4.5418101e-04
   3.6341219e-03   4.7254833e-03   3.3128606e-13   3.7878396e-28   1.4366801e-18   1.2935185e-15   5.1260763e-31   3.6444305e-04   1.4810544e-06   4.7656079e-04
   2.0113195e-03   6.2862375e-03   2.3811106e-14   3.2748811e-29   1.1895131e-24   7.0085777e-18   3.3151636e-35   3.9409478e-04   4.5218404e-07   4.6082681e-04
   1.0302476e-03   6.7085363e-03   5.5732834e-16   1.6736274e-28   3.8281925e-29   2.3498357e-17   2.4532920e-30   4.5307770e-04   1.2403514e-07   4.3254918e-04
   1.1089803e-03   7.0519957e-03   4.4160056e-16   3.2328489e-21   1.5771527e-29   1.5328908e-14   4.5517735e-92   4.1295764e-04   1.3579204e-06   4.1743475e-04
   1.1779782e-03   5.8872906e-03   3.5856940e-21   1.8045118e-30   4.7162608e-38   1.4120329e-10   5.4162375e-29   2.0346510e-04   3.5392328e-06   5.5252049e-04
   1.4122994e-03   4.7528890e-03   2.5191958e-19   1.5659876e-31   4.4703859e-42   1.6936544e-17   1.6405355e-18   3.4869813e-04   1.3811811e-06   5.2453140e-04
   1.9879699e-03   4.5193425e-03   1.3557842e-13   1.5373880e-17   1.2233186e-31   1.1857840e-12   5.7553876e-57   5.9535941e-04   3.0204674e-07   4.6124183e-04
   2.0441739e-03   5.3580926e-03   9.0884551e-13   3.7066554e-10   2.9306711e-41   4.9033480e-08   2.5441703e-53   5.9658222e-04   5.1977893e-08   4.6196254e-04
   1.6178820e-03   7.3686275e-03   1.3766939e-09   8.6371795e-05   1.2689157e-41   3.2154221e-04   1.1363865e-52   5.5096129e-04   7.7995154e-08   3.7993142e-04
   1.6043715e-03   8.3267843e-03   4.4588649e-18   1.1218317e-11   8.5370067e-38   1.5475469e-04   5.0841941e-92   6.3264752e-04   8.8087220e-11   3.8196238e-04
   1.8293401e-03   7.6208493e-03   7.3157651e-17   4.9658725e-12   1.7242196e-45   1.3346322e-13   4.0060345e-61   4.6432030e-04   3.4684166e-09   4.3173292e-04
   1.1007586e-03   6.2948246e-03   5.2815424e-15   6.7940856e-07   1.9478257e-52   1.6995917e-11   9.4590255e-48   3.4298998e-04   1.4928089e-07   5.3625094e-04
   7.5702710e-04   5.1085739e-03   1.8338227e-14   3.1686848e-13   9.3491538e-40   1.3489345e-08   3.7280721e-44   4.5028121e-04   2.5555666e-06   5.1335255e-04
   2.2389464e-03   4.2360972e-03   2.2596698e-12   8.0306838e-07   8.6164046e-36   2.1067185e-10   1.6952077e-42   5.4063830e-04   5.6613697e-07   4.9579922e-04
   3.8928919e-03   3.2783967e-03   4.4552005e-15   1.6249599e-04   4.0014433e-42   8.9666211e-06   5.9156781e-53   5.8444380e-04   5.3992007e-08   4.7557415e-04
   4.8685491e-03   1.8459943e-03   6.5993693e-09   1.9327722e-04   2.1223355e-32   3.1365242e-05   9.7770219e-65   6.4390679e-04   4.0968205e-07   4.2445455e-04
   3.5452997e-03   3.4553572e-03   2.3173633e-10   9.3321791e-04   4.4967081e-35   4.1631898e-04   4.6144849e-84   7.5607506e-04   3.0885962e-08   3.6943206e-04
   3.3204594e-03   3.6916459e-03   3.6470928e-14   1.3553459e-03   4.5566814e-47   1.3299614e-08   4.5899594e-93   6.7711206e-04   8.8336846e-07   3.5527016e-04
   2.3407413e-03   5.5857469e-03   3.4653267e-17   1.0807425e-04   1.5325328e-37   2.3641330e-18   6.6720897e-76   4.6785309e-04   1.0648781e-07   4.5063443e-04
   5.1722236e-04   7.5916741e-03   2.1478555e-18   4.9422649e-12   1.2266334e-31   6.6523414e-11   4.6671755e-59   3.6012273e-04   4.3424039e-08   5.0453245e-04
   5.5419570e-04   9.0464798e-03   1.6876216e-14   3.1870018e-05   1.8354454e-37   2.5314563e-14   1.0867474e-48   5.9276790e-04   3.8300021e-11   3.8957320e-04
   1.9390342e-03   7.7670653e-03   1.6655439e-17   5.5012285e-04   5.4049208e-39   9.1833139e-09   2.8480210e-47   8.5578553e-04   5.9792445e-13   2.8774693e-04
   3.4184385e-03   6.9347522e-03   4.3281859e-10   2.3063752e-04   3.8118835e-26   1.2610875e-06   1.1693294e-54   7.5886663e-04   8.9969094e-12   2.8958862e-04
   2.4646935e-03   7.0866652e-03   1.9312210e-09   6.8890658e-04   7.2715090e-27   3.5630408e-04   2.3886794e-60   6.4490538e-04   1.5741006e-12   2.4359091e-04
   3.4830934e-03   5.5758884e-03   1.0839612e-08   4.5063441e-04   4.9075636e-36   6.4660130e-07   1.0014255e-65   5.2019990e-04   3.4504528e-10   2.9691032e-04
   3.5121896e-03   5.9491350e-03   9.5848303e-16   7.4317150e-06   2.9907275e-34   1.7462713e-23   8.8345253e-60   3.8024307e-04   3.1795631e-08   3.0318324e-04
   1.2477696e-03   8.4760147e-03   2.8581852e-24   1.6803835e-09   6.8960567e-34   1.5040022e-16   2.5905169e-56   4.6743981e-04   2.5000011e-10   2.9161784e-04
   1.6726061e-04   9.5514592e-03   7.2029121e-22   5.1973551e-15   2.2474668e-38   1.2672997e-10   1.0436278e-37   4.8572140e-04   2.2115397e-09   2.6582970e-04
   7.5323704e-04   8.9468890e-03   9.5597499e-18   2.7235587e-20   1.9484859e-29   1.5102439e-12   1.3234748e-39   4.8091907e-04   3.0823792e-11   2.4349903e-04
   1.6865234e-03   7.9265247e-03   4.3679544e-12   2.1390855e-18   1.5584808e-25   9.4209542e-08   1.9134227e-50   5.3313783e-04   4.8092009e-10   2.1755118e-04
   1.3970365e-03   6.5291518e-03   8.4744040e-12   1.1009615e-11   5.6705900e-30   2.9137501e-07   4.1906600e-64   4.7143962e-04   2.1391574e-08   2.3442560e-04
   1.0842035e-03   7.4129948e-03   2.1519358e-11   1.6075826e-12   4.4556204e-31   9.4213679e-07   6.0652684e-77   3.8956889e-04   4.4134308e-08   2.5859587e-04
   1.4033123e-03   7.7265901e-03   2.2857980e-17   6.6778367e-17   6.8139651e-31   4.5754459e-11   4.8031817e-57   2.3741208e-04   1.0456356e-06   2.5353634e-04
   1.0573796e-03   7.3838425e-03   4.6908835e-19   3.2763882e-17   7.4029353e-37   1.0417682e-17   1.2638276e-54   2.5172678e-04   2.7653607e-06   2.0510647e-04
   5.4691979e-04   7.3124124e-03   5.1164721e-20   4.4943646e-21   1.8498922e-29   7.1986029e-13   2.7454594e-62   3.6108033e-04   2.2328991e-06   2.0036079e-04
   5.5113504e-04   7.1645537e-03   2.9718415e-23   1.4832268e-20   3.7551334e-24   4.5845722e-14   1.7762883e-66   4.3502844e-04   8.2470491e-08   2.0027052e-04
   5.4639006e-04   6.9484758e-03   1.4454072e-15   8.4999524e-08   5.3586888e-25   1.1776586e-12   4.0886044e-96   4.1504184e-04   1.4408176e-08   1.8496784e-04
   1.3988127e-03   6.1959034e-03   6.5548315e-12   1.3554471e-07   1.8043015e-42   3.0213461e-11   6.2941321e-80   2.8856492e-04   1.3679004e-06   1.8387650e-04
   1.6177425e-03   5.1497574e-03   1.1708313e-14   1.7408366e-09   4.9301878e-29   8.5757319e-10   1.0294960e-76   3.6625390e-04   1.5724005e-05   1.6640128e-04
   1.6534545e-03   5.0125621e-03   4.9697503e-15   6.6878641e-12   4.2269566e-35   4.7757754e-14   1.2080988e-72   3.3979920e-04   1.7906920e-05   1.7632707e-04
   1.4216757e-03   5.8881913e-03   4.6769214e-16   2.8665816e-16   7.1682294e-31   3.5615816e-22   6.0637973e-79   2.7771868e-04   9.4739819e-06   1.7296557e-04
   1.1306161e-03   6.2704206e-03   5.7909018e-17   2.3870231e-15   5.7487450e-29   1.9633325e-27   1.3815904e-53   2.7462832e-04   3.3020322e-06   1.6751580e-04
   1.0555414e-03   5.6373290e-03   2.9966795e-17   1.8013653e-23   2.8452604e-26   1.0471674e-25   1.3821593e-43   3.0238206e-04   1.3224215e-05   1.7096456e-04
   5.1978872e-04   6.2189624e-03   6.4451211e-22   8.4987647e-42   2.9200411e-32   7.5434285e-17   1.9221511e-48   2.5002238e-04   1.1089927e-05   1.9601022e-04
   5.1188192e-04   6.0185539e-03   1.6380080e-20   3.2787729e-40   1.5385941e-29   1.0016618e-12   4.9007089e-42   2.4711988e-04   7.8863450e-05   1.7489646e-04
   3.4328419e-04   7.3011328e-03   9.0971325e-18   2.2944862e-29   1.0084545e-30   1.0135159e-09   5.5009716e-47   1.8596518e-04   4.4628604e-05   1.6396217e-04
   5.9571064e-04   6.3273696e-03   3.8413265e-18   1.9180130e-27   1.9689536e-27   4.6089320e-15   1.1681630e-37   1.9991260e-04   4.8956167e-05   1.6904018e-04
   8.2380354e-04   7.0718255e-03   7.7943534e-19   7.3245984e-21   1.2762475e-36   4.4920082e-09   2.6937034e-41   2.1585407e-04   3.0842824e-05   1.3876626e-04
   1.3124223e-03   7.5493954e-03   1.4588675e-19   3.0732636e-22   4.0706447e-27   9.9567037e-09   4.4599722e-33   2.9701470e-04   2.6416384e-06   1.1516728e-04
   1.8362870e-03   5.0502400e-03   3.2522815e-14   5.4336285e-23   2.1583013e-17   1.9567691e-19   1.5133380e-37   2.8221804e-04   8.5567449e-05   1.0759974e-04
   1.2840742e-03   4.1528264e-03   5.6858429e-14   5.5352711e-26   5.8268178e-14   3.1388713e-19   6.7062717e-46   2.8308166e-04   2.2273052e-04   1.3256126e-04
   7.4938620e-04   4.8572334e-03   5.8831368e-16   7.9653179e-25   1.0630588e-10   5.8179881e-29   5.7376422e-40   2.3352919e-04   1.2492386e-04   1.6068602e-04
   7.3978664e-04   4.4399324e-03   1.3918706e-18   1.6993003e-29   4.5848074e-15   8.4801251e-17   1.8363513e-50   2.1821770e-04   1.6841036e-04   1.4177607e-04
   8.5313326e-04   4.4798926e-03   1.5828425e-20   4.9111768e-29   2.6671791e-18   9.8957799e-19   1.7770562e-59   2.5958787e-04   2.1648768e-04   1.2683775e-04
   3.7516890e-04   5.5179970e-03   2.4367633e-18   3.1414802e-17   1.4237691e-20   5.4798015e-18   2.2373343e-64   3.0539106e-04   1.1242825e-04   1.1598208e-04
   6.5569825e-05   6.2244937e-03   1.3353382e-18   2.7804150e-22   1.2437281e-10   4.6189542e-13   1.0730132e-39   3.2428094e-04   5.0200048e-05   1.2592957e-04
   9.7725960e-05   6.1150167e-03   9.7758199e-22   1.3665626e-27   1.5562404e-11   7.9233099e-13   1.2193810e-31   2.4979828e-04   9.1659581e-05   1.3650612e-04
   5.2414700e-04   4.5472906e-03   5.5168637e-18   2.0380402e-21   2.3144235e-09   1.0297522e-16   1.6862795e-39   2.8350532e-04   2.9088426e-04   1.2311752e-04
   8.3901570e-04   4.3039453e-03   2.3483701e-14   9.1721516e-18   1.7233361e-08   3.2406614e-13   4.0788249e-34   2.7642844e-04   3.0077028e-04   1.0910722e-04
   5.4711215e-04   5.9033482e-03   1.1899021e-22   5.9871431e-15   2.4956003e-15   4.4777361e-15   2.8271050e-18   3.5297178e-04   1.4833488e-04   8.6753566e-05
   3.2184154e-04   6.3200931e-03   9.4935528e-21   8.5646468e-24   3.6675172e-11   3.4210027e-15   3.8359198e-24   3.2277022e-04   1.0338377e-04   9.6602010e-05
   4.3760960e-04   5.3208502e-03   6.6357445e-14   1.1148766e-35   7.3948212e-15   1.9000190e-19   1.8078104e-27   2.6463604e-04   1.6405613e-04   1.1192220e-04
   2.6937866e-04   6.3271876e-03   2.0633804e-19   7.2010153e-25   8.7979015e-15   2.3604279e-06   1.1910310e-32   2.0910649e-04   9.7223952e-05   1.1509039e-04
   2.1742832e-04   6.2370518e-03   1.1001733e-18   2.1341242e-14   9.0075433e-21   2.6116839e-05   3.5451595e-39   2.1757021e-04   1.5670326e-04   1.0686743e-04
   3.2778146e-04   5.6743123e-03   6.7592868e-29   3.3425602e-19   1.7720565e-23   1.5982258e-06   8.5513622e-23   2.6475792e-04   1.6898828e-04   8.3677729e-05
   4.1599901e-04   5.1913067e-03   2.4136728e-24   5.2109465e-21   1.5953064e-09   2.7741249e-16   4.2596962e-36   2.4751925e-04   1.7189508e-04   9.0013241e-05
   1.5905654e-04   5.9298454e-03   7.7004533e-21   3.9237078e-11   1.3246832e-10   3.8786415e-13   1.0928091e-54   1.5732307e-04   2.0259882e-04   1.0821590e-04
   1.0794895e-04   6.8461703e-03   7.6851001e-17   3.2208989e-12   7.4761377e-13   5.1316722e-20   9.3339663e-57   1.5100038e-04   1.5493432e-04   1.1109585e-04
   1.7669554e-04   5.8445445e-03   1.2901687e-16   1.6510390e-23   1.8223213e-25   1.5182936e-11   7.8614313e-61   1.2297069e-04   9.4078588e-05   1.1774569e-04
   2.9906202e-04   4.3574210e-03   1.5477855e-24   2.7651845e-25   7.1778272e-18   8.2727245e-10   4.4391428e-42   1.2925580e-04   1.4204405e-04   1.1311010e-04
   1.2920146e-04   4.7658589e-03   7.0775515e-26   9.1717237e-20   1.2376159e-13   2.8854352e-17   5.1903917e-40   1.6887904e-04   2.4931292e-04   9.3815020e-05
   7.5123166e-05   5.1939738e-03   5.2846662e-20   3.2995310e-25   2.8129434e-09   3.3608360e-13   4.1414194e-66   1.3984408e-04   2.5766104e-04   8.6802123e-05
   9.3056703e-05   5.2694519e-03   3.1761249e-13   6.3150367e-23   1.2119843e-11   1.4883088e-23   8.2403189e-48   1.1973177e-04   1.7194635e-04   9.2674145e-05
   3.4799596e-04   5.0191131e-03   2.7334607e-20   1.0130284e-28   1.4384462e-10   6.5433063e-24   2.8883267e-32   1.3524227e-04   1.6974268e-04   8.2847665e-05
   2.9949560e-04   5.6325041e-03   5.7761648e-25   1.0395749e-18   1.9217459e-12   9.2541392e-21   5.8916831e-32   1.1644582e-04   1.3982017e-04   8.5297994e-05
   2.3556340e-04   5.6847890e-03   5.4770902e-18   1.1397922e-21   2.3932910e-19   6.8937813e-24   7.6547716e-43   1.1006798e-04   1.5600034e-04   9.5960178e-05
   3.1578419e-04   4.4200011e-03   1.4924169e-20   1.8726891e-31   3.6590815e-13   1.4999577e-22   4.9810296e-45   6.4650711e-05   3.5104350e-04   1.0650297e-04
   3.0063889e-04   4.5451453e-03   3.2314319e-16   1.7754790e-38   1.3434339e-15   3.9481688e-31   5.8046793e-33   6.9913136e-05   3.4129306e-04   9.6616024e-05
   1.4848688e-04   4.8045561e-03   3.6878982e-22   1.4443803e-39   1.2202135e-10   5.4826107e-31   1.5474150e-21   9.6081659e-05   2.8446859e-04   7.6847759e-05
   1.8666321e-04   4.3499592e-03   1.0993215e-19   1.3484903e-42   1.6616161e-20   9.1943919e-28   7.0319097e-13   9.2902718e-05   3.1728762e-04   7.0683356e-05
   2.5928241e-04   4.7079958e-03   1.0616883e-09   1.1580532e-39   5.3015109e-19   2.5999907e-28   3.6747746e-23   8.3645437e-05   2.0863567e-04   9.0246309e-05
   5.0259140e-04   4.4066654e-03   5.4059086e-12   5.9568676e-33   3.3965982e-11   5.0542983e-33   1.0920309e-31   7.1673228e-05   2.4240752e-04   9.1325933e-05
   7.4258854e-04   3.6920652e-03   1.8202600e-17   6.2665974e-33   1.2344692e-16   6.5045476e-33   1.0582862e-41   6.6627385e-05   2.6977646e-04   9.8205514e-05
   4.7270716e-04   3.5881552e-03   5.7793838e-18   1.7888395e-41   4.8856992e-12   5.3713109e-24   3.1425416e-31   7.1127502e-05   2.9262360e-04   9.2995513e-05
   5.9067179e-05   4.1964167e-03   6.3656411e-20   5.3204183e-34   2.8607776e-08   1.3621504e-26   4.6109181e-25   9.3412758e-05   2.9619598e-04   7.8866898e-05
   7.4236614e-05   4.2429402e-03   7.2356679e-16   1.7185755e-44   3.0554843e-08   5.6365307e-29   3.0426966e-33   6.2325709e-05   2.3949907e-04   8.0156100e-05
   2.1933622e-04   4.3643302e-03   4.6468642e-13   1.8096998e-44   5.7332966e-09   2.8691509e-34   9.5861276e-45   5.0981443e-05   1.7946597e-04   8.2675850e-05
   2.2259496e-04   4.3741870e-03   1.7118108e-19   4.5179304e-48   1.3800768e-05   1.3192938e-34   3.1540707e-40   9.0813785e-05   2.3824774e-04   6.9739870e-05
   1.1150920e-04   3.7934782e-03   8.8855079e-13   4.2324952e-42   3.0714269e-14   1.5629105e-33   5.2306285e-43   1.0850755e-04   2.6377592e-04   6.7897196e-05
   8.6418194e-05   4.0091700e-03   9.2814053e-10   1.3653107e-31   1.6687491e-12   9.9403318e-29   1.8729772e-43   6.4494124e-05   2.2238279e-04   6.9016084e-05
   2.5878003e-05   4.1921498e-03   4.8814761e-12   3.8070699e-40   1.2753241e-07   4.0860981e-20   3.9144079e-43   5.9841531e-05   2.9692864e-04   7.9560880e-05
   1.5760931e-05   4.1886723e-03   1.1488153e-14   1.1483357e-38   2.5948255e-12   4.6887198e-20   6.7545868e-40   8.6892541e-05   2.3908756e-04   7.3901464e-05
   6.1813242e-05   4.2417161e-03   5.6970699e-14   2.7788615e-38   5.7112401e-19   4.9118541e-29   1.6268062e-38   8.9210909e-05   2.0671435e-04   7.8416620e-05
   1.4199511e-04   3.4838892e-03   6.1505510e-13   4.4989941e-41   6.6965731e-15   1.1820937e-22   2.1611915e-46   9.8214385e-05   3.2522715e-04   7.5673293e-05
   7.0975633e-05   4.0183798e-03   8.9588011e-16   1.9847527e-40   4.1016963e-15   5.1997177e-22   1.8842463e-39   1.1105319e-04   2.6465955e-04   6.7796633e-05
   1.6369668e-04   4.0126488e-03   1.6492153e-12   6.4994407e-40   1.7221098e-10   1.1181977e-19   3.8471343e-36   1.1377454e-04   2.3048925e-04   8.0861421e-05
   2.6120988e-04   3.5050676e-03   1.6488089e-15   6.7749014e-45   5.4986639e-05   9.8424685e-12   1.3574931e-37   8.7765771e-05   2.5889127e-04   9.5735464e-05
   1.8082113e-04   4.5681403e-03   1.3811317e-16   6.5566170e-44   6.0257936e-13   1.5335776e-14   4.3937614e-29   6.5743028e-05   2.1694801e-04   9.6221420e-05
   1.7664946e-04   5.0423481e-03   1.2157920e-12   1.0123877e-37   1.5018917e-26   1.8539057e-26   3.1740929e-14   6.4966231e-05   1.9047210e-04   9.0147359e-05
   1.2274792e-04   4.1830684e-03   8.4242084e-11   5.9737645e-46   4.7071571e-12   2.8215214e-29   5.7759868e-20   1.1391400e-04   2.7894858e-04   1.0068655e-04
   8.7438989e-05   3.3193284e-03   6.7655829e-07   7.2866042e-44   4.7604961e-17   6.7357850e-23   4.3570251e-38   1.2456922e-04   3.4086579e-04   1.0286280e-04
   1.1949831e-04   3.5363570e-03   8.2342367e-13   1.4013678e-48   8.5238386e-18   3.4382277e-22   5.0480775e-38   1.2295642e-04   1.9069331e-04   1.1199314e-04
   4.0604940e-04   2.8351433e-03   3.8968645e-10   7.7803632e-48   5.3624641e-05   1.0804983e-24   3.1375610e-34   1.1247171e-04   2.3429145e-04   1.1139578e-04
   6.8148241e-05   3.7808620e-03   1.4435718e-11   4.0950650e-43   3.5726264e-08   1.6143396e-11   1.0801820e-24   1.0555342e-04   2.4679754e-04   1.0078620e-04
   3.5032407e-05   4.0186068e-03   5.1354798e-09   1.6083830e-41   1.0905773e-26   7.1505712e-09   5.7897191e-32   1.5871124e-04   1.9265563e-04   7.9442724e-05
   2.4219246e-04   3.2380062e-03   4.0043367e-11   7.3367652e-39   4.9731783e-17   4.0925397e-15   6.5853460e-26   1.2941007e-04   2.2191028e-04   1.0084923e-04
   4.9143593e-04   2.3511306e-03   9.4191829e-16   1.1211241e-48   1.1554624e-04   4.1076086e-22   9.1891605e-27   1.7407525e-04   2.9120494e-04   9.9216193e-05
   4.6211434e-05   3.5614336e-03   1.9411179e-18   6.4417077e-50   1.8964414e-04   2.1583979e-18   7.2466751e-11   2.3512915e-04   1.2065687e-04   8.3654995e-05
   7.8733185e-05   3.7629830e-03   1.3329527e-18   2.0911776e-48   7.6170255e-15   1.9033246e-19   7.7735847e-08   2.4554907e-04   1.3251089e-04   8.6559592e-05
   1.0933521e-04   3.2099532e-03   1.7879700e-14   1.9154874e-39   8.9280551e-09   1.2809343e-33   7.7766593e-19   2.4877608e-04   1.4404401e-04   8.3406037e-05
   2.3213351e-04   2.5127162e-03   9.5726896e-19   2.3684277e-37   6.0635232e-12   7.2363742e-24   5.3350542e-44   2.3816024e-04   2.0292562e-04   8.2791899e-05
   1.3037995e-04   2.3114555e-03   3.6739908e-16   7.7785041e-35   5.5349921e-14   1.2466692e-11   2.8233219e-37   1.9407331e-04   1.9909412e-04   8.3912495e-05
   1.2174090e-04   2.2928815e-03   7.5118951e-15   1.1023362e-33   1.0150510e-08   8.8940639e-12   1.1660854e-30   1.5171367e-04   2.3508102e-04   9.2730207e-05
   3.3687172e-05   2.8535421e-03   1.8690711e-14   1.7105414e-43   4.5676381e-14   1.1780071e-11   2.3229248e-33   1.9340078e-04   1.5104855e-04   8.8489176e-05
   6.4849075e-05   2.9555389e-03   1.4135679e-16   2.4747861e-37   1.7879144e-15   1.1270136e-07   4.9152841e-17   3.0728981e-04   1.0259646e-04   8.1956848e-05
   9.6821808e-05   2.2717751e-03   5.7196644e-18   6.7236928e-46   3.9221588e-11   1.0933292e-11   1.8383848e-17   3.1421320e-04   1.2446102e-04   8.6573720e-05
   9.7196808e-05   2.3576089e-03   2.3837473e-17   2.1078438e-37   1.8358363e-27   1.8220496e-19   1.9482489e-26   2.5847365e-04   1.9016668e-04   8.2365756e-05
   1.1023395e-04   2.3115696e-03   2.0623989e-09   3.9561889e-31   1.5589877e-36   6.4202791e-20   4.3088919e-30   2.4586722e-04   2.4346079e-04   8.7905805e-05
   1.0231598e-04   1.9876019e-03   8.6885256e-08   3.3315897e-21   4.0321880e-34   2.1381346e-20   1.9281122e-31   2.1259173e-04   3.3794270e-04   9.9426777e-05
   1.5396613e-04   2.1467321e-03   2.0361784e-15   6.9576848e-15   9.4810531e-25   7.8324263e-19   2.6791573e-34   1.7807829e-04   3.4159309e-04   1.0904419e-04
   1.8404947e-05   2.8282294e-03   2.0621360e-14   6.4361693e-19   1.0682892e-13   1.4462376e-19   3.9068800e-41   2.5650473e-04   1.9046358e-04   1.0835117e-04
   8.1946816e-06   3.4398617e-03   1.5265496e-10   1.6191650e-10   2.3287756e-16   9.8667960e-24   5.6065496e-67   3.3946295e-04   1.1690621e-04   7.7609043e-05
   1.8068428e-05   3.3305793e-03   1.0527146e-04   2.8100041e-15   1.1984550e-14   1.1303664e-20   6.2786818e-66   2.6193018e-04   1.6408690e-04   9.3842335e-05
   7.2329255e-05   2.8079643e-03   3.3924414e-05   3.3348208e-23   1.3677989e-12   5.8947955e-12   1.1203902e-79   1.9487909e-04   1.4294985e-04   1.3106021e-04
   2.3769873e-04   2.3653423e-03   8.7825099e-08   6.4527723e-19   1.8903679e-12   3.8284236e-14   3.5453087e-68   1.8697387e-04   2.2544722e-04   1.5417452e-04
   2.2050211e-04   1.9855312e-03   1.4899632e-04   1.9479754e-15   4.4928656e-14   1.2105920e-11   7.2774118e-65   2.0757376e-04   1.9677886e-04   1.3822745e-04
   7.2127510e-05   1.7141395e-03   1.9239066e-04   5.2574861e-16   2.4948174e-14   1.3839652e-15   4.7808333e-69   1.4170710e-04   2.7030143e-04   1.7255782e-04
   8.7979881e-05   1.6927256e-03   8.6431590e-05   9.5557634e-17   1.3441835e-10   1.6007335e-17   1.3093780e-72   1.7599283e-04   2.9623256e-04   1.8728913e-04
   1.2589310e-04   1.3877012e-03   9.5454357e-08   3.9787170e-21   1.7171472e-18   5.8773717e-09   2.0088066e-50   1.8955933e-04   2.4731026e-04   1.9239422e-04
   3.8322155e-05   2.1402364e-03   2.9400939e-06   1.5206179e-19   2.8296768e-14   6.6768056e-12   4.9935601e-58   9.9580325e-05   2.5166917e-04   2.2697797e-04
   1.1894270e-05   2.4554376e-03   5.6331425e-05   4.0517030e-23   2.4970196e-10   8.8711957e-09   8.3754530e-65   9.1152857e-05   2.0791086e-04   2.2342998e-04
   2.0422785e-04   1.9259496e-03   2.6536809e-04   4.5672055e-20   3.6967153e-08   1.3129554e-10   8.8239981e-76   1.3526177e-04   2.2558058e-04   1.8893584e-04
   2.7924113e-05   2.3921359e-03   3.8131617e-04   1.4252298e-04   1.9709373e-07   7.1793976e-10   1.6672103e-82   1.1547879e-04   1.9981800e-04   1.5263028e-04
   1.9410599e-06   2.6609878e-03   4.0750657e-04   2.5796565e-04   2.3473944e-15   1.1803973e-09   7.2154299e-59   1.4054335e-04   1.7215412e-04   1.4452878e-04
   5.1331776e-06   2.1826749e-03   4.5476938e-04   7.6637307e-11   2.6024278e-35   9.6481566e-07   1.5890109e-48   1.2282338e-04   2.6150842e-04   1.9415662e-04
   4.2372067e-05   1.6721865e-03   4.1763693e-04   2.8404030e-18   2.7808143e-06   3.5062559e-17   4.7524541e-54   1.1107431e-04   3.6510905e-04   2.0676443e-04
   1.7300880e-05   1.6126336e-03   3.7869190e-04   8.2564681e-13   3.7568310e-04   2.6182460e-10   1.4694806e-80   9.4441916e-05   4.1322118e-04   1.8538903e-04
   5.8069838e-05   1.4107784e-03   1.5406230e-04   1.3576030e-13   7.4623730e-07   6.3372501e-07   8.6743883e-89   1.2864887e-04   3.8274046e-04   1.9294279e-04
   1.4135846e-05   1.6816054e-03   1.1828562e-04   5.7140594e-15   1.5370995e-15   4.9060780e-05   7.5871195e-74   1.9922437e-04   2.9851712e-04   1.5901173e-04
   3.4350158e-06   2.0566021e-03   2.9337785e-04   4.1458165e-11   1.2636618e-10   6.6384421e-05   7.8750637e-69   1.5988829e-04   2.6938452e-04   1.4618782e-04
   4.2189284e-06   2.3646629e-03   1.2791722e-04   1.4954883e-04   1.0470162e-13   1.0684390e-04   1.2434346e-58   1.4871261e-04   2.7142039e-04   1.4046382e-04
   2.2177741e-06   1.8979190e-03   1.3651145e-04   3.0576466e-04   5.7486185e-10   5.0406442e-05   8.7411363e-71   1.5530912e-04   2.4660271e-04   1.5235142e-04
   1.6749485e-06   1.5878373e-03   2.2476944e-04   1.7900859e-05   1.8985923e-10   1.5132523e-05   5.9731112e-69   8.5589150e-05   2.6430179e-04   1.9158294e-04
   9.3339610e-06   1.3270169e-03   1.7648731e-04   3.3394687e-11   7.9017986e-20   1.4367848e-04   3.6029429e-63   7.8165620e-05   3.5000353e-04   1.7649039e-04
   1.1569108e-04   1.3387208e-03   1.2082600e-04   2.1517775e-08   9.2019282e-07   4.2210406e-05   5.7387461e-72   1.0167964e-04   4.0111856e-04   1.9630255e-04
   1.2632358e-04   1.5738416e-03   1.7243107e-04   1.1615784e-10   1.2155254e-25   4.3643362e-04   8.7299765e-61   9.2448441e-05   4.3115066e-04   1.3256786e-04
   1.7288441e-04   1.5323672e-03   1.0829112e-04   9.8888798e-09   1.1565412e-18   1.4533430e-04   2.9728787e-56   1.7936182e-05   4.0479601e-04   1.6533908e-04
   6.2308356e-05   1.8286278e-03   6.2705797e-05   1.3409229e-04   3.8968241e-21   5.8962254e-05   1.3410997e-81   1.1029929e-04   2.8046230e-04   1.8385816e-04
   3.7420090e-05   1.7529690e-03   2.3497058e-05   3.3469434e-04   1.1965410e-10   1.0658394e-08   1.5677219e-72   1.8426577e-04   1.9791618e-04   1.6692353e-04
   4.9172681e-05   1.6295812e-03   1.1135288e-04   5.1179385e-04   1.4187141e-12   5.9785978e-08   6.5600250e-98   1.4878660e-04   4.1041358e-04   1.5095150e-04
   4.7957191e-05   1.3586719e-03   2.2106088e-04   9.5704418e-05   1.6229192e-14   2.9754484e-13   7.9608993e-77   1.3640193e-04   4.9627368e-04   1.9717361e-04
   1.3535736e-04   8.8790517e-04   2.9938782e-04   1.1047150e-07   4.9874491e-09   2.6468053e-09   8.2846955e-76   1.7400916e-04   5.5594800e-04   2.3237581e-04
   2.6826741e-05   1.5645875e-03   2.2199771e-04   4.9259118e-08   6.5057495e-33   3.0838258e-04   3.8900901e-84   2.2304521e-04   4.0545408e-04   2.1282545e-04
   2.5469462e-04   1.5240209e-03   3.2054894e-04   2.1564834e-06   1.8211261e-10   7.0164688e-04   6.1970697e-73   1.2578848e-04   2.9694754e-04   2.2174269e-04
   3.9788353e-04   9.7801846e-04   7.9755914e-05   1.9943968e-08   3.7501406e-06   1.8652078e-04   7.4163284e-66   1.7674145e-04   3.2760812e-04   2.5424310e-04
   2.9586464e-04   1.0298424e-03   9.6262767e-05   9.6300659e-06   2.7672053e-18   2.1131845e-06   9.3330180e-73   1.7923011e-04   3.8925878e-04   2.4409493e-04
   1.2011852e-04   1.2287838e-03   2.1608069e-04   7.3645927e-04   9.3254341e-32   8.4134982e-06   1.8813976e-69   1.5785804e-04   3.5691942e-04   2.5441959e-04
   6.3033501e-05   9.0118673e-04   9.8723779e-05   9.2274799e-04   2.1385877e-20   4.7329916e-07   2.7165041e-80   1.3302240e-04   4.4507433e-04   3.1002921e-04
   3.6501638e-04   6.3333339e-04   7.0095542e-05   4.2441739e-04   3.4190025e-22   5.0909352e-05   3.2948208e-80   1.1141469e-04   4.8176125e-04   3.1599426e-04
   4.2487986e-04   1.0824302e-03   3.3785417e-04   8.8119957e-07   2.0327636e-24   4.8072228e-04   3.6676480e-59   1.4077967e-04   4.0601284e-04   3.1090391e-04
   1.4551847e-04   1.2753359e-03   4.3095347e-04   3.9537279e-10   3.9504219e-18   4.2267072e-04   4.4643917e-45   1.3089356e-04   4.7538601e-04   3.2463839e-04
   7.9412094e-05   1.3632687e-03   1.1509604e-04   3.6372441e-10   1.2980459e-19   1.1535669e-04   5.0455800e-71   1.2855046e-04   3.5662526e-04   3.5267961e-04
   1.4337904e-04   1.7160292e-03   3.8863647e-04   6.6797389e-06   1.4127894e-26   2.0618046e-08   6.2325399e-56   1.2771665e-04   2.1442437e-04   3.0361364e-04
   1.9508626e-04   2.0180090e-03   2.4532863e-04   4.8203868e-04   9.2361100e-29   1.3726030e-05   8.8768830e-52   1.2369414e-04   2.1046311e-04   2.5766427e-04
   2.8055439e-04   1.4516366e-03   2.2908266e-04   1.0568266e-03   1.7782072e-16   4.1065539e-07   2.0833829e-51   9.5516652e-05   2.4924006e-04   2.8011158e-04
   1.8580330e-04   1.0476435e-03   3.1584397e-04   9.8927301e-04   3.8654831e-25   5.2965305e-07   2.0257038e-49   1.3625284e-04   3.4537096e-04   2.5368553e-04
   3.2804674e-04   1.3569700e-03   2.2656314e-04   3.1351030e-13   3.8780550e-25   3.0912456e-05   1.0244817e-60   1.7790728e-04   2.8633185e-04   2.4853786e-04
   3.9288144e-04   1.6145760e-03   3.5059340e-04   8.1614341e-07   6.6879856e-28   2.3084722e-07   3.8970437e-61   1.4259771e-04   2.3784924e-04   2.6674155e-04
   3.5346230e-04   1.3595675e-03   2.4638909e-04   9.3493595e-12   2.0231658e-18   3.2747548e-08   2.3208825e-56   1.5921098e-04   2.3153305e-04   2.7028804e-04
   9.7774717e-05   1.4233343e-03   1.6636904e-04   1.3385017e-15   4.3447115e-24   2.3731337e-11   1.3697481e-56   1.7029471e-04   2.9476546e-04   2.5188586e-04
   2.8924963e-04   1.4554926e-03   1.5406669e-04   9.8703232e-24   6.1420924e-19   2.4438084e-13   6.0211296e-82   1.6416976e-04   3.6183660e-04   2.1503815e-04
   1.5522298e-04   1.4729022e-03   5.2821559e-06   2.4435450e-16   1.0582728e-28   1.9859680e-28   2.1266843e-67   1.4406815e-04   2.9899496e-04   2.4433169e-04
   4.6575176e-04   1.2062215e-03   8.0528900e-07   7.3109203e-08   1.0937238e-30   5.4166557e-26   3.2081892e-78   8.9430366e-05   2.4391906e-04   2.7925230e-04
   4.5207401e-04   1.0682590e-03   5.3290635e-10   1.8434717e-04   5.1849210e-16   5.6258899e-14   7.3518865e-61   1.6578860e-04   2.4140489e-04   2.2439025e-04
   3.9106960e-04   9.4923809e-04   1.0284577e-07   2.5238755e-05   8.1109740e-18   3.2901282e-11   2.7933486e-59   1.4623347e-04   3.0608473e-04   2.0018645e-04
   3.1009151e-04   1.0869372e-03   2.4144827e-11   6.3203316e-13   6.0694042e-22   9.9026671e-11  1.2193128e-108   1.1567771e-04   3.1123192e-04   1.6772763e-04
   1.6848980e-04   1.5211855e-03   2.3458308e-09   6.9054931e-23   3.6380424e-28   2.0975170e-19   1.1839342e-54   1.2267060e-04   2.0183216e-04   1.4828357e-04
   4.1874210e-04   1.6059577e-03   5.1753285e-05   1.9452959e-16   8.9816517e-35   3.2999906e-21   2.6245356e-51   7.6385241e-05   2.3176158e-04   1.6205170e-04
   5.8617947e-04   1.8358073e-03   1.6111847e-05   3.0546187e-19   1.3846683e-21   3.1178740e-21   1.0155663e-57   1.2068142e-04   1.7828180e-04   1.6702632e-04
   6.3026641e-04   1.3168345e-03   1.2810555e-07   1.9135779e-11   1.7797773e-13   1.1924228e-20   3.5307694e-99   1.2816576e-04   2.2264939e-04   1.5426761e-04
   5.4468057e-04   1.4543609e-03   2.0911162e-07   4.0057922e-11   1.8731343e-04   1.5924990e-21   9.5596813e-68   1.5022542e-04   2.7973454e-04   1.3756072e-04
   5.8086373e-04   1.4925011e-03   2.6299768e-05   1.6994226e-15   5.1246109e-08   2.0917517e-20   1.3361440e-71   9.7482725e-05   3.0758161e-04   1.4379208e-04
   1.3086834e-04   1.7744241e-03   4.5409634e-08   2.1894572e-18   2.9363453e-31   6.1732566e-10   9.7017267e-86   1.1179253e-04   2.6901090e-04   1.3463161e-04
   2.4870107e-04   1.8051258e-03   1.1114799e-09   2.2288197e-10   2.8373940e-28   2.6096761e-21   3.1465529e-59   1.3622539e-04   2.8393359e-04   1.2030286e-04
   4.9760474e-04   1.1824985e-03   2.9537186e-07   6.7811429e-15   3.0707970e-24   2.3148660e-18   1.0901666e-61   1.4872044e-04   2.7571796e-04   1.1564037e-04
   6.9441207e-04   1.0142785e-03   2.4747365e-08   6.3373440e-23   7.3346025e-21   2.4220675e-18   1.8807490e-53   8.5119488e-05   2.6905277e-04   1.4109255e-04
   5.1481636e-04   1.3569050e-03   2.1684595e-05   2.7152982e-10   1.2882627e-18   7.3254358e-11   7.4763514e-73   6.2305592e-05   3.5408017e-04   1.4463610e-04
   3.6269866e-04   1.4292593e-03   1.2522950e-04   2.1758341e-07   4.6157832e-16   1.5864242e-16   2.7023912e-53   5.8182661e-05   3.2674236e-04   1.5128099e-04
   2.5925856e-04   1.5154365e-03   3.9939894e-08   1.5186396e-09   6.7620264e-12   9.2271542e-17   1.6295408e-85   6.5316710e-05   2.7390469e-04   1.5997779e-04
   3.1343579e-04   1.5810303e-03   2.3371236e-05   3.4353212e-05   3.8359505e-18   1.1822896e-07   5.1248771e-96   8.2846829e-05   2.3357212e-04   1.4717288e-04
   3.4059214e-04   1.5667317e-03   4.3522932e-06   2.7424019e-05   2.3877486e-18   1.9624335e-06   7.3126341e-72   6.4068181e-05   2.6385430e-04   1.4516170e-04
   1.9100675e-04   1.4725895e-03   1.2098448e-05   1.0995983e-11   1.1263150e-04   1.5076981e-13   2.4979103e-47   5.3599252e-05   3.3219651e-04   1.4739515e-04
   1.5376712e-04   1.8478948e-03   1.6350176e-10   8.6014136e-16   2.8644015e-04   2.5972300e-13   4.1741352e-43   6.8481088e-05   2.9171124e-04   1.2027361e-04
   3.0002390e-04   1.5308954e-03   4.5389330e-06   9.0280540e-09   4.5268231e-05   7.9510019e-13   6.2554124e-63   7.3165491e-05   2.6876002e-04   1.0913072e-04
   2.8423168e-04   1.4158830e-03   2.4862889e-05   2.8159776e-07   5.2168076e-09   1.2062043e-12   8.0976755e-37   8.2053099e-05   2.7764322e-04   1.2120648e-04
   2.2540618e-04   1.3527208e-03   2.4481302e-06   7.5680079e-05   6.0563459e-15   2.3501646e-25   4.6968190e-37   6.5645940e-05   2.9824962e-04   1.2747395e-04
   2.0894065e-04   1.1697740e-03   8.5571898e-05   3.9605408e-09   4.0601417e-19   4.1510807e-11   2.8540571e-59   9.8688384e-05   2.6417910e-04   1.4133457e-04
   2.2775236e-04   1.3038206e-03   3.9790057e-05   5.7099044e-12   9.7833878e-16   3.9546790e-05   2.1884010e-65   5.8453706e-05   3.2004759e-04   1.4483886e-04
   2.4644163e-04   1.2144460e-03   6.9945464e-09   1.9629469e-05   1.3699097e-10   8.0548277e-12   8.5137460e-49   4.2903657e-05   2.7635403e-04   1.5877052e-04
   1.6115201e-04   1.2916137e-03   5.4058996e-08   4.7190642e-10   9.6111754e-12   7.2861667e-11   4.6539860e-45   6.7670904e-05   2.8164725e-04   1.4560642e-04
   9.6166270e-05   1.5545978e-03   1.0570196e-09   6.7701214e-17   5.1527229e-18   5.4519053e-12   3.1371921e-51   7.6872525e-05   2.0149418e-04   1.2931087e-04
   1.1620243e-04   1.5944634e-03   9.0783980e-07   5.9957271e-22   6.9297546e-10   9.9230952e-17   3.0160629e-61   6.0076572e-05   1.8567815e-04   1.2399801e-04
   3.2820188e-04   1.0911819e-03   3.1607494e-11   8.4349039e-19   6.1326463e-06   1.7540853e-17   3.0778606e-71   4.5597313e-05   2.4046345e-04   1.4938799e-04
   3.1708217e-04   1.1507358e-03   3.9925517e-08   1.2619786e-11   2.6659889e-10   2.6132678e-10   1.3001989e-78   4.8968767e-05   2.2694226e-04   1.4534775e-04
   1.9703640e-04   1.0384105e-03   1.8373379e-06   1.1098946e-12   5.2909383e-19   4.6923766e-05   1.3638088e-72   5.1135271e-05   2.1444072e-04   1.3504222e-04
   3.2187291e-04   6.6685662e-04   2.5884243e-07   1.1549284e-11   6.6800320e-22   1.9008551e-09   1.9014245e-66   8.1247527e-05   2.9335289e-04   1.1143406e-04
   4.6282895e-04   7.0700406e-04   1.0460843e-09   2.2512639e-04   6.1170305e-22   1.3837432e-11   7.0181401e-70   6.5673632e-05   2.6916306e-04   1.0561238e-04
   4.1668931e-04   1.0052050e-03   8.4271205e-11   1.8827211e-04   5.8105499e-26   1.6852808e-21   2.6354935e-79   6.3566933e-05   2.1673810e-04   1.1000094e-04
   3.3383374e-04   1.0087785e-03   3.2437569e-08   2.9735681e-10   1.2069971e-32   6.6047314e-29   1.7304447e-68   5.5200994e-05   2.0472493e-04   9.3650610e-05
   2.7644598e-04   8.3877783e-04   1.9219013e-07   1.6620384e-09   4.4497129e-29   2.4621454e-29   2.0697494e-42   4.5463578e-05   2.1382913e-04   9.3372091e-05
   2.4265182e-04   8.4028810e-04   1.4705237e-09   3.5309003e-09   2.7751674e-33   1.1175807e-16   3.3958275e-33   4.6189268e-05   2.5466134e-04   8.8137604e-05
   3.4191711e-04   6.9296585e-04   4.8519068e-12   7.3773212e-09   2.3671729e-27   5.0080007e-12   2.1710184e-45   3.9279311e-05   2.4888333e-04   9.5895794e-05
   1.8706690e-04   9.7312533e-04   2.6605066e-11   6.9931277e-07   8.4387156e-27   2.8091358e-14   2.4230251e-30   2.5925919e-05   1.6903581e-04   1.0133550e-04
   2.3343946e-04   6.7751297e-04   8.8781898e-18   3.6612363e-09   2.5640388e-45   1.3500239e-18   1.6036455e-35   1.7895787e-05   2.4423343e-04   1.1149564e-04
   2.1113739e-04   7.9190754e-04   5.6061536e-19   1.0781630e-04   2.7156470e-35   7.0631437e-20   3.4131810e-44   2.1347047e-05   2.2653232e-04   1.0530834e-04
   3.1801567e-04   6.8376057e-04   1.1215418e-14   1.1125248e-04   2.1210442e-30   1.5542712e-26   6.0516981e-57   2.5327965e-05   2.1018591e-04   8.8737249e-05
   4.1575616e-04   4.0064336e-04   7.8401383e-11   3.8693986e-07   8.0604116e-19   5.5599201e-32   6.5541333e-47   2.9510452e-05   2.9890942e-04   8.7706717e-05
   3.8700912e-04   3.7710840e-04   4.7084590e-13   6.1083293e-14   1.7220066e-17   2.3846709e-26   1.0169658e-57   1.3198701e-05   2.9510003e-04   8.8965917e-05
   3.5377032e-04   3.6567471e-04   1.0601577e-18   1.6652074e-17   1.0173661e-30   1.2603257e-28   1.2229152e-50   8.2206542e-06   2.4119050e-04   7.8995913e-05
   2.6546020e-04   4.3808282e-04   1.6121907e-25   7.7112697e-12   1.0212461e-29   3.5333677e-31   9.4196279e-35   1.3802754e-05   1.9472656e-04   7.9358326e-05
   2.0608795e-04   5.0255813e-04   1.2039790e-21   3.5807951e-06   1.7433003e-25   8.9116237e-32   3.8139360e-48   1.4615124e-05   1.8132165e-04   7.6496762e-05
   4.0683894e-04   2.8994990e-04   5.4269680e-15   1.3909111e-05   8.4869981e-24   5.1888461e-26   9.0320883e-32   8.5093017e-06   1.9703176e-04   6.7760950e-05
   5.6667973e-04   2.4577090e-04   5.2417125e-14   4.2649396e-05   2.5561552e-19   1.2842974e-30   3.4005467e-25   1.6514631e-05   1.7725562e-04   6.9129432e-05
   4.8795955e-04   3.4516806e-04   1.5065222e-11   1.7436140e-06   1.5550548e-19   3.9565745e-26   9.2737934e-35   1.2195752e-05   1.8456236e-04   6.0098654e-05
   4.5667233e-04   4.1715306e-04   5.6031204e-14   1.7846666e-12   8.4280610e-25   3.3702695e-23   6.9332262e-39   9.7545563e-06   1.8508433e-04   5.3409336e-05
   3.1692481e-04   4.9319081e-04   7.5665625e-18   3.0034657e-13   1.9919703e-19   1.3035558e-33   5.0430789e-35   4.5013043e-06   1.5655423e-04   5.7179739e-05
   1.9878668e-04   4.2814587e-04   1.2888877e-15   2.3928868e-30   3.7706202e-29   4.6423990e-20   1.3851297e-42   1.0840739e-06   1.8756975e-04   5.8648888e-05
   2.1562287e-04   4.3635914e-04   6.6029036e-18   1.0037448e-34   1.9134204e-22   1.5886881e-20   1.0333743e-26   1.0947837e-06   1.9625072e-04   5.1886916e-05
   2.5106376e-04   3.6622097e-04   7.7455347e-22   1.7147290e-32   6.1630706e-18   3.6848503e-20   1.3721428e-29   6.2171651e-06   1.8236493e-04   4.5698570e-05
   1.4552636e-04   4.5015899e-04   1.0288826e-19   2.3281068e-20   7.8712469e-15   2.7006651e-17   5.6549554e-39   8.7144443e-06   1.6863829e-04   4.6192941e-05
   1.6964279e-04   4.2415391e-04   1.7620297e-16   3.7006329e-13   2.0406962e-18   1.8538001e-20   1.6350359e-22   5.1321301e-06   1.4719459e-04   4.6336564e-05
   2.4842576e-04   3.3021570e-04   1.0226307e-22   7.0811766e-13   5.3961171e-25   7.5396335e-25   9.7788399e-27   2.7599880e-06   1.3964098e-04   4.8430233e-05
   2.1315671e-04   4.2878226e-04   5.8460744e-24   2.2406132e-25   2.4097172e-25   1.6564037e-26   5.8494393e-25   3.6281748e-06   1.5512764e-04   4.5404510e-05
   1.5172575e-04   3.9870627e-04   3.2924687e-19   1.7833376e-38   8.0837243e-22   2.7989241e-27   1.4636443e-23   3.0143632e-06   1.3715099e-04   4.1943290e-05
   1.2269026e-04   3.6743529e-04   6.6069354e-17   3.5487564e-41   1.2753417e-15   1.4142907e-15   4.1024071e-37   3.7258505e-07   1.6636360e-04   3.9851258e-05
   1.6616221e-04   3.6374606e-04   2.8199719e-18   9.7971556e-33   2.1488067e-16   1.4276758e-18   1.0073109e-60   4.2829272e-06   1.8600415e-04   3.7926435e-05
   1.1250100e-04   5.2864193e-04   3.8762875e-21   3.7542658e-24   9.6522354e-25   3.3131192e-25   1.0451128e-30   6.6810134e-06   1.4364442e-04   3.2415612e-05
   5.1518722e-05   5.0424735e-04   5.6302356e-20   3.4569281e-29   1.3755351e-18   2.7602980e-20   2.5968774e-25   1.5369294e-06   1.5741775e-04   3.1093962e-05
   9.6226423e-05   4.2193170e-04   1.9238178e-16   2.1601468e-29   2.8704884e-23   3.4121381e-20   2.0898876e-35   1.6466877e-06   1.4378646e-04   2.9734636e-05
   8.5246372e-05   3.3777170e-04   3.1808637e-13   3.6644626e-29   1.8792545e-21   1.9769275e-19   5.9766237e-53   3.8609089e-06   1.5526613e-04   3.1977980e-05
   9.8311932e-05   2.3440734e-04   1.4052890e-12   1.3872021e-31   2.1170158e-20   1.1335413e-16   2.6842931e-50   2.0895753e-06   1.4202022e-04   3.6839236e-05
   9.2723100e-05   3.4518405e-04   1.6662397e-15   7.7677551e-31   5.7009979e-24   2.1079885e-17   1.7029803e-43   2.4417599e-06   1.4134060e-04   3.5155411e-05
   1.0477653e-04   4.1107293e-04   2.4962656e-17   1.1332419e-29   7.8834761e-17   7.7421631e-16   7.7745051e-41   7.3643334e-06   1.2988896e-04   3.1922578e-05
   4.4770538e-05   5.0362579e-04   7.9506955e-18   1.0560232e-35   2.6303532e-25   2.1805528e-13   2.8927687e-47   1.2370295e-05   9.8978375e-05   2.8283818e-05
   3.9489545e-05   5.0699399e-04   2.8515175e-12   1.4704253e-31   1.0014161e-37   4.5396565e-16   2.0678578e-36   1.0509920e-05   8.6458278e-05   2.3326486e-05
   1.1235575e-04   3.7263274e-04   6.1389163e-08   5.3927788e-38   1.6879099e-24   3.6139984e-19   7.3349838e-37   6.0860508e-06   1.1153610e-04   2.2723111e-05
   1.2931517e-04   2.8863493e-04   1.9462969e-07   1.9238778e-29   1.4921298e-28   7.5917911e-24   1.1363528e-39   3.5968721e-06   1.4172908e-04   2.2116504e-05
   7.2662948e-05   3.9832555e-04   2.2864427e-13   2.3853506e-29   5.8275396e-26   1.9384435e-11   8.6226980e-38   4.8368199e-06   1.3397962e-04   2.0901728e-05
   3.3247620e-05   3.7687973e-04   7.5448066e-17   1.7344064e-36   1.8464789e-08   2.0379228e-09   3.2031765e-34   8.9694088e-06   9.5173014e-05   2.1120857e-05
   1.9810908e-05   3.2885386e-04   5.7803241e-10   2.8327868e-35   3.0431648e-06   4.2250889e-25   1.4747199e-42   1.0523154e-05   1.1090816e-04   2.3050663e-05
   2.4991470e-05   2.9939872e-04   4.7361361e-10   4.2495407e-35   1.2384931e-10   9.2298533e-23   1.3160101e-59   8.5563692e-06   1.2355878e-04   2.2658424e-05
   4.4150721e-05   2.8438834e-04   1.0170426e-13   1.4876495e-37   5.5850059e-10   1.9584519e-30   4.7165126e-47   4.6091594e-06   1.0743904e-04   2.0282877e-05
   4.8809914e-05   1.9180450e-04   1.2152167e-09   1.2632933e-40   1.0786185e-19   1.2554052e-18   7.7077553e-63   2.5153399e-06   1.2456606e-04   2.0330290e-05
   2.5597468e-05   2.5015427e-04   1.2196980e-10   7.7480186e-45   1.5530095e-21   4.9363371e-17   1.3170618e-51   2.9999452e-06   1.3024225e-04   1.8246801e-05
   1.2451477e-05   2.9109888e-04   7.0754314e-19   8.8497787e-44   2.6477824e-07   3.4997256e-22   3.3911162e-56   8.4369790e-06   1.0551255e-04   1.6339285e-05
   1.3053358e-05   3.1902982e-04   6.4427662e-23   1.1010500e-33   8.4246394e-10   5.2750786e-21   1.1652191e-53   3.9615557e-06   1.0739069e-04   1.8875226e-05
   8.6028056e-06   3.5103696e-04   1.1685899e-22   1.4855237e-34   4.0366161e-23   6.6745522e-14   4.1759283e-47   6.8517850e-06   9.6017505e-05   1.7484705e-05
   1.6733954e-05   2.6354782e-04   2.3121499e-15   2.3500215e-29   2.4227803e-20   5.1922055e-18   1.4564033e-61   9.9677972e-06   9.6075406e-05   1.4447834e-05
   2.9997041e-05   1.6765172e-04   9.9922944e-07   2.7106578e-30   1.5059230e-14   4.3265367e-20  1.8987645e-101   8.1095845e-06   1.0900687e-04   1.1995506e-05
