   4.5518612e-24   2.3016534e-04   2.0713520e-06   4.2734805e-05   3.6137243e-03   1.8527366e-04   1.9641229e-03   7.9363092e-04   2.9566093e-07   2.1414085e-50
   1.5753054e-17   2.1026310e-04   2.8430578e-15   1.0311531e-05   3.5571925e-03   3.9868390e-05   1.6991387e-03   8.7752821e-04   1.1454741e-13   6.6013659e-41
   2.7758013e-11   2.3012877e-04   1.1053103e-38   2.1455074e-17   2.6649407e-03   7.2544202e-21   7.4558375e-04   8.0159360e-04   2.0723836e-24   8.6654179e-60
   2.2991624e-12   7.1286903e-05   1.3984858e-40   2.8891276e-06   2.5884494e-03   9.1102306e-17   1.2078227e-03   4.9029854e-04   2.2689622e-24   1.8529977e-50
   2.0481901e-06   1.3168075e-20   1.0513197e-20   8.1520658e-06   2.3456759e-03   3.2451075e-19   8.5896829e-04   2.7867154e-04   2.2117634e-17   3.3556935e-79
   2.0654194e-06   3.4181083e-19   8.4992395e-23   8.2216681e-13   3.0149083e-03   8.0179453e-27   6.4645795e-04   2.8868387e-04   1.3878710e-21   9.2147502e-50
   2.6940079e-08   5.5412154e-16   1.2389638e-29   5.0478904e-24   4.8183085e-03   1.2355597e-18   4.4117230e-04   3.1315658e-04   1.4101997e-25   3.5015838e-82
   8.1122263e-07   2.6319064e-08   8.7520884e-28   1.5258496e-25   7.3082762e-03   1.1608031e-30   3.0976999e-04   2.8620080e-04   1.8762311e-27   5.7455198e-73
   7.6751536e-10   9.2644536e-05   2.3728212e-19   9.6677027e-21   1.0161357e-02   2.2986449e-31   2.2369494e-04   2.6129062e-04   4.2484166e-23   3.5758285e-50
   4.1241441e-18   9.6358321e-05   3.9624049e-18   1.3899239e-23   1.5379722e-02   1.0243540e-20   2.2227883e-04   2.6824171e-04   1.5534534e-20   1.3194178e-52
   6.7806592e-20   1.3287296e-04   1.7549203e-17   2.7538026e-10   1.9305596e-02   7.3948827e-26   4.5453899e-04   2.5788927e-04   7.4838825e-21   4.2485450e-62
   1.9596337e-06   1.7570730e-04   1.3943543e-13   1.9512802e-05   1.6651201e-02   2.8923181e-07   7.8227452e-04   1.3121382e-04   5.7841233e-12   1.8205670e-57
   2.9951740e-11   3.8247260e-05   3.0781462e-28   1.0721633e-04   1.9304761e-02   1.0282113e-15   3.6263499e-04   2.2345980e-04   7.7667604e-17   1.9559586e-67
   1.1718711e-21   2.1136486e-05   1.3276780e-22   7.8700547e-05   3.2039407e-02   8.8893149e-20   2.5753747e-04   2.8905766e-04   3.7036755e-16   1.4570198e-42
   3.5579409e-14   1.4981196e-05   7.1587974e-15   2.2606879e-04   4.8407525e-02   4.0435742e-19   4.9208126e-04   3.4677176e-04   7.7340465e-14   4.2765697e-45
   3.7625318e-11   5.6301439e-09   1.9051388e-08   1.3827931e-03   5.6135009e-02   4.7581525e-21   8.2883297e-04   1.5814382e-04   3.6251648e-09   2.2879990e-65
   1.3505251e-08   8.9397653e-13   1.5044901e-05   3.0230885e-03   5.4467714e-02   1.1624013e-34   3.1635617e-03   6.1825306e-08   3.4611810e-05   4.4074447e-64
   3.3691096e-04   5.0067754e-03   3.1405358e-09   3.9985013e-03   5.1706836e-02   4.6337166e-41   1.0137326e-02   1.0064434e-09   1.4918767e-04   1.3047622e-54
   1.7567207e-03   3.4378723e-02   1.8495232e-22   4.2411836e-03   4.1318273e-02   3.7088584e-34   2.3055607e-02   2.2357069e-07   8.0314583e-04   3.3500173e-18
   4.0276321e-03   6.9834576e-02   2.8577583e-33   3.4134190e-03   2.2979610e-04   1.0539936e-41   5.8908256e-02   9.8125286e-04   4.0807657e-03   4.6292132e-03
   8.4554033e-03   3.8255538e-02   7.1068076e-24   1.0136903e-03   1.3497558e-22   5.1716336e-27   1.1261653e-01   8.2854580e-04   1.5179556e-02   1.6012757e-02
   1.6561016e-02   8.6949366e-03   4.7201475e-04   4.8347280e-10   1.3443901e-27   1.3051699e-27   1.7759450e-01   1.2014957e-03   1.0364208e-02   8.1618175e-03
   1.4836475e-02   2.3765949e-09   1.2450873e-02   9.4667755e-22   3.1776410e-36   2.5052990e-10   2.0899077e-01   2.9583785e-03   1.0432244e-22   1.8535320e-03
   5.6331551e-03   3.7209193e-28   2.3786587e-02   1.0533604e-14   1.4620597e-19   3.3440243e-02   1.7045888e-01   4.5974724e-03   1.8894097e-13   6.1932147e-16
   1.1702891e-09   1.2229449e-46   4.6008692e-03   2.5843495e-13   9.2158652e-08   4.6289463e-02   8.2661190e-02   1.0497041e-02   1.6378908e-16   8.5889615e-29
   2.6762282e-19   8.0516917e-60   5.1203496e-08   4.2559462e-10   4.8318916e-03   1.4117318e-02   4.0669092e-02   9.7424369e-03   9.0609679e-21   6.2724170e-33
   1.3068479e-18   2.1340291e-31   8.7626038e-18   3.6145619e-05   2.6806484e-02   2.5774368e-03   1.3228701e-02   6.3121672e-03   9.8911182e-21   6.2201462e-32
   1.0479791e-14   7.1456208e-25   3.9846192e-18   6.4253213e-04   4.9667157e-02   1.2893068e-04   4.9813373e-03   3.9051210e-03   1.0669302e-21   9.6617621e-24
   1.8444145e-08   1.5709981e-20   1.6583812e-10   1.4975235e-03   7.9194420e-02   3.0182085e-04   8.1179548e-04   1.7060785e-03   2.9702465e-11   7.1223332e-39
   9.9041049e-08   1.8800314e-24   2.2538784e-06   2.9784722e-03   9.6090663e-02   1.5702512e-04   8.0795857e-05   5.5714163e-04   7.3312421e-11   1.1005325e-40
   2.2211262e-16   1.2026928e-30   5.6127605e-06   5.2818316e-03   9.2537880e-02   2.1591091e-04   2.5056912e-08   1.7766567e-04   8.7843755e-14   5.1063783e-60
   3.0741780e-11   1.1070368e-47   2.3030780e-05   9.6356541e-03   7.1711129e-02   2.8054439e-04   4.3151251e-09   7.9281879e-05   5.4221705e-14  3.9789010e-110
   5.4764351e-13   1.5092973e-76   6.2156272e-15   1.5840004e-02   3.9067151e-02   8.2885978e-10   7.4490116e-08   9.4213373e-05   3.3689954e-11  4.3683314e-111
   9.6418274e-14   3.5689579e-56   1.6690574e-12   1.7220566e-02   1.8311444e-02   5.4396572e-04   7.6079557e-05   1.0259284e-04   1.4509412e-14  4.7665278e-109
   2.7475378e-19   1.9954022e-28   6.8895407e-11   1.4800066e-02   8.0348802e-03   1.1804811e-04   8.3638385e-04   4.3462675e-04   2.2114834e-17  2.1950169e-102
   1.1071148e-10   4.5927159e-14   1.2404478e-28   1.2876002e-02   1.7211300e-05   1.9184257e-04   1.0807838e-03   9.8043356e-04   6.0889906e-11   2.1846594e-68
   5.2491500e-06   1.4186684e-02   2.2372166e-28   1.0297700e-02   1.6500975e-12   5.3219539e-05   4.2243080e-04   1.4182820e-03   8.2870478e-05   2.9441083e-26
   7.4053449e-05   5.1183492e-02   1.4404081e-34   6.3553780e-03   4.7734374e-20   9.8242748e-05   2.5241000e-04   1.7196811e-03   1.4962223e-03   3.1892641e-03
   1.6014000e-03   8.5399990e-02   1.4197733e-30   2.7716051e-03   2.4298771e-16   7.0047255e-09   3.4849224e-04   1.7283769e-03   3.6281651e-03   2.9310687e-02
   4.5574944e-03   6.6955021e-02   1.0767030e-26   9.4333778e-04   1.8530807e-11   2.1177042e-21   9.3179510e-04   1.8897141e-03   1.0042988e-02   7.8827611e-02
   7.1847243e-03   3.0756900e-02   1.5142775e-25   2.7892994e-04   4.9098469e-12   2.2562868e-38   3.1741633e-03   2.1406080e-03   3.2939257e-02   1.0508602e-01
   1.1321059e-02   9.9827331e-03   2.4796880e-09   2.4382103e-06   8.7657645e-10   3.2284212e-31   6.8995039e-03   3.1709271e-03   3.1283581e-02   6.9048057e-02
   2.1899719e-02   2.7851750e-03   3.0078117e-03   4.1724045e-08   2.7715191e-07   2.8178026e-26   7.9410462e-03   3.9746688e-03   1.2432726e-02   3.4963155e-02
   3.4847423e-02   1.0390323e-09   7.0402150e-03   6.7052496e-11   2.3550638e-07   2.3496304e-20   5.8586428e-03   5.1475535e-03   4.8452335e-04   9.9208873e-03
   3.7386879e-02   1.7075460e-29   1.9816353e-02   4.1107420e-18   2.0017329e-12   5.2015371e-04   3.1096397e-03   6.7838664e-03   7.2396139e-32   4.4410019e-22
   2.4171854e-02   1.0227488e-45   5.3196342e-02   4.1632345e-18   1.7281131e-11   6.8301616e-03   3.3307856e-05   7.9315651e-03   1.6213359e-40   1.4616152e-29
   6.4531190e-03   1.2868722e-50   6.0691803e-02   1.9059369e-19   1.6423994e-13   4.0224608e-02   2.3659576e-05   9.0469656e-03   2.5744275e-36   6.9883591e-44
   8.1462537e-11   9.8220131e-57   2.3404100e-02   4.3326294e-17   2.4428970e-18   6.2120553e-02   4.0618565e-05   9.5227291e-03   1.3529714e-32   1.4033452e-57
   3.4224658e-15   3.1350654e-63   1.3715068e-03   9.4665344e-15   1.6205027e-23   3.0259116e-02   1.8313265e-04   9.6525394e-03   2.3463780e-46   5.0458392e-71
   1.2745765e-23   5.6520313e-76   2.8331907e-13   3.6789647e-18   2.1393139e-22   4.1322948e-04   2.6084126e-04   8.1340847e-03   8.7610751e-60   3.3746767e-85
   2.0300346e-17   5.2462722e-65   1.4307110e-20   1.2055499e-15   1.3471743e-08   4.6211697e-04   1.6496126e-04   5.3004596e-03   7.4275988e-57   7.9763334e-71
   3.8849791e-16   5.2768260e-43   9.7326251e-25   5.6398100e-06   1.0723175e-03   6.3381152e-05   2.2537908e-04   3.8091983e-03   3.6847656e-48   1.2185252e-66
   3.4904240e-12   1.0466654e-21   2.0552253e-25   9.0971129e-05   2.8489973e-03   7.4016361e-07   1.3870123e-04   2.9648141e-03   4.6204292e-32   3.6415156e-82
   1.2388521e-06   9.3712386e-11   1.1077517e-21   2.4066385e-04   4.2028035e-03   3.9506519e-10   9.9933679e-05   2.6268427e-03   4.7833039e-42   1.3607378e-46
   2.7904028e-10   7.3051819e-04   7.1593830e-15   4.1914958e-04   5.8293611e-03   1.9899625e-15   2.4819581e-05   2.1983816e-03   8.2908289e-35   9.6853808e-53
   2.2305892e-08   3.0170992e-03   8.3832756e-16   2.9741533e-04   7.3106116e-03   1.0109700e-22   1.5527684e-05   2.0117038e-03   2.5874008e-40   3.0183669e-36
   1.0640213e-15   8.7823861e-03   9.5237290e-29   2.1743189e-04   7.8614992e-03   2.6043293e-10   8.1492169e-05   1.9052443e-03   7.9169421e-09   2.3212788e-16
   1.5071562e-04   1.1739948e-02   1.2421292e-28   1.4441667e-04   9.4662070e-03   2.1886852e-07   3.4833333e-05   1.6637416e-03   2.6136340e-05   2.0029849e-03
   1.8061116e-05   9.9157920e-03   4.3172895e-28   8.3768825e-05   1.0449093e-02   2.1427290e-16   5.3552093e-05   1.5459251e-03   5.7070673e-03   6.9875607e-03
   1.8054905e-03   5.6111271e-03   5.8161330e-41   2.1297754e-05   8.8880173e-03   5.3085924e-13   2.5841172e-09   2.0971477e-03   3.1165223e-02   8.8602862e-03
   4.5328778e-03   1.8982162e-19   2.3453399e-51   8.7094110e-05   6.6725875e-03   3.6956673e-18   6.9788062e-12   2.3604407e-03   7.3943300e-02   5.7336564e-03
   4.7180993e-03   1.8941603e-26   3.6240739e-41   3.9677385e-06   7.1015411e-03   3.5223872e-09   7.6198079e-07   2.7808391e-03   7.9740531e-02   2.6707354e-03
   1.3946639e-02   6.7593175e-20   9.3941894e-25   3.7148896e-04   7.0044760e-03   6.1282129e-05   3.0898638e-03   1.7756542e-03   3.6586054e-02   1.4804764e-03
   2.6444230e-02   5.9138446e-34   4.5749808e-27   6.0161097e-04   6.8194313e-03   2.7918312e-06   4.0328304e-03   1.2795986e-03   1.7210351e-02   2.5045056e-04
   3.8910283e-02   6.4634036e-31   9.8314446e-04   9.0673256e-04   4.8370911e-03   2.5140544e-16   4.5295842e-03   9.7463961e-04   2.3857982e-03   1.9667189e-14
   5.5906221e-02   6.1516754e-15   4.3626666e-03   1.1598658e-03   1.3802343e-03   2.1814888e-13   3.2839244e-03   5.0309304e-04   1.0109520e-08   3.7250857e-32
   6.5165948e-02   6.4382512e-14   1.1028186e-02   1.0699353e-03   1.1204219e-03   3.1084327e-07   1.0810963e-03   5.7566083e-04   1.7086442e-28   1.8926309e-38
   5.3256411e-02   1.0009801e-13   2.4759736e-02   9.9774359e-04   1.7627230e-05   1.8886867e-06   7.2558562e-04   9.8706527e-04   2.7941203e-41   7.3851321e-37
   2.9517366e-02   3.2757489e-21   3.6846877e-02   6.1951225e-04   4.1698288e-08   7.1497633e-04   1.2694262e-03   1.9259285e-03   3.1417628e-29   4.9035078e-44
   8.0821019e-03   5.1005417e-33   3.1544309e-02   2.7598335e-04   2.0045414e-04   1.1148121e-02   1.2028856e-03   3.6153765e-03   5.8495409e-44   3.6166143e-45
   1.2985063e-07   2.7986663e-25   1.6678286e-02   4.6563237e-05   4.5690319e-04   3.0470602e-02   1.1059947e-03   4.0836391e-03   2.3671217e-44   4.0002755e-49
   1.4223221e-04   3.5732364e-18   3.5253685e-03   1.1599487e-05   1.1556020e-05   3.0133987e-02   5.8617965e-04   4.7361751e-03   9.9924198e-39   6.6926293e-52
   1.5821570e-03   1.4009860e-14   2.4275610e-05   4.7759047e-09   2.5727688e-07   1.1758100e-02   7.1879802e-05   4.9505178e-03   1.9984470e-51   2.0854647e-57
   1.6144118e-04   1.7800131e-04   2.6675907e-30   8.5088526e-07   2.4433119e-08   1.4049671e-03   7.5665689e-05   4.8705888e-03   2.7222010e-43   1.3406296e-69
   3.4645060e-10   2.7547241e-03   3.7892738e-28   6.8250752e-08   9.0428594e-07   3.1209496e-05   1.2775959e-05   4.1302640e-03   9.5390420e-59   1.9105074e-60
   1.2245403e-09   7.5236240e-03   1.0171071e-31   9.9773605e-05   2.2079678e-04   3.9652410e-13   1.2917377e-05   2.8287150e-03   1.0212513e-46   4.2429143e-37
   3.1159090e-05   1.0401397e-02   2.1512022e-28   1.7121015e-04   8.8977057e-04   1.0546940e-13   2.5881370e-05   2.0494691e-03   4.0906380e-28   2.4521409e-09
   1.0576663e-03   8.6472887e-03   3.0003273e-31   4.1602906e-04   6.4192350e-04   3.9137005e-13   1.5888136e-05   1.8328319e-03   1.4460662e-26   3.8749109e-03
   2.5279764e-03   4.9336274e-03   3.1154524e-34   5.9014397e-04   6.9924526e-04   3.2294828e-27   4.7435748e-07   1.6626326e-03   3.4091844e-03   7.1773987e-03
   5.5720531e-03   3.8318114e-13   2.1436151e-33   9.6103625e-04   3.9072004e-04   7.2986227e-29   1.4817761e-06   1.8846665e-03   7.2449289e-03   8.1885141e-03
   8.7762572e-03   3.5532650e-16   1.6180283e-38   9.7618547e-04   7.7923240e-08   4.3303574e-21   3.5791436e-18   2.0373744e-03   1.1739928e-02   9.0377988e-03
   9.8988467e-03   4.5882721e-28   2.0135196e-34   1.0517142e-03   4.1306248e-10   6.9461120e-18   1.3859399e-15   1.8569205e-03   1.5991939e-02   7.1053613e-03
   1.2001841e-02   8.7388437e-48   1.9225755e-37   1.1182375e-03   7.5330709e-09   2.8187762e-09   6.0420188e-14   1.9926050e-03   1.5533948e-02   3.8632439e-03
   1.6408813e-02   6.1897556e-46   1.4675051e-37   1.1304140e-03   1.8387122e-10   1.9777927e-06   3.4464924e-12   2.2762712e-03   1.2417399e-02   3.6919048e-06
   2.2195791e-02   1.2239686e-34   5.7199944e-29   1.0729321e-03   2.8522445e-08   1.2217101e-07   6.6723694e-10   2.1482580e-03   3.3628164e-03   1.0888089e-14
   2.4634321e-02   5.8137558e-26   1.1824749e-29   8.9431408e-04   3.4577634e-06   4.6542168e-05   4.2653445e-09   2.0473971e-03   8.0073412e-04   1.6825910e-32
   2.4749721e-02   7.5930316e-32   8.7797147e-22   8.5594291e-04   9.9060076e-05   1.9587290e-05   2.2888782e-04   1.7638643e-03   9.6825511e-19   7.2008092e-48
   2.4183811e-02   1.3207305e-27   8.9750566e-04   6.6803091e-04   5.8839608e-04   3.6327630e-07   1.1802746e-03   1.7886606e-03   2.1649580e-31   1.0966180e-70
   3.0480312e-02   3.4479058e-22   4.3188590e-03   7.6066709e-04   1.0281770e-03   1.3861820e-06   7.4981527e-04   1.3088659e-03   1.2655913e-19   4.9623057e-53
   3.5599322e-02   6.0773205e-06   1.2442040e-02   7.7793851e-04   1.6917334e-03   9.7614619e-14   1.1045483e-05   8.9406023e-04   5.2255259e-32   3.4945844e-52
   3.1978215e-02   8.4361933e-05   2.1944062e-02   6.0277226e-04   1.3722605e-03   8.5991190e-17   1.7080313e-07   1.3085041e-03   9.0622135e-36   5.3399224e-52
   1.8566712e-02   1.0800539e-04   2.8558271e-02   4.7480849e-04   8.7787739e-04   1.6125200e-03   5.4394317e-08   2.1225085e-03   1.4077791e-41   1.7662019e-55
   3.6903169e-03   5.8330951e-04   2.5369328e-02   2.0183331e-04   1.2817692e-03   2.5174856e-03   2.4546428e-05   3.2166999e-03   1.3530933e-45   3.5468931e-51
   1.7388034e-03   2.6402390e-03   1.5231381e-02   1.2883746e-04   3.1048326e-04   2.1089688e-02   2.0199013e-06   4.0564648e-03   3.1477055e-50   7.7901223e-52
   1.7271223e-03   6.3565397e-03   5.4656410e-03   2.3036297e-04   4.1979346e-05   3.9085710e-02   1.8936603e-06   3.2147354e-03   7.7583441e-55   3.8001325e-47
   1.1582079e-04   7.1861905e-03   9.0022562e-04   2.6405351e-04   6.1456828e-05   3.0806074e-02   1.0556983e-05   3.6870285e-03   4.3448264e-60   3.6623053e-35
   1.8165305e-07   3.7401930e-03   3.0443420e-24   3.2814209e-04   1.7121723e-08   1.3155614e-02   8.7634232e-05   4.8232937e-03   6.9712573e-43   8.7498002e-24
   1.3461602e-13   1.8527439e-03   6.3145347e-20   4.1286043e-04   5.4072305e-12   3.3967436e-03   1.6734826e-04   5.3698623e-03   3.1819483e-14   5.9694933e-17
   3.9612027e-12   7.6269020e-27   1.2436462e-34   4.2847907e-04   3.8646611e-18   2.2994878e-05   1.3551045e-04   5.4970217e-03   4.0078798e-03   8.2942282e-17
   1.7553804e-21   1.1650998e-28   6.5600221e-40   4.2529396e-04   8.2547068e-18   1.2890669e-10   1.3783011e-07   5.5705147e-03   1.5626448e-02   9.3877529e-21
   9.7515646e-08   8.7012909e-41   2.9008416e-38   4.4872700e-04   2.5518874e-13   8.9985497e-19   5.7839367e-06   4.4577509e-03   2.4318575e-02   1.5893614e-14
   4.3734396e-04   3.5063635e-32   2.3863525e-36   4.3626158e-04   6.7976603e-09   5.2444428e-16   1.0344314e-06   3.6486444e-03   2.4406379e-02   7.5390022e-10
   1.8604418e-03   5.0207605e-34   9.9477795e-22   4.0265228e-04   5.7114119e-12   7.7995032e-15   9.4097255e-05   2.8995579e-03   2.8824851e-02   2.2482701e-10
   2.0867786e-03   4.7207656e-46   5.9481651e-18   3.6582434e-04   2.0176446e-12   7.9416101e-06   4.5693244e-05   2.7761832e-03   2.8829419e-02   1.2103955e-15
   3.3551746e-03   5.0739535e-34   1.2254977e-19   3.3579296e-04   4.0008813e-11   1.6030033e-04   7.1428022e-04   3.1761383e-03   1.4647722e-02   1.7096223e-19
   6.2608022e-03   9.7532937e-26   8.7252867e-15   3.9627027e-04   6.2701965e-08   5.2055167e-09   1.3096724e-03   3.4251793e-03   2.1583174e-03   9.9570855e-31
   7.1578333e-03   2.1293921e-29   5.0532614e-10   4.1238270e-04   4.3304320e-08   5.9296511e-08   8.2299306e-04   3.3792371e-03   9.9610517e-11   1.4674902e-51
   5.9166374e-03   6.1446731e-29   3.3871839e-07   3.1122923e-04   9.2315302e-09   7.9778987e-06   1.4087100e-03   3.8628050e-03   7.0915313e-25   2.1815702e-52
   5.9352685e-03   1.8234128e-11   2.0372470e-14   4.0497550e-04   7.9341193e-05   8.9755354e-07   1.6323414e-03   3.5421151e-03   1.5019305e-21   2.9591807e-51
   4.9372079e-03   4.6878096e-05   2.1404234e-05   4.0100021e-04   3.1496758e-07   2.6244947e-07   1.3431122e-03   3.9811715e-03   3.3148527e-27   5.0738197e-50
   5.8885043e-03   1.7699399e-04   4.7964568e-04   4.1472472e-04   7.1228105e-08   1.4911873e-10   4.0759963e-04   4.1417029e-03   4.9789578e-30   2.6849624e-55
   1.0580443e-02   1.8664674e-03   4.5075829e-03   5.2556921e-04   5.0330688e-07   2.5955549e-13   6.1444432e-09   4.3163660e-03   3.2727186e-39   1.2275487e-58
   1.0363051e-02   6.2957663e-03   1.2644967e-02   7.1845193e-04   4.5636630e-09   2.9425937e-16   1.1566305e-09   3.8390903e-03   7.6335624e-33   7.2013293e-50
   5.8160079e-03   1.1035412e-02   1.9898384e-02   1.0705552e-03   4.1933943e-07   2.2544058e-29   9.4691870e-08   2.8347473e-03   1.5455234e-34   1.1854188e-27
   1.8584823e-03   1.1192344e-02   2.4937853e-02   1.2131048e-03   7.1773393e-09   2.0389960e-16   5.6561781e-06   2.8474054e-03   8.0228954e-47   3.4450597e-16
   2.6135996e-04   9.1330080e-03   2.6880636e-02   1.6092091e-03   8.7526456e-14   8.8559526e-11   1.5915076e-09   3.3631165e-03   4.3563777e-47   2.4258944e-09
   1.1063607e-16   6.9150296e-03   1.9303012e-02   1.5673595e-03   2.5429672e-19   4.8725567e-03   9.5236940e-10   3.6360078e-03   2.1293000e-43   3.7576444e-06
   9.4119438e-16   2.5142156e-03   9.1874394e-03   1.4806297e-03   1.5100090e-20   1.7718440e-02   2.7253304e-10   4.6874290e-03   7.3381331e-38   1.1227280e-08
   7.2882889e-14   1.5021086e-03   1.8064473e-03   1.3454984e-03   1.7843016e-19   2.0430902e-02   2.2081244e-11   4.7385808e-03   1.7129229e-30   1.6826000e-06
   1.9080194e-13   1.5371386e-08   9.7316269e-10   1.3683965e-03   1.1627159e-12   8.7443400e-03   5.1364066e-09   4.5394787e-03   6.4731971e-05   2.5398362e-03
   4.5819760e-11   6.3161561e-16   1.1904469e-16   1.3383860e-03   5.4630002e-15   1.3702138e-03   2.9700099e-06   4.3091195e-03   2.2218354e-03   3.9010057e-03
   1.7520067e-11   3.9397584e-19   6.0423423e-29   1.1048417e-03   1.3227837e-12   7.7063346e-04   3.8422094e-06   4.7018965e-03   1.3962486e-08   5.5850953e-03
   6.8156829e-10   5.1811826e-28   1.6677602e-26   1.1111309e-03   5.2259721e-13   2.6022074e-05   4.8039103e-06   3.8992461e-03   4.0648456e-03   7.3732555e-03
   9.9838530e-10   2.4582646e-48   2.3719330e-31   1.0272480e-03   8.2008296e-11   4.8222506e-07   5.4023914e-06   3.7429251e-03   9.0531160e-03   3.8282452e-03
   1.7588520e-12   1.9895127e-27   6.7556218e-29   1.5340744e-03   8.7623655e-13   2.2388104e-14   9.1136964e-06   3.9090789e-03   7.9726959e-03   5.9650144e-04
   5.0592430e-13   7.5467672e-27   4.2019921e-29   1.9467125e-03   4.5694477e-13   1.0398513e-15   1.1469811e-05   3.5943041e-03   4.8261744e-03   3.3809914e-08
   1.1920035e-06   9.9297790e-25   9.2028090e-26   1.8407046e-03   2.4608395e-13   3.5122662e-06   2.7528943e-04   3.4477878e-03   1.8502424e-03   8.8640202e-22
   4.9403261e-05   6.2664912e-04   6.3379201e-22   2.1472986e-03   3.3577623e-13   3.5756938e-05   1.3806121e-04   3.4498757e-03   7.0607474e-05   1.2777928e-37
   4.0754876e-04   3.1942783e-03   5.8570391e-20   1.8957624e-03   2.9867537e-12   1.5035284e-05   4.2682719e-04   2.6765575e-03   9.4202774e-18   1.4862977e-28
   6.7979042e-04   5.7508700e-03   1.2374663e-06   1.7830514e-03   2.6711501e-10   8.7398719e-06   8.6152837e-05   2.3345924e-03   2.9082327e-35   1.3089066e-35
   6.8732751e-04   1.0937133e-02   1.3968048e-09   2.0407612e-03   3.9564445e-19   1.0966202e-04   2.6759750e-04   2.1046722e-03   3.3010288e-38   9.2483431e-20
   9.0393578e-04   2.1334726e-02   4.1322495e-14   2.1610029e-03   5.0510590e-15   7.7148675e-05   4.0183418e-05   1.7446089e-03   2.8106061e-47   1.8548334e-19
   1.6672322e-03   3.0556021e-02   1.2495654e-04   2.3253462e-03   8.0095852e-20   1.6169630e-05   4.4433716e-05   1.7669400e-03   5.7741901e-51   2.6740197e-46
   2.3580092e-03   3.3519139e-02   6.0474281e-04   3.2761580e-03   1.0509877e-19   1.7080875e-12   2.7847491e-07   1.4789770e-03   6.8487337e-43   4.7938032e-20
   2.0453364e-03   2.4086641e-02   2.7031834e-03   3.9121658e-03   2.1773786e-21   9.5839958e-20   2.1857970e-09   1.3732890e-03   3.6392880e-49   3.0813967e-03
   8.1579564e-04   1.7210436e-02   4.9958635e-03   4.3745158e-03   4.7525759e-14   3.5309167e-17   6.5708054e-07   1.3462896e-03   3.1402168e-46   6.4942852e-03
   6.3130593e-05   6.1895578e-03   5.4228098e-03   5.3816095e-03   7.7227991e-14   2.1063160e-19   7.6342115e-06   1.1526975e-03   2.9639300e-47   1.1143997e-02
   1.8277669e-11   2.7822002e-03   4.7737992e-03   5.5395507e-03   2.0295717e-11   1.2132164e-19   1.2894266e-06   1.3419910e-03   1.9142229e-43   1.4230701e-02
   1.3841291e-17   4.1909386e-06   3.2717041e-03   5.4372041e-03   3.7132813e-11   1.9050088e-06   1.8720758e-09   2.0241037e-03   2.2794140e-42   1.4864303e-02
   2.0521710e-25   6.0733295e-19   1.4347653e-03   5.5700702e-03   2.6703499e-07   1.2331571e-03   1.3036649e-08   2.3936659e-03   9.9462862e-26   1.6176584e-02
   1.3672214e-33   4.4080299e-40   4.5188736e-05   5.6584137e-03   2.3423651e-07   8.7261275e-03   3.4520067e-07   2.6774314e-03   8.4998769e-12   1.3469210e-02
   1.0556679e-22   2.5414347e-42   5.6053515e-19   6.1870113e-03   6.1054415e-09   1.6744810e-02   4.1394234e-08   1.6063145e-03   2.1989398e-03   1.2935430e-02
   2.6676283e-19   5.2622359e-48   1.3018091e-21   7.9722320e-03   5.6658452e-08   1.0646678e-02   1.5529396e-06   1.4466610e-03   6.1841544e-04   2.1102043e-02
   4.7910723e-15   1.4892791e-48   4.2610376e-21   7.7091944e-03   3.7080621e-12   5.2336917e-03   1.3373227e-04   1.2358792e-03   2.3231709e-03   2.4533333e-02
   3.8631327e-17   1.6444620e-50   8.2058785e-28   9.1760504e-03   1.1403327e-10   4.5063197e-03   9.0413703e-05   1.1825497e-03   1.6304923e-03   1.8430460e-02
   1.9073743e-19   8.6671904e-44   3.2284169e-23   9.3295535e-03   9.2950392e-10   2.8937088e-03   2.6388376e-04   1.2154381e-03   1.2188311e-03   1.4913500e-02
   1.7686400e-19   1.7555481e-38   2.3152944e-27   9.3267880e-03   1.1117495e-14   7.4159324e-04   1.0295522e-04   1.3562440e-03   1.2852503e-05   5.2617203e-03
   1.9094688e-16   9.3455773e-34   2.2645623e-28   9.6139383e-03   5.4475917e-13   1.9885469e-08   6.6439680e-05   1.3482585e-03   5.1092276e-21   2.5909210e-06
   3.3518558e-10   3.8500868e-25   2.2226974e-45   8.8268296e-03   3.6311328e-11   2.4053717e-13   3.9962664e-04   1.3899182e-03   2.2397087e-29   4.6561425e-18
   3.5657099e-07   4.8494646e-13   1.9475332e-29   9.7205621e-03   9.4525806e-09   5.6098858e-09   1.1758933e-04   1.2066623e-03   5.2516687e-38   1.4537653e-25
   7.6163479e-06   2.5534076e-03   3.0376686e-09   1.0926543e-02   1.8957943e-06   1.6226938e-04   4.7091142e-04   8.9882499e-04   7.3242527e-44   6.7514209e-33
   2.3713092e-04   4.2693459e-03   6.3119894e-06   1.0542480e-02   6.7429858e-06   8.2561101e-05   4.7821314e-04   8.5929162e-04   8.9012117e-54   7.9555682e-30
   6.1409315e-04   2.5009250e-05   1.7591835e-05   1.0499411e-02   3.6414274e-06   5.2494660e-07   8.0226309e-04   1.0549266e-03   2.8452052e-61   1.5413362e-26
   1.5057115e-03   5.7728229e-03   2.8621992e-19   9.0459029e-03   1.6920341e-04   1.3327512e-04   8.3405257e-04   8.3198252e-04   1.1398820e-42   2.0837544e-34
   1.7622412e-03   3.1716930e-03   8.1310667e-13   8.4099216e-03   4.2075493e-06   1.7352441e-06   5.4175109e-04   1.0870327e-03   1.4659797e-58   2.7936188e-14
   2.1391856e-03   4.0859193e-05   1.0484018e-06   8.3234987e-03   7.6644871e-05   5.8520087e-08   6.4802309e-04   1.3116225e-03   7.4789353e-47   6.5435149e-11
   1.8306582e-03   6.0779788e-11   5.0898657e-04   7.4781156e-03   7.0522411e-05   6.0856716e-13   2.4929520e-04   1.2217951e-03   6.8947073e-50   3.9630113e-07
   1.0431333e-03   5.7455441e-15   2.0137205e-03   6.3055376e-03   9.0579448e-04   1.6681776e-18   2.2228570e-04   1.2131421e-03   1.7475920e-43   3.4359714e-03
   2.1706636e-04   8.7160549e-25   3.4716562e-03   6.6757938e-03   8.6975271e-04   2.0758967e-17   1.8851212e-04   1.3988946e-03   3.6309170e-34   2.9599683e-03
   8.6694942e-09   1.6685125e-25   4.4833236e-03   7.5710501e-03   6.3746104e-07   1.0369638e-24   3.5669185e-04   1.5795693e-03   1.7905715e-18   7.7519460e-03
   1.3728406e-14   1.4767671e-41   4.6069622e-03   7.7025196e-03   1.1902453e-11   3.2312677e-19   1.3649472e-05   1.8391809e-03   4.1799066e-10   1.0993063e-02
   2.6362556e-12   1.0719764e-42   3.6471340e-03   9.6239878e-03   1.1875687e-07   2.4337066e-13   2.7545014e-09   2.0903204e-03   7.7029691e-15   1.1440273e-02
   1.3941219e-09   2.7608932e-42   2.2997952e-03   8.2609058e-03   5.0214457e-08   2.4234123e-03   7.6388134e-05   2.0717928e-03   3.7581897e-07   1.7342016e-02
   8.3098165e-18   6.8430333e-41   7.3576550e-04   8.2209741e-03   3.1491773e-10   8.1671292e-03   6.5717704e-05   2.3098895e-03   2.6546823e-08   9.8799996e-03
   1.2213008e-21   6.8283887e-31   1.3797118e-04   8.1592802e-03   1.2770337e-10   1.9828930e-02   1.8920097e-05   1.6350935e-03   1.4524835e-03   9.6486375e-03
   1.1658221e-15   2.2370873e-24   4.2028611e-07   9.5411440e-03   9.8066029e-12   2.1171677e-02   1.7058235e-04   1.5516451e-03   1.9974307e-03   6.9994462e-03
   3.3783704e-07   1.0128879e-23   9.3144936e-20   1.0774565e-02   5.1109271e-14   7.8545753e-03   5.5713161e-04   1.5195840e-03   6.5777053e-04   5.7428104e-13
   2.6849169e-05   1.4760723e-09   1.1904539e-15   1.1524492e-02   8.6074241e-13   4.2667606e-03   3.8038025e-04   1.3825847e-03   3.0172541e-10   2.2318757e-17
   6.1399077e-06   2.2417341e-03   7.5066885e-15   1.2539492e-02   2.4042460e-17   2.1628689e-03   2.4718295e-04   1.5574658e-03   4.9514081e-26   2.8822196e-28
   1.0586047e-06   7.0825846e-03   1.0284185e-18   1.0527242e-02   1.4114501e-11   7.9445779e-04   1.8588750e-04   1.6889295e-03   4.1312605e-36   3.5082356e-38
   2.2052019e-08   8.8662703e-03   2.8854933e-31   9.8924555e-03   2.3545298e-10   1.4734012e-05   3.3078978e-05   2.0889220e-03   2.2555501e-32   6.1149142e-29
   1.5331615e-06   7.5425910e-03   1.0035883e-33   8.5516002e-03   1.6448659e-13   4.3586954e-15   2.8204320e-05   2.1079042e-03   3.0436062e-33   1.8431319e-21
   5.1062037e-05   1.1238332e-02   3.9777026e-36   8.5966722e-03   4.4560465e-13   8.4241012e-26   2.2685384e-06   2.3761390e-03   6.5557442e-44   6.2223196e-10
   7.5497410e-04   9.6423489e-03   1.5318436e-25   7.8353433e-03   3.9929158e-15   4.3389871e-16   1.2795162e-05   2.4464189e-03   1.2418233e-30   8.3359664e-14
   1.8842177e-03   4.2469220e-03   5.2282008e-21   7.7072861e-03   3.7133984e-17   3.8431184e-08   1.0536317e-05   2.0415218e-03   5.8723914e-28   3.1459000e-06
   2.8554049e-03   8.0589344e-11   6.3884801e-12   8.3206556e-03   2.6452346e-12   1.4498051e-08   2.0627227e-10   1.8531611e-03   5.4637000e-23   1.5434786e-03
   4.7890199e-03   2.6332872e-13   8.0464390e-18   8.1415373e-03   2.7326500e-10   1.4229636e-06   3.0348594e-08   1.7639760e-03   5.4480242e-21   6.3426949e-03
   5.4858682e-03   2.3447356e-19   3.2466863e-04   7.6853060e-03   4.5627656e-10   4.3311311e-08   4.0293862e-11   2.4403866e-03   7.7001334e-22   8.7192455e-03
   6.1401554e-03   9.0121884e-38   1.1071891e-03   7.3519100e-03   6.1663806e-07   4.2780068e-13   1.2063361e-15   2.5605604e-03   1.9311365e-08   1.1571658e-02
   4.0011221e-03   3.9686398e-25   4.0095714e-03   7.3952731e-03   3.2786745e-11   3.5066597e-24   2.9101859e-18   3.1401405e-03   3.5487084e-04   1.0649621e-02
   2.5916815e-03   6.4946753e-25   7.4787589e-03   7.5949214e-03   1.0788989e-11   2.0076784e-36   1.3218901e-14   2.2447456e-03   8.3723968e-03   1.2289366e-02
   3.0694074e-04   1.7443430e-30   8.3792192e-03   6.4230620e-03   6.5165085e-09   2.6934229e-39   5.6925187e-07   2.5835515e-03   8.0375342e-03   1.0833741e-02
   7.1431510e-07   3.1615749e-29   8.3867064e-03   5.8619547e-03   1.4947681e-07   7.1657992e-27   6.4296508e-08   3.4690498e-03   6.2632878e-03   1.6889049e-02
   2.5944715e-19   7.6380200e-26   9.1593322e-03   5.9444545e-03   8.5825717e-10   8.4420907e-23   4.5326864e-09   3.2083432e-03   5.5667790e-03   2.5597463e-02
   5.7745525e-18   1.3088870e-18   9.8599314e-03   6.4537798e-03   1.2595309e-10   8.1025542e-18   1.1544599e-09   3.0754521e-03   9.1452877e-03   1.8737624e-02
   3.8003372e-13   3.5810000e-07   7.0050778e-03   4.6531461e-03   6.9201314e-09   1.4607620e-03   3.5951138e-08   3.7532093e-03   1.0895393e-02   3.8926818e-03
   5.5077333e-08   2.1762893e-04   3.0519128e-03   4.9773533e-03   3.0641199e-13   3.5983908e-03   5.8417367e-07   4.5382331e-03   5.2572210e-03   2.3433120e-03
   8.7337500e-08   2.8911795e-03   6.1482985e-04   3.8670491e-03   4.3041876e-13   2.0500508e-02   1.1254149e-07   4.8979028e-03   2.5292710e-03   1.3196196e-05
   5.3473267e-05   7.0192363e-03   1.7219463e-04   4.1338248e-03   2.1779621e-11   3.2501187e-02   1.0116823e-07   3.6269108e-03   3.9230543e-04   4.0493980e-23
   1.6695544e-06   8.2432081e-03   2.4625606e-12   3.8983878e-03   4.7731579e-11   2.2943199e-02   1.5463145e-07   3.0609875e-03   2.0857335e-12   2.5045465e-44
   1.3359197e-07   5.5084753e-03   3.8641836e-06   3.8758750e-03   1.1207609e-18   1.3298426e-02   2.1021592e-05   3.0863723e-03   1.0126413e-41   1.0373351e-27
   1.3496165e-13   4.1905901e-03   2.2999623e-13   3.7749857e-03   1.1372388e-14   6.3249867e-03   3.2558042e-07   3.3788388e-03   1.8950048e-29   2.4672535e-18
   4.8625420e-08   2.8544952e-03   2.8916072e-07   4.7045959e-03   2.4862706e-08   3.1920856e-03   3.9897209e-06   2.9882826e-03   7.5993008e-45   7.4827295e-13
   7.9288774e-05   3.2938657e-12   5.3278473e-14   4.2190998e-03   4.3300963e-09   1.2219769e-03   7.5564333e-08   3.8462480e-03   3.5653005e-53   1.0830446e-14
   4.0384243e-04   7.4761143e-24   8.3766753e-25   3.5947392e-03   3.6657689e-07   1.8464143e-04   5.1973891e-11   4.5756127e-03   3.3846169e-40   1.0974078e-09
   8.2069233e-04   2.2349488e-34   7.4872817e-24   2.8321006e-03   2.6345634e-06   9.9793708e-14   9.5111501e-14   4.7997123e-03   7.1645433e-34   2.0430404e-15
   1.2304247e-03   7.8142449e-37   3.8150273e-23   2.3373879e-03   4.2704852e-06   8.0117531e-12   3.2568689e-11   4.7052912e-03   6.5935287e-31   2.6571290e-09
   3.5636033e-04   7.9636345e-44   2.5521899e-21   2.2196397e-03   1.7352206e-06   3.7448756e-06   8.8060653e-11   5.4677646e-03   3.6769550e-34   4.6392722e-14
   9.2747412e-04   5.5913091e-44   1.1063300e-19   1.9524878e-03   1.3505314e-07   1.1038338e-04   1.4421750e-09   4.7337074e-03   6.3852397e-23   3.0322193e-08
   2.3363987e-03   7.0329890e-45   5.9842366e-20   2.1902796e-03   3.3594319e-08   1.6449096e-09   8.9173839e-12   3.9095905e-03   1.9797880e-09   7.9383425e-07
   1.7522815e-03   7.8297237e-43   1.7303335e-04   1.5008345e-03   7.3235719e-08   6.0118343e-12   1.1537457e-17   4.8790869e-03   6.9345828e-08   4.0323259e-12
   2.8683944e-03   1.2706384e-50   1.1764231e-03   2.1675306e-03   1.2139063e-11   1.1161145e-13   6.0145177e-22   3.4586721e-03   3.2406887e-03   7.2589910e-13
   1.9670393e-03   1.4612091e-32   4.2418781e-03   1.8290762e-03   1.0867337e-10   9.7809486e-09   1.2923794e-17   2.9964766e-03   2.7218446e-03   1.7760869e-08
   2.1389129e-04   4.2214419e-29   5.5126101e-03   2.1039838e-03   1.3351774e-08   1.2237181e-18   4.8016800e-16   3.0073310e-03   5.8239809e-03   1.9773155e-03
   1.5494962e-08   2.0687841e-16   6.4685878e-03   1.7350136e-03   1.0544173e-08   1.9175737e-32   1.5858377e-11   2.8699898e-03   7.6807602e-03   4.9785225e-03
   3.8507953e-09   3.9961223e-07   6.6552694e-03   1.8094011e-03   1.6679755e-08   1.2190868e-26   9.8452134e-13   2.5275872e-03   8.1336830e-03   4.8669142e-03
   6.3234755e-20   6.7232245e-04   5.8735555e-03   2.0892442e-03   1.0885232e-10   3.2615939e-28   9.1632170e-15   2.2092903e-03   6.1621328e-03   2.5188755e-03
   2.0354717e-09   1.7034954e-03   5.8337322e-03   2.1028366e-03   1.6501681e-08   1.4658825e-21   1.9036539e-12   2.0371599e-03   3.6581468e-03   2.8935451e-19
   3.8008562e-13   1.9387150e-03   4.2464134e-03   1.7915516e-03   5.6614985e-10   9.4703135e-13   9.4353581e-13   2.4631376e-03   1.0959874e-03   1.1018580e-27
   2.1121108e-14   8.2606949e-04   2.3899153e-03   1.9150551e-03   1.0918362e-12   4.6533299e-04   6.7591105e-11   2.5459093e-03   9.9122613e-05   2.0426133e-18
   1.6853385e-13   9.4855321e-04   1.0026396e-03   2.1438185e-03   3.9966931e-13   5.0751629e-03   1.1989439e-12   2.5059120e-03   6.0839636e-15   2.2796514e-33
   1.1921292e-12   1.9193654e-05   3.6524608e-05   2.2617520e-03   7.2568910e-13   1.1480519e-02   9.0116682e-13   2.4918913e-03   4.6775300e-40   1.0485531e-23
   2.9903778e-12   1.0288463e-08   1.1191176e-09   1.9492524e-03   1.4968696e-11   1.0523523e-02   3.0073913e-11   2.1514572e-03   8.7473930e-34   6.6001747e-24
   8.2607276e-11   1.3257823e-13   1.7844785e-13   2.1704122e-03   2.5378795e-08   4.8683758e-03   4.0584062e-07   1.5933708e-03   3.9949610e-30   1.0852682e-07
   7.6980520e-12   8.7012875e-33   9.6359438e-18   2.0074423e-03   1.0703956e-11   1.6078659e-03   9.2228433e-07   1.6269310e-03   8.2812279e-32   6.4353145e-04
   4.3073961e-08   1.9008777e-21   8.3912168e-20   1.6151115e-03   6.7963255e-16   6.7435811e-04   1.8976254e-05   1.6793544e-03   5.9177264e-31   5.7767630e-05
   1.2591643e-04   5.4541980e-36   1.1987891e-23   1.5620162e-03   2.5079114e-16   7.6452016e-04   1.2104036e-06   1.6938228e-03   1.9274023e-31   1.4386827e-03
   2.9271524e-04   2.3821144e-38   2.3771087e-23   1.0652845e-03   2.5051952e-10   2.9574896e-04   4.8534384e-06   1.9413659e-03   8.9249736e-33   2.3312686e-03
   6.4319056e-04   1.6552653e-41   5.4075566e-29   1.5947692e-03   8.6885937e-18   2.7935016e-08   5.9256482e-06   1.7409129e-03   8.8682706e-23   1.7395518e-03
   6.3180472e-04   1.1100357e-27   7.6315844e-21   1.1596527e-03   4.5195526e-21   1.7289005e-20   9.6582323e-08   2.2507189e-03   2.8096242e-10   4.0098517e-04
   6.3734537e-04   1.1075725e-24   1.1972180e-35   1.0729708e-03   7.5769924e-11   3.6683434e-16   1.5584220e-06   2.4608578e-03   4.5569652e-05   2.6442291e-07
   6.6021814e-04   3.4393810e-22   4.5246690e-32   8.9407035e-04   2.2845918e-17   4.4380075e-15   3.2252395e-07   2.5598891e-03   1.6238684e-03   6.7293227e-13
   8.9719310e-04   7.8002156e-15   2.8280473e-21   8.1992575e-04   7.7767308e-19   6.9465497e-20   1.4563550e-08   2.7763104e-03   2.7750560e-13   1.4585621e-15
   8.2724544e-04   7.8447075e-05   2.2162481e-04   9.9126166e-04   9.5450629e-16   6.0376809e-22   5.6842072e-13   2.7808939e-03   1.1545847e-03   1.7198102e-08
   5.6901571e-04   7.8310183e-04   1.0771570e-03   1.3156867e-03   1.8406943e-14   3.4705086e-12   7.3441697e-15   2.4625550e-03   1.8629412e-03   2.3504890e-03
   5.2186029e-04   1.6058450e-03   3.0505749e-03   1.4915562e-03   1.6358630e-12   7.0011808e-11   8.7349691e-15   1.8185961e-03   1.9588677e-03   4.6441987e-03
   2.7942603e-07   2.4210414e-03   3.3694451e-03   1.7171353e-03   7.3337371e-18   3.0422149e-08   3.8189762e-11   1.3359970e-03   3.5744943e-03   5.0077711e-03
   3.8864534e-05   2.8411069e-03   4.2080960e-03   1.9887390e-03   7.5198025e-16   3.5729838e-19   7.5584552e-11   1.0647950e-03   2.9131099e-03   2.5395124e-03
   1.7355867e-06   1.6751320e-03   4.4366186e-03   2.0970490e-03   3.3692834e-07   3.2954867e-22   2.4883099e-08   9.0972081e-04   1.4258210e-03   2.9492268e-05
   1.7966658e-04   2.7968642e-03   3.8283537e-03   2.0169762e-03   1.4057758e-05   4.7468666e-19   5.4935550e-08   1.1671385e-03   2.7876372e-04   1.7037785e-25
   7.1803121e-05   2.3009296e-03   3.7411265e-03   2.2456681e-03   4.3279486e-07   1.7616179e-19   9.1537703e-07   1.2583066e-03   6.3604584e-33   5.1576583e-22
   7.5670755e-06   1.7089637e-03   3.1456358e-03   2.3916317e-03   7.2037456e-10   1.7359215e-12   6.2723049e-07   1.7330988e-03   2.7317766e-29   5.5769035e-16
   1.8505697e-05   5.5548668e-14   2.3371311e-03   2.4717070e-03   1.7591303e-08   3.9187853e-04   6.5631790e-07   1.5805703e-03   8.3273299e-18   8.4221513e-04
   5.7049933e-05   9.0863821e-15   1.6566618e-03   2.5442604e-03   4.8806809e-16   2.1145462e-03   2.9342775e-06   1.3128940e-03   2.5069574e-18   1.0606595e-03
   3.6273651e-07   1.8476731e-04   4.8953504e-04   2.3267048e-03   2.0510701e-12   7.5698320e-03   1.1673319e-06   1.4790069e-03   5.3151470e-16   1.6123071e-03
   1.8818643e-12   7.9040705e-21   2.9838213e-06   2.3962934e-03   2.3260107e-07   1.0121839e-02   1.2228392e-06   1.7659933e-03   7.0636564e-16   1.0457647e-03
   1.7703657e-09   1.0151835e-20   1.2926068e-09   3.0962043e-03   3.1762164e-15   6.9296361e-03   1.8445727e-07   1.5577088e-03   8.7496239e-10   2.6478618e-03
   1.8747916e-05   6.3673235e-21   1.6378334e-23   2.8420712e-03   4.0025887e-09   2.6040621e-03   6.5274760e-05   1.9207853e-03   4.3449942e-08   3.6613768e-03
   3.5677962e-04   1.3700252e-13   5.1213847e-24   3.0244710e-03   3.9336642e-13   5.8660807e-04   4.2706250e-04   1.9467579e-03   4.6003472e-04   2.0953862e-03
   7.8884159e-04   4.4516874e-18   4.3090670e-21   3.3265483e-03   1.0689164e-14   1.0067270e-03   1.2349471e-04   1.6929219e-03   2.3535089e-03   1.9048927e-03
   9.4319254e-04   4.9135136e-08   6.1469387e-23   3.1106947e-03   3.6218671e-14   4.5813043e-04   1.1423460e-06   1.9155245e-03   3.6096758e-03   2.1433594e-03
   1.0898685e-03   1.3282891e-06   1.7703285e-18   3.2808381e-03   8.0319331e-17   2.4996242e-10   2.7064852e-06   2.1455134e-03   3.7502612e-03   2.1129098e-03
   1.2787851e-03   1.8467407e-03   6.1849853e-10   3.2269302e-03   5.7286538e-15   2.4010363e-21   6.7743689e-10   2.6417902e-03   2.0660308e-03   1.4165369e-05
   1.7562520e-03   2.9055733e-03   6.9338109e-28   3.0533208e-03   2.4948359e-13   7.4419813e-22   3.8826700e-06   2.6162514e-03   3.2328053e-03   1.0572732e-06
   1.6120645e-03   3.2474482e-03   3.2227918e-17   3.3835649e-03   1.3200457e-19   1.4591085e-15   5.0489300e-09   2.9010404e-03   3.5309396e-03   3.2399034e-05
   1.4044005e-03   2.8364306e-03   4.3726636e-04   3.9191529e-03   1.4010312e-17   7.2525287e-18   1.0274209e-09   3.0627696e-03   1.0705719e-03   1.9284777e-04
   7.6964645e-04   4.3794017e-03   1.2104185e-03   3.3779424e-03   4.0620659e-19   8.1897836e-34   1.3216610e-11   3.9665012e-03   4.4732085e-03   6.8902489e-05
   3.1276013e-07   3.1295435e-03   2.0602986e-03   3.0358869e-03   5.1082823e-21   1.2998864e-22   5.9910432e-10   4.3904954e-03   4.0844936e-03   2.1595887e-07
   5.5959533e-07   3.6951774e-03   4.6345937e-03   3.8572391e-03   3.5450783e-17   3.0259847e-18   7.9254145e-09   3.0768545e-03   2.3504560e-03   4.1066646e-16
   1.1974260e-04   3.7245104e-03   5.8158189e-03   3.7384039e-03   9.7194890e-15   2.7828052e-12   1.5214477e-09   2.3702052e-03   1.0520019e-03   7.0811490e-08
   7.6399723e-07   4.8506273e-03   6.7490513e-03   4.4896805e-03   6.5818067e-15   6.6031186e-16   9.0954781e-09   1.7870397e-03   6.1284247e-05   1.8722705e-21
   8.9521053e-05   2.1529280e-03   5.9378059e-03   4.3146910e-03   2.2486200e-15   2.3593480e-28   3.1111284e-08   2.1879097e-03   3.6170861e-16   1.9053315e-16
   1.0073216e-04   1.8215220e-03   5.0173124e-03   3.3949637e-03   8.0369499e-15   1.3462629e-21   2.7492143e-05   1.8749151e-03   3.0516208e-34   1.8411546e-11
   1.5586414e-04   1.5958331e-03   5.6669953e-03   4.5597188e-03   2.6140396e-14   3.3086560e-26   2.7866360e-08   1.6830422e-03   2.1273125e-39   8.0945968e-07
   9.7092323e-05   9.6803930e-07   5.5919321e-03   4.3706575e-03   7.5880194e-15   8.6440429e-14   2.2833928e-07   1.8276708e-03   1.9791501e-41   2.2931701e-07
   3.0515401e-07   2.0049704e-15   3.6751212e-03   4.3582639e-03   1.1977148e-09   4.1397276e-04   1.3981789e-06   2.6512280e-03   2.2721296e-39   3.4530123e-06
   1.4244149e-09   1.1935521e-24   2.1723706e-03   3.6388163e-03   2.3144595e-09   1.0550216e-03   6.8253746e-07   3.2718997e-03   1.0044622e-30   9.4570194e-12
   8.1949420e-08   4.7637129e-08   1.3062627e-03   3.8652460e-03   4.7662658e-16   5.2811724e-03   1.0682885e-05   3.5346358e-03   1.5315586e-28   9.1571415e-13
   3.6574500e-05   6.9058649e-12   3.9432608e-04   3.2644804e-03   1.3983769e-13   1.4202028e-02   1.1339324e-06   3.5726312e-03   1.2274011e-22   7.1512892e-14
   2.0975441e-04   3.6687887e-08   8.4145133e-12   4.0890697e-03   5.2787082e-17   1.3473502e-02   8.7888762e-09   3.6265021e-03   6.8288297e-14   1.1648459e-07
   3.5552844e-04   2.4040162e-04   8.3195525e-31   4.5617874e-03   5.6009327e-16   4.9167077e-03   6.5650574e-11   3.5476481e-03   1.3196898e-03   1.8610553e-07
   8.6306012e-04   2.2384621e-03   2.3616066e-27   4.2326930e-03   5.9135754e-18   2.1946612e-03   1.7760453e-07   2.9996293e-03   4.2424494e-03   1.3683117e-15
   9.7839350e-04   2.1251249e-03   8.6776993e-30   4.5917119e-03   7.8880482e-17   2.2675942e-04   1.1655395e-08   3.7584285e-03   5.0100296e-09   1.4965028e-26
   2.3813297e-03   3.3099802e-03   1.4412503e-28   5.0681054e-03   1.0969294e-14   8.4162725e-04   2.7326268e-09   2.9624412e-03   3.5070893e-03   2.2297970e-19
   3.0412964e-03   4.4389562e-03   1.7517024e-09   5.2926645e-03   2.1551817e-20   4.6941391e-04   2.0832261e-10   2.9063812e-03   4.5030236e-03   3.3442849e-18
   3.4213194e-03   4.5554726e-03   9.1747517e-06   6.4388437e-03   4.7326534e-25   4.9868999e-08   5.7125735e-11   3.0135927e-03   3.3392985e-03   1.2645315e-14
   3.0166346e-03   1.8700088e-03   1.4847063e-04   4.7550679e-03   2.3871800e-18   5.1117778e-10   7.3908835e-09   2.7977668e-03   8.7378470e-03   3.6665314e-10
   3.9843162e-03   3.3612974e-03   1.1114105e-03   5.0426510e-03   6.3499506e-28   2.3663948e-05   1.5194163e-12   2.7058621e-03   7.4851799e-03   5.0062798e-06
   4.5110394e-03   2.7144563e-05   1.6670597e-03   5.5652886e-03   2.8270913e-23   6.6545322e-05   2.7364255e-14   3.3766451e-03   5.0242262e-03   1.3390940e-20
   2.8074430e-03   5.3989021e-06   3.4438038e-03   4.9453950e-03   3.4418529e-24   2.7962156e-15   3.6140663e-13   4.0197842e-03   2.3039549e-03   4.0792845e-18
   1.7284531e-05   3.4393588e-09   4.4889819e-03   4.2825162e-03   1.2321396e-19   2.6580957e-07   7.6086123e-08   3.3884121e-03   7.3107006e-04   3.2158848e-34
   1.5928086e-03   1.0327888e-23   5.5594357e-03   4.8602378e-03   1.1149957e-20   1.8413686e-05   4.6147862e-09   3.2767608e-03   2.7056810e-11   5.5624853e-34
   4.9615257e-06   5.2349538e-21   5.9868069e-03   4.0189673e-03   2.6598005e-15   1.0748381e-10   5.0054129e-06   3.1973133e-03   2.3935721e-24   1.0967634e-26
   1.9709337e-04   1.7282181e-22   5.6650492e-03   3.5850183e-03   3.3477889e-10   4.4238910e-09   9.7960372e-07   2.6313205e-03   9.2575814e-33   7.7615467e-24
   4.4216239e-04   2.3312152e-30   5.8059940e-03   4.0552636e-03   5.0436371e-12   2.7351510e-11   2.1059357e-06   2.1968335e-03   1.2472287e-40   1.5509176e-22
   5.1436187e-04   9.4978549e-28   5.6999186e-03   3.4011163e-03   4.3380189e-13   5.6063034e-12   7.7617718e-06   2.2398787e-03   2.9413224e-47   1.1533947e-17
   1.3483395e-05   6.3962043e-15   5.3608898e-03   3.5117058e-03   1.0236230e-11   1.1757555e-06   5.5355482e-06   2.6135376e-03   1.0397830e-28   1.4691154e-16
   6.2128986e-06   5.1721296e-21   4.0977504e-03   3.9139363e-03   2.7687023e-13   2.7483920e-06   5.4438427e-07   2.8084613e-03   7.7316847e-23   2.8128507e-09
   6.6160389e-05   1.3580220e-19   2.7186721e-03   3.8738321e-03   2.0976165e-17   1.3698399e-04   3.7586055e-06   3.2429325e-03   4.9267823e-19   1.8817452e-11
   1.0978509e-04   2.5660997e-09   1.5467573e-03   2.6185834e-03   4.1984390e-16   1.0865034e-03   3.6692910e-05   3.6682441e-03   1.2371605e-17   2.2804420e-13
   3.3346740e-06   1.0642244e-09   5.2110412e-04   3.0153137e-03   3.5342193e-17   1.9007156e-03   6.7934000e-05   4.0693241e-03   1.0905775e-09   3.5312178e-19
   2.3798831e-05   2.5494200e-10   8.2990552e-12   3.5046232e-03   6.9106488e-20   7.3416510e-03   1.8343970e-04   3.1760761e-03   2.1466318e-03   9.9804799e-25
   3.1172101e-04   1.5460770e-03   2.0789174e-10   2.1323874e-03   1.9798616e-17   1.2788758e-02   2.8150249e-04   2.6775930e-03   2.2450393e-04   1.6470929e-07
   4.4232233e-04   2.5863531e-03   4.7259368e-20   3.3487821e-03   2.7726623e-16   1.0452037e-02   5.1272697e-06   2.7380297e-03   5.5519279e-07   1.0078892e-04
   1.1446386e-03   3.6119899e-03   2.9093006e-24   3.7127331e-03   1.1283871e-20   6.1464039e-03   1.6537085e-07   2.4592658e-03   4.4672903e-03   1.9701859e-13
   2.1802373e-03   1.9785945e-03   8.3345463e-19   4.4480118e-03   7.7041496e-26   3.0892994e-03   2.0023972e-07   2.5296041e-03   3.3827983e-03   3.2688198e-05
   2.8485397e-03   3.4059907e-03   2.0085802e-13   3.9416469e-03   6.5265260e-19   1.8890234e-03   7.5337763e-07   1.9207610e-03   5.2670208e-03   1.2108332e-03
   2.4362306e-03   1.9473093e-03   1.2577519e-08   4.9632750e-03   3.9878611e-19   1.2205794e-03   6.8191972e-05   2.1921438e-03   4.0553360e-03   5.0064941e-03
   2.5288882e-03   1.5294311e-03   3.2783598e-04   4.0227739e-03   1.3371342e-22   1.3367540e-03   9.3196665e-06   2.5001109e-03   4.0167969e-03   1.2552750e-14
   4.1150874e-03   1.4262496e-04   8.3963479e-04   4.2661739e-03   7.8317111e-25   5.1272484e-04   1.0109826e-06   1.7717260e-03   2.5277562e-03   1.2453493e-03
   4.5248559e-03   5.3352816e-13   1.1160310e-03   3.7432101e-03   1.4646056e-15   2.4963170e-04   1.2510243e-06   1.8679969e-03   1.2717745e-03   1.6238676e-25
   3.4580656e-03   5.6092125e-13   1.3511613e-03   3.3887060e-03   4.3096869e-12   9.3866929e-05   5.7685501e-07   2.2209214e-03   4.6517969e-04   1.3075723e-08
   1.5925396e-03   1.5769352e-24   3.0401899e-03   3.4540207e-03   1.0963426e-07   1.2434016e-07   1.7657543e-05   2.5814745e-03   1.0995177e-06   4.3315526e-10
   2.0371546e-03   2.5617070e-09   3.9099988e-03   3.6988577e-03   1.0603718e-08   2.1774502e-12   6.9870355e-05   2.1500001e-03   2.2405257e-22   4.6561959e-08
   3.2999422e-04   4.8663759e-04   6.2614544e-03   2.5664702e-03   1.9028771e-06   2.9363612e-12   1.2916076e-04   2.5630997e-03   2.6794024e-43   2.0322976e-05
   8.4673115e-09   1.2874448e-03   5.9409792e-03   3.1398264e-03   1.8326023e-09   1.7670203e-06   2.6423801e-05   3.0913754e-03   5.4034247e-41   1.1579994e-06
   8.1225424e-14   2.6033533e-06   5.1295276e-03   3.9805534e-03   2.7499940e-10   9.8473278e-17   2.6592562e-06   3.0719692e-03   1.1362351e-38   4.7830150e-08
   1.7998810e-12   1.9257361e-03   5.8473132e-03   2.9897353e-03   1.0067075e-12   3.8483659e-31   2.8307624e-06   2.4594641e-03   2.1501163e-12   2.2722628e-03
   4.5424288e-10   3.5125300e-03   4.1418219e-03   2.1666608e-03   2.9123745e-12   7.3435385e-31   1.5119492e-05   2.3816778e-03   2.6079778e-04   4.0485325e-03
   1.1896261e-05   2.9716673e-03   6.4901329e-03   3.1346118e-03   2.8052438e-20   8.4692451e-30   1.1271911e-06   1.7329898e-03   3.1896712e-03   3.0926630e-03
   2.1320274e-06   2.2905432e-03   5.5919745e-03   1.6818450e-03   9.9690562e-14   5.8049017e-16   3.6236516e-06   2.9178499e-03   4.0921308e-04   4.9806385e-03
   1.7155646e-04   2.5245578e-03   4.6424474e-03   2.3309094e-03   5.2018743e-13   1.4292952e-09   1.7827443e-10   2.2941534e-03   5.8101160e-03   2.7143411e-03
   4.5215686e-05   4.5563900e-03   3.0387210e-03   3.2773821e-03   8.0416960e-18   2.1423293e-14   5.1027751e-08   2.8478560e-03   1.2211671e-04   2.3228257e-05
   5.7915641e-08   5.2489133e-03   1.7791156e-03   2.1591391e-03   1.5836769e-22   7.4400779e-04   5.8091531e-06   3.0024604e-03   2.3031301e-05   1.3994104e-03
   2.5032494e-11   5.5098779e-03   3.0422079e-05   1.9606784e-03   1.6823290e-24   3.8279860e-03   7.1747551e-07   3.3404295e-03   4.1665016e-03   7.3620474e-05
   3.2742472e-05   4.6296521e-03   6.9728616e-05   2.0410444e-03   2.1749652e-14   9.0242935e-03   8.9633260e-09   2.7432799e-03   4.4352012e-03   4.4326041e-03
   5.2220580e-04   4.6160875e-03   3.2165476e-17   2.1793878e-03   2.6575318e-19   1.0034259e-02   2.6528592e-08   2.2606090e-03   4.7775490e-03   3.8085130e-03
   2.8288606e-04   3.6857091e-03   7.1137694e-23   1.7950509e-03   3.1398835e-20   5.4020006e-03   8.9228245e-09   2.3835137e-03   5.0477839e-03   1.4247364e-02
   5.3468328e-05   1.5292730e-03   5.8203509e-14   2.1888685e-03   3.3202210e-22   2.9079192e-03   6.9838635e-06   2.1867836e-03   6.5846165e-03   3.1152733e-03
   4.8241899e-04   5.8668810e-08   5.1183457e-13   2.0180947e-03   2.2515722e-18   1.9029100e-03   2.7273648e-04   1.7886101e-03   5.7194366e-03   9.4873440e-03
   6.9244587e-04   4.0541920e-04   8.7831694e-12   2.0442572e-03   3.5016235e-19   2.3679006e-03   6.1354191e-05   2.3278515e-03   3.7050800e-03   1.0771377e-05
   1.1684331e-03   8.0619304e-19   8.5852208e-07   1.6247199e-03   5.8038835e-12   1.6331524e-03   3.7586847e-05   2.4011759e-03   1.9289363e-03   2.1310994e-03
   1.4686217e-03   1.0194228e-03   2.9143127e-04   1.3724293e-03   2.7009467e-13   6.4678220e-04   4.3205504e-06   2.3648146e-03   1.5391536e-03   2.5970392e-03
   1.4315830e-03   1.0731044e-03   4.3047521e-04   1.2470343e-03   4.1007302e-22   3.9773371e-04   1.8122408e-05   2.3422010e-03   1.5588283e-04   3.6915325e-03
   1.2510914e-03   2.5563067e-03   1.5623642e-03   1.1428416e-03   8.8595153e-13   2.2390467e-04   6.0444411e-07   2.3876380e-03   5.3760347e-35   2.3950806e-03
   6.4249878e-04   2.4100036e-03   3.0709156e-03   1.0971401e-03   3.1753095e-13   4.9999731e-06   2.5199610e-07   2.5092841e-03   3.7071985e-35   3.4303926e-03
   3.8056649e-06   1.8999499e-03   3.3830070e-03   8.9445885e-04   3.3454879e-13   1.0510086e-10   3.1026038e-07   2.3524440e-03   4.7041696e-31   2.9886308e-03
   3.4839480e-08   1.8960523e-03   6.0436926e-03   5.4459575e-04   2.5117763e-10   1.2418994e-11   6.0588865e-07   2.5051563e-03   1.1794779e-11   2.4578264e-03
   3.7132890e-15   9.8920444e-04   5.9967972e-03   5.9074547e-04   1.7316068e-20   4.7190265e-06   5.6396040e-09   3.5299479e-03   6.5394070e-13   2.1950924e-10
   1.3163837e-20   7.5734169e-04   4.9620141e-03   4.3469611e-04   1.5719575e-19   2.3443411e-16   3.8038916e-09   3.1713284e-03   3.1518716e-03   1.6168811e-10
   1.5584328e-21   1.1662269e-08   5.2562084e-03   5.9179735e-04   3.2824750e-16   4.2139659e-35   1.1629683e-12   3.6058985e-03   5.5879226e-03   4.9083025e-20
   2.6909070e-15   6.5533531e-04   4.2516839e-03   5.9878692e-05   1.1130659e-12   6.1006121e-34   8.5227666e-10   3.8080681e-03   6.7136047e-03   5.4289041e-17
   5.6576434e-15   1.8050894e-03   5.8640042e-03   3.2823491e-04   9.3717598e-17   3.4128635e-35   1.2404322e-09   2.6977067e-03   5.7711810e-03   8.3748054e-08
   2.4764604e-17   2.4286575e-03   6.2589242e-03   3.7462926e-04   1.5423518e-13   6.8717104e-13   3.1446515e-09   2.0909043e-03   3.5420747e-03   5.1674905e-05
   2.7914037e-15   1.9273045e-03   4.7027124e-03   3.3638030e-04   6.5342634e-16   3.6453879e-05   3.9458986e-09   2.1006491e-03   6.2601845e-03   5.7114478e-08
   8.8032916e-11   1.2867774e-03   3.2146578e-03   1.2902483e-04   3.8805963e-16   9.5677458e-05   7.5452285e-09   2.5334788e-03   5.9979383e-03   3.6215200e-11
   3.2090332e-07   4.8203466e-05   1.6031448e-03   1.3884105e-04   2.7179143e-13   4.8748950e-04   5.8960402e-07   2.7294492e-03   6.9780033e-03   6.7166907e-14
   6.4726354e-05   6.6500666e-13   9.2780770e-04   2.3449535e-04   1.2966776e-16   1.6369603e-03   1.6207551e-05   2.1107983e-03   7.7944293e-03   2.6778553e-03
   2.6399409e-04   1.7334602e-12   6.9121382e-04   1.6595398e-04   4.7441885e-25   5.3382383e-03   2.1954577e-05   1.9871086e-03   9.0061877e-03   8.5579378e-04
   1.9796004e-04   1.1089821e-08   7.4005545e-06   5.9006130e-05   2.5383105e-26   8.4299210e-03   1.1996776e-07   2.2026894e-03   6.2153592e-03   4.9508857e-03
   1.9032125e-05   6.6907789e-11   3.2798816e-06   3.3367922e-05   7.1549495e-14   8.5138227e-03   4.6969817e-06   2.1639248e-03   3.6441265e-03   3.4221163e-03
   6.0926174e-05   1.2550652e-05   9.1917194e-17   2.8214375e-05   7.2703906e-11   5.6054518e-03   1.2266584e-05   2.4484392e-03   1.7158398e-03   1.2329011e-04
   2.5682502e-04   4.9195029e-21   2.5225949e-16   4.7338423e-05   8.8242488e-08   2.2675354e-03   5.7161724e-06   2.2975706e-03   9.6745879e-04   3.3448730e-06
   8.8959634e-04   3.2229945e-18   3.6573684e-14   1.9599236e-05   3.7819549e-07   9.5682432e-04   6.5938795e-06   1.9759884e-03   6.3970059e-04   6.4515147e-15
   7.6463582e-04   2.7332762e-16   4.1439434e-09   3.6213661e-06   1.3328189e-10   1.7755830e-03   1.5104456e-06   1.9061724e-03   1.4403603e-04   7.2487693e-22
   1.3019708e-04   7.3339792e-20   1.8079920e-04   6.6083740e-14   1.8340872e-12   2.2712657e-03   4.7635882e-05   1.7292297e-03   1.4146975e-18   7.2378537e-21
   2.3217664e-04   2.5836581e-27   3.7258467e-04   4.2649185e-10   1.2724501e-15   1.1683485e-03   7.2743481e-06   1.8705459e-03   3.8670908e-11   9.1336767e-12
   1.8419914e-04   6.3366933e-25   7.7511138e-04   3.9699735e-08   9.2726191e-10   4.7785940e-04   3.3114748e-07   1.8601130e-03   1.5145715e-13   3.9314038e-21
   4.5691966e-10   6.6312125e-17   1.2996715e-03   1.2891208e-10   3.0824094e-11   4.7155770e-06   3.0662704e-06   2.0280168e-03   3.5298364e-08   8.2869503e-23
   2.4305665e-23   9.6066594e-09   1.9145000e-03   3.9725109e-15   9.6948146e-16   3.3775067e-07   6.1355246e-07   1.9577471e-03   1.6750745e-03   6.5303663e-31
   1.0023192e-11   2.7349901e-04   2.4723725e-03   1.8243221e-19   1.3999839e-21   1.2164968e-13   2.5928728e-07   1.6852176e-03   3.9679439e-03   9.2711729e-42
   5.3450205e-20   2.6837606e-08   1.9608365e-03   8.0682429e-20   3.6613694e-30   1.0652449e-04   3.8020000e-06   1.8920482e-03   4.6056705e-03   1.5841889e-52
   1.6689789e-19   6.8917799e-20   1.3770193e-03   6.5199507e-18   7.6311663e-28   3.8036879e-04   2.9914476e-05   1.9825705e-03   3.0934111e-03   1.3608890e-51
   9.7088836e-23   1.8577498e-20   1.0665960e-03   1.3409315e-28   1.0980977e-21   3.2121070e-14   1.5367142e-05   1.7757588e-03   1.8910144e-03   3.7243995e-46
   6.6806018e-20   3.3168184e-44   4.5751786e-04   2.4040264e-20   1.7312251e-21   7.3907469e-17   1.5008838e-05   1.8387038e-03   2.9142743e-03   1.9079624e-43
   1.5248073e-14   4.4523760e-44   6.8028535e-04   6.6055138e-19   3.6712796e-19   2.4428520e-17   1.3452982e-06   2.0810068e-03   2.5599485e-03   4.7336456e-42
   2.5605328e-12   5.9467048e-38   5.2246141e-04   1.7843027e-18   3.1262660e-22   4.6412783e-21   6.4023371e-06   1.7542143e-03   3.9889979e-03   6.4317317e-34
   1.0646837e-13   8.3488648e-36   1.7153733e-04   7.9852045e-16   4.8592740e-20   1.9570569e-05   1.1222002e-05   1.4201306e-03   4.0966185e-03   5.4448066e-28
   3.3845774e-09   2.7292918e-43   2.9089780e-14   1.6668283e-15   9.4793206e-15   1.1007900e-04   2.8673911e-05   1.3695100e-03   3.8684062e-03   1.5295398e-10
   3.4946924e-07   5.4711964e-43   2.1118315e-25   1.3908296e-08   3.0389214e-08   2.1362463e-04   5.3191479e-05   1.3262846e-03   2.5835342e-03   2.3660125e-05
   5.0040894e-07   1.2955309e-49   5.6532785e-17   1.2642178e-09   4.6275220e-08   1.0713524e-03   3.0247156e-04   1.2202225e-03   2.0155530e-03   4.3365326e-19
   4.0126139e-07   7.1648064e-41   1.4417477e-14   7.0132624e-12   3.5429145e-11   2.6132639e-03   5.0730783e-04   1.0977986e-03   1.1674940e-03   8.8311928e-11
   8.4792499e-09   2.5315812e-32   7.5508653e-17   1.9534129e-15   5.5704843e-10   3.5868707e-03   2.2814476e-04   1.1311301e-03   6.1443955e-04   1.3245053e-16
   1.5426662e-16   5.4163543e-27   1.1257402e-21   9.5399182e-09   1.2226039e-06   4.1345415e-03   8.4094233e-05   1.0837789e-03   1.8125126e-04   4.3681092e-19
   4.0827134e-05   5.4654004e-24   4.4291070e-31   5.1643666e-09   3.5498033e-06   4.8993828e-03   4.7599722e-05   1.0024032e-03   1.2464366e-04   5.3911454e-44
   7.3177319e-05   1.5870356e-17   1.3061105e-36   2.1334034e-10   1.2181236e-04   3.9138256e-03   2.7102582e-05   9.4608435e-04   1.1309199e-07   1.6646141e-50
   7.2733081e-11   1.1023214e-14   5.8296705e-29   2.7103800e-09   1.9095501e-04   1.2430082e-03   4.4958374e-05   8.9985164e-04   1.8000241e-25   7.9534613e-50
   3.9240561e-08   3.0053095e-13   5.1996486e-25   5.2425387e-07   2.1132553e-04   1.6225539e-04   1.1756673e-04   8.2041889e-04   4.3510864e-43   2.1572982e-57
   8.8748961e-06   7.2167884e-11   1.7032686e-36   8.1741172e-06   4.2819987e-05   4.7183897e-04   7.9839287e-05   8.9387371e-04   1.9156000e-19   3.7327048e-55
   7.6031667e-07   1.5228520e-07   3.2877172e-30   2.2366551e-11   1.9442884e-08   4.5953356e-04   9.1677423e-05   1.0185345e-03   1.0827938e-18   1.1118160e-60
   3.7468292e-15   9.0047930e-13   5.0641881e-17   2.6093118e-11   2.4162591e-05   1.9186455e-04   1.0027330e-04   1.0177694e-03   2.8967568e-19   1.2134293e-70
   4.8749326e-18   3.2982951e-23   1.0759372e-10   5.8294098e-08   9.8340330e-05   2.3944941e-05   1.6343801e-04   9.4080445e-04   1.4304478e-18   1.5872039e-77
   1.0094726e-12   2.7780821e-19   3.0335230e-09   1.7578712e-14   2.1964553e-06   2.7354535e-09   1.2790069e-04   9.7386980e-04   5.2517321e-31   2.0791747e-79
   4.6991444e-05   5.4619404e-14   1.4724863e-04   2.7702672e-09   3.7890001e-04   3.5396401e-21   8.7005557e-05   8.8965576e-04   5.4107693e-30   4.5280780e-73
   5.5598628e-05   4.1548315e-23   1.7666784e-04   8.3325564e-06   4.0737543e-04   7.5712875e-21   7.6745054e-05   8.3627774e-04   2.1666170e-21   1.5952589e-58
   9.3925016e-08   1.5038849e-32   2.3350916e-04   2.3703142e-19   2.6952180e-08   5.5722679e-13   5.5124647e-05   8.9554908e-04   2.9062493e-21   7.7608466e-72
   6.4872393e-10   8.5894178e-29   2.5199573e-04   1.5039188e-17   2.5348024e-06   1.1593454e-13   6.7461232e-05   8.6689480e-04   2.1264669e-11   2.0420921e-62
   1.6147842e-05   3.4588017e-24   1.3176061e-04   3.1047470e-09   2.6406188e-06   1.0610656e-12   6.3793800e-05   8.5779758e-04   7.1237327e-07   1.3446573e-42
   5.2049124e-05   1.6318613e-27   1.7848810e-04   5.6005168e-17   1.0390056e-04   1.4236560e-11   5.5009571e-05   7.3535484e-04   8.1150324e-06   2.7788224e-58
   1.3363719e-07   4.8284946e-12   2.5733941e-04   3.4071353e-16   6.4735275e-08   3.9554233e-21   4.2560434e-05   7.1969475e-04   1.9624407e-05   7.6851075e-24
   4.8386566e-16   5.8151853e-05   2.7165270e-04   1.4140421e-09   9.4135683e-08   3.0294828e-13   2.8954181e-05   7.6509032e-04   1.7637652e-15   7.6937565e-19
   1.7635499e-11   1.0981599e-04   2.7114908e-04   1.8255656e-08   8.3629623e-05   1.3438342e-08   3.1900414e-05   7.1138309e-04   1.3966866e-31   2.0544668e-32
   5.7921437e-11   2.6143571e-04   1.7779287e-04   5.9337102e-10   5.3647830e-06   4.5688578e-07   3.1488494e-05   6.4932708e-04   2.6645416e-52   5.3033979e-18
   5.3547093e-11   2.8760865e-04   1.3057677e-04   2.1820669e-13   5.7621074e-09   1.3496356e-08   1.5262704e-05   6.3403186e-04   7.0915632e-44   1.1579536e-32
   1.9039968e-12   1.3909296e-04   2.0378289e-05   8.2013637e-18   3.8574926e-10   1.8356208e-04   2.8743453e-05   7.8257141e-04   1.0984320e-52   5.5493957e-33
   6.4311612e-15   2.2215102e-05   2.3306586e-11   1.6646703e-17   3.3379394e-05   6.1648892e-04   3.8857053e-05   7.0662306e-04   1.4605186e-34   1.4804921e-32
   3.9237239e-07   4.7008449e-07   5.6995589e-17   1.6192219e-20   1.4102088e-04   1.2369551e-03   2.9495566e-05   6.0450936e-04   6.6206911e-35   5.8301020e-11
   6.7137901e-06   2.8228114e-04   2.0087184e-27   1.0341588e-23   1.1151918e-05   1.2959911e-03   3.5244203e-06   5.8640538e-04   8.4093309e-28   5.3570163e-15
   1.3774903e-09   4.5479863e-04   4.7263236e-32   1.0103092e-22   4.4585980e-12   5.7219193e-04   3.2841500e-06   7.2720956e-04   3.2793984e-26   1.2836785e-24
   6.5943182e-16   4.4955822e-04   1.3721620e-43   2.0150356e-20   9.2351445e-08   3.4632898e-04   1.9936104e-06   7.2974934e-04   9.4539094e-15   4.1613382e-13
   2.3472336e-14   3.2306535e-04   5.5070872e-33   5.8673776e-21   4.8652736e-06   4.1706865e-04   8.3718120e-06   7.7674838e-04   3.4253323e-11   4.0442967e-30
   9.1236842e-09   3.8786857e-04   3.4819290e-11   6.1319181e-22   3.6591538e-08   4.4937132e-04   2.4346406e-06   7.9059695e-04   1.4075838e-14   1.7399398e-16
   1.9497503e-19   3.3509271e-04   7.6870524e-05   2.6096208e-24   9.8872643e-15   3.2370594e-04   4.7593122e-07   8.8804958e-04   2.0000074e-18   2.2849780e-17
   4.9326613e-14   1.8723153e-04   1.7961773e-04   1.4628024e-22   1.1402359e-21   1.2484791e-04   7.3583238e-07   9.5144904e-04   2.4942710e-17   1.7244421e-27
   6.1636062e-21   8.4075048e-09   2.7721426e-04   1.3141764e-20   7.2397754e-21   9.0837137e-05   6.9695500e-07   9.7370470e-04   8.5152998e-12   9.1125143e-12
   2.3058095e-16   2.7272940e-48   1.8235762e-04   1.9119066e-21   2.1901448e-12   7.6000238e-05   3.4141180e-06   8.3884488e-04   1.8370212e-06   5.6293813e-30
   8.6771893e-29   1.4970143e-19   7.0338988e-05   1.7144539e-20   2.9064920e-17   3.2849862e-07   1.8417706e-06   1.0309779e-03   1.2359750e-20   4.3408448e-18
   3.2751069e-27   2.1802849e-24   1.3034842e-04   1.3728710e-18   2.0071995e-14   9.7575791e-23   5.6163081e-07   9.8147912e-04   9.3861597e-08   9.2954823e-04
   1.7229441e-28   9.2429455e-37   9.1228115e-05   5.5500012e-15   1.0695215e-14   1.5686600e-10   4.4973020e-08   9.5787374e-04   1.0008107e-04   3.6079097e-04
   1.1987457e-22   4.6479637e-18   8.5720586e-05   7.1593794e-14   4.3409704e-23   2.1252241e-05   8.6487594e-08   1.0516649e-03   1.7238575e-04   1.3102776e-03
   7.0919198e-25   1.2754606e-27   6.5192335e-05   4.6699281e-16   4.5590697e-16   6.5925663e-12   4.9755895e-08   9.9268549e-04   2.4597112e-04   9.8974826e-04
   4.7789707e-32   3.7616358e-18   6.5070942e-06   7.3606857e-15   3.3274212e-13   2.2769564e-13   1.5108750e-07   1.0144398e-03   2.1566366e-04   6.1354425e-04
   5.2222702e-29   1.7891900e-24   2.5971859e-05   3.8759454e-17   3.2881386e-13   6.7205676e-21   3.4530284e-07   1.1200836e-03   1.4509558e-04   1.8463886e-03
   8.7746537e-29   1.0453890e-33   1.2544574e-04   1.2331308e-11   3.6806208e-17   6.5051167e-05   6.9127637e-08   9.8781930e-04   1.2727103e-04   8.1299474e-04
   1.0101823e-27   7.7630074e-36   5.1711466e-05   6.5834009e-12   3.3589103e-11   1.9141798e-04   3.7833656e-07   9.7062808e-04   2.8802606e-05   5.9337333e-04
   3.4579894e-37   1.4113396e-35   3.2953001e-14   4.1189843e-25   1.8861481e-14   1.3837074e-04   2.4467620e-07   1.1212835e-03   3.5338182e-09   2.0881294e-18
   2.2198053e-35   1.1119440e-30   2.0435375e-26   8.2393561e-22   3.5567007e-16   3.4885375e-06   7.4628341e-07   1.0142745e-03   1.6454717e-13   1.2231744e-13
   4.6356075e-33   5.0615695e-31   1.8873063e-08   3.3936383e-15   9.1987494e-14   3.8991554e-04   1.4915503e-06   1.0263560e-03   6.2377586e-27   3.5976290e-04
   2.7706906e-30   1.8373867e-36   1.2361163e-10   3.9611731e-13   1.5691125e-12   1.4316739e-03   1.7751848e-06   1.0125257e-03   4.7548125e-57   3.4759507e-04
   3.8906831e-30   1.7540415e-27   8.1968502e-23   5.8681264e-09   5.0885443e-11   2.8165343e-03   5.7616019e-06   7.7264793e-04   4.0618986e-36   1.0047279e-03
   7.1006786e-33   5.5291382e-29   2.6791801e-32   3.9966345e-16   4.9238744e-13   2.7874741e-03   1.2212589e-06   8.0353740e-04   3.0885957e-30   7.8305163e-06
   2.2787999e-30   5.4187015e-31   1.1783003e-23   3.2416190e-23   3.1738085e-11   1.5341317e-03   2.9094210e-06   9.0884839e-04   1.2959654e-32   1.0713964e-28
   3.6154587e-36   6.4871401e-32   4.3860267e-22   1.7473431e-10   5.2536692e-05   8.4716437e-04   3.5403221e-07   8.4873171e-04   2.7595384e-32   7.8244585e-18
   4.6391466e-26   1.6204467e-38   1.3557788e-29   4.1427103e-14   1.2948048e-04   4.7321900e-04   1.2332341e-07   7.8591361e-04   9.9346057e-39   8.5751387e-10
   2.6975122e-38   5.7493042e-43   3.8187473e-19   9.0778125e-15   1.1771609e-08   6.1550332e-04   7.7813021e-06   7.0857614e-04   1.2025269e-40   3.3768095e-18
   7.5365509e-34   3.1793727e-35   7.6589597e-18   2.5355809e-14   1.1275756e-15   4.4553820e-04   7.8660344e-06   9.2820780e-04   3.5780263e-23   2.9454838e-21
   1.3502176e-25   1.0973284e-34   6.9026721e-21   4.6870267e-07   1.6624304e-08   3.0326755e-04   8.0549420e-06   8.1235828e-04   2.4051583e-29   4.4964299e-04
   8.6500981e-34   5.2089333e-41   3.3172716e-11   5.1186325e-06   2.3161560e-10   3.4123062e-04   5.8627556e-06   8.5665595e-04   1.0605131e-06   5.4226136e-04
   3.4763623e-39   3.1135333e-31   6.0679179e-20   2.4305063e-11   1.2806079e-15   5.2640897e-04   1.5599653e-05   7.9321967e-04   1.6944930e-04   6.7708506e-04
   4.3118985e-46   1.4039671e-77   4.8284309e-24   8.2126838e-18   4.5707536e-15   3.7172541e-04   4.6758034e-06   9.8751739e-04   2.3810446e-04   8.6298636e-04
   6.9717522e-40   2.5058951e-47   1.3689444e-14   4.8513043e-14   3.4479296e-12   1.2926318e-05   3.0751120e-06   1.1069723e-03   1.8099590e-04   7.0860246e-04
   6.9019302e-27   3.7771571e-41   1.7204534e-23   3.3856690e-09   2.8694081e-05   1.1128392e-16   3.0164713e-05   8.3147735e-04   2.1244191e-04   2.6609347e-04
   1.7128258e-25   6.0040817e-48   1.4076447e-28   2.3840902e-12   3.1059943e-05   2.3149982e-11   2.3932716e-05   9.3975657e-04   7.1892569e-05   6.0022286e-04
   9.8197986e-31   1.6269889e-52   3.1520399e-18   4.1681809e-14   1.2539239e-05   7.4355287e-06   8.7611951e-06   1.0776701e-03   2.6027263e-10   1.9636809e-06
   4.0897236e-37   1.1075832e-56   8.1027528e-16   1.1294987e-15   3.3086904e-05   8.2142959e-13   4.6881008e-06   9.8301591e-04   1.2492575e-16   5.8791144e-16
   6.8217509e-32   7.4491047e-34   1.4063422e-14   9.9722784e-13   4.3838291e-05   1.4918268e-08   2.2263559e-05   8.3441475e-04   5.5256638e-17   2.9088422e-05
   1.2883437e-34   7.2992544e-22   3.2286674e-15   4.5112439e-13   1.9193808e-04   1.2579131e-10   3.1985579e-06   8.2563768e-04   1.6998004e-30   1.2678439e-06
   1.3936941e-39   1.4903919e-31   9.5806256e-19   3.5328857e-08   3.5325866e-04   7.3048837e-08   4.1229920e-06   8.2263748e-04   3.5031269e-37   4.2793555e-11
   2.4035325e-39   1.7089893e-08   8.1551411e-24   2.4988655e-09   2.0592149e-04   1.7767531e-06   1.0589110e-05   7.9207750e-04   7.3436625e-36   8.0509325e-38
   7.9172113e-44   1.9209339e-20   4.6952452e-23   7.6794568e-16   6.4796524e-08   7.9842648e-15   3.9968350e-05   8.8598869e-04   1.3689361e-40   5.1737954e-27
   4.3565886e-27   1.7672465e-19   1.5651045e-08   9.2243299e-14   1.3778626e-11   1.7781532e-19   3.7770321e-05   9.3374976e-04   9.0808782e-51   5.8550935e-11
   1.6447219e-25   1.2499980e-31   3.6682227e-15   1.4333921e-09   2.0854995e-13   3.5954380e-04   6.6339764e-06   1.0259017e-03   2.9644004e-55   1.5445251e-14
   1.9143463e-28   2.8377536e-22   2.5947899e-18   1.7796393e-05   4.5523902e-06   1.3467337e-03   1.8738723e-05   8.0896058e-04   1.8277723e-46   1.2692053e-21
   1.1840898e-30   1.9537534e-22   1.4153703e-33   1.2682630e-08   4.8392846e-04   1.3950387e-03   9.2296005e-06   6.5794353e-04   1.9122365e-49   3.3504813e-29
   6.0825991e-23   9.7530400e-23   1.2728115e-15   1.6822898e-07   2.0225824e-04   8.6877671e-04   1.0135833e-05   6.4172151e-04   2.7421731e-54   2.9278399e-55
   6.8675473e-26   1.9413424e-24   1.0577824e-19   1.4809818e-05   1.8792103e-07   2.1181269e-04   1.8717980e-05   7.0532329e-04   1.7175786e-52   3.4513284e-56
   9.5034481e-25   2.5180257e-32   5.3294749e-27   3.2185250e-11   1.1361810e-07   2.1433668e-05   1.4744943e-05   7.8741291e-04   6.6053216e-53   2.6673023e-50
   1.1257526e-28   4.1994248e-32   9.3463218e-16   9.2822777e-16   3.3343098e-05   1.1813018e-12   2.1263759e-05   8.1432194e-04   2.0031620e-37   3.5482935e-47
   3.5935435e-25   1.4359401e-25   6.4252669e-09   6.2813953e-10   5.2753644e-05   1.7099306e-11   1.2589004e-05   8.6722147e-04   1.7555703e-26   6.0205676e-42
   1.0372675e-28   8.8945318e-20   3.6299836e-07   3.2521479e-07   3.9147610e-05   2.4491247e-05   1.6904075e-05   7.7550361e-04   5.1471213e-21   1.2043009e-29
   6.0011660e-24   4.8975670e-05   5.1186797e-05   8.6605915e-12   2.6072733e-05   1.3650346e-06   3.6592828e-05   6.6988871e-04   4.1275939e-20   1.8801738e-22
   2.9409374e-32   1.1971828e-04   8.3624607e-06   3.8064711e-11   7.3322291e-07   3.1163281e-08   3.8764328e-05   6.7955096e-04   1.3760330e-24   3.9887618e-45
   1.0273664e-41   1.9403942e-04   3.0451768e-05   7.8346212e-11   7.2418374e-10   3.6778270e-09   5.3018636e-06   8.1938858e-04   1.4498130e-34   4.5621167e-52
   1.0263099e-32   2.7562854e-04   7.5320954e-07   1.2712586e-12   2.3313214e-06   9.4642328e-12   7.9344646e-06   7.9423423e-04   1.6216154e-38   4.2867441e-52
   9.0480198e-29   3.4670424e-04   1.0841464e-04   1.3822392e-08   3.6815397e-04   1.8551631e-16   5.5845615e-06   6.7517699e-04   4.7190457e-37   7.8396114e-63
   5.0714549e-26   3.6405634e-04   1.2101269e-04   1.0597056e-10   2.8527828e-04   2.1790603e-14   8.2930627e-06   6.5316762e-04   7.2003130e-46   1.7699210e-61
   1.5643371e-23   2.3957884e-04   4.0024449e-05   1.6109699e-19   3.5738883e-07   2.2554303e-19   1.1804598e-05   7.1310995e-04   6.2335436e-55   2.4906973e-57
   8.5042266e-23   3.9245669e-04   1.3074671e-04   1.6565448e-17   8.0825151e-10   7.4563849e-23   1.4839692e-05   6.4138440e-04   1.2685587e-57   1.3460277e-66
   9.1823363e-36   3.7630115e-04   2.0124188e-04   6.3382328e-09   1.0780899e-04   1.2615761e-24   3.6944010e-05   5.6361554e-04   1.9903407e-52   1.8632275e-48
   1.7509112e-32   1.6305656e-04   1.3394589e-04   1.4394963e-13   9.9951144e-06   8.5787039e-41   7.9650267e-05   6.8898128e-04   8.3197358e-59   2.3641188e-48
   9.3366979e-32   1.0772474e-20   2.2091609e-05   5.8598363e-08   7.8011829e-05   3.7227552e-29   1.0177092e-04   7.1063168e-04   5.9801366e-74   1.8161616e-48
   2.4531585e-20   5.0710700e-05   4.5055230e-10   2.1186652e-05   2.1983535e-04   4.4702394e-30   1.0720861e-04   6.2371211e-04   9.0784790e-65   2.2778120e-46
   7.2088461e-18   1.8566517e-22   3.3375059e-13   5.2809913e-06   3.8013905e-04   8.3926592e-25   4.9216607e-05   6.5263601e-04   4.6188165e-69   2.7032698e-41
   1.8161205e-24   9.4455401e-31   5.6595443e-10   1.1583870e-05   2.9152362e-04   6.7622909e-26   5.6697611e-05   6.3969805e-04   1.1685973e-71   2.9359225e-39
   4.0579147e-18   1.4612527e-21   1.4095043e-18   8.0330863e-05   1.6863094e-06   4.8050584e-07   4.9850910e-05   6.0686857e-04   3.4374680e-64   1.3463961e-47
   2.5325742e-17   2.7371574e-35   1.5502483e-17   8.5593212e-05   5.4586213e-05   1.1821866e-04   5.4862013e-05   5.9308528e-04   8.2923747e-78   4.7925390e-37
   1.0056602e-18   9.1223806e-26   1.0781042e-15   6.3087325e-05   4.3536130e-04   1.3646643e-04   6.9825710e-06   6.0643503e-04   3.1637610e-49   7.6121505e-32
   1.5505977e-16   4.0121913e-28   1.2950930e-18   9.1921722e-05   2.6101436e-04   1.1626527e-04   1.0132875e-05   6.2811909e-04   3.4154667e-44   5.7518630e-42
   1.3495984e-13   3.3145716e-26   1.2328930e-08   1.9571770e-04   1.9696713e-04   1.0404973e-04   2.2945152e-05   5.0049071e-04   8.7562314e-35   3.9023805e-32
   2.8206518e-11   1.6556561e-12   1.7329260e-14   1.7485855e-04   5.4986233e-04   7.1587376e-07   6.6512723e-06   5.3491646e-04   5.6627619e-31   2.6881622e-24
   6.2158175e-23   1.2640998e-04   2.2352658e-05   7.7845633e-05   3.1812089e-04   1.3284504e-14   4.9496906e-07   5.3796409e-04   1.3969217e-22   3.5973287e-18
   4.8382347e-17   1.1436820e-04   1.5206855e-04   1.9814294e-04   3.8131450e-04   1.4061210e-13   1.0878359e-08   4.4785577e-04   3.1066243e-21   3.2312762e-18
   1.4194640e-32   9.2811940e-05   1.8877189e-04   3.3885112e-04   2.1389323e-05   2.2407019e-16   1.4844157e-06   4.5625120e-04   7.6646132e-34   7.5629367e-13
   7.1119408e-18   1.6422952e-04   2.5730676e-04   2.6233655e-04   3.6107264e-04   2.1288313e-24   2.5323570e-06   4.2715061e-04   4.1694358e-40   3.7179956e-12
   2.8577011e-26   7.9333872e-05   1.2435895e-04   2.5242167e-04   1.2957141e-04   6.1260950e-29   2.9519178e-05   4.7367724e-04   1.4402877e-39   6.6207535e-36
   1.6859721e-28   1.7139950e-16   1.1416027e-04   1.3210884e-04   1.4189587e-04   9.3537161e-28   4.7247061e-05   5.7967971e-04   1.4798440e-45   1.4162674e-34
   3.3360967e-25   3.5919221e-09   2.0802853e-06   1.7281461e-04   1.0109062e-06   3.7671158e-33   7.3320544e-05   7.1286266e-04   3.4725097e-50   1.2640326e-33
   1.9887322e-16   1.0833618e-37   4.2513604e-05   3.1867716e-04   3.5269414e-05   2.1228228e-40   3.8499835e-06   6.4996034e-04   2.9508445e-45   8.8625842e-50
   3.9241038e-16   7.8343182e-16   5.4695472e-05   2.8327265e-04   1.9077465e-07   1.2811186e-43   3.8911502e-06   6.0752727e-04   3.2543592e-49   2.6943576e-48
   2.3014784e-20   1.0779089e-26   2.4756410e-05   1.3868284e-04   1.7487275e-04   2.2221221e-32   1.5975311e-05   5.5561158e-04   3.2193367e-62   3.5090426e-39
   1.7668048e-33   1.7371711e-13   8.0996438e-05   2.3314082e-04   4.2362705e-04   1.0731468e-36   2.3867147e-06   5.0244983e-04   1.0966938e-54   5.3040571e-44
   2.2091993e-24   1.9445052e-15   8.0688173e-05   2.4667149e-04   3.9240439e-04   2.8538878e-47   2.7123615e-06   5.7189399e-04   1.6452047e-56   5.0190640e-34
   1.0860896e-21   6.7191045e-14   1.1171249e-04   2.1829600e-04   5.6661369e-04   1.5599214e-45   1.2341776e-07   5.2021790e-04   1.7928577e-63   6.2363588e-33
   2.2714401e-26   1.9530452e-15   6.1171749e-05   2.8371635e-04   4.0931306e-04   9.6676297e-37   1.8965388e-07   4.8971462e-04   1.7219298e-61   5.5244668e-48
   8.1001717e-20   1.8024081e-11   2.7101226e-05   3.1556480e-04   9.1148737e-06   1.9308618e-36   2.6435334e-05   4.4112704e-04   7.2631970e-41   4.3126646e-49
   1.7265016e-15   4.8290437e-15   7.5925685e-08   2.7068475e-04   8.0009859e-06   4.0071637e-26   6.6548717e-05   4.7073372e-04   8.8371793e-47   1.2442960e-40
   4.6885126e-15   2.1134674e-04   2.6489621e-14   1.9859756e-04   4.8120545e-05   3.7654879e-33   2.2545726e-05   5.4768044e-04   2.5914455e-50   3.7471487e-46
   2.1621825e-21   1.6988241e-04   1.1551643e-29   1.9241707e-04   4.7310564e-07   4.3840185e-34   2.6882649e-05   5.5515166e-04   2.9789516e-32   1.0538356e-43
   1.6041082e-16   2.4943100e-04   1.4319543e-28   3.8894098e-04   1.2026556e-04   2.1358269e-20   1.4954727e-05   4.5645934e-04   1.2262947e-20   1.1734173e-44
   2.3851176e-18   4.7453611e-04   1.2579770e-21   3.5096178e-04   2.6583066e-04   8.0305162e-06   6.2558376e-06   4.3437212e-04   1.4364254e-11   8.3970718e-50
   8.4740065e-14   5.6199032e-04   2.6182749e-12   2.2190378e-04   4.4726140e-04   1.3900731e-04   2.0979884e-05   3.6626666e-04   1.5853465e-07   4.3288279e-54
   1.1443119e-11   7.0753558e-04   2.4836020e-14   2.4558746e-04   1.2018147e-06   8.1129559e-05   1.1102126e-05   4.1813369e-04   2.3256441e-10   6.3954615e-63
   4.7097581e-22   6.3628414e-04   1.9957159e-16   1.6508115e-04   2.0724903e-09   1.8312857e-08   3.3842798e-06   5.2614976e-04   6.8893308e-21   8.5430325e-56
   1.2407910e-29   3.2773675e-04   6.7993165e-06   2.4209844e-04   1.4469589e-05   4.1511394e-08   1.9823590e-05   4.3281004e-04   1.0668991e-17   4.1408904e-54
   1.1423329e-17   5.3048790e-04   7.4427933e-05   2.6232028e-04   3.4826699e-04   3.3252690e-09   3.0002964e-05   3.5558383e-04   3.0595892e-19   8.1285777e-73
   8.7487544e-28   5.3573250e-04   1.1075484e-04   1.9911372e-04   6.0619918e-06   3.7004249e-10   1.2046089e-04   3.9045213e-04   1.3622768e-22   1.0999703e-46
   1.2560416e-27   8.5972771e-05   1.9181445e-04   1.5736795e-04   6.1587325e-09   4.5811888e-20   1.3690618e-04   4.2602266e-04   5.9013254e-32   3.8417408e-57
   1.2609862e-17   4.4561293e-04   1.7277346e-04   1.7210109e-04   1.6277251e-10   8.7190607e-22   3.4954606e-04   3.4627431e-04   4.8995899e-28   4.3141983e-67
   1.3030238e-22   1.0781104e-04   1.2463870e-04   1.7580627e-04   3.3929482e-14   8.6964802e-30   1.8342162e-04   3.7644187e-04   2.8595221e-28   9.3438935e-54
   2.8452399e-25   1.5713579e-04   7.9674546e-05   7.0325121e-05   1.4691202e-07   2.0121487e-32   3.1330065e-05   4.8230204e-04   5.7910617e-40   3.7062416e-74
   2.3032725e-24   2.4199567e-04   9.1909176e-05   6.2875282e-05   7.4677499e-09   2.9769294e-28   8.1348168e-05   5.2579559e-04   2.5935002e-53   1.2225813e-81
   3.5014466e-24   2.3669147e-04   1.5209104e-04   1.0647564e-04   4.7133485e-12   4.6632665e-19   1.9724569e-04   3.9346253e-04   2.0402395e-44   3.1824014e-71
   1.0825829e-19   3.5724523e-04   8.4650410e-05   7.7159755e-05   1.1475089e-04   1.5658673e-24   1.3882623e-04   3.5101456e-04   4.7873902e-46   5.5753371e-74
   5.1798497e-19   3.2055263e-04   9.4656563e-05   2.7517109e-05   2.6603891e-04   8.3097884e-24   1.1456806e-04   3.4557366e-04   2.1060705e-43   1.6195130e-70
   3.9761856e-26   1.3920657e-04   1.4221733e-04   8.7305389e-05   6.6278566e-05   9.6917477e-36   8.8780813e-05   3.6309527e-04   7.9089510e-34   1.2069949e-71
   4.5160324e-17   1.9599583e-04   1.9091824e-04   8.6941100e-05   7.8923234e-05   5.8062801e-33   3.3195171e-05   3.5347808e-04   2.4526456e-45   3.6568583e-75
   1.5528778e-16   1.2453161e-04   1.4849404e-04   8.2599691e-05   8.2793697e-05   1.0123649e-29   2.0955859e-05   3.4894711e-04   2.8927764e-46   6.2782504e-97
   7.2329175e-18   2.9834386e-04   8.5694201e-05   8.5733197e-05   2.4523167e-05   6.6174013e-30   2.2605605e-05   3.4600190e-04   6.0817474e-21  1.8903487e-102
   1.1067929e-11   4.0203672e-04   6.5701000e-05   4.1672678e-05   1.5603911e-04   1.5760020e-21   1.0309878e-05   3.2923807e-04   1.5197376e-18   1.9180242e-92
   1.6483233e-11   2.8284123e-04   4.6832779e-05   3.4837678e-05   1.1857140e-04   3.5258767e-18   1.8029010e-05   2.9991163e-04   4.2216738e-13   1.9877467e-94
   8.4981016e-14   3.6046825e-04   2.4883751e-05   3.2272560e-05   5.8104121e-05   1.1120590e-32   2.1222947e-05   3.4678208e-04   5.2398403e-25   7.0658061e-93
   4.0057329e-15   3.1939867e-04   3.0913576e-06   5.1464924e-05   2.1295179e-09   5.6423951e-20   1.9157241e-05   3.4313118e-04   5.6764347e-19   4.3717241e-92
   4.8687755e-08   2.2163223e-04   6.3870492e-06   6.7341957e-05   1.8665054e-08   2.4376994e-05   1.7019408e-05   2.9952650e-04   7.5991183e-31   7.5031992e-84
   3.0492888e-07   2.3704501e-04   7.2751310e-05   4.7747663e-05   1.9623017e-05   1.8456559e-04   6.6439095e-06   2.2263690e-04   5.2600175e-21   2.9966870e-86
   3.0205770e-13   1.8909740e-04   1.3613026e-05   1.9487593e-05   3.6138717e-05   2.0300415e-04   1.7840711e-06   3.2703072e-04   8.0555355e-21  2.1038927e-102
   3.6382712e-21   9.7933899e-05   3.9118395e-14   1.7684246e-07   5.3950356e-09   8.1068513e-05   3.9653872e-06   3.8150783e-04   1.1069196e-22  1.7252831e-106
   5.3276280e-25   1.0026547e-04   1.5095928e-05   2.1124189e-07   2.2626606e-15   3.2751520e-06   7.9503130e-06   3.5496949e-04   3.3181420e-39   1.1307093e-95
   1.8946719e-10   6.3402821e-06   1.1812119e-04   1.2360352e-05   7.8805179e-09   1.2797557e-06   1.2793020e-05   2.9001263e-04   4.8321370e-42   4.7796896e-94
   3.9460299e-13   6.0767642e-06   1.9577872e-04   1.7671433e-05   8.1682351e-06   1.1903443e-05   1.0973047e-05   2.7742147e-04   4.1141067e-26  1.8183094e-101
   3.9247786e-11   3.1204643e-14   1.9924306e-04   1.5536517e-05   2.8931036e-07   2.9366000e-14   9.0726445e-06   3.5887718e-04   1.4429548e-34  3.8895202e-105
   2.1267899e-22   2.2020868e-14   1.6089211e-04   8.0659194e-06   6.0161855e-14   6.4733249e-26   7.7420629e-06   3.5865361e-04   4.9602873e-47  6.3042063e-112
   1.7202959e-22   1.7846209e-05   1.6152398e-04   8.2435512e-06   3.0621351e-17   6.8545845e-18   5.2993472e-06   2.8882103e-04   1.2077406e-49  1.4172273e-107
   1.8870779e-27   5.0872842e-06   1.3978192e-04   4.6489727e-11   2.3959399e-09   1.6760469e-20   8.7854717e-06   2.9667530e-04   1.0213459e-48  5.2866828e-103
   1.5845310e-14   7.2187253e-18   1.5743843e-04   2.3723944e-05   2.1465672e-08   8.8033999e-19   4.7451025e-06   2.8656157e-04   4.6896985e-54  1.2648694e-111
   1.7683597e-18   2.2480951e-12   1.5496731e-04   3.1811697e-05   1.7565993e-06   4.2240093e-07   2.7302470e-06   2.8759282e-04   4.6047318e-44  6.8103891e-110
   7.0271147e-15   1.3752740e-09   6.8127530e-05   2.3470361e-06   3.2605658e-09   9.7570281e-08   8.0336243e-06   2.9981202e-04   4.3692511e-27  3.6412087e-110
   8.0703092e-27   5.9544021e-16   1.7942612e-05   3.5936629e-08   1.5564047e-14   7.8148725e-06   2.4113982e-06   3.1788615e-04   1.0369224e-33  1.5864782e-130
   3.0259672e-13   4.4940321e-05   9.1844628e-05   1.8482163e-05   4.5383007e-14   5.4980168e-05   3.5244129e-07   2.6194451e-04   9.4236710e-23  5.6842879e-110
   4.9238388e-24   4.3935864e-05   1.6225648e-04   1.6667462e-05   3.7161346e-05   3.8957649e-05   5.1399208e-08   2.2171814e-04   1.5747144e-21  7.1655087e-111
   4.4937596e-24   4.8505305e-05   1.2091170e-04   3.5729837e-05   5.2649244e-06   1.1351080e-16   2.3280916e-07   1.9848723e-04   1.5813941e-19  2.3679740e-111
   4.4303833e-07   8.4206472e-05   4.9347187e-05   3.7334503e-05   1.6425242e-09   3.4521934e-31   1.9758276e-06   1.8084397e-04   5.3820167e-49  1.2695913e-103
   3.6225005e-10   7.2922809e-05   6.7814956e-05   1.9426346e-05   5.5884010e-13   8.5768913e-25   2.8086593e-07   2.2060462e-04   2.6098766e-28  8.0980606e-108
   2.3426109e-10   4.3657743e-05   2.7884745e-05   6.2375481e-06   1.2943947e-14   7.6846053e-23   1.3949069e-07   2.2465856e-04   2.7991900e-36  6.5684533e-101
