   3.8306945e-03   1.4096145e-03   6.6264098e-04   8.6460417e-07   1.5294651e-46   1.4109715e-03   6.0436590e-04   1.2451337e-61   2.8876610e-06   3.1684320e-21
   5.1772693e-03   7.1145510e-04   1.6080686e-03   2.2618870e-05   1.7036390e-32   1.5451608e-03   1.5371332e-03   6.1977244e-47   7.9178865e-04   2.1483806e-31
   4.0259551e-03   4.2045473e-04   1.7448028e-03   1.6479963e-05   1.0009498e-36   1.2293937e-03   1.2884440e-03   1.1619055e-59   5.6646718e-04   3.4228178e-35
   2.1988426e-03   6.8712122e-04   7.1948424e-04   4.2059311e-06   1.7434388e-40   6.1195740e-04   4.8331107e-04   9.3723102e-56   1.6847493e-04   2.1625065e-32
   2.3353376e-03   2.3148563e-04   6.5115367e-05   2.3612794e-06   1.0123995e-40   3.7462968e-04   3.2957130e-04   6.6037545e-60   9.3258231e-05   7.4148936e-48
   2.1558159e-03   3.4097863e-07   5.5704211e-04   6.0305861e-06   5.6981611e-35   5.9261040e-04   2.8728168e-04   1.9266923e-62   1.7687287e-08   8.7280779e-61
   3.0548401e-03   8.0693805e-15   7.5992381e-04   7.7030611e-07   2.3757525e-46   6.7470729e-04   2.4532885e-04   2.3790418e-77   3.3847038e-05   5.6976807e-68
   6.4307946e-03   4.5393487e-25   5.0584467e-04   2.8335772e-05   2.3062268e-53   8.3428276e-04   3.4624495e-04   1.0386864e-95   1.5964892e-05   2.8767899e-64
   1.6865739e-02   4.2458379e-27   4.8696174e-04   7.3456465e-07   5.2419180e-47   7.8261874e-04   3.2105136e-04   9.3682217e-77   8.0363958e-13   7.8380326e-49
   4.0883783e-02   4.5219155e-23   2.9326378e-04   3.8404590e-04   3.6939257e-48   6.1598316e-04   2.7024941e-04   2.7669530e-62   5.1624098e-05   1.0666278e-29
   9.4965714e-02   1.8124994e-33   1.5651682e-04   1.3472469e-03   7.6470396e-51   3.4077922e-04   1.9410063e-04   7.0266493e-28   2.5425972e-05   2.6338163e-14
   1.5516657e-01   3.9998047e-25   2.1468469e-05   6.4696247e-03   1.9117099e-19   1.9089810e-38   1.0776544e-03   4.0832702e-05   1.0253121e-22   5.0449238e-63
   1.0403429e-01   6.6614872e-21   7.6093192e-04   9.3022911e-03   7.3211149e-02   2.2366526e-43   3.0638220e-03   2.4599002e-02   1.1766280e-19   9.8592877e-76
   2.5365591e-02   3.5324555e-12   8.5743257e-04   9.1526895e-05   7.3829418e-02   1.3412713e-36   1.0892705e-02   2.1958551e-14   6.6158011e-17   2.4468912e-76
   5.2173092e-03   4.0941243e-12   7.1613240e-03   4.8041185e-12   1.1209106e-02   8.2165909e-52   1.3104583e-02   1.4573362e-33   1.4691109e-28   2.3223045e-91
   3.4968628e-03   5.6265667e-10   1.9480916e-02   5.3501446e-16   7.4007055e-19   1.5550429e-30   1.0089564e-02   1.9021255e-33   8.8934481e-05   1.1294457e-79
   4.9373605e-03   1.4367424e-13   8.9235823e-03   2.2547368e-16   6.9123311e-50   3.5834637e-08   8.7517005e-03   9.7941658e-59   5.6756359e-03   1.5470574e-59
   4.6634676e-03   1.5582448e-19   3.5351410e-04   1.5259816e-14   3.5218300e-68   5.1450195e-04   8.1064561e-03   5.3663809e-69   1.9301238e-02   1.8936254e-42
   7.4302999e-03   1.4487631e-19   2.0989163e-32   3.7803262e-11   9.5177713e-75   1.2304913e-03   6.9520885e-03   2.7837523e-44   1.8648874e-02   1.0625046e-10
   1.3083297e-02   9.1967035e-25   1.6425159e-42   2.9274808e-09   3.2958255e-65   3.3990406e-03   6.4221837e-03   3.3970622e-10   4.8477121e-03   1.3790808e-02
   2.0873703e-02   7.6618870e-30   3.1751278e-46   1.4691206e-12   1.9747380e-49   1.1978777e-02   4.1318316e-03   3.7460628e-14   4.8997205e-07   1.3700088e-02
   3.8278449e-02   5.6609475e-28   1.4838701e-33   8.1726563e-14   1.6512216e-39   1.5604980e-02   1.9134402e-03   5.0014548e-02   3.3476559e-04   1.6803491e-13
   5.3935908e-02   5.1320204e-11   4.2322359e-23   3.3012459e-03   5.3895217e-22   8.0405224e-03   1.0662236e-03   1.3771090e-01   2.7145518e-04   9.9623844e-35
   5.3506059e-02   1.1285581e-35   1.5371147e-18   1.0140273e-02   1.2493190e-02   1.1282046e-03   9.5623580e-04   1.7131397e-01   1.1481479e-20   5.9224577e-46
   3.9913986e-02   4.7129852e-17   4.0385171e-32   9.6515168e-03   7.0032602e-02   8.4318230e-07   2.7406097e-03   6.2433377e-02   2.6460281e-17   1.5495711e-59
   1.6181350e-02   8.6946846e-13   1.0530876e-23   3.4254189e-03   1.9460803e-01   2.4596842e-04   3.5616016e-03   2.9234397e-02   6.0616231e-25   2.0389760e-64
   5.6944868e-03   1.1783447e-09   1.1483788e-24   1.1331234e-14   1.7993595e-01   4.4851113e-04   4.1882931e-03   3.2183102e-08   1.8767933e-18   1.0710331e-60
   4.6304871e-03   9.9638776e-05   5.2111783e-19   5.9317979e-14   4.8732807e-02   3.1572076e-06   8.0947163e-03   1.8703185e-03   1.4654362e-26   1.0917921e-64
   3.6607015e-03   8.7428574e-04   1.1215407e-13   4.4430970e-13   4.4074662e-05   9.1202837e-10   9.6412603e-03   9.0752531e-47   3.4028144e-46   7.0566554e-60
   2.0065148e-03   1.8133872e-03   1.5548098e-05   3.7800714e-12   5.4574270e-13   3.9500028e-12   8.6196592e-03   5.3110776e-66   1.8800448e-38   1.1386197e-52
   2.0453298e-03   5.2992573e-03   9.7723691e-04   1.6386829e-09   1.7061084e-19   8.7441618e-09   7.3375761e-03   1.4967614e-51   8.1851283e-31   5.6340416e-61
   5.3207199e-03   1.0226131e-02   1.2221605e-04   1.4475360e-06   4.2025241e-38   3.6863885e-07   6.1005780e-03   8.9636687e-40   1.4213423e-03   4.7274217e-70
   6.6361874e-03   9.9217873e-03   3.3356016e-14   1.5187662e-03   3.2172475e-48   8.0472090e-08   5.7760612e-03   2.7139225e-04   7.6394521e-03   8.6826465e-49
   5.6162894e-03   1.3857017e-02   9.6212961e-31   2.5512665e-03   5.4247737e-52   4.4281312e-05   4.9073432e-03   1.1837336e-02   2.1212425e-02   3.2715519e-39
   2.3320045e-03   1.4526545e-02   1.6324282e-36   7.4366902e-03   1.1285917e-52   1.1816083e-14   3.3455316e-03   1.9777700e-02   5.1612527e-02   1.9726358e-44
   4.4532798e-05   2.2535581e-02   2.6935877e-44   1.3838757e-02   4.8096479e-48   7.6323337e-22   2.3398724e-03   1.2256580e-02   7.6008147e-02   2.6334333e-46
   3.0424974e-05   2.8372584e-02   6.6199218e-44   1.3813081e-02   4.4523546e-47   6.9114338e-12   2.2832715e-03   2.7686798e-07   5.1985009e-02   1.8108033e-14
   4.0426682e-05   3.6342025e-02   6.1919747e-48   5.7609726e-03   5.0214061e-08   2.1964053e-04   3.1056820e-03   8.8765778e-22   1.6121886e-02   9.1654503e-03
   2.4795924e-05   4.4315313e-02   3.9925414e-29   2.4000708e-03   6.3337329e-03   5.6798557e-03   1.5983163e-03   1.1847661e-31   5.8957216e-03   1.5483365e-02
   4.2740817e-08   4.9144449e-02   1.8185674e-19   2.2029273e-03   3.8525885e-03   4.8326830e-03   1.4114645e-03   4.4581583e-17   6.3986628e-03   2.3407454e-02
   2.1551773e-08   4.9099640e-02   7.8743292e-09   9.0571105e-04   7.5164413e-05   1.6896806e-02   1.0377366e-03   5.6140949e-21   3.8452421e-03   1.2217548e-02
   1.7520666e-04   5.0378546e-02   9.5237755e-07   1.0220414e-03   1.5788722e-09   2.3997219e-02   8.1636897e-04   6.2464511e-09   7.4716837e-08   2.5506939e-25
   7.1410724e-04   4.9981595e-02   2.8335711e-05   3.3426669e-04   4.0976843e-19   1.7360432e-02   7.8323790e-04   3.8953752e-52   2.3247944e-16   1.2953182e-46
   9.9315388e-04   4.6906197e-02   9.2472419e-05   3.3648234e-03   1.0969062e-28   6.4310666e-03   8.5823328e-04   1.3619849e-03   4.9915219e-12   2.2358495e-43
   3.6663251e-04   4.3175699e-02   3.4241439e-04   5.8370409e-03   1.9153810e-24   2.0940576e-11   1.0933710e-03   4.5242615e-03   2.8108954e-07   5.7778053e-18
   1.8069812e-08   2.9637807e-02   4.2541568e-04   1.5982426e-02   8.1477233e-22   5.7634677e-38   8.0471049e-04   6.1522506e-03   3.5592222e-20   2.9223669e-45
   2.0377448e-16   2.0644470e-02   6.0469015e-05   2.5599178e-02   1.4588771e-45   3.2982904e-30   6.2576569e-04   4.4686300e-03   4.3325033e-09   6.4619512e-79
   2.5040327e-14   2.3048180e-02   7.6477642e-05   2.5626612e-02   1.3172962e-33   5.0088630e-15   5.7419289e-04   2.0336882e-03   4.1145157e-25   2.6688098e-55
   7.8585775e-12   2.5756770e-02   1.6093872e-11   1.6920208e-02   3.6174602e-29   2.8011226e-03   6.4031630e-04   7.2093789e-04   3.5512809e-25   1.8723963e-32
   2.4459478e-12   2.5674536e-02   1.9416846e-15   7.5412625e-03   1.7754741e-34   2.9798564e-03   6.2927103e-04   3.3791306e-04   4.9874308e-03   3.7133480e-40
   3.6716817e-10   2.1872479e-02   1.5698349e-27   6.3849898e-03   1.3227876e-04   3.2339174e-03   9.3690637e-04   3.8264384e-09   8.1230735e-03   1.4686360e-24
   1.0683044e-05   1.4289320e-02   7.2233109e-17   4.5999656e-03   2.8635345e-03   1.7101977e-03   7.5204583e-04   1.0122600e-30   1.7196983e-02   8.7700514e-35
   4.8922487e-04   1.0868109e-02   5.4198679e-14   3.5566183e-03   1.8840785e-03   2.6290911e-03   5.9983776e-04   3.7540294e-34   3.5679695e-02   7.1398404e-20
   1.1751219e-03   9.9427937e-03   7.2080970e-08   3.6491373e-03   3.3489967e-08   2.6852351e-03   4.2806435e-04   3.7462624e-23   4.2799599e-02   5.2031498e-31
   1.3525109e-03   8.6656601e-03   1.3890051e-04   5.1726673e-03   3.9857955e-27   1.7194799e-03   3.8279245e-04   1.6654118e-06   2.5469450e-02   4.6514949e-12
   7.2243223e-04   2.5666209e-03   2.8304927e-05   9.5513287e-03   9.8453798e-36   3.3815875e-03   5.7802753e-04   1.2885815e-03   6.4379359e-03   4.8406532e-03
   1.4165412e-04   1.3108957e-12   1.0068588e-04   1.7867912e-02   2.2863287e-30   3.8545906e-03   4.9780266e-04   9.3311595e-04   1.3453898e-03   8.3320484e-03
   1.5046301e-07   3.3430612e-04   1.8865902e-04   2.3564939e-02   1.7524659e-38   4.3007760e-03   3.9023060e-04   8.3325656e-11   1.8284539e-03   1.3081607e-02
   4.1102047e-07   5.4425939e-20   1.5924796e-04   2.3288768e-02   2.8204740e-11   7.8467166e-03   3.2746376e-04   5.5326694e-09   4.4691654e-04   1.4071488e-02
   1.1691303e-07   6.1298327e-18   2.9679501e-04   2.4424570e-02   1.6739991e-11   4.4675391e-03   3.4054896e-04   1.8095933e-21   7.9247343e-23   2.2405944e-02
   2.0791224e-06   3.6267818e-04   3.8937380e-04   1.8296939e-02   6.6790543e-20   2.1670154e-02   4.5442438e-04   2.3100384e-20   3.0365781e-04   1.5374555e-02
   9.4160975e-05   2.3735646e-03   1.0668583e-04   8.6084204e-03   4.0850807e-11   3.9523587e-02   6.1609135e-04   1.1071441e-07   8.5739818e-04   1.0325232e-29
   8.1375657e-04   2.5415796e-03   8.6572728e-05   4.2032462e-03   1.4647063e-04   4.0469439e-02   6.3169591e-04   5.3103354e-11   1.4630819e-03   1.1193033e-19
   1.7514717e-03   6.9276056e-03   2.1681381e-04   2.7827598e-03   1.9536934e-03   2.4045980e-02   4.6212250e-04   2.6308794e-21   1.9220008e-03   7.2473361e-71
   1.6063654e-03   7.0980531e-03   6.6896977e-06   2.0661004e-03   2.1077249e-03   1.5494638e-02   6.3266831e-04   7.2005254e-61   2.4830761e-03   2.2587251e-22
   1.6235957e-03   5.4847520e-03   3.6640538e-17   1.5381332e-03   3.4491037e-04   1.3640680e-02   7.6484876e-04   1.9483693e-41   3.0133540e-03   2.4929832e-03
   2.1423090e-03   3.4786408e-03   1.3203308e-04   4.2287841e-03   9.4387676e-15   1.4686951e-02   6.6589589e-04   1.6513092e-60   4.9855018e-03   1.9999607e-03
   1.2541074e-03   2.4083382e-03   2.6525206e-04   6.0104803e-03   1.4285354e-26   1.2136799e-02   6.1838548e-04   9.5034019e-22   1.3354856e-02   1.3594117e-02
   1.2415580e-03   1.3453415e-03   2.0321195e-04   1.0111728e-02   1.2292038e-37   7.2705502e-03   5.0685988e-04   3.9083766e-22   2.1196646e-02   1.9892424e-28
   1.9799449e-04   7.4634372e-04   1.6141154e-04   1.1698763e-02   3.0231572e-31   5.6976291e-03   4.5934736e-04   2.0805490e-11   5.2884405e-02   4.4647531e-03
   7.4290502e-06   1.9640009e-16   1.1596046e-04   1.0601849e-02   1.4581648e-20   3.0949710e-03   5.0638905e-04   1.8880892e-05   8.3981671e-02   9.5275626e-03
   7.8303324e-05   8.2114303e-11   2.5922219e-04   1.3631466e-02   1.4725379e-18   1.2821793e-03   5.0830219e-04   5.2059674e-24   5.8812444e-02   1.1698446e-02
   4.5852816e-04   3.8267857e-04   4.6564560e-04   1.1125771e-02   3.7080687e-32   3.0334735e-03   6.3735455e-04   6.7908476e-18   2.9246847e-02   1.4588455e-02
   2.0529173e-03   3.1305543e-03   2.9429210e-04   4.1216426e-03   2.2931061e-37   1.1265213e-02   8.7898804e-04   8.3675032e-25   1.3912173e-02   6.1316111e-09
   2.4357095e-03   4.1173337e-03   4.2708144e-04   7.4795620e-04   3.2066992e-38   9.9169118e-03   9.8130166e-04   1.1877575e-26   1.0786559e-02   7.5428131e-03
   3.3737813e-03   3.9441094e-03   3.3992721e-04   1.9333107e-03   5.1239633e-12   4.8249805e-03   9.6595064e-04   2.1716470e-43   8.0398089e-03   2.6004219e-02
   2.9379496e-03   5.5315777e-03   3.0024515e-05   1.1176547e-03   1.5739836e-04   4.7987426e-03   1.2081519e-03   1.5342328e-53   3.1699638e-03   4.0339415e-02
   2.3235293e-03   5.4343339e-03   7.2940639e-05   3.1217339e-03   6.0451312e-04   5.5757103e-03   9.4291636e-04   6.8782890e-65   1.8983362e-03   5.1500393e-02
   2.2547926e-03   2.2076066e-03   2.3033671e-04   5.8545878e-03   8.5146498e-16   6.4384382e-03   7.3154799e-04   6.9425774e-18   2.6232633e-03   5.0500708e-02
   3.6232547e-03   3.3406179e-03   1.4499558e-04   5.6083179e-03   5.1778418e-29   2.2868075e-02   6.2357842e-04   2.5302252e-13   2.4000888e-03   4.7435274e-02
   3.7873488e-03   1.6828617e-03   3.1061908e-09   9.9021627e-03   1.6897773e-43   2.3972082e-02   5.2359831e-04   2.2035258e-17   2.6407671e-03   2.8745583e-02
   3.1466987e-03   1.0125656e-03   6.6545811e-05   1.1870104e-02   1.3370770e-42   1.9527100e-02   5.9353638e-04   1.5693837e-26   1.5279926e-03   3.0529443e-02
   2.7926791e-03   7.1246308e-19   1.3548414e-04   1.4644758e-02   1.2354318e-54   3.2072871e-02   4.3996127e-04   4.9834034e-16   2.5804293e-03   4.0321912e-05
   3.5081075e-03   2.3838325e-15   1.3537977e-04   1.3769019e-02   9.7502747e-36   3.2885943e-02   4.5341889e-04   3.8870565e-32   1.8211642e-03   1.7049788e-12
   6.1789352e-03   1.1879019e-04   1.9869159e-04   9.2319646e-03   1.8880416e-38   2.6257024e-02   4.1373494e-04   2.0984301e-33   2.7786169e-03   4.1728016e-13
   6.8598413e-03   1.4883912e-04   1.5356492e-04   5.2336051e-03   1.5571599e-37   1.8220905e-02   4.8944960e-04   1.1204447e-57   5.9294300e-03   5.2198874e-03
   6.4744951e-03   2.4335232e-04   1.9719621e-04   3.6569838e-03   2.9984169e-34   1.5048068e-02   6.6602322e-04   5.3170570e-33   1.0346595e-02   1.1377383e-02
   6.3588623e-03   2.4726936e-03   3.2874308e-04   4.0542879e-03   7.5268288e-22   8.8772865e-03   4.8441330e-04   3.8983443e-69   1.4864165e-02   3.8743892e-03
   4.7385674e-03   1.0586193e-03   5.0692462e-07   3.2038806e-03   5.9743688e-05   7.8556760e-03   9.9064625e-04   3.9502296e-18   1.2589451e-02   7.7877798e-03
   3.1367155e-03   1.9188538e-08   8.8576092e-06   5.9916503e-03   1.7550205e-03   8.1924147e-03   1.0307950e-03   1.5601971e-25   4.5652636e-03   1.1064471e-02
   2.2425895e-03   9.9550629e-28   2.5438488e-05   1.0318854e-02   8.5820204e-04   6.5131432e-03   1.2335485e-03   1.8723795e-11   1.2718526e-03   1.8155307e-02
   1.2124982e-03   2.4079556e-27   1.3853122e-04   1.5496771e-02   1.9254276e-11   7.7981123e-03   1.1975338e-03   1.6933634e-09   5.5466648e-04   1.3225734e-02
   4.2227390e-04   2.7270763e-14   6.0419261e-12   1.7982280e-02   2.6654275e-16   9.4506363e-03   1.0173114e-03   1.7231446e-17   3.0844516e-04   4.7161527e-15
   2.1178398e-04   4.9778810e-26   5.5622221e-07   1.8262950e-02   1.7576898e-30   5.4496892e-03   7.5719171e-04   6.5315284e-14   2.5547033e-18   4.9079126e-04
   6.6068869e-04   3.8740114e-26   1.3371857e-04   2.5399310e-02   1.1483412e-32   9.2724656e-10   6.5445199e-04   8.5416488e-15   5.8529763e-23   3.5059595e-04
   9.9740292e-04   2.7380892e-20   2.5337118e-04   2.5918586e-02   2.3708750e-51   4.4155254e-03   5.7581716e-04   8.2741656e-39   4.5622931e-22   3.5488306e-04
   1.1795546e-03   1.6454049e-08   2.7376008e-04   1.7665025e-02   6.6371940e-24   6.0190428e-03   8.5876938e-04   8.0740010e-28   1.7493644e-38   2.9345559e-14
   6.3032480e-04   7.3090680e-12   1.4787104e-09   9.3898936e-03   1.4098488e-29   6.6744683e-03   1.0246425e-03   2.7601376e-55   7.1735921e-32   4.1096065e-15
   4.7567422e-04   1.1181490e-04   1.9927854e-09   8.8858082e-03   1.7214018e-28   8.3701199e-03   1.2320238e-03   1.6568662e-28   2.9651051e-23   8.7893208e-09
   6.2099901e-04   4.0868504e-03   2.4138212e-13   7.5921979e-03   6.8334450e-26   6.3014881e-03   1.0825731e-03   3.0810028e-33   2.1755963e-05   8.7400796e-06
   8.0412505e-04   8.0277132e-03   8.2105164e-13   5.9599779e-03   3.2500002e-09   2.3358308e-03   1.2194983e-03   1.3234261e-04   5.0757397e-04   4.6103444e-03
   3.0135513e-04   2.8503926e-03   1.8982171e-13   1.0782850e-02   2.4934655e-04   3.1954931e-03   1.4813390e-03   1.8339462e-14   6.0231230e-04   2.3705789e-18
   1.4974808e-04   8.7096035e-07   2.6400936e-14   1.3248252e-02   1.1044126e-03   9.1667269e-03   1.3035771e-03   9.5599116e-05   9.5613397e-04   4.7735474e-37
   1.2291648e-05   3.0107442e-06   8.5169763e-10   2.0915180e-02   3.3339677e-04   1.1232325e-02   1.1007832e-03   1.5979822e-30   1.6534642e-03   7.1890654e-40
   1.7199776e-06   1.0360013e-15   1.1601687e-05   2.6061279e-02   1.5051293e-06   8.2710654e-03   9.8527780e-04   8.1785643e-25   3.2339650e-03   3.2924845e-47
   6.7409906e-04   3.5620162e-12   2.2350042e-04   1.9932751e-02   3.7861734e-17   5.0494613e-03   7.7626995e-04   4.9524787e-04   3.0955641e-03   1.8148091e-41
   9.9507955e-04   2.4517029e-03   1.8297736e-04   1.1714552e-02   1.1917961e-33   1.8138815e-03   1.1757673e-03   4.4641333e-18   1.9079989e-03   8.0269972e-35
   7.1674180e-04   4.8760745e-03   2.1920949e-04   1.1777990e-02   1.9186316e-39   2.3227559e-19   1.2078909e-03   1.6168992e-11   5.9557923e-09   2.4376497e-36
   3.8704646e-04   5.6843695e-03   9.4228486e-08   8.9826065e-03   1.5193784e-34   2.3193357e-11   1.3401118e-03   3.4319765e-35   5.0566710e-13   4.3073651e-38
   4.7169943e-04   8.0770688e-03   3.9442425e-14   4.0004171e-03   4.8487165e-31   1.1723821e-03   1.5399895e-03   4.9798979e-15   5.2007708e-25   3.4455828e-31
   1.1402092e-03   5.0752883e-03   1.9438669e-15   4.6752257e-03   2.2428538e-25   7.7967252e-04   1.2621075e-03   1.4622891e-25   7.1342532e-32   5.8593269e-22
   1.1906996e-03   7.0063899e-03   6.9641979e-12   3.0953365e-03   3.1362913e-16   4.8188142e-13   1.3877996e-03   2.7448581e-04   3.9357337e-56   1.3793340e-06
   8.6413483e-04   6.5073858e-03   1.3451612e-07   2.7338533e-03   2.6834818e-13   1.5474799e-05   1.4348403e-03   8.5802064e-04   7.0216879e-54   9.8744268e-04
   7.2340512e-04   7.3074990e-03   9.6633813e-05   4.6470170e-03   4.8033415e-04   1.7172871e-16   1.2813600e-03   6.8574425e-04   3.1273263e-51   4.8254011e-27
   3.2446112e-04   1.1795659e-02   2.6255792e-10   5.4904945e-03   1.0811281e-03   1.9246878e-15   1.6907040e-03   8.0199687e-04   2.2102173e-51   3.0498112e-26
   5.5165509e-04   1.7092625e-02   2.1519258e-04   5.4805235e-03   2.1227850e-03   3.2992609e-07   1.7944842e-03   4.3310144e-23   1.8609539e-59   6.3257648e-27
   7.3592901e-04   1.5354894e-02   4.1674755e-04   6.4862367e-03   9.0881759e-04   7.8464194e-09   1.4347884e-03   3.1369966e-09   2.7453878e-58   2.2311759e-04
   5.4729320e-04   7.9320580e-03   3.8411369e-04   6.2234870e-03   3.5216586e-05   4.5058423e-24   1.5886279e-03   3.3417718e-04   8.1164040e-40   3.1580261e-03
   3.0568247e-04   8.9149457e-03   3.6495934e-04   5.4910485e-03   1.6832328e-13   1.8349685e-12   1.4803007e-03   3.0948500e-09   3.7693857e-25   4.8520223e-03
   4.3550465e-04   1.0773316e-02   3.5942045e-04   3.9383774e-03   5.2041820e-30   7.8219589e-04   1.4437761e-03   2.4137495e-04   1.9626811e-18   4.5210913e-03
   3.2964058e-04   7.6369003e-03   2.6801274e-04   1.6724417e-03   7.7522312e-25   6.3655451e-04   1.9259464e-03   4.4265011e-21   2.0702622e-23   5.4933847e-03
   6.6769984e-04   6.5644163e-03   2.4952855e-04   1.1906338e-03   5.3895542e-26   1.0419337e-03   2.0564216e-03   3.4740046e-33   6.2804773e-04   4.5710461e-03
   1.1245538e-03   4.6926172e-03   1.3163529e-04   1.7308235e-03   1.7390206e-20   9.7496183e-04   2.0710317e-03   4.4320392e-30   6.7062410e-04   3.3491303e-03
   1.7365006e-03   3.7629380e-03   3.2902109e-05   6.9716353e-04   6.0717592e-24   2.2843551e-03   1.8965340e-03   1.5949511e-03   1.9901478e-04   2.4995423e-03
   1.5555176e-03   3.7648912e-03   2.3179985e-05   1.1938674e-03   6.5225169e-16   3.9605309e-03   1.9278954e-03   2.2686145e-03   3.4788985e-23   6.4621704e-05
   1.8607634e-03   4.3730095e-03   1.4134962e-06   1.0143250e-03   7.1845623e-10   3.6374394e-03   1.8485457e-03   4.8989741e-03   1.2049313e-16   1.5169191e-12
   2.3312596e-03   1.3678595e-03   1.0036001e-06   1.9410289e-03   8.9604110e-04   1.6290812e-03   2.1880920e-03   5.2733828e-03   1.2143275e-24   1.6001984e-13
   3.2816634e-03   1.5307353e-03   7.2524291e-11   2.5965733e-03   3.2499336e-03   2.2399489e-09   1.8382020e-03   3.3360707e-04   1.7449018e-49   1.9759176e-06
   2.5094613e-03   4.6618147e-03   4.3031754e-15   2.1820139e-03   2.6517599e-03   1.3640027e-04   2.0547314e-03   2.9637822e-52   3.9580590e-61   4.1234463e-03
   1.9637026e-03   5.8142045e-03   1.7074261e-08   1.4001103e-03   4.2067661e-05   1.0495399e-06   2.5587595e-03   1.6403674e-03   1.3711813e-64   4.3662660e-03
   2.8849725e-03   3.1201848e-03   3.2054338e-04   1.9120820e-03   3.5811644e-13   8.1474162e-24   1.5864044e-03   4.5058553e-03   2.3195427e-52   4.5332475e-03
   2.4898767e-03   2.5474725e-16   1.8639314e-04   1.4137413e-03   4.5573447e-14   1.3491772e-15   1.9829022e-03   9.8631116e-26   6.8965120e-50   4.1527491e-03
   2.2755883e-03   3.0862908e-06   6.9050195e-06   3.4176055e-04   2.9368196e-17   1.6686955e-05   2.6403604e-03   1.4656741e-04   2.4567710e-46   3.4216098e-03
   4.0279861e-03   2.9502591e-03   8.6637220e-05   9.4655758e-05   3.9855193e-21   2.4066327e-04   2.2087513e-03   9.2459067e-04   5.1823257e-54   5.5553738e-03
   4.3805766e-03   3.0934904e-03   1.5962691e-04   1.5195692e-07   1.2608358e-15   4.8369110e-05   2.3657998e-03   1.9360850e-04   1.0269584e-54   4.6317420e-03
   3.7394792e-03   1.6421204e-03   3.7661693e-04   3.0647913e-04   2.1261778e-10   4.4833388e-05   2.0646887e-03   7.2345469e-03   5.5013427e-46   3.1719807e-03
   3.2576063e-03   2.0486338e-07   3.2474122e-04   3.2497141e-04   1.3280266e-03   1.0255444e-11   2.0168774e-03   7.8258734e-03   1.0283382e-05   4.0848172e-03
   3.5002081e-03   4.5485027e-10   2.6402890e-04   5.7360479e-04   7.3591190e-04   1.6598312e-17   2.0600628e-03   1.0292513e-02   1.7479687e-04   3.5792184e-03
   4.9240918e-03   1.8932870e-12   1.1343377e-04   9.3760962e-04   2.7051302e-03   5.7772217e-08   2.1853567e-03   1.9961195e-02   3.2013551e-04   1.8995946e-03
   3.1733647e-03   3.1634068e-04   5.3972184e-09   1.1512856e-03   7.0780614e-03   1.1346715e-11   2.9374170e-03   2.1898587e-02   6.5670427e-04   1.4732477e-04
   2.2695301e-03   1.7531526e-03   5.0156812e-23   6.5849990e-04   1.5298674e-02   9.5477538e-07   3.7797916e-03   1.5721059e-02   3.4287050e-04   5.9931091e-04
   2.6952943e-03   5.9350656e-04   1.2293720e-27   3.1863868e-04   1.9404924e-02   1.5973282e-09   3.6880750e-03   1.7494311e-02   1.5530799e-09   1.8435900e-07
   1.0159130e-03   3.1922495e-14   5.0086598e-17   4.6677839e-04   1.5473607e-02   6.7605414e-05   3.4532358e-03   2.1429313e-02   8.1266829e-21   3.2274052e-03
   1.0840711e-03   6.7498175e-20   3.1969384e-27   4.9987245e-05   6.6442669e-03   5.5452187e-07   3.3130418e-03   2.0838837e-02   2.5686382e-19   1.2409349e-08
   1.3269612e-03   5.3476990e-04   1.0347721e-35   3.8274832e-08   2.9014857e-08   5.9650486e-04   3.7736829e-03   1.5845331e-02   1.1289123e-53   7.7402754e-04
   1.7007263e-03   1.5285316e-05   6.8101054e-39   4.2371221e-18   3.4805494e-18   8.7757146e-04   4.4015630e-03   8.4258566e-04   5.1487414e-46   2.1697356e-05
   1.5135447e-03   4.6463634e-04   6.9658264e-32   9.6613086e-15   4.5817296e-24   2.9066658e-04   3.9107427e-03   1.5215317e-02   9.1388594e-51   2.0956838e-39
   2.3579933e-03   4.0053901e-13   7.5794701e-32   8.9880283e-10   2.3703656e-08   9.4864762e-07   4.0323483e-03   8.9163579e-03   2.9962180e-69   4.6867234e-22
   2.5707885e-03   3.7452398e-32   1.5808675e-31   7.9654553e-11   1.3977721e-11   2.5841527e-17   4.6507780e-03   5.2098615e-14   3.2147191e-82   1.6067384e-11
   1.4524901e-03   4.7072506e-52   7.3615151e-36   2.4871567e-05   8.2094256e-05   4.8620861e-26   5.3091204e-03   5.8927931e-03   9.9443644e-60   1.6052903e-29
   4.9928449e-04   3.2256199e-30   1.4271618e-22   4.5007834e-04   4.4687599e-04   1.6326593e-41   5.3101145e-03   1.0836184e-02   8.6838769e-55   3.4163636e-31
   1.2336531e-03   2.4776732e-27   1.6325411e-22   9.1540383e-04   3.4242626e-03   4.5981935e-39   5.2644879e-03   6.2127589e-03   5.6796563e-33   7.7246671e-16
   6.7056853e-04   8.8162628e-21   1.5530984e-26   1.1242861e-03   1.6419444e-02   2.3812656e-23   5.0736701e-03   2.4816229e-07   7.4070538e-19   4.8524349e-08
   5.0041643e-04   6.1833131e-11   4.1179701e-27   1.7292209e-03   1.7186273e-02   1.1801957e-24   4.2898197e-03   7.7123771e-07   6.4676073e-13   1.6760505e-08
   9.5076415e-04   7.0338252e-13   2.6733301e-27   6.6553868e-04   1.0805142e-02   2.2340151e-18   4.1533900e-03   4.1601876e-03   6.3007063e-04   6.5462984e-09
   7.7940631e-04   1.4442512e-31   2.7420565e-34   3.0801851e-08   8.8382254e-03   1.0687985e-16   5.6413223e-03   4.6766498e-03   3.8559000e-04   6.9349125e-09
   2.5582141e-03   1.9295444e-09   2.8123411e-46   9.0369789e-05   3.9441003e-03   3.4685151e-13   3.8769794e-03   5.0291747e-38   1.7636874e-03   2.9024775e-07
   3.1271415e-03   4.8614569e-11   1.1406870e-37   1.3867327e-20   3.4056126e-07   2.3182978e-18   4.2546691e-03   6.9690514e-03   2.3558096e-03   1.4902895e-53
   3.3410014e-03   6.5689727e-09   4.8959944e-34   9.8191507e-07   4.6714122e-14   3.3273809e-08   4.8330545e-03   2.7459576e-03   1.4952855e-03   1.2319378e-15
   3.1572409e-03   2.8383873e-06   3.7604864e-29   2.7905380e-04   3.0577540e-31   1.4508509e-16   4.0965325e-03   3.2275898e-23   4.9000363e-04   2.9545419e-16
   1.5266823e-03   4.1530076e-11   1.6333586e-33   1.3071957e-03   1.2201320e-12   8.6166555e-17   4.7613217e-03   3.3292646e-06   8.9609832e-07   8.6345355e-19
   1.4892743e-03   1.5473931e-21   1.9822607e-27   3.6479508e-03   2.7222629e-24   8.8531887e-20   4.2121312e-03   8.7822448e-03   7.9353258e-18   2.0454856e-05
   1.1581405e-03   6.5053863e-31   9.8323308e-33   3.0231240e-03   1.2084916e-08   2.3202316e-07   5.5566695e-03   6.3638576e-03   3.1765331e-25   1.0123518e-19
   7.6519294e-04   1.8805983e-42   1.9943567e-27   2.2261072e-03   8.9909871e-11   2.3476165e-06   6.2584145e-03   2.5987769e-04   8.1863240e-27   3.0561454e-11
   6.3233712e-04   7.5359767e-39   3.0328422e-30   2.8947485e-03   9.8798846e-04   9.7126136e-06   7.2720728e-03   5.0606446e-09   6.2094341e-44   1.9856100e-04
   2.6333619e-04   8.0274411e-23   5.4462204e-30   4.0245495e-03   1.0500050e-02   1.8884860e-03   6.7470848e-03   2.2388029e-08   2.3931881e-38   1.4722989e-58
   2.3995872e-04   4.5649118e-25   1.8104732e-38   3.2570896e-03   1.4800988e-02   2.2169369e-03   6.8539868e-03   6.2907524e-08   4.6475461e-50   7.3830442e-41
   3.2374228e-04   4.2374657e-25   1.0034989e-26   4.0275003e-03   1.1307217e-02   9.6959696e-04   5.4511808e-03   3.5236474e-03   8.1489198e-13   7.3030845e-70
   1.8846815e-03   3.5795193e-14   3.9283756e-23   1.7135308e-03   9.0097466e-03   4.8698900e-04   4.7270209e-03   4.8784003e-27   1.3681048e-03   3.9967956e-34
   1.5117943e-03   5.6753953e-08   1.0896486e-34   9.3916998e-04   2.0314160e-08   1.4144458e-15   6.7311329e-03   9.3093369e-03   3.5625277e-03   1.3973153e-16
   1.5652844e-03   1.5029188e-05   5.1654924e-26   1.2553403e-03   6.0364557e-07   2.0927941e-15   5.3689962e-03   1.0773519e-02   5.8579620e-03   2.2546098e-03
   1.0962743e-03   5.8750082e-05   3.3627393e-25   1.4931708e-03   3.4192911e-10   1.2482895e-32   4.6096602e-03   7.5146046e-03   6.5637357e-03   2.4193350e-03
   2.4000656e-04   4.2555109e-14   1.2980980e-22   5.2904656e-03   9.7812793e-15   8.5309913e-23   5.1863843e-03   9.3916226e-03   5.2383670e-03   9.2735343e-04
   7.3955855e-09   6.9962306e-14   2.3186800e-22   6.1409421e-03   2.4172316e-06   1.7211084e-25   5.6998310e-03   1.4833858e-02   3.1121109e-03   9.0438937e-04
   1.4305717e-10   1.0614789e-20   3.7479705e-23   4.4264650e-03   2.7132634e-05   2.9885086e-25   5.7557269e-03   1.6359608e-02   6.0209258e-03   1.1734227e-03
   6.1991258e-08   6.3941748e-16   6.2749280e-15   6.0620990e-03   5.3627196e-03   4.0537767e-29   5.1063170e-03   1.5025690e-02   8.4519233e-03   3.0890875e-16
   1.5405293e-09   1.8709234e-11   2.3665136e-12   5.6988325e-03   2.1427366e-03   2.9763547e-28   6.5803287e-03   4.7985256e-03   6.1927408e-03   7.1718292e-26
   3.5078638e-12   1.6957646e-06   6.4642234e-19   1.1544403e-03   1.0144374e-02   5.9957249e-23   8.4033886e-03   1.5783836e-05   2.7438976e-03   1.9056965e-22
   5.0582198e-13   2.1398940e-07   9.5346087e-21   2.3344302e-03   1.3613170e-02   5.3051232e-30   8.0537857e-03   4.4149399e-03   8.8699211e-05   5.3032041e-23
   2.1321202e-10   6.1249874e-06   1.9308386e-21   1.4020643e-03   1.3220393e-02   7.9290642e-34   7.4854564e-03   1.9033329e-03   2.4040366e-15   4.5571613e-68
   1.1202933e-11   2.8082663e-16   5.0324420e-16   1.2790350e-07   1.2682020e-02   6.5245560e-20   7.1133715e-03   5.2646825e-04   1.4606620e-19   2.3811313e-04
   5.0105503e-15   8.7220801e-14   7.5165071e-11   1.2949669e-10   2.8328063e-03   3.0432790e-12   8.3034355e-03   1.0102029e-02   1.5291314e-40   1.3907988e-07
   3.5064784e-21   3.3759214e-16   1.6109372e-09   4.9567312e-07   4.2303985e-07   2.2439927e-31   8.1697967e-03   7.6978126e-04   4.0965772e-26   4.5740756e-29
   4.3980593e-29   1.5818737e-05   6.2880769e-09   5.4357467e-05   1.9287832e-07   1.1346451e-32   6.6435287e-03   1.8563560e-52   1.4102689e-37   9.5485027e-25
   1.2969841e-25   8.2160346e-04   5.5390102e-09   8.9579919e-04   4.3403912e-13   1.8887793e-44   5.3437258e-03   1.3645731e-03   8.3205762e-25   5.4921168e-64
   5.7145117e-22   2.9700004e-23   1.5601798e-31   7.6471759e-04   2.4019836e-13   3.1417550e-36   5.2622104e-03   7.4927422e-03   5.0699870e-25   8.2000307e-77
   9.5037788e-17   7.9045733e-56   2.1300517e-17   4.9382755e-04   1.5819341e-05   1.4557262e-19   4.0588425e-03   9.0317969e-03   1.7279153e-41   7.2734841e-42
   2.3848517e-18   9.8967215e-34   1.4817168e-22   1.5938588e-03   4.0392189e-13   1.6269948e-27   5.4395869e-03   4.2667982e-05   2.1858925e-30   4.2105400e-86
   1.2974000e-23   9.0078940e-25   6.2443492e-25   1.0365835e-03   4.3947718e-08   1.9968541e-29   6.0357753e-03   2.3463034e-13   2.0767828e-14   1.5479705e-55
   5.8700561e-14   2.4700994e-19   1.2819244e-19   8.1164243e-04   3.7898646e-03   1.7905337e-32   4.1680576e-03   2.1102781e-03   5.3770959e-04   1.4125737e-52
   9.4060991e-17   2.4135739e-05   2.0586076e-30   6.1243257e-04   7.9052105e-03   1.1439892e-52   5.2468286e-03   2.8155266e-04   1.4808284e-04   4.8196175e-59
   3.0072406e-22   5.2581485e-14   2.3124114e-33   1.1061407e-05   5.7980087e-03   3.2356065e-61   6.0278883e-03   1.6970194e-24   1.7557724e-04   5.9361863e-65
   7.0221367e-17   6.0026412e-04   1.9729687e-20   2.2742190e-08   5.5007537e-04   3.1286972e-35   4.4742404e-03   2.5761236e-03   6.6082066e-04   1.9759490e-36
   6.1409187e-21   7.0590621e-06   1.1704267e-16   2.7681001e-07   1.2656940e-03   2.0283456e-27   4.2979127e-03   2.2926563e-04   8.3275444e-07   3.1394609e-24
   4.8815797e-23   4.0769864e-04   2.3929055e-07   2.4746527e-07   1.0214648e-05   5.6546955e-25   3.4657279e-03   1.6767437e-58   1.7507261e-08   8.6449182e-18
   3.4861373e-25   7.5298670e-04   1.2424751e-19   6.1635831e-09   8.0216146e-10   4.8587104e-37   3.6036737e-03   2.8106683e-11   5.5959017e-25   4.8840993e-28
   4.7813861e-28   1.9543637e-03   8.8157828e-24   3.4192142e-04   2.2817999e-11   1.6379899e-36   3.9351497e-03   2.2388784e-05   3.8219276e-39   1.0798604e-28
   6.5240400e-17   1.0019810e-03   4.9209970e-11   7.5712501e-04   1.8197012e-22   5.2517315e-32   3.3554765e-03   2.1415539e-03   2.6573700e-38   1.0259384e-27
   1.4679390e-16   6.7213648e-09   5.3947211e-27   4.4479039e-04   1.0697440e-14   1.6244314e-33   3.5473220e-03   4.8963189e-04   1.4676849e-25   1.3691343e-46
   1.4777194e-14   1.6254350e-07   9.0149701e-32   9.0958012e-04   4.7128053e-20   2.4819593e-14   3.6184162e-03   8.4140021e-07   1.0407403e-36   7.0223102e-06
   1.8619111e-07   2.3834524e-19   1.4626875e-30   5.2646808e-04   5.2560785e-15   1.7894222e-19   3.4161412e-03   4.6282764e-04   4.9931568e-20   4.1536137e-09
   6.1921673e-08   5.0726613e-12   1.6192973e-22   8.5036757e-04   6.2761004e-09   1.3354359e-37   3.5070281e-03   3.6955187e-05   5.9472658e-18   1.4578951e-55
   1.3880078e-10   2.3400622e-19   2.5427546e-23   8.2645111e-04   7.5976474e-05   3.6508267e-20   3.3010152e-03   8.4793164e-10   2.7829412e-14   3.9048390e-09
   1.3663530e-09   8.4232437e-06   1.6494896e-21   1.0894871e-03   3.6135179e-03   3.8705965e-25   2.5845207e-03   1.2539351e-05   2.2724413e-19   7.8533650e-04
   7.6594163e-14   3.1275237e-08   4.7809801e-33   7.9419348e-07   5.3417424e-04   9.3493061e-14   3.1072184e-03   9.6950323e-04   7.2086061e-13   1.5565171e-27
   8.7532394e-15   1.5340523e-15   7.6181450e-22   4.6282491e-05   1.1916260e-12   9.7835275e-10   3.0475996e-03   3.6348669e-06   1.3418075e-38   5.5903346e-04
   1.4829924e-19   3.8820296e-05   9.9915918e-24   6.1121734e-05   4.7412793e-05   1.3867412e-04   2.9713633e-03   2.9770709e-38   3.2545132e-12   8.7927249e-04
   8.8699344e-19   1.2231268e-03   5.6348081e-16   1.2297160e-04   3.5766211e-11   3.2781449e-04   2.7924475e-03   7.0119398e-06   3.9195567e-04   7.0488514e-17
   8.9758181e-10   6.3195219e-04   8.2774036e-10   5.7826107e-04   1.4011131e-11   6.8358039e-04   2.2191861e-03   9.3568000e-04   3.5920661e-04   5.1721212e-23
   5.5555287e-08   3.8288953e-06   3.9640218e-25   5.4115644e-04   3.8730701e-14   4.3406687e-04   2.7453897e-03   7.9855251e-04   7.6120974e-04   1.9671369e-06
   6.1385229e-05   1.3543852e-07   1.1392758e-18   1.2257657e-03   1.1714954e-27   1.8403292e-07   2.5265180e-03   2.6955762e-04   3.9369775e-04   2.9060947e-03
   1.4476442e-04   3.5305907e-08   2.4364645e-14   9.5860343e-04   8.7038997e-13   6.9413486e-05   2.3200776e-03   2.6101374e-11   1.5291925e-04   4.0915643e-03
   2.2662129e-04   6.8224828e-13   7.5258084e-10   1.0299697e-03   1.5940663e-13   4.1367611e-06   1.9893438e-03   1.7624733e-03   8.6754493e-05   3.1483758e-03
   8.8136191e-05   1.0926172e-11   1.3258980e-12   8.8781172e-04   9.1284966e-10   1.5495784e-08   2.4251707e-03   2.4896396e-03   4.1848861e-18   1.7690764e-15
   9.9842920e-08   3.7593097e-15   6.0724530e-14   5.1742246e-04   6.8821424e-07   1.9235363e-05   3.2944966e-03   1.1880212e-06   2.6654278e-16   1.8807157e-03
   3.7534960e-07   2.3170879e-18   7.1239041e-11   2.6318384e-04   3.8388217e-04   4.1040820e-05   3.1605747e-03   7.2283829e-15   7.1327260e-08   6.9303003e-03
   3.6001392e-06   5.8026738e-16   1.2280295e-12   4.2175174e-05   3.1456579e-03   5.2875754e-04   2.7285483e-03   2.8998668e-03   1.1167078e-07   5.0053278e-03
   1.4623032e-06   6.8121777e-14   2.2707456e-17   6.2316980e-05   1.3028424e-07   9.6760125e-05   2.9449708e-03   1.1584894e-03   4.2329114e-05   4.5398312e-04
   7.9481393e-09   9.8865829e-12   2.4382639e-13   8.5254262e-06   1.0411334e-05   1.8537453e-04   2.2253258e-03   7.7198295e-31   2.7776246e-04   7.2845774e-03
   3.0923792e-05   6.7102079e-23   3.4442967e-12   1.5377584e-11   9.1664652e-04   2.6473569e-07   2.2686516e-03   2.7813876e-04   4.4819303e-09   8.9307870e-03
   1.8001196e-04   4.0752776e-09   8.7055733e-06   6.5623446e-14   1.6518696e-08   4.9980706e-04   2.5751131e-03   1.1601931e-03   9.1855190e-37   6.7482964e-03
   4.2642363e-04   4.4396853e-06   1.2344558e-04   1.3117259e-04   3.7982788e-13   6.1763824e-15   2.9213254e-03   4.9565745e-06   2.4587780e-05   1.8898813e-03
   3.2514006e-04   8.3475603e-04   6.6889008e-04   1.0230817e-03   7.1235667e-06   1.6777826e-03   1.9264332e-03   2.5855650e-04   4.1732391e-04   5.8507800e-03
   1.4741471e-04   1.6070288e-04   8.6617906e-05   6.5384122e-04   5.1731814e-27   1.2774451e-03   2.3433571e-03   2.9375334e-05   7.8752349e-04   1.7357562e-03
   1.7580441e-05   4.0139950e-17   6.7331257e-06   7.4216198e-04   1.3322714e-10   3.7314057e-08   2.3995226e-03   1.0542046e-11   1.2746841e-03   2.7992306e-03
   3.5717425e-04   5.4461535e-16   3.0133438e-06   6.9660796e-04   7.4122630e-12   1.0365245e-03   2.1258080e-03   5.6122714e-20   1.2847416e-03   4.4830216e-03
   1.7805702e-04   2.5996963e-14   1.4140135e-04   5.6462208e-04   2.3866043e-05   6.4796757e-04   2.7208705e-03   9.4463528e-46   1.3077086e-03   1.8082090e-03
   9.2791033e-05   5.9853945e-12   1.5008789e-05   2.6128308e-05   1.1822475e-04   1.8424897e-03   2.8166156e-03   1.7775773e-51   1.4852016e-03   1.1039023e-06
   1.1860170e-05   1.7661459e-13   1.6640073e-05   1.4073350e-04   1.6227723e-03   2.8530184e-03   3.2896161e-03   3.9326585e-19   8.9949925e-04   4.5332726e-15
   1.9453064e-05   1.4478744e-22   2.1280636e-05   1.1697392e-07   3.9637522e-03   4.1275611e-03   3.1326007e-03   1.8615051e-22   8.1256071e-04   1.9376239e-03
   1.7633774e-06   7.2491813e-22   3.6836830e-04   3.1213937e-15   1.5790238e-03   5.6771060e-03   2.2328159e-03   2.4303013e-30   4.4789891e-04   8.7266474e-03
   1.2665232e-04   2.0730345e-27   7.6550530e-04   3.0107995e-07   4.7634207e-03   5.3506464e-03   1.5273250e-03   1.3506338e-05   9.3919399e-05   6.5322915e-03
   1.1036276e-04   1.1258140e-29   3.4408842e-04   3.7524351e-07   1.1330054e-03   3.8535793e-03   2.6005049e-03   2.3420276e-10   1.7467668e-05   1.6705075e-37
   1.7907318e-09   4.1493809e-34   1.5337794e-05   1.7183245e-07   2.2573860e-08   3.7012356e-03   3.4896328e-03   3.5065478e-28   3.1676224e-10   3.9968818e-03
   9.5846165e-13   1.7452831e-34   1.6190159e-04   6.4256355e-05   1.9892706e-08   1.4138758e-03   2.6912425e-03   2.2588257e-28   4.6091398e-04   9.6232468e-03
   2.4672260e-07   4.5866626e-33   1.1114870e-04   7.9556974e-08   2.7210526e-14   2.3742078e-04   2.7754160e-03   9.8830057e-36   1.7603483e-03   4.9541032e-03
   4.3555236e-07   1.3272463e-25   4.0361008e-04   3.5860766e-07   1.3430932e-14   3.0025030e-03   2.5249708e-03   1.0502806e-54   3.3509187e-03   4.5378257e-18
   9.9935923e-13   8.6492237e-31   3.4328600e-04   5.3200441e-07   4.2141096e-17   2.6239572e-03   3.2812600e-03   5.5971166e-93   3.5554399e-03   3.5914195e-03
   2.1800352e-14   1.3041531e-31   1.6700700e-03   1.1906540e-10   3.5289644e-10   2.3826085e-03   2.7242573e-03   1.4118583e-75   4.6226615e-03   6.6445567e-03
   8.0898730e-12   8.4292785e-32   1.1405705e-03   2.1614000e-18   9.2038921e-08   1.1195495e-03   3.0215024e-03   3.3706090e-65   4.9259937e-03   8.7661904e-03
   4.2394631e-11   6.2540595e-33   2.4436157e-03   4.8681244e-09   1.0082182e-10   1.7471359e-03   3.3594352e-03   9.1695627e-63   5.0848542e-03   5.8031484e-15
   2.5998190e-13   2.6352500e-30   3.0830421e-03   4.6974879e-20   2.7236945e-05   2.4758272e-03   3.2144348e-03   1.4435836e-54   5.8147617e-03   4.3252852e-03
   9.8357913e-18   1.2992874e-49   1.8492217e-03   1.3281378e-17   2.9482600e-05   3.5264134e-03   3.1062719e-03   9.1896684e-34   6.2429077e-03   3.2975853e-03
   5.1311976e-15   2.9715310e-32   1.7349632e-03   6.8143580e-14   1.0086829e-12   4.8059184e-03   2.8107349e-03   2.4088465e-27   5.1059049e-03   9.5604655e-16
   1.7635697e-16   7.1534750e-21   1.7590433e-03   1.2329148e-12   1.0480965e-11   5.6514701e-03   1.8924010e-03   1.2325730e-18   4.0240745e-03   2.3333892e-06
   2.9187530e-14   2.6895798e-24   1.9986865e-03   5.1024791e-10   1.9337912e-12   5.2718340e-03   1.9671183e-03   2.1706302e-16   5.0322935e-03   4.4691762e-03
   1.3453990e-12   1.5192255e-31   1.6904415e-03   1.1555114e-14   9.0903936e-25   5.9829058e-03   1.7652090e-03   1.5833733e-13   5.3454270e-03   4.0636875e-39
   1.1552615e-12   2.7750258e-33   8.6774453e-04   2.5772406e-13   2.3205807e-29   5.1853882e-03   1.6264593e-03   2.0951856e-15   4.9036213e-03   8.6690820e-09
   1.1171137e-14   1.0988208e-26   1.4248346e-03   1.5585779e-17   9.8494127e-34   3.1960159e-03   1.7200089e-03   9.9490954e-56   2.6325445e-03   3.5398381e-03
   2.2982583e-16   2.2488912e-29   1.7661153e-03   5.8856098e-20   3.4823411e-20   7.3418726e-03   1.6990577e-03   2.0120486e-19   2.2397840e-03   1.3219105e-03
   8.3547730e-13   1.6328387e-34   2.2950104e-03   3.4085570e-11   1.0166989e-21   6.8871319e-03   1.3865470e-03   7.7338513e-04   8.2715443e-04   7.2562250e-20
   1.6973221e-13   6.6609433e-29   1.8598648e-03   1.9700530e-22   9.8967657e-09   5.4725391e-03   1.7267048e-03   6.3033440e-04   1.7390731e-04   1.1324132e-14
   2.0428018e-13   2.3658807e-30   1.8910357e-03   4.4085206e-17   5.1943667e-07   4.9001065e-03   1.9060329e-03   6.0281446e-13   5.1180300e-05   3.1809133e-03
   2.6648016e-16   1.9320270e-44   2.0325160e-03   2.5366188e-22   4.0448599e-04   4.7803056e-03   2.2550651e-03   2.9582051e-15   8.7000348e-15   5.0923585e-03
   3.0076912e-11   9.5468709e-55   1.6429887e-03   5.2360604e-34   2.4769615e-05   2.4419709e-03   2.5605173e-03   1.3371245e-03   2.2024979e-20   1.8162727e-16
   3.0112075e-13   3.5888421e-42   7.8283348e-04   8.4651039e-33   1.4347312e-04   7.7009063e-04   2.7087092e-03   1.3264529e-03   5.8631649e-16   2.0063130e-03
   1.5960793e-16   1.7222439e-28   1.3911959e-03   1.0413834e-26   1.0277751e-09   7.9977517e-04   2.4376819e-03   4.3625290e-03   4.8048311e-14   5.6657416e-03
   2.8302592e-12   5.4055609e-31   1.2746550e-03   1.2246338e-22   1.5306064e-06   8.7918186e-04   2.3321257e-03   5.4693321e-03   1.5199788e-26   5.4863724e-03
   2.7400210e-10   4.2759350e-34   7.8761488e-04   8.0807171e-20   1.5787576e-10   8.8556841e-04   2.1496093e-03   3.2793712e-03   3.0967522e-23   3.9926016e-03
   7.9716215e-12   1.0163524e-25   1.3618912e-03   6.1775082e-23   1.0901542e-15   1.4105701e-03   1.9453876e-03   1.2807904e-03   2.7171520e-19   1.2645108e-03
   2.9724858e-15   1.9728045e-23   1.7377818e-03   1.1365436e-24   1.9867144e-18   3.5019984e-03   1.9812664e-03   1.5884508e-05   1.4448368e-15   1.6549295e-03
   6.6554864e-14   6.3843159e-30   1.9043287e-03   2.9473033e-20   5.2632097e-18   4.0345484e-03   1.6471632e-03   5.5499265e-04   1.0532298e-25   2.7920182e-12
   1.2933296e-11   2.1660748e-30   1.2245066e-03   2.2258824e-14   2.6259827e-20   3.4217560e-03   1.4384033e-03   3.1378556e-04   3.3571270e-17   1.8883776e-45
   8.4315332e-10   6.3064687e-24   1.4409401e-03   6.7627787e-21   2.5011430e-08   4.6509186e-03   1.3258004e-03   1.4856951e-04   3.5746182e-11   2.9201038e-03
   2.8318847e-09   1.7305243e-14   1.6177858e-03   7.1457244e-21   6.7557476e-11   2.6770015e-03   1.4493230e-03   6.5781485e-14   1.2739083e-21   4.0871336e-03
   6.7135429e-13   1.8882840e-14   1.7964138e-03   4.2760936e-20   1.2723676e-06   2.3929376e-03   2.0364844e-03   1.5774557e-26   1.8881869e-12   1.1462847e-21
   2.5022811e-13   3.6201721e-10   1.8713127e-03   5.1936788e-21   3.4004653e-06   4.0835110e-03   2.6546901e-03   6.6026198e-15   2.7910226e-10   6.7917079e-29
   2.3061731e-13   3.9129028e-04   1.8455304e-03   1.1849531e-26   5.3317295e-13   3.9270572e-03   2.5383343e-03   1.6113536e-11   7.4575032e-29   4.0907383e-03
   1.0748359e-11   9.3544138e-04   1.3432500e-03   4.8126712e-18   1.2935807e-12   3.6087800e-03   2.1862889e-03   3.2213642e-05   5.1173488e-47   9.5119402e-06
   1.6673424e-13   5.3205220e-04   7.6010995e-04   1.0646342e-19   1.2231046e-09   3.8171276e-03   1.9083314e-03   6.4860036e-04   3.7970068e-30   1.3195381e-58
   2.4228412e-12   4.0372107e-09   1.9286781e-03   2.0085955e-21   8.1862568e-04   4.5128556e-03   1.5166698e-03   4.9506771e-04   1.2749979e-23   8.2087048e-07
   4.8886144e-12   2.7626596e-04   1.9260643e-03   3.5065043e-24   1.3060830e-03   2.0329926e-03   1.2988862e-03   2.5138629e-15   7.3217729e-09   5.2769953e-03
   2.0820443e-17   1.8958981e-03   2.0273535e-03   3.1348537e-23   3.3784610e-05   1.4649923e-03   1.5964022e-03   1.2587665e-28   9.6222405e-05   4.1383251e-03
   4.5876759e-18   2.3445984e-03   2.6586003e-03   8.8237513e-23   1.7355390e-10   7.4263925e-04   1.9870200e-03   2.5546974e-07   1.5111748e-07   2.6754095e-03
   3.3380495e-13   2.2582693e-03   3.4735441e-03   4.7824890e-19   1.1047990e-13   7.1057734e-04   1.9275273e-03   1.3803078e-04   5.4444854e-23   1.7922381e-03
   1.0579172e-12   2.5112495e-03   4.1567750e-03   3.4582961e-14   3.4671253e-22   3.3058251e-04   1.9292500e-03   4.0258716e-06   2.4214093e-37   2.2897066e-03
   3.8359629e-12   1.6993521e-03   2.3386338e-03   2.4224595e-12   3.4572314e-16   1.0460232e-03   1.9556185e-03   3.0091253e-13   4.5645427e-29   5.7801713e-03
   8.9676935e-18   4.3573242e-04   3.0834255e-03   1.3716258e-22   4.0720554e-18   7.5139185e-04   2.3008619e-03   3.7331004e-24   6.4201559e-48   5.8387782e-03
   5.2898214e-15   3.2652839e-08   4.1500127e-03   9.5058520e-27   5.5394701e-09   8.0686134e-04   2.0876293e-03   4.7923873e-11   4.9492620e-07   4.1262371e-03
   1.7358812e-12   3.7961015e-15   3.9138993e-03   2.8417795e-18   1.0318485e-07   5.6337658e-04   2.4007399e-03   9.7029528e-14   3.4657061e-12   6.6525137e-04
   7.4606165e-12   1.4128962e-04   4.6589563e-03   7.5013422e-23   7.1845405e-12   1.7980511e-03   1.9918163e-03   8.3080780e-12   6.0012022e-13   2.1242636e-03
   7.2139943e-10   1.5798622e-03   3.6108655e-03   7.2303309e-23   7.5219016e-23   2.3836415e-03   1.7149755e-03   2.2717612e-04   2.4340150e-07   5.2467256e-12
   9.4838798e-15   1.9024231e-03   3.7613600e-03   1.6684600e-15   8.5284707e-24   1.5001640e-03   2.0958586e-03   1.7134855e-06   6.1713403e-20   5.7693440e-16
   2.5509586e-15   3.2492723e-03   3.8288843e-03   1.4115772e-18   1.4209355e-20   1.2453428e-03   1.8166284e-03   4.0985261e-10   5.9780799e-44   1.4660100e-03
   1.8710630e-13   4.1812308e-03   3.4609355e-03   9.2355206e-16   1.7077650e-19   9.4283078e-04   1.6035812e-03   3.2598701e-53   1.0325504e-51   7.3427809e-03
   1.8632986e-14   2.4015091e-03   4.4302466e-03   1.0035524e-25   5.5276380e-27   1.1193926e-03   1.8195374e-03   1.6185727e-10   2.0855787e-35   6.4642896e-03
   2.6960645e-12   1.8199555e-03   4.4527744e-03   4.8898053e-23   1.1057474e-31   1.6203833e-03   1.7542740e-03   4.7500424e-07   3.2544109e-27   5.3192107e-03
   6.7624358e-10   2.3194301e-03   4.0749675e-03   1.6561407e-10   2.6164533e-34   6.3531947e-04   1.7433927e-03   1.5389357e-05   7.3024373e-26   3.9790226e-03
   2.7882785e-06   2.5046726e-03   3.9147049e-03   3.1415031e-09   1.6907647e-43   8.0616827e-04   1.5936776e-03   3.5254887e-04   1.0240217e-30   1.2645535e-12
   4.8643358e-06   2.1420604e-03   3.5892259e-03   4.6743066e-16   7.8066701e-34   1.3173618e-03   1.5780250e-03   5.9578827e-05   1.2590215e-28   1.8186993e-03
   1.0248757e-05   2.4314211e-03   3.4704866e-03   7.9865006e-11   2.9648574e-23   1.8120310e-03   1.3476383e-03   6.2362046e-08   6.2892462e-33   4.2825996e-03
   2.0452782e-05   1.4597379e-03   2.5994953e-03   7.2712955e-10   2.0881213e-15   1.9524261e-03   1.6387215e-03   1.4264958e-03   2.4141280e-29   5.2141894e-03
   1.7929687e-06   4.5801975e-04   3.1659612e-03   1.6883970e-19   3.0219036e-12   1.0239438e-03   1.9066013e-03   3.8793240e-03   9.1240963e-25   5.4237256e-03
   2.9440487e-06   4.1654652e-04   3.1301092e-03   3.5899429e-15   9.4173428e-12   2.4597684e-03   1.9048806e-03   3.3459902e-03   1.0889271e-14   1.2201965e-03
   1.6644670e-05   1.2210936e-04   3.4472924e-03   5.8906610e-14   9.1590208e-21   1.9890393e-03   1.7838032e-03   1.8054999e-04   3.9372352e-11   1.5695860e-03
   4.0207786e-05   4.1330255e-11   5.0090182e-03   7.0425159e-16   3.1979996e-08   1.8396022e-03   1.1090937e-03   3.3484172e-05   1.1808189e-13   4.3508301e-03
   1.3344926e-04   6.5112950e-11   4.4877843e-03   1.0983545e-12   2.1889226e-14   1.2187577e-03   9.6825139e-04   1.3614172e-03   2.0879871e-40   6.4542565e-03
   3.9708618e-04   9.3326675e-04   3.7087942e-03   5.0275036e-16   5.6610401e-14   1.6181137e-04   1.0502334e-03   6.5030658e-04   1.0022321e-26   5.5554680e-03
   2.5032761e-04   6.5778233e-04   3.9082522e-03   3.1395722e-08   1.2422148e-18   9.2122456e-04   1.3204889e-03   6.3464866e-21   3.2807111e-14   1.0530790e-03
   5.4283924e-04   3.7431985e-04   3.9838866e-03   6.6060248e-05   6.5576532e-20   5.5463361e-04   1.2381439e-03   1.3796196e-83   3.4287576e-05   2.8334626e-03
   1.2950786e-03   1.4073223e-09   3.7876688e-03   3.3080187e-06   1.6825106e-21   1.7433665e-04   1.0742361e-03   1.2284059e-57   1.8586488e-05   2.0173191e-03
   8.2625771e-04   1.1657523e-18   3.7444416e-03   8.4666722e-06   2.4740169e-12   1.0218550e-03   8.8841205e-04   2.0164445e-11   8.8641275e-10   1.0427811e-03
   1.4039730e-03   7.2187305e-21   4.9396881e-03   2.0493863e-12   4.4739364e-12   7.6785494e-04   1.0000100e-03   1.2342640e-03   1.3189397e-19   9.1278195e-04
   1.0095237e-03   9.9487053e-16   4.4335925e-03   2.5216994e-16   1.4291990e-08   3.5061666e-04   1.2377220e-03   1.9676066e-03   2.6737779e-07   4.1560155e-03
   6.0361539e-04   2.5268989e-07   3.7284759e-03   3.3401088e-21   3.6264000e-04   8.0016397e-04   1.3363587e-03   1.4129812e-03   1.0087828e-07   5.4608680e-03
   8.8157577e-04   6.7071539e-05   3.9607212e-03   1.0892863e-20   1.0047186e-05   2.3351064e-04   1.2372110e-03   4.6102911e-05   2.5670386e-11   2.2946491e-03
   1.1968028e-03   2.3670523e-15   4.9139658e-03   1.2823721e-18   1.7924709e-08   1.0156557e-03   9.8915542e-04   2.2108972e-12   8.8458796e-08   3.0593749e-09
   1.3398570e-03   1.9365339e-17   4.2879085e-03   1.0150377e-12   3.3062536e-18   1.2548405e-03   9.0115562e-04   1.1223549e-03   6.2850352e-05   1.1612740e-03
   9.3939408e-04   7.4684537e-14   2.9016376e-03   4.7156745e-09   2.8681646e-13   1.0336810e-03   1.0781536e-03   1.0681803e-03   5.1252002e-10   2.6280783e-03
   3.3866667e-04   3.4357139e-19   3.7316178e-03   1.9628262e-08   2.8745477e-10   1.3704012e-03   8.2309262e-04   1.1436834e-03   1.0740621e-04   2.9926178e-03
   2.1830133e-04   1.9330327e-25   3.6866212e-03   1.3427379e-04   2.3448288e-20   1.7732562e-03   9.8554537e-04   6.4155844e-04   3.6482751e-27   4.8567747e-03
   3.9310849e-04   1.3203943e-05   4.0337050e-03   4.5978436e-04   1.9926727e-18   1.4104935e-03   1.0019828e-03   8.0422904e-07   3.5806059e-05   4.2823673e-03
   6.5802485e-04   1.1011661e-03   5.0781137e-03   2.0704316e-04   2.2935701e-25   1.2688102e-03   7.3811547e-04   7.1985109e-17   1.0522292e-07   1.4716229e-03
   8.0476620e-04   1.1344327e-03   4.3806093e-03   2.1005227e-04   2.2483620e-04   1.3250397e-03   5.8920007e-04   2.6801584e-39   3.0830020e-04   7.2646550e-04
   1.2019267e-03   4.0790706e-05   2.7695510e-03   3.7067913e-04   4.9055557e-04   1.2322214e-03   6.9990445e-04   5.1918278e-39   3.6695492e-04   2.1220856e-03
   1.3615810e-03   1.2277982e-16   2.5942395e-03   3.6258302e-04   2.3668143e-04   1.2527114e-03   7.0591568e-04   2.5964374e-25   2.7847725e-04   3.0461485e-03
   1.3769832e-03   4.2650298e-10   2.5634273e-03   1.5510577e-04   1.6938762e-03   1.0732983e-03   6.1873720e-04   1.6712106e-33   3.5557183e-04   1.5106102e-03
   1.6321198e-03   1.6297627e-07   2.9353089e-03   6.7951826e-05   1.6555918e-03   1.1425210e-03   7.6791980e-04   5.6711774e-49   2.2383116e-04   2.9292058e-06
   1.1670720e-03   8.7170407e-18   3.2614638e-03   1.3522029e-04   7.0867677e-04   1.0488360e-03   9.0051451e-04   4.0626636e-65   3.2897481e-16   1.1561450e-03
   9.1295772e-04   1.2849813e-28   2.9892383e-03   9.7754371e-05   2.1647644e-04   9.5264482e-04   8.8815219e-04   4.6237280e-71   1.4190964e-04   2.1199881e-05
   4.4952069e-04   9.9303224e-22   3.0790623e-03   4.0441289e-04   3.8597665e-04   3.2470241e-04   9.4809959e-04   4.7780471e-67   2.2688334e-04   8.4987513e-04
   2.8770352e-04   5.2017042e-14   3.6563433e-03   6.1998586e-04   1.5288238e-03   9.1265560e-04   9.4868811e-04   5.0328352e-57   5.3258524e-11   3.5884380e-05
   7.2533399e-04   2.0923639e-21   4.1699600e-03   6.1143931e-04   1.7933283e-03   4.8567168e-04   1.2921759e-03   1.1964973e-77   7.4389262e-08   1.6750372e-14
   3.3937085e-04   5.1020297e-07   3.0245247e-03   9.9225447e-04   1.1011515e-03   1.0980433e-07   1.0195043e-03   5.4164436e-74   3.5411584e-05   1.9039288e-03
   3.8173208e-04   3.0716510e-10   2.5781302e-03   7.0039899e-04   2.1371916e-10   2.2435439e-04   1.4852726e-03   3.9461626e-74   1.2708610e-04   1.0578159e-03
   4.6012934e-04   2.4061891e-17   4.2419978e-03   3.0741577e-04   1.3568681e-07   6.2933980e-04   1.6285070e-03   4.2593207e-67   2.9053141e-04   1.6453220e-22
   6.5759925e-04   4.8207959e-16   5.1944297e-03   1.6019844e-04   1.2128355e-17   2.6311074e-04   1.3397523e-03   1.6660976e-52   5.4871414e-04   3.8997281e-40
   6.8993008e-04   2.0766710e-22   5.1391644e-03   1.4712673e-04   2.1236075e-06   6.8967559e-04   1.4520845e-03   2.3728043e-48   7.7542544e-04   4.8640588e-04
   8.5945380e-04   1.2002506e-13   3.8729926e-03   1.5082476e-04   2.1734478e-04   4.7626582e-04   1.2809033e-03   1.9363113e-30   9.9930029e-04   1.3239362e-03
   2.9877849e-04   9.8348591e-19   4.0199260e-03   8.0786645e-05   1.5209490e-03   2.0329209e-04   1.6723130e-03   3.1294158e-37   8.0654395e-04   3.4549447e-05
   1.1880702e-04   1.1633700e-22   5.8430690e-03   1.1643239e-04   8.1173938e-04   4.9439092e-05   1.8067275e-03   7.9423542e-32   3.8728182e-04   7.2200479e-07
   2.0140315e-06   6.7494404e-23   4.9595010e-03   3.4176641e-04   4.4683431e-05   7.5442923e-04   1.5615395e-03   9.3605343e-26   1.3469003e-03   2.2556628e-22
   2.2046588e-05   1.7984426e-19   3.2620064e-03   3.4623763e-04   2.1819034e-06   1.2096860e-03   1.6484707e-03   1.4251595e-23   1.4807198e-03   1.0354945e-18
   1.2818049e-04   4.2638711e-14   3.8310688e-03   6.3662601e-04   6.0279282e-09   1.0959887e-03   1.5376252e-03   5.8309922e-52   9.1439092e-04   1.6019913e-23
   3.2618229e-05   6.3854526e-14   4.1776402e-03   1.0879156e-03   2.9696689e-08   1.0166191e-03   1.1585869e-03   7.6675277e-46   8.4524785e-04   1.1696009e-12
   6.5825722e-05   5.8521996e-17   4.3255918e-03   1.3141192e-03   3.4720511e-06   3.5304683e-04   1.2846368e-03   2.5083826e-58   8.8078488e-04   2.6071451e-08
   3.3177542e-05   3.6078103e-11   5.6694011e-03   1.3987781e-03   3.6269295e-14   1.0312962e-06   1.4023574e-03   2.3421399e-61   3.4692021e-04   1.6118784e-05
   1.5867171e-05   3.0870806e-04   5.4385559e-03   2.6200994e-04   3.8172569e-17   4.1132731e-04   1.2966193e-03   8.0120441e-30   7.4966978e-05   1.1329007e-33
   2.0123982e-05   8.9074118e-14   4.5810120e-03   2.7465895e-04   6.9906098e-15   3.8750578e-04   1.4965284e-03   1.9854966e-15   7.3764939e-05   5.0472674e-32
   1.1259633e-07   2.9915849e-17   5.6582140e-03   1.0812625e-05   1.3006364e-21   1.2239023e-04   1.6902422e-03   4.5208840e-16   8.0226615e-05   1.6305808e-14
   1.3108563e-12   8.7903520e-17   3.9810807e-03   1.6552157e-05   4.9232753e-19   3.6584459e-12   1.7575190e-03   1.5168416e-24   5.1492333e-05   8.5243965e-62
   1.7183122e-09   4.2399084e-20   4.6249384e-03   9.1533895e-05   4.8543194e-19   2.9110948e-04   1.2728897e-03   4.5640291e-22   9.3648683e-05   3.3636509e-04
   1.1966390e-06   1.9289951e-34   6.8853808e-03   2.9444457e-05   8.2567469e-07   5.5401496e-04   1.1283609e-03   1.7158961e-13   1.9751844e-05   1.2210194e-03
   1.4605211e-08   4.5168031e-19   6.5435615e-03   2.0698459e-04   1.2718700e-09   1.6306055e-04   1.3574727e-03   2.3484666e-11   2.6107668e-18   8.6110146e-04
   6.6332701e-08   2.1936793e-05   4.9382398e-03   3.1989844e-05   5.9824378e-19   2.4089400e-04   1.1924666e-03   4.9712550e-17   3.9378788e-19   8.5992280e-04
   2.3347609e-08   5.1594356e-25   4.9776063e-03   2.0407377e-04   4.7668089e-11   2.1869247e-04   1.2911242e-03   7.2596883e-31   1.2468318e-04   1.4186449e-08
   3.8792769e-10   5.6407881e-22   5.0484490e-03   4.7221953e-04   2.4684965e-09   5.8227671e-04   1.5390406e-03   8.1451000e-32   5.9677884e-05   6.0976684e-06
   4.8416188e-10   7.0152757e-21   3.6052875e-03   5.8797800e-04   2.6650122e-13   3.3840597e-04   1.4321852e-03   6.8993477e-31   7.8864701e-09   1.0743986e-03
   4.6703267e-06   4.2541598e-22   2.8113740e-03   2.6867462e-04   1.1552123e-07   3.8481034e-04   1.1245044e-03   1.9540889e-47   2.7158972e-05   2.8934037e-14
   1.2937780e-05   4.3987035e-13   2.7978888e-03   2.0439195e-04   4.3595751e-07   7.4942369e-04   1.0893711e-03   4.7368554e-09   3.3997581e-04   2.0356407e-50
   2.2500393e-10   1.1103155e-16   4.8836400e-03   1.9696722e-04   2.7096480e-14   4.3968451e-04   1.0865260e-03   9.7461153e-05   1.5940788e-04   3.4163426e-48
   4.6141097e-10   1.9846292e-13   5.1172599e-03   1.4805657e-05   3.9421622e-12   1.0894751e-03   1.1541186e-03   2.2021647e-11   1.4810789e-05   9.5435335e-36
   2.4705959e-07   4.5125834e-14   4.8859430e-03   2.0984835e-06   8.0720272e-16   1.9320847e-03   1.1721244e-03   2.9565344e-24   9.5597636e-05   1.7840084e-39
   1.2793737e-08   2.1146704e-27   3.2102922e-03   9.4745347e-06   3.2498552e-08   1.7452073e-03   1.2459742e-03   2.5545422e-24   6.8219498e-11   7.9033731e-58
   5.8328452e-12   4.9112582e-41   5.8878525e-03   2.1899316e-06   2.4665286e-09   1.8666227e-03   1.2693216e-03   2.1478632e-06   1.4186612e-04   4.8302446e-29
   1.5579044e-13   1.8050093e-30   5.8653172e-03   1.3372197e-13   1.8344532e-04   1.2645635e-03   1.3623046e-03   1.2337438e-06   4.0285616e-04   3.1712817e-17
   1.2200447e-07   2.4435713e-17   3.9009078e-03   2.4192581e-05   1.3495661e-04   7.7490970e-04   1.3326540e-03   1.0750512e-33   5.9949722e-04   3.7513416e-20
   3.0281390e-07   2.4747743e-23   3.0603428e-03   4.7512059e-04   2.8618579e-12   4.8833478e-04   1.2450621e-03   1.2266915e-43   6.3714931e-04   8.5987838e-13
   1.2636244e-06   1.4787949e-34   3.9415813e-03   4.3231414e-04   9.1622872e-16   4.8533425e-04   1.2977819e-03   1.4473837e-12   6.8746777e-04   1.0067198e-20
   2.1401821e-05   1.3546294e-20   4.2354209e-03   5.3352471e-04   4.3269488e-14   3.2924295e-04   1.2392899e-03   4.3556719e-22   4.0648547e-04   2.0953021e-49
   1.1574264e-05   7.4285891e-26   3.3993472e-03   1.4172844e-05   6.2614731e-08   5.5389980e-13   1.5421207e-03   6.5610711e-21   2.3155053e-04   5.0182238e-37
   1.7797155e-12   1.4292017e-27   5.1892197e-03   2.6375639e-04   4.8371423e-07   7.5715547e-14   1.7637032e-03   7.4527667e-05   3.8381941e-04   2.1448488e-29
   2.5613231e-10   3.9523594e-13   5.0855875e-03   2.4046851e-04   1.4100661e-06   6.4755981e-05   1.5687613e-03   5.5192739e-04   3.5847106e-04   1.8536004e-49
   2.3992418e-07   4.4871545e-10   4.1171896e-03   2.5960625e-05   4.3576410e-10   1.7669057e-04   1.6099151e-03   5.7693757e-10   4.3978211e-04   2.4235837e-47
   2.0346898e-13   4.9541828e-24   4.8896126e-03   2.1100632e-04   3.1686094e-09   1.1264305e-04   1.4884401e-03   1.8448380e-21   4.1925896e-04   4.2269887e-45
   7.3999739e-12   6.9374591e-40   3.7677037e-03   9.7531838e-06   2.1272167e-16   9.2677404e-05   1.2260640e-03   2.4256099e-17   2.1735923e-04   1.5270749e-49
   5.5682372e-07   3.5132671e-23   3.4181765e-03   4.9300642e-06   8.0188939e-07   7.4048802e-17   1.3462142e-03   3.0182509e-05   8.1587741e-04   7.6095805e-62
   5.4670704e-11   5.2202468e-19   5.0640405e-03   6.7119881e-12   2.1396850e-10   2.6684030e-07   1.9224089e-03   6.9429589e-20   3.8151017e-04   6.0716608e-34
   5.1134863e-13   2.4961615e-26   5.6374671e-03   8.1152331e-13   1.7535988e-06   7.2295957e-19   2.1149534e-03   1.8483761e-47   9.3946869e-08   8.2580466e-49
   2.3849900e-07   5.0300535e-30   5.8331622e-03   2.7907355e-05   2.8601883e-08   3.9324652e-35   1.7767104e-03   1.1800705e-35   3.5286737e-04   6.1848650e-46
   4.3330073e-06   5.4001014e-04   4.7199508e-03   2.6846305e-04   9.3516813e-10   6.0003634e-23   1.4296136e-03   1.0625753e-09   6.1187857e-04   1.3576935e-31
   1.5841985e-06   1.0995745e-03   4.4696634e-03   3.6936640e-04   8.7880218e-05   9.3935895e-15   1.1926467e-03   1.0452576e-13   1.8961949e-04   1.8037569e-25
   8.6170565e-09   1.0717583e-10   4.0180756e-03   6.0002896e-06   1.0898271e-10   6.0374824e-09   1.6038120e-03   1.3265885e-42   8.4945488e-15   1.1919353e-37
   1.7108088e-13   6.3526626e-13   2.9392307e-03   1.3098788e-08   6.5914652e-07   1.7928641e-05   1.8524950e-03   1.1090629e-18   7.5349663e-05   2.5769666e-29
   2.4596054e-13   2.8128362e-05   3.9040853e-03   1.6808125e-04   1.2381042e-04   2.0110117e-06   1.8530703e-03   2.7623301e-12   1.4884006e-07   3.6232438e-24
   1.3731580e-11   1.1972336e-05   3.5747385e-03   2.2657876e-04   1.7986569e-07   9.1446109e-06   1.7736951e-03   8.9426513e-17   1.2091742e-04   1.7695527e-42
   2.1006547e-13   7.4808989e-04   3.3648990e-03   4.8659898e-04   5.2826246e-05   3.4552513e-05   1.3693678e-03   8.7615537e-26   3.0252329e-04   2.3318087e-49
   1.6224505e-10   3.8450959e-04   2.5047543e-03   1.5851080e-05   3.6157389e-12   1.1033891e-08   1.8037635e-03   2.0790882e-24   4.9526413e-05   2.7656628e-43
   1.0850700e-10   1.6810692e-05   2.3818363e-03   3.7042181e-05   1.3615663e-17   6.2511668e-26   1.6455409e-03   4.9460068e-33   3.6506922e-05   5.1837439e-71
   7.6881123e-11   1.6786554e-08   3.6176893e-03   1.6214826e-12   6.3703141e-10   1.3268949e-16   1.7466069e-03   1.7892903e-20   1.0393224e-04   1.8824447e-34
   5.3849656e-11   5.5448460e-19   3.9449166e-03   9.6555148e-10   4.8689523e-04   7.8379386e-24   1.7908881e-03   2.0257292e-45   3.1599247e-05   3.7540535e-40
   1.1661296e-15   1.6521159e-16   1.9636362e-03   1.4462874e-12   8.8460650e-04   1.7836687e-36   2.0248422e-03   4.1250170e-39   6.7757476e-08   9.0740858e-41
   1.0481859e-12   6.6428310e-14   1.6573840e-03   4.2950401e-05   5.0092368e-10   1.0837195e-25   1.8208456e-03   1.8753008e-41   4.7600467e-04   7.0039590e-37
   2.7745087e-16   7.7931706e-11   1.4889127e-03   8.0458249e-12   1.8793276e-24   6.3942737e-24   1.9953087e-03   1.8997863e-87   7.0362837e-04   9.0686708e-48
   4.3587149e-16   4.3243365e-04   1.9332670e-03   3.1517097e-12   2.8808949e-28   5.3094709e-34   1.7668147e-03   1.6874102e-67   1.0942557e-03   2.2459677e-59
   7.0498835e-14   2.7141727e-04   2.3419723e-03   1.3320781e-08   2.0441968e-11   7.7798308e-27   1.4145088e-03   6.1807094e-50   9.6245091e-04   3.4627113e-38
   6.5576130e-19   7.8609836e-19   3.0647632e-03   1.5814489e-12   5.9039326e-04   2.3368184e-19   1.6335029e-03   1.0099447e-76   8.2127985e-04   1.9261294e-25
   2.7362131e-27   1.0981693e-04   2.7647016e-03   1.9852713e-26   1.2546084e-03   6.3108050e-26   1.4058259e-03   5.2981315e-65   6.9557388e-04   2.5089530e-36
   3.4096767e-22   7.9060951e-14   3.0721806e-03   7.1813417e-25   8.9110515e-05   2.9996342e-26   1.5327566e-03   3.0801853e-62   1.4379008e-04   2.6315593e-54
   5.0811170e-21   2.2164446e-16   2.5973910e-03   5.0105076e-31   3.3354545e-06   1.5626165e-28   1.6698756e-03   5.4381432e-50   1.8641723e-07   1.9206301e-82
   2.1391120e-17   1.5008652e-11   3.4927450e-03   5.0552441e-25   1.2546589e-16   5.5052079e-15   1.3948391e-03   1.3705175e-39   1.7649177e-10   1.4995277e-60
   8.5943924e-15   1.2266939e-03   3.8413942e-03   2.0879537e-19   7.2914979e-12   5.8333191e-18   1.3446181e-03   3.3908961e-46   4.9727324e-07   5.2240440e-55
   1.0234018e-13   1.7331869e-03   2.3362054e-03   1.9473325e-17   2.0841502e-04   5.7658074e-28   1.3520450e-03   1.7686197e-30   2.5250681e-20   3.7685774e-57
   2.3977729e-16   1.5712168e-09   1.8379343e-03   1.9817106e-14   5.1207102e-04   8.3402303e-12   1.5354200e-03   2.1437245e-58   1.0462072e-04   3.7983535e-46
   1.0586003e-18   7.6308036e-14   2.5688793e-03   1.3574049e-10   5.6299650e-08   2.4413782e-05   1.7176519e-03   1.6547504e-43   2.4032503e-04   8.6121862e-46
   3.3021971e-18   1.1092363e-07   2.5195367e-03   1.5679691e-20   7.7105149e-29   2.1541539e-19   1.6472903e-03   2.8754410e-69   2.4505656e-04   2.0103634e-67
   7.4229985e-20   1.5158614e-10   2.2801535e-03   3.5479097e-32   7.2601730e-22   1.1081658e-23   1.6330527e-03   8.3146356e-81   2.9684813e-04   5.3805046e-56
   5.5238712e-18   7.2320323e-08   1.5763496e-03   1.4675908e-18   4.3048029e-31   3.6477003e-24   1.5658677e-03   2.9299352e-53   3.0603770e-04   6.0568433e-61
   5.3387848e-17   1.3012390e-03   1.3490861e-03   1.9789164e-30   4.9465834e-27   4.8930551e-31   1.3293078e-03   9.6745352e-44   2.0746766e-04   3.5772016e-51
   7.4031705e-18   1.3000609e-03   3.2381558e-03   3.2673607e-20   6.9156850e-19   2.0495150e-13   1.4014591e-03   1.9086949e-62   1.7951584e-04   2.7659010e-42
   2.0937741e-19   5.9721466e-04   3.4337180e-03   6.6920069e-16   4.2568575e-34   3.2402080e-08   1.5272780e-03   1.0328975e-57   1.3236724e-04   1.8748345e-43
   3.0285258e-09   2.5407175e-04   3.0549540e-03   1.2320847e-19   2.3194135e-29   4.3909255e-04   9.9038855e-04   4.0008396e-37   3.7348419e-04   1.9843256e-37
   4.0185536e-06   1.2399377e-24   3.8957502e-03   9.2895640e-16   1.9702827e-19   6.0064736e-14   9.8308060e-04   6.2569705e-36   9.5318320e-05   5.0489316e-47
   6.6274197e-06   1.4475015e-12   3.3270964e-03   8.9421486e-16   5.0913997e-26   1.4228873e-12   8.6049320e-04   4.2057173e-19   2.3350405e-04   7.1812444e-35
   2.9780752e-08   1.4697668e-11   4.4029543e-03   2.9741581e-06   1.0882116e-31   1.5676790e-08   7.8082488e-04   2.1248033e-17   3.6287270e-04   2.5868892e-34
   1.0960393e-08   1.5608521e-18   4.6343282e-03   4.3715948e-12   3.2285609e-30   2.0403477e-11   9.7196802e-04   3.2599727e-19   4.6928266e-13   1.4587984e-50
   9.1684504e-11   5.2827843e-10   3.3179124e-03   3.4010760e-11   3.0253503e-30   1.5685053e-05   1.0518829e-03   7.3996182e-24   1.3199044e-04   3.9071874e-33
   1.3943664e-11   7.4413331e-04   2.8980739e-03   5.4726155e-14   1.0603990e-29   7.2142355e-05   8.2838151e-04   5.2651940e-23   2.0692047e-04   5.9887597e-31
   9.1758413e-09   3.0765230e-04   3.1488012e-03   5.3614160e-15   7.2400806e-35   1.6792231e-04   7.5073036e-04   3.6398923e-33   1.6754440e-04   8.3646481e-37
   1.6592224e-10   3.7985107e-10   2.5212234e-03   1.5178516e-17   1.5842473e-36   2.7801335e-09   7.2856061e-04   3.8247780e-81   3.3088488e-04   2.2070195e-25
   4.4813125e-13   5.0429666e-04   2.9788544e-03   1.6680717e-16   1.7482233e-34   4.4352816e-16   8.0632407e-04   1.1592898e-48   4.1101469e-04   4.2945870e-22
   4.9291983e-10   4.5846244e-07   2.9581968e-03   3.1258278e-12   1.3571410e-25   7.4316004e-15   1.0024820e-03   1.7807996e-23   3.2372882e-04   1.8829527e-33
   7.3778483e-09   1.6008712e-12   3.6433946e-03   2.7921507e-06   7.0221645e-22   4.6195081e-17   1.0033266e-03   1.3802159e-21   3.0477547e-04   1.3144803e-53
   8.1036845e-08   4.3266474e-11   4.3702272e-03   7.8248539e-05   1.4494547e-19   2.0260850e-09   9.2644285e-04   2.8640031e-27   2.1912473e-04   1.8360831e-46
   1.4337452e-08   2.9912696e-08   4.4556745e-03   8.6885080e-16   3.9951945e-21   2.6525663e-05   9.2436511e-04   8.2212340e-46   1.0267878e-04   1.0301476e-40
   1.2595865e-12   1.1545200e-08   3.6074944e-03   1.0954489e-08   1.3862352e-17   1.7029254e-06   9.5632166e-04   2.4584792e-32   7.5100901e-06   2.3068262e-26
   1.6543502e-13   2.5339699e-07   4.0408990e-03   2.3333964e-04   6.1072802e-31   6.6311034e-10   7.7781911e-04   4.3307080e-55   1.3896933e-04   2.2928686e-20
   7.4879858e-12   7.8966473e-13   4.1691127e-03   2.4815361e-04   1.6913084e-24   3.2332273e-05   7.7069756e-04   7.4785709e-21   3.1042641e-04   1.0829627e-17
   8.0252876e-09   2.6609144e-08   4.2886031e-03   1.1155989e-05   6.0351941e-17   1.1176435e-04   7.9366189e-04   3.4096394e-06   2.6062792e-04   1.7762311e-24
   6.8824184e-08   3.0671520e-04   4.4376461e-03   1.4636478e-07   1.3032852e-12   1.9608226e-11   9.1441381e-04   1.8450144e-14   6.1889765e-11   1.9047692e-38
   9.2187597e-09   5.4928695e-04   3.2177415e-03   6.3253542e-08   7.8352017e-17   6.4827351e-15   7.4293813e-04   8.1470389e-11   4.3033536e-04   9.9330099e-28
   4.9522265e-09   3.1022674e-08   3.3839479e-03   5.1561426e-10   1.3495212e-24   3.3867627e-17   8.9890894e-04   1.1646549e-27   2.7032086e-04   1.3577966e-28
   1.1406314e-07   9.9802974e-24   3.7892699e-03   9.9433513e-08   1.7497318e-13   2.8408307e-18   9.2623731e-04   4.5235080e-34   5.6799860e-10   6.6060470e-31
   1.2882697e-07   1.2299292e-20   3.2539211e-03   1.0603829e-04   1.3362110e-25   1.6366001e-18   9.2043419e-04   3.3864465e-05   7.7612790e-05   6.4343897e-36
   1.9479253e-07   4.1806849e-10   4.5311166e-03   1.7000915e-04   1.5560483e-28   1.6039337e-15   8.2496357e-04   1.0347388e-12   2.0448638e-04   6.4877328e-34
   1.5341950e-08   1.4208645e-08   5.1102795e-03   1.6390482e-07   5.6408051e-14   2.0833316e-17   8.0939341e-04   1.6270427e-49   1.6519247e-09   8.8385301e-32
   2.1490711e-08   8.8706314e-25   4.1518949e-03   1.6717352e-12   4.6958208e-09   7.6938375e-06   7.8428664e-04   1.1436553e-38   1.0521654e-16   6.4240891e-30
   6.4414769e-09   7.1492056e-17   4.6164593e-03   3.3348105e-09   9.1001872e-16   1.4298253e-14   8.7532523e-04   1.9349923e-06   8.2653733e-11   2.3757604e-46
   2.6394640e-10   1.6805600e-18   5.7107387e-03   2.3326041e-06   8.4427297e-13   4.2915497e-32   8.4816526e-04   3.8076805e-14   9.3946120e-07   5.2667255e-65
   7.2412740e-09   5.3665231e-16   4.8492078e-03   4.0393193e-06   1.9241531e-23   5.9464519e-20   8.1342021e-04   8.3822255e-13   5.7968102e-09   8.9531664e-57
   1.1201911e-06   3.7940349e-10   4.0036426e-03   6.1712348e-05   3.5492264e-12   9.4147371e-28   7.8367026e-04   4.2910128e-13   1.0320701e-19   2.5633770e-57
   1.7939068e-07   2.5740012e-09   4.3261968e-03   1.8325245e-07   6.4967719e-12   8.9785086e-19   8.0806216e-04   1.0001237e-30   5.2383146e-24   2.2456038e-48
   7.2930469e-07   3.1706963e-12   4.6254168e-03   4.3353759e-07   2.2108141e-15   8.1230003e-13   7.4973790e-04   2.9405035e-47   1.3445049e-21   5.1632610e-38
   1.0833303e-05   6.3664554e-12   5.3023261e-03   1.2745569e-12   1.0656692e-23   3.1405513e-10   7.0709611e-04   5.5368830e-44   1.2498692e-10   7.0560827e-29
   9.5713125e-06   7.9870523e-05   6.1021631e-03   6.5156235e-13   1.6206690e-20   1.4943137e-15   7.7273344e-04   4.4880717e-14   4.1108221e-06   5.4455247e-41
   2.9648192e-07   2.3996934e-15   5.4606405e-03   1.5107949e-14   1.6810815e-12   8.6868432e-33   7.4542559e-04   6.5154792e-07   3.5746224e-05   9.0337491e-56
   2.2366496e-06   9.9291222e-31   6.8568922e-03   1.8346486e-18   4.1071498e-11   3.2351538e-18   7.5737432e-04   8.8117418e-20   1.0311599e-09   2.5791991e-59
   3.3481073e-07   4.1820893e-25   7.2230452e-03   1.7817385e-25   2.1114486e-04   9.8077304e-26   7.3280758e-04   2.4775915e-42   7.5600675e-49   8.9187673e-47
   3.8671886e-08   2.5153192e-14   7.4311220e-03   1.0146694e-17   1.6590063e-04   4.7261361e-27   7.6850184e-04   7.4797827e-40   2.0359425e-31   5.2787795e-61
   1.8825695e-05   4.9835069e-20   5.7755276e-03   1.4327951e-27   1.6878948e-08   6.8830266e-28   7.9300113e-04   7.5681996e-55   9.7860671e-28   6.5058126e-66
   6.4292019e-07   5.4241104e-27   5.2049448e-03   2.0442074e-21   3.0406252e-10   1.0889013e-13   8.2646543e-04   1.7865001e-28   2.6668218e-26   1.8000280e-35
   9.9474890e-05   1.5565637e-32   6.6493906e-03   1.7308160e-13   5.2527517e-05   2.7969987e-08   6.9570004e-04   5.2258337e-11   1.4380118e-12   5.8484645e-26
   1.1468596e-04   1.5993543e-15   4.8766156e-03   1.8462120e-15   8.3777360e-08   4.2859929e-08   6.2597411e-04   8.8352803e-24   8.6983433e-05   8.2837975e-40
   4.4575240e-05   3.7062737e-07   5.7785531e-03   4.5958069e-16   7.3279701e-13   5.8890038e-30   8.4987319e-04   1.2655410e-50   4.9789660e-07   2.5392390e-56
   9.0915571e-06   9.3476910e-15   6.4379932e-03   6.0336984e-25   4.9945729e-13   2.0222603e-17   8.9716738e-04   6.9637753e-45   8.6358439e-12   6.1098891e-75
   2.7895317e-05   7.4133443e-33   5.7260584e-03   1.6371792e-17   1.0531858e-10   7.3954686e-14   7.5131874e-04   2.7629974e-53   2.5777386e-05   1.0262653e-53
   1.3860076e-04   1.5211718e-18   4.1587274e-03   1.8922889e-14   4.6227664e-16   1.3014326e-05   6.3745681e-04   1.4973734e-24   7.7218187e-05   7.1748914e-49
   7.1662284e-05   5.4021470e-17   3.6573284e-03   2.6027259e-11   9.2118725e-14   1.2870742e-06   6.9863035e-04   5.9513638e-41   7.0982194e-05   9.5763876e-46
   4.6622490e-05   1.0691797e-25   3.2718714e-03   4.2747057e-26   4.3287351e-12   4.0452601e-06   6.8529655e-04   3.7726281e-22   6.6769712e-05   2.2242598e-24
   1.1899397e-05   1.8658064e-38   5.1243719e-03   8.9852953e-17   2.4109563e-24   1.1374919e-07   6.0435599e-04   1.3765784e-22   1.5608660e-08   2.2120927e-31
   1.0477036e-07   3.6402322e-34   6.1760248e-03   1.0561952e-27   3.5587867e-26   7.5626298e-18   6.5269548e-04   1.3162009e-20   1.2942427e-15   2.3649387e-63
   1.8005758e-09   4.1862855e-32   4.6574880e-03   9.3784056e-28   8.6342226e-23   3.2545422e-18   6.4931041e-04   1.8120096e-20   9.5392945e-12   1.5403802e-64
   5.4548262e-06   2.6137127e-36   3.7271215e-03   1.8531302e-26   3.1870796e-12   1.7907050e-24   6.1422170e-04   1.2995772e-22   6.5757735e-09   2.0163721e-38
   3.5085958e-06   3.0053686e-36   3.6373657e-03   1.9384006e-23   1.1512373e-04   6.5334015e-09   7.4995602e-04   8.0577270e-28   4.2004625e-13   6.3574028e-38
   2.3483286e-06   9.4170452e-35   4.3079310e-03   7.6643867e-19   4.4831718e-12   5.3408938e-19   6.5226338e-04   4.9574766e-38   4.8052781e-22   4.1452022e-46
   2.6395796e-06   3.6065309e-34   4.5542132e-03   2.8488907e-24   9.4030485e-21   5.1143410e-17   5.2184044e-04   1.1819780e-42   2.3647524e-32   1.0594547e-53
   2.5751374e-07   3.5001927e-32   5.7231745e-03   2.8411802e-30   1.2882530e-11   6.6766420e-11   5.5449408e-04   2.8414262e-33   2.0569213e-41   2.1938544e-60
   4.9347660e-07   1.0913655e-30   4.6388314e-03   1.6736936e-31   6.1749634e-20   1.7348123e-09   5.6117174e-04   5.2557836e-25   1.3351647e-40   2.9787116e-45
   6.3826863e-06   1.1437273e-25   3.7306247e-03   3.5449128e-32   8.2993930e-22   9.8844478e-20   6.2319842e-04   1.1485642e-24   1.2779620e-37   3.0467625e-65
   6.8237310e-07   2.8815079e-29   3.2635097e-03   4.7704518e-29   3.2591058e-28   1.1407278e-18   6.7180001e-04   1.7046623e-32   1.6309684e-40   4.4403348e-34
   8.4293477e-08   2.7832757e-30   4.0072971e-03   7.6933226e-36   1.1048205e-38   2.8443220e-07   6.2800334e-04   2.3303200e-49   5.8214773e-52   1.6230656e-32
   6.6074956e-06   4.8629921e-30   3.6584620e-03   4.8977274e-21   4.9059092e-40   1.2098824e-04   5.1004755e-04   3.3740934e-75   7.2019121e-47   1.5331528e-24
   2.6106807e-05   1.8758099e-26   3.2594167e-03   9.1952862e-19   5.5066731e-29   8.2436638e-05   4.4448402e-04   1.0222558e-52   1.1514411e-34   3.1535924e-34
   5.8634841e-05   5.2970811e-19   2.7640076e-03   4.0215959e-21   1.2102494e-23   2.6665275e-13   4.2573928e-04   1.2427874e-20   2.2305061e-21   4.8366117e-48
   7.3728539e-06   3.7157384e-23   3.0243096e-03   8.2745752e-18   1.4170302e-31   2.6554098e-07   4.1557558e-04   1.1800738e-09   5.7509384e-22   1.9427747e-34
   1.6880080e-05   1.2775831e-22   4.0971584e-03   2.4250781e-17   4.3148542e-26   6.6501463e-10   3.7133898e-04   7.0013432e-05   2.4783536e-23   3.5483768e-28
   4.3058157e-08   2.3463928e-20   3.4208103e-03   5.4429909e-21   2.7306035e-15   1.8726273e-11   4.6350102e-04   1.8388957e-08   2.9487841e-27   3.7376803e-26
   2.5099674e-07   2.1778120e-19   3.2882855e-03   3.8259791e-25   1.3258339e-25   2.1153634e-06   4.7710446e-04   1.1622004e-10   7.5543002e-28   8.1329366e-13
   1.0942980e-05   3.2635542e-18   3.3817993e-03   1.0726015e-24   1.8976332e-22   1.6160910e-05   4.0885991e-04   2.4394750e-15   1.1756798e-26   2.2307219e-23
   3.1541392e-05   9.3823287e-15   2.5160242e-03   3.6054003e-28   5.5216423e-08   3.6302439e-06   3.4312431e-04   1.8222267e-32   3.5024049e-23   1.5696677e-27
   2.4643419e-05   5.5751428e-25   2.3129604e-03   1.0815131e-27   1.0045571e-15   2.1130987e-05   3.8162094e-04   3.9864320e-38   4.9223491e-46   2.9378577e-31
   2.4516035e-05   3.4180826e-27   2.3421199e-03   3.3607383e-28   4.0679349e-20   7.5396959e-05   3.5163257e-04   1.4393995e-42   1.6343775e-13   4.8260421e-25
   1.4239234e-05   5.7180609e-26   3.0587173e-03   8.8745969e-24   1.2189054e-19   2.8305128e-11   3.6547349e-04   1.3498769e-57   3.2380143e-07   6.6745942e-21
   6.3374317e-05   1.9515703e-22   3.4027126e-03   3.6817152e-26   3.5140707e-27   4.7448020e-09   3.1015366e-04   9.7939068e-46   7.0809921e-24   2.4508834e-19
   6.6062404e-05   3.6760722e-22   3.7596007e-03   9.9826426e-25   8.5467652e-42   2.4977810e-05   3.2429709e-04   7.6888541e-24   1.0986638e-42   3.0353944e-35
   5.3660444e-06   2.9727750e-29   3.8716391e-03   2.2908308e-22   2.4097286e-44   9.8703515e-05   3.2777346e-04   1.4429937e-09   7.1711470e-39   1.0159116e-37
   3.6606445e-06   4.2864103e-47   3.9303598e-03   1.9962007e-22   6.0559138e-47   1.3196378e-04   3.3571728e-04   1.7678368e-11   3.5529152e-47   1.5730573e-48
   4.3441922e-06   3.4363765e-50   3.3621110e-03   2.5704838e-20   4.8885483e-54   9.0765182e-05   3.3308285e-04   8.9403351e-12   1.8458753e-38   3.6661334e-51
   4.2070829e-06   3.5825816e-33   2.9489161e-03   2.1168358e-23   1.5317524e-21   6.6340093e-05   2.9473124e-04   1.9459492e-09   2.3484101e-31   3.2913915e-40
   2.1741683e-06   3.6822268e-27   3.3088952e-03   2.6083991e-21   1.0017672e-08   4.1633059e-05   2.8707648e-04   2.6979182e-16   5.4937179e-46   2.1129401e-33
   4.0153986e-05   2.9996672e-29   3.6045631e-03   1.0638486e-20   5.7463354e-14   7.9004529e-05   2.4293237e-04   6.5170592e-30   8.5430659e-48   1.2941508e-36
   3.9351869e-05   1.5864242e-28   2.4211199e-03   4.7610030e-21   1.6476643e-10   8.5345679e-05   2.3894672e-04   7.6183126e-63   2.1874578e-21   2.9643484e-48
   8.1091059e-06   1.2278959e-27   3.2936676e-03   2.2045057e-30   2.3168545e-09   8.3747696e-05   2.3566555e-04   7.7835380e-34   4.7816860e-23   2.8024677e-48
   9.5735924e-06   7.0859630e-30   3.4340573e-03   7.5844939e-31   1.8215418e-15   3.1073493e-05   2.0876976e-04   1.6097485e-21   6.7074365e-24   7.4220384e-46
   4.3589947e-05   1.0763276e-34   2.9823965e-03   4.2858740e-27   2.3082630e-20   1.5943588e-05   2.0326656e-04   4.1430529e-29   6.1039860e-15   1.7716601e-32
   1.0672146e-04   5.7870309e-36   2.8213315e-03   7.0153711e-30   9.6408867e-17   5.0376799e-05   1.7342560e-04   1.7504729e-28   1.0431683e-26   6.6900932e-45
   5.7645892e-05   6.0605458e-39   2.9088200e-03   6.7105522e-28   9.9411725e-25   6.8679499e-05   1.8610442e-04   5.1740877e-14   1.6148671e-39   7.3600472e-39
   3.1101234e-05   9.0558245e-32   2.9550240e-03   2.6467699e-25   5.6283472e-35   8.9713646e-05   1.8407117e-04   1.2485560e-05   1.3663350e-16   4.7379454e-28
   3.6994147e-06   1.2621888e-42   2.7248608e-03   6.1542088e-22   2.8283015e-29   7.9414327e-05   1.8100348e-04   8.5681095e-05   3.7690194e-37   3.5130604e-34
   1.2999211e-05   1.5080234e-42   1.6927499e-03   1.1862526e-17   4.7817994e-19   8.2273400e-05   1.7236532e-04   8.1754584e-05   7.4540534e-08   5.9941828e-37
   1.6851426e-05   1.5647827e-46   1.5826060e-03   1.0681156e-30   2.1471108e-19   4.7721556e-05   1.6225894e-04   4.9047975e-05   6.0675278e-15   1.4243424e-60
   4.4302302e-06   7.7925828e-49   2.0598257e-03   5.0936362e-29   4.6474914e-14   2.9330201e-05   1.9957570e-04   2.2198977e-15   4.2173373e-33   7.4364190e-49
   6.5783517e-07   6.2056970e-43   2.4364058e-03   6.3348329e-35   9.7179301e-05   4.7603301e-05   1.6865570e-04   4.7224869e-29   1.5678057e-48   2.7725393e-52
   1.8059014e-05   4.0684242e-44   1.9984312e-03   2.3365089e-40   1.8876469e-10   7.4034411e-06   1.6938133e-04   2.1473717e-36   1.4593032e-37   2.2620572e-66
   3.4952033e-05   2.7512259e-43   1.2993640e-03   1.0115017e-38   4.4039160e-11   2.4047736e-06   1.6076488e-04   2.5392253e-27   7.0362270e-45   3.1845542e-35
   4.5546316e-05   1.0810408e-29   1.1359097e-03   2.1645191e-33   2.4827141e-07   7.2792577e-06   1.5223069e-04   5.3174068e-20   1.2050476e-15   7.6358232e-32
   6.3085002e-05   5.5088828e-35   1.4934659e-03   1.1520967e-33   4.5612322e-07   1.0393023e-12   1.3467087e-04   4.5722985e-15   8.7677501e-30   2.3319749e-54
   6.6765528e-05   7.9493314e-39   2.2307422e-03   3.4572155e-37   2.2788396e-04   4.5097578e-21   8.1683746e-05   4.4732716e-16   7.1525779e-21   4.6818706e-18
   3.9697594e-05   1.6139918e-37   1.8272482e-03   2.0385319e-27   1.8762615e-04   3.7865203e-19   8.1889554e-05   2.1238166e-29   7.2061789e-19   1.0338542e-04
   2.9890308e-05   8.9760514e-29   1.0721730e-03   6.2900881e-28   2.4429690e-13   4.7451509e-05   9.5283086e-05   1.7313057e-38   1.0473987e-05   2.3019967e-15
   1.0812198e-05   3.1033302e-34   1.3733157e-03   4.2216659e-17   2.7727730e-33   3.5826214e-05   1.0478618e-04   1.1308303e-42   1.8157538e-10   6.9994635e-24
   8.0752057e-06   3.2037343e-33   1.2851296e-03   7.2433482e-19   7.2034583e-21   1.0294454e-05   1.2539298e-04   6.5038308e-51   1.9702410e-14   7.9204609e-13
   1.1897793e-05   3.3593960e-32   1.1807594e-03   1.3961041e-22   1.2734593e-18   7.1103516e-12   1.1839862e-04   2.9962719e-51   9.4022988e-11   3.2202803e-26
   3.2667797e-05   1.4502711e-33   8.5911615e-04   7.1078475e-31   4.6903526e-07   9.5836801e-22   1.0170500e-04   5.4591800e-58   4.8881951e-11   1.5376131e-57
   1.8810360e-05   3.8575779e-38   1.0836938e-03   7.8698638e-38   1.8990864e-04   6.4309657e-28   9.0139372e-05   3.8679634e-53   1.2546603e-29   2.5103571e-26
   1.9054872e-05   5.8711757e-30   1.1253049e-03   6.8795469e-33   2.1852873e-04   6.5474990e-13   6.3824609e-05   1.1298426e-34   1.3883848e-21   1.8206822e-07
   6.3056975e-06   4.5387052e-38   9.3999298e-04   2.4844750e-32   2.2174957e-12   2.4932169e-11   1.1286533e-04   2.4933998e-49   1.0109814e-36   1.4627602e-23
   6.6494144e-06   4.2860388e-29   8.2482096e-04   1.3106420e-29   3.9522651e-14   1.6505509e-06   1.2042033e-04   1.2737091e-56   1.0392649e-30   5.7983782e-22
   6.2438508e-06   2.2792459e-29   1.0337360e-03   2.3194944e-28   3.2916805e-15   7.8265426e-13   1.2201422e-04   4.7608619e-78   1.3380870e-28   3.5874056e-30
   1.0841686e-05   2.0486207e-29   8.6333948e-04   1.0949003e-25   2.6297984e-24   3.8468920e-19   1.0269541e-04   6.5605180e-74   1.5635128e-21   1.4615206e-33
   7.9135416e-10   1.9474660e-35   9.4146226e-04   5.1240302e-25   7.4567591e-21   1.5512994e-09   9.6833778e-05   3.2542237e-62   3.3270663e-16   3.6257677e-06
   1.2811216e-09   2.0643791e-39   1.0828816e-03   3.9131916e-25   3.6656110e-28   1.3182660e-16   8.6785855e-05   5.4279068e-88   2.3566995e-15   1.1006428e-16
   2.2251089e-06   6.1043391e-39   1.2553129e-03   1.7598741e-25   1.5122222e-31   8.0892359e-20   8.3345536e-05   1.9896370e-77   3.5367015e-27   2.1591140e-27
