   2.1900546e-03   2.0516775e-04   3.0605356e-01   2.8636804e-03   1.6326647e-03   2.2965975e-03   2.9858125e-03   9.0325312e-48   1.2307319e-02   4.4374289e-04
   2.0078365e-03   9.8003006e-04   2.8453154e-01   2.4063314e-03   6.6893656e-07   2.2744731e-03   2.7449558e-03   1.6614929e-50   1.4740793e-02   9.5492878e-06
   2.1832620e-03   3.1497412e-05   1.4959574e-01   2.1237635e-03   7.7983748e-36   9.3367913e-04   1.8355834e-03   1.0722159e-55   2.2605944e-02   5.7593884e-04
   1.9125254e-03   3.3292190e-04   1.1147432e-01   2.7325303e-03   1.1154752e-27   1.1641241e-03   1.2292918e-03   3.2297351e-40   2.0146864e-02   7.4118718e-05
   8.7104241e-04   4.1580698e-03   8.1738536e-02   2.2028917e-03   3.4529804e-40   7.5014569e-04   1.2529161e-03   1.0310895e-31   2.7605810e-02   1.7745505e-03
   8.9935338e-04   2.5782588e-02   5.1526127e-02   1.4412721e-03   5.4402400e-23   2.1898425e-04   6.3964824e-04   7.8247569e-47   2.7121658e-02   3.2055004e-03
   6.2885940e-04   1.0269845e-01   9.1667768e-03   9.7637012e-04   3.5368932e-33   2.2171166e-04   3.0388848e-03   2.4095563e-28   1.5247397e-02   2.6461312e-03
   9.2832345e-04   2.6372439e-01   4.2168012e-15   1.0440399e-03   1.0949173e-43   3.4161294e-03   9.9712744e-03   2.6026745e-35   4.3876865e-03   1.0099390e-05
   1.2997013e-03   3.0687682e-01   3.5684843e-20   1.2333157e-03   3.7279157e-54   1.3911571e-02   6.8221812e-02   1.1067230e-03   1.0909518e-21   3.7435221e-41
   3.7020578e-03   7.2536193e-02   1.3743560e-20   8.4333768e-04   6.5190538e-51   1.9559266e-02   1.9088937e-01   6.3927035e-02   9.9001779e-21   3.9483923e-42
   3.9504136e-02   5.9777512e-22   3.7839499e-22   6.9542298e-05   8.9569213e-03   6.5312694e-03   1.4457954e-01   8.7669246e-02   2.3437928e-24   2.6531101e-11
   7.1885630e-02   1.6124232e-37   7.4416008e-23   3.7163125e-11   3.2630826e-02   8.1061008e-06   2.6749766e-02   3.8915661e-02   3.8610286e-40   4.7335150e-02
   4.7120699e-02   3.8022182e-49   7.8712237e-40   2.3625424e-06   1.1560062e-02   1.9816414e-19   7.7511154e-21   1.6732154e-02   1.1910371e-30   1.9904655e-01
   1.6807000e-02   8.7176696e-15   2.7899533e-18   2.9428685e-04   1.0375810e-28   2.1696347e-11   6.0219597e-16   3.4807476e-04   4.5796017e-03   1.9186998e-01
   6.3321231e-03   3.8212332e-02   6.3644899e-09   7.4111966e-04   2.2532002e-37   1.6248329e-04   1.0784773e-05   1.6867086e-09   7.2895837e-03   5.8882657e-02
   2.7782912e-03   6.6722897e-02   4.6791781e-12   4.7050900e-04   1.2536280e-56   3.7036971e-03   2.5750787e-03   6.1127366e-18   1.5322308e-03   1.1995058e-02
   1.8457506e-03   7.6643522e-02   6.9010463e-16   2.5303984e-04   7.2652372e-58   6.7388975e-03   9.0973824e-03   4.4833460e-43   1.6793838e-23   7.8474568e-03
   1.2889683e-03   1.9186177e-02   1.0743727e-20   1.9089783e-04   1.8154489e-59   1.1080454e-02   3.4151089e-02   2.3618022e-26   1.5241272e-21   4.1739655e-04
   1.7378155e-03   8.4225390e-14   2.9779855e-22   2.1971447e-04   1.0157883e-55   1.0683979e-02   6.6113161e-02   2.6797813e-06   1.2168021e-20   2.6185261e-04
   4.4461531e-03   6.3617543e-25   1.6789827e-25   2.4728672e-04   5.5646359e-43   5.9542616e-03   7.9975662e-02   8.5360285e-03   1.2471660e-25   3.7248388e-11
   1.2652843e-02   3.3318259e-32   5.7351257e-26   2.1882427e-04   5.9390673e-21   2.1313999e-03   5.9506465e-02   1.4285613e-02   4.7225038e-27   3.6619206e-21
   3.7071485e-02   7.7214388e-40   8.3827994e-25   1.5020322e-07   1.9186300e-02   2.2835756e-09   1.0534685e-02   8.0611428e-03   1.5386726e-41   1.2635647e-30
   4.8757700e-02   4.0002488e-33   2.2242561e-44   4.2515610e-14   6.1514809e-02   5.5621544e-19   9.8596357e-30   1.6939255e-18   1.3544758e-50   1.8260919e-15
   5.3148874e-02   2.6092536e-24   3.3220238e-43   7.4559303e-21   1.2190790e-02   1.1766335e-09   2.8157465e-47   1.6447570e-61   8.7772944e-53   9.0033942e-05
   3.4073621e-02   8.6754006e-11   4.5661605e-52   8.6996088e-17   8.1546886e-18   3.4546650e-03   6.6353234e-40   3.1269808e-64   1.0569818e-40   6.0554861e-02
   1.7562583e-02   1.1972162e-02   1.0129987e-36   9.7312570e-06   8.7242541e-35   5.9378291e-03   1.0399270e-09   7.3136753e-60   1.2356486e-17   9.8510703e-02
   6.3167749e-03   1.8750290e-05   2.0023913e-22   1.2481539e-04   2.4086525e-31   9.4593677e-03   2.5935444e-02   2.8856763e-19   3.3578095e-15   5.5506002e-02
   3.4525588e-03   2.4854828e-15   2.9051099e-21   9.0993051e-05   1.0755710e-37   1.0037041e-02   4.6398032e-02   6.2999040e-16   3.8095170e-08   1.5697771e-02
   3.1291710e-03   1.6957944e-22   5.9541832e-16   6.8346725e-05   6.1829784e-32   6.4341626e-03   5.8234836e-02   2.4567595e-06   6.1609998e-03   4.4848793e-03
   2.9722055e-03   5.7986439e-20   8.3518380e-20   1.0758204e-04   4.3042981e-28   3.8388772e-03   5.6337123e-02   2.7034460e-04   1.0126604e-02   3.0257409e-03
   4.3412757e-03   3.4162511e-17   1.1337893e-20   2.4730631e-04   6.7502106e-13   4.7335941e-03   4.2241034e-02   8.0384662e-04   1.7036359e-04   6.7001005e-06
   5.7850766e-03   5.4221600e-14   1.2872158e-26   1.1784423e-04   9.0283569e-03   7.9994051e-03   2.5152405e-02   2.2340384e-19   4.1236326e-30   1.7790775e-26
   1.2609134e-02   1.5736174e-09   2.3951520e-34   1.9996212e-05   5.0273219e-02   1.0533952e-02   1.4758288e-15   9.4575531e-46   7.0266501e-30   1.0004575e-33
   1.0614070e-02   1.2719809e-03   1.0464111e-36   4.7196319e-05   1.2775424e-01   8.6171902e-03   2.0821546e-26   2.9309453e-17   3.0040187e-18   4.5652057e-23
   8.8168032e-03   1.7259591e-12   2.6432440e-47   2.3670612e-05   1.1343827e-01   8.4934947e-03   1.3874396e-27   1.0216763e-22   8.4520596e-21   2.5835186e-14
   9.2450389e-03   2.5929204e-26   1.2746779e-51   4.3700342e-08   4.5382522e-02   1.1978313e-02   1.8937370e-27   2.1368096e-37   1.9320961e-27   5.6654505e-04
   6.7119521e-03   2.4510461e-29   1.0969324e-34   7.9147571e-10   5.1676799e-04   1.6873396e-02   3.2631850e-13   5.6677902e-42   1.6705934e-24   7.7528529e-03
   1.5103841e-03   5.3029740e-32   3.3795675e-24   1.4322106e-07   1.1845798e-33   1.5876427e-02   1.8315186e-03   2.0252984e-46   4.6507879e-21   2.2084730e-02
   3.6967384e-04   2.5418490e-29   1.2035322e-24   2.2066232e-05   9.8022035e-30   1.3469829e-02   4.1691003e-03   1.6376764e-05   7.9860821e-26   1.9522549e-02
   4.5907640e-04   2.7806683e-17   9.7564428e-27   1.8036252e-05   3.2734164e-29   1.2763864e-02   4.0944669e-03   1.1863866e-04   9.0340412e-30   7.6464946e-03
   8.4877952e-04   1.8623312e-06   3.9535123e-25   1.7952851e-05   2.3302330e-25   1.1522034e-02   1.4245127e-03   1.1769540e-08   1.3269668e-35   1.4576007e-03
   1.4624709e-03   6.3489581e-05   8.0994137e-33   4.4650720e-05   1.2416620e-08   9.4669319e-03   1.6221012e-12   5.3067697e-04   3.0018208e-40   3.0907454e-15
   1.4267343e-03   1.9993497e-08   7.6635191e-30   7.9165435e-05   1.4252490e-02   8.9843144e-03   2.5106852e-17   1.0435286e-03   1.7535444e-34   5.4710343e-19
   1.1161219e-03   8.9985624e-13   2.3919345e-25   5.5077004e-05   4.5509342e-02   8.8648689e-03   5.9862953e-16   6.0239637e-04   5.6335404e-24   1.5270092e-20
   1.0471478e-03   5.6774484e-31   3.6361481e-34   3.8779127e-05   8.2651410e-02   1.1238444e-02   4.5322755e-19   2.8839719e-04   2.6591611e-34   1.5639407e-36
   1.8303053e-03   7.2606688e-38   1.2989472e-28   2.1112654e-05   6.8686180e-02   1.2041438e-02   1.1927729e-12   2.3555897e-29   4.9276243e-45   8.8553929e-35
   3.5678029e-03   6.9792050e-34   7.6093177e-15   2.7687637e-05   2.2241856e-02   1.3247383e-02   5.6916801e-05   2.8934685e-20   2.8246696e-44   3.1229599e-21
   3.0653661e-03   2.7772371e-24   3.8515481e-18   3.7275583e-05   2.3963444e-07   1.6120385e-02   7.3132225e-05   1.9536183e-12   2.1530229e-38   9.4187439e-08
   1.6087096e-03   1.8269076e-15   4.9894174e-22   8.8888244e-05   4.6311516e-26   1.4844769e-02   1.3596939e-03   9.8708369e-04   4.8251840e-38   9.8376593e-03
   7.2974693e-04   8.0794979e-07   8.2536084e-26   1.7731310e-04   5.8895367e-26   1.0461608e-02   3.2265995e-03   1.0732542e-03   1.5237269e-30   2.2990238e-02
   1.0156493e-03   8.0727221e-11   4.5596631e-27   5.3040924e-05   8.4010978e-13   7.5316552e-03   2.6701252e-03   1.1924464e-03   8.7003077e-23   2.7093383e-02
   1.4423992e-03   2.3159041e-11   8.3852842e-32   3.9962051e-05   3.8191031e-11   7.3463087e-03   2.1190494e-05   1.0442136e-05   3.5385503e-25   2.1327673e-02
   1.5570349e-03   9.6608485e-13   6.5500758e-25   7.6873173e-05   1.3013494e-03   8.5714893e-03   9.7620477e-15   9.4497251e-16   9.2391917e-18   1.2994634e-02
   1.8671183e-03   9.6078665e-17   3.4437094e-18   1.4774295e-04   3.7998460e-03   1.0714628e-02   1.2317151e-13   1.1894005e-08   3.3121460e-20   2.7074695e-03
   1.9793106e-03   4.9785034e-18   2.2648571e-10   1.1381661e-04   1.9581932e-02   1.1566623e-02   9.6697832e-10   1.7979027e-03   2.2579045e-29   1.9530944e-05
   1.4021835e-03   2.6165087e-10   3.1130620e-03   4.7975903e-05   3.1162944e-02   1.3429169e-02   8.6052951e-09   5.0627242e-07   3.7016726e-36   7.4225523e-14
   1.4867101e-03   1.1103713e-08   2.3236030e-08   4.6195273e-05   2.2142854e-02   1.3447785e-02   2.1773930e-07   1.0306883e-04   1.8304481e-29   1.7143142e-31
   2.2189050e-03   2.2093244e-06   3.9903003e-07   1.2087989e-04   1.3158831e-03   9.9026501e-03   1.0514794e-06   1.0574824e-06   1.2883446e-25   1.0074108e-19
   1.7173555e-03   7.2315100e-05   8.2629365e-05   2.2618191e-04   1.1813631e-20   7.7679199e-03   1.6101033e-05   2.2790813e-04   9.9103796e-08   3.9689961e-26
   1.2870107e-03   1.2669125e-06   2.4846092e-10   2.5164945e-04   1.2268880e-30   6.7570968e-03   1.1724093e-03   1.5121368e-05   1.7598462e-07   4.8144664e-34
   9.1715513e-04   2.3633349e-19   6.5245285e-18   2.2433377e-04   9.2487479e-17   7.4880978e-03   1.0446839e-05   3.8288518e-04   6.3829321e-07   9.7753745e-07
   3.2350073e-04   9.5766410e-19   4.7749903e-12   1.0169863e-04   8.0655230e-24   9.7807995e-03   3.4012829e-18   8.9629979e-04   7.8697136e-17   7.8035055e-04
   3.2892644e-04   1.3256904e-24   8.3692706e-11   1.4279829e-04   1.5465299e-27   1.2113036e-02   7.2819905e-12   4.9397427e-05   8.3908465e-29   1.0893440e-03
   4.2182496e-04   6.5121301e-19   9.9556239e-14   2.0023706e-04   1.1656240e-30   1.3327079e-02   2.9028702e-13   9.5882782e-09   1.2259040e-31   2.0844866e-03
   6.0466845e-04   4.9837200e-21   3.2133464e-22   1.5749465e-04   3.5809233e-03   1.4236733e-02   1.9491259e-21   1.2492793e-07   8.0966447e-24   8.4977009e-04
   5.0933830e-04   3.2726479e-13   5.2393476e-18   9.8225230e-05   1.7523101e-02   1.2262266e-02   1.1365190e-10   3.0321238e-14   1.2612032e-18   3.2498596e-04
   4.2110250e-04   5.1380514e-12   4.2459795e-11   4.5702822e-05   2.5684409e-02   8.6497054e-03   3.4841791e-04   5.9230924e-30   2.0746685e-17   2.2457405e-14
   4.9232211e-04   1.5368584e-10   4.5126397e-11   1.7771439e-04   1.7937810e-02   7.7854654e-03   1.2862615e-04   4.2085389e-25   1.0437585e-11   2.6106718e-13
   7.7030376e-04   6.6926083e-09   2.8343484e-21   3.9176809e-04   4.2076318e-03   6.5414962e-03   3.9987442e-06   3.3962946e-27   6.0677578e-09   3.7569945e-24
   4.9791474e-04   4.6955266e-16   4.9552470e-32   2.3724947e-04   1.3698357e-34   8.5183991e-03   5.6071206e-12   8.6851628e-27   3.5822546e-21   1.9311682e-26
   2.9644372e-04   1.2946355e-24   2.7079328e-35   1.5630424e-04   1.3459990e-45   9.9288821e-03   4.1228623e-25   2.5732631e-10   3.4930559e-19   6.0893811e-37
   3.3009603e-04   3.7098558e-25   4.3777189e-34   1.1070058e-04   5.8645547e-46   9.8767825e-03   4.8796188e-27   1.8389232e-41   6.3349289e-17   1.0549243e-35
   3.7955393e-04   1.6384099e-19   2.6373968e-38   2.0302866e-04   1.6822442e-56   9.3445969e-03   7.6085581e-15   1.0866245e-45   4.8633445e-16   4.6952468e-25
   2.3120069e-04   1.3617778e-13   4.3880424e-34   2.8743075e-04   1.2671578e-57   8.9406990e-03   1.9100558e-12   5.4535350e-49   3.4529450e-14   3.2869248e-09
   2.5505232e-04   1.0113624e-09   7.1445025e-26   2.7874733e-04   8.1595966e-20   8.0694991e-03   1.5087745e-07   6.9059992e-14   2.7395980e-19   6.4679557e-08
   5.2873153e-04   1.3167742e-10   9.1984371e-25   1.5721093e-04   2.4602687e-03   6.4856431e-03   1.4025059e-05   8.6788574e-10   6.1688394e-17   2.1710070e-03
   3.9268016e-04   1.2289540e-21   1.2215871e-37   1.7896020e-04   4.6867065e-03   7.6039267e-03   1.3775660e-11   8.9188669e-16   2.0877322e-19   3.2143676e-03
   3.2344143e-04   1.1033003e-26   7.9986120e-43   1.0573914e-04   4.2016785e-03   9.0965926e-03   6.9651437e-21   9.6476082e-14   6.9142896e-20   7.6168265e-03
   3.0345968e-04   4.8527771e-31   6.1757824e-40   1.4690679e-05   2.2492956e-14   1.1270484e-02   2.2276482e-23   1.7892545e-16   1.2411073e-19   7.8894041e-03
   3.0919420e-04   4.5777829e-26   1.2873050e-37   4.3651634e-05   7.6168702e-35   1.1592067e-02   3.5995236e-27   6.4318752e-20   1.6267654e-12   6.0429565e-03
   3.9841279e-04   2.2548130e-21   3.2896563e-34   9.7032179e-05   2.0706189e-59   9.7136630e-03   8.1965079e-29   6.1837432e-21   1.0434798e-05   3.9043703e-03
   4.3771997e-04   3.4233868e-18   3.3847833e-38   1.2331539e-04   2.3360342e-63   9.1473265e-03   8.2701680e-26   8.9467989e-32   3.9222617e-06   1.0218070e-03
   4.3060474e-04   1.6858253e-15   3.1972068e-33   9.0310255e-05   1.1374212e-50   8.0148576e-03   2.3255517e-16   5.3801744e-39   9.8687348e-04   1.1539247e-04
   3.5559361e-04   2.4613478e-14   1.5008500e-28   7.8043443e-05   8.4031959e-58   6.8298907e-03   2.5472299e-05   5.3147390e-16   8.8497454e-04   6.8140951e-09
   3.7723802e-04   1.3996340e-16   2.5027873e-24   9.6593631e-05   3.7375116e-24   5.9241435e-03   7.5819349e-04   5.3513590e-10   3.0046001e-03   1.0726588e-19
   1.9628019e-04   2.6339669e-19   1.0811747e-34   2.2791042e-04   3.4436207e-03   7.7193532e-03   5.9532272e-12   2.1694988e-04   7.8196431e-05   4.0928057e-27
   4.1211586e-04   2.2655345e-18   2.3195463e-31   3.4687077e-04   9.9783644e-03   7.4247328e-03   4.6850133e-18   1.8950485e-08   3.4568286e-03   1.2742861e-29
   4.7330450e-04   1.8280788e-15   6.9032880e-29   2.5275218e-04   1.5295071e-02   7.5921647e-03   2.0089884e-12   1.4157195e-14   5.5533772e-03   4.9778461e-16
   2.9307679e-04   8.2115599e-14   2.1099211e-36   1.9791081e-04   1.2880836e-02   7.7518639e-03   7.0590202e-14   1.0910232e-19   5.2142795e-03   7.8866424e-11
   7.6685705e-04   2.1515002e-14   6.1837079e-43   1.7260936e-04   3.0163358e-03   6.7885116e-03   4.1700199e-06   2.8707179e-31   8.7208459e-03   9.7350031e-05
   9.9898888e-04   5.1317441e-12   2.1914143e-39   2.0013990e-04   5.3638300e-20   5.6027702e-03   2.7970217e-05   2.4849101e-24   7.3036643e-03   7.9289668e-04
   8.1604810e-04   8.3971842e-08   2.6101222e-34   1.1739895e-04   1.9955644e-29   4.9294545e-03   2.4782988e-08   1.0504993e-35   8.0362744e-03   4.7064933e-04
   8.5850359e-04   6.0745769e-08   7.6914285e-21   1.4956714e-04   1.0478523e-26   2.8990667e-03   2.6255333e-04   4.7417220e-23   7.1953103e-03   5.1153898e-05
   5.1785652e-04   2.0752886e-05   3.0003503e-17   3.2081855e-04   2.1047209e-41   3.3436825e-03   8.5968969e-04   5.1923823e-13   7.2210321e-03   1.1882054e-20
   5.7593642e-04   2.7709328e-05   1.8767242e-25   3.3572735e-04   2.4430482e-55   4.6714820e-03   1.1290465e-06   1.6513168e-04   9.8570228e-03   4.1517532e-30
   7.7060157e-04   1.1691291e-08   2.3251956e-37   2.0167581e-04   1.2503791e-21   4.1702281e-03   1.1059667e-07   3.6572412e-04   1.8142040e-02   7.5502232e-23
   8.0988932e-04   1.7549946e-06   2.4768859e-41   2.3093493e-04   1.1074250e-06   5.0210396e-03   3.8158885e-17   2.2039648e-08   1.7989762e-02   1.8833502e-33
   6.3584080e-04   2.7699746e-07   6.2998978e-41   3.6766251e-04   5.0622585e-03   4.2173360e-03   4.2811802e-14   3.6792060e-19   2.6609132e-02   2.4621796e-42
   7.1635476e-04   1.5561658e-06   4.2638433e-45   4.1346469e-04   9.0009295e-03   3.9082275e-03   7.1715658e-18   1.5989123e-39   3.2927390e-02   5.9092407e-24
   8.4766188e-04   2.2577258e-06   4.3512415e-40   4.5660261e-04   9.8864551e-03   3.1594199e-03   6.9845540e-18   7.6466517e-36   2.8001963e-02   3.6935116e-12
   1.0434399e-03   8.4051039e-07   4.7904653e-28   2.5175241e-04   6.4942999e-03   2.1430746e-03   1.2957062e-16   4.3695729e-30   2.5956965e-02   2.8564142e-05
   1.7537426e-03   3.1130896e-08   1.0805996e-27   2.4578252e-04   3.8823263e-07   1.7050835e-03   8.0610722e-12   1.8475829e-49   3.1423289e-02   8.0898007e-38
   1.4416048e-03   3.1282093e-07   1.4478288e-29   3.8047833e-04   3.2622290e-33   1.9214015e-03   1.8201418e-14   1.0915592e-51   3.2632708e-02   3.9034098e-05
   1.0350025e-03   4.4733613e-07   1.3730853e-34   4.0579855e-04   6.1383027e-54   2.0545077e-03   7.0370480e-15   1.0940869e-41   2.3565700e-02   4.1076166e-04
   1.7229381e-03   1.8914359e-07   4.4579692e-36   4.1170891e-04   6.5581049e-34   1.6110573e-03   1.3443155e-18   1.2200231e-37   2.5860450e-02   4.4848323e-04
   1.4323113e-03   4.3953344e-09   1.6962811e-44   3.3834272e-04   1.8049653e-21   2.4814094e-03   2.8103863e-19   5.2651790e-26   2.6697801e-02   8.5681157e-15
   1.2256977e-03   1.4093814e-08   2.9335760e-40   2.5663487e-04   4.1163442e-09   2.2434789e-03   1.7980948e-14   2.2738080e-94   2.5994157e-02   3.9498425e-17
   1.6155181e-03   6.1069411e-07   1.2723551e-37   2.6386300e-04   9.1750539e-04   1.3520865e-03   3.3985585e-21   1.6509454e-51   2.3284669e-02   3.3348403e-30
   2.2398164e-03   4.7180413e-09   4.4526788e-31   2.1090552e-04   1.5173764e-04   1.2364052e-03   2.5667140e-22   1.0745323e-44   2.1471930e-02   3.9665764e-47
   2.7429627e-03   1.5633542e-11   9.5133673e-26   2.0632795e-04   1.3155158e-11   1.1839085e-03   2.7379634e-27   3.7216893e-38   1.7148946e-02   1.4792266e-50
   2.8356291e-03   2.5441596e-14   1.9571867e-27   5.1360713e-04   4.1811851e-03   1.1068985e-03   2.8165888e-25   2.4918232e-29   1.3819300e-02   2.9364254e-45
   2.6630724e-03   3.8399291e-15   1.9347316e-28   6.1608238e-04   4.5746533e-03   9.5468792e-04   4.5402582e-20   6.6498883e-34   1.1661544e-02   5.3663045e-51
   3.1448257e-03   1.0823017e-18   2.5533794e-30   5.8491959e-04   3.9613285e-10   1.0185467e-03   2.2378520e-27   2.3147038e-17   8.2161236e-03   1.0481947e-51
   3.3370651e-03   3.1488658e-12   5.3701582e-29   6.5940141e-04   7.9550292e-31   7.2814428e-04   1.0466032e-29   1.2461295e-23   6.7421182e-03   1.2192161e-46
   3.2179019e-03   3.0467324e-15   1.7676412e-33   5.7282579e-04   9.8178883e-26   1.3153180e-03   5.8993944e-28   2.0919460e-47   4.6425780e-03   2.3157270e-47
   2.9461996e-03   1.5277713e-13   3.5633920e-38   5.5071149e-04   2.3180459e-38   1.0618899e-03   1.3187752e-23   3.6665723e-39   3.6840054e-03   9.1726358e-37
   2.7463090e-03   9.9112690e-18   1.0373664e-30   5.9880326e-04   9.7502323e-35   8.5532535e-04   2.5969342e-27   8.8488520e-27   1.6636638e-03   1.3337839e-37
   2.7317241e-03   7.3061160e-16   5.0964405e-21   5.1771092e-04   1.3659659e-32   8.2096792e-04   9.6218438e-29   6.6221578e-51   1.3930626e-03   7.3979039e-44
   3.1266537e-03   2.5842255e-10   1.6570683e-24   4.2631881e-04   4.8703714e-20   6.0893368e-04   4.1773044e-21   8.2661907e-13   1.7582067e-03   1.3564413e-47
   3.4146889e-03   4.6829146e-15   4.6183821e-34   4.9080550e-04   2.4012840e-24   3.7875905e-04   1.5397650e-27   2.4787955e-06   1.2236116e-03   7.8467585e-51
   2.9129597e-03   5.5715785e-21   9.4297854e-37   6.1151817e-04   6.8332358e-25   4.4115832e-04   3.8560172e-33   1.8842081e-10   9.5049751e-04   2.5909984e-57
   2.9602524e-03   1.3972523e-15   1.7028103e-34   3.8603451e-04   1.4046627e-12   6.5270033e-04   2.0822148e-31   2.5722332e-24   1.4682225e-03   1.6883444e-71
   3.5352845e-03   1.5082095e-13   4.5975060e-31   4.0436019e-04   1.2150583e-09   3.9043212e-04   4.6261950e-31   1.8850669e-17   9.2836671e-04   5.5940526e-59
   3.6390127e-03   1.7280595e-28   1.9868959e-33   3.6892098e-04   4.4548286e-15   5.6518808e-04   5.3936554e-31   7.4186912e-05   8.3935292e-04   7.7149309e-46
   3.2042809e-03   9.0149857e-27   3.7407571e-24   3.2589072e-04   1.8367988e-23   5.7167971e-04   1.2547777e-33   1.6227261e-18   1.5239555e-03   2.0861048e-36
   3.4150311e-03   5.1156631e-25   1.5249225e-27   4.6026359e-04   1.4317036e-40   4.2648366e-04   1.0431867e-36   8.6535178e-21   1.2017950e-03   1.6621534e-38
   3.4156709e-03   1.8145471e-26   3.8399619e-34   5.3418690e-04   1.1708465e-32   3.2845385e-04   2.3637153e-36   4.4067238e-11   1.5555062e-03   1.8291597e-34
   3.5756176e-03   3.6110234e-22   2.8770305e-31   5.2528472e-04   8.8568190e-52   3.1988874e-04   1.0565986e-33   2.5918382e-18   2.4355388e-03   4.4948373e-28
   3.6476442e-03   5.0061306e-15   3.9612777e-24   3.4252684e-04   7.5157050e-43   3.2196448e-04   4.3136184e-31   3.8757301e-22   2.6879981e-03   7.6689297e-24
   3.8464774e-03   5.3393393e-15   3.3953394e-29   1.0856672e-04   8.0238231e-33   5.7960379e-04   3.1967994e-23   1.6811941e-57   2.3684114e-03   1.8676074e-27
   4.0662546e-03   4.7126212e-17   8.3920725e-28   1.9607930e-04   9.5890369e-34   7.9177263e-04   2.4692392e-24   5.8992753e-39   1.5566794e-03   7.9640971e-35
   3.3797026e-03   3.2591527e-13   1.3590368e-21   1.7404521e-04   5.9205332e-36   3.6846000e-04   4.0409348e-28   8.7742538e-49   2.2467734e-03   2.9232575e-32
   2.8787057e-03   3.6363369e-24   1.5541828e-35   1.9912126e-04   2.6452360e-22   6.8707951e-04   7.0347518e-41   8.4986334e-13   1.6799384e-03   2.4382356e-38
   2.6888714e-03   6.2135263e-22   4.2528355e-45   3.2126001e-04   7.5814369e-20   9.0401799e-04   7.2557880e-38   3.6958926e-41   2.0168001e-03   5.4958316e-47
   3.2676169e-03   4.2809270e-25   1.8373355e-35   3.7013666e-04   1.7078275e-12   6.5248874e-04   1.2004196e-27   1.0499268e-26   1.3017840e-03   9.1910549e-43
   4.1861182e-03   4.1538556e-23   1.3250922e-35   2.3054056e-04   1.3298129e-20   6.2525552e-04   8.9490709e-34   1.9395550e-07   9.2508210e-07   4.3253256e-43
   4.4424732e-03   1.2062212e-17   3.1543459e-28   1.4614611e-04   1.1829978e-41   4.5568987e-04   8.0410753e-32   9.5613147e-67   1.1631221e-04   3.8780936e-57
   4.2512029e-03   1.9071757e-14   1.0344670e-35   2.1651586e-04   8.8387840e-29   4.3025388e-04   6.7322188e-30   1.2975052e-19   5.4843383e-08   5.4461031e-60
   4.7719989e-03   3.7818070e-24   1.6581952e-41   1.5425002e-04   5.0067886e-53   6.9672193e-04   2.0839623e-48   2.0740741e-52   3.6319109e-25   1.6948456e-40
   4.8432559e-03   3.9673661e-29   4.3119246e-31   1.9502049e-04   2.1842978e-58   5.9903771e-04   2.0466288e-40   1.3709373e-50   1.5872222e-22   1.3456444e-66
   4.3530061e-03   2.3473616e-26   3.5323210e-21   1.9327727e-04   3.9261429e-30   4.1902741e-04   6.0877003e-31   5.2106827e-40   5.7366324e-22   9.0039958e-29
   3.3305370e-03   1.2460597e-24   1.4446993e-29   2.8579429e-04   2.7013251e-18   9.1733033e-04   2.7937965e-33   1.2123591e-39   1.0424562e-20   2.8909725e-19
   2.8916686e-03   1.0365946e-16   2.4559132e-31   3.2156709e-04   2.9016763e-40   9.8931190e-04   5.5085843e-35   3.2357671e-20   7.0019258e-14   4.2573889e-20
   3.2336425e-03   2.6059277e-18   1.0595842e-28   2.4085328e-04   1.6715278e-19   8.9675521e-04   4.7638997e-29   2.1183077e-32   1.8991354e-13   1.3933831e-30
   3.1578517e-03   1.7783739e-23   7.8296284e-25   1.5731276e-04   2.5760396e-08   1.0327113e-03   4.9161268e-28   7.9055414e-31   1.8124068e-15   3.2594655e-43
   3.3425866e-03   4.4126466e-15   6.7314377e-24   9.0076878e-05   1.1769956e-10   9.0770999e-04   9.2869054e-31   9.6598263e-28   2.8000011e-09   2.8597924e-53
   3.5883191e-03   4.1552524e-19   6.8176684e-30   1.0708101e-04   2.7521824e-11   1.2301084e-03   3.9160381e-34   4.7698959e-36   2.5322083e-10   1.6609326e-53
   3.8473889e-03   3.7295000e-21   2.5696024e-35   1.5134050e-04   1.0677128e-37   1.4850334e-03   4.3374377e-43   1.5272626e-18   1.6321260e-23   5.2432188e-52
   3.7674749e-03   5.6699261e-19   2.8975096e-27   9.9709250e-05   1.2938557e-42   1.3356657e-03   1.5758005e-33   1.0907991e-87   3.6340088e-26   2.0145272e-44
   4.1939530e-03   2.7390022e-13   8.3961789e-26   1.4622242e-04   4.5546582e-53   6.9128234e-04   1.3402692e-24   5.8711550e-25   2.6416358e-23   3.1753743e-40
   4.0615609e-03   1.5299681e-23   1.7489475e-44   1.4948496e-04   1.4856397e-67   1.0512431e-03   3.3182582e-36   1.7484025e-37   3.0341185e-36   9.5582762e-74
   3.4312759e-03   3.5821670e-24   6.5922720e-53   1.6162167e-04   2.8880860e-29   1.7593289e-03   6.9820782e-39   2.9674412e-15   5.3922646e-33   4.9472505e-60
   2.9481439e-03   1.8624082e-25   7.5996437e-37   1.2632604e-04   1.7785414e-12   1.7544473e-03   1.5119040e-37   1.2093462e-15   5.0729576e-21   7.9449075e-42
   2.7792586e-03   2.2087175e-21   2.9937553e-37   1.4993835e-04   2.3493308e-27   1.7112917e-03   4.9128878e-35   1.1079618e-60   8.0521239e-17   4.3409404e-32
   2.5076605e-03   2.5218168e-11   4.1819292e-40   2.1742680e-04   2.3145384e-16   1.6383901e-03   2.0012711e-36   2.8201800e-26   2.3884929e-16   1.0145371e-33
   2.6233921e-03   6.5839011e-16   4.2340835e-39   2.6071835e-04   2.0543116e-06   2.0341782e-03   3.0608816e-38   2.9790619e-23   2.0116273e-08   4.9674944e-41
   2.7082011e-03   6.6874693e-17   3.7368379e-38   3.0663304e-04   1.2265604e-41   2.9504604e-03   5.5257594e-37   1.3752426e-05   1.7886362e-10   6.2826649e-56
   3.4337208e-03   2.5648230e-18   8.0944363e-44   1.8102085e-04   6.9191446e-23   2.5812248e-03   6.4110906e-36   1.8059083e-04   2.0569868e-05   1.2309797e-59
   3.6851627e-03   7.8281277e-19   1.7840462e-44   1.4478095e-04   1.5100768e-15   1.5463996e-03   2.3977924e-30   3.5171829e-67   1.6316688e-05   8.2311339e-55
   3.3789459e-03   8.2978891e-18   3.6945507e-43   2.4442179e-04   1.0146332e-27   2.0068070e-03   1.3299508e-38   5.4442786e-30   2.2784862e-04   3.8679917e-52
   3.3106903e-03   1.3188741e-17   7.8449749e-40   2.4496261e-04   1.6545758e-58   2.8300990e-03   5.7018111e-34   4.7142171e-39   1.1856625e-07   6.2557900e-48
   3.3557182e-03   3.4743495e-16   1.2006093e-40   2.2465655e-04   5.8567995e-42   3.0214005e-03   7.6648370e-37   1.0592539e-16   1.9800598e-07   1.2612013e-43
   4.3884421e-03   1.2882615e-10   6.1110226e-48   8.7272137e-05   2.5608297e-14   1.9992467e-03   5.8441743e-48   1.3911260e-36   4.3018172e-03   3.4091734e-54
   5.2126856e-03   2.4552095e-09   5.5812715e-46   5.7249439e-05   7.5302807e-14   1.3944896e-03   6.2688566e-31   1.9384652e-49   7.2091623e-03   3.2785721e-61
   3.8129781e-03   2.7815249e-09   6.3308588e-45   2.2533448e-04   1.3307484e-39   2.1654927e-03   2.1671251e-25   3.8179755e-19   4.1401857e-03   7.4003649e-47
   3.0380592e-03   2.5306022e-08   9.7328456e-52   3.3475436e-04   3.6962668e-06   2.6240567e-03   9.7344572e-24   7.3438516e-23   3.0315864e-03   2.2491554e-43
   3.1268936e-03   1.7318561e-05   5.0708878e-46   4.6531981e-04   6.9837402e-04   1.7610110e-03   2.9982048e-23   1.5628602e-08   5.0113434e-03   5.3531296e-13
   3.2763416e-03   1.0888524e-05   6.0017280e-41   6.9990237e-04   1.1094946e-26   8.6169029e-04   4.4321435e-24   1.3475839e-04   2.8320896e-03   3.1229408e-04
   3.5665841e-03   1.6798981e-11   5.3927617e-46   7.2068005e-04   3.6474846e-08   1.5604628e-03   4.6743431e-27   3.6823406e-05   1.0931993e-03   1.2351639e-15
   3.0265159e-03   6.7339288e-06   9.2841838e-43   7.4247865e-04   1.5395601e-26   2.3070326e-03   4.3004194e-28   2.0918628e-03   7.6438556e-06   3.7449537e-26
   3.0595624e-03   2.4023667e-06   9.2273273e-36   5.2650371e-04   1.7216575e-37   2.0793561e-03   9.6238846e-31   2.4381487e-05   1.3724222e-06   6.4975111e-30
   3.0600073e-03   1.0674464e-06   5.3934138e-25   4.3197306e-04   3.3614435e-69   1.3447896e-03   7.9800741e-26   3.0896117e-20   1.3103809e-03   2.4001558e-20
   3.0919291e-03   5.5780608e-06   1.3771031e-20   4.6696063e-04   1.0923729e-46   9.7270986e-04   3.9920826e-23   3.9342914e-23   2.1594349e-03   6.0586248e-17
   2.6995107e-03   1.5979636e-10   2.2137494e-30   5.0896956e-04   3.0663763e-21   1.1785075e-03   1.7385093e-27   2.9860581e-13   1.0879456e-03   1.4711543e-18
   2.9471873e-03   1.5221109e-12   7.8933313e-41   4.3982670e-04   6.2081572e-22   1.2386505e-03   1.4928645e-27   2.4694048e-39   9.2576421e-05   4.5992803e-17
   2.9429795e-03   2.2549473e-13   1.3775497e-30   4.7997397e-04   2.2365693e-34   1.1039942e-03   2.7714449e-18   9.8808846e-17   3.8401852e-04   2.7197794e-18
   3.0266058e-03   8.0358263e-21   5.0933886e-38   4.4960164e-04   3.1480216e-09   7.0950617e-04   1.1157959e-20   2.9954304e-15   1.6381634e-03   2.6882597e-04
   3.0863277e-03   3.1539443e-15   8.9039035e-38   3.7360355e-04   1.9051257e-05   1.0955143e-03   2.3624675e-29   5.8721028e-16   6.2142484e-04   3.2457229e-05
   2.4341550e-03   3.3183623e-14   4.2916190e-37   2.8653093e-04   1.1896572e-16   1.3351575e-03   1.9846967e-27   2.3550293e-26   8.6548771e-08   1.1244637e-07
   2.0338246e-03   1.3303411e-17   2.6560257e-35   2.7244702e-04   1.1793509e-13   1.2249124e-03   9.3902287e-28   1.1026222e-51   6.4950146e-04   8.0111549e-04
   2.3827923e-03   1.0685352e-21   7.9844831e-37   6.0737309e-04   9.4766323e-20   8.7527605e-04   6.3945814e-28   3.9938193e-23   1.8819585e-03   1.2809763e-03
   2.5806976e-03   1.0255057e-14   5.1090635e-32   6.3416948e-04   2.0220406e-29   7.0574622e-04   3.8588925e-30   1.2621932e-43   2.9348002e-03   1.4691088e-03
   2.3057452e-03   9.9605697e-23   1.2392270e-24   5.9487183e-04   2.5419325e-33   7.1404469e-04   3.8777638e-27   4.2117922e-71   2.6177785e-03   1.3872239e-03
   2.1802590e-03   9.1124908e-17   5.0275324e-32   7.8630072e-04   2.7536876e-44   8.8954703e-04   7.8779673e-28   5.6929838e-61   3.0293386e-03   1.2118156e-03
   2.1409131e-03   1.3050778e-16   1.1463854e-28   9.4790697e-04   7.0695099e-18   6.7214881e-04   3.7637871e-24   6.0507851e-18   4.1858819e-03   9.2914488e-04
   2.1098598e-03   3.8528529e-10   1.6059467e-22   8.0192687e-04   2.8539084e-22   5.7550372e-04   5.5044400e-26   7.4119262e-15   3.1400725e-03   6.9075626e-04
   1.8246314e-03   6.7112338e-06   1.2066584e-20   5.0903162e-04   3.0079308e-43   9.2140808e-04   7.8111996e-30   3.4812427e-32   2.7690764e-03   1.4306686e-04
   1.5490711e-03   1.1511996e-07   4.0854904e-23   5.4176082e-04   2.3688209e-19   1.4045350e-03   3.6642347e-20   5.2624654e-21   2.0172189e-03   2.7646097e-21
   1.2199413e-03   4.8292287e-17   2.7034002e-24   7.2627476e-04   1.4343119e-04   1.1779514e-03   4.9811436e-16   3.4815714e-09   1.5681221e-03   6.4647724e-16
   1.0372621e-03   1.8538942e-13   1.7654760e-26   9.2485302e-04   2.7022622e-09   9.2154679e-04   1.3677361e-18   1.7139554e-13   1.4747156e-03   5.2658757e-04
   1.5579808e-03   3.2338870e-08   5.8691091e-24   9.9834382e-04   9.5702519e-05   7.8639559e-04   5.6183351e-21   3.9564704e-23   4.6712360e-04   8.6418727e-05
   1.6609286e-03   8.1211119e-11   1.0536869e-21   9.1005071e-04   2.6838178e-10   9.6000423e-04   3.2518937e-25   7.9503901e-23   7.7524892e-05   1.8787806e-07
   1.4386096e-03   1.0660753e-15   1.7631500e-24   8.0379639e-04   6.6567506e-24   9.8315606e-04   1.2399016e-29   1.0105978e-21   8.2445283e-04   4.4479873e-04
   1.2108461e-03   1.1191576e-07   9.2123616e-20   8.4329971e-04   5.8670606e-42   8.0603812e-04   1.1188120e-20   2.5024635e-46   2.3928897e-03   9.8301552e-04
   1.2095446e-03   2.0569073e-07   1.7608883e-19   6.0485505e-04   1.2076294e-38   1.0418974e-03   1.1454699e-14   5.1701733e-27   2.8489831e-03   1.1719124e-03
   1.5354040e-03   2.7754963e-14   4.4229522e-20   4.6548778e-04   5.6284026e-09   1.1010230e-03   1.9923271e-20   4.1530412e-20   1.4954076e-03   8.7000378e-04
   1.5533521e-03   1.5853512e-22   6.9882659e-26   4.7727425e-04   2.9587562e-09   1.0999576e-03   1.8558031e-23   4.8466598e-52   1.5029532e-03   5.6546705e-04
   1.2776680e-03   6.4467412e-19   6.0369796e-24   4.7497254e-04   3.1182130e-22   9.5499413e-04   2.8953678e-20   4.0478681e-32   3.1202494e-03   8.2161322e-05
   1.2949474e-03   1.1732252e-10   2.8991135e-24   7.2534111e-04   6.2418011e-04   7.4924380e-04   3.9675665e-18   3.0389118e-60   2.1708994e-03   7.0263601e-05
   1.0968778e-03   4.1280098e-09   3.9788538e-21   9.0008495e-04   8.2816099e-04   8.9206480e-04   3.1979148e-13   2.2446792e-22   1.0710653e-03   3.1825230e-10
   1.2225749e-03   6.5556187e-11   8.5520914e-28   9.0287934e-04   8.7134040e-13   9.9961104e-04   5.1231546e-16   2.5252539e-06   6.8941029e-08   8.8136849e-22
   1.5568353e-03   4.3217972e-09   2.5542307e-28   1.0103816e-03   4.3730591e-04   1.0988565e-03   2.6910153e-21   1.5770566e-04   3.1793251e-04   2.9782826e-35
   1.6105189e-03   5.8067056e-05   3.4562430e-32   1.0347214e-03   1.6644333e-04   8.4676467e-04   3.7627719e-12   1.9489090e-08   7.8079004e-04   1.1366393e-06
   1.2388971e-03   3.6826147e-09   3.6730538e-25   1.1447768e-03   1.2126563e-05   1.1821032e-03   3.3235588e-15   6.7337211e-05   8.2271864e-05   1.7141205e-10
   1.2073489e-03   4.3133469e-12   2.5415005e-23   1.2189693e-03   6.9111878e-12   1.1049426e-03   4.8796271e-14   6.3514074e-05   9.2414941e-05   1.0480257e-13
   1.0958002e-03   1.6963933e-10   5.5888935e-27   9.0380398e-04   2.7511232e-19   1.2634918e-03   8.1266888e-16   2.7048497e-08   8.7511063e-04   1.2594283e-04
   1.4015935e-03   7.0285983e-12   2.1236730e-31   7.5718425e-04   1.4555799e-07   1.0973932e-03   4.0124041e-15   5.8629097e-07   1.2958456e-03   5.5629714e-04
   1.4063187e-03   7.4990867e-13   4.6040808e-37   8.9121019e-04   1.6969206e-13   1.0775721e-03   4.4849942e-14   2.1980756e-06   1.9969982e-04   7.8749608e-04
   1.2072548e-03   6.5313210e-16   7.9098708e-34   9.4299539e-04   2.7611519e-09   1.2592347e-03   5.4641902e-16   4.4581982e-15   8.7608250e-09   9.1179819e-04
   1.2035633e-03   1.6540023e-12   7.6661631e-24   8.8401781e-04   1.7058700e-03   1.1872585e-03   3.5769177e-17   6.0145822e-30   2.5608551e-08   7.3554365e-04
   1.2440793e-03   6.1034309e-11   4.0438174e-20   9.0738426e-04   1.2206439e-03   1.2666565e-03   7.8667167e-13   5.4382070e-08   1.6399017e-06   1.3021416e-04
   1.6152998e-03   2.0156278e-07   9.0311292e-20   6.8434840e-04   2.9850126e-22   1.1285091e-03   1.0097548e-10   1.1365632e-03   1.6206022e-03   5.9823689e-31
   1.5112049e-03   3.1727196e-09   1.0538843e-22   8.4614600e-04   1.0675052e-03   1.3927692e-03   7.8647708e-10   1.5241733e-05   4.6273504e-04   1.6582733e-04
   1.0608951e-03   4.7348470e-04   2.1732370e-18   9.3037961e-04   1.2653751e-03   1.5009429e-03   1.7898750e-09   7.3055457e-04   3.6999469e-07   2.4033920e-04
   1.3415961e-03   3.6823362e-11   5.0127286e-23   6.3849720e-04   7.0641346e-11   1.7377940e-03   8.4132344e-11   6.6740936e-05   1.4026318e-03   3.6476267e-08
   1.5739337e-03   1.4133214e-15   2.3773802e-21   6.2075363e-04   1.6136395e-07   1.5774497e-03   4.9255703e-13   3.5762571e-59   2.9905553e-03   5.3173397e-04
   1.5893073e-03   1.2295295e-12   3.1144039e-26   7.0036006e-04   6.8531177e-34   1.5627079e-03   6.5169729e-09   4.7630048e-16   2.7970249e-03   3.3297192e-04
   1.8087851e-03   8.5246485e-14   6.3255539e-28   9.4470603e-04   8.3225487e-04   1.5566073e-03   4.5021746e-13   3.9236032e-11   1.3536689e-03   3.9675554e-09
   1.7778559e-03   5.8217025e-11   1.2234756e-34   1.1473365e-03   7.6589987e-04   1.7138255e-03   1.2385090e-17   1.1746160e-19   9.8264389e-04   1.7941574e-04
   1.6464326e-03   7.3834487e-13   4.9855115e-36   1.0505960e-03   2.3101003e-06   1.5986908e-03   3.3337547e-14   2.1318177e-41   3.6562050e-03   7.4310253e-04
   1.8138564e-03   7.8591879e-09   4.2388961e-34   9.1161894e-04   1.4232563e-03   1.3022591e-03   2.2998437e-12   1.7233398e-35   5.3147195e-03   6.0740749e-04
   1.8873620e-03   3.4466796e-07   9.6172563e-29   9.3062143e-04   7.7269318e-04   1.2326346e-03   3.1040383e-14   2.0657563e-42   5.6004039e-03   2.5736136e-04
   1.7955910e-03   5.1068458e-13   1.1206163e-27   1.1557525e-03   1.2236837e-04   1.4670162e-03   7.7186756e-15   2.2999081e-04   3.2410046e-03   5.3918838e-07
   1.7782503e-03   5.3442687e-21   9.2671958e-35   6.7721619e-04   9.8388222e-04   1.8853127e-03   1.1076958e-16   3.4551256e-03   5.1090704e-03   1.2483969e-16
   2.1371477e-03   2.6591991e-17   8.6273845e-36   1.0684651e-03   6.2084042e-04   1.5525906e-03   2.6666461e-18   2.9892817e-05   4.5677089e-03   1.1749278e-16
   2.2751110e-03   2.2016826e-11   1.0760403e-32   1.0248278e-03   4.7729567e-22   1.4793163e-03   1.0532084e-16   8.0361608e-31   3.2378440e-03   2.9424474e-44
   2.1703261e-03   6.0279653e-08   6.4517668e-34   1.1080215e-03   6.6116813e-26   1.5787922e-03   3.2680640e-21   1.5518755e-07   3.4909198e-03   1.7905558e-33
   2.2501721e-03   1.9739538e-07   1.3696683e-28   1.2563601e-03   3.5581746e-35   1.4002348e-03   7.8011650e-31   9.4072443e-28   3.8214208e-03   3.6298469e-39
   2.2889904e-03   1.7296513e-12   5.7594677e-33   1.3011639e-03   9.0974899e-62   1.5047975e-03   1.9247307e-25   2.9547396e-37   3.5154696e-03   4.3517165e-22
   2.2882567e-03   5.3854382e-11   3.6648572e-40   1.1189331e-03   1.2382939e-56   1.5375574e-03   1.6789930e-19   3.2508120e-10   2.4461654e-03   1.6762744e-15
   2.2117191e-03   2.4112604e-14   7.8369261e-35   1.1606556e-03   3.1498280e-25   9.9941178e-04   4.1891847e-19   3.1464997e-04   9.4547663e-04   5.4807808e-13
   2.8694000e-03   1.2081261e-24   1.4583940e-31   1.0091241e-03   4.0523839e-25   1.3964616e-03   2.7892119e-23   8.9062406e-19   5.0033158e-08   5.4110062e-30
   2.1351987e-03   2.9130403e-18   3.7824514e-27   5.3901974e-04   9.3422893e-42   2.0478165e-03   3.9489480e-19   9.2824590e-41   6.7810084e-06   1.7516109e-32
   1.9525267e-03   6.5065561e-11   5.8457053e-26   8.1275820e-04   4.5764870e-31   1.9524439e-03   7.4928392e-23   1.3829233e-09   1.5170682e-09   1.5266398e-28
   1.8279139e-03   1.3645548e-09   3.2311912e-22   1.0850141e-03   6.5708654e-18   1.9345900e-03   4.5888909e-14   2.2591866e-21   2.4697153e-07   8.1059787e-27
   1.9787792e-03   1.5197606e-17   1.0773975e-21   8.9895795e-04   3.8174717e-26   1.9389490e-03   7.6111888e-19   6.0277570e-77   5.1136553e-07   2.3903613e-23
   1.8952706e-03   1.3007868e-19   1.3311588e-26   1.2260326e-03   3.6961412e-41   1.8013531e-03   2.9309208e-22   2.2059132e-51   2.1248112e-07   7.6885874e-10
   1.9743598e-03   6.7420205e-21   1.0206838e-30   1.2589537e-03   3.3690816e-40   1.6550735e-03   1.3602876e-18   3.2605372e-25   4.0712564e-14   8.4739000e-22
   2.2372199e-03   2.4278115e-19   7.8303026e-28   1.3873651e-03   6.1301412e-30   1.2871121e-03   2.7646444e-20   1.6220157e-08   2.5143275e-11   5.7006185e-32
   1.8808942e-03   7.1547705e-12   2.9369332e-23   1.6712459e-03   1.4950926e-34   1.0487456e-03   3.3260867e-23   9.6923207e-04   1.7788113e-10   7.2637847e-34
   1.9419937e-03   4.0159826e-15   4.2575852e-28   1.7178432e-03   1.7584549e-32   1.3276531e-03   5.3904624e-29   1.2228269e-10   8.1737469e-17   9.6743386e-32
   2.0344184e-03   3.3616150e-20   1.6887425e-18   1.1502419e-03   1.4394321e-56   1.6128915e-03   4.5224446e-23   1.6774566e-03   5.2369193e-19   7.9943391e-31
   2.6860919e-03   5.7971843e-16   3.3696728e-21   1.6244898e-03   6.5261641e-43   1.2963549e-03   2.2660738e-21   3.2534542e-04   2.3009209e-15   6.9672503e-30
   1.9988749e-03   1.7931343e-12   9.6396067e-25   2.3673051e-03   4.4223286e-46   1.1508184e-03   8.6415475e-21   5.4317372e-07   8.1074308e-08   5.8945112e-19
   2.0735449e-03   7.2353105e-21   2.5390373e-23   1.8876249e-03   5.8347135e-38   1.2907112e-03   1.0532525e-25   2.6832281e-09   1.4886020e-16   1.0717673e-21
   1.8220269e-03   5.3396544e-11   7.5039157e-21   1.3350398e-03   1.1941526e-31   1.3239761e-03   9.3602050e-20   4.5591504e-48   1.4125624e-12   4.9771441e-14
   1.6585958e-03   2.5728926e-14   2.6053437e-19   1.8931580e-03   8.4944989e-43   1.1125086e-03   2.4974831e-26   1.7577007e-38   1.9320173e-10   3.4804281e-08
   1.3296084e-03   1.4660041e-06   9.6962509e-08   1.6297809e-03   2.7642299e-31   9.7806604e-04   4.9890766e-17   5.9450768e-31   7.6047873e-04   1.2450944e-04
   1.4892386e-03   2.5200227e-11   2.6931450e-03   9.0511985e-04   4.6088931e-27   1.1322145e-03   1.0649543e-14   2.1084245e-61   6.6207942e-04   3.1301668e-07
   1.5179487e-03   9.3500869e-15   2.9944351e-15   8.4172827e-04   9.7771547e-27   1.4919608e-03   2.0593140e-24   5.3657419e-18   1.3861362e-03   1.2270383e-28
   1.4098327e-03   3.2963549e-13   7.7543658e-24   1.0294412e-03   8.8167834e-29   1.4363205e-03   1.1092079e-22   1.0407743e-41   2.6623031e-03   7.1247775e-34
   1.7087898e-03   3.3691384e-17   3.9366996e-23   1.2177261e-03   3.4808113e-38   8.8419562e-04   3.2378256e-15   7.7617308e-45   1.6857728e-03   4.2268708e-32
   2.2492631e-03   2.0154973e-11   1.0738250e-19   1.3112642e-03   6.4844184e-24   7.7027658e-04   2.4640162e-23   1.0196348e-25   2.2726527e-03   3.1431345e-66
   1.8417718e-03   1.5402768e-11   3.7226054e-21   1.1587993e-03   7.7975117e-27   1.1128546e-03   6.0771420e-30   4.4657237e-25   3.9851127e-04   1.1068912e-49
   1.6404864e-03   4.4207484e-05   1.0423131e-15   1.3200409e-03   1.2343475e-55   1.1529376e-03   2.1390932e-18   2.2773501e-37   1.3064836e-04   9.3940065e-46
   1.7897189e-03   2.5653211e-08   2.1290550e-12   1.7710012e-03   5.6374394e-38   8.6801016e-04   8.3118191e-20   3.5396417e-36   2.1046438e-05   1.1865671e-54
   1.4451296e-03   1.0833882e-09   4.1621882e-07   1.7124686e-03   9.8231091e-26   7.4438838e-04   5.9405152e-15   1.8168147e-47   4.2191619e-09   1.0706853e-50
   1.4229634e-03   1.8608283e-09   1.3650143e-08   1.3840764e-03   2.4338414e-21   7.9820164e-04   8.0802632e-13   4.5025036e-13   3.2405774e-09   2.8890470e-45
   1.5151044e-03   4.0661969e-09   2.0102135e-15   1.1498371e-03   1.3824534e-18   9.3046655e-04   6.1928926e-19   2.1439644e-51   6.2295817e-04   1.0008192e-59
   1.3801911e-03   3.2325022e-14   8.4833420e-19   1.7355483e-03   3.6414387e-25   9.6303706e-04   9.5248385e-21   4.3153311e-16   1.1663097e-05   1.0949340e-52
   1.3380753e-03   1.0142150e-08   5.6382181e-20   2.0687529e-03   5.5732352e-07   6.4552414e-04   1.9073320e-13   8.9848698e-07   8.6863704e-07   3.9302940e-46
   1.2885366e-03   2.6294194e-05   4.8422561e-20   2.1743421e-03   1.0317376e-19   6.9279524e-04   1.8216352e-12   1.0147051e-19   1.9047565e-03   5.0200275e-60
   1.3153531e-03   3.9912595e-10   1.1240053e-28   1.8460420e-03   8.4492885e-20   6.9530857e-04   6.6630923e-18   2.0838524e-40   1.9497370e-03   1.1734085e-68
   1.4769108e-03   2.2559080e-10   1.1482573e-25   1.5541762e-03   6.5429570e-20   5.5655956e-04   1.4478549e-22   2.3854753e-37   3.2605633e-03   7.3404760e-68
   1.2238591e-03   3.5178200e-08   2.3404575e-20   1.6446970e-03   5.8978087e-15   7.0691026e-04   1.4821180e-12   1.4672449e-17   3.4755706e-03   1.1355763e-57
   1.1581469e-03   6.2706726e-05   8.4219566e-22   1.8901709e-03   7.4399890e-28   7.1413280e-04   2.4461216e-10   7.7467639e-34   3.2330256e-03   2.7387964e-47
   1.3213684e-03   1.0269547e-06   1.7221377e-24   2.4125000e-03   1.7795450e-41   6.9419840e-04   8.7675942e-17   3.0799230e-13   3.3584468e-03   1.1228370e-49
   1.1222835e-03   1.8969998e-07   2.6921959e-25   1.8331889e-03   2.3524090e-31   7.2262196e-04   8.0569408e-16   3.5809415e-46   4.3184769e-03   3.2236968e-62
   1.2986075e-03   3.9473060e-11   1.2388561e-27   1.5762718e-03   7.1855068e-53   6.9133479e-04   1.5476891e-18   7.6706288e-47   2.7826261e-03   3.7654231e-69
   1.2879648e-03   3.6372701e-09   9.7821528e-27   2.7991806e-03   3.6655061e-51   3.5880346e-04   8.7470375e-24   2.2383206e-08   3.3313228e-03   3.5370944e-51
   1.1112987e-03   9.1956623e-11   1.7885785e-30   3.4695474e-03   7.0767884e-16   4.4433031e-04   1.3288626e-23   3.4582218e-17   2.8995024e-03   2.8418240e-55
   1.3347541e-03   1.2154472e-13   1.9332456e-24   2.8670038e-03   2.6477720e-18   4.8241968e-04   5.4535798e-22   8.4864816e-34   7.1331627e-04   6.0548402e-57
   9.4364354e-04   7.5298630e-04   2.7133362e-13   3.0111878e-03   1.6545346e-39   7.1951994e-04   2.6531906e-18   7.2373007e-50   1.1387509e-03   1.0171746e-41
   9.3993779e-04   5.5963565e-04   3.1969541e-22   3.2887629e-03   4.7313344e-25   4.8583950e-04   4.0729446e-19   2.4961669e-63   1.1543425e-03   4.9832251e-53
   1.0460909e-03   8.7176263e-04   2.8498681e-28   3.3235402e-03   2.1069832e-28   3.6460578e-04   2.4850439e-20   6.1561455e-44   2.2605810e-03   1.2148579e-47
   1.0751511e-03   9.7096342e-06   1.4005219e-24   3.9191853e-03   3.2349952e-31   3.8621935e-04   1.1978673e-14   3.8318653e-12   3.2953223e-05   7.0188411e-47
   8.4113571e-04   6.9628067e-12   1.1743501e-29   3.7830124e-03   1.0976385e-32   5.6329728e-04   1.3339116e-14   1.1452890e-13   5.0484512e-12   4.3908125e-70
   1.0057387e-03   2.6189934e-07   6.5818065e-28   3.4695972e-03   1.3699566e-36   4.0378518e-04   3.4461919e-24   4.9951646e-10   2.4164349e-03   4.6178629e-57
   7.0074565e-04   8.9989837e-04   1.3210183e-26   2.8909976e-03   1.4453626e-55   3.0245737e-04   6.1596168e-21   4.1681707e-13   2.8355271e-03   1.6256390e-46
   6.6588992e-04   7.9550492e-04   8.7452008e-23   2.7808528e-03   2.1238314e-65   3.6133204e-04   2.5191028e-15   6.0032734e-38   4.4067539e-03   1.0671414e-46
   6.9649904e-04   5.5844038e-04   1.1722735e-25   2.3935798e-03   1.6147437e-44   5.3959334e-04   4.2591924e-16   2.0051961e-32   6.2034975e-03   2.6986678e-60
   5.1263407e-04   1.2996767e-08   7.6711332e-22   2.8862764e-03   6.4924318e-45   6.5180855e-04   3.0908838e-13   8.0127383e-23   3.6328512e-03   2.8467812e-62
   5.0965200e-04   6.0123303e-08   9.8253760e-20   3.2604490e-03   2.3966227e-31   4.7220384e-04   2.0720540e-14   1.7133266e-21   3.1154766e-03   3.2653240e-50
   5.9073036e-04   9.6904246e-09   5.6988780e-25   3.2884542e-03   1.0573216e-33   3.3595322e-04   3.0449322e-18   1.0252577e-12   4.1832226e-03   9.8516713e-48
   5.6858993e-04   5.2834014e-06   6.4134487e-25   3.3644810e-03   3.0190601e-36   5.2026190e-04   1.4300961e-19   1.9588409e-03   3.3198948e-03   2.6964511e-40
   7.4095320e-04   3.1815964e-09   1.0225291e-27   4.5048393e-03   8.1945204e-27   3.6870455e-04   9.4185361e-19   1.2495061e-05   6.8646182e-04   9.1305388e-44
   7.4405748e-04   5.9504526e-05   1.6565919e-32   4.5458840e-03   4.7468323e-33   3.5023675e-04   8.1318617e-20   1.0877778e-36   1.4166110e-04   8.8757619e-65
   5.2681109e-04   4.8070858e-04   3.4934026e-25   4.2640487e-03   2.1863127e-62   2.8239969e-04   5.4045394e-18   1.3233946e-15   1.1262344e-03   2.0643285e-44
   4.9382793e-04   2.7188359e-04   6.2322585e-30   3.3397618e-03   6.3528066e-69   3.0601896e-04   9.0953516e-21   5.0464887e-12   2.0244335e-03   9.1241474e-42
   4.2645591e-04   4.5877080e-04   1.6616515e-24   3.3802143e-03   4.1035171e-67   4.3381611e-04   7.6374057e-18   4.1495773e-11   6.4703772e-04   8.6432641e-54
   5.2876439e-04   1.2536570e-06   2.9794191e-25   3.4280540e-03   6.0264720e-61   3.7916353e-04   2.3986120e-16   1.4203432e-13   1.7805164e-03   9.6638960e-43
   4.3849489e-04   4.7338222e-13   9.9444737e-30   3.7933597e-03   1.8388520e-54   2.8472025e-04   2.2112141e-10   4.9647691e-36   4.3831668e-03   3.5810675e-33
   4.4287312e-04   5.7225744e-13   9.7811794e-30   3.9807207e-03   1.8606587e-44   3.0664228e-04   1.9548669e-22   2.4236535e-67   1.7721092e-03   3.9776600e-32
   3.4835028e-04   6.6252894e-07   7.8078744e-34   4.4237674e-03   1.1970701e-44   3.2920529e-04   1.6563693e-18   1.2663770e-70   3.6627342e-07   3.5293723e-61
   4.3723387e-04   5.4527702e-04   5.4602484e-34   4.4501012e-03   1.5892344e-33   3.7961500e-04   2.9313143e-21   4.3494914e-38   1.4285888e-03   3.9640813e-34
   3.1084340e-04   2.1542787e-04   5.6831061e-32   3.8299630e-03   1.1770261e-33   2.6966579e-04   1.1654877e-13   9.3663447e-16   4.7914291e-03   1.2004066e-18
   4.4799160e-04   4.6319413e-05   2.8965465e-34   3.6139799e-03   1.3716987e-34   3.1292458e-04   1.2090336e-21   1.0508061e-14   6.5027650e-03   5.2448162e-32
   3.1926416e-04   4.7249101e-05   3.8465640e-34   3.5125028e-03   1.2469461e-38   3.1281447e-04   1.8647821e-20   3.8507638e-14   6.7542031e-03   9.2844671e-29
   3.3780454e-04   3.9702975e-08   2.3482011e-30   3.6814335e-03   1.4982486e-40   2.7817100e-04   1.0933554e-19   1.9141862e-09   4.9606731e-03   1.9302102e-33
   2.9899430e-04   2.8970963e-09   1.9676455e-27   3.6273838e-03   6.0863985e-48   3.1803998e-04   5.6127213e-19   2.5738738e-10   3.7693450e-03   4.5372450e-25
   3.4250605e-04   8.1664576e-15   7.5172858e-30   3.9311182e-03   1.2967613e-41   3.1749497e-04   6.7339216e-15   5.8145434e-09   3.8021459e-03   2.2714710e-22
   3.2214471e-04   1.7189772e-07   5.9624741e-29   4.1397079e-03   2.5622064e-58   2.8830607e-04   4.2220195e-13   2.2556469e-06   3.2831556e-03   2.3256108e-37
   3.1606143e-04   2.5035807e-04   2.1377515e-19   4.0932319e-03   1.3085100e-33   2.5639541e-04   2.8328508e-08   6.5601360e-27   2.3602856e-03   1.1760529e-28
   3.0987198e-04   4.1197874e-12   4.1350026e-16   4.7231198e-03   1.6162908e-29   2.7917232e-04   1.1146621e-16   3.6274901e-39   4.8235801e-04   9.0564919e-22
   2.3335995e-04   2.4549152e-09   8.9072207e-30   4.9410374e-03   5.9766357e-36   3.2923002e-04   2.6473628e-13   3.7406150e-18   1.0476410e-04   2.1559218e-24
   1.3749683e-04   1.8195902e-04   2.5414359e-33   5.1371779e-03   1.2686261e-34   3.9488003e-04   5.1097730e-16   1.1895618e-27   2.3484670e-05   1.5746563e-37
   1.7390451e-04   1.8877640e-15   1.4025323e-41   5.8677677e-03   6.5137808e-27   2.8781829e-04   1.1373283e-12   1.4938146e-18   3.2191491e-04   1.5507418e-40
   1.7051775e-04   3.5025900e-20   1.2078633e-34   6.7969269e-03   3.2390839e-20   3.6649884e-04   9.4274146e-19   1.1990506e-03   2.1326781e-04   2.9006898e-25
   2.5798981e-04   1.2451839e-13   6.1883405e-32   6.3021124e-03   1.4332416e-15   3.0470291e-04   8.4248609e-20   1.6576925e-02   4.0319336e-04   4.9178075e-27
   3.0343128e-04   3.8158382e-10   4.3957199e-23   5.2755959e-03   4.6287061e-16   2.2044507e-04   1.1558737e-18   1.5712521e-02   2.3412876e-03   1.2446291e-08
   2.6602224e-04   2.1861585e-11   4.0044043e-23   5.4966952e-03   2.3305661e-39   2.7360668e-04   6.4948518e-14   3.9674554e-03   2.2594756e-03   6.4682900e-14
   3.3174663e-04   2.7566020e-19   9.8193840e-29   6.0177253e-03   4.0965429e-38   2.3076979e-04   2.2573753e-08   2.8997479e-07   4.3320648e-03   1.9103164e-15
   4.0543797e-04   1.1091729e-08   5.5308125e-23   4.6844642e-03   1.4474330e-38   3.3253412e-04   3.4407115e-16   4.9631150e-19   7.3549613e-03   7.6315931e-17
   3.8160852e-04   1.8968476e-08   1.6869706e-13   4.4032392e-03   6.3628550e-22   2.9107334e-04   3.0635595e-12   8.2027519e-78   7.2822198e-03   1.2124213e-26
   3.4146622e-04   7.2654194e-12   3.7847633e-14   4.6388673e-03   4.8845459e-28   3.2941573e-04   1.2623388e-08   1.2088216e-25   6.2296340e-03   8.3925624e-20
   2.6004657e-04   1.7430150e-11   2.6004151e-24   5.9921100e-03   1.7911470e-19   4.5505471e-04   9.2946404e-18   2.3154072e-14   3.1789407e-03   2.2339120e-15
   2.3784085e-04   1.9229328e-14   3.6478356e-32   7.5934077e-03   8.9561791e-05   2.9896327e-04   2.6594911e-15   8.9486543e-12   2.5390886e-05   1.8227131e-29
   2.4449966e-04   1.0084245e-16   1.8923154e-38   7.3666755e-03   2.0642407e-04   1.6490164e-04   1.3809796e-13   1.5480982e-11   2.0764805e-08   5.5157674e-13
   2.5732668e-04   2.4579901e-08   1.5347295e-31   6.5006105e-03   1.8212793e-25   1.8995290e-04   4.9260010e-12   4.3447411e-20   1.9543802e-10   6.5490411e-07
   2.8225763e-04   4.5317691e-04   2.9530188e-31   5.9186953e-03   4.5538971e-34   2.1484667e-04   1.4523842e-19   9.6139673e-08   1.8375375e-10   8.5956734e-05
   2.1720093e-04   2.1755650e-04   1.7252349e-21   4.7947173e-03   7.1850328e-38   2.4220574e-04   2.8094136e-15   8.4533147e-04   6.0094765e-06   3.1041231e-04
   3.3820819e-04   7.6572568e-09   3.8647299e-16   4.4890429e-03   1.7672095e-36   2.6199418e-04   4.2520852e-14   8.0880500e-03   7.8935116e-04   2.3086318e-04
   3.1659594e-04   1.0002505e-10   5.5120817e-24   6.3038382e-03   7.2469995e-26   1.7586098e-04   3.2863401e-18   1.8066497e-05   3.0749133e-04   1.9140292e-04
   2.6924933e-04   5.3139839e-15   1.7776145e-21   6.9040587e-03   1.8675936e-14   2.5395879e-04   1.2096042e-20   3.7987853e-12   3.4969796e-05   1.5104543e-04
   2.7290102e-04   4.3741110e-14   1.2833687e-18   6.0663405e-03   3.2246808e-16   2.7711425e-04   4.3551122e-15   1.2627739e-28   5.7171200e-04   1.3005951e-04
   3.2749845e-04   6.2513137e-12   5.0973470e-19   5.5378123e-03   1.8814799e-22   2.1272361e-04   1.1656245e-19   1.4621033e-70   1.1170724e-06   2.3556558e-05
   2.7631100e-04   7.1744131e-08   1.9273456e-19   5.9294668e-03   1.0053699e-17   2.2790820e-04   6.1165668e-19   4.9941811e-62   3.5795196e-04   6.1547155e-10
   2.6597733e-04   2.7731938e-16   1.0820078e-24   6.4873324e-03   2.7729057e-12   1.4632736e-04   2.2870031e-16   1.2355615e-32   5.7095624e-09   4.3950410e-05
   2.5747910e-04   2.7127739e-17   1.6575191e-17   6.7687610e-03   1.7848291e-16   1.3010954e-04   3.3383701e-21   1.4283636e-21   6.4029039e-10   5.0069932e-05
   1.3822223e-04   2.6622361e-10   4.7946200e-20   7.2096891e-03   7.7689887e-18   1.3822783e-04   2.4701509e-19   4.6864883e-24   1.6129306e-14   1.4756241e-10
   1.6780424e-04   6.2384801e-12   2.1907520e-32   7.7792829e-03   4.4251459e-17   1.5855755e-04   5.4505679e-22   1.0712320e-12   3.7788125e-17   2.5145489e-06
   3.4436892e-04   1.4817021e-17   1.2693989e-33   5.8971439e-03   5.5249410e-31   1.7720348e-04   7.0930311e-25   5.6379314e-07   5.1287524e-12   3.4283614e-04
   2.7030298e-04   8.7016335e-22   5.3349418e-33   5.1529674e-03   6.7912987e-30   1.6103610e-04   6.3730965e-17   4.2374022e-12   3.5117776e-10   5.3925129e-04
   1.7812074e-04   1.9073546e-22   4.5740414e-25   5.4299798e-03   1.2717697e-22   1.2894484e-04   6.7580805e-10   2.0283792e-13   1.5861553e-18   6.2572392e-04
   2.4169962e-04   1.5610440e-13   4.0517042e-24   4.7082072e-03   1.1766210e-37   1.4597142e-04   3.5252642e-11   6.8015670e-52   6.8387093e-17   9.2224173e-04
   2.3451204e-04   5.0373565e-13   5.3881025e-29   5.0365962e-03   1.6565308e-40   1.3796294e-04   1.5715280e-14   1.3536756e-35   2.6174136e-24   8.7934678e-04
   2.0690948e-04   4.4417673e-14   1.7672074e-30   5.3141141e-03   5.4537680e-18   6.8656713e-05   5.9710338e-16   7.6654759e-28   2.0094224e-22   4.9428850e-04
   2.5989845e-04   1.9387033e-17   1.3617327e-27   5.1457577e-03   1.5097630e-20   6.7051241e-05   3.6202969e-21   2.6245410e-06   5.2013003e-21   1.9166436e-04
   2.7906619e-04   7.7150774e-16   6.4911001e-34   5.7976980e-03   2.1940657e-29   5.9619432e-05   3.8317630e-19   1.7847685e-03   9.1553508e-23   4.0489870e-05
   2.0180713e-04   2.4131567e-14   9.2050765e-31   5.3942453e-03   1.6620057e-11   1.1059863e-04   1.3465689e-15   9.8421498e-03   1.4280392e-16   1.0097209e-18
   2.0326136e-04   2.1872883e-16   4.2298125e-32   4.4755947e-03   1.5273131e-14   1.3974599e-04   3.0557363e-18   1.3040518e-02   1.5551891e-12   2.8868145e-04
   1.7743118e-04   1.2315767e-18   1.9558162e-23   4.2522264e-03   6.0010549e-23   1.4427968e-04   3.1414779e-15   7.5765695e-06   2.6216028e-11   5.3172681e-05
   2.6716722e-04   5.6914080e-16   9.1295854e-27   4.8485078e-03   3.8439962e-15   1.0372061e-04   2.9814972e-10   1.8206242e-13   1.2004937e-10   3.2395492e-04
   3.3679047e-04   4.9693876e-21   3.4727899e-33   5.6233129e-03   6.3046491e-43   4.6479506e-05   9.6456120e-16   4.5362384e-08   1.4304197e-20   3.9867839e-04
   2.6038934e-04   2.5419971e-13   2.1625583e-29   4.7338373e-03   4.2650954e-25   7.3402813e-05   1.4320696e-23   1.5143414e-08   3.4946297e-13   3.6168092e-04
   1.7208377e-04   6.3541626e-16   1.5572056e-31   5.7286626e-03   1.8271643e-14   7.7662705e-05   2.5573936e-16   8.5240075e-07   7.9671402e-18   2.9200790e-04
   1.6180276e-04   9.2443300e-21   5.4758773e-35   6.5304093e-03   4.9812980e-21   1.0637608e-04   1.6813318e-18   2.3297092e-09   2.4924653e-25   5.0164519e-04
   1.0541507e-04   9.0248654e-10   2.4285217e-31   5.6846496e-03   3.6969999e-24   1.7434884e-04   2.3878032e-11   1.0911254e-23   3.2542477e-23   5.6190518e-04
   2.1462839e-04   2.1745020e-09   9.5768159e-41   5.5346599e-03   6.6191557e-24   1.3626388e-04   3.2143035e-14   2.8894746e-07   3.8518551e-25   4.8128988e-04
   2.8822861e-04   6.8876253e-11   1.4647817e-38   5.2115512e-03   3.0324599e-22   5.5031189e-05   5.4523460e-17   5.2352919e-03   5.8268689e-33   1.3370496e-04
   2.3593130e-04   5.1806428e-10   2.0079762e-32   5.1191642e-03   2.1811156e-24   7.0233804e-05   8.3336047e-15   2.3539624e-03   4.1368045e-30   1.8266865e-04
   1.5637186e-04   3.9752502e-05   4.4204063e-23   4.6644372e-03   1.0305512e-41   8.7283646e-05   1.1883269e-04   2.2074904e-06   2.1834315e-22   3.1455946e-04
   2.3241974e-04   1.0114138e-06   6.1892258e-23   3.9048161e-03   3.8081784e-44   1.0280893e-04   5.7608640e-05   1.1621866e-60   1.1306160e-21   4.3882525e-05
   2.2399867e-04   4.0276346e-12   1.1913132e-30   4.2210911e-03   4.6674187e-46   1.0130641e-04   5.2700836e-13   8.4715196e-04   3.2989557e-26   1.3292518e-24
   2.3881484e-04   2.5731305e-08   6.4028907e-27   3.5631155e-03   2.6642890e-50   1.4314641e-04   8.4348749e-16   2.0332833e-02   4.3431339e-18   9.1604683e-07
   1.8839126e-04   4.3379782e-15   5.2080298e-29   4.8810201e-03   3.5201412e-32   9.9170269e-05   1.0702315e-18   1.2273079e-02   6.0442947e-23   4.3161472e-05
   1.2441816e-04   3.9347635e-20   5.2697651e-28   5.5010813e-03   7.2062140e-21   1.0177329e-04   1.6538176e-09   2.8042628e-04   4.6979098e-29   1.1279763e-04
   1.7059787e-04   3.9260995e-22   1.8132648e-20   5.4668663e-03   5.3301059e-31   5.2032661e-05   7.8514807e-05   1.8978388e-06   1.9595182e-30   4.3443604e-13
   1.9061488e-04   5.5369565e-19   1.6711338e-23   5.1452941e-03   8.5249918e-35   5.9512702e-05   3.6196489e-07   4.2409654e-03   8.9256627e-28   1.9608636e-04
   1.1980552e-04   3.4303139e-15   1.7730103e-20   3.7953668e-03   2.5920311e-21   1.0366134e-04   1.7958673e-12   1.6255673e-02   4.8693739e-13   5.1603981e-04
   1.8738082e-04   2.6166784e-11   1.3235865e-22   3.0359478e-03   2.2356274e-54   8.6417791e-05   6.0148010e-07   2.6854087e-02   1.4004519e-09   5.3262352e-04
   1.5684684e-04   1.7116324e-19   6.7342814e-39   3.7550486e-03   2.7831179e-22   1.3300316e-04   2.8706644e-09   3.6484245e-02   2.9069163e-20   2.6288592e-04
   1.1482431e-04   6.7117538e-22   1.5592513e-34   4.6761464e-03   2.7256947e-14   1.4101424e-04   2.2866817e-12   3.1586430e-02   3.4770643e-31   3.1105165e-05
   1.5717824e-04   6.8279042e-29   4.0118206e-40   4.9673576e-03   2.9305426e-24   9.4249736e-05   1.5956771e-14   6.5827224e-03   5.8168814e-27   2.1052640e-04
   1.8547449e-04   8.7275643e-24   7.4170130e-26   4.2758334e-03   5.9707738e-31   1.0365728e-04   1.0618412e-20   1.4204065e-03   3.1652685e-27   2.4631170e-04
   1.4452786e-04   8.6892648e-20   4.1366485e-16   3.8589767e-03   6.9063333e-23   1.2879338e-04   1.2077598e-07   9.8981564e-03   4.8601077e-30   4.8847105e-05
   2.3274053e-04   9.9359243e-16   1.5957790e-11   3.6390516e-03   2.5516282e-22   9.9035965e-05   1.3215811e-05   1.5138097e-02   2.5528600e-19   1.2047777e-06
   2.1906888e-04   6.1574068e-11   1.0843181e-13   3.7329885e-03   1.2321496e-36   7.8509792e-05   5.4308800e-06   7.6783207e-03   2.0649970e-12   7.5576077e-05
   1.5540826e-04   4.7705883e-15   1.5346808e-18   3.9985157e-03   1.3245410e-48   8.8535286e-05   1.0946041e-04   6.2110689e-06   1.0682170e-27   5.9487762e-05
   1.9905300e-04   2.6097247e-23   2.7209408e-25   4.2259713e-03   9.9770010e-17   1.0272626e-04   2.0483994e-04   9.5506119e-06   2.0494499e-23   1.5725806e-04
   1.3835638e-04   1.4847871e-23   5.8066369e-33   4.2073654e-03   4.9023471e-35   1.7902615e-04   1.8426281e-04   8.0914456e-03   3.5316703e-22   3.7457259e-06
   1.5356227e-04   1.8225345e-23   1.0904006e-38   3.6305677e-03   1.6380313e-21   1.5599795e-04   1.8464513e-04   1.5164897e-02   8.9104653e-24   1.4796798e-04
   3.4560834e-04   1.4623560e-28   1.2133310e-23   2.9344664e-03   1.6832189e-13   1.8458767e-04   3.2975525e-08   9.4062244e-03   2.6311279e-17   5.5876492e-05
   2.6005688e-04   8.0094744e-17   3.0563555e-15   2.9280806e-03   5.4544749e-27   1.6899315e-04   1.5203164e-05   1.9944066e-05   8.5386317e-16   2.0754193e-04
   2.8063613e-04   1.4406533e-14   2.8672168e-12   3.5559794e-03   7.6628579e-23   1.1573295e-04   4.9731011e-06   1.4984287e-22   1.5727314e-23   1.6669824e-04
   2.2280565e-04   1.5251226e-18   2.6021524e-14   3.7081960e-03   8.7963264e-12   7.0306836e-05   1.1298699e-04   1.4726027e-15   5.2747697e-24   4.2541188e-04
   1.5689771e-04   5.9307672e-16   9.6891068e-10   3.2266036e-03   8.5684717e-05   7.2052508e-05   5.5719183e-05   1.2983499e-05   8.3759843e-21   1.8455571e-04
   2.5300713e-04   5.9474103e-25   3.5395386e-21   3.9251724e-03   1.2582330e-12   8.5762105e-05   3.9817479e-18   2.8482342e-07   4.6684859e-28   4.4313621e-05
   2.7624798e-04   3.4118883e-30   2.0384444e-28   4.7178002e-03   3.3392738e-18   7.1599755e-05   2.6997893e-13   2.2595084e-03   8.2609627e-34   2.2070263e-13
   2.9160982e-04   2.5309004e-28   1.4316487e-34   4.4327260e-03   1.3091093e-18   7.6260179e-05   4.0113159e-16   4.3487651e-03   4.0103085e-26   1.5381477e-05
   2.2562590e-04   2.9365099e-27   1.0801882e-30   4.3826223e-03   4.0807763e-24   9.5069625e-05   3.1945454e-12   3.2952940e-05   5.3224817e-25   9.8532694e-08
   2.4970475e-04   1.3826127e-29   2.4679427e-31   4.5669209e-03   3.4156285e-08   1.0836662e-04   2.9108580e-13   1.7136663e-08   2.8101305e-35   2.8293735e-05
   1.5952578e-04   9.6654604e-27   9.7948296e-25   4.2914076e-03   6.4857990e-05   1.1791821e-04   7.9792250e-05   2.3172433e-08   1.8791043e-37   1.3723716e-04
   2.4642280e-04   9.5010128e-34   2.7753416e-17   3.4064870e-03   6.1630953e-16   7.2724096e-05   1.6246201e-04   3.5224108e-08   1.6868043e-38   8.7083168e-05
   2.9898798e-04   1.4550242e-24   7.8441920e-13   2.6467119e-03   3.0597216e-22   5.7529400e-05   1.4823194e-04   9.1862796e-08   1.5878527e-31   1.5473645e-15
   2.8758495e-04   2.7546699e-25   1.5566019e-21   3.3402829e-03   2.2187586e-21   7.2162937e-05   1.0334726e-07   6.3979086e-03   1.2044617e-33   4.7217431e-05
   2.4912261e-04   5.0585572e-29   2.2309570e-32   4.3128616e-03   7.4693817e-09   7.5027628e-05   2.5769497e-08   3.3990092e-03   3.0777758e-29   1.2948176e-04
   1.8242429e-04   4.5606067e-28   5.4055767e-29   4.5017963e-03   2.3597450e-04   7.7377217e-05   5.6005038e-11   6.3104313e-04   4.3667291e-21   3.6660395e-05
   2.3709004e-04   1.5629523e-26   1.0328148e-30   3.8177301e-03   2.6507881e-04   7.2037541e-05   1.1475432e-13   4.8427310e-03   2.2978874e-22   1.1140135e-04
   2.3152991e-04   7.6078785e-24   1.0045435e-22   3.1193935e-03   5.9849107e-05   7.9376623e-05   1.5049445e-07   1.3188886e-02   2.3007475e-16   9.9903624e-05
   2.2104350e-04   1.2228418e-25   2.4508338e-26   3.0684395e-03   6.3274848e-06   9.1291563e-05   6.3820604e-13   1.8536775e-02   1.7135498e-16   1.4229643e-05
   2.1217636e-04   1.3601795e-21   4.3136351e-26   3.2107343e-03   1.1071087e-04   7.7480192e-05   2.0107091e-05   1.7213195e-02   1.7931309e-23   8.6953543e-05
   2.9784086e-04   2.5452682e-22   2.4295140e-21   2.8795393e-03   1.6070362e-06   4.4261339e-05   8.5011155e-05   1.8101770e-02   1.1355999e-22   1.2026131e-04
   2.8608190e-04   2.4585682e-15   9.6109222e-20   2.1937536e-03   5.0577140e-06   5.4840397e-05   1.9832568e-05   3.8913037e-02   3.6135309e-18   1.8182417e-04
   2.1922341e-04   1.0232510e-22   2.1312495e-29   3.3610671e-03   2.6546811e-04   3.7173308e-05   2.2627684e-07   3.1936501e-02   3.1179072e-36   3.3939993e-04
   1.8600692e-04   7.9751975e-33   7.1145080e-32   3.8664702e-03   5.3736854e-04   4.6539494e-05   7.0401452e-05   8.8935931e-03   2.3965880e-33   1.0135656e-04
   1.8643060e-04   7.6631120e-26   2.6897302e-24   3.7651837e-03   4.3427189e-04   5.0287587e-05   5.9773548e-05   7.5887653e-07   4.0217803e-27   3.3914710e-05
   2.4165797e-04   2.8613968e-21   4.8552795e-23   3.6150063e-03   1.9844212e-04   4.4291451e-05   8.0847104e-05   6.3057533e-09   7.9329080e-21   3.4257988e-05
   3.1450721e-04   1.4116748e-22   2.1303801e-27   3.5413012e-03   2.2140341e-06   3.0068821e-05   1.3646034e-05   1.6209398e-09   2.5092572e-18   1.0690958e-08
   3.3264559e-04   1.8693711e-27   3.0920094e-32   3.4248590e-03   4.3096531e-06   3.1120142e-05   2.3199954e-08   2.9465122e-09   3.4006663e-16   4.7024304e-06
   3.0909608e-04   5.8945088e-24   8.2435043e-29   3.0905066e-03   2.9653958e-06   4.3448894e-05   1.2919970e-05   6.3709657e-04   2.3338388e-16   5.5759795e-05
   2.6306807e-04   2.2689382e-31   5.5447721e-28   3.1872191e-03   1.6508449e-05   2.9629019e-05   4.1772977e-05   3.5472896e-03   5.9498130e-23   3.0688630e-04
   2.2438245e-04   1.0687444e-33   1.1943149e-35   3.5756884e-03   7.2356803e-05   2.2446909e-05   1.6495192e-11   1.5867617e-02   6.7773063e-24   4.3262842e-04
   2.3323477e-04   3.9658167e-33   2.1788753e-25   3.0368831e-03   6.2614713e-05   3.0767849e-05   7.4085299e-11   3.2962699e-02   8.1776240e-19   2.2893884e-04
   2.3541106e-04   5.8978994e-20   3.1991620e-31   2.5016973e-03   8.6240337e-05   4.0363944e-05   1.0180072e-10   4.2907712e-02   2.0914534e-11   3.3021242e-04
   3.0852770e-04   2.3284859e-14   4.2386364e-21   2.0401285e-03   6.3705874e-09   4.8716425e-05   5.6681110e-07   3.6997677e-02   5.3987083e-06   2.8779530e-04
   3.3743826e-04   2.6956874e-19   2.0834364e-20   2.3876710e-03   4.2099557e-07   3.7117410e-05   3.1191817e-08   1.7405789e-02   8.4254273e-17   1.3541415e-04
   3.8898289e-04   4.6447959e-24   4.5644789e-26   2.8109997e-03   6.3994710e-14   6.0859339e-15   7.4392399e-09   9.9693912e-11   4.7466096e-16   5.4730112e-05
   3.0054596e-04   2.8624586e-28   3.1509926e-31   3.2875781e-03   7.5079137e-09   2.4334565e-05   1.0542360e-04   7.8556670e-03   4.3163940e-09   3.0992176e-04
   2.1332696e-04   4.4579705e-31   5.0286312e-33   3.5675693e-03   3.2469786e-05   2.1867819e-05   3.0082030e-05   1.6246314e-02   4.7025289e-10   3.7289338e-04
   1.4008894e-04   1.6328610e-34   7.2358262e-29   3.8473658e-03   8.2570233e-05   1.5320950e-05   1.4189263e-04   9.0308267e-03   3.9334872e-18   7.7608251e-05
   1.6809256e-04   5.2129648e-28   1.8943712e-39   4.0747573e-03   5.5470723e-16   1.3483356e-05   1.9872746e-04   1.0028396e-03   3.5683920e-13   1.9749416e-04
   1.9332886e-04   3.3052851e-21   7.4606360e-29   3.7031780e-03   2.8814051e-12   1.0278439e-05   1.9577773e-04   4.7116913e-04   2.9474088e-15   1.8281256e-05
   1.8404526e-04   1.2632985e-10   2.3218729e-20   2.8510465e-03   2.7079679e-04   1.9402318e-05   2.1276484e-04   3.2813865e-03   7.1839277e-09   3.0343526e-04
   2.6366044e-04   2.1700135e-11   8.9045462e-16   2.5135402e-03   1.9942737e-04   2.8099579e-05   1.7338635e-04   1.3726471e-03   5.1106720e-06   3.1907822e-06
   2.0941967e-04   1.5075179e-20   8.8111594e-21   2.5525482e-03   2.9423732e-38   2.5051239e-05   2.8029038e-04   9.5371514e-10   2.0535102e-05   1.8492788e-04
   2.1155819e-04   2.1296246e-26   4.0803929e-25   2.3931553e-03   2.6851209e-14   5.0788125e-08   9.4399695e-05   3.2472966e-14   4.4033590e-09   1.1539306e-04
   2.4870307e-04   1.6368917e-21   2.4454631e-30   2.8246325e-03   2.2990513e-04   2.3875757e-05   9.7979866e-06   3.4253330e-03   1.3077727e-11   1.4609899e-04
   1.9483020e-04   3.3884978e-31   1.0193532e-33   3.6913613e-03   3.8546273e-04   1.0568809e-05   3.0418535e-09   9.5398329e-03   4.8226585e-18   1.3400458e-04
   1.3265029e-04   1.9049895e-20   5.5192004e-32   4.1917050e-03   4.0622183e-04   8.9807838e-06   2.1519520e-04   6.0952921e-03   1.1272394e-24   4.4492607e-06
   1.5816134e-04   3.4872512e-16   4.0322226e-45   3.4829229e-03   1.5880339e-04   1.5391143e-05   1.9177271e-04   1.5837877e-03   5.9910302e-23   4.2051438e-07
   1.9886078e-04   2.0542472e-20   3.2705719e-45   3.0815898e-03   2.8311654e-04   1.5183723e-05   1.3029014e-04   2.1992206e-05   3.7044332e-13   2.9497108e-05
   3.2317997e-04   1.0850960e-25   1.6916499e-38   3.2619518e-03   1.2751391e-05   3.3512160e-06   1.1408159e-07   2.7289811e-03   2.1753254e-13   5.3805503e-09
   2.3988777e-04   3.6780385e-34   7.2545008e-40   3.5601835e-03   1.1744896e-11   3.1078066e-18   1.4947479e-13   4.1585860e-03   7.4173429e-20   1.5276665e-07
   1.6251434e-04   6.4156063e-28   7.3209250e-32   3.6112267e-03   3.5073945e-04   1.5170353e-07   6.1312926e-08   2.0756786e-05   1.7849819e-18   2.0411900e-18
   1.8143827e-04   5.2225704e-26   3.6251943e-26   3.3527519e-03   2.4261899e-04   7.0520446e-10   7.5279523e-06   1.5275220e-09   6.6408927e-22   6.5742899e-05
   1.5074051e-04   3.7966873e-32   1.1727733e-42   4.2103594e-03   3.2754893e-36   3.7514162e-13   1.4974389e-15   3.1047152e-03   2.8951173e-19   1.9409431e-10
   1.4956497e-04   3.2345012e-36   2.3168160e-43   5.6364910e-03   5.6917489e-05   3.5125953e-11   1.1876349e-16   4.9356641e-03   3.1613908e-23   1.2971082e-09
   1.1255926e-04   9.2159731e-34   1.3136079e-41   6.0250039e-03   2.9532161e-05   6.4631734e-14   1.8887941e-13   5.2149228e-04   6.3365968e-28   9.3039206e-07
   1.0026139e-04   9.8338107e-31   3.1252881e-39   4.5773412e-03   3.0328285e-04   1.0541309e-08   1.5803082e-06   2.8110332e-09   7.6545892e-26   2.2855585e-06
   2.0567330e-04   6.1280680e-22   1.4893716e-19   3.1589450e-03   2.3428994e-04   1.3196954e-05   1.9542844e-07   9.3484245e-42   5.6214583e-17   2.4531902e-05
   1.7212635e-04   1.6001239e-22   1.4786505e-38   4.0258277e-03   7.0018795e-09   6.4408079e-07   4.9317301e-09   1.8006960e-11   4.0626558e-12   1.9501424e-05
   1.7196761e-04   2.3390698e-29   1.4406517e-35   3.9296011e-03   5.9514789e-05   5.4917306e-15   3.3635306e-06   1.6098755e-04   9.4575848e-12   6.6866079e-11
   1.7252895e-04   9.6094658e-26   3.2812927e-34   3.3316520e-03   2.3686335e-04   1.3485495e-08   7.6360388e-07   3.4035457e-16   3.4060214e-13   6.1365974e-26
   1.4711293e-04   5.2498406e-17   3.8701757e-20   2.9174316e-03   2.9197987e-04   1.3932286e-05   2.4695227e-08   1.0880676e-22   2.9794176e-07   3.8186303e-16
   1.0279257e-04   7.7907592e-15   2.7030025e-27   3.2855381e-03   3.5665328e-04   1.8264388e-05   1.9218191e-05   3.4320183e-18   6.3235115e-12   1.4014461e-05
   9.2041091e-05   1.7162147e-22   1.6946265e-40   4.1838840e-03   3.5520521e-04   7.9469839e-11   4.4227396e-09   1.8523806e-08   1.5380235e-13   2.4084406e-05
   9.1581157e-05   1.9254846e-23   1.9170936e-38   4.4647455e-03   1.8729781e-04   8.3754552e-08   2.5104472e-09   7.4589913e-07   5.1445688e-10   1.9212666e-07
   1.3548610e-04   1.7998503e-22   1.6332062e-34   4.2294600e-03   1.9928828e-06   3.3089372e-10   2.2484252e-05   1.4877048e-24   3.7115462e-15   1.8172623e-09
   9.2661218e-05   6.6451042e-18   2.2669500e-27   4.4342016e-03   7.9982981e-05   8.3203326e-06   1.0345231e-06   6.8070559e-26   1.7461197e-23   7.2767099e-06
   8.6870075e-05   1.7178638e-21   2.9024654e-32   3.8429775e-03   3.2559802e-04   1.8202326e-05   5.6029461e-05   7.8836340e-04   7.5483499e-26   2.3162007e-05
   1.4223193e-04   1.0782164e-17   3.4781396e-17   2.6207679e-03   3.8449835e-06   4.2209471e-05   9.0381038e-05   3.7806854e-03   5.3434009e-25   1.1531717e-06
   7.9927587e-05   6.2751939e-14   3.3836506e-16   2.3890083e-03   2.9903475e-04   4.1934026e-05   5.2682125e-05   7.3846036e-38   1.7362287e-11   3.4755077e-06
   5.0068072e-05   9.5892367e-27   5.6791634e-24   2.9230144e-03   4.3791227e-04   3.9445046e-05   7.7815003e-05   1.4045530e-03   3.3130265e-24   3.2376265e-05
   8.5178592e-05   1.6963856e-23   1.1027412e-32   2.6735195e-03   3.3888498e-04   2.7455263e-05   8.5676590e-05   3.0108680e-03   1.2543795e-18   4.3019286e-06
   1.1376905e-04   6.0078072e-16   1.0951353e-21   2.4180317e-03   8.2699228e-11   1.5683546e-05   1.0109710e-04   3.3727902e-16   4.7189565e-10   1.1326550e-05
   5.6431785e-05   2.4292233e-11   1.2588476e-20   2.2824068e-03   1.6479057e-04   5.4486784e-05   9.2746595e-05   3.0597125e-12   6.1933755e-14   1.1214333e-20
   9.7736799e-05   2.3599812e-14   1.3020337e-11   2.2020759e-03   1.6526714e-04   5.2952612e-05   1.5306057e-04   1.5121833e-04   1.6469172e-12   2.8859283e-14
   6.3643004e-05   1.2063705e-25   3.3724270e-18   2.9776518e-03   1.7101256e-04   5.5020672e-06   1.5679055e-04   1.0143517e-02   3.8113072e-19   3.5582027e-12
   6.7327845e-05   4.0226613e-32   7.8485942e-26   3.6737441e-03   7.6622902e-09   1.3187577e-05   7.4950515e-05   6.1335293e-03   2.1130327e-34   3.7125013e-18
   7.9887637e-05   3.6878893e-33   8.8184235e-23   3.1465128e-03   1.3972057e-04   2.4735267e-05   6.2299285e-07   2.1091136e-10   3.4245924e-27   5.4452027e-05
   5.4704350e-05   2.1738263e-16   7.4281458e-28   2.2603835e-03   2.4759039e-04   2.7248614e-05   6.8203147e-05   5.5158302e-27   2.0547391e-07   6.5350414e-05
   5.2203478e-05   1.6115967e-25   1.9221560e-21   2.5129677e-03   2.6161475e-04   4.3525527e-05   4.2351847e-05   1.1597999e-08   1.4400495e-13   4.8251522e-06
   5.0426790e-05   1.6059871e-23   5.6915586e-22   3.4486463e-03   2.7495448e-04   9.4832861e-07   2.4682061e-05   4.1177860e-22   3.2845450e-23   5.3304230e-05
   3.3135751e-05   1.0046011e-30   2.3842106e-43   3.7357202e-03   3.3459718e-04   1.5347587e-05   3.5707418e-05   1.3475622e-30   1.7680885e-20   3.5051990e-05
   2.8225422e-05   2.0148078e-25   1.4895493e-30   3.4338470e-03   4.7201273e-04   2.8857035e-05   7.8294269e-05   1.2978723e-07   1.6953881e-21   4.3679061e-05
   1.7664641e-05   2.3161499e-21   5.7078144e-23   2.7041790e-03   3.2071881e-04   3.0460091e-05   1.6955677e-04   1.4846519e-05   2.4483024e-14   1.6888370e-05
   5.1125796e-05   4.8084694e-19   3.4773034e-15   2.1944824e-03   1.5278162e-04   2.1302014e-05   9.7329287e-05   1.4787908e-20   1.1647813e-18   7.2741283e-05
   4.8568461e-05   4.8309296e-16   1.5546945e-24   2.0637354e-03   8.4254298e-05   3.0809401e-05   1.0383205e-04   1.4801789e-05   4.1983023e-10   4.0357964e-05
   5.4283944e-05   8.7183841e-15   4.3119944e-26   1.8279564e-03   7.4249558e-05   1.5448821e-05   1.2126088e-04   2.7791038e-03   1.0174021e-05   7.7516408e-05
   5.9161810e-05   1.6617221e-10   2.6779577e-23   1.7896496e-03   1.2285005e-04   2.9034917e-05   1.4041516e-04   1.1766725e-03   1.1195974e-09   7.3746818e-05
   5.5394355e-05   2.7924438e-14   6.2118982e-27   1.9940937e-03   1.5146384e-24   2.4164242e-05   1.6438579e-04   2.9444149e-07   1.3381429e-16   8.8793832e-05
   5.4624529e-05   4.5874505e-09   1.2060364e-24   2.0592694e-03   1.2679492e-04   1.3480977e-05   1.8261776e-04   3.9257387e-11   3.6967654e-18   8.5235109e-05
   1.2796840e-04   4.4983578e-07   8.6763429e-27   1.7291447e-03   7.8481883e-07   2.6240901e-05   3.0177258e-05   3.0493254e-11   3.0468186e-13   1.1213291e-05
   1.2463099e-04   1.6876826e-09   3.0252337e-25   1.6081774e-03   2.8861640e-09   3.2049878e-05   1.1197351e-04   3.3952148e-03   3.4999084e-10   9.2738373e-12
   4.5548665e-05   2.3836260e-15   1.2844489e-25   1.6117014e-03   2.8150412e-04   3.4619657e-05   1.6571298e-04   4.4621562e-03   6.0221106e-18   2.7912419e-05
   4.0609305e-05   5.4679038e-17   1.2852312e-23   2.3133101e-03   4.0580845e-04   1.9604425e-05   1.1283926e-04   1.9350197e-03   8.5943894e-30   5.5937270e-05
   3.5879833e-05   2.0241570e-18   1.4880238e-22   2.6187801e-03   3.1509964e-04   4.9942629e-06   8.6736903e-05   1.9496197e-10   1.6430515e-45   5.1564594e-05
   6.5079030e-05   2.3133891e-21   6.6724385e-23   2.3366764e-03   1.4999301e-04   1.6475128e-05   2.4236041e-05   6.3394777e-39   6.0788588e-38   3.3592238e-05
   4.6070686e-05   3.2444144e-30   1.8571427e-22   2.5057217e-03   3.0141364e-04   1.4980429e-05   1.0991483e-06   5.5435851e-17   3.5829028e-35   7.4597263e-05
   4.4302329e-05   5.5317136e-19   2.0819444e-35   2.7697808e-03   2.0159808e-04   1.4636321e-08   1.0274233e-05   8.1128439e-28   1.3742581e-39   7.5529540e-05
   4.7436757e-05   5.4541118e-17   6.1738877e-26   2.5886142e-03   9.4544911e-05   1.2175496e-05   2.3281604e-05   1.1470636e-32   5.8076145e-33   8.1769382e-05
   5.3882369e-05   3.4893654e-16   3.1973028e-29   1.8825388e-03   7.8312118e-05   1.8711562e-05   2.5550491e-05   4.8813557e-25   7.1343552e-31   1.2335937e-05
   6.5474174e-05   3.5936611e-11   4.8146655e-19   1.1242262e-03   5.1442907e-05   2.9999955e-05   4.2122505e-05   2.9545836e-14   9.0997219e-22   1.3571331e-10
   9.7827831e-05   2.4173493e-08   1.5288774e-22   1.0874317e-03   2.3894879e-20   2.0270452e-05   4.3343145e-05   9.9593773e-24   3.1741074e-21   6.4978154e-08
   9.0256842e-05   2.0824296e-15   9.2219200e-14   1.2692334e-03   6.6171335e-08   1.9873057e-05   6.6569604e-05   1.1362121e-24   3.4339246e-15   6.0996971e-05
   5.2979080e-05   6.8012934e-18   3.3616918e-23   1.6180449e-03   7.2342105e-05   1.5809231e-05   4.6129666e-05   1.4623805e-12   5.3992474e-19   3.4083821e-06
   5.5321545e-05   2.5427558e-18   5.1196712e-24   1.5869293e-03   7.6194153e-05   2.9070538e-05   6.2198237e-07   1.5378939e-10   9.4292070e-24   2.1056791e-05
   5.0637008e-05   3.4418469e-09   2.6332261e-21   1.5063431e-03   1.9352743e-16   3.2639253e-05   4.1662860e-06   1.2536673e-08   1.3205815e-22   2.2332860e-05
   4.0213814e-05   2.2886239e-06   9.9208790e-18   1.4310000e-03   2.1961849e-05   2.0264003e-05   1.0040732e-05   5.6567033e-11   2.8413915e-17   1.0311568e-16
   2.7491698e-05   1.1537212e-11   1.3197826e-07   1.3516002e-03   4.3473595e-18   1.7911975e-05   2.3844784e-05   1.0153018e-19   1.0257627e-18   8.2317844e-05
   3.8108841e-05   2.3646184e-25   5.3998023e-19   1.4110856e-03   1.7039646e-05   1.8506376e-05   1.6875687e-06   4.0564211e-34   6.5301918e-28   6.0698429e-05
   2.8510292e-05   1.2174448e-19   3.5164264e-14   1.4539430e-03   2.3465623e-06   2.9610801e-05   2.6344892e-06   1.1544679e-39   2.8411531e-38   1.3124441e-05
   4.4393576e-05   1.8206285e-15   1.0427986e-12   1.3037478e-03   2.3623904e-05   2.9350549e-05   9.1973583e-08   1.4192485e-58   2.9411323e-36   2.4841401e-22
   4.0518069e-05   4.7369874e-22   2.5104191e-09   1.3029238e-03   2.2045689e-05   7.8502919e-06   1.4141783e-05   1.2504537e-35   1.9390732e-36   2.5994028e-05
   4.9688624e-05   9.5694357e-23   1.3166170e-10   1.2495194e-03   4.6322197e-14   2.0135140e-05   5.3361325e-07   4.7276436e-45   1.9920014e-38   1.3345145e-05
   6.5192751e-05   1.7343572e-18   2.0617007e-05   9.4992822e-04   1.0507137e-13   2.4104708e-05   1.1110820e-09   6.1617634e-20   2.4315346e-35   3.2950986e-10
   5.7530529e-05   1.2962517e-17   1.9674882e-12   8.8460759e-04   9.3404282e-24   1.8147139e-05   1.8378691e-12   6.2597128e-05   7.1035817e-26   1.2508469e-05
   6.2609229e-05   6.1129732e-22   5.7587130e-10   9.2434625e-04   8.2018621e-06   8.1761451e-06   9.6649137e-09   1.1385533e-13   6.6649400e-28   2.5748045e-05
   4.5835111e-05   3.0372892e-25   1.8035710e-11   7.4303915e-04   1.4600895e-21   1.4909852e-05   2.8080273e-05   2.4289782e-39   1.5380562e-22   7.5770889e-06
   4.9518574e-05   3.4376568e-15   1.5218886e-10   5.0917009e-04   1.2717597e-32   3.2921744e-05   3.0648792e-07   5.3609332e-32   2.9961125e-16   5.1067128e-05
   4.1117540e-05   1.8630173e-22   4.6448391e-18   7.1334604e-04   2.8774048e-37   2.6598399e-05   4.4501616e-15   1.2689722e-27   7.9863884e-26   3.9605697e-05
   4.6957852e-05   4.0446721e-21   3.9682022e-21   9.0235773e-04   5.6151389e-34   1.5027591e-05   6.0907590e-12   2.4805576e-10   1.3493689e-38   2.8264230e-11
   4.8589931e-05   3.2240703e-24   5.1850198e-12   8.5676660e-04   6.7926963e-17   7.7695132e-06   6.2563065e-06   7.0220900e-05   1.5786278e-38   1.9844304e-05
   4.9052334e-05   3.0224695e-15   1.4903019e-17   7.3950212e-04   2.3896502e-19   2.2294569e-05   4.8442028e-14   2.3047732e-09   7.6134696e-29   2.1712629e-05
   2.7230859e-05   1.2209939e-17   1.3024440e-17   7.9495833e-04   1.2038479e-36   1.7620751e-05   6.4898045e-19   1.2570322e-39   6.1647169e-32   5.2443637e-05
   3.0493727e-05   1.5840225e-27   3.4102090e-23   9.0698433e-04   1.6616679e-21   7.3090001e-06   6.3460006e-09   2.9099394e-50   6.3035850e-36   2.6958496e-15
   2.5450150e-05   1.8632664e-24   5.0401162e-27   7.9087304e-04   8.9149922e-22   8.6202495e-06   7.1723394e-07   2.2664003e-58   1.9423964e-38   2.9600615e-05
   3.6021358e-05   5.3686520e-22   1.3643916e-12   5.6834877e-04   1.8000194e-25   1.3102009e-05   1.8848095e-06   1.6184118e-62   3.2053281e-36   2.5131091e-05
   3.8392469e-05   6.3101939e-25   8.2580869e-10   5.4952746e-04   6.7299197e-22   1.7866106e-05   3.2599673e-09   4.2072120e-76   5.0429484e-33   3.1787823e-05
   3.5488268e-05   4.2760580e-31   4.0185181e-12   6.1244339e-04   8.8554759e-18   1.5815902e-05   6.7223912e-09   1.0167166e-28   1.3144627e-38   2.8728982e-05
   5.5735027e-05   1.1870544e-18   3.9093879e-17   5.2156657e-04   1.0829874e-32   9.2555341e-06   3.0566147e-09   1.0929808e-08   9.7780948e-28   5.5410897e-06
   6.4700135e-05   1.1532316e-13   4.9254180e-16   4.7736266e-04   7.1355778e-43   1.3352312e-05   4.8232151e-18   1.1491543e-19   2.9719691e-35   1.7302206e-21
   5.2443844e-05   2.3626518e-15   3.4093660e-09   4.3811783e-04   6.2594809e-27   1.6925898e-05   2.5078252e-10   3.4635622e-13   8.6521883e-36   4.1300811e-06
   3.7540754e-05   1.0710363e-24   2.8582539e-06   5.2439742e-04   1.5001878e-20   1.3460664e-05   8.1329933e-08   2.9225273e-04   1.0790768e-33   3.7906711e-05
   3.8399558e-05   1.0386302e-29   4.3815276e-18   5.6733800e-04   1.0017774e-22   6.7772911e-06   8.6287124e-09   1.2475526e-09   8.4577215e-37   2.0243805e-05
   4.9914506e-05   9.0578879e-27   4.5925486e-17   5.5139199e-04   3.9160507e-26   5.3694454e-06   4.8581007e-08   3.1211863e-27   8.3588870e-33   1.7274148e-05
   4.6530389e-05   2.8746340e-29   9.4333796e-17   5.8202888e-04   1.3149523e-36   9.6787303e-06   3.3665634e-09   5.4472747e-14   5.9452250e-34   1.1732816e-05
   3.8174110e-05   1.5310358e-30   1.6607048e-20   5.8377300e-04   2.4745019e-55   1.0084935e-05   4.9060411e-18   2.8388025e-15   8.5353603e-36   4.3027089e-05
   3.2212063e-05   2.3144112e-21   2.5474825e-23   4.3571588e-04   2.0452253e-48   7.8973792e-06   1.2197995e-06   7.9211557e-08   1.1572624e-30   1.5125744e-05
   4.8701478e-05   4.0228130e-24   2.2198841e-24   3.8880064e-04   4.8503659e-65   1.2919172e-05   1.4490580e-16   1.2166064e-05   3.9211527e-36   2.3468828e-05
   3.7815972e-05   2.3732307e-29   5.0891099e-30   5.9213230e-04   1.1013464e-44   1.0099998e-05   1.3879333e-23   2.2234875e-19   4.9418583e-49   2.4011346e-05
   2.9730957e-05   1.2523254e-28   1.4571394e-41   6.8667807e-04   3.7552585e-42   7.8829415e-06   5.8826039e-18   1.9532987e-25   3.5755695e-65   3.4129423e-05
