   1.3183547e-03   4.3558373e-04   2.7057927e-04   1.9931441e-04   1.0634865e-08   2.4090391e-32   1.8623558e-03   3.1352213e-02   1.2568074e-03   3.4299124e-22
   6.1977452e-04   6.0992929e-04   3.7422751e-05   7.9204461e-04   6.8864747e-13   1.5395119e-23   3.6991932e-03   3.1660789e-02   1.0591935e-03   1.8443854e-20
   6.4916902e-04   5.0480566e-04   1.5940956e-04   5.2775238e-04   3.0996281e-21   2.1293395e-18   7.4594946e-03   2.0169638e-02   8.0284939e-04   1.5777804e-13
   7.2552178e-04   2.2315591e-04   3.5482853e-05   5.8091226e-04   1.2777071e-17   8.2199106e-25   4.3064513e-03   8.9698047e-03   6.1754415e-04   7.2576190e-10
   4.6312813e-04   1.2198584e-04   3.1183556e-05   5.4598692e-04   1.2500052e-13   1.6415497e-22   3.2056139e-03   6.6400709e-03   2.9320418e-04   7.9883549e-05
   4.6866241e-04   1.2654639e-04   8.6165804e-05   2.7471161e-05   3.0234067e-15   4.1496237e-28   3.3042696e-03   5.9071402e-03   2.2738107e-04   6.2419181e-12
   7.7106511e-05   8.7654721e-05   1.0201413e-04   1.9677891e-04   4.8411713e-14   1.9162015e-27   6.7053015e-03   5.7518422e-03   1.7064953e-04   1.0159769e-14
   2.7313912e-04   2.9923819e-05   7.9697665e-05   1.6503458e-04   7.8556513e-06   3.8746200e-22   2.1416441e-02   5.5180472e-03   1.3011121e-04   4.3972572e-08
   8.1195236e-04   1.0717937e-04   7.9948218e-06   1.2772370e-04   1.8626719e-05   9.9409527e-19   6.5687184e-02   5.1439974e-03   6.4046870e-05   3.7089864e-08
   3.0339536e-03   2.2448105e-04   1.8670775e-06   8.8632836e-05   2.0916501e-14   8.3489943e-18   1.3593831e-01   1.8694953e-03   4.0560838e-05   1.2916084e-04
   1.0898579e-02   5.8995939e-04   1.5832259e-09   9.8777164e-04   6.1743339e-18   4.4042127e-22   1.9021297e-01   1.4832960e-03   1.2783959e-06   5.1621699e-05
   5.0168699e-02   1.9647292e-03   4.6096025e-14   2.8237155e-03   6.2707055e-28   4.5736765e-19   1.5853451e-01   7.6383865e-04   7.9935307e-13   2.9787700e-13
   1.2513983e-01   3.2599759e-03   1.3363500e-10   1.6159732e-02   5.6331793e-20   7.3779029e-09   5.1709306e-02   1.0722673e-04   2.3403331e-15   3.3511012e-05
   1.1158560e-01   1.7864587e-03   9.2633095e-13   1.6867957e-01   2.1381300e-30   1.3634056e-02   3.1687376e-23   1.7424360e-06   1.8415759e-11   3.1176763e-05
   3.0980381e-02   1.5864766e-03   2.3895483e-15   2.7262572e-01   2.0247148e-29   1.6199962e-02   2.5721317e-25   5.7895643e-05   1.6005128e-03   1.1812329e-04
   4.4032227e-03   2.0322817e-03   2.2189251e-14   2.2979696e-01   1.8348864e-04   9.6619655e-03   1.4489021e-07   4.1398787e-03   1.0662525e-02   2.3276606e-05
   4.5898280e-04   1.8863381e-03   1.9606134e-11   1.2327502e-01   7.2256588e-02   5.4334225e-13   6.6159788e-07   7.3461065e-03   3.0215987e-02   2.3956183e-10
   2.4098203e-04   2.1598209e-03   2.0329957e-04   3.7368980e-02   1.5844234e-01   6.4165132e-14   2.3490616e-03   7.3054274e-03   3.5591768e-02   1.6410090e-08
   4.1875478e-04   1.6107413e-03   4.6632373e-03   6.6384657e-03   1.9694579e-01   8.2091961e-14   1.5503056e-02   3.4525157e-03   1.4453243e-02   6.4575606e-09
   3.7925737e-05   8.1081675e-04   1.1381262e-02   2.6622247e-03   1.6311428e-01   1.9168294e-17   3.8350923e-02   1.6886904e-03   2.4243689e-03   6.8597534e-05
   9.1654237e-04   3.0399165e-04   1.6511330e-02   7.4186435e-04   1.3111101e-01   5.1821214e-25   6.1717979e-02   2.0480705e-03   7.3139072e-04   4.6561101e-05
   3.3791768e-03   3.0561476e-04   1.1589897e-02   1.1195265e-03   9.7760343e-02   2.0854394e-19   7.8528931e-02   2.1795887e-03   4.7800375e-04   1.7925433e-05
   2.3219337e-02   5.5133256e-04   4.9214005e-03   1.5776851e-09   4.9787618e-02   9.1509323e-39   6.7041417e-02   1.8874403e-03   4.5275305e-04   5.9765560e-05
   5.4495712e-02   5.6504612e-04   7.2607565e-04   2.8228753e-05   2.9942235e-02   6.4456114e-25   3.7018785e-02   3.6246252e-03   2.2549021e-04   5.4074307e-06
   9.0162479e-02   1.7186359e-03   1.2030290e-05   1.5098503e-15   2.1075352e-02   4.6539282e-04   1.0441803e-03   2.7017499e-03   5.1124184e-05   3.4897537e-05
   1.1211272e-01   1.6272209e-03   2.3671354e-04   4.7727795e-19   8.7887934e-03   1.6037696e-02   1.7004955e-12   1.1986210e-03   3.0398473e-04   8.8405742e-05
   9.5656229e-02   1.4623674e-03   3.2129041e-05   9.4073439e-07   3.7180999e-07   6.1753290e-02   1.7500994e-12   3.0841846e-03   4.3987695e-04   9.0035163e-05
   4.7790652e-02   1.2121417e-03   1.7990376e-04   7.0160674e-03   1.0974005e-03   1.5581789e-01   1.0105911e-06   3.0926954e-03   8.0258601e-04   6.8416519e-05
   1.0238833e-02   4.6810130e-03   6.6940525e-07   8.7095327e-03   2.7997915e-10   1.9370112e-01   1.1185172e-03   2.2530962e-03   4.9812398e-03   6.7423286e-05
   6.6087469e-05   8.9026733e-03   2.4797646e-09   1.4818833e-02   2.4578269e-19   1.1001704e-01   5.4030309e-03   1.7101130e-03   1.8727488e-02   5.9441686e-05
   7.5930875e-08   1.0487855e-02   1.7404694e-08   1.3409011e-02   7.2277436e-18   3.0303239e-02   1.5943771e-03   5.0920313e-03   4.7352163e-02   3.4738578e-05
   5.5433396e-06   9.3335395e-03   6.2334052e-06   7.4743143e-03   1.2908607e-25   7.0030667e-03   3.6086124e-07   1.0397181e-02   9.1322604e-02   7.6023527e-07
   3.7036975e-07   1.1447393e-02   1.4706314e-04   2.0520035e-08   8.6084313e-23   4.1351792e-13   5.1083817e-08   6.6411451e-03   1.0432629e-01   2.1860947e-09
   1.9832108e-10   1.6285671e-02   3.1852616e-05   2.5179633e-12   6.5824575e-17   3.2878502e-25   9.0184093e-13   1.3090868e-04   1.0588256e-01   2.6257061e-12
   6.8662424e-13   2.0262097e-02   1.0528627e-02   1.5492150e-18   2.6065051e-06   8.1429000e-30   9.0082027e-11   2.3380763e-14   8.5350181e-02   6.1044666e-27
   3.5625599e-09   2.0917486e-02   3.4723759e-02   5.5678841e-18   1.6098675e-03   1.2565006e-35   7.8917084e-12   1.0671946e-15   3.6220287e-02   1.8017707e-20
   1.6903236e-10   2.1492538e-02   5.1693398e-02   2.7619761e-22   5.0011662e-07   3.7996121e-38   1.0700912e-11   2.3781250e-15   1.3566011e-03   2.9600095e-21
   9.2187090e-13   1.1074378e-02   1.3318596e-01   2.5163254e-23   2.9929996e-25   5.7553048e-36   4.7369773e-20   1.7137551e-19   5.6779211e-24   1.0275194e-15
   3.7185117e-18   7.1806407e-03   1.5065512e-01   7.9824154e-31   1.8935924e-31   3.5472888e-32   1.8532829e-22   1.6529622e-14   9.3780466e-19   5.6757359e-05
   1.7202290e-10   6.9401843e-03   9.7185043e-02   4.3923269e-18   2.3904480e-25   5.3536752e-03   1.2093175e-13   1.5778677e-12   4.5515217e-08   1.6576987e-12
   1.6159148e-12   1.2479273e-02   4.0980295e-02   6.6863546e-09   1.1907863e-16   1.3647270e-02   8.2926632e-10   4.3186767e-08   2.3741099e-06   2.1908339e-09
   2.6689921e-16   1.6011894e-02   1.9178962e-02   8.9660374e-07   3.5646475e-10   1.4732362e-02   2.4297914e-10   5.6774804e-08   7.6013555e-07   1.8017684e-13
   5.8381772e-17   1.5412957e-02   1.4306895e-02   9.8380946e-09   7.4605542e-06   9.9496357e-03   1.7048296e-03   1.2093756e-05   6.5416897e-08   3.0169883e-13
   1.7832436e-20   1.8019659e-02   6.5601192e-04   4.8857463e-15   4.3860970e-14   4.6633167e-03   7.5600189e-09   2.0186458e-09   5.6447167e-08   2.1543256e-16
   6.1301070e-15   1.9986649e-02   7.2000377e-18   1.3652419e-07   4.5056639e-19   3.4001363e-06   5.3672877e-14   5.6182667e-10   2.4936760e-05   2.9462799e-13
   3.7286994e-12   2.1020286e-02   2.7590143e-20   1.5106325e-07   2.2287613e-14   4.2362083e-34   5.1378020e-09   6.1204060e-10   4.0511346e-03   3.4198487e-14
   3.8432710e-06   2.0591107e-02   6.4871183e-17   9.2384259e-14   1.5758328e-14   1.1188273e-33   6.7133314e-06   2.4130184e-09   6.2256444e-03   1.3225214e-12
   6.7211604e-04   1.8554714e-02   8.3617593e-17   2.4508847e-21   5.6001379e-13   2.3764166e-30   1.4786651e-06   3.3870193e-10   1.4842244e-02   1.1123162e-11
   3.9440139e-05   1.9796056e-02   6.5307609e-16   3.3941504e-16   3.6028516e-17   3.5203434e-34   3.5235878e-11   1.6425192e-09   3.5709750e-02   1.3585541e-10
   7.7200817e-04   1.9318665e-02   1.1937272e-15   7.2401536e-24   4.4464901e-29   4.6240605e-49   1.0410007e-21   4.3583594e-15   6.8098139e-02   1.2393685e-10
   3.6983623e-03   1.7630368e-02   3.3400798e-11   3.0964866e-27   8.4215859e-31   1.1781256e-35   1.2144494e-25   1.1349379e-17   9.1414056e-02   2.8814091e-05
   5.4325774e-03   1.5717531e-02   1.7319691e-11   5.6070661e-29   1.1645948e-23   2.2106637e-20   1.5561132e-23   6.7915516e-18   8.7805482e-02   1.5118605e-06
   5.5024447e-03   1.2878973e-02   1.3758022e-07   2.0959342e-20   1.9552076e-11   4.9923842e-05   8.2569339e-13   1.3181496e-08   5.3104233e-02   4.6745372e-05
   2.5261773e-03   1.4016104e-02   8.0798814e-04   1.0698051e-05   2.7930407e-04   9.9311421e-04   5.0712313e-05   1.7063884e-04   1.8084906e-02   7.1090005e-05
   1.2060130e-07   1.5354265e-02   3.8772377e-03   3.8487047e-03   5.5903126e-07   3.6451327e-04   4.8417981e-05   1.6971040e-04   5.0148315e-06   1.0553346e-05
   2.3170824e-12   1.2858130e-02   6.3025919e-03   1.2812136e-03   9.1441050e-10   6.2447266e-03   9.8074758e-05   2.5287705e-04   1.2926583e-10   8.9068084e-05
   1.4680895e-11   1.0487735e-02   1.1485978e-02   2.3202744e-03   1.2426662e-08   7.7484358e-03   2.2734896e-04   1.5689848e-04   1.4594865e-14   1.6164671e-04
   1.7013084e-09   1.1096780e-02   1.2887131e-02   2.8460380e-03   1.1929976e-14   1.8259575e-03   4.6045959e-09   9.5347125e-06   3.5278920e-19   1.4532451e-04
   2.3570776e-11   1.0837056e-02   1.1402860e-02   2.0598343e-03   1.1217491e-18   8.4537897e-29   4.7904576e-13   2.0980694e-07   9.4095310e-16   1.1721634e-04
   2.3497745e-11   1.0267563e-02   6.6567509e-03   3.2055397e-03   2.9684932e-15   6.7860269e-39   2.5392581e-13   3.0100971e-07   2.9296956e-17   1.5916376e-04
   6.3091883e-09   1.0888034e-02   2.8299761e-03   3.4367390e-03   1.5790723e-12   1.0868997e-28   1.9444188e-12   3.2505088e-07   3.0024537e-13   1.6973752e-04
   1.1273326e-08   1.1829934e-02   3.1215579e-03   1.4356475e-03   5.9845251e-08   3.4336540e-37   2.3606563e-13   7.9521992e-07   8.3408826e-12   1.5998133e-04
   1.7673811e-05   1.2845313e-02   5.7862862e-03   8.3753645e-04   4.6714934e-13   2.9896198e-45   3.8169820e-15   6.4874517e-05   8.1262492e-10   1.6288614e-04
   2.2061407e-03   1.2532962e-02   4.0934454e-03   1.0735824e-04   2.2096458e-25   4.4269733e-38   1.6894585e-22   1.9803726e-05   1.4467139e-06   1.2882308e-04
   3.5869557e-03   9.6602902e-03   3.2802172e-04   1.1237356e-06   2.8780258e-28   3.8264225e-07   8.6478488e-24   5.9452509e-05   8.4683057e-04   7.1103383e-05
   2.9561018e-03   8.3226865e-03   2.4494489e-11   8.1436035e-07   7.4004682e-33   1.0483441e-03   1.6852122e-15   8.0893151e-05   1.1758903e-03   1.2875194e-04
   4.5771909e-04   9.0397181e-03   4.6182814e-09   1.3056990e-11   1.1326005e-40   3.6690917e-03   2.9459824e-18   5.0967222e-06   1.8316812e-03   1.7076342e-04
   3.6390884e-06   9.1462593e-03   6.3317830e-12   1.6151555e-11   2.5170754e-34   4.1388504e-03   1.1854212e-18   4.6033407e-08   1.0695313e-03   1.5911597e-04
   2.2003372e-07   9.3604336e-03   8.0692269e-18   2.2653324e-05   2.3688206e-45   3.8779089e-03   3.2594326e-21   2.9930064e-07   8.1557309e-07   1.4490227e-04
   7.3169577e-10   9.8871871e-03   3.1572196e-18   2.4305386e-08   1.3022949e-45   3.8235758e-03   4.1873500e-22   9.2968830e-07   1.3207821e-14   1.5958343e-04
   8.9688818e-16   1.1199131e-02   1.6943276e-18   1.4247364e-11   1.3057691e-39   1.8036823e-03   6.1904283e-25   1.1218444e-09   2.0355253e-28   1.1211599e-04
   6.5426240e-16   9.7920443e-03   5.0903848e-11   7.5221166e-16   1.0391252e-36   1.4612641e-04   2.1882067e-22   5.1468648e-09   3.1535852e-31   8.7374201e-05
   7.6659838e-31   1.5256854e-02   6.4562419e-18   1.4660616e-30   3.7886982e-63   1.7716881e-37   1.5744294e-39   8.7458839e-22   2.1668203e-45   1.9635868e-05
   1.4579331e-32   1.7866904e-02   4.4504063e-13   1.4561330e-32   4.1378378e-63   9.3987797e-38   1.0826124e-37   7.6829810e-24   1.7799046e-50   2.9009580e-05
   2.1636300e-32   1.8917538e-02   1.8523015e-07   4.5720054e-39   2.8617699e-63   6.6737116e-39   1.7171283e-39   2.0823272e-21   1.1150568e-59   3.1972049e-05
   7.0017819e-18   1.2903778e-02   7.5034459e-03   2.0402582e-25   4.5844398e-56   2.7968549e-26   4.9053225e-41   1.0361146e-16   2.2881757e-52   6.8073935e-05
   1.0359881e-09   9.3741059e-03   7.5501175e-03   2.0550248e-15   9.0033446e-51   2.6309856e-13   7.7764871e-35   5.2325649e-08   3.9075315e-38   9.8341509e-05
   2.2251926e-06   8.3668439e-03   4.4971998e-03   9.9266908e-06   3.7035877e-44   4.2815328e-04   2.8131658e-27   1.3564249e-04   1.2107016e-26   1.3748378e-04
   6.4687938e-05   7.0154218e-03   2.9149737e-03   1.0377369e-05   8.3797583e-34   1.9243185e-03   2.6107962e-20   2.1072193e-04   9.7326037e-24   1.3356070e-04
   1.2233622e-04   6.4967486e-03   1.2558258e-03   4.0725316e-04   1.1517841e-32   3.8570604e-03   8.2606354e-22   4.4308630e-04   2.1434155e-20   1.8022022e-04
   2.8784458e-05   7.0802025e-03   6.7394423e-04   2.5937917e-04   1.5491860e-33   3.7882670e-03   2.3143103e-19   6.1175075e-04   2.8359769e-17   1.5180377e-04
   1.9177354e-08   6.7006071e-03   6.6420900e-04   4.2992558e-05   3.3557067e-29   3.1553329e-03   4.1768210e-14   3.4316194e-04   7.2951942e-16   1.3764117e-04
   1.4323926e-12   5.6955781e-03   1.4259036e-03   1.4540649e-10   2.2561397e-24   3.6622885e-03   1.6553104e-11   3.5306071e-04   1.0212678e-16   2.3907952e-04
   2.0955355e-10   5.4017871e-03   2.0711929e-03   2.9677249e-10   3.0059815e-16   2.7097134e-03   8.3231115e-06   4.4449795e-04   2.2684661e-22   4.4288474e-04
   1.4201834e-05   5.7603110e-03   1.3929538e-03   6.0935978e-10   3.4465266e-13   1.1248102e-03   9.1962914e-04   2.8286172e-04   7.9470689e-27   3.3746726e-04
   4.3048470e-05   5.5837559e-03   3.3742460e-04   2.2797007e-08   6.9758509e-11   6.7365699e-04   5.0598683e-04   3.9487469e-04   3.8844791e-26   2.4914741e-04
   1.3391715e-03   6.1586095e-03   1.7226449e-04   6.3279148e-14   2.8191874e-23   5.8834056e-08   9.4877320e-05   1.9729446e-04   6.2717178e-31   2.5922731e-04
   1.3480887e-03   6.8229900e-03   7.1612617e-04   3.5353188e-16   3.5679703e-27   4.3105970e-10   6.6603803e-07   3.9436177e-04   4.2610901e-31   2.5750213e-04
   2.7635022e-03   6.4922695e-03   9.3989887e-04   1.5865552e-17   2.8800346e-32   1.3641339e-07   1.0321714e-12   2.0320190e-04   1.1558947e-34   3.8195104e-04
   2.8316610e-03   5.2888297e-03   1.9645971e-03   4.7408137e-12   2.1902985e-39   2.1793432e-04   9.2067873e-20   1.6650529e-04   2.6483397e-29   3.2734782e-04
   1.9395396e-03   5.4113399e-03   2.5595178e-03   3.4684929e-08   1.9080177e-39   3.7382010e-04   8.3836527e-21   2.5359751e-04   2.1369646e-28   2.0879154e-04
   1.6149647e-03   5.3113934e-03   4.3205960e-03   2.2463303e-07   4.3194693e-42   8.5043054e-04   1.6051505e-22   3.6438582e-04   8.1696956e-24   1.9875628e-04
   5.2737684e-04   5.5980445e-03   6.7983600e-03   9.7212495e-09   1.1053508e-42   1.7212126e-03   5.5152894e-22   4.1387408e-04   1.0833924e-20   3.1183721e-04
   2.3838121e-07   5.1147852e-03   1.0959684e-02   5.6996268e-05   5.9495896e-37   2.8168052e-03   4.6591425e-16   1.1127298e-03   1.0666822e-17   3.9866374e-04
   6.4050798e-07   5.4328707e-03   1.0042285e-02   2.1307046e-05   1.3816602e-34   2.6739426e-03   2.6540237e-12   1.6642900e-03   1.0017302e-21   2.4636732e-04
   2.4768853e-08   3.1428633e-03   2.0943686e-02   1.1764043e-04   3.5674724e-46   1.8300415e-03   1.1020127e-12   3.0792689e-03   3.0239248e-21   2.4640359e-04
   2.8155074e-06   1.7625875e-03   2.5358234e-02   3.1514270e-04   8.0444924e-38   1.6387322e-03   4.9502816e-10   3.8472242e-03   1.0351624e-14   2.3375184e-04
   1.5086044e-04   1.3373608e-03   1.9900272e-02   3.0119325e-04   2.4341863e-31   1.3704783e-03   7.6668790e-04   3.2815900e-03   7.4096473e-08   3.4305835e-04
   3.0071281e-03   9.7546255e-04   1.2143377e-02   4.6361232e-08   1.4163104e-43   1.2020169e-03   4.5444378e-06   3.2297193e-03   8.9107510e-05   4.2722309e-04
   4.8314869e-03   1.4216414e-03   1.0371352e-02   8.2761340e-14   2.6733074e-40   4.9144546e-18   1.7867707e-12   1.9332561e-03   1.5198805e-07   6.0571285e-04
   9.6239248e-03   1.1972629e-03   9.5433799e-03   1.3089160e-16   2.8441257e-47   2.7225523e-12   1.7027347e-19   1.7282429e-03   1.4146750e-04   8.5603836e-04
   1.4372665e-02   1.5473617e-03   6.5134955e-03   1.3984231e-18   1.9193999e-39   4.4804175e-09   1.0192859e-09   1.8383612e-03   1.1944386e-04   7.2123155e-04
   1.4942716e-02   1.8581265e-03   4.4411400e-03   3.0022314e-17   3.7298539e-40   1.3939717e-04   2.8600606e-14   1.4399958e-03   7.3141124e-07   4.6448745e-04
   1.2203624e-02   2.2237133e-03   7.4596585e-03   1.4707698e-11   1.1477776e-30   1.0790118e-03   2.2204627e-15   1.5492123e-03   4.8295301e-09   5.3614108e-04
   7.5433043e-03   2.4350450e-03   8.3892057e-03   4.5790363e-09   6.6911070e-23   2.0940612e-03   3.0653756e-11   2.7562195e-03   1.1426160e-14   4.9954589e-04
   4.0095220e-03   2.1600364e-03   6.3019907e-03   6.2738188e-05   2.2087905e-10   3.3142554e-03   4.8504807e-08   4.5808166e-03   2.8586103e-12   4.6375064e-04
   2.5184720e-03   2.0418650e-03   2.5385941e-03   2.4578485e-04   6.8666619e-09   4.0547478e-03   9.0654794e-04   5.3959641e-03   1.2680988e-11   4.3974231e-04
   1.2403713e-03   2.6491978e-03   2.1993132e-03   8.2418757e-04   1.7642917e-23   3.5749661e-03   6.7517142e-07   4.1888863e-03   5.1394818e-14   5.6786867e-04
   1.9256577e-05   2.3670026e-03   2.7691678e-03   1.0928143e-03   1.3141592e-24   4.0912073e-03   2.4177862e-05   6.0426934e-03   6.9319874e-11   6.8722708e-04
   1.9634026e-03   1.6410987e-03   2.9214173e-03   1.1906067e-03   7.8978945e-24   2.2762631e-03   9.3940246e-10   7.4094273e-03   1.6018871e-10   5.8714940e-04
   1.7548259e-03   8.3196027e-04   2.5699186e-03   1.4559176e-03   9.8659502e-12   9.0184948e-04   1.2716357e-04   7.9293982e-03   4.7192170e-07   2.9191665e-04
   1.2128859e-04   9.5935938e-04   2.0925354e-03   6.1530539e-04   1.7772078e-17   3.4537235e-09   1.4571746e-03   9.0696468e-03   3.6324540e-12   4.0685083e-04
   2.0336569e-03   9.1882841e-04   2.6231830e-03   3.3487338e-05   1.3407076e-19   1.0279003e-04   6.6330773e-04   7.6444673e-03   1.7165430e-09   4.4686280e-04
   2.1906668e-03   7.5756130e-04   5.4553473e-03   1.6583187e-05   8.0884023e-17   1.1683577e-03   2.2998370e-05   5.1323749e-03   3.4372873e-13   2.7914008e-04
   2.2891499e-03   7.1395065e-04   6.1881178e-03   1.8482238e-05   7.0382137e-10   1.1988034e-03   1.1839933e-03   5.6003385e-03   2.4083392e-06   3.3220979e-04
   1.4374930e-03   8.1355710e-04   4.0222698e-03   4.8650079e-05   2.3662157e-03   2.6192980e-03   2.2058750e-03   6.3786099e-03   6.4163951e-06   4.1553189e-04
   1.4535037e-03   5.4266437e-04   2.7139546e-03   5.8823792e-05   8.5133649e-05   3.2248833e-03   1.2968931e-03   7.5034694e-03   4.9608435e-05   5.2942205e-04
   1.4055441e-03   6.6121259e-04   1.9093059e-03   1.7579197e-05   1.8393052e-07   4.4820456e-03   8.5162299e-04   7.4139015e-03   4.7658379e-05   4.8043895e-04
   4.4837768e-05   9.9266964e-04   1.0823515e-03   1.6032310e-04   1.2969307e-06   1.0801003e-02   6.1342167e-04   7.3358984e-03   9.0496022e-06   3.3288429e-04
   4.6169740e-09   8.0105564e-04   6.3831829e-04   3.0641699e-04   1.7493336e-03   1.4500879e-02   4.7536917e-04   6.7156685e-03   1.7668758e-05   3.5455589e-04
   5.1282934e-11   5.8215159e-04   7.6015126e-04   3.7999470e-04   2.1476876e-04   1.4914678e-02   2.5658393e-04   6.7498628e-03   4.1875959e-05   3.1182840e-04
   8.6121455e-12   5.5961137e-04   8.2518665e-04   1.4212445e-04   2.2505766e-19   1.6149374e-02   6.3852766e-05   6.2097940e-03   4.4926257e-05   3.9121581e-04
   4.0311655e-13   5.1777885e-04   8.2416710e-04   1.1174766e-03   7.3808813e-12   1.2798998e-02   3.2728669e-09   6.9365077e-03   5.7320865e-05   4.8990674e-04
   5.4534390e-09   5.4890541e-04   1.0127559e-03   3.6142298e-03   9.2912453e-13   9.3823617e-03   2.3576198e-16   6.9548094e-03   1.4994388e-07   4.1615226e-04
   6.7058408e-09   4.6491340e-04   1.5320193e-03   4.3644750e-03   1.3214480e-09   8.0577248e-03   5.7352790e-12   8.1842707e-03   3.8275496e-09   5.0747800e-04
   1.1716131e-07   6.9859810e-04   1.6723888e-03   2.4170284e-03   1.4713119e-17   4.8868452e-03   4.2498967e-12   8.9647817e-03   4.0004861e-09   3.9696694e-04
   1.6398559e-03   8.1582343e-04   1.2496723e-03   1.8800417e-04   7.7308625e-04   1.7706729e-03   3.8892107e-05   7.2623137e-03   1.8382493e-20   3.0821574e-04
   1.7540849e-03   6.5966714e-04   6.0802248e-04   3.6067433e-04   3.8628857e-03   5.7254289e-06   1.0438857e-04   7.6503808e-03   2.2521251e-14   2.6065769e-04
   1.0385165e-03   5.2570060e-04   4.1372475e-04   5.4271004e-04   5.0694284e-10   2.5550417e-05   1.1707056e-04   9.1906248e-03   2.0495705e-07   3.0868221e-04
   5.9648372e-07   6.8224233e-04   4.3838409e-04   5.4838192e-04   5.9319891e-14   9.8772364e-13   1.2269623e-04   8.6275040e-03   5.1536168e-06   2.3855533e-04
   2.3338631e-07   9.1250926e-04   6.4143009e-04   7.9150923e-04   5.6025526e-05   4.9854691e-04   1.2245822e-05   6.9109674e-03   7.3031955e-08   3.3186510e-04
   3.7333169e-04   6.8315975e-04   6.2899364e-04   6.7276549e-04   6.0534603e-05   6.9599480e-04   2.6744686e-06   7.1635837e-03   9.2512392e-07   3.7126788e-04
   4.3205971e-04   7.3829280e-04   1.1852604e-03   1.6300329e-03   8.9061440e-04   1.6095588e-03   3.8246487e-04   5.8614297e-03   6.0466414e-11   6.1833061e-04
   4.2410413e-04   7.6858698e-04   1.5224572e-03   1.2387144e-03   1.6462030e-04   3.5138876e-03   1.2330611e-03   5.5164512e-03   1.0051314e-10   5.9485016e-04
   4.3646877e-04   5.8367291e-04   1.0887957e-03   1.7101665e-03   5.8999150e-11   4.1683229e-03   3.3382604e-04   4.9580155e-03   1.4837070e-11   6.2774762e-04
   3.4653919e-04   6.4694205e-04   4.6356211e-04   1.4215870e-03   1.2671087e-10   3.4719689e-03   2.5250003e-04   6.5774648e-03   1.2452616e-17   6.8243142e-04
   6.4208480e-04   7.3590692e-04   8.8938308e-04   2.2872266e-04   9.9041514e-05   5.3957633e-03   6.3074541e-04   5.7198554e-03   4.2332045e-21   5.4748797e-04
   9.0777305e-04   7.3847938e-04   8.4351933e-04   3.5109674e-04   8.4265455e-04   7.4281649e-03   6.0071497e-05   5.6392177e-03   1.5697082e-17   5.0476073e-04
   7.9306874e-04   7.4237428e-04   5.4710689e-04   9.1999337e-04   4.8432703e-09   9.0889593e-03   2.5267297e-09   6.4118389e-03   6.7101699e-18   7.0886001e-04
   1.2942834e-03   7.2040665e-04   4.8015740e-04   5.5753144e-04   3.3861581e-14   7.9080361e-03   3.3057591e-06   8.3551686e-03   5.0647673e-20   4.6170818e-04
   1.6438030e-03   5.5778260e-04   2.6853479e-04   3.1277969e-04   6.4895320e-15   4.5036341e-03   5.6893340e-09   7.2064396e-03   2.0030405e-21   7.5683884e-04
   8.2988816e-04   7.2247666e-04   2.4184256e-04   1.0039817e-04   1.1966282e-03   1.6066184e-03   7.7113051e-06   7.6088588e-03   2.3095607e-20   5.8665617e-04
   3.8909207e-06   6.8218564e-04   4.1842012e-04   3.2340498e-05   3.9906304e-03   1.5761040e-04   9.4561782e-04   6.4368765e-03   8.9626480e-19   4.9614092e-04
   7.8430972e-04   4.9156959e-04   4.6556685e-04   4.8788572e-05   2.6219903e-03   6.8844432e-04   3.2457148e-04   7.3351314e-03   1.1160069e-19   4.9760608e-04
   1.4465424e-03   5.0667235e-04   4.6545408e-04   1.2225637e-05   6.0817555e-04   1.2166465e-03   2.5473606e-05   6.2569020e-03   5.1148630e-16   6.2921106e-04
   9.3050652e-04   5.3232496e-04   9.1673445e-04   4.1768577e-05   4.6939628e-03   2.5567106e-03   3.7172162e-06   5.7143222e-03   1.6274747e-21   6.7364879e-04
   1.7257027e-03   5.5748994e-04   1.4478276e-03   4.5940729e-04   3.9328479e-03   4.2345565e-03   4.0532727e-05   5.5349817e-03   3.2207942e-16   5.7189843e-04
   1.5983409e-03   8.2564763e-04   9.4327276e-04   1.0196958e-03   1.7874670e-03   4.1879935e-03   9.3520508e-05   6.6493798e-03   6.4242515e-21   4.2109338e-04
   1.4945145e-03   9.9422647e-04   4.6125808e-04   3.5511245e-04   3.0651097e-05   3.2351709e-03   6.0378172e-04   5.8143220e-03   7.1592439e-26   5.1671761e-04
   2.0537459e-03   1.1974894e-03   5.0295227e-04   5.9247408e-05   5.8032356e-12   4.1787595e-03   1.5778494e-04   4.5119787e-03   3.5905089e-28   5.4507760e-04
   2.3526727e-03   1.6978755e-03   5.3693043e-04   2.9137418e-06   5.0001639e-06   4.0057692e-03   3.9735084e-05   4.9294568e-03   8.5514968e-29   5.7916831e-04
   2.9498987e-03   1.9510120e-03   1.6648880e-03   1.9189635e-05   8.4456441e-06   1.7207370e-03   1.6852865e-05   5.9399253e-03   2.7574768e-27   5.6438966e-04
   3.2949122e-03   1.8385855e-03   2.0312943e-03   1.1485048e-05   7.9633950e-09   1.3189293e-03   1.0316972e-05   5.7208643e-03   5.7760806e-19   6.3551308e-04
   2.3546751e-03   1.5398756e-03   1.2179108e-03   4.1383045e-04   7.4246871e-10   1.7624365e-03   8.0194390e-05   5.6915715e-03   3.6338435e-13   7.8698876e-04
   3.7279735e-04   1.4673871e-03   1.1280704e-03   7.4398638e-04   4.9918377e-04   5.8441374e-04   6.7654877e-04   6.3545404e-03   7.1399751e-14   8.8818657e-04
   5.8278006e-04   1.3511032e-03   7.4427019e-04   3.0613781e-04   1.0587638e-03   2.5582618e-07   1.6644760e-04   6.4880719e-03   1.1163249e-23   8.2892169e-04
   1.0604528e-03   1.9125012e-03   2.7655428e-04   8.3854267e-05   6.6283302e-04   4.6068910e-18   6.4551927e-06   6.8447119e-03   2.6950526e-23   5.9214078e-04
   1.1874301e-03   1.5757404e-03   4.6018734e-04   7.1279758e-05   1.2383052e-03   2.0720544e-13   3.7060738e-05   6.4243417e-03   6.0583378e-28   7.5869128e-04
   7.8166305e-04   2.1423204e-03   1.1970253e-04   9.1194196e-05   3.1517216e-04   6.0184038e-12   5.2397479e-10   6.2555845e-03   5.7018922e-27   9.9120737e-04
   9.6974284e-04   2.2663792e-03   4.6901305e-06   3.1859683e-04   8.5931549e-05   1.0549488e-03   8.5852797e-08   7.4225075e-03   1.7815956e-25   7.4319705e-04
   2.2533988e-05   2.2162780e-03   1.6682194e-04   5.9066008e-04   2.7375431e-10   1.9950378e-03   2.7832430e-07   8.4245991e-03   4.4599482e-22   5.1918488e-04
   6.2169770e-04   2.0569204e-03   6.1884077e-05   1.6809480e-04   8.0667481e-17   1.5577625e-03   5.1211751e-09   9.1639308e-03   6.8718158e-19   6.0895789e-04
   1.1936599e-03   2.0913125e-03   2.2334373e-04   1.9758075e-04   5.5948642e-15   2.2511839e-03   2.2115933e-15   8.4787093e-03   5.7244020e-24   6.4423407e-04
   1.2432007e-03   1.8292919e-03   2.3974077e-04   2.3361992e-04   4.8945542e-07   3.9691618e-03   2.3984516e-09   9.0472431e-03   2.5263075e-19   7.7995765e-04
   1.7470021e-03   2.2094614e-03   1.6350747e-03   8.8596237e-05   1.0494297e-09   4.7073756e-03   1.1538464e-12   7.7700267e-03   8.3246157e-24   9.5218711e-04
   2.0422858e-03   1.6318114e-03   3.1233078e-03   2.4620036e-05   1.5773850e-05   6.0782712e-03   2.7409855e-10   7.3623698e-03   1.6197934e-20   8.0131166e-04
   1.7294294e-03   1.3862861e-03   3.5287936e-03   1.0708006e-05   3.4045773e-05   5.9818009e-03   4.6328002e-08   7.4369173e-03   3.0309029e-18   6.5846942e-04
   1.4400079e-04   1.4348320e-03   2.9561038e-03   3.0388408e-04   2.6043896e-07   2.7645542e-03   3.6904535e-11   8.2802449e-03   3.1724434e-18   5.7768402e-04
   1.7144436e-05   1.2824427e-03   1.3389281e-03   4.9787132e-04   4.5209906e-04   6.3569689e-04   8.1181206e-06   9.0581478e-03   1.0451461e-12   6.7090276e-04
   1.3975034e-09   1.7427588e-03   1.2302302e-03   4.4077374e-04   4.3677781e-03   4.5380579e-07   8.2158542e-06   7.4559747e-03   7.1109899e-16   8.8896223e-04
   1.0242452e-08   2.2121812e-03   1.5101970e-03   1.3124633e-03   2.1679757e-03   3.3583653e-10   6.5632575e-08   6.6750881e-03   3.7459837e-12   8.3416889e-04
   4.2920111e-09   1.4553590e-03   2.2881171e-03   1.0068622e-03   3.7925136e-03   1.6760609e-18   9.2084514e-09   6.1785927e-03   3.0707630e-06   1.1223859e-03
   5.4221625e-07   1.1755979e-03   1.7607754e-03   7.4281870e-04   2.7630189e-03   8.5596639e-13   8.9997977e-07   7.1697841e-03   2.3411152e-11   1.1891778e-03
   8.9721241e-13   1.2968077e-03   1.7118256e-03   2.9883480e-04   6.0656016e-04   4.7667833e-07   1.1351686e-09   7.8995244e-03   9.2903455e-21   1.0322373e-03
   4.6646553e-06   1.5832868e-03   7.5641540e-04   1.1127286e-03   5.7919381e-04   2.2369051e-05   1.3300105e-08   7.6221990e-03   1.5421260e-20   1.1320649e-03
   2.9821282e-05   1.4012711e-03   6.3227557e-04   1.7320397e-03   1.8086668e-06   1.0698527e-04   1.0975758e-09   7.5039901e-03   1.1295971e-11   9.6149628e-04
   4.4522704e-04   1.9486846e-03   6.9264827e-04   1.1369554e-03   6.4366687e-19   1.6312090e-04   1.7489613e-21   5.4982558e-03   1.1303066e-13   8.4159658e-04
   1.2241726e-03   1.3327986e-03   9.2054217e-04   2.2931348e-04   7.2111595e-24   1.0263158e-07   2.2581033e-15   6.3368550e-03   1.1780539e-04   1.1240483e-03
   5.7167618e-04   8.6859162e-04   5.3413165e-04   5.6295530e-04   8.1912725e-23   4.6621412e-05   1.1570021e-12   7.4293457e-03   2.9846284e-04   1.3343901e-03
   2.0243377e-07   9.5756783e-04   2.3298712e-04   4.4920478e-04   9.2396851e-15   1.0973753e-03   2.0611394e-10   7.4664954e-03   4.6497105e-04   1.1572736e-03
   3.8090039e-10   8.8560677e-04   2.7168081e-04   1.5028911e-04   5.4398038e-16   1.7867669e-03   4.8084487e-09   5.0832843e-03   3.4577453e-04   1.2779674e-03
   1.7669688e-06   9.6157083e-04   7.6918590e-05   2.1737735e-05   1.0234573e-22   1.1646909e-03   6.4819601e-14   5.3224084e-03   1.9612946e-04   1.3047231e-03
   2.2680120e-07   8.5786928e-04   6.1468041e-05   1.0183207e-04   7.0422886e-10   4.8893840e-04   5.1789188e-17   4.9637105e-03   2.7067260e-04   1.7405152e-03
   2.9160646e-04   6.6292226e-04   1.1422537e-04   4.3425237e-06   9.6503479e-05   1.0370776e-04   4.2410601e-09   4.8155898e-03   3.8861164e-04   1.6637121e-03
   5.2037173e-04   6.2091133e-04   2.8412342e-05   3.4968409e-06   7.9980812e-04   4.2607373e-05   7.6111524e-07   5.0517964e-03   4.8227111e-04   1.3977124e-03
   4.6077127e-04   8.4083318e-04   1.5922126e-04   2.4568214e-04   1.6295377e-13   8.5855768e-17   2.4876968e-09   5.1522379e-03   3.5966324e-04   1.8514526e-03
   3.8419113e-04   7.4846338e-04   2.4522599e-04   4.5902385e-04   4.0002390e-21   1.4871261e-04   1.2582857e-10   4.3673560e-03   3.2124869e-04   1.7447438e-03
   9.3688756e-05   6.9093913e-04   4.5447439e-04   2.7967623e-06   2.7907852e-11   4.9647318e-06   7.2644798e-15   4.1290420e-03   5.2613895e-04   1.6802963e-03
   1.6651136e-06   8.5303202e-04   2.4298968e-04   1.5507681e-06   5.1776084e-17   1.2346002e-08   4.8290707e-16   3.8022282e-03   2.4133623e-04   1.9084547e-03
   4.6925153e-04   9.0865356e-04   1.9667144e-04   2.6660114e-05   3.3231576e-16   1.6596896e-06   9.1289809e-16   3.5110189e-03   9.1130263e-16   1.3299283e-03
   6.6872615e-04   8.5639038e-04   1.1720713e-08   4.7294818e-05   6.1155612e-10   1.0870552e-06   2.7054392e-13   3.3193144e-03   4.3731150e-05   9.0053861e-04
   4.4971956e-05   8.2226723e-04   3.7491731e-04   8.9982070e-05   1.7073174e-12   4.9646736e-05   2.1153150e-17   2.9839722e-03   3.8756166e-06   1.2771827e-03
   3.7384676e-13   7.6123394e-04   6.6746512e-04   2.9217903e-05   7.2716844e-14   6.0148528e-06   6.1744859e-16   2.8989763e-03   2.9957108e-12   1.5643002e-03
   1.2724684e-10   6.2016584e-04   3.5844756e-04   2.7006841e-05   4.8088344e-15   6.3403087e-10   1.5394418e-14   2.7422105e-03   4.5088922e-09   1.7665847e-03
   6.8722654e-07   6.6526578e-04   1.4514933e-04   2.7580286e-05   5.6755975e-22   2.9272397e-09   2.8694624e-11   2.2640067e-03   5.0592520e-10   2.1869497e-03
   4.6092931e-08   8.9595374e-04   3.1169703e-05   9.2449036e-05   1.8988121e-10   4.2520665e-08   4.4535654e-08   2.2408024e-03   5.0016875e-13   1.5104038e-03
   9.1373800e-08   8.5656120e-04   9.4303356e-09   3.9084110e-06   4.7975667e-05   3.2618059e-05   1.0314666e-06   2.2720397e-03   8.4665969e-13   1.4193039e-03
   3.2041117e-05   6.8049365e-04   2.6140489e-06   2.4323442e-07   9.8636168e-08   4.1761267e-05   1.8810575e-04   1.7881871e-03   6.6691110e-12   2.2312841e-03
   2.0726784e-04   6.8328047e-04   3.1405052e-05   3.0413813e-06   1.5744903e-12   1.9591502e-06   1.2512301e-07   2.2965513e-03   9.3872964e-06   2.0056564e-03
   2.0941243e-04   8.4324283e-04   2.1382543e-06   4.2634098e-06   3.0827580e-12   3.8325258e-04   1.7442866e-14   2.3263388e-03   1.1124381e-12   1.7622021e-03
   2.1294253e-04   9.3345906e-04   3.7839223e-07   7.9403168e-05   5.7001063e-09   1.2379627e-04   4.6505329e-11   2.3132105e-03   1.0656488e-13   1.9323341e-03
   2.8948323e-04   9.0183753e-04   2.1082917e-06   1.5728638e-05   4.3657542e-05   3.2322051e-05   2.5080885e-10   2.3008005e-03   1.4804766e-12   2.7989809e-03
   6.2975150e-04   7.7202661e-04   2.7935324e-06   3.1456122e-06   6.6089450e-16   9.8028245e-05   4.1670952e-09   2.1780078e-03   1.6289183e-07   1.9882113e-03
   2.7525251e-06   9.2569484e-04   3.7758105e-07   1.2334924e-08   1.0865859e-18   1.1496012e-04   4.8289050e-13   2.2217485e-03   6.5770323e-16   2.3456858e-03
   5.3512244e-12   1.1534769e-03   3.5736682e-07   5.1128995e-07   1.1777718e-19   1.3281999e-04   4.8592546e-10   2.0560596e-03   3.2683049e-16   1.9255543e-03
   2.9410835e-15   1.1941998e-03   1.7685442e-10   2.0993078e-09   3.1425980e-09   2.3996884e-04   1.3766612e-06   1.6366216e-03   3.6973492e-17   2.2359042e-03
   5.2104487e-19   1.2235826e-03   2.5712628e-11   1.7909410e-08   1.0265599e-07   4.4408001e-04   8.0826136e-06   1.5395030e-03   2.2910674e-20   2.0995612e-03
   1.9214649e-12   1.2962897e-03   1.7019079e-08   1.0973091e-09   1.6088921e-12   4.3880676e-04   3.4955467e-05   1.7061012e-03   1.4491058e-14   2.3488516e-03
   2.4438938e-08   1.2210563e-03   9.5214264e-07   3.9883938e-06   3.1027933e-16   4.4898371e-04   1.0821542e-09   1.7437365e-03   2.1306166e-23   3.1701249e-03
   6.5997408e-05   1.3868811e-03   2.8259750e-06   6.0591702e-07   1.6552039e-12   2.4679114e-04   9.5256281e-08   1.9538621e-03   3.3836710e-20   2.5347849e-03
   2.8557566e-05   1.3372030e-03   2.8547479e-06   7.4429534e-10   3.8801854e-18   1.4149828e-04   1.6966036e-09   1.8331345e-03   3.6204959e-13   2.4563654e-03
   2.4672554e-04   1.3013744e-03   6.8572366e-05   5.0330987e-11   2.2241768e-16   1.0132435e-07   7.7303874e-05   1.8089269e-03   1.5355530e-15   3.0419700e-03
   3.1572587e-04   1.7010752e-03   8.3837636e-05   8.4253793e-11   1.5156509e-09   1.0744048e-11   2.3574970e-04   2.0679853e-03   3.3006628e-14   2.3562332e-03
   1.3120777e-07   2.1335877e-03   4.6722799e-05   3.7824952e-08   1.4862097e-15   1.5657321e-12   1.9133934e-04   2.6518192e-03   8.4934264e-17   1.6172828e-03
   2.7017163e-04   2.0295713e-03   1.0287159e-06   1.8673790e-10   2.9880814e-13   3.6280653e-06   3.0342959e-05   2.1709289e-03   7.4493525e-18   1.4843386e-03
   4.5312132e-04   1.4894906e-03   1.0329574e-07   4.6502274e-12   4.8578739e-30   1.5226225e-04   4.9300440e-04   1.5326057e-03   1.6598738e-09   2.1950481e-03
   2.8207571e-09   1.7216476e-03   1.0792184e-05   2.1891937e-15   2.4538488e-26   1.5798776e-04   6.5435892e-04   1.2916802e-03   2.1749886e-13   3.0979112e-03
   9.9526835e-17   2.0710056e-03   1.8521948e-08   1.4579809e-11   3.3550031e-27   4.5922250e-04   1.8702916e-04   8.4654569e-04   8.0720327e-18   2.5972082e-03
   1.1033098e-10   1.6695512e-03   7.1416950e-09   2.7129414e-07   6.5393581e-18   7.1438714e-04   6.8570409e-04   1.0903087e-03   9.6453319e-14   2.0815120e-03
   7.4263172e-14   1.8850315e-03   2.8576848e-10   1.0096391e-18   9.3665339e-21   6.0983143e-04   1.1461746e-04   1.0757999e-03   9.2282716e-14   3.0013165e-03
   2.2840311e-17   2.1487933e-03   5.1018197e-12   2.9977928e-21   1.2850242e-32   4.4675363e-04   1.0959915e-05   1.2823581e-03   2.1781896e-22   2.7632738e-03
   3.3207732e-16   2.0499476e-03   6.8636949e-11   9.3434869e-25   6.1987470e-21   6.2582804e-04   7.8789465e-05   1.3815726e-03   1.2050250e-12   3.9264663e-03
   4.1929376e-08   1.7827245e-03   3.4140740e-07   6.3317776e-21   1.3025988e-16   5.2978273e-04   3.1289605e-05   1.7517027e-03   5.5902389e-10   2.7123511e-03
   4.8308850e-04   1.2702979e-03   4.0261698e-08   3.4573496e-10   5.6517197e-12   4.2435895e-04   1.8956608e-04   2.1215666e-03   1.3721106e-14   1.7478031e-03
   2.5572793e-04   1.5040778e-03   1.4772157e-06   6.8025668e-10   8.3918283e-19   5.9538287e-10   1.7719725e-04   1.5060398e-03   3.1469096e-09   2.6482531e-03
   7.2892975e-04   1.5492587e-03   2.6356466e-06   1.1840047e-16   3.4542926e-22   9.5156750e-06   5.8550723e-08   1.3423269e-03   9.6714604e-26   2.7248865e-03
   8.3842835e-04   1.5103784e-03   6.1994690e-05   2.2850859e-12   2.7515691e-08   7.6473385e-06   3.8310496e-05   1.4191095e-03   3.8710501e-21   1.7305304e-03
   1.8296994e-03   1.1063689e-03   7.2548587e-06   8.2409249e-20   3.4953107e-17   1.3777424e-13   4.4593841e-11   1.3811833e-03   4.8693969e-19   2.1315982e-03
   2.4619365e-03   1.0329346e-03   1.1777646e-05   2.5183895e-25   2.8474581e-35   4.7273965e-17   3.1961961e-19   9.5933160e-04   9.9752141e-29   2.7135489e-03
   1.9829157e-03   1.1092563e-03   5.2704581e-04   4.5581483e-25   9.1308351e-32   8.6164020e-18   1.7966541e-14   8.6705119e-04   2.7904773e-28   3.4645459e-03
   8.1058136e-05   1.1727612e-03   1.0651094e-03   4.0840476e-14   4.2732723e-24   2.5363936e-16   1.0302195e-09   1.3114288e-03   4.4430513e-22   3.1135935e-03
   3.8037208e-05   9.7210756e-04   3.6094157e-04   1.4717529e-10   1.4253719e-25   1.0848783e-08   3.0856982e-06   1.7823271e-03   1.1436971e-12   2.5531310e-03
   6.3250062e-04   6.0200194e-04   1.2655989e-04   1.2748257e-11   5.0087497e-25   6.2970856e-07   2.0290134e-04   2.0057747e-03   9.9442785e-10   2.2448139e-03
   7.4313908e-04   5.7030645e-04   1.7393116e-04   2.4304541e-15   5.4341486e-21   1.9591956e-05   3.9786616e-06   2.0125675e-03   2.5191305e-16   2.5348660e-03
   7.9454836e-04   5.4537481e-04   2.2694501e-04   4.4944591e-18   1.1456976e-27   1.0091592e-09   4.0298787e-08   1.9285359e-03   5.3628509e-21   2.6088579e-03
   1.1588902e-03   5.6941926e-04   1.0575139e-04   1.0923342e-20   3.1661094e-34   8.7874942e-09   2.7910314e-05   1.3878155e-03   4.8276187e-25   2.3262372e-03
   1.2462839e-03   3.5283191e-04   1.0175960e-04   8.2943567e-23   9.3935288e-35   8.5394965e-05   6.8535122e-04   9.0790269e-04   3.9195972e-28   2.1327409e-03
   9.6239549e-04   4.0470304e-04   1.3229772e-04   9.4647801e-15   2.5066945e-21   1.0460382e-15   1.8670553e-04   1.0525489e-03   2.6757890e-28   2.0977718e-03
   1.1725984e-03   2.7997635e-04   5.3077520e-05   1.0506792e-12   2.9380542e-24   5.1822884e-08   2.6141762e-06   1.0872311e-03   9.4114916e-22   2.4591431e-03
   1.1019452e-03   3.3855358e-04   3.3505548e-05   6.7357657e-13   3.2324242e-20   1.2172423e-21   1.8101183e-04   1.3249131e-03   3.1237178e-18   2.6048926e-03
   1.6506288e-03   2.2783548e-04   7.8292109e-05   1.0334147e-12   1.3133171e-30   9.1124102e-09   5.4831815e-07   1.6544913e-03   2.6884375e-11   1.7211086e-03
   1.6538563e-03   1.1751755e-04   8.2740907e-05   3.2808597e-15   9.3286372e-27   4.9685582e-20   3.8069614e-09   1.2568745e-03   4.5742272e-06   2.5507007e-03
   1.1514153e-03   1.4582800e-04   5.9050460e-05   1.9059353e-15   4.2338913e-27   1.2821132e-14   2.4680805e-04   9.6989575e-04   7.0424848e-19   2.9294843e-03
   2.2069109e-04   1.4352171e-04   3.8297209e-05   1.1233125e-08   2.6242395e-34   3.6410750e-09   5.5670504e-04   1.0901869e-03   1.6357141e-20   2.3155179e-03
   1.7053692e-04   2.1052113e-04   1.4774119e-04   1.1255699e-07   2.1087338e-24   8.0318120e-13   4.9984167e-04   1.2309466e-03   8.3307469e-26   2.3320442e-03
   3.7910044e-04   1.5025046e-04   3.9221155e-04   6.1908239e-08   4.2117735e-21   1.8088042e-16   9.0973993e-04   1.3141147e-03   1.6749732e-18   2.3843458e-03
   1.0095004e-04   1.2146509e-04   5.8036373e-04   1.8910720e-04   3.2345294e-28   5.0893803e-08   8.5718166e-04   1.0521561e-03   4.2614370e-18   2.9910113e-03
   2.6361827e-04   1.2992718e-04   8.7642731e-04   3.2468995e-05   2.9167577e-25   6.3541127e-07   7.2925016e-05   1.1439208e-03   7.6968965e-19   3.0813428e-03
   4.6114019e-04   1.0121093e-04   5.7161552e-04   5.1498111e-10   4.3513540e-20   1.9206707e-04   3.7338002e-04   8.0772026e-04   4.0850621e-23   3.1778452e-03
   4.8988465e-04   7.1596357e-05   8.7161991e-04   9.3271125e-05   4.7394418e-27   5.3117006e-04   2.2329466e-06   7.5484940e-04   1.8836484e-31   2.9500094e-03
   3.1172205e-04   8.6521871e-05   1.0490286e-03   5.7787323e-05   2.8485580e-19   6.1230304e-04   3.5024869e-04   9.6203246e-04   1.6647509e-24   2.6718564e-03
   4.1124338e-04   1.5219549e-04   4.1126779e-04   6.9544010e-05   5.9520212e-18   5.6619211e-04   5.9034475e-09   9.5312302e-04   7.7177324e-31   2.6018094e-03
   7.0350321e-04   1.0328835e-04   7.2725922e-04   1.6111456e-04   5.9427221e-11   4.2982715e-04   1.2602015e-05   9.5701392e-04   1.7346747e-27   2.7248687e-03
   4.1169565e-04   3.0572201e-05   6.1198360e-04   2.5432980e-05   3.0050363e-19   4.7666050e-04   6.7628616e-04   8.2778529e-04   3.8079139e-20   3.5464973e-03
   4.5355750e-04   7.3310329e-05   2.2057351e-04   3.2619229e-04   3.8529673e-24   3.6862169e-04   5.6674723e-04   6.5800828e-04   4.5000918e-31   3.6916989e-03
   5.0587799e-04   2.2886053e-05   3.2734878e-04   2.5958939e-04   1.1455045e-15   9.5937469e-05   7.7955540e-04   6.3002321e-04   1.0917489e-22   3.2181136e-03
   1.1048183e-04   5.5526573e-05   1.8720297e-04   4.6079835e-04   1.1119558e-19   3.6125097e-04   6.1623338e-04   6.9058307e-04   1.0859955e-21   3.5445863e-03
   1.5985204e-04   6.1505878e-05   2.8706822e-05   3.8536255e-06   8.5876838e-19   9.7185787e-16   3.7925100e-04   6.2557740e-04   3.4668206e-17   3.4944020e-03
   1.0713368e-04   4.7877882e-05   2.5728304e-06   4.0116273e-04   9.2816970e-17   5.6345334e-06   3.3266299e-04   7.2147152e-04   5.6130307e-15   3.1712038e-03
   2.6032661e-04   5.9658107e-05   9.2292190e-05   7.6278071e-04   2.4712929e-20   9.8405028e-05   4.6478587e-04   5.8848324e-04   1.7826663e-28   2.7358463e-03
   1.8454623e-04   5.7253547e-05   7.3917341e-05   9.5244956e-04   1.1633551e-18   1.9004526e-04   4.4124567e-04   4.7107059e-04   4.8571649e-31   2.8756770e-03
   1.5691397e-04   8.5304747e-05   4.0662789e-05   5.6460371e-04   3.5677231e-20   3.0249977e-04   1.0216341e-05   5.6336172e-04   7.5844885e-30   3.5109542e-03
   2.9723324e-05   1.0952832e-04   6.9841214e-05   8.1268023e-04   1.1194153e-27   6.1141879e-05   4.5925076e-04   5.0800881e-04   4.3519077e-27   3.4719275e-03
   1.7967644e-04   1.4461023e-04   8.5176984e-05   3.4791536e-04   1.8390826e-26   2.6429456e-18   1.8711612e-04   7.5416402e-04   3.2040701e-25   2.7766296e-03
   1.6318488e-04   1.4319362e-04   1.2151387e-04   1.7529004e-04   2.9666456e-21   1.0101474e-18   5.8792520e-05   7.2908506e-04   2.3186640e-28   2.6108361e-03
   5.2843841e-05   1.1841690e-04   1.4199119e-04   1.8261125e-04   1.4647497e-29   1.1058605e-04   2.6850310e-05   5.6475039e-04   4.5628861e-29   3.3633595e-03
   1.3885917e-04   5.6663937e-05   1.5206512e-04   4.8079477e-09   8.2119348e-33   5.7824730e-05   1.9183145e-08   7.1228967e-04   4.1892483e-22   2.9679100e-03
   1.9196412e-04   4.2063823e-05   2.2327827e-04   2.8261712e-09   2.3457942e-19   5.3731812e-05   1.7673388e-12   6.1895698e-04   9.6837468e-26   3.4816048e-03
   1.7282455e-04   5.8779557e-05   4.5834063e-04   8.9494745e-07   4.6360531e-17   7.4454449e-06   3.4020392e-13   6.4767844e-04   1.1428398e-27   2.6133313e-03
   1.0371054e-05   5.1290847e-05   4.9961650e-04   6.2038030e-11   6.4869830e-16   1.4411181e-04   4.0102756e-05   8.4318738e-04   6.4978022e-24   2.9023733e-03
   1.5214089e-09   4.3522734e-05   5.0941805e-04   2.2444325e-08   6.6117709e-16   8.6757254e-05   2.1293108e-04   7.3177183e-04   1.9578470e-25   2.7724930e-03
   1.9566141e-09   3.3344750e-05   4.3845065e-04   6.8782792e-18   8.0516831e-25   8.0549041e-10   5.9982790e-07   5.0328096e-04   1.3664071e-32   3.4479066e-03
   3.5117745e-05   5.6025497e-05   3.6367990e-04   5.7652572e-14   1.8381597e-22   2.2886301e-05   3.3525392e-14   7.4149890e-04   1.1386847e-22   3.0985580e-03
   1.1343463e-05   7.1269699e-05   3.9283390e-04   1.0908180e-06   7.8787086e-22   1.9042522e-05   3.0669030e-11   8.8495203e-04   1.0470990e-15   2.7874543e-03
   3.6611846e-05   1.0080682e-04   2.3997520e-04   6.3793752e-06   2.9380652e-11   2.3298033e-04   6.6015219e-15   5.7100883e-04   1.4149081e-22   2.9752954e-03
   3.4947585e-05   6.6986789e-05   1.5265551e-04   4.6654585e-08   1.8776469e-11   2.3503879e-04   1.0298965e-04   4.7425651e-04   7.5411895e-35   3.2811591e-03
   2.6268587e-05   8.3017539e-05   9.0109258e-05   3.9475255e-10   8.7459283e-11   1.4398060e-04   2.5669247e-14   6.4082202e-04   5.0046302e-28   3.3541886e-03
   1.4387003e-04   6.4320622e-05   1.9717493e-05   4.5262402e-18   1.2979559e-07   8.6078626e-05   4.3255809e-13   7.7914394e-04   7.6999491e-19   2.6293628e-03
   1.5268933e-04   6.9693527e-05   2.2057805e-06   4.1177487e-06   3.7911399e-04   3.3739166e-04   1.5304694e-11   7.8076437e-04   1.0795046e-24   2.5120818e-03
   3.1612664e-04   6.4634619e-05   3.9880105e-07   4.1280964e-07   1.1176915e-12   1.6908556e-04   2.3347005e-13   7.3153020e-04   1.5900933e-26   3.1731370e-03
   2.8830215e-04   8.2811023e-05   9.2961488e-10   1.8423668e-07   4.6820486e-20   2.0068351e-04   1.2731720e-17   5.2991493e-04   3.0426029e-31   3.6338875e-03
   1.2859057e-04   5.0781872e-05   4.4558078e-07   2.6074321e-07   7.6647406e-11   2.7518503e-04   1.8759902e-16   7.6058880e-04   1.1352001e-24   4.1482123e-03
   2.9298242e-08   7.2220384e-05   1.2069827e-07   3.1495812e-10   2.6790558e-15   1.1275070e-04   4.4143878e-13   7.6112679e-04   3.9340318e-19   3.9219037e-03
   2.3007254e-06   8.3167818e-05   3.8492077e-05   3.0056569e-14   1.1337780e-14   4.6109645e-05   4.3173047e-11   8.8169313e-04   4.4976868e-09   3.0826240e-03
   4.0784540e-05   7.2120815e-05   2.7334099e-07   2.6048106e-12   1.4520696e-12   6.0249969e-11   1.3758978e-10   8.0029192e-04   8.8309965e-06   3.1244596e-03
   4.3467747e-05   6.3643210e-05   7.3614898e-12   2.2974681e-12   2.8689398e-14   1.2172010e-06   2.1404642e-18   7.7430189e-04   5.2219410e-06   3.4659828e-03
   2.7539589e-06   5.4025579e-05   1.0388454e-04   1.7149865e-13   1.1772963e-11   2.0767773e-08   3.2167990e-20   9.2485164e-04   8.1107878e-05   3.2618992e-03
   7.1906704e-08   4.0790874e-05   3.1106640e-04   1.2657003e-18   7.0842710e-07   2.6049602e-04   5.0705015e-22   7.5007490e-04   6.7575784e-05   3.4245524e-03
   2.0624481e-11   5.2735429e-05   2.5295353e-04   2.7077727e-25   1.2734260e-10   2.6793384e-04   6.2018438e-27   6.3283861e-04   4.4502520e-05   3.8036615e-03
   6.7016755e-07   4.0955755e-05   4.3647323e-04   8.8295619e-20   2.6638695e-11   2.0757422e-07   2.4672727e-25   6.6929034e-04   1.1140774e-04   3.5458855e-03
   6.4644442e-08   5.3277113e-05   1.9361954e-04   1.4464579e-16   7.7283015e-04   8.1878864e-05   2.4585321e-15   4.3036427e-04   9.9441168e-05   4.1927855e-03
   2.2658398e-09   6.7291835e-05   3.5163132e-04   1.9080083e-12   1.3247970e-03   2.1229524e-04   1.5972375e-18   4.3195723e-04   1.2161550e-04   4.3765840e-03
   3.9788015e-08   7.4531923e-05   5.0077478e-04   3.6283074e-10   9.4472849e-04   2.3491623e-04   1.0968258e-28   1.0579972e-03   1.2348563e-04   3.8992035e-03
   6.6914759e-12   4.8164887e-05   7.0514082e-05   1.3709957e-12   1.0731085e-03   2.6522474e-04   2.2014121e-27   7.6726893e-04   9.2890888e-05   4.6002945e-03
   4.0632055e-12   3.5227496e-05   1.6461674e-04   2.2852544e-11   8.7412395e-04   1.1366656e-04   8.0771766e-22   6.8094246e-04   1.0088245e-04   4.4803699e-03
   1.1751308e-09   5.9401220e-05   9.3110671e-05   2.8461745e-25   6.0023718e-04   5.4930231e-06   7.8030337e-23   4.5526597e-04   9.7862882e-05   4.7058802e-03
   2.3278606e-07   6.6323809e-05   4.1327414e-05   9.1300767e-28   5.3777362e-19   8.5646566e-18   6.1940737e-27   3.9103911e-04   4.7558273e-05   5.3745256e-03
   1.3144979e-09   9.4032016e-05   9.5792324e-07   5.2054258e-17   2.5165664e-18   1.3626144e-43   3.0598054e-17   7.1975296e-04   9.3419703e-06   5.3411591e-03
   1.2489731e-04   9.4308054e-05   3.1685490e-05   9.7206202e-10   3.1694046e-13   2.6226557e-30   2.3019407e-16   1.1263589e-03   7.4157771e-06   4.5739201e-03
   3.9911078e-05   7.6695052e-05   5.5923826e-08   1.4603115e-11   7.3081486e-08   1.3512369e-37   4.0903390e-16   9.3514734e-04   2.9459104e-05   5.2316083e-03
   9.6691027e-08   1.1705350e-04   5.5172200e-06   6.2202124e-10   2.6565619e-06   1.4684102e-29   1.2968695e-17   4.5187153e-04   1.2363269e-05   5.6660740e-03
   3.5311922e-07   1.2831183e-04   8.4257722e-06   6.2330068e-19   1.0532033e-14   3.1276257e-24   2.7316829e-15   7.7829574e-04   6.6431445e-10   5.5619556e-03
   2.7187454e-05   1.6003637e-04   1.1180427e-04   5.0486426e-14   2.1486481e-19   5.8980610e-22   2.3096129e-15   1.3605470e-03   1.6303825e-14   4.8167566e-03
   2.2768265e-04   1.1527156e-04   8.5349059e-08   5.6743094e-13   9.6970840e-16   3.4167925e-17   2.1111399e-19   1.1550407e-03   4.4602720e-05   4.4887640e-03
   3.7638719e-04   1.2045417e-04   1.8281633e-06   2.7175168e-14   1.0695294e-09   1.6463582e-12   6.6751639e-18   9.7600777e-04   4.5956318e-05   4.4701987e-03
   2.3315458e-04   1.1768176e-04   6.9385315e-06   3.4174615e-06   1.2036644e-04   2.0052799e-22   1.9853048e-14   1.0091177e-03   1.6594061e-04   4.1824033e-03
   1.1111229e-08   1.3771406e-04   1.1448876e-04   9.3965655e-05   9.4115840e-07   4.4876130e-30   1.8630605e-14   1.1307146e-03   1.9939428e-04   3.4941855e-03
   7.8982506e-11   1.1583150e-04   5.2403859e-05   2.5471765e-07   3.7771416e-20   6.9222549e-44   8.2852276e-18   1.1303414e-03   6.8001563e-05   4.0506725e-03
   1.0414058e-16   1.5320064e-04   1.9503847e-04   1.6518871e-09   3.0755629e-05   7.8037525e-42   2.1616427e-11   7.4318493e-04   4.3453792e-08   5.4611835e-03
   8.7858689e-14   1.2556996e-04   1.5587186e-04   1.9360654e-05   1.4600421e-03   7.6028894e-35   2.2611676e-09   5.7707244e-04   1.8690962e-09   5.3675529e-03
   2.9713018e-07   6.7940007e-05   1.3232875e-04   1.9831057e-05   2.0322339e-03   7.3402019e-38   4.9018560e-05   7.7229139e-04   1.1793118e-04   4.4436421e-03
   7.5724460e-10   1.4104835e-04   1.3409472e-04   2.9029326e-05   2.4221216e-03   8.8295578e-42   4.3896743e-07   9.1599431e-04   2.1896748e-05   3.8765027e-03
   1.0092489e-08   9.9706189e-05   1.7498113e-05   1.8666310e-04   1.2229650e-11   1.0614492e-37   2.8971604e-22   9.4163139e-04   5.6354371e-05   3.7343572e-03
   2.8372440e-14   7.5220773e-05   3.2129576e-08   3.3431895e-05   3.3055162e-13   1.5655238e-38   1.6029052e-20   1.4093455e-03   9.5306503e-05   3.5805656e-03
   2.5622165e-16   1.4309109e-04   1.3334752e-05   1.1199050e-08   4.1581604e-07   1.5313145e-28   1.9314679e-14   1.4484868e-03   7.3681242e-05   3.8274905e-03
   1.4340930e-13   1.4459528e-04   6.9370781e-06   2.3263746e-07   1.9546094e-04   7.3644145e-23   4.3578088e-07   1.3083602e-03   1.0681172e-04   3.8675522e-03
   1.3978209e-13   1.2045075e-04   5.7938297e-05   2.2140896e-07   1.0166115e-03   8.9700635e-18   4.1240645e-09   1.0011481e-03   8.2644284e-05   4.4819805e-03
   1.7338940e-12   1.1688819e-04   3.0475280e-05   9.0125540e-11   7.5838187e-04   1.7286377e-20   7.6755845e-09   7.7783875e-04   4.8511250e-06   4.0740408e-03
   4.6300509e-12   1.2043478e-04   6.1983746e-05   1.4266582e-04   5.0002006e-06   1.0858770e-19   2.7054688e-12   1.1746744e-03   2.9333122e-05   2.8168348e-03
   5.3647992e-11   1.3161478e-04   7.3621442e-05   1.6334483e-04   9.9477324e-04   7.3344385e-14   3.8021357e-09   9.5624680e-04   7.9134860e-13   2.9230777e-03
   9.1822562e-12   1.5407035e-04   2.1404669e-08   1.8802250e-06   4.6228561e-04   3.8068935e-14   3.4530454e-11   7.9827446e-04   1.2507504e-15   4.1831718e-03
   4.1326375e-18   1.3236055e-04   8.6988677e-06   1.0391582e-07   8.6038363e-08   2.8021680e-16   8.6691585e-19   7.9094757e-04   2.8384014e-09   3.9386036e-03
   1.7914256e-09   9.0032168e-05   5.1208755e-05   1.6084369e-05   8.7203812e-09   6.1042235e-15   6.3497509e-24   9.3016983e-04   4.8702387e-05   3.0274325e-03
   3.3854053e-14   7.7573053e-05   1.9176364e-06   1.9242400e-04   1.9254089e-09   9.5729046e-15   7.3326480e-19   9.6054728e-04   2.0610590e-05   3.9496816e-03
   4.5510251e-09   5.4743001e-05   1.6088448e-05   2.3378105e-04   5.6849469e-13   6.9823177e-13   2.0114603e-15   9.0910191e-04   1.6131561e-07   4.5084842e-03
   2.1940319e-07   1.2416328e-04   4.7329783e-05   2.4387658e-04   1.7023557e-09   8.6901529e-20   4.1616240e-13   7.8669832e-04   2.3839349e-12   4.2960888e-03
   6.6570342e-12   1.7171324e-04   6.4258298e-05   3.2086968e-04   4.1697849e-11   3.1579464e-38   1.2252285e-15   5.8523703e-04   5.5102161e-14   3.9790929e-03
   3.8027019e-15   1.7296721e-04   1.3900264e-04   2.6352074e-04   7.1492429e-20   1.9102079e-30   1.7783850e-14   5.1816617e-04   4.6687365e-11   3.7066005e-03
   6.4027815e-07   1.0764091e-04   1.4184298e-04   2.1556120e-04   2.6801929e-05   3.7951264e-28   1.4573204e-11   4.1546899e-04   1.5668307e-09   3.7164501e-03
   2.0924543e-05   8.9721436e-05   3.6553679e-05   3.4417428e-04   1.9926214e-06   2.8778989e-15   3.2050343e-18   6.3906294e-04   6.5162180e-12   3.8753766e-03
   1.4720732e-05   2.7939443e-05   7.8039628e-06   1.3597718e-04   1.1299270e-11   3.1109154e-10   2.6329331e-19   6.5385085e-04   8.3001344e-10   4.2880186e-03
   1.0138107e-07   6.8719724e-05   1.0532288e-07   1.1609158e-05   2.4462643e-22   9.8972546e-05   2.5615536e-23   5.2591167e-04   1.2163234e-20   4.1737610e-03
   1.3019566e-05   6.8721537e-05   1.4826261e-16   1.8617501e-05   6.9982700e-12   1.8400332e-04   5.0366798e-17   6.0559187e-04   1.3561451e-24   4.1547308e-03
   1.2795247e-06   5.8817188e-05   9.6196947e-08   1.1366314e-04   3.4255716e-07   2.7417234e-04   1.3538243e-15   5.4402912e-04   1.3585471e-23   3.8957385e-03
   3.8187766e-10   6.0763864e-05   1.2005672e-07   2.2849198e-05   1.0382416e-04   4.3551473e-04   1.6166055e-10   5.3735337e-04   1.8273365e-24   3.4191025e-03
   3.1982326e-07   5.5372892e-05   8.3818071e-08   4.0256217e-04   2.7801870e-06   5.3113175e-04   1.1676090e-14   4.4569902e-04   3.7075783e-17   3.5738736e-03
   7.4777425e-10   5.3949344e-05   4.9705801e-07   3.6900622e-04   6.8022295e-17   1.6487105e-04   2.5589987e-18   5.2565341e-04   1.4379601e-14   4.3011858e-03
   6.3084226e-06   3.1899164e-05   3.1628996e-07   3.5848211e-04   4.9229786e-17   5.1507342e-12   4.5671844e-17   5.7428208e-04   2.1738212e-11   3.7638811e-03
   3.8196408e-08   5.3974228e-05   1.9392979e-08   2.8272026e-04   2.8543864e-10   8.3235539e-21   1.1475837e-14   3.9548753e-04   6.6011745e-15   3.7995628e-03
   2.7584770e-08   6.1304662e-05   2.3588747e-05   4.9440472e-04   1.0794466e-12   1.8811357e-10   1.9774715e-16   3.0732655e-04   1.4663470e-19   3.1405083e-03
   1.9920690e-06   7.8762686e-05   2.7254117e-05   2.1950862e-04   3.0693203e-19   2.2088088e-05   1.8411452e-19   3.5048137e-04   7.2386849e-16   3.6343563e-03
   4.9619566e-05   5.0107342e-05   1.2703273e-05   1.4731044e-04   1.8639679e-17   2.5388059e-13   3.9088196e-21   3.4419747e-04   1.4683719e-12   3.6452634e-03
   1.9217747e-06   7.5503566e-05   2.2110280e-08   9.7299572e-05   1.1085514e-23   3.5223520e-05   2.6442732e-26   3.8229987e-04   2.3919327e-08   3.9767328e-03
   2.3915206e-13   4.3288426e-05   4.4172412e-05   1.5667729e-04   6.9541537e-25   2.4266849e-04   1.2520004e-29   3.2419692e-04   1.9256331e-05   4.1359630e-03
   3.2728802e-10   4.5232400e-05   3.4621952e-05   8.2812870e-07   1.9193941e-22   4.1381613e-04   1.7451607e-23   1.9599065e-04   5.0069662e-05   3.9869707e-03
   2.0871471e-06   4.0084563e-05   3.5029366e-07   3.4010702e-11   2.0370273e-21   2.4516576e-04   1.9556178e-25   2.1390917e-04   5.7563690e-05   4.5499408e-03
   2.7062486e-09   3.2510051e-05   1.6498057e-06   3.1724926e-12   1.8908473e-26   1.5520697e-06   4.9692263e-24   2.7030855e-04   4.9482290e-05   4.6057894e-03
   1.9785556e-05   3.2891896e-05   1.1648577e-04   4.6465770e-14   1.0386276e-33   2.9623390e-05   8.4612876e-26   3.0466186e-04   5.3642718e-05   3.7915916e-03
   1.3048490e-05   5.6065363e-05   1.8404929e-04   1.2728410e-07   2.9303319e-22   1.8841236e-04   1.1206553e-23   4.7851361e-04   2.4946198e-05   3.2122789e-03
   1.1031868e-08   7.5511856e-05   4.9756010e-05   4.8813965e-07   1.0924108e-15   3.8691333e-10   1.9826390e-19   4.7866759e-04   1.3887847e-06   3.4265025e-03
   1.4275146e-08   7.9906274e-05   4.5710979e-06   4.9962785e-09   1.6466203e-18   2.8187929e-04   3.4099813e-19   6.5432850e-04   6.1155324e-05   3.1728982e-03
   9.6442652e-08   6.3287816e-05   2.2075830e-05   1.3054423e-08   7.1332712e-14   9.3429881e-10   9.4793974e-16   7.0474002e-04   1.3381190e-04   2.5702099e-03
   2.8782806e-09   7.5924978e-05   1.1477218e-06   9.8821865e-08   9.4202117e-23   1.7895949e-13   2.3744318e-16   3.7449056e-04   5.8648617e-05   3.6220521e-03
   3.6405073e-09   6.4456566e-05   1.5231662e-06   7.3005943e-06   6.3082796e-18   2.9133670e-10   8.7152889e-21   4.5214197e-04   1.0729272e-05   4.3373315e-03
   3.5739448e-04   5.9404353e-05   6.8701014e-05   6.4157894e-07   1.4586034e-12   1.0728239e-26   1.9812304e-21   5.1702014e-04   5.2736936e-05   3.7710953e-03
   5.1375147e-04   5.9428568e-05   8.2049174e-05   4.2119128e-10   1.6739502e-25   3.0708428e-14   1.6092213e-23   5.1558909e-04   8.2703350e-06   3.2937043e-03
   1.7222567e-04   8.3736882e-05   5.9563540e-05   1.2379625e-13   4.1234525e-23   6.0581229e-05   7.0723830e-18   4.7437886e-04   7.8031124e-05   3.4254184e-03
   1.6219490e-10   7.9453917e-05   5.7749166e-06   2.3530619e-08   3.4892869e-20   1.3904843e-05   2.6352512e-13   6.0929124e-04   1.0327889e-04   3.6904253e-03
   2.7658136e-05   1.2704807e-04   1.1683116e-05   1.1403683e-08   2.3782320e-22   3.4697491e-05   4.5274251e-16   6.5241098e-04   8.0990011e-05   3.7736456e-03
   1.0254229e-05   8.9719829e-05   6.9270071e-05   1.5393913e-06   2.7497891e-11   1.3410168e-04   1.4626351e-10   8.9042679e-04   2.0964455e-04   3.5094356e-03
   2.1207013e-05   1.1451544e-04   2.6115915e-06   7.1650030e-06   1.0473873e-04   5.9142595e-06   8.3865194e-09   9.3318963e-04   1.6376853e-04   3.4410755e-03
   1.3859296e-06   1.5395908e-04   4.0596922e-08   1.5465886e-07   1.1017118e-06   5.1171210e-05   1.6637546e-05   6.3161610e-04   8.5978659e-05   3.5030011e-03
   1.3347875e-09   1.6421425e-04   5.8815472e-05   7.9873170e-13   1.1907386e-06   7.9859280e-18   7.1946218e-05   4.6732172e-04   8.1344177e-05   2.9915935e-03
   3.2358004e-05   1.5928384e-04   3.4096846e-04   2.7606465e-13   6.0534324e-13   1.3900904e-04   1.0044142e-10   5.4793529e-04   7.9992110e-05   2.1811506e-03
   4.1710588e-05   1.7951250e-04   1.2096599e-09   2.8459750e-10   3.1232447e-15   2.4945098e-04   4.1624466e-12   6.4194489e-04   2.6258680e-05   2.7265470e-03
   3.7338735e-05   1.9494349e-04   1.4070516e-04   1.7696722e-06   6.2380752e-15   6.0107506e-08   1.5499012e-20   7.1211492e-04   5.3528037e-05   3.4250590e-03
   2.8245693e-04   9.9411975e-05   2.3178929e-04   1.1198912e-05   7.6846621e-10   1.9950915e-05   7.5287639e-20   6.9242027e-04   1.2630549e-04   3.3367044e-03
   5.2148787e-04   1.0493769e-04   1.7412977e-04   6.8250979e-11   2.0208874e-23   5.4829574e-12   3.5560750e-21   5.2570732e-04   1.0437068e-04   3.3143171e-03
   2.5875270e-04   1.4645267e-04   8.1526511e-05   1.7908006e-09   2.2884238e-23   5.2998872e-16   2.3875175e-12   5.8832869e-04   5.1493352e-05   3.3310892e-03
   6.7082406e-08   1.5711819e-04   4.4536731e-05   1.2373860e-08   3.2843749e-17   7.0356016e-08   1.2745288e-11   8.9160562e-04   4.3632653e-05   3.7596591e-03
   1.1597551e-08   1.8083581e-04   1.5155426e-05   4.3908922e-09   2.8140463e-14   1.9184251e-10   7.1573523e-11   8.5811617e-04   1.9039203e-04   3.9178833e-03
   2.8722489e-07   2.4527970e-04   1.9824498e-05   1.1427713e-10   9.9595384e-14   1.2960712e-14   6.2422119e-06   6.4531660e-04   1.7926014e-04   3.5437654e-03
   7.8739658e-11   2.1934162e-04   6.0959693e-06   1.2300212e-13   1.2202248e-09   1.7609299e-10   1.1803548e-04   4.2565308e-04   2.3649469e-04   3.6750720e-03
   3.5442228e-10   1.9101148e-04   5.1173814e-07   7.5279614e-16   1.6159580e-20   1.2035577e-10   1.4082778e-04   2.9061215e-04   2.0064151e-04   3.6644045e-03
   5.4663227e-13   2.0365072e-04   1.9393137e-07   6.1089732e-22   9.0914530e-23   4.1241329e-27   1.5435060e-10   2.0548772e-04   5.0042202e-04   4.6082585e-03
   4.2298554e-05   1.8164871e-04   1.1008255e-06   2.8505251e-15   1.2449079e-13   6.6077332e-21   1.5914418e-05   2.9477263e-04   4.5424134e-04   4.2093163e-03
   2.9978931e-05   1.4511428e-04   2.0952185e-05   1.8391670e-15   1.7941772e-21   1.6968462e-20   3.5046596e-06   5.0139013e-04   7.2551839e-04   3.3604835e-03
   6.9353165e-06   1.8028151e-04   4.9420552e-05   2.6155258e-17   2.1559179e-19   2.2641796e-25   1.6034014e-11   3.7921228e-04   6.0177752e-04   2.9353679e-03
   4.1841288e-10   2.2916458e-04   5.3025562e-05   2.9407468e-12   7.2458705e-13   2.0940312e-33   1.0683791e-04   3.2377445e-04   4.2723365e-04   2.8914224e-03
   8.3989203e-05   3.0176591e-04   1.7604308e-05   7.6704880e-15   1.6357170e-13   1.6680181e-33   9.7233653e-05   2.1903604e-04   2.2087385e-04   3.0435112e-03
   1.9033144e-04   2.8525807e-04   1.3446564e-09   7.1640523e-15   2.7987523e-16   9.9451713e-25   7.0964309e-05   2.4461278e-04   1.5277251e-04   2.9616049e-03
   6.8438018e-05   2.0968287e-04   1.2642033e-04   1.0749414e-15   7.1072388e-23   3.3511619e-23   9.2028901e-06   1.9636918e-04   7.0689673e-05   3.7153738e-03
   5.4250731e-08   1.8245530e-04   4.1082655e-04   1.0377303e-13   2.5822671e-23   2.1162848e-22   4.1909287e-07   2.0712998e-04   2.6195340e-05   3.4656504e-03
   9.4852868e-05   2.4728562e-04   1.8816834e-04   1.2553850e-11   5.9920130e-19   2.1747172e-23   4.5956014e-11   2.3212522e-04   2.0074761e-05   2.8309087e-03
   8.7980543e-07   3.1086797e-04   1.6099335e-04   1.0333550e-07   5.9246815e-25   1.3334714e-27   5.2606267e-17   2.0946886e-04   3.5013651e-09   3.1166386e-03
   6.5481145e-10   3.0515999e-04   1.4125741e-04   7.0099318e-14   7.0403871e-18   2.2854415e-26   2.9016188e-17   1.1514824e-04   1.5494428e-06   2.9567928e-03
   8.6386067e-06   2.1997683e-04   8.1695628e-05   6.6477947e-16   2.4316138e-27   8.6441643e-17   5.8579708e-14   2.0357938e-04   6.3571267e-05   2.7370079e-03
   2.2130982e-18   3.0817617e-04   3.9467335e-06   9.1830889e-23   1.4820103e-45   1.4525129e-35   4.4982348e-22   7.8472368e-05   2.8285872e-05   4.2691735e-03
   8.8628879e-15   3.0646427e-04   1.3063371e-04   4.0506295e-22   1.4520690e-28   9.6720341e-32   4.5922767e-19   1.4688658e-04   8.6466700e-14   3.7384358e-03
   1.8411709e-12   3.3371893e-04   2.2722663e-04   5.5992068e-21   2.5394004e-24   7.0218844e-28   6.8645937e-19   2.0172940e-04   2.2913651e-14   2.4527711e-03
   3.3257385e-15   3.2103154e-04   8.1743472e-05   2.0387325e-26   2.9302073e-20   4.0088164e-40   5.3504944e-16   9.4937402e-05   2.8105386e-20   3.7673258e-03
   3.3534148e-13   2.7919943e-04   8.7564519e-05   3.6284973e-29   1.2612674e-30   6.6686288e-32   5.4085763e-15   1.1000711e-04   1.0869308e-06   3.3933125e-03
   3.1025842e-14   3.1689903e-04   1.5907091e-04   3.2681735e-21   4.5480754e-39   2.9256727e-35   1.4325366e-18   6.7288580e-05   1.2364420e-04   4.0199875e-03
   1.1411910e-12   3.4830472e-04   6.0836318e-08   3.6759505e-20   1.0714561e-33   8.3727498e-40   1.8601788e-17   3.0130805e-05   3.2128836e-11   4.2362090e-03
   2.6390634e-20   3.5089668e-04   9.7617035e-10   4.0934286e-24   1.6688977e-23   3.6055661e-41   1.8215525e-17   9.2413923e-05   3.9935026e-15   3.6280877e-03
   1.8064656e-17   2.8998407e-04   1.6228169e-08   1.2978556e-22   2.9052147e-24   3.7375883e-31   1.0464912e-22   1.4496482e-04   1.7509584e-10   3.7266084e-03
   1.6501265e-11   1.9649593e-04   1.6391724e-05   1.8546053e-17   6.7533542e-23   1.6517837e-21   2.3961190e-20   1.5418206e-04   3.7202536e-07   3.8728602e-03
   8.8344525e-10   2.3958611e-04   6.0294258e-05   4.1526378e-16   1.2509371e-25   3.6250551e-21   1.4060743e-12   8.7351239e-05   2.0969625e-06   4.2185780e-03
   1.3817572e-13   2.3540199e-04   2.1131709e-04   3.8837262e-19   5.0559347e-35   1.0301536e-21   3.6949262e-11   8.4913971e-05   2.6911939e-13   4.0314665e-03
   6.5761033e-18   3.3059042e-04   2.6618759e-08   1.5894459e-21   2.3908825e-35   5.9527316e-20   1.6721577e-14   8.1381459e-05   2.6049620e-12   3.5460896e-03
   2.4908522e-20   3.7658673e-04   2.4649663e-04   4.5265858e-15   1.5644039e-49   4.2864401e-22   1.6440035e-22   7.1240028e-05   3.4189403e-09   2.8458039e-03
   1.5379845e-18   3.1355565e-04   5.1421061e-04   7.6190528e-15   6.2527228e-43   3.0573685e-32   1.4413389e-18   1.2838431e-04   4.0034423e-15   3.0596166e-03
   3.3169381e-25   3.7505503e-04   2.2495453e-04   1.3207695e-16   5.6719326e-43   7.7618381e-28   3.5805556e-21   6.5923485e-05   1.2046241e-22   4.5497401e-03
   2.4856933e-16   2.5466664e-04   4.0294792e-04   5.4458440e-18   1.2312876e-37   4.9796315e-30   7.4103407e-20   9.7506740e-05   6.3620140e-20   4.3954803e-03
   2.8938020e-12   2.4584804e-04   1.1484047e-04   2.6119243e-16   8.4360126e-40   2.7810114e-36   1.2302369e-17   1.2824386e-04   1.5573301e-17   3.8606673e-03
   2.1101009e-15   2.7826271e-04   4.0519762e-09   6.3795791e-10   2.1971751e-37   7.3820158e-32   4.9308074e-23   9.2012997e-05   1.8182604e-13   4.4605186e-03
   1.5020156e-09   2.0559376e-04   5.4230745e-10   4.3586453e-06   3.3484874e-37   1.7643864e-17   4.8762369e-18   1.1528957e-04   4.8711182e-07   4.0508761e-03
   3.9518429e-15   2.3029254e-04   1.7593176e-16   2.6039426e-09   3.0927921e-38   2.2550710e-20   1.1552481e-09   7.6028958e-05   6.2803515e-08   4.0878778e-03
   6.2792813e-20   2.5578795e-04   1.0716911e-11   7.9243162e-12   1.1326520e-40   1.3016918e-33   8.1579587e-10   6.8430935e-05   1.0511225e-17   3.9922132e-03
   9.4226830e-18   2.1244195e-04   2.3122235e-07   3.0307281e-08   3.8320575e-29   1.6609606e-25   2.1160985e-14   5.8806768e-05   7.1969329e-18   3.7982624e-03
   7.5331088e-07   2.7827848e-04   2.9725897e-10   1.2366222e-10   8.3866987e-31   3.9166240e-16   4.8512084e-06   9.0291854e-05   1.8765091e-16   3.0524187e-03
   2.0879842e-06   2.1351636e-04   1.2464989e-04   8.7195605e-06   1.7864798e-21   1.2720605e-04   2.0046072e-08   2.0109205e-04   3.2126507e-23   3.0258144e-03
   3.8332918e-06   2.7992273e-04   3.5205548e-05   4.7992999e-09   2.3420532e-21   1.5814614e-04   7.4279561e-13   1.7449629e-04   9.3193641e-26   2.5234015e-03
   4.8511502e-05   1.9740372e-04   3.3680759e-05   2.8515446e-09   7.5861457e-29   5.9709620e-05   9.2149149e-15   2.2658943e-04   7.0320436e-11   2.6931920e-03
   4.1468861e-07   2.1049735e-04   1.0930571e-08   1.7146235e-06   3.2942842e-18   1.1362386e-08   1.0145437e-08   1.6385428e-04   1.2667659e-05   3.4451170e-03
   2.7056332e-08   2.3465138e-04   5.3262951e-08   1.7803820e-10   2.5707906e-20   3.0312637e-05   3.0711155e-13   1.5991381e-04   9.9301916e-09   2.9584504e-03
   2.4262450e-11   1.6377905e-04   3.4045297e-05   1.4857106e-05   5.5887962e-25   8.8686590e-05   3.8310612e-13   3.4721865e-04   3.0345014e-09   2.7111799e-03
   2.3754862e-08   1.5545985e-04   1.1456501e-05   3.2296996e-12   4.9908941e-22   2.1010894e-04   5.9448754e-12   4.1198633e-04   1.7094467e-05   2.6080345e-03
   8.7210778e-06   1.7819414e-04   2.3761976e-07   5.2322402e-09   3.5893332e-18   3.3633436e-05   6.6539583e-06   4.5674575e-04   4.2040676e-08   2.7726871e-03
   1.5694199e-10   1.7266370e-04   6.3359974e-05   2.5665892e-10   1.0695935e-19   5.4308339e-22   1.2031673e-04   3.3954333e-04   1.8404716e-05   3.2428634e-03
   2.7706115e-17   1.8473817e-04   1.7206677e-07   3.6082689e-17   1.4268781e-14   1.1572673e-07   2.6934072e-05   2.1969516e-04   1.3998750e-05   3.6962547e-03
   2.7802576e-10   1.3588236e-04   3.7619260e-15   1.3613667e-11   8.5329213e-15   6.1138825e-15   4.3426088e-05   1.9537127e-04   6.7720820e-05   4.1858060e-03
   1.2428478e-16   1.7109101e-04   3.8349342e-07   9.7203327e-16   5.1890491e-25   1.5318976e-10   7.5743139e-14   2.0407387e-04   5.5894127e-05   3.7460891e-03
   2.7598678e-14   2.3344944e-04   5.5746813e-16   9.4224375e-14   2.2062517e-24   1.1367913e-06   5.2046704e-19   1.8790931e-04   1.0195682e-04   3.8116528e-03
   1.7464121e-09   2.8493674e-04   2.3753904e-12   2.8610507e-07   8.1818466e-17   2.3863620e-08   2.0685906e-14   2.3224577e-04   1.8685445e-06   3.2125037e-03
   1.7938484e-05   2.9725652e-04   1.3640050e-05   7.4069824e-07   3.8343406e-26   1.6207557e-05   8.4769694e-18   2.8155943e-04   3.0154206e-05   2.5371132e-03
   1.4777168e-06   1.8868837e-04   6.5797298e-12   1.5944601e-11   3.6370822e-21   5.3103985e-05   6.7793410e-13   4.1348121e-04   1.5735454e-04   2.5328058e-03
   2.5099116e-12   1.1203867e-04   1.5077373e-10   6.0270705e-16   2.2492754e-19   1.2747482e-07   1.1642440e-15   3.4672656e-04   1.8044768e-04   3.5867369e-03
   5.6209061e-16   9.5580218e-05   1.3324831e-13   2.9630084e-18   3.2467934e-07   3.9312171e-22   5.2925595e-13   2.4365954e-04   2.5132822e-04   4.2038653e-03
   8.6393839e-10   1.2968217e-04   3.5681748e-12   4.6753625e-20   5.1149692e-07   4.0421712e-15   3.8510704e-12   2.4224264e-04   2.4236813e-04   3.4490304e-03
   2.2070803e-08   1.4348094e-04   1.1140003e-08   8.7751119e-20   4.2421929e-15   4.5089402e-11   3.4794435e-15   3.3522603e-04   1.4761505e-04   2.9571046e-03
   9.1034569e-06   1.7992024e-04   7.4968775e-07   4.9074081e-16   1.4664547e-17   9.9630877e-13   6.9737401e-15   3.3569426e-04   5.7600951e-05   2.8835369e-03
   1.4791264e-07   1.6163557e-04   1.6043578e-05   7.3489625e-13   2.9316205e-14   3.1280804e-22   5.6013425e-11   3.6059456e-04   8.7412058e-05   2.2788914e-03
   8.6942221e-08   1.0254107e-04   2.5314715e-08   3.3732066e-06   2.2441241e-14   1.3454510e-12   1.3405877e-11   2.7303219e-04   1.0600935e-04   2.5734874e-03
   5.3896086e-11   1.1501146e-04   1.6230585e-14   1.2286424e-07   1.3055981e-11   4.8883241e-13   5.9420145e-11   2.5022597e-04   1.2862995e-04   3.3495027e-03
   8.4441305e-06   6.1821585e-05   4.1941511e-13   7.5712397e-08   1.5031586e-12   7.5384514e-17   5.4854196e-14   2.8559869e-04   2.1641343e-04   3.1726634e-03
   9.2158733e-06   1.3127529e-04   1.0414999e-12   3.4891307e-15   1.5179192e-24   4.3884979e-15   6.8341774e-17   2.0408896e-04   1.5327595e-04   2.8293858e-03
   1.0445798e-08   1.5019954e-04   2.6422891e-14   1.9475334e-16   4.2121667e-26   4.7185841e-12   7.5118399e-23   2.3887396e-04   1.6226516e-04   2.3640558e-03
   5.8751094e-05   1.0163314e-04   4.2596624e-05   9.6726132e-12   9.1172578e-25   2.9279963e-12   9.0967191e-19   4.6255547e-04   9.8242481e-05   1.6816363e-03
   1.3393679e-04   8.2557910e-05   2.6208396e-05   4.4198862e-10   1.9915939e-18   6.1538213e-08   1.7304032e-20   3.2683847e-04   1.1703175e-04   2.0491217e-03
   1.6350899e-04   8.4122398e-05   1.7454991e-12   1.3028900e-11   8.9083439e-17   3.0527251e-06   1.0487317e-21   1.8262830e-04   1.3279214e-04   2.6879122e-03
   7.9497273e-05   7.7279802e-05   2.4593075e-06   4.5702735e-14   3.7575055e-24   1.9919534e-08   1.3789320e-16   1.4747334e-04   1.4030385e-04   2.3268264e-03
   1.7160121e-06   8.2548813e-05   5.1126019e-10   1.0309571e-18   9.8262488e-17   1.9994097e-13   8.2113257e-19   1.0359649e-04   1.1050765e-04   2.8177020e-03
   7.0503216e-05   7.5472126e-05   2.1218131e-12   1.3506609e-12   3.4201292e-12   1.3014071e-09   8.1490715e-19   1.4800326e-04   1.4650216e-04   3.3606497e-03
   1.2135356e-04   7.1756796e-05   8.6739137e-10   5.1815446e-13   7.2442300e-19   6.3744526e-09   1.6577809e-17   2.0348391e-04   1.1088753e-04   2.8201697e-03
   1.1713166e-07   1.0697421e-04   3.5821971e-09   2.7289817e-19   3.3580152e-27   2.0141373e-20   1.0297686e-18   1.0715543e-04   6.0145201e-05   2.8538124e-03
   1.1332970e-15   7.4076163e-05   1.5206360e-12   3.7993224e-27   5.4273927e-24   9.8568624e-21   1.0594297e-23   9.1376157e-05   1.0850726e-04   2.9650866e-03
   3.0548752e-06   7.5499736e-05   2.2306579e-12   3.9934944e-18   9.0659286e-28   2.6299694e-06   2.6471070e-20   1.8546101e-04   8.9885910e-05   2.4776213e-03
   8.4216613e-05   1.1212373e-04   3.6642187e-15   2.7337869e-20   4.2419281e-20   1.2050678e-07   7.0286915e-14   2.0071293e-04   6.7133729e-05   1.9193612e-03
   2.0216212e-05   7.2420206e-05   1.6318100e-09   7.3940200e-21   1.9469281e-12   1.6413797e-16   1.1921105e-15   1.5149815e-04   6.8488694e-05   2.3772240e-03
   9.2797416e-06   9.7705315e-05   4.5602703e-10   1.9601391e-24   1.4990721e-16   8.4448886e-10   8.1035676e-25   1.0937429e-04   4.6460545e-05   2.5479121e-03
   1.8916804e-05   9.1856333e-05   8.3947050e-12   3.4035836e-21   2.0295579e-19   8.2983004e-13   7.0552685e-25   9.1199960e-05   2.1205420e-06   2.5380785e-03
   8.5189595e-06   1.0452024e-04   3.5490468e-11   3.0947445e-13   8.0480862e-13   1.9865147e-05   5.3525746e-14   1.3461690e-04   1.8316389e-07   2.4200433e-03
   1.5197014e-06   6.0407024e-05   7.1690118e-14   4.6680431e-10   1.5221868e-12   1.2466933e-04   2.6758116e-10   1.5776819e-04   6.9048485e-09   2.3944069e-03
   1.5159028e-06   5.1859546e-05   5.7786578e-18   6.3966760e-08   1.6910351e-14   2.5490564e-05   2.8519339e-20   1.2833170e-04   5.4549302e-10   2.2813318e-03
   2.7865997e-05   6.0399544e-05   1.0607442e-11   5.3907652e-12   5.6129332e-27   7.2541198e-16   4.1053296e-21   1.4307922e-04   4.9011748e-05   2.1776079e-03
   1.4606012e-05   5.5087114e-05   3.4806204e-12   2.3067551e-17   4.0050636e-20   1.1057651e-10   1.0640720e-15   1.3001106e-04   8.4912437e-05   2.0774671e-03
   6.4580205e-06   4.2193813e-05   7.6427944e-14   3.2772051e-06   7.7618157e-07   3.2118150e-05   1.3917348e-16   1.8390161e-04   6.9467087e-05   1.8414163e-03
   4.3696778e-07   4.2869170e-05   3.0061221e-12   4.8395473e-05   8.6481934e-08   8.7483660e-05   3.0629239e-23   1.3250345e-04   5.4286843e-05   2.0911348e-03
   5.3681084e-11   4.2814836e-05   2.9763052e-13   1.1781752e-11   6.8127893e-11   4.5917398e-06   2.3298030e-23   1.2734346e-04   2.7398388e-05   2.3410743e-03
   1.9425959e-14   4.5438706e-05   5.6486269e-12   3.4833240e-22   2.9846537e-06   4.3403122e-17   8.9046696e-23   1.0095299e-04   4.0450067e-05   2.6126581e-03
   2.1929541e-09   6.7118571e-05   9.8262758e-10   2.0019584e-20   4.6505047e-05   2.8927032e-05   6.3072405e-18   1.2766025e-04   3.6065730e-05   2.2810329e-03
   1.2856121e-08   5.6315993e-05   3.1152086e-10   1.5085223e-20   2.6311081e-07   6.6841700e-05   5.2761212e-15   1.2755269e-04   3.1325878e-13   2.5524244e-03
   1.6314173e-07   4.7734403e-05   3.8468270e-08   7.1181067e-17   2.9266147e-08   5.5521612e-05   3.3892412e-18   1.0184064e-04   1.0021877e-05   2.2485050e-03
   1.3641242e-06   5.4857745e-05   1.4712735e-08   3.9157896e-23   7.4936264e-27   7.8478773e-05   7.1112138e-24   9.4052823e-05   2.7679350e-05   1.6951194e-03
   1.9523626e-11   5.5443882e-05   1.1562350e-07   5.3694780e-12   6.2906311e-13   1.8320736e-04   1.6542145e-11   1.7253059e-04   6.0026557e-06   1.9005501e-03
   1.2872929e-08   3.0824582e-05   2.0428880e-14   1.1972941e-09   2.8927886e-10   1.9428614e-04   8.4570670e-14   1.8423942e-04   8.9356145e-07   1.6338199e-03
   2.0678821e-10   3.3404228e-05   1.8842019e-09   1.3565575e-05   7.6459593e-07   7.4786641e-05   3.4869354e-18   1.7351756e-04   5.0424924e-14   1.8401362e-03
   4.4692035e-08   4.8782920e-05   2.6548358e-12   5.8722719e-06   6.0825007e-11   7.5053956e-15   9.2511591e-23   1.7537992e-04   2.2187191e-23   1.7923441e-03
   2.3378746e-09   4.8463773e-05   5.5571210e-09   2.7945599e-06   4.2574723e-21   6.7711860e-21   2.7142961e-22   2.1265136e-04   4.9651651e-21   1.3594553e-03
   2.2015204e-10   4.0549269e-05   3.6822105e-10   4.5969867e-05   4.2913517e-14   2.0936808e-05   2.3358287e-18   1.6996701e-04   5.8300377e-11   1.6057804e-03
   4.1969776e-08   2.9650753e-05   1.2556012e-10   2.5113940e-05   2.0916464e-04   1.2246859e-04   1.0761721e-07   1.4411822e-04   9.5849155e-11   1.6423468e-03
   4.5504303e-06   3.6818890e-05   8.1842726e-11   3.6067353e-05   1.7327399e-04   5.4999123e-05   3.2327274e-09   1.0364877e-04   3.6792513e-15   1.3059285e-03
   3.1289446e-06   3.3017306e-05   1.4010656e-08   4.4351380e-05   8.6452018e-16   7.5867115e-12   7.6297678e-16   1.2568356e-04   7.8348505e-11   1.2805681e-03
   3.7701800e-10   2.8907260e-05   1.0788391e-07   5.5829364e-07   3.7236054e-09   2.8244419e-05   1.0558852e-11   1.5697111e-04   1.3874179e-12   1.4148325e-03
   4.1102088e-16   2.7119641e-05   4.5095019e-06   2.4202564e-10   3.5558450e-05   4.9994341e-05   2.7943187e-10   1.1942018e-04   1.0254285e-15   1.3873919e-03
   4.3125273e-08   3.5753664e-05   6.1799324e-06   1.3603374e-05   1.1376015e-05   6.1121573e-10   1.5685489e-10   2.0092249e-04   8.5839004e-10   9.0910684e-04
   2.7832382e-09   3.8098591e-05   5.4387195e-07   9.7870501e-06   8.7148549e-10   1.4121077e-16   2.1430746e-12   1.5694309e-04   2.8086560e-15   1.0342192e-03
   1.8387848e-12   3.7604663e-05   5.4008008e-11   1.2724305e-05   5.0698789e-14   3.2749765e-06   9.9192222e-27   1.1207759e-04   5.1540858e-19   1.3151792e-03
   4.7113675e-15   2.6068005e-05   3.4815660e-07   1.8065222e-05   1.3479380e-12   1.5077633e-05   1.3423017e-13   1.6351605e-04   3.9020885e-14   1.2254476e-03
   8.7645795e-18   3.1280414e-05   7.0459066e-08   1.5836766e-05   1.0373711e-04   3.2870741e-06   5.1284743e-16   1.4643196e-04   1.5955374e-16   1.3635578e-03
   2.5589633e-21   1.8839039e-05   2.2590646e-12   6.3596352e-06   2.1448077e-04   3.0877904e-07   2.7514732e-11   1.5966551e-04   1.2938393e-20   1.3565895e-03
   2.3127944e-10   1.7653347e-05   3.6141425e-11   6.8040963e-05   5.0573918e-07   5.4390597e-08   5.1247680e-09   1.9058863e-04   2.3979643e-16   1.2293802e-03
   2.0343269e-11   1.3307704e-05   5.8240105e-09   1.4051688e-04   1.4466605e-04   3.4376862e-06   1.8368983e-06   1.6581335e-04   4.7766932e-12   1.0527211e-03
   2.5651071e-09   9.6658263e-06   6.8815849e-13   1.7662475e-04   2.9810371e-04   4.5909501e-05   2.5798014e-05   8.7684460e-05   5.6041637e-09   9.2019518e-04
   6.0064955e-10   1.5770995e-05   1.2130983e-11   1.0494266e-04   4.7257304e-04   4.1453474e-05   2.1674285e-05   6.8095418e-05   2.8372916e-10   9.5540244e-04
   8.5732217e-06   2.7208987e-05   9.0122674e-10   3.6076059e-05   2.5043671e-04   5.2077220e-05   1.0586115e-06   1.1916922e-04   7.2084376e-12   6.7465198e-04
   2.0456439e-05   3.4182056e-05   1.3636856e-05   3.8709258e-06   8.6990759e-05   8.2289830e-11   4.1354128e-11   9.7797768e-05   7.5716662e-10   6.0600832e-04
   2.8272573e-07   2.5122863e-05   3.0176953e-07   4.0693472e-06   2.3606115e-05   1.8809059e-05   1.4030970e-07   1.1005035e-04   5.1126199e-14   7.5839303e-04
   9.2240160e-07   2.2624950e-05   8.7031788e-08   4.3320371e-05   3.9590036e-29   3.7994031e-05   4.2004887e-10   9.1212375e-05   5.5389518e-08   7.1349297e-04
   2.8690732e-06   1.7569234e-05   1.4264348e-07   2.8697885e-05   4.6890645e-05   1.3022975e-05   1.2794365e-05   1.0594800e-04   6.1683026e-06   6.3303133e-04
   4.7281211e-06   1.5875621e-05   1.0039205e-06   5.2002950e-05   4.4415330e-10   2.1036450e-05   1.0709682e-08   9.5877649e-05   5.2076588e-06   5.6183379e-04
   5.9223110e-06   1.8247627e-05   1.3737530e-06   6.7392830e-06   1.5774140e-08   1.1998233e-05   6.9133085e-06   8.6440174e-05   2.0302303e-07   6.3603825e-04
   6.2767164e-07   2.0920386e-05   1.3157022e-07   7.7382322e-07   5.3366595e-06   2.7183555e-05   1.0091118e-05   8.5835773e-05   2.1463474e-08   6.1589998e-04
   1.6983180e-08   2.3617765e-05   1.3768807e-06   5.8022363e-06   2.2166781e-05   4.5753538e-05   1.4604468e-05   6.8083997e-05   9.7998882e-06   5.9386615e-04
   4.1398196e-07   1.6661080e-05   2.5492302e-11   4.4037449e-05   1.4758212e-07   3.0184363e-05   1.9347884e-05   7.5816829e-05   2.3840727e-06   5.7689953e-04
   6.2183669e-08   1.2377409e-05   1.2669253e-12   8.3003151e-05   6.8482600e-08   8.0491356e-08   3.1477149e-06   5.0662182e-05   5.2583241e-06   5.6614849e-04
   7.1756090e-06   9.8797943e-06   3.7913624e-11   8.8641064e-05   4.2574270e-13   1.2960499e-07   1.6268841e-08   7.2501914e-05   6.5376159e-06   4.8422229e-04
   1.8811630e-06   1.0548075e-05   7.7749354e-07   9.2473587e-05   6.3042894e-10   2.7548375e-05   2.7356477e-16   5.9201100e-05   4.5700242e-06   5.0260637e-04
   3.9221713e-08   1.2378106e-05   1.2653905e-05   7.1840484e-05   1.2019969e-15   3.1874635e-05   8.1787926e-20   4.8074481e-05   6.8414476e-06   5.5012936e-04
   1.0477672e-06   1.5063460e-05   4.7057813e-06   2.5219491e-05   1.7496327e-18   1.5596424e-05   1.2479734e-10   4.7298474e-05   1.4988860e-06   5.8221977e-04
   3.8093841e-08   1.0863071e-05   1.5497032e-08   1.6497593e-06   2.3710071e-10   2.7643524e-10   1.6211211e-05   4.3803976e-05   7.7388509e-06   5.5772361e-04
   3.7797026e-06   6.5696404e-06   1.9391244e-13   3.7267078e-05   1.3069116e-06   1.3192535e-09   1.8042834e-05   7.5724553e-05   4.6039104e-06   4.8632354e-04
   5.1771398e-06   1.2900465e-05   3.7330622e-11   1.7159041e-05   1.6244675e-07   1.0572037e-05   2.2231184e-07   4.6911477e-05   3.5992612e-14   5.2558983e-04
   3.5807461e-06   1.3106321e-05   8.6837402e-09   3.4813902e-09   2.8009735e-09   1.3877167e-05   1.4674148e-05   3.8843253e-05   1.3126938e-15   4.6069030e-04
   4.7566831e-06   1.3612027e-05   6.3514702e-07   1.9327567e-11   3.7430256e-10   3.9741415e-05   1.8331994e-05   3.2016443e-05   2.3440886e-06   4.4761241e-04
   3.7609594e-06   1.0461055e-05   8.4264593e-10   1.8308459e-06   3.3040363e-21   3.9815908e-05   8.2403832e-12   4.0441814e-05   3.2358011e-06   5.2576247e-04
   2.3605077e-11   1.0900612e-05   8.8531454e-11   1.4745744e-05   1.3580272e-22   1.3154600e-05   5.3600266e-15   3.2039396e-05   5.5245586e-06   5.4051048e-04
   6.2004789e-08   5.5618235e-06   1.4118787e-06   2.4872947e-05   7.6001762e-14   2.8320382e-22   7.6271055e-06   2.6681589e-05   9.7614374e-06   4.4654205e-04
   7.6247344e-06   3.1416723e-06   1.8512561e-12   3.4608040e-08   1.3000366e-05   1.2546507e-06   2.1719105e-05   2.2870543e-05   9.7898829e-06   3.7953332e-04
   1.5016950e-05   4.8370271e-06   8.3255747e-09   2.4668954e-05   1.4806091e-05   3.1948751e-06   1.5268089e-05   2.6918431e-05   9.9914106e-06   3.1578044e-04
   3.7992102e-06   5.3235566e-06   3.4979031e-06   8.8042758e-05   1.2166541e-13   1.4504050e-09   2.6763052e-05   3.3882759e-05   9.2755209e-06   2.8976256e-04
   7.6903385e-07   5.9504976e-06   1.1254161e-06   1.1521816e-04   2.1280751e-25   6.7937807e-06   2.2083325e-05   1.7218983e-05   7.4704129e-06   2.2496918e-04
