   1.3519238e-02   4.4093488e-03   1.1093113e-05   1.4439213e-16   6.6603088e-05   2.3752424e-03   2.5051940e-76   4.1333848e-43   8.7307330e-03   2.6385433e-03
   6.4355012e-03   4.4308204e-03   4.7002668e-03   6.7530099e-11   3.1867151e-03   2.2647513e-03   8.5942527e-83   3.2241488e-12   7.7674433e-03   1.8254920e-03
   3.8902126e-05   2.2069594e-03   5.5858121e-03   5.2237928e-03   8.9911309e-03   6.5182216e-04   5.4469232e-57   6.7942621e-03   5.1081638e-03   4.4009558e-04
   9.2339750e-04   1.3802518e-03   3.6987401e-04   4.8241397e-03   1.6908948e-02   6.1160311e-04  3.0323996e-114   7.2432787e-03   4.0198207e-03   7.2823157e-04
   1.0366287e-09   7.4482870e-04   1.4116597e-07   5.2222251e-05   3.2073312e-09   3.8230876e-19   9.3029295e-72   6.1685160e-04   1.0348395e-02   2.0684223e-06
   9.4100840e-02   1.6524500e-04   4.7924341e-42   6.5699933e-45   1.7945483e-43   6.8523990e-35  1.6657212e-108   3.1146304e-51   2.9655001e-02   2.7535264e-35
   1.8282168e-01   1.5514193e-04   3.1185353e-89   6.6848578e-54   1.2530774e-35   2.0430552e-02  5.0664250e-118   6.2214669e-80   4.4488889e-02   2.3080675e-51
   9.6518366e-02   2.3160219e-04   3.0919069e-30   1.1397173e-35   5.1078851e-10   1.1001789e-01   4.0326702e-96   9.0499982e-15   2.3737835e-02   9.4765227e-42
   4.0552295e-04   4.2671598e-04   5.5356240e-42   3.1859688e-12   7.2401759e-02   9.9246196e-02   1.1715809e-47   1.9216160e-02   5.0150202e-03   1.0764867e-03
   4.2044128e-04   4.8576314e-04   3.4659523e-80   1.6909132e-15   2.3020826e-01   1.5313813e-02   1.7607827e-30   1.8425807e-02   4.0517401e-03   2.4336656e-02
   1.6893378e-19   7.9339975e-05   3.8092841e-26   1.5278003e-21   1.3668985e-01   2.7399114e-09   3.3682842e-34   7.0717862e-14   1.0076957e-02   1.7223489e-01
   3.8365418e-02   1.0576619e-08   1.1126531e-02   6.3953908e-22   2.4794366e-27   2.5219841e-30   2.4149836e-43   3.3139849e-20   1.4677479e-02   2.0589135e-01
   9.9402629e-02   3.1698762e-05   8.8961881e-02   6.6139592e-19   5.7723416e-28   3.2944407e-20   2.2269282e-48   4.6397179e-11   1.9384827e-02   4.8237808e-02
   5.7560762e-02   3.4636159e-05   2.9826006e-46   2.1215138e-17   3.2627904e-30   1.2067496e-02   2.9091269e-54   3.0575226e-17   2.0435213e-02   7.7764368e-03
   1.4086439e-04   1.1219340e-04   5.2101594e-20   2.5761794e-24   5.3304897e-20   8.3945852e-02   7.2964687e-30   3.6094478e-38   7.6355209e-03   2.7611891e-03
   9.1072861e-14   6.4089721e-05   2.4161931e-38   9.3863653e-13   5.3664990e-08   9.5053510e-02   1.0121716e-23   2.1045120e-30   8.4795347e-03   5.9513630e-03
   1.9042869e-21   4.7369156e-05   1.2497532e-35   3.1107359e-14   4.8079169e-03   2.9659120e-02   8.4694315e-27   6.3466879e-36   1.5294611e-02   1.2210590e-02
   5.1593331e-02   3.8878043e-05   6.3216849e-20   1.3167090e-22   6.2394466e-02   5.4315553e-04   2.7855272e-23   1.4640220e-61   1.5640314e-02   9.6392331e-03
   1.0893882e-01   8.7075891e-06   2.3523704e-21   2.7544783e-21   1.2397010e-01   8.0288321e-10   3.5481638e-14   6.7237992e-18   1.6225082e-02   5.5932722e-03
   6.7771856e-02   1.7058906e-05   4.3689769e-54   9.1922316e-17   1.7291389e-01   4.4061509e-09   1.9479454e-21   1.7558908e-08   1.9193180e-02   6.7237942e-03
   3.3726598e-03   2.8965000e-05   7.5527218e-91   6.2216503e-20   1.1802769e-01   9.1352503e-03   1.3016334e-16   3.7300038e-16   1.6055433e-02   5.0248769e-02
   1.1573794e-15   8.6281260e-08   3.3108131e-18   1.0046310e-10   1.1272149e-27   7.4890084e-02   3.1549473e-03   5.5882096e-23   7.1098400e-03   1.3555729e-01
   1.1046904e-14   1.3766654e-04   1.1322820e-01   4.4255234e-06   1.1603536e-30   1.0779727e-01   4.7564612e-03   2.0213219e-14   4.8303842e-03   1.0392164e-01
   3.2281888e-02   9.4374948e-05   8.4414069e-02   2.7576957e-14   4.5335022e-16   6.4998953e-02   5.7121037e-03   1.4670121e-14   5.8425687e-03   2.0980171e-02
   7.3740429e-02   1.4884722e-05   8.2410608e-29   1.0874807e-16   3.2447388e-09   9.0157629e-03   9.9824593e-04   1.3404461e-30   1.7364148e-02   8.0731149e-03
   4.7902476e-02   3.6388356e-05   5.2665533e-04   5.7228193e-27   6.2294653e-18   5.2922067e-08   3.1050922e-07   1.2133489e-24   2.5081793e-02   3.5369078e-05
   1.6615406e-04   6.2671316e-05   3.0686408e-15   5.2826144e-17   1.9207944e-10   4.8741485e-13   9.6493647e-08   6.1209093e-41   2.5285559e-02   1.0615954e-06
   1.1201354e-16   2.7125517e-05   8.4922627e-41   1.6242108e-16   7.9008015e-03   1.4515245e-03   1.8445302e-03   4.8193877e-40   2.0824506e-02   2.1590481e-05
   6.7690823e-12   1.0291408e-04   1.1759583e-43   2.0849161e-21   1.4642709e-02   3.2920716e-02   1.0095598e-02   4.5655160e-03   8.4387039e-03   6.4681390e-04
   3.5388421e-03   2.5274224e-04   9.7159040e-34   5.5554070e-24   1.7689168e-04   5.1542619e-02   1.0644374e-02   2.6822624e-03   5.8768972e-03   1.3764724e-03
   4.4983239e-03   4.8265938e-05   7.2674615e-68   1.1539273e-27   4.0817177e-13   2.2536954e-02   5.7831020e-03   1.1975236e-49   1.4056209e-02   1.8076278e-03
   2.6830964e-04   2.3439285e-05   3.3215216e-58   5.0781664e-37   2.5698089e-16   1.2779682e-04   1.4751282e-03   5.4035708e-47   2.0061328e-02   7.5498002e-03
   8.3849268e-17   6.7665982e-05   8.6447937e-04   5.1860435e-18   5.7894726e-43   3.9574185e-19   1.9728739e-03   3.2342475e-42   1.6388692e-02   1.7966679e-02
   1.2407958e-28   9.7272754e-05   3.5291117e-02   7.7198859e-11   5.1194103e-43   1.2880653e-18   4.1795436e-03   1.1299893e-45   1.0881542e-02   9.4150508e-03
   4.6338961e-21   1.2003639e-04   1.8574198e-02   1.3240507e-20   1.0287894e-24   7.7231501e-06   5.6333039e-03   2.0983326e-54   6.8023717e-03   1.1304854e-03
   9.6606314e-10   1.0285497e-04   1.0958897e-32   1.2077637e-15   8.0128761e-25   2.0533264e-03   3.6066415e-03   1.0308155e-35   7.0860282e-03   4.1614199e-04
   5.4927603e-10   4.2241389e-05   4.2768158e-07   1.1548103e-22   6.6395096e-36   3.4840236e-03   6.3684824e-07   2.4574925e-51   1.2913988e-02   2.3367489e-20
   1.1757626e-13   1.7872407e-05   4.0524872e-40   1.3578707e-21   3.5088081e-34   1.7711936e-04   9.2530541e-16   5.3905758e-91   1.7598431e-02   7.5427339e-31
   1.0859683e-16   7.6228568e-05   1.2330171e-34   2.1109563e-16   1.1423258e-20   2.9999472e-20   6.7102585e-07   4.4085808e-48   1.2816892e-02   2.6210223e-20
   7.8589202e-18   2.1285631e-04   4.5632718e-09   7.5132871e-16   5.1969766e-12   4.6799802e-16   2.3378442e-03   1.7443740e-19   7.4609602e-03   6.0659283e-07
   1.0013894e-15   3.1895426e-04   5.3357645e-25   5.3264852e-22   1.9001870e-13   4.6922618e-15   3.6076500e-03   8.0186230e-20   5.8566180e-03   9.5140329e-05
   5.6498059e-20   1.6987021e-04   3.0491557e-66   1.3594745e-26   2.0901350e-39   1.4525269e-18   4.4135657e-03   4.3129478e-24   7.3113789e-03   3.0583950e-04
   9.1220949e-19   5.7387851e-05   9.1006358e-48   4.5581036e-20   1.3894726e-55   3.1133669e-07   2.3139678e-03   1.5375790e-23   1.0466092e-02   6.8522775e-04
   1.1243635e-22   4.0979224e-05   2.8300710e-03   1.7982698e-13   1.8436818e-69   1.4672671e-03   5.2190467e-07   7.2120779e-43   1.4727335e-02   5.7587695e-04
   1.3427929e-19   3.1400526e-05   7.7067934e-03   2.6927885e-13   2.8355335e-58   3.1685968e-03   1.5321805e-03   4.9238076e-36   9.5610188e-03   2.0137832e-06
   1.1300119e-18   1.3343229e-04   2.5794159e-03   5.7155371e-14   2.8721003e-14   1.4730076e-03   3.7180598e-03   2.9620883e-04   4.7771501e-03   2.0176073e-04
   2.3054353e-21   1.1868861e-04   3.7327351e-41   1.4554902e-19   1.1981502e-07   9.4295078e-07   3.4089862e-03   2.3015814e-04   4.8054844e-03   1.0886337e-13
   6.2784446e-14   1.1035423e-04   4.7758561e-22   4.8291635e-24   1.4299010e-29   8.9510033e-30   2.0755443e-03   1.0999766e-11   5.4321843e-03   1.5705308e-17
   1.3025148e-07   4.1552240e-05   6.1491071e-49   2.3578971e-30   2.0374022e-32   4.8466975e-39   5.2178654e-04   1.0684556e-10   6.9216095e-03   9.8234071e-28
   1.8255660e-08   4.7347329e-05   1.4330004e-89   5.6668397e-40   8.7129556e-35   1.3868336e-23   3.0537510e-07   5.0628818e-09   7.6668984e-03   4.0716634e-38
   1.0667362e-10   6.0357238e-05   6.7257021e-83   3.4689277e-29   1.8334411e-30   1.5519845e-03   9.0260908e-09   2.4195912e-06   6.3765867e-03   2.4341559e-31
   2.7983463e-11   8.9755008e-05   7.6612627e-94   7.5644388e-28   4.2483496e-21   3.2847197e-03   2.1435301e-06   1.4312540e-03   3.8798512e-03   1.1462321e-04
   7.2551581e-18   4.9730032e-05   1.3216877e-93   1.6503235e-27   1.3221872e-14   1.6167820e-03   9.1050210e-10   1.1750955e-03   3.9282177e-03   4.6063430e-04
   6.0773006e-05   9.3879610e-05   2.6834949e-58   1.5481370e-27   3.1296720e-10   6.3518529e-04   1.8569158e-07   1.9042750e-04   3.1718336e-03   2.4207137e-04
   1.6143024e-03   8.3795275e-05   7.5215343e-05   1.6117259e-24   1.0244587e-11   7.8208933e-10   1.2670415e-07   3.7686072e-19   3.4543233e-03   7.4468522e-06
   8.3116723e-04   6.9727865e-05   7.6048545e-05   3.8615051e-23   1.6511775e-12   1.1125168e-12   3.5998183e-05   8.2650888e-12   4.0577147e-03   7.3326476e-21
   1.0741622e-04   7.3916593e-05   1.0024456e-23   4.9951678e-21   2.4442775e-11   9.5560783e-07   8.2833972e-04   1.2373652e-09   3.8123568e-03   1.0075906e-23
   1.8864246e-04   1.2482205e-04   6.7167613e-77   7.1860191e-18   1.4878685e-12   1.4207533e-03   1.4760569e-03   5.0491187e-04   2.8973700e-03   8.9580745e-21
   3.6515788e-13   1.1511583e-04   1.0792632e-45   1.6706602e-22   4.5725852e-18   2.5075073e-03   1.4103666e-03   1.2832742e-03   2.8661198e-03   1.8355920e-16
   1.1646320e-12   8.7616450e-05   1.6099499e-51   1.4888932e-14   2.0980228e-06   1.6481750e-03   1.6159937e-03   1.8425583e-03   2.5080616e-03   1.0288094e-09
   2.6877808e-04   7.0796015e-05  1.8398744e-104   1.6783310e-17   8.1127705e-04   7.9279526e-04   1.7776172e-03   1.3342751e-03   2.4125624e-03   6.0129689e-14
   9.4977576e-06   6.4711321e-05   1.2035126e-68   5.1254069e-22   1.9849206e-06   1.6733176e-04   1.3605302e-03   5.5701150e-04   2.9483344e-03   2.2599879e-10
   2.3153615e-10   1.0057056e-04   1.9895165e-64   2.1860991e-23   4.8972805e-17   7.1130490e-07   1.0264398e-03   5.7794887e-04   2.9749192e-03   1.3677132e-06
   1.1405062e-07   1.6127597e-04   8.9200152e-39   1.0418972e-32   3.3546732e-33   2.4617754e-04   6.2795614e-04   8.2550353e-04   2.1812419e-03   6.5373951e-05
   7.5649866e-12   1.2714724e-04   1.5492035e-50   7.7528593e-23   1.8505840e-25   1.4689886e-03   3.6404954e-09   2.8390086e-04   2.2688413e-03   1.5581783e-04
   8.8135908e-06   1.1886877e-04   4.2310322e-04   1.2558431e-15   1.3611423e-23   2.5526375e-03   1.5478369e-24   1.2016865e-03   2.1310272e-03   1.8074200e-04
   1.8127768e-03   9.4587057e-05   8.4383134e-04   1.7263957e-11   1.5314048e-14   2.3318839e-03   4.0963689e-27   2.4473145e-03   1.8215223e-03   5.4155130e-05
   1.4472454e-03   6.1817255e-05   1.4826309e-04   4.7271875e-11   7.0893023e-04   1.2918624e-03   1.6107049e-07   1.7144216e-03   1.9805663e-03   1.8453770e-06
   8.9162181e-06   1.1041095e-04   1.5688122e-46   4.4861120e-28   1.8839672e-03   1.0625108e-03   1.1354936e-07   2.5144263e-04   2.4901576e-03   8.9799183e-20
   2.3066313e-04   1.8328186e-04   2.3321922e-30   1.2890132e-23   2.2229259e-03   6.5796949e-04   8.8985513e-08   1.6770634e-03   1.8035673e-03   4.4322624e-12
   1.4141691e-05   1.0706910e-04   1.5496886e-37   1.4806112e-21   1.0980218e-04   5.3238036e-04   4.7921502e-04   2.0736374e-03   1.9349030e-03   5.4013905e-11
   5.6655079e-11   1.3609370e-04   1.2406320e-53   2.8413089e-13   8.3326044e-04   1.7074284e-03   7.0545913e-04   3.3588772e-03   1.8049994e-03   5.2760354e-07
   3.9287351e-04   1.2698604e-04   2.6122454e-60   3.0409834e-10   7.5433161e-04   3.0492825e-03   1.1602430e-03   5.8670622e-03   1.5643614e-03   7.2418908e-06
   5.6917380e-05   9.1941155e-05   2.3066424e-82   1.0029918e-10   3.2908197e-10   2.1605996e-03   9.7769761e-04   5.7878332e-03   1.8319389e-03   3.6055249e-17
   4.2792809e-11   1.1601281e-04   1.0074937e-31   1.7054248e-07   1.1063038e-03   5.4599015e-04   3.8069223e-04   5.2648466e-03   2.3876355e-03   1.0634743e-19
   1.4659306e-12   1.7595990e-04   3.9459467e-27   1.0540283e-06   1.1048367e-03   4.2476161e-04   7.1951169e-04   7.0209680e-03   2.0291352e-03   7.6010341e-10
   2.7208014e-13   1.4598280e-04   5.6009443e-05   4.2325220e-04   3.1481106e-03   2.9471997e-04   5.7656110e-04   7.4872323e-03   1.7381661e-03   1.3216869e-06
   1.5073606e-15   9.5650706e-05   1.5301284e-04   2.9096097e-05   7.5583992e-05   6.1376489e-04   4.6049473e-23   6.1622654e-03   2.1637207e-03   1.3887217e-06
   2.4899982e-11   8.4033526e-05   2.0466794e-19   2.2023800e-07   4.9280568e-04   3.0912290e-03   2.0170901e-95   5.9199365e-03   2.2515453e-03   1.6854820e-06
   2.3161196e-12   1.4421231e-04   1.7737007e-80   2.2365878e-05   2.6520762e-07   6.3842776e-03  1.4330560e-112   6.0527890e-03   2.2749631e-03   3.6597248e-14
   1.0395995e-21   1.0070522e-04   4.3397098e-29   1.4626502e-08   3.7579481e-20   4.6108819e-03  3.8275161e-151   3.6579963e-03   3.0154302e-03   7.7681898e-18
   2.4351770e-21   6.7706109e-05   2.6119013e-31   4.2271311e-04   2.0109133e-08   2.6206924e-03   2.1962623e-47   3.0699891e-03   3.1481707e-03   1.0306467e-10
   3.1339481e-17   1.1664464e-04   1.8825343e-67   5.1937511e-05   7.1346434e-04   2.4743630e-03   4.9362329e-40   4.4140314e-03   2.6864131e-03   1.1609384e-04
   4.8843896e-20   1.4444280e-04   3.2085749e-54   3.1689241e-15   1.5477927e-07   2.9852564e-03   3.0764165e-39   3.0097739e-03   2.1350135e-03   2.4221094e-04
   1.0843898e-14   8.2615850e-05   1.0534807e-55   2.9539799e-11   3.6151792e-04   2.2567289e-03   8.6495301e-37   5.6614702e-04   3.2312174e-03   1.5341425e-07
   2.3114728e-15   4.9940557e-05   5.1415811e-41   4.4409204e-06   1.3417928e-14   2.2343636e-03   3.4755201e-24   2.3125235e-03   3.4377647e-03   1.1300066e-04
   3.7691088e-20   7.2653643e-05   3.8268396e-18   3.5620212e-05   4.8380153e-22   3.5611218e-03   1.0287730e-18   6.3476522e-04   3.6719535e-03   2.6267755e-04
   3.6122897e-22   6.7544280e-05   1.4739241e-03   1.4404157e-04   7.0490185e-30   3.3348877e-03   1.3602170e-20   2.6853546e-09   4.0843481e-03   8.7890741e-06
   1.1672921e-16   8.2760112e-05   1.7037110e-03   1.6208739e-04   1.6393169e-14   2.5107151e-03   1.5598552e-26   1.6838848e-03   3.5082078e-03   1.4282351e-07
   1.1943776e-13   1.0605904e-04   5.0318543e-04   2.3483682e-12   8.3237626e-07   2.4934274e-03   1.1789497e-30   3.6260410e-04   3.1899026e-03   2.7532972e-10
   1.1021926e-18   1.0131015e-04   1.1927175e-14   3.1899520e-20   1.8816128e-13   1.2828958e-03   1.8082729e-45   1.5597089e-24   4.1444247e-03   6.2361846e-22
   2.9023054e-24   1.4254467e-04   2.4683882e-36   3.6148713e-14   5.5818683e-22   1.0501864e-03   6.7581471e-76   1.4567411e-16   5.0077165e-03   5.0346398e-31
   2.8579733e-24   1.3696696e-04   9.2615418e-33   3.0837957e-14   1.4701679e-25   1.3370468e-04  5.3681328e-129   2.2620631e-41   5.6846064e-03   5.5840588e-30
   8.6986403e-23   1.5157077e-04   1.3336976e-16   1.4692777e-05   3.1250298e-44   4.3144662e-04   2.6883156e-90   8.4983036e-53   5.4818789e-03   8.7147610e-25
   5.1441660e-19   3.1604725e-04   1.6229992e-26   1.7788888e-12   7.2111084e-33   1.2650663e-03   1.4900516e-72   6.2041276e-41   4.9402091e-03   2.3427216e-27
   1.7926236e-15   3.4046240e-04   1.6206506e-39   1.3533899e-25   1.3074334e-35   5.0336832e-04   1.2814639e-67   4.4699731e-04   5.1353295e-03   6.1793621e-29
   1.9755697e-16   4.4599434e-04   1.6863985e-23   2.5607497e-03   7.4701508e-30   1.7212386e-04   2.6419731e-85   2.9513859e-03   4.6212797e-03   4.7727827e-13
   1.0012013e-34   4.5440095e-04   4.8646843e-06   4.9336009e-03   1.2425436e-28   3.7177170e-16   4.1617892e-49   3.2116116e-10   5.1878138e-03   1.0766580e-12
   1.5441060e-32   2.1227957e-04   1.8162952e-03   4.2988568e-04   6.1506740e-24   1.2783830e-19   7.2946354e-42   2.5702209e-20   5.9744374e-03   4.9855262e-20
   1.6978860e-24   2.5991587e-04   1.4642462e-03   2.2902218e-03   1.7952019e-21   1.0605205e-11   4.4317543e-41   1.1803568e-09   5.7171663e-03   9.4745879e-18
   3.8867828e-21   4.2799736e-04   4.5164366e-08   3.5707696e-03   2.1254160e-19   8.1952713e-08   1.0735732e-39   2.5393942e-18   5.5532227e-03   6.5046578e-26
   1.6186303e-15   6.7847095e-04   1.0484371e-36   4.9993927e-03   4.7747873e-21   4.8277616e-04   6.0670912e-38   1.7971441e-06   4.0795103e-03   2.9976596e-34
   3.1484196e-22   3.6763461e-04   3.8539200e-40   6.3229211e-03   8.1162841e-15   3.5958208e-04   5.1414991e-17   3.4063007e-03   3.3240946e-03   5.4613077e-21
   6.7807426e-31   2.1776524e-04   4.0900091e-43   1.9940166e-03   3.9444419e-28   5.9443413e-05   3.1313521e-11   6.6818050e-03   3.6611736e-03   7.5678348e-10
   2.4088413e-32   2.4005046e-04   3.4362908e-43   2.0987114e-03   8.4237099e-35   1.2508032e-15   2.9882657e-46   7.8839139e-03   3.7404377e-03   4.6584366e-12
   7.6569027e-31   2.4099736e-04   3.4372009e-09   9.5001113e-04   6.5700065e-28   4.4008516e-12   1.0859250e-25   9.9433820e-03   3.4543015e-03   4.2521298e-12
   2.5124849e-25   2.2990901e-04   5.3154203e-16   6.5563118e-04   3.1259596e-24   4.7250811e-07   6.9319352e-16   9.3135534e-03   3.0069900e-03   2.8427022e-06
   5.6632812e-22   3.2571087e-04   7.4598791e-49   7.5364834e-04   7.2118283e-25   6.9675346e-05   1.0016878e-18   7.6480860e-03   2.8620801e-03   2.9772994e-04
   3.0591911e-20   3.2948622e-04   3.0077222e-16   1.2715037e-03   1.9088602e-27   4.4549986e-04   4.9608783e-15   9.1570370e-03   2.0637598e-03   3.6344527e-04
   9.5696873e-30   2.7925702e-04   1.8428979e-03   3.5822468e-03   4.0273179e-16   1.9562843e-04   1.9196377e-57   9.4104020e-03   2.0921377e-03   1.3512683e-05
   6.4966434e-33   3.5529325e-04   1.8390095e-03   3.3675542e-03   4.3695939e-26   1.1116397e-05   2.3700920e-51   7.5696733e-03   2.2186638e-03   1.4316400e-10
   5.4494368e-28   3.5026019e-04   4.5195090e-04   2.2212430e-03   2.7488607e-17   1.2633014e-08   1.3496848e-43   7.7303733e-03   2.1766099e-03   7.5692726e-16
   1.1543534e-20   2.9203821e-04   1.5764521e-15   1.1928493e-03   2.6344120e-16   2.2299003e-05   3.2313274e-76   8.6021596e-03   1.7833070e-03   1.0908138e-11
   2.4856684e-18   4.1775877e-04   1.2030611e-50   1.3634082e-03   1.2026360e-06   1.2395432e-04   1.7690982e-41   8.6781108e-03   1.4618466e-03   6.6177597e-05
   1.3915941e-21   4.1805294e-04   2.3580354e-55   1.5966959e-03   1.5131786e-19   3.6366148e-04   1.8336760e-23   8.4822901e-03   1.3038872e-03   2.8267796e-04
   5.2998403e-16   4.2463037e-04   2.7518592e-43   4.9217619e-04   8.8411461e-16   5.8505621e-04   2.2081527e-16   1.0208240e-02   1.0996215e-03   3.6351342e-04
   1.0868434e-25   3.4686995e-04   1.2019026e-16   3.5249935e-08   9.3147827e-26   2.9661991e-04   4.6865298e-09   1.1705422e-02   1.3583124e-03   2.2454390e-04
   1.4888619e-25   2.0416761e-04   1.2737023e-35   1.6660512e-03   1.5499772e-33   2.5727288e-04   2.4338768e-19   1.1591931e-02   1.3977975e-03   2.3633724e-04
   7.5787016e-20   2.1038318e-04   2.1321037e-33   5.9469673e-04   1.6165464e-21   3.3152262e-04   6.6990890e-36   1.3190641e-02   1.1168926e-03   7.6642352e-04
   2.4881480e-16   4.3725153e-04   3.1765245e-04   1.4383322e-04   5.5592614e-21   1.7290831e-04   4.3100549e-48   1.4655898e-02   1.0469833e-03   6.5957154e-04
   2.7497750e-13   3.7109531e-04   1.8056056e-03   1.6977305e-03   1.0008059e-12   2.6891701e-04   2.2034092e-50   1.4760080e-02   9.8524197e-04   5.5129320e-04
   1.3981938e-17   2.7403466e-04   2.0369292e-03   1.3637655e-03   3.8103664e-10   4.8612541e-04   2.7793843e-42   1.7305402e-02   7.2958322e-04   4.9527897e-04
   1.1966263e-18   3.6625811e-04   4.8910162e-04   3.9738793e-04   4.0637418e-18   5.5023951e-04   4.0699271e-88   1.8075445e-02   8.9104175e-04   2.7698120e-04
   1.0578304e-14   3.1865623e-04   1.0656823e-42   5.3033249e-04   4.0449370e-13   3.0619973e-04   5.3128363e-50   1.7452417e-02   9.1975510e-04   4.7894227e-04
   1.9473777e-12   1.7307604e-04   4.9629889e-38   2.3454836e-03   2.5881848e-09   2.7652037e-04   9.5964834e-35   1.5091960e-02   8.6036322e-04   3.1907042e-04
   3.4054725e-07   1.0727972e-04   7.6688707e-49   2.2339356e-03   4.2571312e-05   3.8774445e-04   1.0635911e-95   1.4162226e-02   7.1312913e-04   4.2736278e-04
   7.9603564e-05   1.4592866e-04   2.7063780e-65   1.4475404e-03   8.7760193e-05   3.3715137e-04   3.8927579e-40   1.4593556e-02   7.4392860e-04   2.6512723e-04
   1.3392787e-05   2.0969388e-04   2.0207433e-27   1.9330642e-04   1.4147569e-05   3.4093797e-04   2.2365747e-31   1.4272176e-02   7.1755107e-04   4.8470434e-04
   3.1447067e-12   2.0064178e-04   8.1637930e-46   8.0388324e-04   4.1877360e-09   3.7369352e-04   2.3990503e-24   1.3476521e-02   6.7539903e-04   8.7535550e-04
   5.5222314e-13   1.6885072e-04   2.2546361e-53   2.0124635e-03   1.8053480e-11   5.9579739e-04   2.6326786e-20   1.2649216e-02   6.9587242e-04   9.2207240e-04
   3.8823252e-11   2.3994396e-04   6.6479291e-04   1.4683166e-03   9.5859768e-05   4.6430597e-04   9.3359794e-14   1.2422144e-02   7.2336377e-04   6.8850275e-04
   9.7053434e-11   2.2305824e-04   4.2949739e-03   4.1489100e-04   1.4737791e-16   3.2489060e-04   6.4950319e-04   1.2525044e-02   6.8551887e-04   8.4123749e-04
   5.9505729e-07   2.2592950e-04   4.4392327e-03   4.1296299e-03   3.7933793e-09   4.2485249e-04   1.7179344e-19   1.1544841e-02   7.6973287e-04   4.1874259e-04
   6.9776862e-07   1.6233227e-04   3.8382439e-06   4.0669232e-03   7.5262404e-04   3.3036624e-04   1.7323404e-29   1.0723137e-02   7.1999880e-04   7.2211620e-04
   3.1924453e-11   1.4578664e-04   5.9531974e-33   5.2650157e-03   6.3033498e-04   3.8084747e-04   1.4570995e-24   9.0943987e-03   6.3388181e-04   1.0602670e-03
   8.7306319e-12   1.4828313e-04   1.7680920e-46   7.5122496e-03   9.4951226e-04   2.9559121e-04   4.7520914e-23   7.9729469e-03   7.6941918e-04   9.9017459e-04
   2.4073971e-11   1.3493265e-04   6.8312808e-40   3.8342604e-03   2.9686239e-04   6.6682938e-04   4.9287241e-05   8.9683944e-03   8.7143639e-04   1.7255385e-03
   5.0740134e-17   1.5345852e-04   2.4044193e-14   6.6040915e-03   1.7648140e-06   7.0859918e-04   7.0116574e-13   8.0095960e-03   8.5923251e-04   1.3640310e-03
   1.8786614e-12   1.5838136e-04   1.8883337e-17   3.3408910e-03   9.4542468e-20   4.6638248e-04   3.5262242e-36   8.6388648e-03   7.8783544e-04   2.4806489e-03
   2.5209970e-07   2.0322600e-04   9.5222205e-43   2.7481223e-04   6.7406458e-30   5.7281296e-04   2.6912827e-11   9.4869392e-03   6.6704033e-04   4.1030266e-03
   2.6646784e-07   1.7994183e-04   7.0335136e-16   2.6977956e-03   2.9227374e-30   5.9843556e-04   4.0483639e-15   8.0517364e-03   6.0943996e-04   3.4170265e-03
   1.3361905e-14   1.2792089e-04   6.2011207e-03   6.1059579e-03   5.8229263e-26   3.5845080e-04   4.7780325e-47   8.3773973e-03   5.9977354e-04   2.9011095e-03
   6.7702776e-22   1.2425198e-04   2.2122855e-02   5.5072334e-03   3.7487451e-22   2.5044451e-04   3.5495086e-43   9.2566872e-03   5.7663640e-04   2.0451630e-03
   1.4528808e-24   1.1384043e-04   3.1391505e-02   3.7837694e-03   3.0410204e-24   3.6844227e-04   1.7001972e-15   9.4133512e-03   9.2390288e-04   7.7837256e-04
   4.9008937e-14   1.9620403e-04   1.3050767e-02   7.2645960e-03   6.7545893e-21   5.0908883e-04   1.0259415e-22   8.8940085e-03   9.2593381e-04   6.5165573e-04
   7.2175078e-09   2.1379594e-04   2.7534766e-41   1.0953264e-02   1.4229111e-22   3.8959723e-04   1.0672655e-20   8.1781986e-03   8.3710728e-04   9.2301793e-04
   6.5153152e-15   1.2164536e-04   2.5051720e-14   9.6174276e-03   4.6306017e-21   3.3848767e-04   5.4864290e-04   9.9347083e-03   8.6960532e-04   1.2718398e-03
   4.7551016e-20   1.2570178e-04   5.9046053e-35   6.2365394e-03   4.8900031e-15   4.1863438e-04   5.4923409e-04   1.3599044e-02   1.0545200e-03   1.1920802e-03
   2.3461408e-22   1.7127117e-04   6.1126689e-41   1.0035942e-02   3.7064718e-07   1.7282148e-04   2.7565767e-15   1.2485878e-02   1.2528751e-03   3.3898798e-04
   4.0740058e-24   1.2183276e-04   1.1511111e-19   1.8142854e-02   3.3557011e-04   1.2248162e-04   1.4716613e-30   9.8967802e-03   1.2964937e-03   2.3230221e-04
   1.7681820e-18   1.0745116e-04   5.1651573e-48   1.0558108e-02   7.6877605e-08   2.2588986e-04   4.4015937e-31   1.1377673e-02   1.4929786e-03   1.2718580e-03
   1.8730179e-12   1.1199142e-04   2.0750668e-22   7.1745505e-03   1.8262982e-15   9.5958609e-04   8.1111820e-36   1.4764737e-02   1.1267882e-03   1.2544284e-03
   1.2470721e-19   1.2687052e-04   4.3777150e-03   1.1780375e-02   6.7431015e-19   8.6750640e-04   5.1248992e-50   1.2640114e-02   1.3071280e-03   7.6009951e-08
   8.6996187e-23   1.5035044e-04   5.6911551e-03   1.9827416e-02   1.0214762e-29   7.6855517e-04   1.6818151e-35   7.9368663e-03   1.1731723e-03   7.9950375e-10
   3.9395165e-19   1.9215924e-04   2.6604740e-03   1.7795248e-02   2.3253369e-23   7.0675260e-04   1.4800961e-41   8.6687660e-03   1.2636049e-03   2.1481456e-08
   5.3091919e-29   2.2297033e-04   1.0213117e-03   1.7447660e-02   1.7251974e-30   3.6510295e-04   2.3978696e-45   1.0053541e-02   1.6190851e-03   6.8686103e-10
   6.4423337e-23   2.5223929e-04   7.4915226e-04   2.0051752e-02   1.9073437e-31   1.2166381e-04   3.3935292e-49   9.8930238e-03   1.7972099e-03   4.6274927e-15
   8.6358781e-15   2.0887067e-04   6.7150248e-26   1.5390295e-02   5.8234270e-33   4.4043534e-04   2.5259773e-39   1.0102770e-02   1.6053247e-03   1.2651117e-25
   5.2480958e-12   2.9004587e-04   9.4229733e-20   1.2814141e-02   3.1247314e-30   1.3737734e-03   4.6258423e-29   6.7117002e-03   1.3081924e-03   1.7902661e-16
   5.0759494e-14   4.3823491e-04   2.7240940e-11   1.5758010e-02   3.2719168e-33   1.2931443e-03   1.1359314e-27   1.4308713e-03   1.1529210e-03   1.2989409e-07
   7.2413136e-15   2.7906928e-04   5.0627316e-08   2.2199910e-02   2.0130718e-18   7.2800935e-04   2.2447044e-32   3.2801589e-25   1.0977054e-03   2.2853078e-04
   1.3885351e-12   5.3171690e-04   1.2988793e-26   2.3419179e-02   1.8710810e-28   6.3577905e-04   2.7234256e-33   2.3750166e-67   1.1088478e-03   2.7191270e-04
   1.2892393e-11   7.0540191e-04   2.1199174e-24   1.9909791e-02   1.1029618e-32   5.0971599e-04   1.1548167e-35   9.4660727e-33   1.4833187e-03   6.2736230e-06
   1.6761412e-05   7.3793291e-04   3.9992638e-03   1.4840851e-02   5.3398367e-25   2.2143484e-04   2.1406302e-30   9.7326921e-23   1.4939154e-03   2.1972706e-05
   4.2114041e-07   7.0286241e-04   1.3256420e-02   1.0538963e-02   9.3738842e-24   6.4168534e-04   6.0541637e-24   1.1518210e-18   1.2296732e-03   4.6726123e-07
   1.5389105e-12   7.7976494e-04   1.5660708e-02   8.3849179e-03   4.3405923e-23   9.8575374e-04   2.6427674e-28   4.6503561e-21   1.2209754e-03   1.0205981e-06
   1.3670949e-05   6.4685320e-04   3.9877711e-03   1.1887773e-02   1.0871976e-16   1.2142623e-03  1.8462398e-101   4.8484414e-20   9.2550286e-04   1.7128576e-05
   2.2365320e-04   5.4827355e-04   7.3765097e-04   1.7855828e-02   4.2683478e-17   8.0684625e-04   4.6673122e-37   2.1225691e-33   7.8194314e-04   2.2788268e-04
   5.2134610e-07   7.2341372e-04   8.0698009e-09   1.5176772e-02   2.3615677e-14   9.2082011e-04   9.9020726e-38   8.7342252e-30   1.0553718e-03   7.9323411e-04
   7.2644931e-05   6.9904237e-04   7.5931927e-57   1.5247399e-02   5.9087638e-11   1.0561121e-03   2.4557925e-35   1.5731757e-21   1.0793420e-03   9.2962207e-04
   1.7978053e-04   6.5488258e-04   1.2206250e-53   8.7556736e-03   3.9615699e-14   6.0446132e-04   1.7066881e-43   1.8661085e-07   9.9045156e-04   2.9544276e-03
   1.3508918e-04   7.1751685e-04   4.5784282e-35   4.8474347e-03   1.1841857e-13   7.7359340e-04   2.1187145e-49   3.6224535e-03   8.9248850e-04   4.4152685e-03
   2.0541139e-04   8.8956013e-04   1.3448010e-48   7.3173358e-03   7.7470247e-16   1.3794877e-03   2.2716677e-66   6.6305640e-03   7.4135658e-04   2.6811417e-03
   3.9853183e-08   7.2551296e-04   2.0438940e-03   1.6257213e-02   4.4133959e-04   1.5524337e-03   8.1641897e-68   3.9923630e-03   6.9733367e-04   4.2911867e-04
   4.3755098e-10   6.8033747e-04   1.3693296e-02   1.6797827e-02   6.3645024e-11   9.4780300e-04   6.4890328e-42   4.8880507e-03   7.8468957e-04   3.4184359e-04
   1.5691556e-05   4.3427026e-04   3.1175346e-02   1.0549033e-02   4.0921914e-04   7.4059739e-04   1.1645585e-26   7.2354689e-03   1.1053833e-03   2.1937228e-04
   1.4308245e-07   4.8199980e-04   3.4857953e-02   4.9965754e-03   4.4107174e-11   5.2279345e-04   1.7688120e-50   8.9809602e-03   1.0034357e-03   7.0678621e-04
   8.5588188e-10   4.4511574e-04   1.6578253e-02   3.6527728e-03   1.5866560e-03   5.2565816e-04   3.3775708e-49   1.0428333e-02   9.7057186e-04   7.5357430e-04
   3.0160803e-09   4.7940074e-04   1.7103224e-02   1.0386831e-02   5.7671582e-08   8.7686111e-04   4.7579508e-25   6.1276071e-03   9.8039514e-04   1.0151238e-03
   3.7613892e-06   5.7016902e-04   5.3151406e-03   1.4928822e-02   4.9523128e-13   1.3324318e-03   1.6705711e-61   5.1022418e-03   5.8246308e-04   2.6319139e-03
   2.7165220e-04   6.7534429e-04   5.9152892e-17   2.5288387e-02   7.1488352e-30   1.3438901e-03   7.7549365e-45   3.8466676e-07   4.7227185e-04   2.0308210e-03
   2.7106058e-05   5.6833826e-04   1.7246717e-04   2.4571924e-02   1.3366760e-31   8.1621205e-04   4.8487219e-60   8.7001939e-05   6.1305094e-04   3.0050551e-03
   1.4502337e-13   6.1852210e-04   7.7475832e-03   1.2725355e-02   1.0415274e-20   4.3159676e-04   1.8926357e-25   6.5952627e-03   7.8507238e-04   3.9765952e-03
   7.7349954e-22   6.5938232e-04   8.5963755e-06   5.4074085e-03   4.8298083e-24   4.6185859e-04   1.9837773e-39   1.0466403e-02   6.8308285e-04   3.3504999e-03
   3.2181236e-19   7.7105591e-04   3.4063543e-03   1.1344334e-02   1.5155063e-29   4.1715839e-04   1.1943650e-27   7.3557196e-03   6.8871840e-04   8.3572365e-04
   5.1117930e-17   9.0670479e-04   1.2411288e-02   1.2296578e-02   9.2316342e-21   6.7867109e-04   7.5329411e-10   5.8900860e-03   5.3791275e-04   9.5761758e-04
   8.0624188e-13   6.5529797e-04   2.9301270e-02   8.2639344e-03   3.6962035e-15   7.2284862e-04   1.1001938e-17   8.3039005e-03   6.7238334e-04   2.3265281e-04
   9.2253918e-12   4.3832436e-04   3.1174392e-02   9.5629595e-03   1.3740333e-14   8.2885377e-04   2.2984284e-56   6.7800444e-03   7.9134074e-04   1.6485723e-04
   6.7165566e-09   4.8950976e-04   1.2611334e-02   1.5531557e-02   3.4485955e-11   5.9921871e-04   5.8071424e-65   3.6112369e-03   8.1168289e-04   1.7236551e-07
   2.9716097e-11   1.1324190e-03   4.0793144e-13   1.9374025e-02   2.0322429e-04   5.1985195e-04   7.6519765e-17   6.2942785e-04   7.3913595e-04   3.6221294e-04
   8.1083097e-16   1.4969751e-03   2.7241631e-03   8.4172615e-03   2.8369785e-10   4.5110558e-04   2.8041564e-11   3.0730605e-03   7.5310116e-04   6.4514663e-04
   2.0078726e-20   1.0284059e-03   1.0335467e-22   8.5862955e-03   1.8274104e-25   6.3519791e-04   3.7865813e-03   1.9271103e-03   7.7254648e-04   7.2790821e-04
   2.3647444e-16   9.5590013e-04   1.6822224e-49   1.3620291e-02   1.3528499e-16   8.8643005e-04   7.7065858e-03   4.6010591e-07   5.5727992e-04   4.9048937e-04
   3.1567529e-21   1.2650712e-03   2.9072338e-25   1.4752002e-02   5.1860989e-30   8.0029532e-04   4.0092384e-03   6.9057067e-05   6.1592044e-04   6.3812669e-04
   1.2271783e-16   1.2861183e-03   7.9191854e-26   1.0515848e-02   1.9307985e-25   1.0262320e-03   1.9195791e-20   4.2286260e-03   6.0559990e-04   3.5135889e-04
   6.3235519e-13   9.6166047e-04   1.4331129e-03   9.3064633e-03   7.3221304e-14   9.9614739e-04   8.1592010e-47   6.9033586e-03   7.5260404e-04   5.6137143e-05
   6.1445784e-18   1.0208428e-03   6.8575957e-03   1.4095217e-02   6.2479504e-28   7.4105711e-04   9.8872609e-25   6.0897209e-03   7.9387442e-04   6.2448917e-07
   8.8042614e-18   1.4513098e-03   1.2061977e-02   1.9309560e-02   1.5878358e-09   3.0792437e-04   1.6502331e-04   3.3628660e-03   6.7839206e-04   1.1890045e-09
   4.2451523e-15   1.7934318e-03   1.1448444e-02   1.5430131e-02   1.1505812e-08   4.3847888e-04   6.0279620e-05   1.7347567e-03   5.2245421e-04   4.8314648e-07
   2.4396077e-12   1.4260923e-03   4.5353094e-03   1.1309025e-02   6.0290511e-04   2.7014816e-04   1.4197903e-03   1.8336449e-09   6.4994179e-04   1.3634276e-10
   1.0802918e-18   1.2503786e-03   5.6561664e-04   1.3920845e-02   5.4415822e-04   2.8229613e-04   4.6085711e-27   1.3587858e-27   8.0229724e-04   2.9199302e-08
   5.3357964e-26   1.1681448e-03   1.1225263e-03   1.5483822e-02   3.5745537e-05   4.1990725e-04   2.7533720e-29   2.6333612e-16   8.5326361e-04   3.7742264e-05
   7.0657417e-24   1.5869454e-03   2.0811426e-27   6.7350198e-03   1.1481056e-06   5.8860634e-04   2.2355271e-32   1.8129981e-08   7.4063629e-04   7.3190756e-04
   1.5543742e-18   1.5022849e-03   2.8322517e-35   1.1572056e-02   4.2540968e-10   4.8124715e-04   1.2132982e-64   4.5310135e-16   6.9092426e-04   3.0095571e-04
   3.8178506e-30   1.1811621e-03   6.2429830e-04   5.9797830e-03   6.3747900e-21   2.6227216e-04   2.4701153e-03   3.6803714e-07   7.0861990e-04   1.0365342e-03
   2.1343369e-15   1.5935603e-03   3.1795790e-21   5.9716860e-03   1.6961107e-27   1.0934289e-04   1.1471742e-02   3.0120277e-04   7.8253952e-04   4.9045316e-04
   9.5752436e-17   2.0929265e-03   5.3363661e-07   6.1233567e-03   2.3076822e-17   6.9185399e-05   8.1586304e-03   3.4044907e-05   8.8674041e-04   6.9812264e-04
   9.7222224e-26   1.8839935e-03   4.7944593e-03   5.2791333e-03   2.6316179e-19   3.0908223e-09   9.2328824e-05   2.5622249e-04   1.1171239e-03   3.9261776e-04
   7.4460101e-24   2.2651286e-03   1.4102243e-02   2.0859726e-03   1.3749065e-19   4.9361216e-05   3.8507132e-10   6.3170871e-10   1.0643370e-03   2.5360190e-04
   7.1840896e-24   2.8929411e-03   1.4128510e-02   3.1646573e-07   1.4296863e-17   1.6154338e-04   7.2161897e-03   6.9926040e-31   1.0732355e-03   5.9364539e-05
   8.2682563e-23   2.5557803e-03   5.8083309e-03   4.4962351e-03   6.3143840e-13   8.7013677e-05   8.2664534e-03   7.1643341e-80   8.8599190e-04   1.9755155e-05
   7.6588164e-11   1.8946525e-03   4.3130606e-09   6.2975645e-03   2.2069208e-22   1.3782052e-04   1.3103184e-16   1.4244577e-30   8.4912052e-04   5.3542081e-04
   2.5091327e-12   2.3335518e-03   1.6738324e-03   4.7228982e-04   1.4959206e-19   1.5584189e-04   1.5043790e-03   3.9375876e-05   8.6851990e-04   1.0027370e-03
   3.0963104e-24   1.8798215e-03   1.1463794e-34   8.0507963e-03   5.3343078e-18   1.3678288e-07   7.7719118e-03   2.6338788e-09   1.2583222e-03   4.6909379e-04
   4.0483595e-31   2.1260354e-03   8.1673828e-33   3.8082332e-03   2.7886706e-28   1.0511928e-19   5.4654578e-03   4.5374124e-04   1.3636591e-03   1.5727299e-03
   6.7695434e-22   2.1319441e-03   2.4684307e-24   5.8112667e-03   1.0562506e-24   3.4799117e-05   5.3717251e-13   1.6598067e-04   1.1604588e-03   1.6432435e-03
   1.0530629e-18   1.9516820e-03   6.4309188e-19   7.2985661e-03   5.1042372e-27   2.7317073e-04   3.0744265e-41   3.2309229e-04   8.8672650e-04   5.3904907e-04
   2.8435426e-17   2.5892133e-03   1.3317883e-03   2.4280283e-03   2.4288412e-24   5.3055761e-05   7.2982757e-38   8.7988616e-04   9.8422417e-04   1.2154752e-03
   3.5815800e-18   2.2479309e-03   8.9632551e-03   3.8141802e-04   6.2577937e-22   2.0224769e-06   4.7615746e-91   1.2757303e-03   1.0468400e-03   8.5011783e-04
   8.1262974e-22   2.0808501e-03   1.8148383e-02   3.1182871e-05   3.2474872e-20   7.0807394e-07   3.1604211e-12   2.2597061e-11   9.5414509e-04   1.1410662e-03
   2.3795022e-30   2.1772855e-03   1.6661453e-02   3.3328131e-04   1.4139095e-24   3.9250054e-17   2.3860547e-08   1.8048969e-26   1.1779479e-03   3.8918261e-04
   6.6973374e-31   2.1592304e-03   6.7963362e-03   2.3522885e-03   1.4538862e-33   7.9871572e-27   7.7138047e-55   5.2860904e-31   1.2179117e-03   7.6404479e-04
   1.3159058e-25   3.1344479e-03   2.9134656e-03   1.3061888e-08   3.1615252e-49   4.5740768e-16   4.6023361e-10   1.3841695e-25   9.8626678e-04   1.2926710e-03
   1.5963964e-15   3.2541682e-03   3.6432489e-03   1.7901483e-09   2.8748106e-38   4.3401791e-10   1.8206119e-04   5.8858559e-22   8.8308726e-04   1.2939724e-03
   1.2666471e-06   3.5142337e-03   1.9745066e-42   2.9780941e-04   1.4045326e-36   2.7545591e-18   1.3713037e-16   4.0492397e-27   7.5697150e-04   1.9602949e-03
   1.9571355e-08   3.3682505e-03   2.6816947e-30   1.0628841e-06   4.3270502e-25   8.3021562e-13   1.7235870e-24   4.9083551e-27   6.8050121e-04   2.7450107e-03
   9.8178300e-16   2.5444367e-03   5.2800101e-04   2.3116485e-11   8.1529121e-33   1.1322939e-14   8.3947825e-10   2.0491363e-19   8.4247178e-04   1.4284072e-03
   2.9112051e-22   3.1831961e-03   2.7824380e-31   1.3588815e-09   1.8006820e-33   2.9424235e-18   2.7041686e-26   2.5694638e-24   9.0283614e-04   6.0409098e-04
   9.0472520e-11   3.3316225e-03   8.6045599e-04   2.8100043e-13   2.3829491e-24   1.7773011e-11   1.3046858e-41   1.5454275e-31   6.7334316e-04   7.5279124e-04
   7.3463685e-06   3.2935173e-03   5.7121281e-03   8.5963222e-11   4.6820559e-23   3.2545346e-12   5.1547801e-48   1.7757741e-43   6.2606786e-04   5.4873291e-05
   1.8142003e-04   2.8454703e-03   1.1546943e-02   2.3354999e-10   4.5695190e-25   3.8863028e-09   1.3620399e-41   3.3859822e-54   6.3431858e-04   2.5043295e-04
   5.4686658e-09   2.6024086e-03   9.2057472e-03   9.7467734e-14   6.9490415e-23   5.4181095e-11   1.3139438e-21   6.5610956e-44   5.7310773e-04   2.5913150e-04
   4.4728534e-10   3.0633192e-03   7.3780121e-03   8.1545402e-08   1.8368658e-14   4.1692131e-20   4.0028039e-11   1.7100109e-40   5.6724216e-04   8.6820509e-04
   1.0350324e-06   3.5563995e-03   1.8386428e-21   9.3797690e-07   4.6536306e-19   3.7583197e-20   1.4329112e-02   3.3194578e-41   6.7763804e-04   9.3765348e-04
   1.3293099e-07   4.0224937e-03   1.3228111e-03   1.7878394e-08   1.6037846e-24   1.0644294e-22   2.0436142e-02   7.8286147e-37   5.7231709e-04   1.2537778e-03
   3.6647408e-07   4.1364738e-03   7.0658849e-39   5.0687610e-07   9.0514012e-23   1.9116799e-08   8.2624006e-03   1.0414928e-32   3.5042179e-04   1.8852717e-03
   5.7647865e-04   4.1525011e-03   9.4084409e-08   1.4094738e-08   2.3108378e-31   8.9158686e-08   4.4745544e-22   2.3836911e-33   3.2287574e-04   2.0429249e-03
   4.5936017e-04   4.7125957e-03   3.1196768e-07   5.8266848e-18   6.8547082e-33   2.2634333e-05   1.0594325e-21   1.1694205e-34   2.4903979e-04   8.4127521e-04
   3.1387294e-06   3.9484492e-03   4.0750929e-29   8.4237672e-11   3.8974347e-37   2.1472906e-05   5.6988439e-04   3.6154481e-28   3.4173608e-04   1.1234545e-03
   7.6221550e-10   3.4180529e-03   3.5235207e-04   1.3813537e-09   7.2707390e-41   2.6867002e-11   1.0336206e-02   1.8168391e-21   4.2479085e-04   1.1854753e-03
   9.3851871e-14   3.7563797e-03   7.0391862e-03   3.8189048e-05   1.4204789e-25   3.1332709e-13   1.4096531e-02   1.8527635e-12   4.2322157e-04   3.2924105e-04
   8.7221299e-06   3.9427824e-03   1.1173220e-02   2.8312496e-07   2.1387522e-28   4.0442908e-09   6.0637620e-03   1.6793225e-07   3.2540116e-04   1.8551089e-04
   6.8862136e-04   3.4826714e-03   6.6298923e-03   3.2169556e-11   1.0073111e-27   1.0593418e-06   4.0814852e-05   1.3871747e-03   2.9017209e-04   1.7903058e-04
   8.2516345e-04   3.4013995e-03   3.8461127e-03   5.6070178e-06   7.9628786e-19   6.6410990e-07   2.8341089e-07   6.8825586e-04   2.9422975e-04   1.1917726e-04
   6.9861259e-05   4.2656000e-03   5.7360656e-15   3.6028064e-08   6.7127937e-17   1.9241670e-07   8.2562918e-18   6.6241247e-13   2.9490954e-04   1.0698222e-04
   1.5267178e-08   4.7315743e-03   7.8778847e-33   6.7806459e-07   6.3888910e-21   6.4194239e-06   3.9926580e-17   2.4605355e-22   3.0412433e-04   2.9828414e-05
   1.8914378e-11   4.8619502e-03   1.3284219e-24   3.3800463e-03   2.3035284e-28   1.3155524e-06   3.2394272e-10   1.4460217e-34   3.6822367e-04   4.4195447e-06
   3.8693401e-10   5.0558311e-03   4.1094800e-33   7.5478950e-08   1.1267915e-20   4.4744370e-05   8.1445336e-03   6.6201474e-51   3.1316600e-04   2.0829376e-04
   1.1676777e-04   4.6022107e-03   3.6924520e-35   1.3842863e-22   1.8269024e-11   1.3119004e-04   4.7212478e-03   2.4523989e-67   2.0341298e-04   1.0894713e-04
   3.3552367e-05   4.0049432e-03   6.3049760e-43   1.1643894e-18   2.8116092e-15   1.8389830e-04   4.4818488e-27   1.4900643e-72   1.9249689e-04   3.7763520e-04
   2.5417139e-07   4.2723062e-03   3.1838911e-05   4.3683672e-28   2.8711783e-16   2.1218405e-04   4.3986455e-42   1.4261066e-55   2.5303701e-04   2.1458406e-04
   7.7511270e-17   4.3249326e-03   1.4080887e-03   1.7130025e-27   1.9307534e-30   2.7898365e-04   6.5314936e-72   9.8998214e-47   2.8119867e-04   9.9959104e-05
   1.1851333e-19   4.9685433e-03   1.5837768e-03   1.4781774e-29   2.3794376e-33   2.6722228e-04   6.9666825e-12   1.9313874e-44   2.8339165e-04   1.5813990e-04
   4.3032638e-23   4.9741639e-03   1.0734216e-03   2.1889357e-34   1.7428719e-31   3.0550060e-04   3.8205613e-04   2.6190250e-42   2.4326391e-04   1.6924581e-04
   1.0192993e-15   3.7940195e-03   4.5228375e-07   2.5072018e-21   2.9349378e-20   2.1271829e-04   8.5067622e-03   1.0990342e-32   2.2786706e-04   5.5167370e-04
   1.3625237e-13   3.2021032e-03   6.0417773e-44   4.1994002e-14   1.6962696e-23   1.6228226e-04   2.5592155e-02   3.7152151e-21   2.6260964e-04   6.6379519e-04
   6.9219082e-17   4.5835016e-03   7.6051504e-24   7.2960399e-23   1.2792415e-30   1.2891564e-04   1.8313097e-02   9.7518806e-27   2.8555314e-04   5.0342327e-04
   3.3982281e-17   4.8641004e-03   6.5012354e-41   1.5340802e-22   6.9196675e-33   1.2288781e-04   1.6442892e-02   4.3865016e-24   2.9760708e-04   5.9212872e-04
   2.2496161e-26   5.2829717e-03   2.6348816e-21   4.3451846e-22   1.8611296e-31   1.7085455e-04   2.1680162e-02   1.2024902e-23   3.6773770e-04   3.5107504e-04
   4.6021927e-30   4.1498563e-03   9.9548751e-18   2.4507020e-21   1.4257393e-28   1.2542750e-04   1.9801624e-02   9.2130123e-15   5.1720317e-04   3.7087816e-07
   2.2787487e-22   2.8906797e-03   4.2084333e-12   6.3539699e-13   9.8473730e-21   7.0857710e-05   3.6215937e-02   1.4276117e-05   5.3478751e-04   7.5235391e-05
   3.8972234e-11   3.0737455e-03   3.7412055e-19   1.4663787e-21   4.2902647e-14   8.0578396e-05   3.7840453e-02   4.0033673e-09   4.3697037e-04   2.5959475e-06
   1.2825291e-12   3.3593879e-03   2.7215268e-04   1.7571313e-26   1.7079540e-17   5.0707823e-05   2.3501228e-02   3.7825380e-18   4.5330427e-04   2.3975579e-04
   4.7482806e-13   4.7367311e-03   6.0370181e-04   5.1421874e-30   1.2068920e-19   1.0133749e-04   1.8651620e-02   5.2582490e-37   4.3108226e-04   1.5544716e-04
   2.1862272e-14   4.0715854e-03   6.9079442e-11   1.8138430e-21   3.2437418e-28   3.2979094e-05   2.3226906e-02   3.0991989e-43   5.6875806e-04   2.9137555e-05
   2.5215751e-21   3.4564540e-03   2.7963561e-32   1.5403080e-16   3.2170085e-26   1.8441321e-08   5.4085197e-03   1.3552200e-48   7.1393369e-04   1.7792839e-05
   1.4076292e-16   4.1514546e-03   1.8702027e-26   3.2782984e-21   3.3250870e-33   1.1518307e-13   2.4249588e-24   5.0184665e-44   7.3370519e-04   1.1150728e-08
   1.5134414e-07   3.7147334e-03   1.5339643e-22   7.5679197e-21   1.3125186e-36   8.9435014e-09   2.0568400e-42   5.2743487e-33   5.5322331e-04   6.1155403e-05
   6.2036464e-11   3.8216247e-03   1.5009855e-10   2.0044849e-17   1.4552721e-36   7.5694613e-06   2.4669541e-02   7.8556877e-35   5.4613128e-04   4.0419674e-04
   9.2629967e-16   3.7234840e-03   7.7567475e-13   8.5912671e-24   1.6260955e-35   2.7993495e-08   3.0081597e-02   1.2776446e-33   6.6900630e-04   3.3164705e-07
   2.4239078e-12   4.0667677e-03   1.4525628e-09   6.2944811e-30   2.1668098e-30   5.4839770e-09   7.6711860e-03   1.1307597e-35   6.9624186e-04   8.9947171e-07
   1.6787638e-05   2.9915246e-03   7.2281472e-53   1.7923051e-32   3.3610408e-29   4.0851144e-16   5.5709993e-03   1.7312826e-27   8.3870056e-04   5.9283736e-18
   2.4758168e-13   4.1735956e-03   9.0149959e-08   3.1285138e-34   6.2783113e-40   1.2231294e-20   8.0019630e-66   7.0493130e-39   9.6778924e-04   7.1275101e-34
   8.2273031e-12   3.7899970e-03   1.1126401e-05   2.4980476e-33   6.1368192e-39   2.8348430e-14   1.5603147e-02   3.8778150e-41   1.0433840e-03   7.9809715e-22
   2.8651064e-04   3.5709666e-03   7.2903823e-04   1.6521563e-29   1.1116942e-27   1.4876841e-13   1.9738198e-02   2.3863294e-45   7.4067357e-04   8.2899703e-18
   7.7747631e-05   4.4499363e-03   5.8847857e-04   6.8412875e-24   2.7361787e-23   4.1101531e-06   1.9325897e-06   5.8648027e-52   5.6990823e-04   3.6036598e-14
   3.4131063e-05   4.6766401e-03   1.5007635e-42   1.8829863e-29   3.7694537e-21   1.1027728e-05   1.2872601e-02   7.4122525e-48   5.2194174e-04   7.8475694e-19
   8.8244509e-14   5.3614019e-03   1.2259352e-35   1.0640331e-32   1.0244403e-25   2.5933742e-05   2.5970585e-03   1.1993934e-39   5.8718812e-04   1.8495224e-24
   3.3189645e-13   5.1435176e-03   2.2318016e-29   2.8521393e-29   5.9081084e-35   1.0593611e-05   6.4731267e-83   1.5581743e-33   7.9449680e-04   8.8319345e-29
   1.4608842e-22   6.0660397e-03   1.1889642e-60   1.0652197e-42   1.5599058e-37   8.9258025e-10   9.7998322e-03   6.8718817e-37   8.2169192e-04   1.0116188e-40
   3.2305914e-19   5.7111916e-03   9.4173775e-42   8.0467350e-32   1.8715954e-30   8.8504102e-05   5.2000938e-02   4.2330517e-31   6.3935157e-04   1.6709565e-34
   3.7326775e-07   6.2004332e-03   2.1148187e-52   5.9087157e-36   4.9567791e-21   1.3057070e-04   2.6512515e-02   2.0162083e-34   4.5977987e-04   9.5657713e-25
   1.7245397e-06   4.0749809e-03   6.1424138e-64   4.8221754e-34   7.9220417e-23   7.6064425e-05   2.3494131e-63   3.2617211e-24   4.9858746e-04   9.7037399e-26
   1.3242240e-07   3.9096532e-03   5.0660995e-59   3.2874648e-32   1.1025543e-27   6.8448757e-05   4.6441072e-11   3.3761829e-28   5.1795812e-04   1.0735230e-30
   8.9490508e-20   3.1274153e-03   3.4444386e-22   2.2111538e-21   1.9546275e-33   8.4125665e-06   1.5771799e-02   2.8378381e-24   6.3341725e-04   7.2645473e-21
   4.3080839e-25   3.6780131e-03   2.3978329e-15   1.7760161e-22   8.0540915e-30   2.5261439e-09   1.3740053e-02   1.0132406e-32   9.1940629e-04   3.0236339e-27
   2.1775683e-28   3.4969465e-03   5.2838400e-22   3.1579522e-21   4.2801707e-28   7.6108240e-10   1.9836518e-13   4.1674759e-29   8.4791561e-04   5.5670892e-25
   3.5482363e-13   3.5593055e-03   1.7895814e-68   4.7988796e-28   1.3103284e-17   1.5181469e-06   2.1983279e-37   1.6270913e-26   6.7828215e-04   1.2740760e-25
   4.8118612e-11   4.5449568e-03   4.7951490e-53   8.1634963e-35   4.8394240e-25   7.5260847e-06   1.5407935e-05   2.2910454e-32   6.0819184e-04   3.2342291e-28
   2.6263368e-07   2.9440231e-03   9.9003868e-62   5.0892569e-20   7.0374603e-33   1.4985251e-12   1.2162825e-53   4.3687005e-19   5.1336362e-04   7.5839986e-22
   1.2381147e-08   4.2159812e-03   4.1780619e-53   1.0512420e-23   3.9319167e-31   4.8400497e-08   1.5362604e-06   4.6818104e-29   5.3528471e-04   6.2363602e-20
   2.0861855e-07   4.2092233e-03   4.8868562e-57   4.3606531e-25   1.8338187e-35   1.9277871e-20   4.2895795e-22   2.6359782e-31   7.9528861e-04   1.3571036e-27
   2.9389215e-18   4.1660499e-03   2.5076802e-61   1.4265932e-28   1.3874709e-47   1.2329333e-31   3.0410304e-63   3.8625259e-27   9.7394226e-04   2.2258069e-33
   2.7054445e-19   4.0514306e-03   7.5528811e-81   3.5058136e-34   1.1995561e-47   1.6916090e-27   6.5405842e-35   2.0681231e-21   8.7200562e-04   9.4408978e-39
   1.5500222e-14   3.7001538e-03   6.0988256e-53   7.0887661e-40   1.9491912e-32   1.0074128e-22   3.1829822e-03   7.3057478e-20   6.8439792e-04   5.6145093e-37
   1.2200284e-09   3.3155712e-03   1.2467797e-51   7.0178793e-34   5.1440763e-24   2.0192898e-20   8.3420538e-04   5.2677556e-15   4.7237702e-04   4.2537837e-32
   1.6859621e-15   3.4614574e-03   6.7794970e-40   9.8646839e-32   1.2981539e-29   1.1124896e-15   4.2483959e-42   3.2456653e-16   5.0156491e-04   4.9532530e-31
   9.6044544e-09   3.0553878e-03   6.8294487e-35   5.4045179e-19   5.5422595e-28   7.0395839e-21   1.2481369e-09   2.2500725e-16   6.0735602e-04   1.3083270e-22
   1.3670157e-17   2.8555044e-03   1.2759637e-72   6.3199378e-21   3.8947775e-23   4.8698398e-32   8.6530434e-03   2.0359774e-19   6.3746308e-04   2.7915803e-29
   4.1056811e-05   3.0326266e-03   2.7319616e-49   1.4996877e-22   4.6411293e-28   2.6870493e-35   4.2812517e-20   1.0856899e-25   6.8583692e-04   1.9718659e-25
   6.8008638e-08   3.3775260e-03   8.2442965e-77   2.1419730e-25   4.1975702e-25   1.3999487e-28   5.8512587e-30   1.6237759e-37   5.9083678e-04   2.2572900e-24
   1.3429249e-14   3.7807039e-03   1.7111212e-73   1.7184319e-31   3.0122644e-35   3.5741832e-21   5.4587323e-20   5.3624791e-50   4.6947369e-04   1.2738718e-23
   9.3380775e-11   3.6882745e-03   7.6605018e-53   2.1161579e-48   2.7475012e-36   1.2406233e-23   5.3648843e-26   9.1790212e-55   4.3768244e-04   5.3820517e-30
   3.6192622e-04   4.9175783e-03   2.5715511e-65   1.4867383e-48   1.0072377e-35   1.1793145e-24   1.3578744e-23   1.2006269e-45   3.6444174e-04   3.5816546e-31
   7.1538801e-15   3.9626071e-03   1.6068865e-82   1.5217885e-35   6.3196558e-50   9.3818882e-34   3.8514139e-95   1.3910058e-25   3.8363578e-04   2.3171467e-33
   5.7360430e-12   4.9659370e-03   2.9629714e-63   9.3048104e-32   6.9949101e-31   3.9077950e-20   6.4320414e-19   4.3209097e-27   2.9662918e-04   8.2375574e-26
   2.2951974e-06   4.9113414e-03   1.4178942e-37   1.3343826e-29   6.2883495e-40   3.8182945e-27   4.6338990e-10   7.6517175e-22   3.3532265e-04   3.5333886e-20
   5.0863334e-07   4.5707054e-03   2.5180042e-21   4.1897516e-29   3.8411127e-38   7.5552881e-30   2.5478586e-06   5.1888022e-18   3.6201037e-04   2.2236131e-13
   5.7466941e-09   4.6154485e-03   2.9222304e-34   2.0036702e-24   1.7739856e-27   6.5152749e-25   2.7085912e-15   6.7392970e-17   3.1070068e-04   1.8808782e-07
   5.4067632e-19   4.6130771e-03   1.8971490e-54   4.2766851e-29   8.9854372e-28   5.7932322e-28   1.0461801e-68   8.3033958e-16   3.4266521e-04   2.8826329e-10
   2.8728408e-10   4.5659361e-03   6.5542839e-35   9.7189793e-25   3.1633171e-27   2.1121520e-24   5.6545332e-44   9.8474254e-11   3.5546713e-04   6.2572372e-05
   1.0920555e-16   4.2427291e-03   1.3918274e-43   9.2860321e-17   1.0804095e-19   3.9520692e-31   3.4340487e-65   4.3613128e-04   3.0992269e-04   1.3758289e-04
   8.7612131e-20   4.7463543e-03   4.8392726e-46   8.1141992e-27   2.4341669e-22   1.4484090e-26   7.5606531e-23   4.1962172e-04   3.0189657e-04   5.4602783e-13
   2.9925305e-24   5.1501800e-03   4.7224272e-09   1.2245427e-21   5.2213047e-29   6.3478030e-28   8.5625958e-13   1.8236513e-04   3.0896382e-04   1.4628039e-04
   2.5519825e-12   4.3820498e-03   6.4370757e-19   3.4626735e-24   5.4229557e-25   8.1546946e-17   5.0316834e-21   1.8364617e-03   3.0115061e-04   9.9592151e-05
   2.1541194e-15   3.7638528e-03   8.3873170e-31   6.7700985e-20   8.2645006e-24   1.4044632e-17   2.7429491e-67   2.8363704e-03   2.9872339e-04   1.0003284e-04
   2.8951382e-20   3.5399708e-03   7.9466143e-04   8.4968899e-17   3.1028308e-29   1.5050690e-14   7.3442070e-77   3.0327990e-03   2.4134986e-04   4.5502030e-05
   2.3057265e-15   4.1304502e-03   3.9700857e-04   3.4166537e-22   4.2189552e-25   1.0308649e-05   5.3379965e-11   1.5863558e-03   1.7689905e-04   8.2543533e-06
   1.0524867e-10   4.5252162e-03   7.6115804e-04   4.3069651e-17   3.3579786e-15   2.8512328e-08   1.0328798e-02   3.2591651e-07   2.2326195e-04   3.2813260e-08
   2.6547432e-08   5.1554829e-03   1.1529056e-04   5.9783364e-09   4.4170224e-13   4.1101599e-12   2.3096838e-14   2.8222223e-15   1.9390878e-04   1.4931599e-06
   3.6392149e-04   2.9528652e-03   1.5833508e-24   4.1027725e-03   6.5915903e-16   1.4714991e-13   1.5099773e-86   6.7451101e-07   1.9885375e-04   1.1072083e-08
   3.7320919e-05   3.5561025e-03   7.9563133e-22   5.4733758e-13   2.5758487e-18   1.1897238e-17   1.2991817e-18   8.2563588e-04   2.0041969e-04   2.0497119e-05
   1.3202240e-12   4.3334209e-03   1.6125525e-45   2.0131314e-19   2.5090200e-27   9.4419536e-15   3.4086264e-14   1.6330180e-05   1.8416062e-04   7.2438282e-16
   3.6075906e-07   4.9796413e-03   5.0972965e-38   1.6837051e-15   5.7209504e-19   3.0253130e-08   1.0549303e-34   1.6318705e-08   1.6686953e-04   3.4523453e-24
   3.4857101e-07   5.2419847e-03   1.1523301e-32   2.9205578e-15   9.4353461e-26   3.9604309e-12   1.7583654e-41   3.9708746e-10   1.7266879e-04   1.5415773e-14
   5.0412432e-05   4.7474820e-03   2.9178396e-42   2.8944373e-21   7.9422292e-18   5.7038711e-13   1.7572379e-13   2.1644146e-08   1.7150175e-04   2.6708098e-13
   1.3364034e-06   3.6437740e-03   4.3533260e-46   3.1519781e-21   2.4264191e-13   6.1319946e-09   6.3373427e-18   6.1039309e-04   1.4317268e-04   7.8009324e-17
   5.7217266e-10   3.5596776e-03   2.7002732e-15   3.5634773e-26   2.6776692e-19   7.0901668e-09   2.4835524e-36   2.2793294e-14   1.3747627e-04   5.7402935e-13
   4.5646750e-13   5.5840527e-03   3.4497090e-14   1.9658487e-37   4.9207533e-23   6.3644373e-06   7.4502389e-10   5.4326931e-45   8.5870280e-05   1.1405840e-06
   2.8469239e-14   5.8633527e-03   9.9635079e-05   9.2516610e-31   6.1996299e-23   1.5915409e-08   8.3443434e-11   3.1441963e-56   9.6508185e-05   1.2091199e-07
   2.2230026e-14   5.2579483e-03   5.8135891e-09   7.9683972e-22   7.3692033e-29   8.5160202e-06   7.8375630e-39   4.3443494e-45   1.0359370e-04   4.0302539e-09
   7.2149167e-10   4.5632601e-03   1.3633444e-50   1.3865101e-29   3.7909447e-16   5.7544062e-06   9.2871629e-31   3.2841519e-36   9.9252067e-05   6.2768317e-10
   5.0420283e-05   3.5980705e-03   1.6141583e-15   1.6282343e-23   1.3765651e-14   3.1088547e-05   1.6402427e-29   6.7889336e-24   9.0997218e-05   4.9697803e-05
   1.2979460e-04   2.5916975e-03   3.3577701e-16   6.1261213e-15   4.6264081e-09   1.1508335e-06   2.1795903e-75   1.2474350e-13   1.0511240e-04   7.0289398e-05
   1.1839747e-05   3.6892697e-03   5.8508047e-33   1.0857794e-27   3.8162625e-10   1.3051601e-05   7.1433336e-22   8.6737702e-33   8.8541900e-05   1.3078791e-05
   7.6721894e-07   4.3445230e-03   1.6043452e-08   8.5142386e-24   4.3882717e-16   2.1797319e-06   1.8038151e-35   7.5209088e-45   7.3525711e-05   1.2456631e-04
   9.6270562e-05   3.4830140e-03   2.3410112e-04   1.2864275e-17   1.1003273e-19   6.7618985e-09   3.0007440e-53   6.9619012e-50   9.2191989e-05   9.7730813e-05
   1.4214973e-04   3.6265373e-03   2.9723187e-24   1.5566606e-13   2.1536676e-14   1.4861124e-09   1.2993226e-40   1.2126705e-62   9.6910658e-05   1.1637938e-04
   8.9866975e-05   3.7484702e-03   1.1156974e-03   3.0858414e-11   1.2184175e-05   8.5772501e-06   2.2776783e-41   1.9099069e-63   7.4341958e-05   1.0576375e-04
   1.4231833e-04   3.6986161e-03   1.2796466e-03   1.4319196e-18   1.2495557e-04   1.3259183e-05   7.9960671e-43   3.2676750e-52   4.0265582e-05   1.0960977e-04
   8.5443799e-05   3.6838098e-03   1.9801467e-03   1.4675809e-17   2.2227090e-06   2.0385465e-05   6.6576319e-30   9.6993535e-38   3.0397766e-05   1.7397126e-04
   7.6589644e-05   3.2902505e-03   2.2179252e-03   6.4683081e-17   2.8868351e-04   1.9334546e-05   1.1825652e-45   1.7927810e-27   2.4621992e-05   1.6969106e-04
   9.7743190e-05   3.1414654e-03   6.9357772e-11   3.3106573e-09   3.9535268e-06   1.4896669e-05   3.6692415e-91   1.7997126e-22   4.1895045e-05   4.0786026e-04
   4.5401573e-05   3.8693082e-03   5.2213689e-13   1.2015486e-11   6.1746681e-10   9.7216518e-06   5.9118779e-87   1.0852586e-24   4.0327137e-05   3.8262249e-04
   1.5329655e-05   4.0152870e-03   1.7208959e-29   8.6337360e-12   3.2780710e-06   6.2207750e-06   5.3243748e-26   3.5537653e-29   5.4889682e-05   2.9069860e-04
   3.4924478e-05   2.9705836e-03   3.2254685e-14   3.3048680e-10   9.5099154e-07   4.2967109e-06   1.6030061e-02   3.9049257e-30   5.7872434e-05   6.5147104e-04
   1.8621314e-06   2.8210226e-03   8.3448430e-04   1.9172871e-21   1.2473326e-09   6.1703464e-06   1.9494852e-02   2.6704347e-36   5.1357139e-05   6.0505242e-04
   1.6555699e-11   2.7712483e-03   3.4231714e-27   2.1521346e-18   1.1048269e-04   8.5307872e-06   1.2264481e-02   2.2211358e-41   3.1016368e-05   5.1542922e-04
   4.5010777e-06   2.9509614e-03   2.6268352e-09   1.9396078e-12   1.2892976e-08   2.6921943e-05   6.7989352e-03   8.3885355e-41   7.6794338e-06   7.4381498e-04
   9.4664892e-05   2.9844687e-03   2.1781730e-03   1.2226158e-07   2.1710112e-04   9.6666487e-06   5.0364061e-12   6.8255126e-24   3.8012939e-05   2.0305111e-04
   1.0633759e-04   3.5847430e-03   2.2299127e-03   7.2438294e-08   3.9721768e-04   5.7514072e-06   7.8030957e-33   6.9351991e-13   3.9602559e-05   1.7012569e-04
   3.6516871e-09   3.7833940e-03   3.8987151e-03   3.4511303e-03   6.0241946e-04   2.6685289e-05   3.6272122e-15   3.6123714e-08   3.0901948e-09   2.1035343e-04
   1.3161840e-08   4.7818889e-03   3.3552491e-03   2.0580233e-04   2.5261887e-09   3.5430112e-05   1.9534299e-19   1.5311627e-03   5.9410360e-17   4.1783028e-04
   6.1670414e-25   5.5260845e-03   1.6666618e-03   6.1298688e-05   1.2302417e-07   3.6009064e-05   1.5718616e-38   2.8504339e-03   2.0450623e-17   3.0410559e-04
   1.9254463e-15   5.5788202e-03   4.6998152e-19   8.7688549e-13   1.2796992e-06   2.7488451e-05   5.6607944e-57   3.6136232e-03   1.9772970e-15   3.6388649e-04
   1.9713881e-11   4.3048243e-03   8.2776892e-54   1.6459261e-05   3.5810411e-04   3.2757951e-05   3.8952776e-52   5.2142008e-03   2.7071996e-08   3.4375777e-04
   6.2888296e-05   4.5853854e-03   2.3846521e-56   9.8358616e-08   7.0856576e-05   3.6305557e-05   6.5035667e-85   5.5293534e-03   1.1213079e-08   2.0988643e-04
   4.2948254e-05   4.6314815e-03   3.5609930e-18   5.4226552e-12   5.4391876e-07   3.2220591e-05   2.2865208e-33   5.8089993e-03   5.8918500e-09   1.3736125e-04
   1.1368844e-09   4.3527830e-03   2.6632839e-20   1.6473909e-04   4.9509584e-17   4.0861975e-05   3.5519126e-26   5.5285503e-03   2.6230575e-09   1.5067423e-04
   8.7934571e-10   4.3140086e-03   4.3021332e-52   1.2383682e-05   3.6266343e-08   4.0434204e-05   4.8703191e-31   4.4943286e-03   1.8257063e-07   1.4741445e-04
   2.2469427e-05   4.1483598e-03   1.2553416e-28   6.8274685e-06   1.3376154e-06   2.7733525e-05   1.0508388e-35   3.7315648e-03   9.7177343e-07   2.0950219e-04
   1.9580348e-06   3.1631050e-03   5.2124852e-18   4.5174680e-14   1.6653628e-04   1.7496608e-05   2.6966426e-40   4.6753114e-03   2.9801266e-05   1.8887918e-04
   2.0485617e-08   2.6951600e-03   2.3218524e-06   1.1908615e-16   2.9157299e-04   6.5377476e-06   7.7662135e-82   5.1809525e-03   7.0745113e-05   2.0386631e-05
   3.8303640e-09   3.4473314e-03   3.6192991e-13   1.0340355e-13   3.0208638e-04   6.0097786e-06   7.6429568e-52   3.6220230e-03   6.6117014e-05   1.8872114e-06
   9.2288833e-06   3.9569355e-03   1.7494291e-46   7.6997274e-07   6.9157102e-05   9.6856943e-06   8.5501105e-23   1.4636527e-03   5.4985057e-05   1.1867342e-04
   4.0823375e-05   4.5067802e-03   2.9735635e-44   1.5963588e-13   5.5730395e-06   2.1068367e-05   3.0048801e-26   4.4347367e-12   3.0554900e-05   1.1260262e-04
   1.8228021e-09   4.2857983e-03   8.1830106e-50   4.0421079e-16   7.8963294e-11   5.5284998e-06   8.2244518e-36   4.8749266e-24   5.7815247e-05   2.3625054e-05
   1.7215251e-13   5.1759256e-03   1.1836647e-40   2.1940834e-22   8.0055830e-05   1.8538237e-06   1.8556673e-21   3.1321199e-46   6.5779145e-05   6.8627781e-07
   1.7314708e-14   4.5473698e-03   1.5043603e-40   1.2440337e-31   2.0329320e-04   9.1726721e-06   2.7793919e-31   2.3403225e-61   4.6671633e-05   2.4256829e-07
   1.2816002e-12   4.3374740e-03   1.4153755e-69   5.1345596e-41   1.1485034e-04   5.0113730e-07   1.3823450e-28   2.3004303e-55   8.4153674e-05   4.6469893e-10
   1.2658136e-12   4.4496375e-03   1.2609946e-47   1.7832102e-22   1.0901963e-04   7.7037859e-07   2.8189123e-25   4.3587309e-36   8.8708637e-05   1.0545087e-16
   1.6683887e-08   4.7380059e-03   8.9395264e-41   5.4674889e-19   1.6146675e-04   8.5340472e-06   2.7912952e-49   2.7403175e-23   4.9936745e-05   1.4197951e-07
   2.9554011e-08   3.7193175e-03   2.2876755e-19   1.1496817e-31   8.2823284e-05   8.3537517e-06   7.9350489e-12   1.3351675e-06   5.7783401e-05   1.7457385e-07
   8.4685501e-10   4.9758417e-03   1.1570259e-23   1.0494019e-11   1.7789553e-05   1.4170951e-05   1.7958498e-30   2.8505588e-09   4.3443571e-05   2.5104748e-07
   7.9783535e-08   5.2872993e-03   8.4270576e-32   9.6751297e-05   2.9020210e-05   2.4759169e-05   1.3189508e-56   8.4292457e-09   4.1865722e-05   5.2172767e-07
   5.0167248e-10   5.7120845e-03   4.3156825e-69   1.7516384e-07   9.3302914e-13   1.7837094e-05   2.5978944e-42   1.2467859e-10   6.8059749e-05   1.6735138e-07
   2.3867371e-09   5.5510285e-03   2.3902220e-68   1.5865083e-08   9.9097204e-13   1.5682804e-05   8.4296660e-89   3.8194498e-11   5.7701557e-05   2.0467807e-08
   1.4393169e-14   7.2251151e-03  1.7753014e-101   1.8143017e-07   2.9542171e-11   4.3816206e-05   1.1208925e-31   1.0174459e-14   2.3388456e-07   4.6779186e-35
   7.1724585e-14   7.9646344e-03  1.1084303e-110   2.5232798e-11   9.8742496e-06   1.5417792e-05   2.8531425e-41   4.3528434e-13   6.2853539e-05   1.3253090e-11
   4.7730641e-15   5.0122785e-03   1.0727549e-61   5.2618805e-09   4.2034986e-24   7.2436269e-08   1.5688554e-39   2.8934950e-03   1.1395130e-04   5.6191134e-29
   4.1615291e-16   3.5153621e-03   1.5956194e-73   2.9916404e-09   9.7835131e-26   9.3561996e-07   9.7635638e-15   5.2020579e-03   1.2573141e-04   7.8429977e-33
   3.0199057e-10   4.0822476e-03   3.8014445e-56   1.0974994e-13   1.3740952e-42   2.0122175e-05   1.1359299e-02   4.9790351e-03   1.0233059e-04   4.5429537e-20
   2.8460572e-14   4.6312426e-03   5.0242753e-49   2.3929154e-13   1.0073814e-39   1.5809717e-05   1.3349752e-02   4.1509168e-03   8.9994933e-05   8.7316554e-23
   4.3492397e-18   4.6251675e-03   3.5420906e-38   8.6566871e-11   1.5084799e-29   8.1003509e-06   1.9231618e-11   3.7427782e-03   9.4159329e-05   2.3178675e-24
   2.7940052e-11   4.9151749e-03   9.9440862e-32   2.3910821e-20   6.0968507e-36   1.7161871e-05   2.0433814e-20   2.4942785e-03   7.4674720e-05   4.4348598e-20
   6.1319403e-12   4.4447318e-03   3.6173990e-25   4.2467740e-25   4.1191775e-27   3.1011719e-06   2.1336549e-30   1.8182067e-03   9.6185000e-05   5.0229054e-16
   4.4409690e-19   3.0552364e-03   7.6275750e-41   2.5934627e-20   9.1050554e-30   4.5196511e-06   2.3715676e-34   2.0087503e-03   8.6806158e-05   1.8251074e-11
   1.0902908e-19   2.6030227e-03   2.0614475e-48   1.1905189e-15   6.2667493e-30   2.2723168e-05   6.5496039e-03   1.0103699e-03   1.2684102e-04   3.3501401e-19
   3.9443220e-22   4.6405084e-03   1.0777648e-67   1.4475473e-20   5.2781879e-36   6.6429151e-05   2.9883654e-18   8.8740813e-34   7.3111186e-05   5.6721071e-13
   1.2653117e-12   5.8195302e-03   1.4672984e-56   2.5037682e-22   2.1648030e-40   5.4456490e-05   2.3038237e-34   1.5109136e-51   8.7847076e-05   5.4102911e-24
   5.8677482e-13   4.5929812e-03   1.3614107e-51   3.7267759e-15   4.3912657e-41   5.1857324e-05   5.7046016e-21   1.1536197e-40   8.1927758e-05   4.5362854e-23
   8.1540588e-10   4.1988323e-03   1.1549556e-80   1.2739502e-21   4.0554243e-33   4.8268574e-05   6.0307702e-12   5.9745067e-35   7.6189782e-05   2.8001774e-18
   2.3611326e-18   3.1684035e-03   3.8474341e-48   5.9319235e-26   3.7687248e-38   6.4931813e-05   7.9874621e-03   4.8752984e-25   7.9665256e-05   3.6986136e-16
   1.4040932e-19   4.3256059e-03   4.6178230e-32   3.1403450e-19   2.1509089e-36   4.5996835e-05   6.2824370e-24   3.3809221e-36   8.2940733e-05   1.6816774e-19
   4.6041163e-19   4.0404871e-03   3.9694578e-12   9.5835454e-11   2.0283369e-45   8.1305732e-05   1.0216063e-32   2.5753703e-34   1.1006470e-04   1.7802337e-23
   4.5405169e-18   2.7222446e-03   2.6400983e-04   3.5099424e-03   1.8954801e-32   1.4174260e-04   4.4289681e-31   1.0355652e-27   1.1854847e-04   3.4221829e-23
   7.6609550e-16   2.7841668e-03   2.1760519e-04   1.7035191e-05   1.2541732e-44   1.2894618e-04   6.5218831e-40   1.0667275e-35   1.5190720e-04   5.6719213e-22
   8.6662103e-13   2.7845597e-03   9.1188318e-64   6.9968432e-16   9.0477486e-59   1.3600396e-04   1.4433739e-23   1.1510913e-42   1.2450241e-04   4.7506715e-28
   4.0823600e-10   2.5009017e-03   4.2271870e-62   7.7049827e-20   3.6479330e-37   9.9474610e-05   7.1630428e-31   2.8181092e-23   9.7831249e-05   5.9095526e-27
   1.2673320e-06   2.5691643e-03   2.1167076e-38   3.9509242e-15   8.7381498e-35   1.7320340e-04   5.0058837e-32   2.8745516e-14   1.3062581e-04   1.5710163e-28
   1.3072714e-05   2.5268239e-03   1.6650888e-36   4.2509536e-16   3.2016187e-28   1.0422638e-04   8.7396656e-40   5.4802867e-05   1.4526833e-04   2.0801839e-18
   2.6854493e-09   2.8427107e-03   5.6676736e-30   3.2440562e-17   1.7208622e-37   1.5016085e-04   5.0441484e-85   5.1460073e-04   1.5071601e-04   4.5914123e-28
   3.2162081e-16   3.4390082e-03   1.5228392e-62   1.4043912e-15   1.6613359e-42   1.0760092e-04   1.0497535e-29   1.3177402e-05   1.7133940e-04   4.8331223e-25
   4.3824085e-09   3.4095608e-03   1.6563466e-22   1.9812854e-08   5.8894590e-36   1.2667574e-04   3.1166777e-09   1.1271102e-06   1.2931276e-04   2.7327948e-14
   8.4836188e-10   2.9611204e-03   2.5098390e-07   1.8363151e-03   2.3012530e-36   1.2325836e-04   4.6266968e-15   7.4607323e-06   1.2084444e-04   1.1357595e-08
   1.7895887e-17   3.0322567e-03   3.6711699e-04   1.6109167e-10   6.1910352e-28   6.1984964e-05   1.9732174e-13   2.1776601e-06   1.9674921e-04   1.8166682e-08
   7.2842208e-17   2.3662565e-03   1.1625244e-03   3.3321200e-20   6.7887239e-22   3.8375771e-05   5.1980797e-04   6.2342728e-04   1.6490569e-04   5.7937617e-07
   5.9926718e-17   2.7318383e-03   1.1412774e-03   3.4863347e-05   8.6859980e-31   4.3017072e-05   3.1707631e-29   1.1939901e-09   1.4758215e-04   1.2073058e-06
   1.7112825e-15   2.9295652e-03   2.4723731e-31   2.1147034e-06   9.1383291e-28   3.3823025e-05   1.8857822e-59   3.6908319e-13   1.7963519e-04   7.4792849e-15
   3.7409815e-20   3.0954058e-03   2.4224219e-20   6.6962260e-24   7.7384032e-25   1.8143341e-05   1.5338292e-15   7.8856756e-19   2.0925354e-04   2.6898558e-26
   1.5316398e-14   2.8834211e-03   4.1060374e-27   4.2829862e-27   4.7035201e-28   2.7205027e-05   5.8352772e-03   1.0226208e-21   1.7402127e-04   2.9468065e-10
   3.9603241e-13   2.9532873e-03   1.7608655e-12   2.5312690e-18   2.4055857e-30   6.3506819e-05   2.2335666e-08   1.5796869e-25   1.0427849e-04   4.1725978e-05
   3.1527420e-11   2.9429508e-03   1.5566520e-10   1.0111982e-13   4.9313343e-31   2.7459257e-05   1.4718617e-17   1.4933495e-30   1.4812613e-04   7.1015090e-11
   1.9507863e-06   2.4059187e-03   2.9351421e-24   7.1537815e-04   9.4403067e-34   4.6158143e-05   5.2256841e-22   1.8845688e-33   1.5623631e-04   8.7522357e-06
   1.9660261e-16   2.7665328e-03   1.4113410e-03   6.2514704e-05   3.2430221e-30   7.0338755e-05   1.3773180e-13   1.2575446e-44   1.1931393e-04   4.9695460e-05
   1.4069841e-07   2.3641126e-03   1.4787494e-03   1.4526250e-09   8.6932537e-34   5.3548248e-05   5.2044166e-06   2.8799798e-54   1.0803154e-04   2.0865249e-04
   2.7922440e-07   1.8084830e-03   2.3881136e-03   1.0598965e-16   1.0745129e-34   3.1106031e-05   1.0005369e-18   1.1641984e-52   1.5969286e-04   1.2014998e-04
   3.8166397e-09   1.3193090e-03   3.5279229e-03   2.1491359e-16   4.9230140e-27   2.4726523e-05   3.4246703e-37   1.4268553e-21   1.5092646e-04   2.0816890e-04
   3.7227024e-05   1.4175763e-03   2.1262025e-03   1.9752331e-16   8.5998656e-29   1.2691095e-05   8.5221103e-21   1.4699063e-07   1.1709737e-04   3.4794029e-04
   3.9835780e-07   1.8573307e-03   3.5338944e-05   2.6805143e-21   8.7555689e-26   3.0260299e-06   6.7427593e-15   5.9395276e-06   1.6148316e-04   1.8980311e-05
   9.9562245e-14   1.8015770e-03   4.7308952e-07   1.1724609e-15   2.1501122e-25   6.2451502e-06   3.5607912e-23   7.8210153e-04   1.8269879e-04   9.6113997e-07
   1.0187372e-12   2.1107921e-03   3.0907589e-04   1.3643995e-10   2.0053291e-47   8.9399536e-10   7.4693116e-17   4.3010591e-04   1.7445674e-04   1.1593489e-05
   2.8642148e-12   2.2923242e-03   3.4794088e-13   2.0778794e-19   3.2973916e-29   3.8366033e-06   1.1728256e-17   1.3325560e-06   1.4648470e-04   1.1274775e-18
   3.0698936e-10   2.4419832e-03   5.6095132e-06   7.2807853e-18   1.1934829e-29   6.2910351e-06   4.1372451e-13   4.6778308e-08   1.0380675e-04   9.6977151e-13
   1.9083364e-05   2.3559674e-03   2.1182802e-18   4.7319649e-06   1.8108169e-21   1.5321586e-05   3.1048657e-34   6.1485326e-07   8.0044586e-05   9.1259456e-06
   1.1058087e-10   2.1257422e-03   1.5964631e-04   5.1993487e-09   2.5974904e-29   2.9456844e-05   3.7109139e-28   7.4952245e-07   9.8377018e-05   6.3170726e-05
   1.0009239e-07   1.7501910e-03   2.5893831e-04   3.4733776e-12   1.1329625e-21   1.7586692e-05   4.0478964e-03   6.6232652e-05   1.2875086e-04   6.1062287e-05
   1.2538380e-09   1.7242587e-03   2.3115856e-04   7.9615097e-23   1.9392562e-26   1.5063555e-05   5.1286935e-03   5.2314122e-13   1.6324268e-04   5.8407632e-07
   3.0792656e-08   1.2840286e-03   6.7002371e-04   2.0434005e-11   2.0420091e-25   4.8350511e-06   6.9821033e-03   4.0730090e-13   1.6769646e-04   1.8761874e-06
   7.4373190e-05   1.0762620e-03   7.2398857e-04   4.7994325e-12   1.1764032e-16   4.8731147e-05   3.7517235e-03   3.9166326e-19   1.0896073e-04   6.3195781e-07
   1.0849542e-04   1.0751037e-03   1.0766389e-48   1.2598577e-28   3.2763349e-15   3.7748409e-05   6.3671897e-28   1.8487447e-38   9.6195403e-05   2.0507497e-13
   1.8885772e-04   1.3211454e-03   7.0797812e-05   8.4664991e-35   9.2783611e-16   3.3067210e-05   2.8670912e-21   2.7034697e-60   6.9425518e-05   5.1996950e-06
   1.1408836e-04   1.3272479e-03   1.1079137e-38   4.9972123e-31   4.8626656e-19   4.8851515e-05   5.9368580e-03   6.4855118e-55   8.4621416e-05   3.4030032e-06
   4.0298550e-05   1.3931539e-03   2.5668531e-44   4.9366099e-33   2.1320135e-23   3.6352953e-05   1.0296041e-02   2.2379322e-46   1.0747334e-04   6.2319214e-12
   4.2717826e-05   1.1606171e-03   1.9535559e-39   1.4464414e-37   9.2000969e-12   3.4462856e-05   5.7056182e-03   2.3326783e-37   1.0019290e-04   1.0138741e-08
   7.8533406e-06   1.0714332e-03   1.3866275e-24   6.0927475e-24   7.7556903e-11   4.5219833e-05   1.3661357e-27   2.9428129e-33   8.6733340e-05   9.1300931e-05
   1.1250332e-09   1.4423920e-03   1.2633534e-09   1.4367221e-27   7.5762915e-13   6.2565656e-05   9.0180439e-16   1.0613248e-45   5.6952624e-05   9.2643533e-05
   1.2794348e-08   1.6178160e-03   1.0753079e-18   6.0606526e-42   6.2063891e-10   5.8795554e-05   2.4321672e-17   1.6712118e-53   5.2205292e-05   6.2077048e-05
   6.8366920e-13   1.3974927e-03   8.2387295e-05   8.2582214e-49   6.5802774e-11   6.3585488e-05   4.7343093e-03   5.4757664e-50   5.2557593e-05   4.2811861e-05
   9.1492603e-07   9.3339379e-04   3.8813995e-04   2.9210184e-35   1.7116739e-09   6.6870356e-05   1.3777118e-02   1.4905165e-36   4.7466289e-05   4.5818837e-05
   1.3405864e-09   1.3226624e-03   4.2105178e-07   1.8183238e-47   2.4601617e-10   5.1852359e-05   1.0415177e-02   1.8863096e-51   4.9259419e-05   2.2270814e-06
   2.8285085e-08   1.1107469e-03   7.6039235e-38   7.6905447e-40   2.0168324e-09   4.3696126e-05   2.9954727e-03   4.6790496e-42   5.4506385e-05   1.1963916e-07
   5.2156012e-05   1.3553370e-03   7.6503646e-29   1.8219089e-27   2.8088247e-14   6.0320767e-05   3.2665787e-28   4.0735202e-42   3.6103164e-05   2.0392247e-06
   5.2457605e-13   1.1843842e-03   2.9679544e-48   6.7151614e-28   1.9404027e-19   3.1748327e-05   1.2825775e-68   1.9678539e-34   5.8639471e-05   6.8349810e-08
   4.3281402e-08   1.1729400e-03   3.4725503e-35   1.1787298e-26   3.7124243e-08   3.9676142e-05   5.4006348e-21   8.5016332e-30   5.1962767e-05   8.3708664e-06
   2.1697667e-21   1.0896668e-03   1.0232734e-25   2.1998645e-20   8.4614286e-17   2.3731789e-05   4.4126540e-03   3.1229729e-26   8.3328623e-05   1.9897130e-07
   1.0387658e-15   1.1943552e-03   1.5855667e-41   7.0949364e-11   4.3667427e-19   1.8238441e-05   6.8440379e-03   2.3939817e-28   9.9352544e-05   8.6771361e-06
   3.4156049e-16   1.1435947e-03   2.2409218e-13   5.1504981e-05   7.4898823e-16   1.7318851e-05   6.3407396e-03   4.1498419e-28   7.2159056e-05   2.4162473e-05
   1.2330726e-08   1.0858720e-03   2.1274043e-16   2.1470843e-17   1.1929732e-06   2.5239548e-05   7.2792011e-03   4.0877241e-28   5.8503441e-05   1.3871047e-05
   1.0172745e-13   1.1156404e-03   6.2283281e-10   3.2137716e-32   7.9459394e-09   2.0440464e-05   6.7023659e-03   1.0201013e-31   6.6140481e-05   1.1626187e-05
   1.0823781e-18   1.1867339e-03   8.3167579e-05   6.7538091e-38   4.2592279e-16   4.2141072e-05   3.2069820e-03   6.9375922e-35   5.2014253e-05   2.6397623e-07
   4.6094177e-17   1.1960962e-03   5.1339084e-09   3.6474799e-37   4.3724965e-10   4.7716934e-05   1.1692799e-07   5.8785330e-36   3.4443296e-05   1.7390811e-06
   4.1773634e-14   1.0355984e-03   1.2796315e-44   1.5363707e-34   5.5585229e-07   2.8953943e-05   4.8939280e-15   2.0800921e-27   6.2778533e-05   2.9447125e-06
   8.2020312e-11   9.7189821e-04   2.1558351e-11   7.8337488e-12   1.1672677e-18   2.0223928e-05   2.1524188e-48   1.2144458e-24   6.5287617e-05   3.1353782e-05
   4.5981422e-14   1.1274597e-03   1.7041431e-30   1.3377349e-15   2.7645174e-10   2.5691298e-05   1.2016026e-30   4.9284910e-32   5.9738342e-05   9.7799742e-07
   2.4665662e-07   1.6673664e-03   1.3405752e-34   9.7463767e-33   4.9934681e-08   4.9119950e-05   1.8617040e-47   3.6454459e-40   3.8283395e-05   4.7091897e-06
   9.7513405e-14   1.6086671e-03   9.2656193e-33   1.3538394e-31   5.4165327e-21   4.8317503e-05   2.9135204e-31   5.6768839e-33   4.9026318e-05   2.3479137e-05
   9.6025682e-16   1.2260924e-03   8.5038469e-35   5.3067010e-20   6.7493687e-22   3.7553786e-05   2.5532396e-03   1.3918814e-23   6.0062078e-05   2.3610037e-05
   2.8214437e-09   1.1795972e-03   4.4997125e-08   4.5793208e-20   7.2328448e-25   3.5100213e-05   1.0757317e-04   7.1662243e-23   4.7356959e-05   6.5104484e-05
   2.8299735e-19   9.9287448e-04   2.5627480e-06   4.6407353e-24   7.0948332e-25   3.2246666e-05   3.3685017e-48   3.3496416e-17   6.1908950e-05   3.3449248e-05
   1.6071638e-15   1.2182721e-03   7.1032387e-06   1.8961683e-21   1.0498645e-18   1.5104249e-05   2.2517814e-60   2.2714596e-23   6.0268942e-05   2.4517286e-05
   2.5736318e-13   1.4208905e-03   1.7755534e-04   5.8496507e-20   1.4054134e-11   5.0069416e-06   4.5474370e-50   1.0134645e-28   5.8252171e-05   1.9116372e-06
   2.4758042e-17   1.1529526e-03   3.8881709e-06   1.6172916e-17   1.4216708e-22   2.6572645e-06   1.3907992e-03   3.1588406e-21   6.3145520e-05   3.6327224e-05
   7.2648351e-25   9.0727600e-04   7.5369505e-23   1.2192453e-15   8.4328592e-08   1.8205660e-05   4.5777843e-03   1.8931828e-12   6.3923123e-05   3.3939493e-05
   3.4122849e-25   1.0819223e-03   1.0324000e-11   1.9337868e-21   4.0188251e-21   1.1763827e-05   1.8114152e-03   6.5932138e-17   6.7634281e-05   2.1361806e-05
   6.4214648e-25   1.3282343e-03   1.3190133e-21   6.2220447e-34   5.6175673e-20   1.0701530e-05   1.8887509e-09   2.8179294e-23   6.2259131e-05   5.3027423e-06
   3.3118515e-16   1.3588776e-03   5.2582605e-17   6.7892887e-33   2.4724203e-12   1.7156368e-05   1.3439494e-11   5.5330148e-23   4.3599248e-05   3.3657449e-05
   5.1731146e-14   1.4377706e-03   8.0426919e-13   1.8427189e-31   7.2054904e-14   2.0510975e-05   4.9789910e-17   1.6355112e-24   3.8056894e-05   3.4069181e-05
   1.6822125e-05   1.7174089e-03   1.7150827e-37   8.1356362e-31   5.8568005e-17   3.6755851e-05   3.7394087e-29   2.5166970e-31   1.5090801e-05   3.9534274e-05
   1.3653458e-11   1.4518331e-03   2.7609332e-05   6.9051618e-24   1.8775903e-23   3.0439384e-05   1.7069874e-24   1.7975900e-27   3.2215994e-05   6.1023385e-05
   1.3030019e-10   2.1073267e-03   5.3142624e-33   1.7970781e-49   3.7530343e-11   1.8090399e-05   9.4441148e-31   1.9710152e-44   2.5397600e-05   2.9853154e-05
   7.3878217e-19   2.2995684e-03   7.8117313e-35   2.9650844e-56   3.9256429e-10   2.8103888e-05   3.5259122e-30   5.6548079e-50   2.5002864e-05   3.2967597e-05
   9.1737984e-15   1.4672960e-03   3.1416921e-07   6.2209496e-42   1.4560254e-20   3.0997082e-05   1.5771224e-13   3.3236740e-36   3.7022269e-05   4.3260554e-05
   6.5285447e-25   1.0086498e-03   1.5516130e-07   2.6455884e-28   4.0227700e-24   2.1886935e-05   2.7788023e-03   2.9984071e-28   4.3316990e-05   6.3225936e-05
   2.7442682e-24   8.8908701e-04   3.4608034e-25   2.6068291e-31   7.9586473e-16   1.5550752e-05   3.4193263e-03   6.6280269e-29   5.0560628e-05   1.8641120e-05
   3.2316444e-16   8.9817047e-04   8.0422171e-10   1.3717513e-26   3.6224305e-20   1.7614684e-05   1.9009769e-03   7.0258877e-31   4.0530211e-05   5.7520885e-05
   6.1074109e-09   1.4853279e-03   2.6688144e-13   8.5114844e-46   7.0370526e-13   2.6739589e-05   8.9818074e-23   3.5829667e-47   4.1570829e-05   3.2905621e-05
   2.0533887e-25   1.5814603e-03   3.3377112e-11   7.9944925e-44   2.0073930e-13   1.9486835e-05   6.2978447e-22   1.1878990e-52   3.4225282e-05   3.9830359e-05
   3.8638940e-06   1.4174038e-03   2.7898461e-14   5.8010992e-40   2.1681816e-13   1.7933368e-05   7.3607569e-26   9.6013742e-57   3.0148116e-05   3.5590272e-05
   4.1713165e-08   1.4173542e-03   6.7670016e-24   1.5664285e-35   3.0482932e-19   2.0462135e-05   5.0410603e-40   4.1541962e-63   1.8959576e-05   9.0764970e-05
   3.1125861e-09   1.4630356e-03   3.9069779e-08   5.8717709e-42   8.3750807e-16   2.6766315e-05   1.8450231e-29   1.7092385e-71   1.4519975e-05   1.2657751e-04
   3.6376813e-13   1.6410948e-03   1.1923449e-20   1.4255660e-55   2.2576883e-06   4.0499226e-05   8.0044849e-26   5.7952568e-79   1.4688154e-05   7.1174633e-05
   1.9598865e-06   1.4102654e-03   2.9956011e-12   7.0382821e-54   7.9779426e-05   3.2167033e-05   3.0988993e-28   1.0863815e-80   2.0025549e-05   3.4079794e-05
   2.0811704e-10   1.0823208e-03   1.4780040e-04   1.3871966e-42   7.5625154e-12   3.7530031e-05   1.7404726e-53   1.1685078e-74   2.0352737e-05   8.5022314e-05
   5.4414058e-20   1.6789564e-03   6.6018458e-27   3.1534315e-53   3.5361455e-12   4.3981610e-05   8.7939614e-70   9.4610920e-85   9.6781076e-07   8.9128704e-05
   1.1973419e-05   1.6022439e-03   2.5960713e-54   2.8307490e-58   1.3574596e-09   3.7668412e-05   8.7210230e-59   3.4926846e-80   1.1073673e-05   1.2433724e-05
   1.5346783e-05   1.1392481e-03   1.5796061e-27   1.3282790e-47   2.3285868e-14   3.3823357e-05   5.2870972e-59   5.9409264e-66   1.6925782e-05   5.1225067e-05
   1.4418720e-07   1.0635382e-03   9.4454732e-39   9.8515355e-46   1.0688262e-15   3.1136462e-05   7.3354740e-64   1.2467506e-57   2.1230762e-05   6.7856660e-05
   1.9053138e-05   9.9361432e-04   6.4259849e-27   9.8222932e-46   1.0070893e-08   2.5227466e-05   1.9849530e-56   5.4396480e-47   1.8201193e-05   8.1769327e-05
   2.4566227e-05   8.6374471e-04   2.0452954e-19   2.1500707e-34   2.7513977e-06   4.2275975e-05   1.5111603e-31   3.4590835e-38   2.1213553e-05   7.8560517e-05
   1.0574625e-05   9.1337791e-04   5.7372558e-42   2.5286666e-32   7.9218364e-05   5.2783466e-05   9.0569157e-28   6.1335991e-37   8.6730006e-06   8.9743685e-05
   2.5151705e-06   7.3815931e-04   5.5764210e-05   3.7005860e-33   5.4932812e-12   3.8104315e-05   1.1607834e-37   3.8732883e-26   7.3089182e-06   1.3481415e-04
   1.5064374e-05   5.4342660e-04   3.4064222e-05   5.4796974e-34   3.4999643e-13   3.5779068e-05   1.6094036e-42   1.5818591e-14   2.2317467e-05   1.0517037e-04
   2.3649605e-05   5.4514492e-04   1.8061631e-04   2.1627192e-31   6.7486737e-05   3.9886408e-05   6.3995498e-36   2.4197153e-14   1.6929368e-05   9.8136772e-05
   2.2109680e-05   4.9958015e-04   4.0252078e-04   2.1063653e-26   1.5199071e-04   4.4395570e-05   4.7283821e-49   7.0555785e-12   1.3823577e-05   5.1966328e-05
   3.9180753e-05   6.0285383e-04   2.0684192e-05   2.4049645e-28   6.1312804e-05   4.1130071e-05   4.3057107e-35   5.9070220e-20   1.5904504e-05   1.7105225e-05
   6.4225340e-05   5.9936558e-04   4.4168329e-05   1.8546477e-36   8.8679495e-05   3.8175552e-05   4.0570152e-48   1.7618865e-25   1.4875273e-05   4.6682713e-07
   5.1060927e-05   4.7765025e-04   4.2639792e-08   4.1587463e-26   1.3889941e-04   3.8850834e-05   1.1735062e-59   9.3969316e-25   1.4086177e-05   8.0846610e-06
   1.9079465e-06   5.5627542e-04   1.7035103e-04   1.8800199e-30   8.9364179e-05   3.2245998e-05   1.5181181e-29   4.8387006e-40   1.5624010e-05   8.3405449e-06
   7.9343826e-06   5.1086081e-04   4.9210664e-07   8.3412794e-39   8.5102079e-05   2.7644289e-05   1.3560685e-26   3.2418647e-39   1.9479370e-05   1.0285319e-05
   2.6491156e-05   4.0419320e-04   4.8500786e-06   4.1171739e-16   1.1982979e-04   2.6933805e-05   3.4189941e-27   4.4867148e-33   2.0619183e-05   5.7345838e-05
   3.8075431e-05   4.0858466e-04   1.9067869e-29   3.9926507e-13   1.0802836e-04   1.9971886e-05   5.6022438e-41   1.4926186e-34   2.1602249e-05   4.5576402e-05
   3.1158938e-05   4.0129835e-04   6.2915653e-13   2.4641433e-14   1.0369576e-04   3.1072769e-05   2.3505810e-48   2.7626415e-36   1.4840165e-05   4.1383939e-05
   3.2267757e-05   4.4846133e-04   4.3251215e-27   1.6814153e-26   6.4098785e-05   2.3618563e-05   5.9637369e-59   4.0029270e-50   1.6719770e-05   1.5132805e-05
   4.0496192e-05   4.4194397e-04   1.2921475e-35   9.5737611e-50   3.2637044e-07   2.8326109e-05   4.2920012e-66   3.0144082e-55   1.9185604e-05   5.2324629e-06
   1.1942926e-05   3.0703364e-04   1.0854620e-05   1.1316840e-20   4.1101140e-15   2.6575463e-05   3.8632710e-72   7.8110877e-44   2.9744633e-05   2.0737238e-05
   1.3339742e-06   3.4677341e-04   6.6533410e-20   2.6423417e-26   6.7555043e-07   2.7908546e-05  2.7711676e-101   9.6690387e-49   2.8984957e-05   5.0962072e-06
   1.4424222e-06   3.1865115e-04   3.7804893e-32   8.2594574e-31   3.5218382e-05   2.9958583e-05  1.6196515e-100   4.6512038e-38   1.9844138e-05   5.1912889e-07
   9.5316465e-06   2.8886645e-04   6.5187180e-38   4.7414449e-31   2.6016415e-05   1.5228347e-05   7.2317644e-87   2.3210393e-25   2.0308007e-05   2.2899007e-06
   2.3822140e-05   3.2346387e-04   5.4844547e-21   7.9309506e-26   3.7143861e-05   1.5176561e-05   1.3805209e-88   1.0862523e-26   2.0142756e-05   9.3918083e-07
   2.3006098e-05   2.9966151e-04   5.5466727e-25   2.1398287e-31   6.9878387e-05   2.0988623e-05   6.1328892e-73   3.0117589e-27   1.5788083e-05   2.8269343e-07
   1.0759993e-05   2.8962204e-04   2.5975281e-39   3.6038813e-25   5.5858963e-05   2.8168150e-05   1.6969794e-87   8.9059718e-27   2.5782415e-05   1.2016137e-08
   1.4751065e-05   2.6358773e-04   6.2797262e-63   7.6348341e-25   3.8044288e-05   2.2872126e-05   5.5643429e-51   8.3735207e-24   2.8978148e-05   1.6770340e-07
