   4.0652853e-07   1.5750076e-03   2.1159412e-03   3.4579654e-03   1.0106232e-03   3.0252902e-02   2.2077796e-03   1.1370990e-03   4.3647940e-04   2.4947704e-03
   3.0597471e-04   1.8202609e-03   3.8755754e-03   5.4051571e-03   5.3229126e-04   3.6589099e-02   3.5420566e-03   2.7583467e-03   9.4049018e-04   2.3584519e-03
   2.8026736e-04   1.4079360e-04   2.5335931e-03   4.2108908e-03   8.9826445e-04   2.3022710e-02   2.6211441e-03   1.9099355e-03   7.5007390e-04   1.1554986e-03
   1.9938855e-04   5.7871225e-08   7.9573603e-04   1.7950758e-03   9.7861509e-04   1.3643964e-02   8.5680227e-04   3.2252925e-04   1.7569634e-04   1.8945883e-04
   4.2769594e-04   2.1754847e-04   1.0122394e-03   1.2902680e-03   1.9031265e-04   1.2249752e-02   8.0755022e-04   5.8773441e-05   2.3220632e-04   1.9824074e-10
   4.3786643e-04   6.5209691e-05   1.1709600e-03   8.6438193e-04   9.7005811e-05   1.3349018e-02   6.2780728e-04   6.7553180e-05   1.3422817e-04   3.1834565e-15
   3.8924302e-04   1.1994855e-05   8.9607851e-04   6.6468118e-04   2.2383543e-04   1.2507323e-02   5.9231232e-04   3.1549923e-05   1.3706272e-09   3.4605738e-17
   2.0695572e-04   3.0642464e-06   4.8562767e-04   7.3752393e-04   5.4824373e-04   1.4385762e-02   5.0799346e-04   3.3114806e-06   5.1498136e-05   1.8336254e-19
   1.6785753e-04   1.2730194e-04   4.0452131e-04   4.7200345e-04   1.1481317e-03   2.2840036e-02   2.7948999e-04   1.8026337e-05   1.0281691e-04   1.5718737e-05
   2.7691166e-04   2.2337783e-04   3.3152469e-04   1.8259351e-04   1.8042367e-03   6.9258561e-02   1.4758403e-04   8.5011083e-06   8.5301136e-05   2.3628484e-05
   3.4492106e-04   3.7727710e-04   6.9569873e-04   2.2162561e-04   3.6670742e-03   1.9075340e-01   1.0058752e-04   2.1428638e-05   6.6073288e-05   2.6678159e-05
   5.2368473e-04   1.9369213e-04   2.0272150e-03   2.6432841e-04   1.2730763e-02   2.2717623e-01   7.1033625e-05   3.1240432e-05   1.0525204e-04   4.5445272e-05
   5.6049693e-04   6.4756568e-04   1.0148930e-02   6.7331787e-06   9.4864798e-02   8.7924353e-02   1.4007964e-09   7.1023270e-05   2.1622582e-04   2.4228464e-05
   1.8170078e-22   6.2473295e-04   6.2267702e-02   3.1459439e-18   1.2121707e-01   9.9707196e-15   1.7612372e-10   8.1098040e-06   6.7947128e-07   7.6092583e-05
   1.9504922e-28   1.2103966e-07   1.2035583e-01   1.7478115e-10   3.1104426e-02   3.5950156e-23   9.6189122e-22   3.1142808e-05   5.6079620e-05   1.1372759e-04
   2.0841897e-26   2.5349190e-09   8.1079237e-02   6.1921706e-03   2.6417060e-03   4.2591955e-22   4.2405390e-16   1.9446948e-29   1.2182661e-02   9.3050920e-05
   2.4129809e-35   7.1855555e-13   2.6602173e-02   1.1046265e-02   5.5207035e-04   4.9666378e-07   2.7634898e-07   7.9617638e-22   3.9882130e-02   1.1087665e-04
   9.3440358e-10   7.5457430e-18   8.0235095e-03   2.0975889e-03   6.9856121e-04   1.2008563e-06   3.3911876e-04   2.4872734e-07   7.7627238e-02   2.4547793e-06
   3.8680781e-23   3.6696017e-08   1.6505011e-03   8.6535485e-11   3.5577393e-05   1.8271853e-12   6.2303652e-04   1.6810630e-06   1.2287102e-01   1.7027566e-03
   8.8037134e-15   5.8959351e-04   3.2753946e-04   2.4314309e-10   6.1929485e-18   7.8031283e-04   1.4548036e-03   3.9409312e-06   1.1114843e-01   1.4742937e-02
   5.9106342e-22   7.4931418e-03   6.1554430e-09   3.9581979e-12   1.2679172e-15   3.9769729e-02   1.5881122e-04   7.5666923e-05   4.4098188e-02   7.2964282e-02
   6.1025616e-30   7.8530415e-04   1.3149415e-10   5.6167919e-06   1.7877121e-04   6.7509463e-02   5.7033516e-04   8.4264631e-05   4.7373845e-03   9.8736556e-02
   6.0084866e-04   1.7969136e-15   4.0681012e-04   4.9548828e-05   8.1561097e-04   2.8447192e-02   7.3599367e-04   4.7314632e-05   1.4612767e-03   1.0248186e-01
   6.2300290e-03   3.3879804e-24   1.1823356e-03   1.6616525e-13   7.4255474e-03   2.3991481e-14   7.8808213e-04   9.6737319e-10   6.2777054e-20   9.7180890e-02
   7.3018994e-02   6.7038602e-22   2.1035643e-03   3.3812451e-13   1.4068980e-02   1.8073128e-28   1.2047147e-03   4.5748412e-13   1.3247703e-04   5.6238249e-02
   2.2150697e-01   3.0805764e-16   3.2156626e-03   8.9226309e-12   2.8111245e-02   1.1282082e-25   2.1205138e-03   1.1567241e-08   2.2325292e-09   1.4559233e-02
   2.4990046e-01   8.2717757e-11   1.2622316e-02   9.1204199e-07   3.5175453e-02   4.7492832e-24   2.1134717e-03   7.0985841e-05   3.4450103e-06   6.6766472e-04
   1.0445697e-01   9.1119943e-13   5.1436435e-02   1.6525529e-13   1.6115786e-02   2.5227546e-18   4.2855692e-03   4.9989697e-04   4.1836934e-18   1.0637536e-12
   2.5091955e-02   1.2582629e-18   8.9458357e-02   6.7700825e-13   5.1371612e-05   3.2099570e-24   5.0621686e-03   6.3613262e-07   1.3456223e-31   8.9175068e-23
   4.0743525e-03   8.5193195e-19   7.7303610e-02   9.6980522e-16   2.4024318e-21   4.3462987e-09   5.2712624e-03   2.6203970e-09   9.0115662e-16   5.0514232e-08
   5.1856293e-04   1.2600675e-13   4.3440546e-02   1.1341158e-07   2.2228175e-27   1.4352037e-02   6.8732580e-03   3.7316155e-06   5.8383045e-08   8.0203213e-08
   6.2379763e-07   1.2999435e-06   1.8500165e-02   2.1315278e-07   6.4722828e-26   2.8542408e-02   8.3151543e-03   6.9344331e-05   1.6320893e-03   8.8674508e-14
   1.7831610e-13   1.3519225e-03   8.7851618e-03   1.4059251e-04   1.4164701e-18   2.0573661e-02   7.2084440e-03   1.4333343e-04   6.1378624e-03   1.0867721e-17
   3.1601518e-11   4.6423182e-03   3.9308652e-03   7.2384380e-04   1.6952171e-08   1.0366032e-02   7.1199012e-03   2.0784591e-04   1.0447700e-02   1.1057084e-18
   4.6010652e-26   7.8329841e-03   1.8688951e-03   2.7178023e-04   6.3764440e-04   3.7500795e-03   7.9767231e-03   2.6048843e-04   1.5431723e-02   8.6780252e-16
   1.2512759e-19   2.1390485e-02   7.0579282e-04   2.0404925e-05   1.7463684e-03   8.4558908e-05   7.5812458e-03   1.8500402e-04   2.1172168e-02   8.3437217e-14
   9.0478483e-29   5.2574162e-02   3.4010506e-05   1.1264857e-12   3.8158170e-03   6.2002324e-27   5.7978152e-03   5.8957206e-04   2.8016379e-02   9.6335645e-24
   4.0315127e-35   9.5152692e-02   9.6113378e-07   4.6693009e-23   5.6496131e-03   1.0032766e-39   4.1572089e-03   1.7966532e-03   3.1819529e-02   5.2493526e-18
   1.8902398e-43   1.5220217e-01   7.1748260e-09   5.8548280e-17   1.4282112e-02   3.0131092e-47   5.7369562e-03   4.6205939e-03   1.7274578e-02   3.6889047e-13
   6.6014624e-27   1.7015276e-01   1.3882904e-05   7.0730830e-19   2.2725830e-02   1.5654248e-42   6.3111017e-03   1.9586404e-02   3.7367340e-03   3.4833754e-04
   1.7989662e-18   1.0780707e-01   1.4099432e-03   8.3067767e-22   7.4491948e-03   6.6348095e-26   4.5559239e-03   8.0588562e-02   2.0281386e-18   6.2431557e-04
   2.9258835e-19   3.1572779e-02   2.6671391e-03   4.7727184e-18   2.4733507e-03   1.2941447e-15   5.4930587e-04   1.5450640e-01   3.9713606e-06   7.2947038e-04
   1.2303818e-15   8.7887137e-03   6.1478961e-03   1.8642778e-15   4.3389058e-14   5.0100852e-10   1.5330695e-07   1.3089084e-01   1.1339810e-19   7.1762080e-04
   3.0767858e-13   3.7166116e-04   8.7313013e-03   3.4144156e-13   5.8240176e-18   3.7241782e-19   2.6853235e-03   7.2406562e-02   6.9117571e-24   7.6841283e-04
   1.4423927e-10   1.1584692e-15   6.7490606e-03   1.3667032e-04   5.0340798e-05   1.8872896e-27   2.3742932e-03   3.6512372e-02   1.5720464e-25   1.9216059e-03
   2.4521797e-12   6.6012740e-18   4.2503494e-03   3.0047379e-05   1.4508218e-03   1.0614726e-32   3.2881848e-03   1.5443378e-02   4.6887982e-32   2.4473826e-03
   2.3623977e-15   2.8460542e-28   1.7437452e-03   2.1059100e-04   2.6707788e-03   1.8567364e-40   3.2949071e-03   7.0471550e-03   4.3222985e-21   3.6807172e-03
   2.1754147e-07   7.3597434e-28   9.1254867e-04   9.4519442e-05   1.2164391e-03   2.2453918e-32   3.3839588e-03   3.6300078e-03   2.0857600e-05   3.0250813e-03
   4.1222851e-07   1.1855181e-27   6.1498465e-04   1.6454475e-04   3.1690996e-03   1.2620768e-26   3.8141476e-03   1.8504961e-03   2.7156262e-04   1.5824860e-03
   4.2534326e-04   5.7994933e-29   3.3381746e-04   4.2876669e-05   1.2131134e-02   2.9081284e-35   4.2435636e-03   7.4398058e-04   4.1286623e-04   2.1198408e-04
   4.4299332e-04   4.8617354e-25   1.1653521e-04   2.2798397e-04   2.4750656e-02   1.4813450e-22   4.5844268e-03   4.6680776e-04   4.0919799e-04   1.0257406e-18
   2.5074075e-03   5.5680190e-20   4.1786614e-06   2.1901421e-04   5.0408788e-02   1.8873046e-19   4.7094583e-03   4.0946031e-04   6.0440896e-04   2.6348186e-23
   2.2172725e-03   1.9660939e-19   1.9901410e-05   9.7109279e-06   6.1175840e-02   5.1198779e-23   5.5697029e-03   1.3642397e-03   7.9807042e-04   8.3774320e-30
   1.1131133e-04   8.3280550e-17   2.8681121e-04   3.9749737e-11   3.0572698e-02   7.6316591e-19   6.1674444e-03   1.2452295e-02   1.0515184e-03   1.5785498e-30
   3.2806980e-17   3.8852380e-23   1.1849159e-03   2.5202451e-12   2.2114688e-02   2.2448968e-34   4.8697854e-03   2.1910150e-02   1.8558683e-03   2.3092148e-30
   1.2876433e-23   4.4595127e-20   6.2641201e-03   5.1026389e-17   5.2388495e-03   2.2819570e-40   3.7277482e-03   1.6863345e-02   4.1537286e-03   8.3618301e-26
   4.2359432e-27   1.6673463e-12   9.9112657e-03   4.7303909e-13   9.6933374e-04   5.8050416e-32   4.5806801e-03   2.0057596e-03   4.3554007e-03   2.8675630e-21
   1.3388923e-22   1.6402769e-03   8.3720917e-03   2.2053191e-18   5.5798198e-11   4.8133156e-21   4.7959530e-03   2.8308513e-04   1.8943442e-03   1.7387670e-21
   1.3552600e-41   4.1527773e-03   7.2302560e-03   4.4184521e-18   3.7518600e-13   7.1390465e-17   4.9811558e-03   2.9978833e-04   1.0848741e-04   8.5978821e-09
   1.1986099e-24   1.8649822e-03   5.1995861e-03   3.2799535e-21   1.2903230e-12   1.5864160e-20   5.4954563e-03   4.3869784e-04   1.1916974e-14   3.0682992e-04
   9.3580474e-37   1.5618897e-11   2.5040900e-03   2.6003336e-18   5.2806871e-04   7.9827631e-18   5.3698281e-03   3.1820799e-04   3.5080481e-26   1.1355707e-03
   8.6060282e-33   9.4715011e-12   1.0254394e-03   5.7703790e-14   2.9333323e-03   6.0677828e-20   5.7089753e-03   9.9633458e-05   6.1856404e-28   1.2827978e-03
   4.8652657e-41   2.5002952e-13   6.7404610e-04   4.5207400e-08   6.8820212e-03   1.1132690e-16   5.7162615e-03   3.4969427e-04   6.8927255e-24   1.6164665e-03
   8.6213089e-50   8.3757989e-10   3.9231259e-04   2.1228176e-11   1.2892870e-02   2.9358002e-19   5.7973497e-03   2.5314938e-04   5.9792932e-26   1.6660629e-03
   4.3775873e-44   2.9154978e-07   1.4219894e-04   7.1987599e-09   1.9357420e-02   9.7665678e-28   5.2733632e-03   1.3044534e-04   2.6845416e-25   1.5725158e-03
   1.2468652e-21   5.3864662e-05   1.3692632e-04   1.7680037e-09   1.9495850e-02   2.1794441e-35   4.4104289e-03   2.3447869e-04   5.4251585e-19   1.1594719e-03
   3.9089475e-11   1.3979598e-03   3.3325328e-04   3.7181571e-04   1.5396177e-02   1.2313556e-53   3.8251825e-03   4.8453463e-04   9.7345905e-18   1.0833241e-03
   5.5662145e-07   1.6370206e-03   1.3116297e-03   4.7913578e-04   8.4643040e-03   7.7789066e-55   3.1971008e-03   3.2216156e-03   1.0824265e-11   1.2045521e-03
   1.5706747e-11   1.2477780e-03   2.9348178e-03   1.6932091e-04   3.5631051e-03   1.5236135e-52   3.2311693e-03   4.4836089e-03   6.4563870e-13   1.0580736e-03
   2.2576457e-20   2.4540766e-03   5.2896106e-03   2.4121286e-05   1.3178291e-10   5.4474853e-41   2.8533477e-03   2.0520662e-03   2.1341671e-06   1.4784453e-03
   3.7883200e-23   3.2839341e-03   7.0926184e-03   2.5225546e-05   9.9295600e-22   2.2271384e-51   2.4113225e-03   6.0878037e-04   1.5588843e-04   1.7403644e-03
   4.7297590e-07   4.7073275e-03   6.3007410e-03   2.2704142e-04   6.2232118e-26   5.0265558e-32   2.1695816e-03   4.4921167e-04   5.5288757e-04   1.1684769e-03
   9.8409843e-06   5.7834400e-03   7.1826739e-03   1.2722297e-04   4.2122657e-22   9.4936511e-14   1.7239632e-03   4.4820302e-04   8.1533074e-04   6.5974622e-04
   5.1621741e-05   7.7245105e-03   5.1369009e-03   3.2497637e-04   2.6500366e-13   4.4893791e-04   1.6724821e-03   2.0231998e-04   1.2799686e-03   1.4750761e-04
   2.0447410e-05   9.9230488e-03   2.6810852e-03   4.4035355e-04   6.9393105e-04   1.0681758e-03   1.5820922e-03   2.2256955e-05   2.0269793e-03   9.7517011e-11
   1.8258810e-04   1.3553920e-02   1.6265154e-03   3.8447962e-04   3.8276699e-03   6.2366887e-04   1.4646698e-03   3.4252603e-04   1.8060788e-03   7.9177152e-08
   1.1662006e-04   1.7914433e-02   1.0730571e-03   4.3655870e-06   7.4938447e-03   8.1412856e-28   2.2695484e-03   4.1855257e-04   8.5026374e-04   9.6265135e-08
   2.1973266e-04   1.9971681e-02   9.3961479e-04   4.6720232e-04   9.1762339e-03   2.0256160e-33   2.0841642e-03   6.2160505e-04   8.4037050e-10   2.4486783e-07
   2.2458025e-05   1.8123823e-02   7.9910116e-04   3.4537324e-04   8.4807416e-03   9.4587878e-37   2.4864075e-03   9.7488509e-04   5.3936010e-13   1.0720745e-09
   7.1867914e-07   1.5128378e-02   5.4824819e-04   2.2114440e-05   8.1982919e-03   7.3970739e-33   2.8093544e-03   4.3458245e-03   7.5982818e-11   1.5814695e-09
   4.6780888e-16   1.3560577e-02   6.5000359e-04   2.4831657e-04   6.6471035e-03   4.6536439e-19   1.9333622e-03   8.0467407e-03   1.6304811e-05   5.3948623e-08
   1.3106514e-11   8.8786403e-03   6.3261357e-04   4.3038830e-05   2.2699226e-03   3.5988042e-06   2.3577565e-03   1.5116237e-02   1.7963627e-10   1.2783133e-07
   3.0530996e-06   1.4236477e-03   8.6273967e-04   4.6180092e-05   2.4016660e-08   4.5668343e-04   1.7801650e-03   3.0597035e-02   1.7681152e-05   1.5371880e-08
   1.2587421e-08   1.1828252e-06   1.5615851e-03   4.7621115e-04   9.4072829e-18   4.4022412e-04   2.6621928e-04   4.0019006e-02   4.6477682e-04   2.1430955e-08
   2.2012129e-12   8.0147250e-17   1.5376276e-03   2.6363409e-04   1.8678586e-14   3.7691955e-04   1.3249210e-03   2.8139422e-02   3.2420164e-05   5.8578534e-12
   1.5868386e-12   4.8648882e-25   2.2777918e-03   1.0586456e-05   1.5079135e-08   6.7427677e-04   2.5878345e-03   1.3539524e-02   3.6453993e-10   8.0401311e-12
   2.5838469e-36   1.0047660e-24   2.6393676e-03   6.1395686e-13   2.8749769e-04   2.5012997e-04   4.0042358e-03   7.3680862e-03   5.4205572e-19   3.2195555e-15
   4.5890549e-22   4.2138806e-28   2.0017191e-03   4.1878545e-10   2.6592887e-03   1.4205163e-25   4.4485059e-03   3.4741314e-03   1.6633639e-17   7.2294041e-14
   2.0924388e-26   6.5111114e-29   9.0393452e-04   6.4597185e-14   5.5609651e-03   1.2450904e-57   4.8347490e-03   1.9754815e-03   6.0077422e-15   1.0506323e-15
   3.2855666e-34   3.2541542e-19   6.0837405e-04   3.4485814e-19   6.9031128e-03   3.7015077e-61   4.8349878e-03   1.5084584e-03   1.9011519e-08   1.4579318e-13
   2.0093812e-23   1.0950376e-14   4.6504411e-04   1.1924723e-18   7.2164434e-03   2.9083326e-53   4.4637970e-03   6.5697898e-04   2.9882137e-05   3.6164658e-09
   2.1027619e-16   1.4253816e-13   5.4644664e-04   3.2665346e-28   6.0542725e-03   2.2569866e-32   3.9719850e-03   4.7910393e-04   1.6072092e-04   3.5078127e-05
   5.9085070e-21   7.4186633e-12   5.0119188e-04   1.1058179e-17   9.8171578e-03   6.4093664e-44   3.3574784e-03   4.0577372e-04   6.2243195e-04   2.5070250e-04
   1.9605651e-33   1.1685390e-07   4.7860304e-04   1.0094113e-18   1.0319411e-02   3.0562571e-45   2.9811149e-03   8.0844501e-04   1.0251948e-03   7.4540173e-04
   2.3267064e-26   1.1113383e-04   1.0785462e-03   2.0792286e-12   6.1710344e-03   1.4117434e-41   3.1537979e-03   1.3626242e-03   7.9474353e-04   6.2033167e-04
   1.0721132e-23   1.6528896e-03   1.3824175e-03   5.0613762e-11   4.5492834e-03   8.2041668e-26   3.6109581e-03   2.6578086e-03   2.0193735e-04   2.8989918e-04
   1.0970982e-11   2.7368906e-03   1.8543049e-03   1.2244423e-05   1.7898556e-03   1.3239614e-11   3.7491912e-03   2.2657976e-03   1.7991101e-17   1.3657411e-05
   1.3197240e-08   3.0977394e-03   1.5901050e-03   4.7501573e-08   1.6923598e-03   7.6661361e-22   3.7742620e-03   2.3917337e-03   1.6729361e-15   6.3118365e-09
   5.0638338e-14   2.4709207e-04   2.4224056e-03   2.5802813e-05   2.5166363e-03   1.0756636e-34   3.8463243e-03   1.6247023e-03   1.0232389e-18   3.4305519e-13
   1.1031129e-21   6.6592800e-11   2.9186631e-03   1.8214106e-08   4.2532621e-03   1.3660511e-45   4.0214922e-03   8.4476356e-04   1.1911901e-22   5.4892482e-11
   1.7305169e-10   2.0708355e-10   3.5956807e-03   6.5325633e-08   4.3044725e-03   9.3549704e-43   5.0356892e-03   6.6091111e-04   9.7846629e-23   2.4577254e-10
   3.6594895e-06   7.0429698e-09   2.9352920e-03   3.4922690e-13   4.6802040e-03   7.9563504e-27   7.2429241e-03   6.9747293e-04   1.1755141e-26   5.2752499e-11
   2.6660883e-06   1.1505682e-07   1.6417694e-03   1.0468850e-12   4.7132803e-03   1.5321451e-21   8.6822932e-03   4.9246132e-04   2.1196180e-30   1.0976147e-12
   7.5114384e-24   6.0405776e-06   9.7494693e-04   2.7348875e-22   3.9224155e-03   1.4209533e-12   9.0398020e-03   3.5741970e-04   7.3238942e-27   8.7289149e-15
   9.7344373e-13   1.5659936e-07   8.4862860e-04   3.0538032e-22   1.4105859e-03   1.2106627e-05   9.4971742e-03   2.6248122e-04   2.6218800e-18   1.2143372e-13
   1.3328906e-11   7.4450775e-10   7.2201469e-04   2.1332652e-11   3.5647535e-03   9.1110862e-18   1.0436481e-02   1.7668488e-04   1.7143014e-17   3.4949334e-11
   4.7895523e-14   7.5084437e-11   7.1037349e-04   5.7300677e-10   2.9744575e-03   3.5386436e-17   9.9211438e-03   1.2190656e-03   3.5571685e-09   1.2055670e-07
   8.4213737e-13   3.7460191e-07   8.9044148e-04   1.7933918e-20   6.0858362e-04   1.9924110e-07   8.5962347e-03   4.1092458e-03   3.4236459e-04   4.3213552e-07
   4.1978217e-20   6.3690161e-05   1.4767276e-03   1.8292456e-19   1.9460956e-12   4.0207353e-25   6.6517710e-03   8.1267865e-03   1.0752955e-03   2.5085566e-09
   6.5926459e-16   1.3052512e-03   1.9737241e-03   5.5283556e-08   2.5245380e-16   2.9518611e-25   4.6670636e-03   9.0598272e-03   1.6872193e-03   3.4830146e-05
   1.0079211e-12   1.9516723e-03   3.0552023e-03   7.2870710e-10   8.3727014e-12   2.9703990e-33   5.1919357e-03   5.8597972e-03   1.8254685e-03   2.0307375e-04
   8.0823573e-21   3.2548874e-03   3.6818014e-03   1.0725039e-06   2.7925796e-06   2.6017888e-29   5.0283480e-03   3.6204891e-03   3.7212420e-03   2.5863457e-04
   2.3906732e-31   1.1272805e-03   4.2385224e-03   1.3901472e-05   9.0530985e-06   4.4693010e-21   4.4635181e-03   2.6010059e-03   3.6585058e-03   5.0819008e-04
   5.0704163e-22   4.6657892e-03   5.0355168e-03   5.2998892e-04   1.2198258e-09   1.9244800e-24   5.2923041e-03   8.0831052e-04   2.2745517e-03   5.7354414e-04
   7.9617750e-28   1.2170877e-02   6.7837830e-03   8.3903682e-04   5.6083682e-14   4.5598602e-30   5.4454041e-03   1.9181360e-04   2.0803739e-06   1.3615001e-03
   6.0870705e-30   1.6445909e-02   5.2834023e-03   8.4763665e-04   4.6578747e-14   6.2897500e-28   5.6026320e-03   1.3290606e-03   5.6071814e-19   1.1043017e-03
   9.9323635e-18   1.7786084e-02   2.4731298e-03   3.9326907e-04   1.6219506e-13   4.2988517e-36   6.2811494e-03   9.0955118e-04   3.2752453e-18   1.7074412e-03
   6.2322746e-15   1.3487381e-02   1.8302483e-03   1.5506021e-05   2.7316833e-13   3.4555671e-35   5.8769604e-03   6.0655270e-04   1.1956370e-14   2.2176839e-03
   4.3032016e-22   1.0866703e-02   1.2963139e-03   2.8007611e-04   6.7928272e-04   1.1829300e-37   5.5116444e-03   7.0986167e-04   2.4639939e-14   1.5714791e-03
   6.1550537e-12   5.5371120e-03   8.5056838e-04   8.5856355e-04   1.1650168e-03   4.1743160e-38   7.0035536e-03   9.9984587e-04   5.9019556e-15   5.4621374e-04
   1.8167175e-12   3.2766444e-03   8.2096217e-04   1.2147716e-03   5.5043451e-04   2.8870310e-38   6.5621533e-03   1.5868500e-03   4.8744797e-19   4.7982604e-04
   9.2004353e-13   9.3610442e-06   9.5673345e-04   1.4248308e-03   1.3258972e-04   3.9831008e-25   5.6896766e-03   4.0004889e-03   6.6193110e-05   1.4290991e-04
   5.4906291e-16   1.3569769e-12   1.2255961e-03   1.0327353e-03   1.0901070e-09   2.0144497e-24   5.9273350e-03   6.1421450e-03   1.2455882e-04   2.2479182e-04
   5.9480650e-11   3.2385264e-21   1.1324644e-03   1.5036581e-05   1.6920240e-11   4.3796701e-24   6.1955241e-03   6.1707107e-03   2.7881160e-04   6.6119667e-05
   1.8896963e-04   1.5446767e-25   1.2443555e-03   1.5651394e-08   1.3515800e-11   1.0383781e-22   5.5501010e-03   8.3644916e-03   1.0977458e-03   1.8789948e-04
   2.8908511e-04   1.7895629e-28   1.3440907e-03   3.8359617e-08   1.9870732e-10   1.4116283e-29   4.1653435e-03   7.6911195e-03   3.7728434e-03   4.5035095e-04
   6.6800356e-04   5.5031477e-31   1.6512924e-03   1.8839223e-06   3.6095241e-12   4.5640288e-39   4.3174830e-03   4.8091432e-03   5.6188033e-03   8.8565287e-04
   8.5796623e-04   4.6927157e-30   1.4967435e-03   2.6224743e-13   2.7471052e-08   1.5334951e-42   5.1017803e-03   2.8672307e-03   6.6826948e-03   1.2131288e-03
   4.6525804e-05   4.6836748e-35   2.8999900e-03   1.2131878e-18   4.1461256e-13   4.5715964e-39   5.4867796e-03   2.5912077e-03   7.3610487e-03   7.7930048e-04
   3.4680987e-04   2.9386536e-27   4.9522682e-03   1.5563890e-06   9.3278275e-12   4.9082126e-41   4.4627399e-03   1.6414591e-03   1.1783643e-02   5.8722018e-04
   1.3059733e-03   4.3293502e-16   4.0997275e-03   3.9254217e-05   1.7412278e-05   1.8040427e-55   3.2103665e-03   7.9018073e-04   1.3504213e-02   9.8667501e-04
   1.1159628e-03   1.0492400e-14   2.1173460e-03   1.8802510e-05   1.7439365e-05   1.5164647e-53   3.0736714e-03   4.4354746e-04   9.7443187e-03   1.4705284e-03
   7.6080126e-04   6.5233901e-13   1.0748687e-03   7.8504152e-05   5.7364961e-04   1.7492450e-43   3.4036661e-03   2.0746595e-05   3.5141991e-03   2.0221686e-03
   3.7944646e-04   7.3699619e-04   6.5962833e-04   1.8395680e-04   1.4381360e-03   3.6449493e-38   2.6416330e-03   1.3272952e-04   6.6237331e-04   2.2130732e-03
   1.4347938e-04   1.2750021e-03   7.4002889e-04   5.1405751e-05   8.0213706e-04   3.6314474e-41   3.2461721e-03   1.3025621e-04   7.3769645e-04   2.6593704e-03
   6.5935760e-05   1.3191130e-03   1.0172897e-03   2.8440693e-04   1.6715723e-05   9.1152016e-40   3.2298226e-03   2.6134991e-04   4.0911731e-04   3.5829213e-03
   5.4531812e-06   1.2435073e-09   1.0574371e-03   1.1951749e-06   1.7990569e-14   2.2731880e-38   4.2314072e-03   3.0243159e-04   4.4402304e-04   3.7819921e-03
   1.4825437e-04   4.8299123e-18   9.2064818e-04   3.4927487e-09   3.8653768e-13   6.7280126e-26   4.1565952e-03   7.2257836e-05   7.6315935e-05   3.2034646e-03
   5.1423695e-04   1.5832905e-20   1.2597559e-03   6.9620535e-05   2.8852429e-13   2.5083268e-26   3.2578517e-03   2.5115795e-05   8.1113109e-05   3.8610372e-03
   3.0758431e-04   8.6777733e-16   2.0301779e-03   1.0487366e-15   1.0664143e-14   5.3634633e-38   3.9071745e-03   5.4524415e-05   9.0982800e-05   4.8812418e-03
   3.6641658e-04   8.2057854e-18   2.2200797e-03   1.8455934e-13   1.0510761e-11   1.7367332e-48   4.1331862e-03   5.2941891e-05   1.9024472e-04   7.1581410e-03
   6.5319955e-04   3.1421377e-19   2.5145089e-03   3.8322915e-12   5.3589878e-17   6.1875755e-51   3.6699153e-03   4.1465390e-05   7.4779894e-04   7.1149070e-03
   2.8868449e-04   2.6694978e-18   2.0453834e-03   4.8063538e-13   5.5744850e-25   2.4440182e-40   4.3508896e-03   1.7237001e-05   9.3634164e-04   5.7424513e-03
   6.8408100e-04   3.3309939e-17   2.5419930e-03   1.0132861e-21   1.5527727e-23   8.5309555e-28   5.1410732e-03   6.1872682e-05   1.9354318e-03   2.8630119e-03
   9.6428508e-04   5.3608234e-11   2.6329236e-03   6.5625687e-13   1.7010696e-22   1.4058827e-24   4.1408349e-03   6.3466650e-05   3.3730290e-03   2.3434074e-03
   1.1866504e-03   2.3721617e-09   1.9338076e-03   2.4382455e-14   5.1237299e-10   9.0789637e-22   3.9647276e-03   1.6939992e-05   3.7196084e-03   1.6780987e-03
   1.0729588e-03   3.7726604e-05   1.0754117e-03   3.1672220e-17   1.2086388e-07   4.1791737e-24   3.2963098e-03   3.2769678e-05   4.4759040e-03   2.7892355e-03
   9.7789237e-04   2.6032944e-06   4.4287814e-04   1.2914491e-10   7.4655649e-14   5.1247144e-22   3.5855441e-03   6.9088019e-05   5.7854849e-03   3.0611855e-03
   1.0678262e-03   3.3931192e-09   4.2488347e-04   1.2670023e-12   1.9010098e-23   2.1653488e-20   3.8923986e-03   3.3520201e-04   6.3051967e-03   3.1368752e-03
   1.7562442e-03   1.3745763e-04   3.2018038e-04   1.0572354e-07   2.9267003e-24   1.6254162e-21   2.8985496e-03   5.3820812e-04   6.2469956e-03   3.0842152e-03
   2.7742447e-03   7.8224498e-07   2.7859036e-04   1.9158453e-13   1.3618869e-19   4.7279533e-27   2.8538662e-03   2.1672290e-04   5.8557780e-03   4.7445838e-03
   4.9366024e-03   6.0738560e-09   4.3203468e-04   1.4317311e-20   3.0049714e-16   5.9669654e-25   3.0072383e-03   8.9296477e-05   3.6867944e-03   5.9352901e-03
   6.2697032e-03   3.9131103e-13   7.7601800e-04   4.4347542e-24   4.8752029e-23   6.8522395e-28   4.3093898e-03   2.1739334e-05   2.3075999e-03   6.7145163e-03
   3.0440373e-03   1.0210287e-04   1.8162673e-03   3.3744094e-22   6.5442649e-16   1.2308468e-32   3.7112570e-03   1.1316164e-05   1.0176105e-03   7.0974855e-03
   3.3961481e-03   8.4017652e-04   1.8248802e-03   2.7154439e-15   3.8004799e-20   1.0909602e-20   3.0893229e-03   3.4272003e-05   1.7163910e-03   5.2887506e-03
   2.0700667e-03   3.3138195e-07   1.5928574e-03   1.0581430e-14   6.2910752e-28   2.3054459e-29   4.5530500e-03   6.5039141e-05   2.2325096e-03   3.9677082e-03
   1.3986681e-03   2.6849799e-12   1.9723817e-03   5.7430657e-20   7.1879578e-28   1.7322207e-31   4.8611310e-03   6.6324156e-05   1.5617096e-03   6.0093859e-03
   1.0065211e-03   1.8902192e-24   2.4257999e-03   6.3133317e-10   3.9975971e-33   5.9462663e-36   4.8805689e-03   1.4441604e-04   1.6949669e-03   5.5980852e-03
   6.0486725e-04   2.6582792e-20   2.1664462e-03   6.1926825e-12   3.5002779e-33   7.1479587e-31   6.2894506e-03   1.1315621e-04   1.4170578e-03   4.1827874e-03
   8.4887600e-04   3.9248427e-15   1.2058279e-03   6.2156017e-16   5.3187980e-24   2.6028858e-25   4.3965853e-03   4.5447697e-04   1.6018216e-03   5.1015265e-03
   4.8025170e-04   4.5395348e-11   1.1309393e-03   4.1399379e-20   7.1990724e-21   4.0645541e-37   3.7044838e-03   5.3015115e-04   3.3140207e-03   6.3988891e-03
   7.9181413e-04   8.3225234e-23   9.1700792e-04   1.1749107e-10   1.4028712e-24   3.8712882e-44   1.6808391e-03   1.6864019e-03   5.8262102e-03   9.8802590e-03
   1.1651703e-03   4.4652630e-14   8.0274342e-04   4.7878466e-20   2.1128228e-26   7.2067574e-36   3.1947021e-03   2.0092736e-03   5.5350050e-03   6.7638396e-03
   1.3865228e-03   7.0669664e-29   3.6987956e-04   1.2573010e-18   3.5063161e-25   3.7189628e-38   2.7020446e-03   2.9079550e-03   5.4706246e-03   6.5513873e-03
   1.4571713e-03   4.3781419e-19   2.3347511e-04   3.1511478e-17   9.6557607e-13   1.0548429e-35   2.0876537e-03   3.6831127e-03   6.6553568e-03   8.6553391e-03
   4.0758526e-04   2.8505465e-22   8.5490961e-04   2.6708737e-11   3.2056390e-06   4.3488958e-29   1.5839998e-03   4.7753124e-03   6.6128217e-03   8.6141042e-03
   2.8475030e-03   3.7721760e-18   1.4537536e-03   5.0853163e-12   5.4461457e-12   6.7392535e-25   1.6386861e-03   6.1032066e-03   7.1499411e-03   4.6747181e-03
   4.1656588e-03   1.3592755e-18   1.8759492e-03   7.5306977e-05   4.0948917e-17   4.3648061e-20   1.9200619e-03   5.4090023e-03   7.0645371e-03   4.7997627e-03
   2.7193511e-03   1.0758017e-22   2.0823046e-03   7.3660893e-05   3.7843582e-17   4.6540396e-14   2.0369920e-03   4.7971018e-03   7.2600470e-03   2.1830306e-03
   2.5230110e-03   3.7894345e-17   1.5577336e-03   3.0973786e-23   4.8345251e-30   8.0675636e-14   3.3001832e-03   3.3266705e-03   4.8870575e-03   2.5776440e-03
   1.1896550e-03   2.9911660e-24   2.3065221e-03   8.3654839e-06   7.9538874e-17   7.7999552e-22   4.5400215e-03   1.2807643e-03   1.9506997e-03   4.1589317e-03
   9.7091643e-04   5.7440632e-12   3.2619402e-03   1.0114655e-06   5.0305207e-16   2.9422187e-17   4.7866077e-03   1.8542160e-04   8.0327275e-04   4.6722101e-03
   1.9823747e-03   2.1716418e-04   3.5132276e-03   2.0999497e-10   3.0708449e-23   9.0437769e-13   4.0154928e-03   1.3200826e-04   8.4000792e-04   3.5910958e-03
   3.5416030e-03   1.9762316e-03   2.3864824e-03   3.4662857e-04   1.0268507e-20   2.5681831e-19   3.9414076e-03   2.4452923e-04   1.4655653e-03   3.4485257e-03
   3.9756017e-03   1.4437823e-03   1.7633456e-03   2.3471214e-04   1.0154011e-18   5.4273182e-05   4.1627894e-03   2.8010897e-04   1.2070640e-03   2.0710245e-03
   3.8627620e-03   2.9762074e-04   2.2140725e-03   5.7997185e-07   7.8917140e-21   9.2625865e-06   3.8619423e-03   6.2984431e-04   1.4619815e-03   2.6054395e-03
   5.1136563e-03   8.1975744e-15   2.1227218e-03   9.3888433e-05   8.1449672e-20   5.0022435e-23   4.0129924e-03   6.2309123e-04   7.7593894e-04   3.5712260e-03
   4.8824760e-03   5.3822082e-16   1.6691932e-03   3.1510648e-06   5.8121862e-16   1.5065789e-23   4.7502862e-03   1.6442145e-04   4.2970490e-04   4.0359187e-03
   3.2370578e-03   2.5314896e-09   1.1045412e-03   4.5014626e-05   1.9392513e-26   3.5044516e-22   4.7502573e-03   1.3363525e-04   1.3900293e-03   3.8908091e-03
   3.5548804e-03   3.1800959e-12   6.3240366e-04   4.2816142e-05   6.5358224e-29   1.2956214e-24   4.7847746e-03   5.4083296e-05   1.7159364e-03   3.5899289e-03
   3.5278570e-03   5.6905347e-15   8.8358767e-04   4.8979646e-05   6.2852318e-31   8.3099900e-25   5.2653541e-03   1.4756762e-04   1.1538602e-03   3.2586374e-03
   2.2665384e-03   3.0634967e-27   1.2425048e-03   2.9760575e-04   1.4420864e-26   3.0038749e-19   5.3308906e-03   1.9833060e-04   1.1735461e-03   3.1309898e-03
   3.4745747e-03   1.6201172e-12   1.2475781e-03   1.5780221e-06   2.2389209e-20   4.6180397e-19   5.1513524e-03   3.2381149e-04   2.1235462e-03   2.3371038e-03
   3.7293834e-03   1.8285710e-14   9.1900082e-04   3.2909743e-04   2.9657808e-11   1.3523059e-27   3.8801920e-03   1.8757993e-04   2.3822338e-03   1.9003825e-03
   3.4213880e-03   1.3052147e-13   1.4761746e-03   1.4302638e-04   1.6709915e-11   9.6500550e-24   3.4957049e-03   1.0412908e-04   2.4697690e-03   1.9451355e-03
   3.4657621e-03   4.1927174e-19   1.2903855e-03   1.8402297e-06   4.6386125e-16   9.4842141e-29   4.8659060e-03   1.4372556e-04   2.2328514e-03   1.5902873e-03
   2.2940673e-03   1.1289444e-19   1.1936180e-03   3.9927713e-06   1.2730977e-21   1.2433287e-17   5.5804303e-03   1.2125142e-04   2.5477054e-03   5.6684470e-04
   3.3416695e-03   2.1314586e-16   8.5921942e-04   1.9913609e-07   1.2728598e-22   7.7656693e-23   4.1432065e-03   1.4841739e-04   2.3836196e-03   9.9175419e-04
   5.2473566e-03   3.0492479e-12   1.0530356e-03   5.6618656e-06   3.9175986e-25   7.0395981e-22   3.0415301e-03   1.0560479e-03   1.3082655e-03   1.3206393e-03
   5.6627257e-03   4.6043771e-11   1.0722479e-03   3.0265347e-04   3.0569466e-32   1.4589719e-13   3.2383485e-03   1.0367470e-03   1.1156631e-05   7.5528593e-04
   4.7452652e-03   1.0468901e-05   6.6753101e-04   5.1171491e-04   4.2416040e-26   3.3303412e-06   4.1159507e-03   6.7951784e-04   2.0535343e-10   4.3754192e-04
   3.5626045e-03   5.0742950e-08   5.6936088e-04   3.3957098e-04   7.0286124e-28   1.6065871e-04   5.2786365e-03   1.7284314e-04   6.1380375e-07   8.4081556e-05
   2.0997156e-03   2.3330265e-11   4.4540381e-04   1.8992151e-05   3.8951987e-26   6.7773931e-05   6.0736038e-03   1.8959388e-04   1.0726623e-17   1.7952312e-06
   1.5614604e-03   7.1806220e-07   4.5562294e-04   1.5654283e-07   3.5257493e-13   2.4090866e-04   5.1472584e-03   1.9060744e-04   9.7167345e-17   5.4647175e-05
   1.1758245e-03   2.6493569e-06   7.0150238e-04   1.2575264e-04   9.4898850e-12   1.9157826e-04   3.7515184e-03   6.7612641e-05   9.2388740e-25   8.1187404e-05
   1.9067164e-03   2.3231295e-09   7.1897776e-04   1.9376173e-04   1.9807253e-11   6.6307413e-10   3.5352027e-03   2.5270668e-04   3.8181973e-05   2.9515332e-04
   1.5422094e-03   6.7541174e-12   6.3889483e-04   3.3568009e-05   9.4278232e-08   2.2491094e-05   3.6729002e-03   5.8160017e-04   3.2781040e-05   7.2787347e-05
   7.9548827e-04   1.8272300e-04   8.2687691e-04   1.4516586e-05   1.7853599e-05   4.0907696e-23   3.0349817e-03   3.5317629e-04   9.0914159e-05   6.5199486e-04
   3.3234102e-04   1.3271555e-16   6.1177406e-04   1.7573571e-10   3.5191667e-06   4.7106509e-33   3.8665495e-03   2.4588004e-04   1.3705604e-22   1.2061858e-03
   1.4143418e-04   1.0944714e-18   7.1897312e-04   1.3220240e-04   3.2659870e-07   2.2254345e-38   3.8556305e-03   4.6650223e-04   3.9323535e-08   1.8221506e-03
   1.4256991e-14   1.7708477e-18   8.0696084e-04   3.7979529e-06   2.9912082e-12   6.2826921e-36   3.7340388e-03   6.8541066e-04   1.4475556e-04   1.8798252e-03
   6.2628954e-05   2.1174141e-13   5.2374681e-04   1.4274089e-08   6.1807930e-20   1.3517706e-42   3.1379785e-03   9.2370325e-04   5.9660336e-04   2.6359723e-03
   1.3907176e-03   8.1618800e-05   4.1766185e-04   7.1470572e-05   7.7655131e-27   6.2258999e-39   1.8792514e-03   1.3262549e-03   9.2106266e-04   3.0220707e-03
   1.6850806e-03   4.5531866e-04   2.6619443e-04   2.9757924e-04   1.9669591e-20   1.2715662e-42   1.7334563e-03   1.7786916e-03   2.0317687e-03   3.0071818e-03
   5.4261100e-04   1.8707142e-04   2.2651095e-04   3.5415928e-04   2.2016481e-18   7.6742892e-54   1.6375873e-03   1.3760703e-03   2.4043546e-03   3.8983512e-03
   3.1423963e-05   1.5861881e-09   2.5142768e-04   3.1229791e-04   5.8781216e-25   5.4330650e-59   1.8457397e-03   2.7734956e-03   2.7956086e-03   3.9624371e-03
   3.5728289e-04   6.3089148e-16   2.7456897e-04   5.3267794e-05   4.3170301e-10   8.8934915e-50   1.9389186e-03   2.0864620e-03   2.0933230e-03   2.8985082e-03
   3.2852034e-04   9.0328853e-11   2.3180067e-04   3.8703867e-04   1.6829789e-06   4.1250828e-44   1.9763116e-03   2.3137558e-03   9.6285525e-04   1.8172789e-03
   2.1880097e-04   2.5083649e-16   2.0172834e-04   5.8452940e-04   1.0354248e-08   2.0460341e-36   1.7201255e-03   3.4240980e-03   4.7681557e-04   2.3449972e-03
   5.0958929e-04   8.5739277e-24   1.7181165e-04   3.7328849e-04   6.4109547e-06   8.9326520e-31   1.9584856e-03   2.7115565e-03   1.6863925e-04   1.4240528e-03
   4.8007428e-04   1.6880513e-06   2.1314382e-04   3.0589938e-04   1.0467701e-04   6.5886680e-37   1.7830379e-03   1.6565750e-03   1.7861814e-04   1.9630386e-03
   3.0196036e-04   9.1987991e-04   2.7465297e-04   6.5038351e-04   5.2353461e-04   2.3853159e-27   1.2749872e-03   9.0085213e-04   8.6690016e-05   2.2901915e-03
   1.9804705e-04   1.0760996e-03   2.3321635e-04   7.5842967e-04   6.8108881e-04   8.4303374e-26   1.5133565e-03   3.8766273e-04   5.8500715e-05   1.9366479e-03
   4.7315641e-04   2.2424683e-07   1.8020257e-04   4.0610911e-04   5.7133001e-04   2.0988464e-26   1.7587912e-03   3.7005714e-04   1.4982457e-04   1.3487081e-03
   3.1751565e-04   2.4488681e-08   2.5114999e-04   6.0809938e-04   1.6502180e-04   6.6057316e-20   1.4510608e-03   3.7995664e-04   2.9358619e-04   7.2569162e-04
   2.4531943e-04   1.6686379e-07   3.2988744e-04   2.8005261e-04   5.2636296e-05   1.2037094e-08   1.3314302e-03   4.2214443e-04   3.3997732e-04   4.3960878e-04
   4.5999573e-05   8.8042022e-19   2.9367032e-04   7.7591342e-04   3.3215558e-04   5.8299522e-04   1.3361984e-03   2.9454261e-04   5.1830247e-04   1.2360136e-04
   1.7566608e-04   1.3396309e-16   3.2916608e-04   9.4237727e-04   4.8597682e-04   6.0500846e-07   9.4510711e-04   3.0196998e-04   6.0900026e-04   3.2469179e-04
   2.2528103e-04   4.7747924e-19   2.5128737e-04   4.3258471e-04   1.4409262e-04   5.7549881e-14   1.1738028e-03   1.1978238e-04   5.4313029e-04   3.1938550e-04
   1.1114166e-04   2.5757571e-20   2.3539079e-04   2.8386270e-04   2.3160560e-04   3.6728710e-23   1.1857474e-03   2.3292799e-04   6.3309423e-04   3.6114010e-04
   3.8544391e-04   2.5894854e-19   2.1268656e-04   6.7487638e-04   7.1583462e-04   3.2567594e-14   1.0544886e-03   3.2453043e-04   6.2667361e-04   1.6067965e-04
   4.9320708e-04   7.4498111e-16   2.3232830e-04   6.2673637e-04   2.8547997e-04   4.3211106e-08   1.2430634e-03   3.5706292e-04   5.6312742e-04   2.1307994e-04
   2.7892055e-04   8.7433013e-07   1.7677302e-04   9.9070259e-04   3.9644932e-04   6.0868664e-07   1.3936791e-03   4.8596586e-04   5.9061510e-04   2.4459029e-04
   5.7269755e-05   2.5824365e-07   1.6814236e-04   9.8350003e-04   2.6645633e-04   4.0318264e-04   1.6513811e-03   5.0464855e-04   6.6067397e-04   1.7811650e-05
   1.7731146e-04   1.8383003e-10   1.3829151e-04   4.8999828e-04   6.7250306e-04   3.5823129e-04   1.5959589e-03   5.7844082e-04   4.3032581e-04   1.3626199e-09
   2.1861248e-04   5.1910348e-11   1.6889444e-04   5.5898154e-04   6.4761392e-04   5.0981890e-04   1.5296218e-03   4.4526356e-04   1.5923904e-04   2.5249469e-05
   7.6683523e-05   4.4425011e-14   1.5890691e-04   7.8685230e-04   7.2601066e-04   4.1679503e-04   1.5623591e-03   4.1622133e-04   1.3721820e-05   1.2544887e-05
   2.0824225e-07   1.0294305e-16   1.6557351e-04   1.2946098e-03   1.8996597e-04   6.0464418e-04   1.8015093e-03   5.9766657e-04   7.8453329e-11   1.3207096e-05
   6.1117481e-08   1.0073524e-10   2.0496339e-04   1.5996831e-03   1.0333815e-04   4.4424209e-04   1.6427373e-03   5.4761976e-04   5.3359077e-07   2.5379029e-07
   4.2608440e-06   8.3815677e-18   3.2621571e-04   1.4132592e-03   1.4150524e-04   2.6579079e-04   1.4552381e-03   7.1384130e-04   6.3179265e-07   6.8738161e-05
   1.3982179e-08   9.2943487e-09   3.0164021e-04   1.2834779e-03   1.4184068e-04   8.0433015e-09   1.9056402e-03   1.3192139e-03   1.2948971e-06   6.5668076e-05
   5.8719556e-05   1.0485572e-08   1.4706484e-04   1.1725098e-03   3.2111566e-05   2.8500594e-04   2.1053234e-03   1.6815925e-03   1.1175933e-05   9.4418586e-05
   2.5133295e-04   4.4269020e-13   1.5930236e-04   8.4774063e-04   2.5391414e-05   3.4761194e-04   2.2015656e-03   1.1404091e-03   1.4637145e-05   4.0374644e-05
   1.8962623e-04   5.3716167e-20   1.7965164e-04   9.6618769e-04   1.7324859e-04   2.5673957e-04   2.0883292e-03   7.0874203e-04   8.0342780e-06   4.6681966e-05
   1.1097896e-06   7.1750871e-13   3.2663754e-04   7.8491689e-04   1.2035129e-04   1.6766381e-10   1.8488033e-03   8.0471515e-04   1.1497875e-04   2.6461547e-04
   2.1333108e-04   8.1418407e-14   3.2991545e-04   7.7430542e-04   7.5941293e-05   2.4859453e-21   1.8537784e-03   7.5741074e-04   1.4825004e-04   3.4126288e-04
   6.7384829e-04   3.1451488e-17   1.9172193e-04   6.3135660e-04   2.4767112e-04   2.5137521e-14   2.0190821e-03   1.0438313e-03   1.9806376e-04   2.6097207e-04
   3.5643068e-04   1.7700611e-12   2.4331334e-04   2.6210858e-04   9.9856303e-05   8.9014077e-15   2.2438924e-03   1.1367570e-03   3.4238669e-04   7.3969927e-05
   1.3128899e-04   1.5332959e-19   2.1409409e-04   3.1294651e-04   1.1021070e-04   3.5514680e-18   2.3216968e-03   8.9251263e-04   4.0302052e-04   1.4232984e-05
   6.3512807e-04   1.4187263e-05   3.2714923e-04   4.8215213e-04   1.5425591e-04   6.2775833e-25   2.1601105e-03   7.5826340e-04   5.3055738e-04   1.9240381e-13
   6.0580500e-04   7.8157367e-05   4.2577199e-04   4.4377341e-04   2.2378444e-04   2.3372558e-14   2.2201783e-03   3.7908873e-04   6.4688190e-04   2.6388302e-09
   5.3095572e-04   2.4317891e-05   3.4465325e-04   1.4121161e-04   1.0739665e-04   4.1835061e-20   2.1835594e-03   8.1807873e-04   9.5958728e-04   1.8321343e-11
   6.9765211e-04   4.8188505e-04   3.8068753e-04   1.2021565e-04   7.3699183e-08   5.0954116e-05   2.4612908e-03   9.4042078e-04   9.8287871e-04   1.5799205e-13
   8.8318337e-04   1.0926688e-03   3.4984707e-04   2.3162283e-04   5.0675255e-12   6.0572284e-08   2.4684343e-03   1.6814085e-03   7.1967581e-04   2.0589974e-05
   7.1034669e-04   2.5663276e-05   4.1782796e-04   7.1295539e-04   1.1530076e-09   1.7748719e-06   2.5014222e-03   1.9786148e-03   3.5725800e-04   4.3960828e-05
   8.3293790e-04   4.1725957e-07   3.6936071e-04   8.8336935e-04   7.6379687e-12   2.0891859e-10   2.2337041e-03   2.8667535e-03   1.1687023e-04   1.6189188e-04
   7.6285150e-04   3.7588908e-08   3.2914677e-04   6.2406495e-04   2.8195469e-06   8.2562558e-12   2.1318186e-03   2.7992189e-03   1.0676638e-04   3.2348526e-04
   3.2150974e-04   5.6527728e-04   2.8674468e-04   2.9571481e-04   4.8675646e-05   5.0337269e-14   3.0296344e-03   1.5067837e-03   6.0858645e-05   3.6502770e-04
   7.5375034e-04   2.6250562e-03   2.6641959e-04   2.5226579e-04   1.0740157e-10   3.9546106e-14   3.0728553e-03   1.6927349e-03   1.0650286e-04   4.4164448e-04
   9.9894361e-04   4.3707924e-03   2.8315555e-04   6.0224600e-04   6.8930291e-15   3.4598565e-16   3.1967907e-03   1.5062732e-03   2.1743689e-04   5.4596448e-04
   8.3893993e-04   5.8094310e-03   3.2519473e-04   8.7137909e-04   8.6408861e-18   2.6587682e-28   2.7122947e-03   1.2902000e-03   5.3176482e-04   1.2162833e-03
   1.2666159e-03   2.8993873e-03   2.7129537e-04   3.8686792e-05   1.0689129e-10   2.1538655e-18   3.4485609e-03   1.0488235e-03   9.5927815e-04   6.8615984e-04
   1.2045658e-03   1.0932322e-03   1.9052635e-04   9.1364313e-11   4.8801497e-08   6.8135239e-21   3.6362013e-03   6.4114367e-04   1.6256129e-03   8.9449383e-04
   2.1980349e-03   5.1203560e-09   3.0174064e-04   8.1055734e-07   2.8365374e-15   3.3508995e-23   3.4708153e-03   2.3368978e-04   1.9953716e-03   1.1957403e-03
   1.6870441e-03   4.2634886e-04   2.3060817e-04   1.9882648e-04   1.7111656e-13   6.3641114e-38   3.9681584e-03   1.9113211e-04   1.9590722e-03   2.4807813e-03
   1.5528868e-03   5.0213348e-06   1.0089889e-04   6.0694417e-04   2.3931950e-08   1.4173946e-35   3.0148052e-03   3.0311045e-04   2.4005519e-03   3.0169379e-03
   2.3010495e-03   2.1424693e-08   1.0823291e-04   2.2424669e-04   1.5553126e-17   5.6786094e-26   2.7945931e-03   4.3679927e-04   2.6104361e-03   1.7553206e-03
   1.5857405e-03   1.4412934e-05   2.8445897e-04   1.6307885e-05   1.3308592e-10   2.0389707e-28   2.3511694e-03   3.2005248e-04   2.8327722e-03   2.1725876e-03
   1.3237237e-03   5.2198381e-04   1.7134568e-04   1.6578440e-04   9.4801605e-16   2.7835408e-40   2.5373629e-03   4.3589810e-04   3.8402006e-03   3.7280485e-03
   1.3857476e-03   8.4654903e-06   3.7688607e-04   1.8527950e-04   1.6748705e-10   1.0184565e-36   2.8655577e-03   3.7046022e-04   4.4456816e-03   3.3838199e-03
   6.2192485e-04   1.3639736e-08   1.7644059e-04   7.0048148e-04   1.5816446e-08   2.6291187e-23   2.9183514e-03   3.3030238e-04   5.2741622e-03   1.9534682e-03
   1.8577350e-03   1.1082880e-05   4.7454892e-05   8.6457780e-04   2.2977214e-15   1.2180702e-18   2.8549875e-03   9.9682908e-05   4.7912091e-03   1.6253614e-03
   2.6974323e-03   1.2153850e-04   5.4986425e-05   3.0997418e-04   1.2197562e-13   2.2439210e-05   3.1917008e-03   1.2185206e-04   3.9719149e-03   1.1910839e-03
   1.8928671e-03   6.8700493e-04   1.0188601e-04   3.3907360e-04   1.2231050e-12   4.6712610e-12   3.2820533e-03   1.6541198e-04   2.2745767e-03   1.9253442e-03
   9.8722191e-04   3.0159397e-04   1.5007153e-04   3.8330375e-04   4.0075114e-10   7.2573942e-04   3.4963227e-03   1.3839107e-04   1.2834592e-03   1.4290601e-03
   9.5042688e-04   3.4019618e-09   1.0351384e-04   9.7616701e-04   2.6402348e-06   1.3812193e-03   2.9261340e-03   1.6972940e-04   9.1344154e-04   1.2641656e-03
   1.1479382e-03   2.3160034e-05   1.5467892e-04   1.1178969e-03   2.4658607e-09   1.3724070e-03   2.2537176e-03   1.8038073e-04   5.8438383e-04   1.2224596e-03
   1.3896352e-03   2.4984695e-03   3.0740947e-04   7.9478569e-04   3.1802626e-13   8.1113263e-04   2.0529516e-03   7.8300490e-05   5.7738542e-04   1.4544050e-03
   1.2121778e-03   3.6780163e-03   4.9424509e-04   6.5026797e-04   3.8220291e-18   7.5034293e-04   1.4609242e-03   8.1563294e-05   7.6121965e-04   1.5387275e-03
   7.0305932e-04   3.6454756e-03   2.8364503e-04   8.9697408e-04   8.0001587e-12   1.3822824e-05   2.1371903e-03   1.0518758e-04   1.9997144e-03   1.7220099e-03
   6.4197373e-04   3.3393120e-03   2.6843600e-04   8.2917262e-04   5.8116955e-11   4.6898123e-04   2.1931039e-03   1.3044956e-04   1.5140385e-03   1.9568569e-03
   6.7019681e-04   1.6823837e-03   3.3528561e-04   8.6975571e-04   3.9726062e-08   1.8252006e-05   1.7781456e-03   1.9986219e-04   1.8406326e-03   2.4300841e-03
   4.9257606e-04   7.1718336e-05   4.2349437e-04   1.0516871e-03   5.8656991e-09   6.6434060e-07   1.9032423e-03   2.9243224e-04   1.6407478e-03   2.6642468e-03
   7.7483410e-04   1.5384565e-04   5.5871143e-04   8.6783071e-04   1.4499740e-04   7.3185097e-04   1.2374782e-03   2.7601993e-04   1.9632267e-03   1.0629413e-03
   8.5603050e-04   9.7582296e-04   4.4090722e-04   3.2593240e-04   5.2188786e-05   5.4622443e-04   1.5273379e-03   2.9673153e-04   1.2642139e-03   1.7671228e-03
   8.6204505e-04   8.7539745e-05   4.4029169e-04   3.0393182e-04   1.5819375e-04   1.0843066e-03   1.5770706e-03   2.6663354e-05   1.3205822e-03   2.0587393e-03
   3.0483306e-04   6.1089408e-06   3.8687350e-04   2.8323947e-04   1.0069309e-04   9.9285344e-04   2.2295928e-03   5.4631659e-05   1.2001443e-03   2.1739170e-03
   1.2493702e-03   5.4219280e-06   3.9147533e-04   5.6094187e-04   5.4812480e-05   5.9954777e-05   2.2543370e-03   6.0681067e-05   1.1945783e-03   1.6043689e-03
   1.9237510e-03   1.9065693e-04   5.8286149e-04   2.0512378e-04   2.0823733e-04   1.0045258e-03   1.9089512e-03   4.0582626e-05   1.3761112e-03   1.3216613e-03
   2.3954457e-03   5.3179460e-09   4.0796803e-04   7.0296294e-04   1.0724121e-04   5.7131643e-04   1.8286474e-03   5.0502843e-05   8.7468642e-04   1.0390328e-03
   1.1033694e-04   3.2951487e-05   2.1389742e-04   1.7102524e-03   3.9701758e-04   3.2848106e-04   1.3447891e-03   8.5802426e-05   5.7311855e-04   1.8184958e-03
   8.5713301e-04   1.4579375e-04   3.4658976e-04   9.3396373e-04   4.5628470e-04   7.9985925e-13   1.3306056e-03   2.5626477e-05   6.1372539e-04   2.6647883e-03
   9.5290004e-04   1.2970436e-07   6.9326836e-04   7.1242601e-04   2.1702258e-04   1.8570716e-17   1.2198483e-03   1.3923239e-04   5.7685084e-04   2.4270113e-03
   1.2467802e-03   1.2828838e-04   5.1107748e-04   1.1180640e-03   1.8797707e-04   6.2300472e-10   1.0613577e-03   4.8414656e-05   5.8732194e-04   1.8973965e-03
   7.3716484e-04   2.9977773e-08   4.3726377e-04   1.0412412e-03   1.4147040e-04   1.3920727e-12   1.1444779e-03   2.4879437e-05   2.4399121e-04   1.7288150e-03
   6.2778561e-04   1.7934420e-11   3.5292441e-04   1.0986650e-03   6.4032714e-04   2.4136384e-13   7.5525205e-04   4.4882955e-05   2.9936970e-04   1.1521785e-03
   8.9049401e-04   2.8103069e-09   2.5852853e-04   5.6388659e-04   9.6354792e-04   4.0915333e-04   8.7835590e-04   1.0654845e-04   3.9480973e-04   9.5833019e-04
   1.3011588e-03   2.1115791e-04   1.9710279e-04   1.1314305e-03   7.9849763e-04   4.5359105e-04   1.0730039e-03   2.3320230e-04   5.5234446e-04   5.5719351e-04
   1.1514584e-03   6.6295932e-04   2.1343013e-04   1.2896849e-03   2.5570976e-04   5.6324495e-04   6.9327138e-04   2.1319193e-04   6.5907323e-04   1.4014547e-03
   1.0268113e-03   8.6621914e-04   1.4307460e-04   1.0005309e-03   6.4412568e-04   6.2835651e-04   6.2792183e-04   7.0966043e-05   5.0421326e-04   1.1833940e-03
   8.5714406e-04   6.6192741e-04   1.4809824e-04   9.1721494e-04   6.2022387e-04   5.4838102e-04   9.2264366e-04   5.6689105e-05   4.4267935e-04   8.3330467e-04
   6.8691150e-04   1.6890053e-05   2.1228191e-04   7.9719263e-04   1.1607136e-03   2.5816309e-16   7.7384047e-04   1.8637337e-04   4.0634514e-04   1.2493310e-03
   4.0802877e-04   3.2909905e-07   2.1800700e-04   9.5889284e-04   1.3979406e-03   1.6133881e-15   9.1619502e-04   1.4324108e-04   4.0348462e-04   1.1381010e-03
   9.9701837e-04   8.3859260e-09   2.7449570e-04   9.4383072e-04   1.3439408e-03   1.4909502e-15   1.0002978e-03   8.4873313e-05   4.0079353e-04   9.5837320e-04
   1.0563830e-03   8.1006019e-13   2.2381838e-04   1.0734470e-03   1.1600415e-03   4.5837509e-05   9.5229295e-04   8.0348201e-05   3.8988593e-04   6.1767525e-04
   4.1638068e-04   1.0921519e-05   1.5331919e-04   1.3587745e-03   1.1523476e-03   2.6708067e-07   8.8361194e-04   5.6365272e-05   4.2430848e-04   5.7672762e-04
   7.3983372e-04   2.9559048e-10   4.0803377e-04   1.4372860e-03   9.0355335e-04   1.9551193e-07   4.6150448e-04   1.0210130e-04   4.3701446e-04   6.9439242e-04
   4.9585054e-04   1.1921197e-07   2.9369683e-04   9.8412154e-04   1.2052528e-03   2.7265080e-14   6.3716529e-04   1.0270800e-04   5.8359682e-04   9.4774041e-04
   1.0908376e-03   3.8707432e-12   2.8397708e-04   6.3362604e-04   9.4936793e-04   6.3394237e-16   5.6445642e-04   5.2356642e-05   5.2926032e-04   9.4249964e-04
   8.3825447e-04   5.5707337e-09   1.7295484e-04   6.8529186e-04   1.1448185e-03   4.8948398e-04   8.3714354e-04   1.3946296e-05   6.9008856e-04   7.7840137e-04
   6.3622958e-04   3.6350388e-07   1.9804408e-04   9.5265706e-04   6.6352816e-04   7.2832254e-04   8.4406613e-04   2.4935336e-05   4.5288658e-04   7.4502593e-04
   1.3363089e-03   1.8150667e-08   2.2654992e-04   1.0456197e-03   1.4229039e-03   5.3896737e-17   8.8799705e-04   2.7890147e-05   3.0950605e-04   7.9508295e-04
   1.4708625e-03   1.4820117e-07   3.7144192e-04   1.5301257e-03   1.5211007e-03   6.0052555e-09   8.3988418e-04   1.3752280e-06   1.3857607e-04   6.7356364e-04
   1.2167097e-03   5.7346438e-08   3.3842009e-04   1.1526935e-03   8.8075834e-04   1.4231660e-07   8.4178011e-04   2.5005110e-05   1.3151626e-04   5.8592473e-04
   1.3616139e-03   3.9034566e-04   1.8664346e-04   1.6231318e-03   8.8619600e-04   2.9197409e-20   9.4610220e-04   2.3184605e-05   5.0287485e-05   7.2952523e-04
   1.5914244e-03   6.7242057e-04   1.3935705e-04   1.7485990e-03   1.1082271e-03   2.0862807e-08   1.0239788e-03   1.0879377e-05   1.4903627e-04   5.0710641e-04
   7.6524697e-04   1.0801413e-03   1.5263142e-04   1.9182963e-03   9.9403101e-04   1.9223499e-04   1.0239982e-03   4.5688407e-05   3.7251250e-04   3.4494946e-04
   2.0295945e-04   1.4076052e-03   2.1438301e-04   1.6640245e-03   4.9631187e-04   2.9387747e-10   1.0703409e-03   4.8946024e-05   3.3232681e-04   4.1948783e-04
   5.4049703e-04   1.1989986e-03   2.2035271e-04   1.4768280e-03   3.6557679e-04   2.9382418e-07   8.3073424e-04   4.3483953e-05   3.3553259e-04   4.6548537e-04
   1.3228838e-03   3.3855131e-05   1.1536277e-04   1.4987048e-03   2.1820070e-04   4.9138661e-04   1.0520065e-03   6.2657673e-05   2.9029722e-04   3.3253467e-04
   6.2439590e-04   5.6086918e-14   1.2914630e-04   1.2924096e-03   4.4852505e-04   4.3046806e-04   8.0538004e-04   1.4673887e-04   3.1434313e-04   6.4274954e-04
   5.1303725e-04   3.0395623e-05   1.9551884e-04   1.2966870e-03   5.7561345e-04   3.5572510e-04   8.0236531e-04   8.2785430e-06   3.1827782e-04   2.4497530e-04
   6.2309686e-04   3.1747785e-05   2.1372299e-04   1.2630945e-03   8.2406265e-04   5.3754261e-16   9.4249374e-04   6.4366455e-05   3.4270781e-04   4.9289387e-04
   1.2074602e-03   4.2428388e-05   2.2541395e-04   1.4246728e-03   7.7510095e-04   7.8762804e-19   6.5151563e-04   6.5684100e-05   4.1952678e-04   5.8324949e-04
   2.1763090e-03   2.3333072e-09   1.7220316e-04   1.7390546e-03   1.1373181e-03   6.2480062e-15   6.7310908e-04   1.6108654e-05   3.9812286e-04   3.5536924e-04
   2.4219178e-03   3.0246706e-08   8.4937051e-05   1.2712130e-03   1.0979558e-03   6.6464086e-05   8.2563341e-04   1.4296962e-04   3.6009161e-04   3.1377239e-04
   1.1096325e-03   4.8561520e-04   2.5067142e-04   1.0035062e-03   4.2248538e-04   3.5711416e-04   6.6299269e-04   1.0941549e-04   4.3311757e-04   1.6752834e-04
   7.3079855e-04   1.0084181e-04   1.7549917e-04   1.4231907e-03   8.8984912e-04   2.9205662e-07   8.6382850e-04   1.1833914e-04   3.5796462e-04   1.5105565e-04
   8.0553341e-04   3.4503311e-04   1.2626295e-04   1.2794261e-03   1.2912474e-03   1.0726919e-04   8.5773191e-04   1.2590601e-04   3.6993861e-04   1.7551420e-04
   1.3759020e-03   4.5220807e-06   1.6185482e-04   1.1352181e-03   8.1899331e-04   1.8180651e-04   7.6788120e-04   1.2271735e-04   2.0525691e-04   1.7294273e-04
   1.4645302e-03   8.2589383e-09   9.9045738e-05   1.0317256e-03   5.6054720e-04   1.3065357e-04   9.0396992e-04   1.7714935e-04   1.3880239e-04   1.2296872e-04
   1.0740881e-03   9.1202257e-06   1.6205567e-04   1.1202421e-03   4.0575084e-04   3.1622983e-04   8.0544651e-04   1.7494068e-04   1.0192613e-04   1.5146231e-04
   5.7572647e-04   7.0568274e-17   1.1148477e-04   1.4335469e-03   3.3172087e-04   2.4801837e-04   7.4696546e-04   1.1808164e-04   8.0784793e-05   4.3015457e-04
   5.9280593e-04   2.0399618e-15   8.3772086e-05   1.0390843e-03   2.4042535e-04   3.4747502e-06   6.8542848e-04   1.9299722e-04   1.2670915e-04   4.3412044e-04
   1.1417225e-03   1.5200523e-09   1.0767809e-04   7.5011312e-04   2.4876853e-04   6.4955484e-11   7.1175503e-04   1.0487811e-04   1.0706295e-04   3.5735851e-04
   2.0463303e-03   4.9459084e-08   1.2883574e-04   1.3243770e-03   2.9608671e-04   3.4071796e-06   7.1564101e-04   1.0908405e-04   9.7588228e-05   3.1275956e-04
   3.0795524e-03   7.2616144e-05   1.1834001e-04   1.5402915e-03   4.3081639e-04   7.0461678e-06   5.9274086e-04   1.8237440e-04   1.0366917e-04   4.0454445e-04
   2.5985576e-03   4.3561207e-05   8.0495985e-05   1.4337769e-03   5.4930912e-04   2.5478983e-06   6.0060507e-04   1.1124260e-04   1.0063390e-04   4.3186009e-04
   2.0186726e-03   5.4308419e-12   1.0650825e-04   1.2362926e-03   3.7182649e-04   4.0651127e-14   5.4154308e-04   1.4489904e-04   1.4430677e-04   4.9144321e-04
   1.9105772e-03   1.0833753e-14   1.2221224e-04   1.6440220e-03   3.3301635e-04   1.0053321e-12   4.6937437e-04   1.2064943e-04   6.2008565e-05   5.0709554e-04
   1.1338147e-03   2.3151233e-06   8.8623919e-05   2.3505402e-03   5.3030952e-04   9.4052708e-09   4.9210193e-04   1.4698982e-04   2.6267796e-04   4.1224917e-04
   9.2662192e-04   9.4632371e-07   1.7310150e-04   2.4280072e-03   5.9475206e-04   1.4573564e-08   5.3106141e-04   1.0059977e-04   4.4046367e-04   1.3441732e-04
   8.3103716e-04   7.6513663e-08   1.2465761e-04   2.6173358e-03   2.5825180e-04   1.4730342e-04   4.9205832e-04   1.5334408e-04   4.1832751e-04   1.7822552e-04
   1.5325270e-03   1.2385030e-07   1.1729044e-04   1.7959999e-03   3.1306084e-04   1.8375826e-04   4.7939552e-04   1.7052809e-04   4.0010776e-04   1.7517490e-04
   1.3735434e-03   6.3340759e-06   1.1222245e-04   1.9303612e-03   3.5968506e-04   1.7403931e-05   2.0154386e-04   1.5356064e-04   4.8695608e-04   2.4708367e-04
   8.4160472e-04   1.5044783e-12   5.0890204e-05   1.9535522e-03   3.0582303e-04   5.8119936e-06   3.3501665e-04   1.1240116e-04   6.3363530e-04   2.0938445e-04
   5.7193219e-04   5.1655896e-07   6.8342924e-05   2.0313716e-03   2.7279527e-04   3.0699406e-05   4.1407865e-04   9.8843384e-05   3.4956181e-04   3.8892987e-04
   1.1688699e-03   2.7700719e-04   6.2513304e-05   2.4133422e-03   2.2162842e-04   3.4980845e-04   2.4003586e-04   5.5363319e-05   3.6184424e-04   2.3603830e-04
   1.0196727e-03   4.4627370e-04   1.0463502e-04   2.8941307e-03   9.1476110e-05   3.8904960e-04   2.3712834e-04   5.9364160e-05   2.1390717e-04   1.4342224e-04
   1.5407793e-03   1.3590476e-04   9.2852722e-05   2.4990788e-03   1.8572396e-04   2.4242018e-04   2.9257381e-04   6.5962218e-05   2.2409369e-04   2.4430695e-04
   1.4228175e-03   6.4740384e-05   6.1867192e-05   1.9897705e-03   1.8004441e-04   1.7732848e-04   3.6364844e-04   3.8882952e-05   2.3143329e-04   3.1924170e-04
   5.8174839e-04   1.4552520e-04   7.1356701e-05   2.0748851e-03   4.5915635e-04   4.3542334e-10   3.8475950e-04   3.1064337e-05   5.7042972e-05   4.0460486e-04
   7.7009494e-04   2.3473660e-04   6.0086573e-05   2.3072207e-03   8.0513354e-04   4.0944949e-10   3.5852822e-04   3.1822785e-05   1.9807911e-04   2.7209970e-04
   1.1321464e-03   2.4439004e-04   8.1295275e-05   2.0194465e-03   4.8783856e-04   1.2201813e-12   3.0961039e-04   1.7643435e-05   2.1049901e-04   4.2853718e-04
   5.9780048e-04   3.3700123e-04   6.8587455e-05   2.4381440e-03   7.9542763e-04   2.5716555e-20   2.6703748e-04   4.0274886e-05   1.5142287e-04   4.9438714e-04
   6.2784230e-04   4.1142829e-04   1.2340765e-04   2.1087487e-03   6.5010613e-04   3.1501804e-16   2.5001458e-04   5.1489550e-05   1.9964959e-04   5.0356313e-04
   6.6349901e-04   2.1745867e-04   8.0324555e-05   2.1717607e-03   5.1184604e-04   9.6858522e-07   4.3438212e-04   3.2938271e-05   2.4601029e-04   2.5226954e-04
   9.2817700e-04   5.4965395e-04   4.9257808e-05   2.3530317e-03   4.5240916e-04   3.5730387e-15   2.7106181e-04   2.2419832e-05   2.8367087e-04   3.7789337e-04
   5.0597318e-04   4.9442412e-04   7.6036461e-05   3.0296824e-03   2.6097345e-04   2.7179705e-26   9.6846582e-05   3.9849125e-05   3.7871186e-04   7.4981478e-04
   6.2551700e-04   1.9536744e-04   1.0435670e-04   2.7774368e-03   5.1869802e-04   4.2632709e-15   1.4032061e-04   6.5437596e-05   4.3665210e-04   7.2982945e-04
   6.1696226e-04   2.1680735e-04   1.1276482e-04   2.0637004e-03   4.9856608e-04   8.9437539e-19   1.2817062e-04   4.2845084e-05   4.3101156e-04   6.4779407e-04
   7.0173922e-04   1.4434190e-04   1.6887256e-04   1.7618081e-03   2.3378997e-04   1.9455454e-24   1.0857847e-04   1.9306205e-05   5.2212262e-04   8.0767363e-04
   4.6640560e-04   7.7646051e-10   9.8038194e-05   1.7413626e-03   5.2959325e-04   6.2461795e-30   1.5122321e-04   6.5307679e-06   5.7226216e-04   7.9146248e-04
   4.3184571e-04   5.8281012e-05   1.4063169e-04   3.0731981e-03   6.5216693e-04   1.6475046e-26   1.8550081e-07   6.7666377e-05   6.4144508e-04   1.0328923e-03
   4.7584567e-04   5.1472196e-08   1.2917993e-04   3.5339976e-03   5.6474875e-04   2.2579180e-19   2.3377825e-05   5.6923002e-05   6.5514558e-04   6.2236306e-04
   3.6795435e-04   3.6489566e-11   8.6605847e-05   2.9829338e-03   5.8819613e-04   1.6311052e-16   7.5349260e-05   3.6537019e-05   5.0561164e-04   4.4895935e-04
   4.7407659e-04   5.4429243e-05   5.4347930e-05   2.8505364e-03   7.1533069e-04   2.6206364e-20   1.1142427e-04   1.4315453e-05   6.3350969e-04   5.5314888e-04
   5.4685675e-04   1.0284792e-07   5.6958652e-05   2.7076718e-03   7.6439966e-04   3.2104732e-13   9.9301247e-05   3.2145403e-05   4.9517409e-04   4.4797200e-04
   2.6590076e-04   2.7780661e-07   9.1431102e-05   3.0290636e-03   8.0290405e-04   6.6157830e-28   5.8611353e-05   2.8459313e-05   2.0906429e-04   4.5734095e-04
   4.5163035e-04   6.5886302e-05   8.0195255e-05   2.9512545e-03   8.0986566e-04   2.2896187e-26   1.1174305e-05   9.0686508e-05   2.2497165e-04   5.7020010e-04
   2.8804490e-04   4.1382151e-06   9.7443376e-05   2.4979436e-03   9.7041413e-04   5.9575942e-23   4.3905114e-05   7.8700365e-05   2.8702831e-04   6.8186916e-04
   1.8461231e-04   2.9980518e-12   3.6725676e-05   2.5739017e-03   1.0314216e-03   1.9374708e-27   1.0575142e-04   4.8100514e-05   2.5845858e-04   6.8702344e-04
   2.4720281e-04   2.4477906e-08   1.0903533e-04   2.8752264e-03   9.4619532e-04   7.6354444e-15   7.1988159e-05   6.1906346e-05   1.9812623e-04   4.6832438e-04
   1.5452879e-04   5.2277713e-11   1.6391824e-04   3.2871879e-03   8.0300587e-04   2.2799527e-04   2.7771545e-05   5.2243071e-05   3.3763309e-04   3.1693084e-04
   1.6379305e-04   2.2351754e-13   1.7651799e-04   2.4027923e-03   7.7731973e-04   5.1882165e-06   7.2449849e-05   2.7752436e-05   4.1190290e-04   5.9813537e-04
   2.2424457e-04   1.4506147e-13   1.7429765e-04   2.4583049e-03   9.3759597e-04   5.5037388e-20   3.1108649e-05   7.2199239e-05   4.2718889e-04   6.4152985e-04
   7.9430528e-05   1.6737181e-06   1.7201171e-04   2.6964261e-03   9.2472353e-04   4.7131539e-26   1.3390902e-05   9.5847303e-05   3.8642887e-04   7.8818875e-04
   1.5107183e-04   1.5771734e-05   1.0544770e-04   3.1498735e-03   1.1583389e-03   5.8568324e-23   1.7694305e-06   1.0376044e-04   4.8799334e-04   8.8617157e-04
   2.2346044e-04   4.2761638e-06   1.5506335e-04   3.4665721e-03   8.1913279e-04   8.0297543e-19   3.3963871e-08   1.2583047e-04   4.3768217e-04   7.5048255e-04
   1.8831206e-04   3.4393278e-06   1.4856339e-04   2.5366685e-03   1.3400661e-03   1.4557742e-13   8.7983778e-09   9.2565565e-05   4.6229755e-04   7.8706495e-04
   4.3396343e-05   6.0428773e-11   7.8498867e-05   3.6936764e-03   1.3622707e-03   3.3953642e-27   2.6156942e-08   1.2114033e-04   7.2563250e-04   9.5647024e-04
   1.7979999e-04   9.7613617e-14   1.1804483e-04   3.1977374e-03   1.0633871e-03   3.5807296e-32   3.2243572e-08   9.6631852e-05   7.2417197e-04   1.1907490e-03
   1.5069366e-04   1.3266246e-13   2.0709123e-04   1.7897796e-03   9.5664482e-04   1.2425856e-22   6.2876790e-10   1.7131582e-04   9.0877517e-04   1.2273756e-03
   2.9997457e-04   3.2303666e-13   1.5910779e-04   2.6736246e-03   1.3849545e-03   1.4222929e-19   1.0208638e-12   1.4952792e-04   7.5043443e-04   1.1758695e-03
   3.0401770e-04   2.5649959e-17   1.2754053e-04   3.3527303e-03   1.4937011e-03   6.6409185e-15   6.1850478e-15   1.5163642e-04   7.0669006e-04   1.1886044e-03
   1.5524890e-04   1.0164515e-16   1.0373258e-04   2.8455412e-03   9.4313660e-04   9.6671029e-27   1.1220234e-13   1.5664609e-04   7.0138097e-04   1.3429129e-03
   4.5993498e-04   2.1857672e-06   1.0298926e-04   2.5852109e-03   7.5008980e-04   2.0570100e-27   1.6627446e-06   2.0052084e-04   4.7994219e-04   1.7528754e-03
   2.4713369e-04   2.2655870e-13   2.1679438e-04   3.9078318e-03   1.0581690e-03   1.7380714e-26   5.1476438e-07   1.2658954e-04   3.3305341e-04   1.6139662e-03
   5.3077491e-04   1.1555207e-16   2.7833472e-04   3.5888287e-03   1.0090946e-03   7.9672590e-10   1.3830143e-07   4.1034056e-05   2.9454371e-04   1.0374725e-03
   2.9961095e-04   2.7007099e-17   2.5623445e-04   2.9748293e-03   1.1865351e-03   8.8350323e-11   7.9124501e-05   7.4409014e-05   5.8028969e-04   9.9477454e-04
   7.4303206e-05   1.3126881e-14   2.4049609e-04   4.2394488e-03   1.1670669e-03   3.3954302e-04   9.7337516e-05   6.6952376e-05   3.6401696e-04   6.7817338e-04
   2.7081085e-04   6.7803189e-10   2.1955145e-04   3.7729111e-03   7.1943054e-04   1.8321468e-14   9.7001804e-05   9.6640009e-05   3.3772804e-04   9.0562075e-04
   6.1588155e-04   8.9208561e-15   2.2577558e-04   2.4105519e-03   1.1972478e-03   8.0063378e-15   1.1252124e-04   1.3922987e-04   5.1934042e-04   1.0030433e-03
   5.8103268e-04   4.9598718e-20   3.8599406e-04   2.8696940e-03   1.1078152e-03   1.3107318e-12   1.2065683e-05   7.2712393e-05   5.0054651e-04   9.4385446e-04
   4.2362543e-04   2.3018917e-16   2.4912114e-04   3.7782245e-03   6.5648714e-04   6.2348793e-04   2.5991628e-05   9.0697169e-05   4.5727180e-04   6.6908147e-04
   2.8706261e-04   8.5369379e-09   1.5386190e-04   5.9405203e-03   8.4376365e-04   3.1817678e-04   9.4448870e-05   3.9637013e-05   5.6038178e-04   6.4672508e-04
   1.9262865e-04   1.2343491e-05   1.7395484e-04   5.2735067e-03   1.0445032e-03   1.7292309e-08   1.2829997e-04   5.3840130e-05   6.6929517e-04   7.9025521e-04
   3.4332276e-04   1.5542669e-04   3.6728560e-04   3.2234178e-03   5.3371992e-04   6.1755260e-07   2.3299612e-05   1.8940604e-04   7.8830972e-04   8.9567950e-04
   4.4741436e-04   2.5504125e-06   2.6631362e-04   2.3863946e-03   9.3315510e-04   2.2752013e-13   9.4817465e-05   2.4218782e-04   1.0147113e-03   1.0187199e-03
   6.7329924e-04   7.4167168e-07   2.9965659e-04   3.6443559e-03   1.0683203e-03   2.6625557e-04   2.8507515e-06   1.1604136e-04   9.7931365e-04   8.7883268e-04
   3.9091112e-04   3.4361769e-06   1.6673777e-04   3.8023235e-03   1.3742180e-03   5.8394515e-04   3.2577506e-06   2.2981565e-05   1.1705894e-03   8.3425323e-04
   2.7562739e-04   2.2429337e-19   1.6791076e-04   3.4363538e-03   6.0817730e-04   1.7726792e-04   1.1194754e-13   4.0128850e-05   1.5208081e-03   7.4932107e-04
   3.4283258e-04   7.4295345e-12   2.3607227e-04   4.8115166e-03   1.1659747e-03   3.3174825e-14   1.1245104e-07   6.5783111e-05   1.1737808e-03   7.4759707e-04
   2.5858865e-04   2.0145410e-15   1.3651898e-04   7.3175798e-03   1.1565464e-03   1.0497361e-11   5.6432323e-05   9.6929113e-05   8.7489287e-04   9.1764568e-04
   9.1069399e-05   7.9694617e-21   1.6026313e-04   7.9426683e-03   7.8425316e-04   1.4081618e-13   6.4601565e-05   1.7100716e-05   8.9918079e-04   1.1778729e-03
   3.9699332e-04   1.7780808e-13   2.2434074e-04   6.1888658e-03   1.1192271e-03   1.0055338e-22   9.9007918e-05   2.6596849e-05   5.4791159e-04   1.2217804e-03
   1.5792610e-04   2.7263508e-17   3.9236731e-04   5.6019773e-03   8.6394757e-04   1.1434622e-19   1.9052633e-05   2.1430940e-04   8.8509518e-04   8.9806319e-04
   2.7782035e-04   1.4242455e-10   2.0318446e-04   6.0254864e-03   2.9576819e-04   1.8149241e-13   1.5216152e-04   2.7525699e-04   8.3638588e-04   7.5001842e-04
   6.1721368e-05   1.7090569e-11   1.4011339e-04   5.5227316e-03   3.1798705e-04   1.1778224e-21   2.0618485e-04   6.3577597e-05   9.1931969e-04   1.2710639e-03
   5.3666219e-09   2.5361011e-15   1.6574994e-04   4.6091700e-03   6.0987400e-04   8.2846553e-30   1.4017684e-04   8.4307412e-05   6.5148163e-04   1.9248214e-03
   6.5250457e-05   1.0534721e-09   1.3171384e-04   5.2740704e-03   8.8269556e-04   3.7610670e-22   5.0892832e-05   1.3039518e-04   1.2006917e-03   1.6066477e-03
   2.4219924e-04   1.9763837e-11   1.6757266e-04   5.5312296e-03   8.1607743e-04   4.7553784e-21   1.2819450e-05   1.8968971e-04   9.4045323e-04   1.3939112e-03
   1.7919213e-05   1.4665883e-07   1.5508710e-04   5.4332122e-03   4.4167219e-04   2.5956515e-25   1.3441263e-04   1.2944860e-04   7.3619097e-04   1.1304209e-03
   4.2636932e-04   2.9618705e-05   1.6146975e-04   5.3726848e-03   6.6851632e-04   3.6571699e-18   1.1878410e-04   8.7028931e-05   9.1015177e-04   1.2071811e-03
   4.8803263e-04   5.3328791e-05   1.3103936e-04   5.2379061e-03   2.0045002e-04   5.9853440e-10   5.4630484e-05   8.0138914e-05   1.2734587e-03   9.2973328e-04
   1.3992082e-04   7.0153584e-06   1.1653691e-04   5.4233714e-03   5.4753506e-04   5.8453555e-19   6.8642182e-05   1.8000828e-04   1.4790444e-03   9.1387153e-04
   2.3087672e-04   2.1936761e-13   1.7426705e-04   5.5204248e-03   5.2160298e-04   3.9575481e-16   1.9801553e-06   1.2433354e-04   1.6441888e-03   1.0356478e-03
   4.9714963e-04   6.7222507e-08   1.0250213e-04   5.2010910e-03   2.1929889e-04   2.0945127e-08   2.7037939e-11   9.1868163e-05   1.6672241e-03   8.3095017e-04
   3.2319085e-04   8.8927279e-12   1.5331058e-04   5.3636384e-03   5.4013958e-04   1.4284708e-12   2.2707551e-06   1.1738685e-04   1.5665790e-03   7.0142576e-04
   3.6408059e-04   2.6424019e-14   2.5608149e-05   7.3362536e-03   4.7770936e-04   5.4150473e-19   4.1269806e-05   2.9616795e-04   2.4054079e-03   7.5679419e-04
   3.9272282e-07   3.6743216e-13   4.1474026e-05   8.6932319e-03   2.4955391e-04   3.4773191e-13   5.2078479e-05   2.7883306e-04   1.9226693e-03   6.1105446e-04
   1.7425094e-04   3.6907856e-14   2.9530148e-05   7.7825700e-03   4.5542516e-04   1.3722577e-29   5.0047662e-05   2.3528952e-04   1.1776839e-03   1.1284504e-03
   6.7879883e-05   2.2750066e-15   1.1733528e-04   7.4935112e-03   4.3106934e-04   5.6880989e-35   5.4479368e-05   7.8630654e-05   1.2574079e-03   1.0239806e-03
   2.0942901e-04   3.0562612e-07   4.4195604e-05   8.5569420e-03   3.4735955e-04   1.9411530e-26   1.2639215e-04   9.0741369e-05   9.9002051e-04   6.3807472e-04
   1.0206037e-04   3.8916938e-08   5.0928353e-05   1.0361709e-02   2.3826844e-04   2.0040971e-09   1.7429363e-04   3.4714109e-05   7.0008234e-04   5.0782397e-04
   1.6403541e-19   1.5426123e-06   6.3464105e-05   1.1040258e-02   4.1455008e-04   4.2841189e-21   4.5491326e-05   5.7864758e-05   1.0205580e-03   1.0116269e-03
   5.3693321e-15   7.9701358e-08   4.1425689e-05   7.5978403e-03   4.0860826e-04   8.4181861e-24   3.1141744e-05   1.8432942e-04   1.0098081e-03   1.1646563e-03
   7.0683401e-05   9.6749141e-09   5.2091537e-05   5.7189367e-03   1.4076709e-04   1.5553834e-24   1.6044963e-04   1.7680895e-04   8.2780611e-04   1.1011393e-03
   4.6005779e-05   6.3479298e-09   2.4652179e-05   5.1194009e-03   2.8893536e-04   2.4248854e-34   1.2555386e-04   1.7880039e-04   1.1974851e-03   1.7417232e-03
   2.5985303e-04   5.5162725e-10   5.7142217e-05   5.7895412e-03   2.7544234e-04   9.6275580e-22   7.0552550e-05   1.7032058e-04   1.0100892e-03   9.9801069e-04
   1.9533288e-04   1.9338752e-06   1.0140831e-04   5.5215606e-03   1.5086845e-04   1.0576362e-14   1.8206969e-04   1.0988619e-04   5.6117849e-04   5.8888861e-04
   2.0245095e-09   1.6327626e-04   8.3199016e-05   8.5999927e-03   1.3785773e-05   3.1352584e-20   2.3993076e-05   9.7954783e-05   4.6297697e-04   9.9902380e-04
   3.9548255e-05   2.3320635e-04   9.0053473e-05   9.2709035e-03   1.1753725e-04   3.7565116e-34   1.2156918e-06   4.9900828e-05   5.6434420e-04   1.1829293e-03
   2.2722952e-14   3.3436288e-04   3.0288375e-05   1.0345026e-02   1.0291037e-04   4.5976312e-38   1.1064042e-05   1.3895711e-04   8.8787457e-04   1.3738666e-03
   7.8818608e-05   2.1148646e-04   5.2377963e-06   8.9338953e-03   2.9039704e-04   1.0814188e-35   1.0881894e-04   1.1499507e-04   9.5629616e-04   1.0427567e-03
   1.3092311e-04   1.0759230e-04   1.7576969e-06   8.8095037e-03   2.6423540e-04   7.9315189e-42   1.5624650e-04   4.9529261e-05   8.5214364e-04   1.1418128e-03
   1.4036073e-04   3.5512489e-08   6.4751942e-06   7.8312581e-03   2.8034084e-04   1.7924306e-37   1.9384814e-04   4.0869452e-05   9.7434509e-04   7.3404350e-04
   2.5695795e-04   3.4299977e-06   7.4670730e-06   7.9903608e-03   2.6491891e-04   5.9658314e-29   2.3448390e-04   5.5077862e-05   7.6190122e-04   7.0455924e-04
   1.8606630e-04   8.0002500e-09   1.9045425e-05   8.9179776e-03   2.0108084e-04   4.9358855e-17   2.0622085e-04   1.7980711e-05   6.9371149e-04   4.8843868e-04
   2.2414189e-04   1.1850076e-05   4.1622522e-05   9.9006257e-03   9.6012320e-05   2.9238024e-15   9.0844481e-05   4.7825746e-05   5.4918790e-04   4.4681329e-04
   3.8564430e-04   4.7351250e-07   1.1336863e-05   8.0866226e-03   1.2007851e-04   4.0365216e-17   3.4301771e-05   9.2875019e-05   5.9214852e-04   4.9767665e-04
   7.1728430e-05   3.7903370e-16   1.5643942e-05   7.3419333e-03   2.6035268e-04   3.1939527e-13   2.6494848e-05   1.7396259e-04   5.5210623e-04   5.4550400e-04
   9.9159979e-05   2.8790025e-07   3.1945769e-05   6.5828131e-03   4.3608564e-04   2.9279008e-29   1.2529584e-05   1.3881612e-04   5.4992114e-04   8.1411779e-04
   2.3737341e-04   1.1060430e-06   3.6927569e-05   4.6808170e-03   3.0148716e-04   6.4979208e-32   1.0378001e-04   1.4130257e-04   5.8214577e-04   9.3599235e-04
   2.2762286e-04   2.3270823e-04   4.6438282e-05   5.0080776e-03   1.0048299e-05   2.4718966e-13   1.7968735e-04   1.4156311e-04   1.9029311e-04   5.5417265e-04
   1.1274678e-04   4.3652782e-04   2.8112435e-05   6.3011907e-03   2.9974225e-08   2.1375381e-10   1.0012803e-04   6.7230363e-05   3.3826441e-04   4.4822775e-04
   2.4718264e-05   2.6800564e-04   5.5375848e-05   5.2959541e-03   2.4354425e-07   9.2648658e-27   5.8096953e-05   9.2527349e-05   3.3406846e-04   6.2129374e-04
   4.4816284e-07   2.2555246e-07   7.0182379e-05   7.0443058e-03   4.1571718e-05   9.3176129e-36   8.1544113e-05   8.9825161e-05   3.5154472e-04   5.3315709e-04
   1.8535957e-10   8.9378642e-05   1.7125039e-05   1.1161828e-02   6.0141081e-05   4.1123959e-23   2.5379622e-05   7.9186109e-05   3.2533554e-04   4.9652497e-04
   2.3928037e-10   3.9800924e-05   5.3364057e-07   1.1410994e-02   2.0437606e-05   8.1144238e-32   7.6849199e-05   4.7724042e-05   2.6347446e-04   7.9161278e-04
   5.3060522e-10   3.9052139e-04   1.1384510e-05   8.6262008e-03   7.2530183e-13   5.7762713e-38   1.0153334e-05   6.5422531e-05   4.3016925e-04   8.0745468e-04
   3.9066850e-05   5.8190646e-04   9.2424381e-07   7.5079659e-03   2.5227114e-08   3.1153910e-21   8.2089168e-06   1.2883237e-04   4.4765612e-04   4.8904518e-04
   6.7037290e-20   7.5339172e-04   3.6143806e-06   7.2980620e-03   6.5395786e-16   1.6662679e-27   1.2166418e-05   4.2551783e-05   4.5572102e-04   6.5424150e-04
   3.5563039e-04   7.2729474e-04   1.2412039e-05   5.4772605e-03   1.1026767e-18   5.9581634e-12   4.9034366e-06   3.8186447e-05   5.5958073e-04   3.7149442e-04
   3.3106470e-04   4.9658635e-04   9.0330012e-06   4.1231176e-03   1.4249322e-05   5.7982591e-14   4.5947923e-06   6.7672782e-05   7.6906825e-04   5.5591876e-04
   1.3919204e-04   3.0163543e-04   6.7960735e-06   7.0214050e-03   7.7732137e-06   1.7977075e-25   1.9779445e-05   6.2630176e-05   7.4348749e-04   8.6744204e-04
   1.0922955e-04   1.0451235e-04   2.3659749e-05   9.5898338e-03   2.5189824e-06   2.3670221e-33   2.6723234e-05   2.4280732e-05   3.9678903e-04   8.4135990e-04
   2.6853598e-04   4.8776325e-18   4.3368093e-05   7.4707095e-03   8.3644723e-06   3.2539762e-28   2.3069306e-05   3.9499911e-05   3.8192591e-04   5.8611177e-04
   2.0407720e-05   3.6015362e-05   1.8965012e-05   8.5771151e-03   2.1291376e-09   3.8191205e-34   1.7503894e-06   9.4779777e-05   4.1090227e-04   8.2590161e-04
   3.2418510e-05   2.6503947e-04   3.9322583e-05   6.6061624e-03   2.4335512e-18   5.3109377e-23   4.2015071e-06   1.2522531e-04   3.1651564e-04   5.0048408e-04
   1.3699007e-04   2.5353536e-04   9.6049884e-05   5.5674452e-03   4.5003247e-20   6.3879468e-08   1.6481208e-05   1.3016696e-04   3.9615462e-04   4.2460202e-04
   1.7346772e-04   1.0027534e-05   1.2385997e-04   5.1048097e-03   3.5516371e-13   3.9910221e-12   6.3646727e-05   1.0581490e-04   4.4573767e-04   3.6604604e-04
   2.0858078e-04   3.6145334e-10   1.0160187e-04   6.1109196e-03   2.5280469e-10   1.3147071e-10   3.5313584e-05   1.1223698e-04   2.3513600e-04   4.0814513e-04
   2.7272650e-04   1.3104636e-04   5.0008425e-05   5.3602223e-03   1.5037709e-11   5.1090020e-25   1.3209401e-05   1.3467915e-04   4.8766935e-04   5.7055841e-04
   1.4006699e-04   4.7889557e-04   7.6119754e-05   4.3257173e-03   5.6016643e-13   1.1365495e-25   1.3319769e-05   1.0328545e-04   3.2704032e-04   6.0721708e-04
   6.6660358e-05   3.8317678e-04   5.2855747e-05   4.9615768e-03   5.6840206e-16   3.7970592e-13   4.9153826e-07   1.5521130e-04   4.0931289e-04   5.4238637e-04
   4.0902549e-05   2.4180784e-04   2.2952953e-06   6.1452801e-03   2.5558238e-19   1.2643330e-17   3.0556640e-05   1.6858717e-04   3.7830573e-04   4.9770737e-04
   1.0508605e-07   1.4261864e-04   2.3467414e-05   7.0329340e-03   6.8782586e-15   1.9955882e-29   3.0181081e-05   1.3831428e-04   3.1135928e-04   5.9960949e-04
   1.7003026e-19   1.2257818e-04   6.0920564e-05   5.8662402e-03   1.3354302e-13   1.0198905e-30   7.3663031e-09   1.0698326e-04   3.0366027e-04   5.2884441e-04
   1.4257002e-18   1.2409875e-06   5.0906061e-05   5.9978995e-03   8.1257286e-12   3.3777151e-19   3.8188540e-06   1.3027723e-04   4.8519123e-04   2.0046691e-04
   3.2209130e-05   2.4781235e-04   3.9585675e-05   4.6171693e-03   2.6924750e-21   3.4275877e-19   6.9209570e-06   1.4285293e-04   3.8606461e-04   3.2539574e-04
   3.9741328e-05   6.3306636e-04   1.6944296e-05   4.4000920e-03   2.2789330e-16   4.8151119e-21   8.1837040e-06   1.0448560e-04   3.7913232e-04   5.4590715e-04
   2.5143980e-23   7.9276803e-04   1.3626676e-05   4.5900370e-03   1.2943633e-18   7.8837742e-19   3.0725060e-06   3.0048908e-05   4.5442866e-04   5.8140891e-04
   1.9187582e-33   5.9921985e-04   1.5224896e-05   4.7122923e-03   1.9069870e-36   5.4407886e-22   7.0547710e-06   4.4843180e-05   5.6773967e-04   5.0860443e-04
   8.8838388e-15   4.9055038e-04   1.3443337e-05   5.5014960e-03   6.0950839e-28   1.0701337e-16   2.2105212e-05   4.9531521e-05   4.9875532e-04   3.1228399e-04
   1.0868285e-04   5.0491339e-04   2.1478893e-05   5.1308806e-03   3.5022973e-19   9.3920217e-05   1.5894547e-05   7.2682576e-05   5.2916398e-04   1.5130790e-04
   1.5115381e-04   3.0640111e-04   4.2381004e-05   4.5530366e-03   2.6014558e-20   3.3422911e-22   3.2817661e-06   4.3015838e-05   4.2266405e-04   4.9157903e-04
   1.9088875e-20   1.6812304e-04   4.2501610e-05   4.1473896e-03   4.1350417e-19   5.0192755e-19   1.8050815e-05   7.9908263e-05   3.9458439e-04   3.7823094e-04
   1.7260365e-05   1.2869889e-04   2.3124425e-05   5.4762785e-03   3.7950359e-21   3.7833962e-37   1.4628051e-05   5.0603379e-05   4.2905831e-04   5.8074905e-04
   2.4896706e-05   9.8245122e-05   4.0330399e-05   5.6688729e-03   7.7421925e-25   1.0946225e-34   2.2965571e-05   4.9131879e-05   2.6582740e-04   6.2238273e-04
   1.2769782e-04   8.2893356e-08   3.9150357e-05   5.2562078e-03   4.6017243e-12   1.2363115e-20   4.1589773e-06   5.3827402e-05   1.9238873e-04   3.4473011e-04
   9.4251478e-05   6.2000613e-05   2.8051354e-05   4.1417800e-03   7.1210197e-18   6.5703206e-35   1.4724302e-05   6.5188246e-05   4.0762586e-04   5.2283430e-04
   1.5836257e-07   1.1618891e-04   9.5394809e-06   5.3069465e-03   1.6694267e-20   1.3352093e-29   2.7134279e-05   7.7323181e-05   2.9137643e-04   5.2291968e-04
   5.8942241e-05   1.6541949e-04   5.6430405e-06   5.6584710e-03   1.1315447e-29   5.9346396e-09   4.6452886e-05   4.5709178e-05   2.6620938e-04   2.7390280e-04
   5.5091107e-16   1.8598000e-04   1.1335611e-05   4.6565046e-03   4.5480634e-23   1.2086361e-20   8.9578805e-05   3.5951866e-05   2.7742740e-04   3.2685340e-04
   7.3547177e-05   2.1897215e-04   7.7824033e-06   4.0836076e-03   2.6504260e-20   6.9157007e-14   3.8689619e-05   5.8417147e-05   2.9524884e-04   3.1703033e-04
   1.5832708e-04   1.8682476e-04   1.0940989e-05   4.3895041e-03   1.0513317e-26   1.4683492e-17   3.6089695e-05   4.6808319e-05   2.2614555e-04   3.7193418e-04
   1.3868827e-04   1.8045637e-04   8.2893837e-06   3.9045973e-03   7.2557190e-16   1.3933274e-21   4.2854557e-05   1.5298308e-05   2.5732282e-04   3.6195243e-04
   1.7425264e-12   1.7378350e-04   1.6681975e-10   3.4558370e-03   8.1811664e-13   1.5142245e-31   3.1421663e-05   4.8150914e-05   3.8065735e-04   3.3175783e-04
   1.0029080e-04   1.7405035e-04   1.9581626e-05   3.4852697e-03   4.8419959e-21   1.4135565e-43   3.4079147e-05   1.0683169e-05   3.3409433e-04   4.5232151e-04
   1.0752171e-04   2.3993062e-04   2.9919604e-05   4.3959582e-03   2.2620881e-29   1.3620421e-34   3.1686712e-05   2.0390517e-05   1.8216571e-04   3.7272331e-04
   1.7068031e-05   2.6624658e-04   1.6638434e-05   3.6568577e-03   1.1924317e-22   6.8059797e-24   4.8051425e-05   1.8198845e-05   2.9681265e-04   2.3325678e-04
   1.6574920e-05   2.2846967e-04   1.7569285e-05   3.3273649e-03   4.3259799e-17   8.0113982e-06   5.1801108e-05   2.6462194e-05   2.6840955e-04   4.3966190e-05
   6.6916659e-14   1.1671301e-04   1.4641527e-05   4.2853612e-03   2.8430672e-19   7.0994728e-18   3.9914472e-05   3.0994283e-05   2.2225774e-04   1.3107605e-04
   4.7538630e-26   1.6467109e-13   7.6925661e-07   4.9162104e-03   6.4590108e-21   1.5208331e-29   3.2979995e-05   3.0340595e-05   2.1230373e-04   2.8948784e-04
   7.9182845e-32   6.1335503e-09   4.6395940e-06   5.2886326e-03   6.7596322e-21   9.7229360e-29   5.9762004e-05   1.1744335e-05   1.3769390e-04   2.8309888e-04
   3.3851535e-38   9.4024748e-05   7.1667337e-06   4.4811399e-03   6.9462739e-25   6.1130324e-14   3.4550848e-05   1.6749586e-05   1.5043411e-04   2.7552741e-04
   7.3679930e-25   1.0462796e-04   1.1877793e-05   4.1281345e-03   2.2128207e-22   1.7687894e-10   2.5103374e-05   1.4073483e-05   9.6745249e-05   2.2092116e-04
   2.0599841e-20   5.7349417e-05   2.5346480e-05   3.2480221e-03   7.0830171e-16   2.5802407e-07   5.4410162e-05   1.2978087e-05   4.5580998e-05   9.8505010e-05
   1.7107262e-10   1.0277455e-05   1.1716453e-05   2.9430786e-03   1.2210630e-16   9.0838791e-21   6.2139306e-05   2.6877404e-05   7.3117624e-05   1.7742212e-04
   1.4458868e-09   7.3484010e-13   7.8524044e-06   3.4506388e-03   8.7111620e-13   6.6600048e-21   4.8595536e-05   2.5127435e-05   3.4536674e-05   2.1131398e-04
   4.2315355e-18   3.4079394e-18   7.2397501e-06   3.7193115e-03   5.2646600e-14   8.6581062e-06   3.7197449e-05   2.3729875e-05   3.7539110e-05   1.4031111e-04
   1.1298774e-14   1.1835153e-10   5.9980084e-06   3.7789443e-03   6.4592875e-20   3.7508524e-06   3.5296516e-05   1.9327028e-05   2.5843359e-05   1.3953732e-04
   7.0311607e-15   6.8928299e-05   2.0218581e-05   2.4576402e-03   1.1834934e-16   6.1773792e-06   3.4138888e-05   2.2244004e-05   5.2135279e-06   1.2128365e-04
   2.4879311e-19   6.1513320e-05   3.3088991e-05   1.7132236e-03   1.6213046e-19   5.7676005e-30   3.0069327e-05   3.0012005e-05   2.3160992e-05   2.2600677e-04
   4.1962803e-09   1.1669803e-05   2.3612567e-05   2.0293178e-03   1.7751366e-14   5.6177167e-17   2.1475685e-05   1.8023040e-05   3.5499977e-05   1.5837053e-04
   4.2487451e-32   1.2482754e-05   1.2352525e-05   2.2609410e-03   2.6066074e-10   7.2910499e-16   2.4971126e-05   2.5064664e-05   4.8279862e-05   1.3851213e-04
   8.4756164e-26   1.6432657e-05   1.2921032e-05   1.9978276e-03   9.9385390e-21   2.8941139e-24   3.5647720e-05   4.6059214e-06   4.2306216e-05   2.0721930e-04
   6.0046029e-24   9.0924119e-05   1.6396406e-05   2.9284539e-03   2.3419343e-29   4.6159194e-06   2.7009177e-05   1.1581412e-05   3.7520088e-08   1.0617507e-04
   3.3209846e-30   9.1774412e-05   5.8252184e-06   3.5641460e-03   6.3511210e-30   2.3571749e-05   2.2291114e-05   2.0205053e-05   2.4357770e-05   2.6157406e-05
   6.3076945e-32   6.7982746e-05   8.0349122e-06   3.1192483e-03   9.6900448e-26   1.2217393e-05   1.4038751e-05   1.4590462e-05   3.0282817e-05   5.8328786e-05
   2.7506482e-11   5.8905300e-05   1.2349373e-05   2.7177399e-03   1.3419423e-23   1.4483592e-05   1.1386568e-05   1.1128200e-05   2.3201585e-05   7.5736173e-05
   1.9734633e-22   1.4267923e-05   3.9140327e-06   3.4583191e-03   9.9176272e-19   1.6780659e-05   1.7484599e-05   5.3528997e-06   2.4871766e-05   5.9871742e-05
   3.3141174e-45   7.5404502e-16   5.2733568e-06   3.0358105e-03   3.7536640e-13   3.2782983e-05   1.9085711e-05   9.5860348e-06   1.2553038e-05   5.7398050e-05
   1.9747113e-16   3.9677388e-05   3.5410305e-06   2.6316608e-03   2.1046528e-22   2.2996008e-05   2.2670328e-05   1.1112710e-05   1.7400777e-05   5.4038067e-05
   7.1205891e-13   1.1085396e-04   1.8769845e-06   1.9674493e-03   6.7150268e-26   2.5187239e-05   1.7163187e-05   7.5148066e-06   1.1184328e-05   4.9639535e-05
   1.7864986e-16   1.0646645e-04   1.9507575e-06   1.8742587e-03   6.7633095e-24   2.4376410e-06   2.3006647e-05   1.7258231e-05   1.6018116e-05   6.3350189e-05
   3.2395808e-06   3.4983084e-05   3.9821372e-06   2.3350077e-03   3.7856411e-28   6.9523717e-06   2.3125532e-05   1.7326722e-05   1.8182619e-05   5.9020567e-05
   2.2594256e-20   4.5387916e-15   8.5080228e-06   2.0051229e-03   6.2130738e-19   2.8482901e-05   1.5300458e-05   6.9605881e-06   1.1819785e-05   5.5084970e-05
   6.1544002e-15   5.3785679e-06   1.1010073e-05   1.7126598e-03   1.0126821e-18   4.3586504e-05   8.9307259e-06   7.2963131e-06   1.7704449e-05   3.0571790e-05
   1.5078014e-19   8.2432419e-13   6.4113101e-06   1.7773676e-03   1.5722840e-14   2.7392021e-05   1.7712929e-05   1.0886058e-05   7.7266462e-06   4.9941980e-05
   2.7564720e-18   5.1627060e-13   5.8415329e-06   1.8596406e-03   1.5436662e-20   4.3312970e-05   2.7916121e-05   7.4451800e-06   7.5875119e-06   3.9439822e-05
   1.7178772e-31   1.6801919e-18   6.1170410e-06   1.3374219e-03   3.7210272e-23   7.6699775e-05   3.1674196e-05   5.3644138e-06   1.5885802e-05   9.4837034e-06
