   1.7197801e-03   1.9963332e-03   2.2365597e-03   8.6341095e-03   1.6202883e-03   1.1613302e-01   2.3654976e-03   1.5535176e-06   1.4844666e-03   3.3697536e-04
   1.9363255e-03   1.8540978e-03   2.7062517e-03   8.7920409e-03   1.4222196e-04   1.3239829e-01   4.0904667e-10   1.7599773e-08   1.8333740e-03   5.1032372e-03
   1.4055912e-03   1.3589437e-03   1.9174887e-03   5.2740365e-03   2.0698139e-14   8.8790886e-02   1.3526102e-27   3.0051939e-12   1.2474485e-03   3.7899634e-03
   5.5206114e-04   1.3873463e-03   1.1739791e-03   2.3828449e-03   5.3210270e-16   9.2524503e-02   1.4799821e-14   7.0620949e-13   9.5164700e-04   1.9570418e-03
   9.4918028e-05   9.6190966e-04   8.3412202e-04   5.9075810e-09   7.3128328e-04   1.5389560e-01   2.1461444e-17   9.9899614e-15   6.9876847e-04   2.8297280e-03
   4.0843796e-05   7.4677097e-04   5.6096343e-04   1.5773901e-22   4.3967168e-03   2.1116177e-01   2.4075400e-18   2.2641279e-28   5.4786726e-04   5.5086306e-03
   2.2782958e-05   1.4371606e-03   4.0994246e-04   6.9944103e-40   7.6093309e-03   1.3376147e-01   2.9507345e-18   2.4252793e-19   2.7408458e-04   7.4013040e-02
   5.7461630e-11   7.8089509e-03   8.9267673e-04   9.3051792e-58   8.2599461e-03   3.4814793e-02   1.3877242e-02   1.7412298e-33   1.8743290e-04   1.4720378e-01
   1.9031237e-28   2.0445521e-02   4.0362692e-03   6.0451639e-58   7.3797147e-03   1.7348676e-04   1.1090811e-01   1.9341888e-51   9.3583780e-05   7.0809423e-02
   2.1868761e-15   3.6203285e-02   8.0221026e-03   5.0992654e-30   2.6941232e-10   1.5347193e-04   5.8363319e-02   3.2694791e-52   1.1910046e-05   2.9979732e-09
   9.4466843e-03   3.3000171e-02   4.4473447e-03   2.7829169e-02   7.2847956e-17   1.4279258e-02   1.1149415e-08   6.6009970e-37   3.5218983e-05   1.5819015e-07
   2.6232308e-02   1.6434796e-02   2.3364952e-03   1.5960984e-01   5.3108962e-14   1.4480360e-02   1.5881623e-23   1.3097449e-03   2.0119039e-04   2.4250569e-03
   1.8364265e-02   6.7238776e-03   1.9911814e-03   2.4078108e-01   2.7789917e-04   4.7549537e-03   1.5073892e-26   3.3923296e-02   4.6125317e-04   4.0643620e-02
   2.3327748e-03   4.3490044e-03   2.2727763e-03   1.3257520e-01   4.9169735e-08   1.6312670e-06   6.8856916e-39   6.1599018e-02   2.9027414e-04   1.7378847e-01
   1.0995301e-05   9.1643270e-03   3.1447755e-03   1.8613303e-02   2.4978324e-18   3.9826299e-11   5.3312535e-30   2.7497462e-02   1.4854872e-04   2.3010621e-01
   3.4689382e-20   1.6133613e-02   4.3339005e-03   1.1514039e-11   4.9918887e-12   1.1862639e-18   9.7330831e-03   6.1880369e-07   1.2296224e-03   1.3491051e-01
   8.3635779e-33   1.4448912e-02   3.5829055e-03   5.4659300e-23   4.6680196e-03   2.0711010e-15   2.0019795e-01   1.1112841e-21   1.7954770e-03   2.6357541e-02
   1.3442280e-28   1.4247343e-02   6.5935504e-03   7.5316197e-29   5.2314241e-03   1.1292547e-23   3.1663667e-01   6.5483533e-41   4.9044119e-04   4.7520312e-07
   2.3558910e-17   2.0976493e-02   8.2586625e-03   7.2646707e-30   4.3546140e-03   4.2217672e-22   2.0576344e-01   1.2963685e-41   3.6731877e-05   2.1032405e-14
   2.2654370e-05   3.2726097e-02   6.0329308e-03   1.1237376e-22   1.8918025e-09   4.1052622e-16   4.1790967e-02   9.4224337e-36   1.2253185e-04   1.7016172e-06
   1.9529920e-03   3.6779237e-02   2.1526316e-03   1.7426185e-03   2.0586369e-26   2.0322747e-19   4.2340139e-04   4.8485051e-17   2.7490026e-04   2.4252262e-02
   1.4555043e-02   3.0921658e-02   1.8811233e-03   3.5772958e-02   3.7162454e-38   2.0966200e-18   1.1053448e-17   1.1250002e-06   1.7384173e-04   3.3061387e-02
   3.7001148e-02   2.1484311e-02   2.4322407e-03   7.7064019e-02   5.2827062e-23   7.6782014e-16   5.4189186e-27   1.9124925e-10   1.2379699e-04   1.8891072e-02
   2.7427363e-02   2.2360544e-02   4.2539849e-03   1.1281835e-01   1.1519723e-16   4.9908180e-15   9.8050635e-13   8.6677482e-03   1.6622967e-04   7.7115622e-06
   6.4971663e-03   1.8063310e-02   5.8227838e-03   1.1248265e-01   2.1856517e-10   2.0038030e-18   3.4021535e-08   8.9912623e-02   1.7399181e-04   1.2604123e-14
   6.9600373e-04   1.0085940e-02   1.0270242e-02   3.9818216e-02   8.5557106e-14   6.0241920e-21   4.2723138e-03   2.4075555e-01   6.3334613e-05   4.5361747e-18
   1.9023620e-30   1.1113849e-02   2.2722906e-02   6.7466414e-14   1.7030795e-40   2.0154755e-22   7.9366543e-04   2.4680939e-01   1.8911562e-08   1.1104175e-17
   5.5947670e-44   2.4039225e-02   2.6300779e-02   1.4255611e-31   8.4875508e-56   6.9383328e-29   8.4400533e-08   9.2709892e-02   7.9917709e-14   2.4434487e-15
   4.2958391e-26   3.6783016e-02   1.5851034e-02   5.7483026e-34   9.1787686e-37   8.8870952e-31   1.1585690e-22   2.4832383e-03   1.5266146e-11   1.4696544e-09
   2.1393627e-07   3.2769448e-02   7.9755583e-03   1.3233582e-39   2.4504598e-22   2.1410212e-28   1.4496277e-33   1.6655593e-13   1.1569548e-08   3.9200736e-09
   1.6685554e-03   2.9004002e-02   3.7616676e-03   4.0860731e-48   6.6176635e-23   5.0017400e-19   7.1931300e-32   2.2539560e-25   2.4320549e-05   5.9091027e-17
   9.4630011e-03   2.4974884e-02   2.2729057e-03   1.5461439e-34   5.9108388e-20   5.5492339e-14   1.1660197e-41   1.0746125e-21   7.2543454e-05   1.9622499e-22
   5.3736955e-02   1.6496817e-02   1.6839310e-03   5.3461887e-25   1.3764900e-25   1.6159347e-18   2.7184338e-40   5.6477563e-20   5.4660395e-05   1.0089850e-18
   1.0157989e-01   9.0497360e-03   2.0077346e-03   2.8505496e-13   7.1746966e-25   4.4694609e-17   1.1331654e-08   2.6142530e-29   6.7672520e-05   1.2908599e-10
   7.7486949e-02   6.0289599e-03   5.2399794e-03   4.8455883e-11   2.0112776e-15   4.9611907e-22   7.4841266e-03   2.7366557e-35   2.0041064e-05   5.9432319e-20
   3.4917104e-02   1.0168806e-02   8.0980357e-03   3.7349109e-05   3.9013897e-07   8.3749638e-22   4.6117224e-12   2.1838085e-37   1.8787036e-05   3.0287006e-24
   2.5008028e-02   1.6263229e-02   6.7948344e-03   7.7334988e-04   1.5038940e-07   2.9885622e-20   6.4091310e-34   1.8606978e-19   9.1074463e-06   1.8185834e-35
   1.1588873e-02   1.8747755e-02   2.8938130e-03   7.1806974e-04   8.4518286e-03   8.6814380e-23   4.1308553e-60   4.8213925e-03   2.8852414e-05   1.3328779e-39
   6.0724525e-03   1.4820309e-02   3.8724068e-04   1.0784482e-07   1.4375279e-02   3.5867597e-18   1.1284030e-71   1.4107774e-02   7.6520477e-05   4.6040273e-35
   7.1429558e-03   1.2360775e-02   4.8075707e-04   4.9410473e-13   1.5030256e-02   8.4731084e-11   1.3899877e-76   1.1632833e-02   1.2461760e-04   3.8694982e-21
   8.6233963e-03   1.5357891e-02   1.5882567e-03   2.3955996e-12   1.5527828e-02   6.6213978e-11   6.5999028e-58   4.2794007e-03   7.1062759e-05   5.8504009e-16
   7.9426578e-03   1.3806376e-02   1.7298641e-03   3.4614865e-10   1.5620164e-02   1.0180576e-09   1.5539626e-44   4.3425555e-07   1.3831551e-04   1.4090916e-16
   1.2318183e-02   9.7717497e-03   1.7061664e-03   2.9792690e-18   1.8379469e-02   8.7167636e-16   2.6876448e-10   4.8970027e-29   1.1293813e-04   6.8601043e-18
   3.1953329e-02   4.9617813e-03   1.7375279e-03   2.6602589e-24   1.4203687e-02   3.7692548e-17   2.3791402e-03   2.2767088e-40   2.6445436e-05   4.9388832e-18
   4.2693841e-02   3.8641947e-03   1.7144792e-03   1.9133279e-20   1.4160072e-02   1.1501565e-17   4.4305279e-17   5.7779133e-44   4.3356099e-05   9.8337493e-21
   3.0797023e-02   4.3655952e-03   1.6095064e-03   5.8268767e-20   1.3391371e-02   2.6023078e-17   1.9953661e-42   7.6432609e-50   4.6685721e-05   4.3197028e-21
   1.4774702e-02   5.4090437e-03   9.9675747e-04   2.4132548e-11   1.0557735e-02   2.5090802e-12   1.0837440e-51   1.3309341e-43   8.4165374e-05   2.0456969e-22
   5.5554489e-03   8.2186169e-03   3.7818054e-04   2.3886064e-04   9.7990804e-03   2.0848892e-09   4.0821002e-66   8.8022261e-31   1.3132392e-04   4.4304646e-27
   1.0474590e-03   1.0240354e-02   2.5200273e-04   2.0021476e-03   9.6551158e-03   1.0914469e-08   6.2112376e-66   7.5309209e-06   1.1665800e-04   2.6186971e-27
   4.0607865e-04   1.0568573e-02   9.5915349e-06   1.8924543e-03   1.1576813e-02   3.0888524e-08   2.8290994e-66   2.3083356e-03   1.1555002e-04   3.6261521e-18
   3.0813942e-04   1.0056176e-02   4.5177696e-05   2.3748604e-04   9.7526012e-03   2.5468981e-11   3.4637399e-26   4.5733010e-03   1.5795436e-04   9.6344797e-20
   3.5864872e-04   9.1894045e-03   2.6850070e-04   7.5678425e-14   8.2978116e-03   1.4084685e-15   2.4337910e-10   5.0370618e-03   9.5367806e-05   1.1192978e-30
   4.7496417e-04   1.0763166e-02   5.4024911e-04   3.9942038e-30   7.0253639e-03   2.9176738e-15   6.0508656e-29   3.3459978e-03   6.3577627e-05   1.0673209e-35
   1.7069892e-03   1.2661983e-02   9.5856811e-04   3.3744659e-31   6.6642247e-03   4.6958310e-17   3.2725747e-52   9.2379898e-04   4.7784432e-05   3.6777112e-33
   7.9126829e-03   1.4045673e-02   9.5953815e-04   1.5313756e-34   5.4621465e-03   3.4757441e-18   1.0445524e-59   5.6028658e-11   3.0101545e-05   3.6781533e-31
   1.7183930e-02   1.3341606e-02   6.5865853e-04   5.0943373e-31   5.9470467e-03   3.0564435e-17   1.0056416e-69   1.2973950e-10   4.8780251e-05   4.2345650e-35
   1.7779470e-02   1.1508730e-02   4.1666937e-04   1.7778277e-25   6.3709412e-03   4.9372068e-18   9.8607682e-72   3.9681552e-11   6.6569967e-05   8.8902947e-28
   9.4777392e-03   9.8114182e-03   3.6876804e-04   2.2528937e-15   6.0753551e-03   5.0666437e-14   1.5616792e-58   1.1321192e-15   9.4161948e-05   1.0882570e-26
   5.7019035e-03   7.0498144e-03   2.9526030e-04   9.3108180e-09   7.4894197e-03   2.1606848e-11   2.3633489e-40   2.4915072e-22   1.2320142e-04   3.0334474e-26
   2.7400602e-03   5.4055040e-03   7.4770678e-04   2.3911760e-08   7.5720684e-03   4.1259547e-10   1.3673118e-04   5.7405837e-24   1.6822100e-04   3.6857257e-22
   1.0029756e-03   6.1359015e-03   9.0455383e-04   9.8888013e-04   1.2608852e-02   3.7398657e-14   4.5765475e-04   4.8650004e-19   1.2131632e-04   1.9579570e-20
   1.5973111e-04   6.8819442e-03   1.1376549e-03   9.4309114e-06   1.7621154e-02   1.3293166e-14   3.3888646e-23   6.1825490e-06   6.1831785e-05   7.1354308e-22
   1.0917545e-03   6.2278606e-03   1.3043381e-03   2.6216920e-15   1.9728253e-02   1.6026660e-15   5.6621907e-43   8.0887453e-04   7.4128593e-05   2.0519648e-19
   1.9058275e-03   4.9484731e-03   1.1268974e-03   7.5356800e-29   1.9732755e-02   5.5902314e-13   1.9420769e-48   1.8081366e-03   9.4009129e-05   3.6506940e-27
   4.3393993e-03   3.6896669e-03   1.1015941e-03   9.7882926e-38   1.6671026e-02   3.3677434e-13   1.1972296e-57   2.3073654e-03   1.7307389e-04   2.3137706e-23
   9.4878761e-03   3.3293083e-03   8.1219553e-04   1.6438895e-33   1.7487426e-02   7.6483751e-12   4.3368563e-57   2.1222939e-03   1.8766160e-04   5.2800919e-23
   2.0026754e-02   2.8733416e-03   9.3447482e-04   7.1329501e-35   1.6462686e-02   9.6509414e-11   3.0921899e-56   5.9632456e-04   1.9060507e-04   1.3547513e-21
   2.0897058e-02   3.2347854e-03   1.0005763e-03   4.1783241e-41   1.7758375e-02   6.1814327e-13   1.1466771e-21   2.6161184e-10   1.4326805e-04   2.3181112e-22
   9.6500820e-03   3.8296487e-03   1.2196507e-03   2.7575779e-38   2.2310842e-02   3.0890878e-13   8.0366998e-09   5.4401349e-25   1.4334732e-04   2.9225258e-25
   5.6606203e-03   3.9835135e-03   1.1821898e-03   8.0555841e-35   2.1163172e-02   1.4705687e-15   4.6627082e-12   1.4186807e-27   2.3112120e-04   1.0062629e-25
   4.1118441e-03   4.7237366e-03   1.3687361e-03   1.2871375e-39   1.8481716e-02   4.5476343e-18   1.1135345e-37   4.8026600e-34   1.9195638e-04   5.0997230e-28
   3.1054254e-03   5.0810579e-03   1.3033721e-03   4.1319407e-38   1.5608936e-02   6.0766045e-15   9.5131831e-51   4.6381806e-41   1.2964170e-04   7.3047215e-30
   1.6731751e-03   3.9752667e-03   1.0117865e-03   1.2230646e-18   2.0388001e-02   1.6598125e-12   1.1040839e-51   3.1606720e-31   1.4063892e-04   1.6659399e-27
   2.7225908e-03   3.3523971e-03   7.9097289e-04   7.4033338e-12   1.9040342e-02   1.7121374e-11   6.9506318e-56   2.7640539e-19   1.9058217e-04   1.2249802e-26
   4.1013991e-03   3.3087375e-03   6.6933182e-04   7.2153510e-21   1.6043781e-02   5.4813201e-13   2.4202686e-48   1.5800983e-04   1.8324275e-04   1.1171979e-25
   4.6260928e-03   3.2504040e-03   4.3401097e-04   1.9932607e-21   1.7307378e-02   7.6705651e-11   5.4381852e-32   8.5091154e-04   1.5595360e-04   1.2065650e-17
   9.7157116e-03   2.5917189e-03   6.3530429e-04   5.3556551e-37   1.7319233e-02   1.2472332e-12   1.6846549e-03   7.7938784e-04   1.4664821e-04   1.3436053e-13
   1.5625048e-02   2.1627096e-03   1.0484041e-03   9.6994362e-44   1.6725861e-02   2.0636599e-17   8.1371151e-04   7.7112254e-04   1.0194894e-04   1.2596195e-15
   1.9362358e-02   1.2930719e-03   1.2347892e-03   1.1724619e-46   2.0584821e-02   7.7933014e-14   4.1395171e-18   7.1912638e-04   1.5185226e-04   5.6698973e-15
   1.2831920e-02   1.0625698e-03   1.3511126e-03   2.9601215e-44   1.8756470e-02   8.3394497e-10   1.6696480e-37   1.5542832e-23   1.2707212e-04   1.7850191e-13
   4.7169986e-03   1.1322004e-03   1.2605407e-03   2.3715109e-39   1.9023306e-02   1.3432699e-08   9.5384123e-45   9.5353603e-45   1.2615976e-04   2.6651056e-12
   2.5676463e-03   1.6641056e-03   1.0870825e-03   9.5255286e-33   2.0315653e-02   1.9368696e-10   7.6229957e-48   1.9204902e-40   1.3670755e-04   5.3720046e-14
   1.4340779e-03   2.0227320e-03   1.1193511e-03   1.8755531e-36   1.8971410e-02   1.5400826e-08   1.1967496e-48   5.6877287e-39   1.5615040e-04   1.2207290e-18
   7.6751386e-04   2.4099669e-03   1.0629734e-03   1.4925679e-43   2.1153296e-02   4.6326227e-09   3.6374769e-58   1.6082283e-39   1.1620611e-04   1.6278166e-20
   3.5386047e-04   2.3246586e-03   9.2782705e-04   4.2368675e-32   2.1211670e-02   1.2036578e-08   1.0392671e-29   1.4411145e-38   1.3084510e-04   5.3026110e-22
   3.8260712e-04   2.2435337e-03   1.1881468e-03   2.1041299e-34   1.7882569e-02   9.3222966e-08   2.1135743e-10   3.8803087e-36   1.0362783e-04   2.0206961e-20
   1.8098733e-03   2.1605773e-03   1.3897084e-03   6.0060625e-43   1.8936316e-02   1.4599635e-10   1.2516358e-19   1.7392335e-36   9.7377905e-05   3.7449021e-25
   1.6031647e-03   1.6704025e-03   1.6584856e-03   3.1182190e-45   1.8716887e-02   6.2247525e-13   1.0890042e-36   6.9076702e-23   1.0384004e-04   1.7579898e-24
   2.9487022e-03   1.2613117e-03   1.9903016e-03   7.7463020e-46   1.6384018e-02   7.7870060e-09   2.7399226e-55   3.0594318e-17   8.8563857e-05   2.7318031e-22
   5.4500652e-03   9.1138374e-04   2.0282437e-03   6.2739891e-45   1.8674165e-02   4.0617355e-06   9.7162142e-61   1.0851914e-20   1.3725508e-04   1.1547812e-19
   3.7319870e-03   8.3613703e-04   2.3402982e-03   6.0207121e-43   1.9095500e-02   6.8747703e-09   1.4112052e-57   1.9908555e-22   1.7470775e-04   1.6531521e-16
   1.4707587e-03   9.0360736e-04   2.5037761e-03   1.4150764e-34   1.3868364e-02   1.2648902e-07   7.7711582e-56   1.3704611e-21   1.6261563e-04   1.6162498e-11
   1.2386209e-03   1.3626454e-03   2.2270548e-03   5.6896989e-41   1.1993956e-02   3.9115167e-04   1.3753571e-59   6.5644531e-34   1.6905952e-04   6.9627910e-14
   6.2083037e-04   1.2181065e-03   2.8382089e-03   1.0751761e-36   1.0165342e-02   1.1194700e-03   5.6827884e-35   4.7252812e-43   1.4073151e-04   7.8662175e-13
   2.8931918e-04   7.1782920e-04   3.1073918e-03   5.6594683e-31   9.3199436e-03   2.9329379e-04   1.4408906e-22   1.4701265e-40   1.2603272e-04   3.1519791e-07
   5.7154803e-05   1.3210466e-03   2.9270474e-03   5.9703901e-36   1.0709740e-02   4.7385368e-10   5.7037751e-38   1.6777529e-49   1.2529027e-04   1.6101663e-09
   2.5908370e-04   9.1611407e-04   2.8614496e-03   4.2636937e-35   1.0806782e-02   2.9777994e-07   6.6349863e-53   1.3406154e-54   1.3223918e-04   2.8661990e-07
   2.7301446e-04   9.3975064e-04   3.0806969e-03   9.3991902e-39   7.3026229e-03   1.8352036e-05   5.8745472e-62   6.6496836e-48   1.7012403e-04   2.3521870e-08
   4.2053182e-04   1.1299683e-03   3.3237716e-03   7.6647956e-35   5.7838671e-03   1.2678889e-10   5.4322628e-56   4.9078366e-41   1.1335489e-04   3.7037841e-13
   5.9686618e-04   1.1814370e-03   3.5121922e-03   2.5299936e-42   4.6505837e-03   8.1207893e-06   2.0253138e-50   8.1453798e-34   1.1825097e-04   5.8594511e-12
   1.9641695e-03   5.7206701e-04   3.8498462e-03   1.9023152e-46   4.4589168e-03   1.9979434e-06   5.6978871e-48   6.8213787e-25   1.3874325e-04   1.2587190e-06
   2.0745066e-03   2.2649053e-04   3.9876275e-03   6.4323838e-44   3.7961546e-03   1.9396149e-09   1.4067547e-36   4.4097458e-18   1.3410869e-04   3.3914385e-07
   6.3406789e-04   2.5897851e-04   4.6372232e-03   5.9270242e-38   3.2565750e-03   1.3634169e-12   3.5251270e-19   6.8854677e-21   1.3756126e-04   1.0888889e-14
   1.9429522e-04   4.5483581e-04   4.4100263e-03   1.8990991e-44   2.2863021e-03   1.4671714e-10   1.8713824e-16   3.9813485e-27   2.0409720e-04   5.7903932e-13
   1.9499850e-04   4.2490177e-04   3.9083070e-03   1.5084486e-41   2.3987672e-03   7.0313324e-09   2.1834113e-30   4.9658001e-29   2.7226582e-04   2.4272994e-14
   7.5701622e-05   3.2302223e-04   4.0997818e-03   1.8766369e-36   1.8301425e-03   8.2856543e-07   1.0104296e-42   1.9877568e-32   2.4961113e-04   5.0223687e-17
   1.4416054e-10   6.6820709e-04   4.3536448e-03   7.5348279e-40   1.9516950e-03   4.8287021e-13   4.4945936e-42   3.1659121e-39   1.7988517e-04   2.5402826e-16
   8.0010869e-06   3.2477859e-04   4.5783425e-03   1.4992682e-29   1.6182711e-03   6.2687855e-15   1.0314287e-30   1.8569926e-36   1.5079531e-04   5.3652058e-10
   3.2350373e-04   2.4195143e-04   4.4578866e-03   1.3319317e-33   1.3612165e-03   6.1524208e-20   4.8876169e-28   2.0402195e-32   1.2614985e-04   3.7172406e-17
   1.0808062e-03   1.3335438e-04   4.0028407e-03   2.0841022e-21   3.6434526e-05   1.9732337e-14   1.6525361e-28   3.2650099e-30   1.9782227e-04   8.6616433e-17
   1.2418345e-03   3.0086312e-04   3.3500370e-03   1.1513707e-22   4.4283646e-04   9.4866213e-13   1.0778879e-08   9.1893595e-24   2.0017904e-04   2.8508243e-10
   2.4885853e-03   1.8082038e-04   3.1503755e-03   6.7151357e-31   2.2432054e-08   9.6449124e-12   7.6869883e-04   1.3141140e-14   2.1022831e-04   1.8292252e-12
   2.5635198e-03   1.0605546e-04   3.3050948e-03   4.0422021e-31   1.2251215e-08   3.1204718e-17   7.7026797e-05   3.5635165e-08   2.0891864e-04   1.3037281e-18
   1.2991824e-03   8.8208529e-05   3.3626612e-03   8.4118103e-20   9.3794798e-06   5.6023898e-15   6.3488404e-22   2.7255186e-06   2.5550302e-04   7.0692604e-15
   5.3425822e-04   1.6430624e-04   3.1806815e-03   1.2223550e-14   8.7017134e-04   1.0782663e-15   2.2089629e-29   1.1183779e-05   1.9640304e-04   7.2804336e-14
   2.9425288e-04   1.6385951e-04   3.1777090e-03   1.7402544e-18   4.0580761e-05   7.6184458e-20   3.2506114e-28   6.0961255e-08   2.1657159e-04   1.8831032e-16
   2.5005003e-04   5.9551114e-05   3.4276866e-03   1.5526325e-11   1.0916880e-11   2.6755133e-17   4.1495039e-31   1.2237824e-05   1.2812747e-04   2.3012893e-18
   2.0587741e-04   5.8572303e-05   3.6255272e-03   5.0094843e-06   1.8142137e-11   8.2035474e-20   1.0181100e-21   2.0240113e-08   1.5978229e-04   1.7523964e-13
   3.9276464e-04   1.1501274e-04   3.4474423e-03   5.0706911e-05   1.2490121e-15   1.5888054e-15   9.7103683e-13   1.0513496e-08   2.3376612e-04   2.7505312e-15
   6.4025787e-04   3.3409178e-05   3.6906129e-03   1.8166375e-06   4.3662443e-16   3.1261545e-15   9.8524733e-05   2.2832914e-10   2.3743963e-04   4.0217277e-16
   1.1122992e-03   7.2647489e-05   3.5444672e-03   5.6096376e-08   1.2605578e-10   3.6921783e-14   8.7961339e-05   1.2117261e-14   2.6329855e-04   5.3411422e-14
   1.5220615e-03   9.5253173e-05   3.5629238e-03   1.9249767e-09   7.4709074e-23   4.8366210e-13   1.8630018e-13   1.5892574e-16   1.9791222e-04   1.7460959e-11
   3.1440042e-03   1.2411171e-04   3.3564393e-03   4.3740091e-12   2.4516446e-18   5.0817241e-18   2.8173576e-20   1.0063675e-08   1.4715602e-04   6.2054145e-13
   3.8063030e-03   6.7397159e-05   3.0834919e-03   1.3462124e-12   2.7309481e-17   1.5056876e-18   6.7564667e-17   5.5974119e-05   1.8200073e-04   4.9452431e-12
   1.6800486e-03   5.6301354e-08   3.1863667e-03   1.3252881e-15   8.4806683e-18   6.2951432e-17   6.0355658e-14   2.0367273e-04   2.2194925e-04   1.6705855e-12
   1.0662148e-03   1.9635934e-10   3.7010112e-03   2.1622965e-19   9.1598887e-18   6.4154217e-18   7.8520863e-11   1.2566808e-03   1.7529420e-04   5.2826943e-12
   4.5441026e-04   6.3600387e-15   3.8285823e-03   3.1466285e-23   4.4039728e-16   3.6626194e-17   1.5576008e-11   2.6334872e-03   9.0377101e-05   6.4280069e-15
   7.1403851e-04   1.3219944e-13   4.4627051e-03   6.8302924e-25   1.5668842e-21   7.7370972e-20   4.6108279e-04   1.6128743e-03   1.0398884e-04   3.1094375e-16
   1.1046563e-03   1.1678676e-12   4.6436031e-03   1.9379472e-21   4.6096380e-19   1.1071478e-20   3.0279532e-03   3.1900733e-04   1.2976184e-04   1.9838740e-16
   1.7506573e-03   1.2237496e-10   4.2856466e-03   3.7488863e-17   4.2794714e-18   7.1367682e-19   3.3610973e-04   1.1580397e-03   1.4660016e-04   4.0177427e-14
   2.0167475e-03   2.1318160e-08   3.7546120e-03   8.8525081e-13   3.4156978e-21   4.4739119e-13   4.7300605e-12   8.2631231e-04   9.9255399e-05   1.0271708e-08
   2.2954840e-03   1.3012682e-09   3.4354005e-03   6.9917061e-11   6.5492476e-15   9.5089910e-13   2.2710084e-13   3.8453578e-04   9.4792875e-05   4.4184299e-09
   2.6515891e-03   9.0267885e-11   3.5473924e-03   3.3376674e-06   1.4914079e-13   6.3065017e-11   1.8645518e-12   4.2552351e-05   1.0552372e-04   1.1894372e-07
   5.2953199e-03   4.3930831e-08   3.7975616e-03   2.9854347e-05   7.7738998e-23   3.8798547e-13   2.5399476e-27   2.7094407e-05   1.1691901e-04   8.1453226e-06
   5.6306021e-03   4.7260255e-10   3.8877732e-03   1.6638767e-07   1.9161540e-24   1.6767155e-13   1.0770366e-25   3.3709352e-08   7.3812066e-05   1.6506741e-06
   2.9251034e-03   6.6116520e-12   3.8548712e-03   1.3746030e-17   1.4252809e-18   1.0759097e-12   5.1824233e-10   1.0232309e-03   5.3301898e-05   3.3333142e-10
   1.4734966e-03   8.8262948e-15   4.2577811e-03   2.0483330e-15   1.7181438e-21   1.0266704e-17   1.6964632e-06   2.2560840e-03   3.5972502e-05   8.4966560e-10
   7.6111335e-04   9.8362935e-11   4.2242371e-03   1.1669851e-14   1.0905319e-09   7.3697883e-19   1.2778501e-06   4.9266248e-03   1.0382860e-04   1.7674577e-10
   9.1030415e-04   1.2326143e-12   4.0965155e-03   2.1424647e-27   2.4226667e-10   4.6693916e-20   1.6592380e-13   7.6872665e-03   1.2445384e-04   1.0431926e-06
   1.4048258e-03   7.8078188e-17   4.4483221e-03   1.1337189e-31   5.9513723e-09   4.6081814e-24   1.2773221e-23   8.5089629e-03   9.0391790e-05   7.0453637e-09
   1.8379115e-03   4.7688802e-15   4.0602819e-03   8.8776738e-30   2.0194877e-11   4.3179499e-24   1.2416827e-22   5.0025328e-03   9.0096878e-05   3.5689356e-07
   2.2614811e-03   1.6381855e-11   3.6660358e-03   1.6888093e-31   2.0348436e-16   2.8777255e-25   5.4932920e-26   4.3057013e-03   6.8535001e-05   9.9109987e-08
   1.5895003e-03   1.7873345e-07   3.5218524e-03   4.3618122e-32   1.8384417e-24   1.1208202e-24   8.6410604e-25   3.6277097e-03   4.3154427e-05   9.5059468e-13
   2.0962441e-03   4.1094136e-07   3.8762845e-03   3.9581789e-32   1.6575962e-11   6.5193155e-25   1.4728571e-41   2.4675456e-03   1.0358576e-04   1.4491083e-14
   2.0452586e-03   1.0985797e-07   3.7587357e-03   8.9884534e-23   4.4781446e-08   3.5140598e-21   1.1065296e-08   3.8452362e-04   1.9050055e-04   5.4160413e-09
   1.3744468e-03   2.5702767e-08   3.7058845e-03   2.5815382e-27   6.1595875e-04   2.0480851e-18   1.3518861e-06   1.4100774e-04   1.2863789e-04   3.4852232e-11
   1.2354457e-03   1.5945821e-04   3.4477200e-03   5.8617126e-32   1.8507521e-05   3.6497167e-16   8.8707831e-12   6.8948776e-07   7.9285333e-05   2.0112770e-14
   6.6846278e-04   2.1385338e-04   3.3932062e-03   2.5482396e-25   8.9923843e-13   3.0882648e-15   4.8618492e-25   3.0893870e-08   1.1517745e-04   4.3868493e-12
   2.5064026e-04   1.8721709e-04   3.6269147e-03   7.0154607e-19   2.6928012e-07   8.1487519e-16   6.7486506e-29   1.9062887e-04   1.0188414e-04   1.0194639e-12
   3.0858182e-05   1.0607110e-04   3.2079934e-03   5.1231632e-26   9.0412397e-04   2.4303636e-15   1.4797872e-38   6.8899746e-04   1.0277226e-04   3.8187201e-13
   6.5655313e-07   2.5628718e-04   2.9969920e-03   5.0350902e-25   8.5401237e-04   4.7464572e-17   1.4954129e-39   1.4630558e-03   1.0322348e-04   6.8052308e-16
   4.6322137e-05   2.9828008e-04   2.9963589e-03   4.3966664e-28   1.1590414e-03   3.9071114e-21   7.4516296e-32   3.0613372e-03   1.5056394e-04   4.3382130e-19
   1.6409182e-05   2.7036113e-04   3.0514153e-03   1.0344412e-34   7.3311801e-04   1.3209247e-22   5.3782978e-21   3.0787455e-03   2.1746352e-04   6.8418971e-16
   1.4748688e-05   2.2858017e-04   3.4240010e-03   6.2674810e-35   3.3601337e-10   9.7256228e-17   1.4900474e-07   1.6367500e-03   1.5166809e-04   1.0828603e-08
   4.1733808e-04   1.6470294e-04   3.7374324e-03   2.1115731e-36   4.7595599e-04   6.9611134e-16   5.0442901e-08   8.9291218e-04   1.1808322e-04   1.0274726e-13
   7.2121820e-04   1.4085044e-04   4.1024145e-03   2.6311260e-30   7.6326869e-07   6.7881152e-21   7.7014753e-19   1.8128357e-03   1.1262763e-04   3.7847138e-15
   9.4953651e-04   3.3263043e-04   3.9040588e-03   3.7480049e-29   7.1703421e-04   1.3509909e-23   1.2906302e-36   1.1523748e-03   7.5149926e-05   1.8344668e-20
   6.8367412e-04   3.6218732e-04   3.5393137e-03   1.7330688e-27   1.2917744e-03   2.4107195e-19   7.1353744e-32   9.9940650e-05   1.3407190e-04   7.8310054e-16
   1.4642428e-04   5.1595087e-04   3.2722461e-03   4.3914132e-20   1.0915570e-03   1.6731035e-16   1.8261721e-35   3.0791287e-05   1.8995589e-04   2.5022336e-13
   7.1995858e-05   3.8322513e-04   3.3020555e-03   1.8058609e-15   6.5717680e-04   1.1430965e-12   5.0567486e-31   9.6567409e-09   2.6280737e-04   1.1447273e-12
   3.5872598e-08   4.1340206e-04   3.9215523e-03   2.6587839e-21   9.2476029e-04   2.2985931e-13   9.2533431e-25   2.3345757e-05   2.4353362e-04   3.7624421e-09
   4.3787820e-07   5.6161867e-04   4.8399083e-03   1.1785382e-33   1.8747139e-07   1.9392649e-16   3.4579609e-09   1.1171778e-03   2.1598440e-04   1.4082954e-15
   1.4027610e-10   4.6674650e-04   5.2730287e-03   2.4043012e-29   3.1999110e-04   7.3137925e-24   3.0842140e-07   2.0996132e-03   1.9740221e-04   1.3496873e-18
   2.0007454e-06   1.7961834e-04   5.2499038e-03   6.8415325e-20   1.2683424e-03   1.4835169e-23   1.0493257e-11   2.7550390e-03   1.7503115e-04   2.6305852e-24
   1.8809287e-06   2.7202040e-05   4.8479144e-03   2.7595139e-23   1.2008121e-03   5.6363742e-20   1.7803064e-24   4.8543176e-03   1.3216201e-04   1.1676641e-19
   1.9459518e-05   3.6607132e-05   5.2227378e-03   1.9933789e-32   1.3576769e-03   3.1611943e-20   2.7836203e-32   4.9665204e-03   2.4589016e-04   4.8388993e-22
   4.1953516e-05   1.6420313e-04   5.4005675e-03   3.5744380e-27   9.6874207e-04   1.6147308e-24   1.4184946e-37   3.3096770e-03   2.0764428e-04   1.8462997e-20
   7.8351740e-04   1.9475192e-04   5.5788748e-03   6.3137747e-16   3.7864495e-09   1.0166283e-25   2.2066278e-40   1.5034976e-03   2.7388679e-04   9.5059590e-18
   6.2316091e-04   1.8357044e-04   6.5115616e-03   1.6262276e-14   6.6461120e-09   8.0301267e-26   1.9252896e-31   5.2749891e-04   3.9308286e-04   8.2239875e-18
   2.1928081e-11   1.2809838e-04   6.7440065e-03   1.2418942e-22   1.4416282e-04   5.4618893e-25   1.2699755e-23   1.9107443e-04   4.5341582e-04   3.6892870e-15
   1.3509805e-09   1.4675341e-04   7.2176731e-03   1.4142657e-10   5.6655201e-10   1.8168543e-27   9.0832996e-07   2.8917674e-05   4.8219976e-04   2.2557506e-21
   1.3021934e-15   2.6541916e-04   6.9139843e-03   6.1542330e-09   7.1259278e-06   1.7132047e-29   1.1178962e-06   1.5178836e-06   6.3038698e-04   2.0776479e-23
   6.5412786e-18   3.1466607e-04   7.7324113e-03   2.6151956e-07   2.8256028e-14   3.5405642e-26   2.9793787e-22   6.7326756e-07   4.5862296e-04   5.0049826e-20
   1.4439904e-14   2.6620813e-04   7.7085320e-03   1.3942094e-16   7.4585652e-18   5.6138787e-17   4.0235813e-35   6.7338227e-05   4.0538772e-04   6.5669500e-16
   7.8552316e-13   9.5933285e-05   8.5601534e-03   2.8922957e-20   6.1343299e-10   8.8770476e-17   7.3955702e-34   2.7025094e-04   5.7728469e-04   5.6541455e-15
   4.2419251e-17   1.3148477e-05   7.5870913e-03   2.1211098e-16   2.1883067e-09   2.2556601e-18   1.2017266e-35   3.0897706e-03   1.0050038e-03   2.7727324e-14
   2.6996517e-13   2.2083036e-06   8.0898557e-03   1.6369969e-14   8.5902730e-15   1.8813166e-23   7.1710101e-32   3.3723379e-03   6.3815442e-04   1.2773362e-17
   1.7279532e-08   6.2382943e-07   8.7126598e-03   2.3372135e-26   4.5251955e-11   1.4034522e-19   1.8032551e-34   1.3656608e-03   3.4322968e-04   1.0900957e-19
   3.2893505e-04   1.6450952e-11   7.8803187e-03   2.5629881e-21   1.1351515e-16   7.2639237e-15   2.8966616e-08   1.7427793e-03   4.2509819e-04   9.2195349e-19
   2.8785380e-04   3.0772540e-07   7.6579441e-03   2.1565013e-14   1.0715026e-16   2.6364017e-18   4.5477660e-05   1.5050459e-03   4.7094707e-04   5.7453104e-15
   1.3145110e-12   4.4083975e-05   6.8762303e-03   1.6597387e-12   1.6588182e-13   6.7239904e-22   6.2825361e-10   4.9203798e-04   4.3321145e-04   3.8531249e-13
   6.8819621e-23   4.2305003e-09   7.8527724e-03   2.6060318e-28   4.1311944e-17   6.2904397e-16   2.8139543e-23   4.5204547e-04   2.4556755e-04   5.7854042e-18
   3.5668574e-19   4.8705986e-12   6.8525317e-03   1.1281470e-14   2.0921694e-18   3.1377574e-08   1.5226537e-24   2.7260483e-04   3.4274284e-04   9.2170852e-11
   1.0424978e-20   6.0960926e-05   6.7673843e-03   3.4261357e-11   4.8830409e-15   1.2463201e-09   5.7342398e-28   3.2033803e-05   3.1401602e-04   1.0976539e-09
   2.0274451e-25   7.2545755e-05   5.5533531e-03   1.6049775e-17   2.8979908e-20   2.9949551e-09   2.2525668e-24   3.1522018e-10   3.2104975e-04   5.5189217e-11
   5.6355304e-22   2.7752611e-05   5.8377626e-03   1.0277515e-09   7.3791959e-25   2.0333547e-10   2.6417940e-14   4.8943916e-08   4.1820384e-04   5.6835015e-10
   1.4030029e-22   2.9744559e-06   6.7087180e-03   1.8609248e-06   2.9667719e-28   6.2809740e-11   2.4255755e-07   1.4074205e-04   4.3557079e-04   1.7016305e-09
   6.3977788e-24   1.7966656e-14   7.5716421e-03   4.8140722e-22   3.7337543e-23   2.5719353e-13   5.1519241e-04   6.6598179e-04   3.0358162e-04   3.3123624e-11
   1.1298128e-29   4.3146660e-14   6.7410366e-03   2.6517695e-27   2.2023904e-30   3.0888513e-10   2.5132901e-04   1.4737504e-03   3.1531017e-04   2.6389600e-11
   3.1772946e-09   1.8603680e-15   6.0694049e-03   1.8747182e-28   9.5348714e-19   7.5177400e-13   9.9929168e-12   1.5061033e-03   3.9220800e-04   3.0596226e-11
   3.0182262e-05   2.6025054e-06   5.5473856e-03   4.2373964e-21   1.4250848e-19   6.0004588e-20   4.0409622e-18   1.3144415e-03   4.7374090e-04   6.4046719e-15
   1.7907087e-18   1.0486567e-05   4.8992409e-03   4.5573213e-22   8.3353011e-19   2.2570158e-20   8.7070500e-19   1.9617115e-03   4.3550283e-04   1.3312474e-20
   2.2610132e-19   7.6501551e-06   4.6878836e-03   4.7012312e-25   2.6785652e-26   2.4445133e-17   9.9946211e-32   1.4749573e-03   5.3775618e-04   1.6713484e-08
   3.8241088e-19   2.3146967e-04   3.9968511e-03   6.0724258e-28   8.2815787e-20   3.2407568e-13   4.4976986e-12   9.0748902e-04   5.9181118e-04   1.1094117e-08
   3.4303915e-22   1.5219095e-04   4.9631493e-03   3.2833187e-28   2.8492336e-24   1.2143823e-19   2.6432753e-10   6.8273051e-04   5.3743109e-04   1.1567596e-09
   7.0945106e-26   1.9569218e-05   5.6678784e-03   2.3101978e-34   3.0883914e-22   1.1140911e-17   8.1022817e-04   7.3688549e-04   3.8063053e-04   2.2716696e-15
   2.4639760e-21   1.1180551e-04   5.0211917e-03   6.3171172e-18   1.6601016e-14   4.6227433e-19   4.3934322e-03   2.1861958e-04   6.5197839e-04   4.0028975e-10
   1.1723649e-16   6.4195386e-05   4.1654073e-03   2.3719947e-05   1.1396396e-20   2.0760575e-12   3.3540210e-04   2.7605768e-08   7.1442229e-04   7.0028609e-07
   6.3627392e-12   1.2979538e-04   3.9249538e-03   9.9910712e-05   7.2490226e-17   9.7374173e-11   3.1956730e-13   8.0055476e-06   6.7885927e-04   1.8413419e-08
   5.8857132e-13   5.2344500e-05   4.5111907e-03   1.5905143e-06   3.5541982e-21   2.8807262e-10   3.2115993e-13   4.2317854e-04   5.2790017e-04   1.1858559e-10
   1.5278206e-06   1.5857726e-04   4.7773850e-03   4.4738236e-28   2.2004423e-20   4.2642080e-13   1.1622798e-23   8.6549877e-04   5.6432249e-04   1.5123144e-09
   3.1907444e-04   3.4282947e-04   3.9895290e-03   5.9612517e-10   1.1530333e-25   4.6247660e-13   6.4685256e-20   5.8749504e-04   5.9359727e-04   5.1135836e-07
   1.1826547e-04   3.4504498e-04   3.9524805e-03   1.4752338e-04   5.8851208e-20   9.3889962e-11   4.4120995e-08   4.2212481e-04   6.1771225e-04   2.6309514e-12
   6.3170203e-08   3.3787931e-04   4.3043984e-03   8.6607662e-05   3.2945192e-23   1.5849958e-11   5.8233900e-05   4.1795880e-04   7.3397141e-04   7.3378178e-12
   2.7554716e-08   2.9696096e-04   4.1266938e-03   1.5452664e-04   7.5848875e-17   2.2219327e-12   4.9495211e-03   4.6902309e-04   7.9515290e-04   1.4860241e-11
   1.0234934e-11   2.2940333e-04   3.9091379e-03   4.1698153e-19   2.4774878e-12   1.3689474e-13   3.6341571e-03   3.9505034e-04   8.0235671e-04   8.4575089e-13
   2.0777828e-11   2.2387385e-04   3.2038977e-03   1.6510223e-04   4.6286889e-15   7.2736914e-11   4.5273583e-05   1.0990247e-04   8.6552259e-04   2.7612079e-13
   2.9595355e-07   2.1530311e-04   3.5213624e-03   1.7147374e-04   1.3336696e-17   1.0370771e-09   2.5774062e-07   1.7170230e-05   6.9115391e-04   1.4949168e-10
   3.4172071e-07   1.2032240e-04   3.7627672e-03   3.2128885e-04   3.3096268e-14   1.0254197e-11   2.3568086e-09   6.7334085e-04   5.7023342e-04   1.3241280e-06
   8.7867930e-05   2.4099356e-04   3.5312885e-03   3.1615771e-04   2.0784794e-16   2.8090625e-09   1.7983987e-22   2.8016692e-06   1.0103462e-03   3.0412354e-10
   1.1656311e-04   1.4472735e-04   3.5791812e-03   2.4280886e-04   7.4636280e-19   3.9536083e-08   2.4365364e-16   4.7172406e-11   1.0901393e-03   4.3537493e-07
   3.4986149e-04   9.0402660e-05   3.6602557e-03   9.5488008e-06   2.5191976e-19   2.1905192e-08   2.4669575e-09   8.0226993e-05   1.1178206e-03   3.3587818e-08
   7.8075119e-04   1.4607197e-10   4.1476948e-03   8.3756426e-06   1.8199310e-15   1.5072536e-08   3.3912099e-05   4.0138335e-04   9.5172080e-04   4.8590264e-10
   3.4245278e-04   1.3537332e-16   4.8677460e-03   1.1734729e-09   1.0765336e-20   2.0936142e-11   2.6562967e-04   8.3425016e-04   7.3679163e-04   1.1389868e-08
   3.0462406e-05   7.6870695e-15   4.8303315e-03   5.0354435e-06   5.9978031e-16   2.6125990e-09   1.0832212e-06   6.6279080e-04   1.0109500e-03   1.9439893e-07
   7.4114865e-05   3.8087571e-12   3.8210104e-03   2.6960595e-04   9.8677520e-14   2.2524971e-06   3.3865169e-26   4.1109368e-04   1.1670846e-03   1.4899091e-05
   4.5671492e-09   3.3644550e-05   3.8150146e-03   1.3919541e-17   6.4276995e-14   2.2440847e-09   3.7934373e-12   2.6738864e-04   1.0396269e-03   4.8678788e-08
   3.0000201e-12   3.9250528e-05   3.3330715e-03   3.5699862e-08   6.5546983e-17   7.1765630e-11   1.2720384e-14   3.6536325e-04   9.1340442e-04   2.4341654e-08
   3.1286170e-07   6.8872992e-06   2.9426046e-03   1.0191023e-04   6.6278691e-08   3.0939825e-11   1.5220930e-17   6.2105677e-04   9.9304046e-04   7.9344516e-12
   1.2272755e-08   6.9938921e-11   3.4328704e-03   4.7009097e-04   1.2501749e-09   1.3559521e-13   9.2911651e-11   7.0939617e-05   1.1550507e-03   1.1255176e-11
   1.0330139e-05   1.8117973e-05   3.2047964e-03   4.2176236e-04   2.6791827e-10   5.9857003e-09   3.5525200e-07   8.2397931e-05   1.3649301e-03   1.0585245e-08
   1.3457307e-04   6.9072487e-07   3.8694458e-03   1.4496397e-12   3.5698532e-14   8.3127594e-11   2.4536402e-04   5.1742708e-04   1.0807031e-03   2.0474911e-10
   2.4902391e-04   2.6685194e-07   3.5008162e-03   2.0024933e-04   8.6748538e-16   4.8870775e-10   1.7751119e-04   7.3985415e-04   1.3756395e-03   6.9252416e-08
   5.7086250e-04   8.6897644e-05   2.8803255e-03   3.1342994e-04   1.2225873e-16   2.5381206e-09   1.5397606e-07   2.9591344e-04   1.3356029e-03   4.0227175e-07
   4.9107932e-04   2.9803535e-05   3.0411628e-03   6.9569196e-04   3.5361862e-14   1.4818457e-08   1.9311798e-17   8.0700708e-04   1.4023762e-03   7.2014330e-09
   1.7176799e-04   1.7640225e-05   3.6396541e-03   2.6069824e-07   7.9084658e-09   2.3524784e-07   3.0072857e-17   1.1432884e-03   1.2112086e-03   1.6801221e-07
   2.4746454e-04   1.3739904e-05   3.7836572e-03   5.4817895e-14   5.1512337e-19   2.2612225e-06   2.2433791e-24   1.3214835e-03   1.3415216e-03   1.6260741e-04
   1.9853099e-05   1.0102625e-04   4.1122523e-03   1.8616401e-16   2.1910798e-12   5.8654281e-07   1.7642844e-29   4.6355124e-04   1.6677862e-03   6.6057104e-04
   3.6661559e-06   1.1331689e-04   3.9633508e-03   5.1329467e-17   1.4268412e-15   2.0718830e-07   8.9082102e-18   1.8903026e-04   1.6888406e-03   8.1906626e-04
   4.2619422e-10   1.6713743e-04   3.5458952e-03   1.8102554e-18   8.3830798e-18   5.7718013e-05   2.8733386e-06   2.2813449e-04   1.5553577e-03   1.3603918e-04
   1.8897803e-09   2.7005761e-04   3.4664106e-03   8.7124404e-18   3.5606468e-12   1.6705840e-06   7.6275149e-04   3.9422955e-05   1.8301952e-03   3.2395493e-06
   9.1488306e-05   1.8225556e-04   3.0826285e-03   4.7653772e-14   7.5382881e-09   1.4089554e-06   8.1887998e-06   4.9095707e-07   1.8614148e-03   1.0291382e-05
   5.3377009e-04   2.5347378e-04   2.7176928e-03   8.1498623e-07   4.0910033e-11   4.6060944e-06   1.1325361e-14   8.9395796e-10   1.4797124e-03   6.2442046e-06
   9.9895824e-04   3.5189310e-04   2.3194815e-03   6.6729067e-04   8.8079786e-06   4.5138832e-06   5.7547533e-18   2.2372204e-09   1.5550864e-03   1.1531396e-11
   1.7289085e-03   4.5076897e-04   2.2765224e-03   3.1139231e-04   6.8719394e-09   1.8319318e-06   4.3553976e-27   4.5612145e-10   2.0067505e-03   1.9776419e-10
   1.5253434e-03   3.3843169e-04   1.9533352e-03   4.9437427e-04   1.1207686e-09   4.5731045e-08   9.8809145e-33   1.9141761e-07   2.0395426e-03   4.9571154e-07
   4.5276778e-04   3.5053369e-04   1.7938003e-03   8.6393685e-04   5.1498910e-04   3.8258138e-06   1.2432633e-16   2.7159653e-12   2.1941669e-03   4.7897098e-08
   4.5460340e-04   5.1773628e-04   2.1393141e-03   8.6707718e-04   5.7413837e-04   4.6723572e-07   1.8581818e-12   3.8924915e-08   1.8653994e-03   3.7655487e-11
   5.5771248e-04   7.3905333e-04   2.2778359e-03   1.5605263e-04   2.8335665e-04   3.0777011e-06   2.0348976e-05   3.5874416e-18   1.4744028e-03   9.8318687e-06
   2.4771221e-04   5.7053022e-04   2.4861148e-03   1.5037464e-04   1.1603907e-05   1.9319027e-05   6.8362749e-07   4.4404326e-12   1.6200394e-03   2.9831331e-09
   3.4541735e-04   3.4269989e-04   2.4763599e-03   2.6270187e-05   4.2276273e-04   6.1171508e-08   4.2717864e-20   2.7229388e-08   2.0419155e-03   7.9758581e-04
   4.9235024e-04   4.7301812e-04   2.4259345e-03   7.8906612e-11   4.2406273e-05   3.0820325e-07   1.1483191e-30   4.3755117e-10   1.9648492e-03   7.7779162e-04
   6.3716297e-04   9.8696610e-04   1.6867435e-03   2.7819551e-14   6.0930437e-04   5.8926971e-08   9.4325846e-36   7.8145729e-17   1.6782180e-03   4.7459264e-05
   4.4755221e-04   5.9371207e-04   1.4544615e-03   4.1008685e-06   8.8706057e-04   6.9726631e-06   2.4226345e-39   2.8852733e-20   1.8564696e-03   3.1059223e-05
   4.7077109e-04   5.1153386e-04   1.4344862e-03   3.6977396e-07   8.6227088e-04   3.5312578e-05   5.6672526e-32   7.6576773e-13   2.3348650e-03   1.2142007e-04
   1.0136961e-03   5.1398803e-04   1.4948784e-03   3.3274698e-08   7.5316651e-04   9.6259544e-05   3.7941193e-19   1.1300074e-12   2.3072040e-03   4.0328980e-07
   1.0799481e-03   4.9498267e-04   1.4756248e-03   1.8345813e-14   5.0034217e-04   3.9622024e-07   2.4398633e-08   3.6155031e-09   2.1954043e-03   1.4133086e-13
   6.1515817e-04   4.8298327e-04   1.6494176e-03   1.1460811e-23   1.3800682e-04   1.0394555e-07   2.0585500e-06   1.1133528e-06   2.2559601e-03   2.0959428e-09
   4.2610221e-04   4.5207003e-04   1.8672904e-03   3.4137252e-17   2.9784915e-04   8.7447390e-07   1.5951573e-29   5.8387660e-06   2.1764601e-03   8.1362742e-12
   2.2360182e-04   4.4878329e-04   1.8991617e-03   7.1359947e-16   6.3151512e-06   3.8728703e-06   1.4774844e-37   1.3268051e-05   2.0942528e-03   1.4260853e-09
   1.6607106e-04   3.0187731e-04   1.8805688e-03   7.0827613e-13   1.2901781e-05   6.6758817e-05   4.8052919e-43   9.8186659e-05   2.1430581e-03   2.8158143e-06
   7.9217244e-05   2.1152649e-04   2.3129047e-03   3.2209607e-21   5.3643087e-05   2.8202687e-07   2.2465485e-44   3.2298653e-04   2.0979001e-03   2.8837619e-07
   7.6104932e-06   1.2172063e-04   2.5387243e-03   5.0426141e-26   3.8094921e-05   3.7038771e-05   6.4277292e-48   1.8125629e-06   2.3258253e-03   4.8162389e-06
   6.6145156e-09   4.9126481e-05   2.5407006e-03   3.1937398e-22   1.2011180e-08   6.4890190e-05   2.0820896e-29   1.7716276e-05   3.1973046e-03   1.0914141e-09
   6.3800176e-06   3.3078322e-10   2.3455796e-03   1.6045165e-24   1.4303324e-11   2.7126812e-08   2.3251135e-22   3.5657961e-05   3.4075809e-03   5.6537147e-06
   8.7202921e-07   1.9302865e-05   2.1673845e-03   1.1510894e-31   1.3546305e-09   4.1554772e-08   1.7543805e-15   6.0685778e-05   3.0370808e-03   2.9732449e-10
   1.3445725e-06   7.2876453e-05   2.0947117e-03   4.4395931e-27   4.8422941e-05   1.5221284e-11   3.1969035e-29   4.9580731e-10   3.4537925e-03   1.3314381e-11
   2.2272689e-07   1.5829090e-05   2.1284414e-03   2.7544992e-23   1.0266841e-04   1.3838344e-09   5.1840184e-47   5.9777188e-14   3.9888054e-03   1.9133675e-08
   1.1563349e-07   4.5845098e-11   1.9472576e-03   1.4682728e-21   1.1681202e-09   1.1203750e-12   3.0000864e-50   2.4609549e-16   4.3555248e-03   4.9568332e-11
   1.0695639e-11   1.5637124e-17   1.7427784e-03   1.4325423e-21   4.6270121e-06   1.4465528e-13   1.9121585e-44   3.5643668e-11   5.0437991e-03   3.2321666e-14
   7.6842938e-13   5.4530296e-12   1.3424118e-03   2.2881953e-22   1.8828114e-05   2.1676791e-10   2.9475487e-51   5.2446673e-14   5.7153123e-03   1.4823613e-14
   3.5224848e-18   1.2423180e-11   1.6577506e-03   2.1755662e-22   4.0806745e-10   2.3478407e-10   2.2407822e-40   1.1039825e-09   4.4764172e-03   1.7211072e-14
   3.9378524e-20   9.0917751e-15   1.6038174e-03   3.1444866e-24   1.2362510e-06   5.2357708e-08   1.4974679e-24   1.5133079e-17   3.3852030e-03   2.1756372e-15
   2.3610144e-23   7.0193207e-19   1.6886690e-03   1.0806195e-29   3.2958092e-07   4.5320669e-12   9.0667834e-14   3.7626909e-06   3.3242341e-03   2.3772287e-21
   1.0483707e-16   4.0333440e-17   1.3753532e-03   5.9504602e-36   5.6498497e-05   2.1290486e-16   4.9602432e-08   2.2268376e-04   3.9959222e-03   3.7497302e-19
   5.8629086e-14   1.9337194e-16   1.5236311e-03   3.7957485e-34   1.8914743e-04   4.6486654e-09   5.3906182e-08   3.2538129e-11   3.1791843e-03   1.2914091e-12
   4.1580009e-19   2.8568515e-14   1.5957752e-03   3.8810507e-30   2.1499040e-08   5.9222433e-09   3.9999326e-12   2.4937511e-14   3.2807807e-03   8.3429586e-12
   7.2929097e-22   3.0500702e-14   1.4342677e-03   2.1127655e-30   3.5862819e-10   6.7922579e-09   3.1661086e-25   4.6850489e-09   3.7671620e-03   1.4185782e-09
   9.1656371e-11   2.0040541e-14   1.1533197e-03   3.3656012e-26   3.8835318e-05   2.4422605e-12   5.1206516e-18   1.2617721e-06   4.4079984e-03   7.8058735e-10
   1.3069774e-20   4.6323378e-15   1.0926656e-03   3.5878756e-28   2.2921848e-04   1.9633372e-14   4.6035215e-28   5.5911626e-11   4.0134139e-03   1.7917428e-15
   5.3515688e-21   1.9094367e-20   1.1310574e-03   3.8415741e-24   3.5920500e-10   1.2047087e-14   1.3336106e-29   1.0168352e-17   4.8327510e-03   1.6491723e-09
   3.3053638e-20   9.8356711e-17   1.0375255e-03   9.9432643e-29   6.6929704e-08   4.7327226e-16   5.8039942e-38   1.0195767e-16   4.8495659e-03   1.2600704e-10
   1.5949539e-19   2.8807988e-10   8.0692958e-04   4.4393909e-31   2.6058207e-04   7.0262296e-13   9.2315604e-09   2.0918834e-11   4.3658996e-03   7.9861306e-10
   1.7414425e-19   6.5521532e-11   7.5898376e-04   4.2510752e-25   2.2507424e-04   7.0713610e-18   3.0222049e-07   6.0208406e-13   4.1837150e-03   6.6695868e-09
   1.0951495e-19   4.4437396e-09   6.6045715e-04   7.4645525e-20   2.5308987e-04   1.9744480e-13   5.0901797e-33   2.0951307e-14   4.0405132e-03   6.3150668e-08
   3.5652579e-23   1.9345338e-08   7.8810898e-04   1.6104835e-18   8.2805052e-08   1.0593030e-14   2.7680059e-17   8.0580376e-15   4.0608060e-03   2.8129297e-10
   6.3654074e-16   2.9828958e-11   6.8961286e-04   1.4703179e-27   1.8745101e-04   1.4901137e-17   6.0141432e-31   4.4080592e-10   4.5292298e-03   5.4497126e-09
   1.3791203e-18   5.3003380e-17   7.3707314e-04   5.4207031e-34   3.2271521e-04   2.7273132e-15   1.9594153e-27   2.0978440e-09   4.7599366e-03   1.6922040e-08
   1.1921241e-23   7.0991307e-13   8.5691741e-04   1.4371678e-30   3.7927802e-04   5.3451269e-16   2.1527459e-31   4.4368050e-06   3.7843166e-03   2.3900884e-08
   9.9047295e-29   2.4565003e-17   1.1293813e-03   3.7005858e-28   3.1191058e-06   5.0632539e-12   5.0552349e-17   3.4030595e-06   3.1442144e-03   4.5210815e-11
   9.7709899e-26   5.9980552e-14   9.8218037e-04   2.8216090e-30   6.6334044e-08   3.4302936e-09   4.6056674e-17   6.6576160e-07   3.0949914e-03   2.4897076e-09
   8.3081237e-25   6.8218073e-12   8.9127707e-04   3.1037307e-31   2.5598654e-06   5.2429323e-11   2.6218897e-05   1.2904475e-10   3.4841304e-03   5.6915238e-09
   1.0319449e-23   1.8143077e-08   8.3490528e-04   3.4728662e-21   9.9914660e-06   3.9092717e-17   2.1388138e-08   1.2825299e-08   4.3435342e-03   1.2788532e-05
   1.6659979e-23   4.9342881e-11   9.2277489e-04   1.0048574e-14   1.7190162e-04   1.4101227e-20   1.9223826e-13   3.6303490e-09   4.8150631e-03   5.7892393e-05
   2.5073272e-24   1.2921585e-09   8.7357130e-04   2.2065679e-14   2.4785739e-04   5.1547708e-19   8.2815475e-31   1.1153568e-17   4.6152458e-03   7.4807810e-08
   5.1028467e-19   7.4779339e-08   7.3226993e-04   6.9493337e-08   9.4293463e-05   2.4322845e-17   4.3796901e-35   1.1231729e-14   4.5091807e-03   1.0220940e-06
   3.6238632e-21   1.5341133e-05   6.7172577e-04   2.6774155e-28   6.6680531e-07   8.0521437e-17   1.2001866e-28   5.7175505e-12   4.8153721e-03   6.0101843e-05
   5.8092079e-26   1.7994448e-05   6.1027141e-04   4.3020109e-24   3.9498599e-14   1.8400954e-18   1.6990651e-14   4.0042553e-17   5.4625602e-03   1.4160647e-13
   1.8414654e-18   1.1000331e-05   6.3956130e-04   2.2527429e-14   1.1994931e-04   1.4799459e-19   7.1828695e-20   8.1453427e-11   4.9588178e-03   9.1984215e-17
   1.0726222e-15   3.1814972e-05   6.6030105e-04   4.3562231e-14   2.7269233e-04   7.0724273e-13   2.6791058e-10   2.4434694e-10   4.7864463e-03   8.2649362e-05
   1.0686873e-08   3.1464592e-05   6.8158202e-04   5.8297833e-24   3.1562520e-07   3.5908247e-14   5.1135541e-07   7.1080521e-10   5.1343715e-03   2.5056327e-05
   8.2466349e-08   2.5898316e-05   4.9000730e-04   8.9786595e-19   7.1836656e-11   1.1424112e-17   7.9886245e-21   1.8401605e-06   5.1141447e-03   7.1282259e-13
   2.8858471e-08   3.7970276e-05   4.0528642e-04   2.5127765e-06   2.1075926e-12   6.8941361e-18   3.9380427e-08   1.1191059e-11   5.2989359e-03   2.9727046e-12
   3.5906493e-07   8.3458587e-05   3.9371666e-04   1.6333163e-19   3.2231019e-06   1.0103621e-16   1.1928515e-08   1.4816137e-24   5.6521587e-03   2.6963587e-09
   4.3200841e-08   6.2090411e-05   3.0940529e-04   2.3492988e-33   8.2687031e-05   2.0362353e-20   1.5328261e-14   1.4476309e-18   6.3276348e-03   3.0022137e-11
   4.8739405e-08   4.5424399e-05   2.7630931e-04   7.6010318e-24   1.9398619e-04   4.2021619e-13   1.7298206e-11   7.9173685e-17   5.7741587e-03   4.5451145e-13
   4.5540797e-06   5.9142033e-05   3.6539738e-04   4.2496080e-05   3.3714463e-06   4.1296971e-10   6.8669864e-20   5.2197160e-27   4.8417547e-03   3.1327782e-07
   6.4800268e-06   1.1790158e-04   2.8014826e-04   1.7117973e-05   5.9598031e-07   2.6641502e-17   2.4309919e-32   1.2985108e-24   4.9731915e-03   1.0722935e-09
   1.4238762e-05   1.4386650e-04   2.5335618e-04   4.6116707e-27   1.6815730e-15   3.2885071e-17   1.9759709e-15   1.1597307e-31   6.0139905e-03   9.6007898e-14
   8.3923713e-05   1.7482624e-04   2.4631237e-04   5.4115127e-23   8.1866438e-10   1.2975840e-20   6.7764102e-16   5.9586623e-30   5.2989489e-03   2.0153801e-19
   7.2128696e-05   1.2977784e-04   1.8328793e-04   4.8961494e-24   2.7040458e-04   1.0407987e-17   7.0896986e-12   7.5525282e-27   5.3098018e-03   2.4880363e-12
   1.7950344e-04   1.0976985e-04   1.7473747e-04   2.1884944e-39   1.6401355e-04   8.0219543e-15   1.8335063e-07   1.2724313e-39   5.7245940e-03   5.1644074e-14
   2.1210716e-04   9.4310764e-05   1.8259922e-04   3.4150922e-37   5.7746257e-22   3.0591746e-08   7.9819684e-06   1.9422100e-37   5.5131913e-03   6.4359355e-12
   1.5840878e-04   4.3935760e-05   1.3678611e-04   1.2911665e-22   1.3764698e-12   7.5397424e-09   2.7151905e-16   2.6217698e-42   5.6957407e-03   1.1601788e-12
   2.9281037e-04   4.1970240e-05   1.2450468e-04   2.5140421e-21   3.0240485e-13   1.2612439e-13   2.2798408e-13   3.0831215e-37   5.2834770e-03   3.6718029e-05
   1.3708162e-04   6.0940886e-05   1.8747660e-04   1.0584400e-25   7.7533488e-11   3.9153844e-11   2.9701753e-16   7.2365694e-43   5.3291779e-03   1.0598140e-05
   7.1894759e-05   5.7880942e-05   1.3688775e-04   2.2884458e-32   2.7594270e-09   2.0962131e-19   1.1784758e-18   1.2501630e-47   5.5050651e-03   5.3901947e-14
   1.4608360e-05   1.5533559e-04   1.2879215e-04   5.5663964e-30   2.3691348e-08   8.8912286e-10   1.3398962e-41   1.6934937e-47   5.1610956e-03   2.3127646e-15
   3.6298758e-05   2.2029503e-04   1.0871379e-04   4.2765930e-13   1.1344464e-13   3.2753607e-11   3.3883291e-39   3.3799085e-38   4.7268550e-03   1.0084874e-13
   6.3420657e-05   1.0271949e-04   9.1667686e-05   1.0492898e-15   3.0534750e-13   1.4442320e-13   1.3070942e-31   3.8955673e-32   5.2411958e-03   8.2980800e-10
   8.8274777e-05   4.2783171e-05   5.7067511e-05   3.7206332e-35   1.0993512e-19   3.2897374e-18   9.2218443e-24   2.6729060e-28   6.1243018e-03   8.7833525e-06
   1.4065765e-04   6.6824358e-07   8.1750083e-05   4.1261890e-31   8.0823119e-15   1.6793821e-16   1.9568768e-21   1.8598905e-33   5.6736529e-03   5.6211507e-05
   1.5419480e-04   4.3791957e-05   6.2146223e-05   3.9031778e-32   1.0719053e-17   2.5678922e-21   5.9969703e-17   2.9774813e-24   5.9385529e-03   2.1756528e-12
   1.1698135e-04   5.5918790e-05   6.8148821e-05   4.8177359e-35   1.0532033e-18   2.5898430e-25   7.7374151e-19   4.7822892e-32   6.1894141e-03   2.6464983e-12
   7.6135721e-05   6.9596155e-05   8.2701517e-05   7.2220284e-38   7.0202975e-15   1.3219542e-17   2.0626005e-21   5.3871582e-40   5.4040644e-03   1.6978491e-13
   1.0855510e-04   6.4009638e-05   6.8942337e-05   1.8814944e-29   6.9040544e-25   4.1021463e-20   4.0801207e-22   8.2644339e-20   6.5231048e-03   4.2609829e-25
   1.0472280e-05   1.4163820e-04   1.7042093e-05   2.9646599e-24   4.8079306e-16   5.7672146e-26   1.9279453e-57   1.6539681e-13   6.5962431e-03   1.4323625e-18
   4.6934383e-05   1.0338502e-04   9.2727199e-05   8.5633630e-31   7.1300790e-08   4.3251959e-23   1.4803654e-44   1.5381243e-25   5.2901089e-03   3.9208233e-12
   4.7972498e-05   1.2133448e-04   1.0446879e-04   1.1579807e-23   2.6034766e-14   2.0521369e-12   1.0643381e-41   7.7231684e-36   4.8685353e-03   1.0933686e-09
   1.3074421e-05   1.6317179e-04   1.1486562e-04   2.1249683e-22   4.9936486e-13   5.5030887e-13   9.4000582e-32   1.8974634e-29   4.8166307e-03   3.8703942e-12
   7.6789060e-05   1.1820315e-04   9.9119899e-05   2.4342752e-21   3.1586919e-11   2.1876616e-11   6.1468958e-43   1.0950453e-26   4.4513290e-03   7.7493760e-11
   1.0340298e-04   1.1401149e-04   5.5683369e-05   1.1862176e-27   5.0159910e-16   1.6421425e-11   2.3513345e-37   3.0818887e-22   5.0826857e-03   1.9289314e-05
   9.0873050e-05   1.8319277e-04   7.5337168e-05   1.4432115e-25   9.7920747e-12   1.3492302e-14   5.0306743e-38   5.4631749e-21   4.9894334e-03   3.0903072e-10
   2.8176250e-04   1.3430479e-04   1.3233497e-04   9.6216465e-31   3.6892871e-10   7.4546011e-17   1.6018400e-40   1.7632230e-08   4.5524235e-03   2.8177919e-15
   3.0728141e-04   1.2452467e-04   8.7640544e-05   1.7748172e-32   2.4175237e-20   1.0136517e-15   2.1659749e-27   6.6370312e-13   4.7838728e-03   3.1513514e-16
   2.0812370e-04   1.3544793e-04   8.7153984e-05   9.7678716e-41   7.9509938e-16   2.3893098e-17   3.4077114e-34   1.3662489e-16   5.3538030e-03   2.1999479e-16
   3.0382501e-04   1.2275777e-04   1.0686590e-04   2.3395517e-24   4.2760729e-21   8.4912129e-21   1.4908203e-45   1.6871353e-07   5.4799795e-03   5.6063024e-19
   8.9427516e-05   1.1789644e-04   8.0871164e-05   6.9963934e-17   8.0063830e-17   4.4215388e-22   7.5841763e-42   3.0965185e-14   5.8395189e-03   9.0181748e-13
   1.7563506e-04   1.7601842e-04   1.3843701e-04   1.9256072e-27   7.0444994e-12   3.5693144e-21   2.5972538e-42   4.5648123e-14   5.1971979e-03   5.6247752e-16
   1.2804116e-05   1.6519834e-04   1.5025887e-04   9.8931336e-17   1.8229521e-04   1.2297139e-18   3.5031380e-44   3.5112131e-07   4.6791825e-03   1.0842822e-19
   2.4415939e-04   3.1809286e-04   2.8803360e-05   2.3517150e-12   1.4522775e-19   5.6621977e-15   1.9647524e-35   2.1677024e-04   4.4456633e-03   4.5732557e-18
   2.5439750e-04   3.4563301e-04   8.6744236e-05   2.3176583e-15   1.5949719e-18   8.2171821e-12   1.5534826e-32   1.5959393e-04   4.3194309e-03   8.4028470e-11
   2.3811396e-04   2.6588547e-04   2.4884350e-04   1.2911567e-19   1.0708545e-19   1.7703665e-14   1.0297386e-16   4.3061148e-07   4.4293690e-03   6.3041556e-11
   2.0799403e-04   1.4520572e-04   3.1576827e-04   1.8183616e-15   2.6889233e-10   8.3804840e-18   1.1960186e-25   1.0547013e-07   5.5361342e-03   2.4442444e-13
   3.1920786e-04   1.1752852e-04   3.3035891e-04   1.5066300e-16   1.6704798e-05   1.0597830e-12   1.3449596e-52   1.0622774e-09   4.9091807e-03   2.3340989e-08
   4.5221557e-04   2.0022521e-04   3.2139927e-04   5.3974155e-19   8.3784577e-11   5.5500415e-10   8.1606580e-45   1.0505435e-05   3.9944482e-03   3.7464905e-14
   4.2389035e-04   1.8585355e-04   2.8828711e-04   1.1733819e-15   1.0143875e-15   1.4710642e-11   7.7495802e-33   8.1565656e-05   3.7946294e-03   4.8823825e-15
   3.9130319e-04   2.0350223e-04   3.7234695e-04   4.0692586e-21   5.4217302e-19   1.4224962e-10   9.3690574e-47   7.5313800e-05   3.8989363e-03   3.6265911e-12
   1.4786283e-04   3.3673398e-04   4.3785980e-04   9.4883882e-13   6.6804998e-09   1.2811106e-11   4.4986563e-37   3.9533851e-05   4.1051487e-03   2.8590998e-14
   1.4924683e-04   3.9560061e-04   2.9628968e-04   4.2566216e-10   1.6917501e-06   6.0352965e-16   7.8296024e-23   3.4543163e-04   5.1192796e-03   2.6248133e-26
   1.1461290e-04   2.7389295e-04   3.0481441e-04   8.2090230e-12   4.9288645e-06   7.8115099e-20   1.4521919e-19   4.4708835e-04   5.0464920e-03   1.4380381e-23
   3.5505688e-04   3.6409695e-04   4.3975770e-04   6.6814141e-11   2.2277930e-08   1.9675199e-12   1.5247287e-14   4.8514222e-04   3.4110627e-03   7.2190811e-17
   4.4553505e-04   3.7478368e-04   4.7176439e-04   4.6146490e-09   2.1847163e-04   1.5324720e-08   8.2658585e-31   2.1437213e-04   2.8807315e-03   1.1533629e-22
   5.7560218e-04   2.5010483e-04   3.0558531e-04   1.1141282e-09   8.6791925e-12   1.0274104e-11   4.2393830e-41   3.4953006e-07   4.0797928e-03   3.9094164e-26
   4.9306412e-04   1.5095881e-04   3.7255143e-04   3.4349364e-14   2.1213996e-08   2.1158962e-13   6.9456830e-42   2.2574851e-04   4.3142798e-03   2.3247241e-16
   9.2962453e-04   1.2104913e-04   3.3402912e-04   3.3874307e-12   2.0647379e-04   2.0770213e-12   1.0430279e-39   4.4155765e-04   4.1377590e-03   3.5543184e-15
   8.1010839e-04   1.7033151e-04   2.9092797e-04   5.3078941e-10   3.4885635e-04   5.0579620e-12   1.9009872e-43   4.4827614e-04   3.9802033e-03   2.7162424e-19
   3.3312216e-04   2.9543867e-04   4.1436421e-04   5.1151381e-17   7.7183028e-08   1.4353463e-11   1.7217621e-30   1.2049047e-04   3.8368815e-03   6.6585532e-22
   2.1469342e-04   2.9881879e-04   3.2290023e-04   2.4804904e-24   1.2416534e-11   1.2659615e-08   5.3173043e-21   2.9143913e-04   3.9822414e-03   1.5683015e-21
   1.0537531e-04   1.8197242e-04   3.2800497e-04   1.5036938e-24   1.3271755e-09   3.2838039e-10   2.5215135e-26   4.1077266e-04   4.4906735e-03   2.6388557e-20
   1.4051470e-04   6.9641197e-05   3.9085250e-04   1.9647809e-29   3.5027663e-04   1.1115773e-14   2.2744755e-30   2.1543236e-04   4.1968485e-03   1.8876150e-21
   1.1005862e-04   7.5587978e-05   3.1925311e-04   2.7072648e-20   6.2043660e-04   5.4937640e-13   3.3060770e-38   2.5555067e-04   4.0799284e-03   1.2722694e-19
   1.5540238e-04   1.4937387e-04   1.9196241e-04   3.3079752e-20   4.9800360e-04   2.0915666e-12   2.8357911e-33   1.3419663e-04   4.4742957e-03   4.8218866e-23
   1.0923842e-04   2.2470884e-04   2.6601381e-04   1.7304589e-24   7.5164101e-09   2.2989781e-09   6.3301348e-34   5.5043694e-12   4.3617624e-03   2.7227468e-24
   1.6736173e-04   2.1485281e-04   2.7491826e-04   1.1818524e-19   3.2632541e-06   4.6482495e-07   7.6394736e-41   6.9299436e-12   3.7323851e-03   5.5933262e-21
   1.7848067e-04   2.7590269e-04   2.8130923e-04   4.5369833e-26   4.6883137e-05   5.3609211e-08   1.1643608e-36   3.0652202e-09   3.3039623e-03   4.1470915e-17
   2.9757402e-04   2.5664439e-04   2.7545571e-04   6.5473414e-26   4.1983283e-04   6.1840982e-09   9.3017537e-36   7.5974172e-10   3.3477386e-03   1.3658008e-17
   2.4837452e-04   2.0633285e-04   2.7150156e-04   1.2254016e-29   4.0037540e-04   2.1186022e-08   2.4871605e-28   5.2061090e-07   3.9468126e-03   1.1501292e-21
   1.6945976e-04   1.2562889e-04   1.7388256e-04   6.4854947e-36   1.0686445e-04   1.2518020e-08   8.6703416e-23   5.5258542e-17   5.3088371e-03   1.5674694e-22
   1.4030926e-04   6.8832476e-05   1.6177583e-04   2.9502414e-29   2.4612074e-04   1.4125614e-05   1.9112760e-42   9.0896051e-21   5.1963447e-03   5.5506139e-14
   1.1441607e-04   1.8628232e-04   1.6564059e-04   4.6880429e-21   1.0120263e-04   4.6901008e-07   9.5737820e-42   2.2978734e-07   4.7497120e-03   6.0664505e-18
   1.4066559e-04   1.4167266e-04   1.3035850e-04   1.1190829e-28   1.5752045e-04   1.2841712e-11   8.8353446e-33   1.5378626e-04   5.3156710e-03   5.4795086e-21
   1.2091174e-04   9.4726600e-05   2.0075037e-04   2.6638831e-26   1.3396419e-04   1.5556790e-12   1.8072982e-40   1.5998066e-04   4.5645737e-03   3.1444501e-22
   1.5368633e-04   1.6579424e-04   2.0000549e-04   3.4979370e-25   2.8179740e-04   2.6178844e-05   8.1734005e-42   8.3226196e-05   4.2805187e-03   7.5473051e-18
   1.5432871e-04   1.9231079e-04   1.4659713e-04   7.7691522e-19   2.6098489e-04   1.4457694e-05   1.2133037e-37   3.3649749e-04   4.0221306e-03   2.2311402e-18
   1.0304005e-04   2.2196765e-04   1.8134314e-04   2.4704697e-26   7.8359908e-08   5.1405908e-11   1.3737770e-23   2.1870042e-04   3.7179948e-03   8.1656874e-18
   3.7762064e-05   2.6631518e-04   2.1479408e-04   8.5329246e-16   1.9805688e-04   1.2080453e-11   2.5542735e-24   7.1368863e-05   3.9505404e-03   8.0821913e-16
   1.5341006e-04   2.4739370e-04   2.1097208e-04   1.0195725e-08   3.0261547e-04   3.8092534e-11   7.6089703e-23   2.4041125e-06   3.5096569e-03   1.3959193e-14
   2.7409093e-04   2.6444239e-04   1.9858669e-04   4.5558983e-19   3.3604877e-04   8.0825186e-05   5.5839196e-34   2.1583729e-06   3.5907917e-03   8.6366224e-17
   1.0091953e-04   2.0732501e-04   1.6313318e-04   5.8256111e-15   3.1562843e-08   1.5397775e-07   4.1094517e-36   2.1321463e-05   4.3088995e-03   1.2732312e-17
   1.8507992e-04   2.6688620e-04   1.3834883e-04   4.4798429e-17   1.7248026e-08   5.3878240e-14   2.5367262e-40   1.8100363e-04   4.1744057e-03   5.1427153e-16
   2.0297189e-04   2.1841002e-04   1.3067427e-04   2.2846599e-29   2.5314197e-07   2.3099982e-17   2.9377575e-40   1.4929558e-04   4.7409107e-03   7.9524009e-21
   1.0168235e-04   3.0178144e-04   6.7787479e-05   2.7054920e-27   1.7357982e-04   1.0695041e-13   2.7382933e-28   1.4204053e-04   4.5022715e-03   1.0436958e-20
   1.3801145e-04   1.7686939e-04   1.5557185e-04   2.0947424e-30   3.8082975e-04   3.3227499e-09   3.0117504e-20   8.0625089e-06   4.3998227e-03   8.5962621e-16
   9.7085700e-05   2.6637846e-04   1.8386389e-04   1.8946672e-28   1.7865436e-04   6.1238900e-12   2.8657296e-31   1.4223278e-06   3.7663802e-03   4.3530124e-14
   1.6030958e-04   1.6241960e-04   1.9407127e-04   1.1418744e-22   4.2739425e-06   8.0970828e-16   2.2002785e-33   7.3822166e-05   4.0539601e-03   1.1172033e-19
   4.6752527e-05   2.1743051e-04   2.0456419e-04   1.9416938e-16   1.3260677e-04   6.3070746e-11   3.2317933e-27   1.7390299e-09   3.5447483e-03   5.1001299e-19
   1.4746694e-04   2.4633081e-04   1.7213951e-04   7.3670529e-17   3.6382847e-05   3.8394939e-11   3.7292656e-45   6.8747333e-06   3.6299467e-03   8.6576136e-17
   2.7970714e-04   3.1842741e-04   8.5053890e-05   5.5691202e-11   3.3477009e-09   1.6570235e-16   1.5336902e-30   1.7016932e-04   4.3681358e-03   3.7690052e-17
   3.4039153e-04   2.6419797e-04   1.2763135e-04   2.0985784e-12   2.3021260e-04   1.7060663e-15   1.8951605e-33   1.8771650e-04   4.1395562e-03   3.1145449e-16
   2.0192445e-04   2.4177066e-04   1.3769006e-04   2.5500310e-17   1.0943789e-04   4.3930709e-13   3.7918550e-37   2.5815469e-04   3.8341420e-03   3.3780992e-17
   3.9533999e-05   2.3903340e-04   7.5848114e-05   5.4225757e-18   2.0735184e-04   3.7693087e-12   1.5764972e-32   2.5331871e-04   3.7943753e-03   3.5039755e-18
   5.7181040e-05   2.7032346e-04   1.5280612e-04   5.6282035e-27   1.5079397e-04   1.8178312e-11   7.6537360e-23   1.4791323e-04   3.8295523e-03   9.5622282e-22
   7.3285595e-05   2.2430753e-04   1.9466431e-04   4.6578244e-24   5.6363173e-11   1.1409550e-08   1.0612033e-19   5.3447523e-05   3.8070747e-03   3.4798287e-19
   1.4571808e-04   2.2984214e-04   2.3358693e-04   8.6217994e-19   6.3449539e-11   5.9035615e-06   2.8605344e-08   6.3939171e-08   3.3134406e-03   2.1405289e-11
   2.1233283e-04   1.9868195e-04   1.8428162e-04   2.1184345e-16   6.1185850e-17   2.2863089e-12   5.9906342e-24   6.7976755e-10   4.0622863e-03   2.0116186e-09
   3.5586717e-04   1.1964475e-04   2.2564933e-04   7.5088690e-21   5.1189545e-25   2.7267038e-13   6.6737108e-22   1.0145805e-04   4.6807878e-03   2.2490231e-09
   2.6877643e-04   1.1161871e-04   3.7177960e-04   2.9692218e-13   4.2773090e-14   6.9229840e-07   2.7082388e-26   2.6518631e-04   3.9170303e-03   3.7786662e-13
   2.0491733e-04   1.6407678e-04   3.7034449e-04   4.0589267e-12   2.3713798e-10   3.4827774e-08   2.3067548e-30   1.2483732e-04   3.8226010e-03   6.0055333e-16
   2.9778490e-04   1.8626825e-04   3.2438151e-04   1.6179093e-15   1.6993241e-14   6.6517664e-08   7.1611981e-33   1.0514911e-05   3.4254495e-03   2.9779441e-11
   3.9825028e-04   1.4079860e-04   3.5897692e-04   7.5282642e-14   5.1121311e-09   7.1478870e-10   2.4719461e-13   4.8069007e-08   3.3818350e-03   4.1769321e-13
   2.8526597e-04   2.7666079e-04   2.7146610e-04   6.0537576e-16   5.4700783e-05   5.8127223e-09   8.6483108e-14   1.0360744e-04   3.3338841e-03   3.7457060e-16
   1.7804252e-04   4.5482222e-04   3.3490492e-04   1.3706781e-14   1.6113445e-10   1.2844135e-08   1.0247975e-09   5.3462446e-05   3.3684797e-03   1.6813351e-13
   1.5484001e-04   2.2542529e-04   4.6863008e-04   1.5821847e-23   2.1956923e-10   2.4621969e-17   1.0218977e-09   8.1969242e-06   3.4902240e-03   5.3934531e-17
   1.2371412e-05   3.9826191e-04   4.2123487e-04   2.8009709e-14   4.9891238e-06   1.9982249e-15   1.4332187e-19   3.0678775e-08   3.0724580e-03   2.5988455e-16
   1.0595944e-04   4.5013793e-04   4.1547387e-04   7.9849053e-21   2.8141738e-07   2.5710938e-11   4.1913240e-24   6.4431407e-12   2.8975550e-03   2.1381239e-09
   1.5454825e-04   4.1183694e-04   3.5630121e-04   2.1146226e-17   1.6632226e-04   1.4770381e-11   1.8267366e-20   4.5360011e-06   3.0657460e-03   1.5911538e-18
   1.4094384e-04   3.7112478e-04   3.0061364e-04   5.2448714e-13   9.0199722e-05   4.0714278e-12   1.3585829e-29   3.4873547e-08   3.0323684e-03   1.5920903e-14
   7.2869318e-05   1.7506318e-04   3.2837807e-04   1.8073769e-10   7.2523938e-05   4.7985704e-13   9.3752956e-29   1.1098476e-17   3.0822340e-03   1.8609408e-12
   1.8716005e-05   1.4057997e-04   3.2214950e-04   4.1681790e-12   2.0488259e-09   5.1638559e-15   6.6173638e-21   4.2737258e-19   3.6843969e-03   2.3631080e-19
   5.1428574e-05   2.6041792e-04   2.9224400e-04   2.8719296e-10   3.9089345e-16   6.6953537e-13   5.2679038e-06   3.2464337e-08   3.1890177e-03   3.5624510e-20
   2.9352862e-05   3.7491481e-04   2.5842422e-04   3.4311100e-15   7.2833819e-08   4.8209793e-13   3.3068883e-06   1.4989774e-16   3.0198753e-03   2.2287995e-23
   3.8835440e-07   3.5656546e-04   2.7852357e-04   4.6545856e-15   1.4878834e-04   7.3669327e-17   1.4782999e-25   1.8509299e-14   3.0132744e-03   1.8156381e-23
   8.5662695e-06   3.2312039e-04   2.2686333e-04   4.1605188e-11   2.2678066e-10   1.9029381e-21   4.3574509e-29   1.1815498e-18   3.6005137e-03   1.7372898e-26
   6.6366608e-06   4.2419586e-04   2.2361366e-04   4.7457671e-10   1.7114812e-11   1.8299258e-22   2.2346711e-35   1.5736121e-12   3.3718404e-03   4.5386815e-34
   6.1136831e-06   3.5247110e-04   1.7946160e-04   4.1527738e-15   3.8733038e-11   2.4095558e-19   4.6056525e-23   1.1027718e-14   3.3727252e-03   7.9168188e-27
   1.0557441e-05   2.5545072e-04   1.8508894e-04   7.2493632e-18   9.8308854e-15   3.8581488e-15   4.2646218e-12   1.7487901e-26   3.0656713e-03   5.6276170e-20
   3.9779961e-05   2.4550986e-04   1.8299352e-04   4.3276600e-13   9.5071751e-15   1.8527973e-16   6.7380263e-29   6.9835090e-24   3.2019329e-03   8.5443866e-23
   8.8445370e-05   2.2525609e-04   1.8444452e-04   1.2077395e-13   4.4305422e-17   2.7480593e-14   2.6691365e-06   1.0211476e-17   2.6910002e-03   3.7422838e-20
   4.8883256e-05   3.3016167e-04   1.6528688e-04   1.3611609e-26   6.5342420e-07   1.3086485e-11   2.5340484e-05   6.5071373e-17   2.4756036e-03   3.3351366e-21
   2.6589140e-06   2.8908002e-04   2.0865223e-04   4.3359323e-11   2.4961489e-06   1.7483199e-13   8.6108536e-08   1.1443031e-22   2.3249115e-03   2.3946660e-29
   5.3992273e-06   2.6153691e-04   1.8937056e-04   1.1433917e-05   2.6745838e-04   4.9157064e-12   3.4131710e-24   2.0087419e-26   2.2652039e-03   3.2624534e-26
   9.9514881e-05   2.7953656e-04   1.7791612e-04   1.3508817e-13   1.7449686e-04   2.1435875e-16   2.7014305e-25   9.0053362e-23   2.4695477e-03   3.7246751e-25
   6.8166771e-05   2.1826807e-04   1.7555254e-04   2.4206427e-17   2.5675865e-12   3.6457434e-18   5.9527376e-27   3.9089165e-16   2.9918070e-03   7.6972200e-23
   5.6438611e-05   1.6032487e-04   2.0505930e-04   4.3600154e-15   5.6511660e-10   7.9557807e-13   1.7450255e-26   6.7426635e-21   2.7233641e-03   9.6076382e-20
   1.2085232e-04   1.2427419e-04   1.8336263e-04   8.0616586e-08   9.8105033e-05   6.2102473e-14   7.5993225e-13   1.3576660e-19   2.2217631e-03   1.8979298e-19
   1.2484503e-04   2.0166169e-04   1.7743119e-04   8.5867827e-08   3.6288533e-12   5.1866379e-17   4.5421249e-20   2.6049684e-16   2.3715449e-03   5.6192381e-17
   9.3253913e-05   2.3406529e-04   1.2884255e-04   1.1612849e-11   9.5990608e-10   2.8276399e-22   1.6876653e-06   6.8739980e-06   3.1486206e-03   1.1219086e-23
   1.2763778e-04   2.4825812e-04   9.8246435e-05   1.1128096e-22   8.5029707e-14   4.9752993e-25   1.7363241e-05   3.6698092e-05   3.4246275e-03   2.7973402e-37
   9.3580879e-05   2.0608120e-04   1.0759082e-04   2.3513889e-27   9.7872892e-23   9.2941178e-25   1.1380204e-06   7.5861004e-15   3.8222578e-03   5.7281214e-34
   9.4915447e-05   1.7063885e-04   1.3049993e-04   1.3684888e-10   7.1352034e-21   1.0245226e-23   2.9927606e-12   4.5367479e-10   3.3924125e-03   7.5919987e-26
   1.0302669e-04   1.7777465e-04   1.6476658e-04   1.9822938e-14   2.5880436e-11   2.9410457e-19   6.9585985e-18   2.0632582e-09   2.9103295e-03   5.7583497e-19
   1.1405243e-04   1.9774868e-04   1.4607705e-04   6.5449116e-10   5.6429800e-17   2.8071451e-20   1.9455273e-20   1.5803149e-13   3.0524149e-03   1.8634316e-22
   1.7517549e-04   2.7551967e-04   1.3503289e-04   2.0702541e-14   4.3883457e-19   4.1358682e-24   1.6521287e-21   1.5847578e-14   2.9465330e-03   1.0564660e-28
   8.2613372e-05   2.1027034e-04   1.5020940e-04   3.9325475e-16   3.1246891e-24   9.8999503e-23   4.9057835e-15   3.9675821e-14   2.9023979e-03   4.3473221e-26
   1.2828599e-04   1.6778207e-04   1.7153977e-04   5.9885960e-37   7.8273273e-20   4.8233599e-23   8.5882455e-11   1.1423242e-06   3.0762547e-03   7.8852911e-31
   2.1382814e-04   1.8706952e-04   1.9815901e-04   2.3778361e-21   2.5427140e-19   7.4675560e-23   1.7607618e-07   4.1135997e-10   3.0946113e-03   5.3691786e-26
   2.3066801e-04   2.1047107e-04   9.5243967e-05   1.7660203e-18   2.1535880e-22   1.0974885e-17   5.7466383e-07   1.0517199e-04   3.0101840e-03   1.1049002e-20
   4.8387535e-05   1.6771215e-04   1.2641083e-04   4.2300043e-17   1.6172810e-23   2.3910213e-22   8.4647207e-25   5.1246139e-05   3.3819837e-03   5.8374851e-30
   5.3272288e-05   2.5416617e-04   1.4404190e-04   2.2254288e-26   1.7960077e-20   1.4395769e-25   1.8596221e-20   6.9087093e-07   3.1790279e-03   1.3737088e-38
   9.1372048e-05   2.7735560e-04   1.5243007e-04   4.0026788e-17   8.8586746e-21   4.1123225e-19   3.0132626e-29   1.0566480e-04   2.5199354e-03   8.8947841e-33
   9.9588762e-05   2.6378927e-04   1.5705501e-04   7.8160035e-14   3.4763672e-26   1.7022602e-22   6.6844168e-15   1.2748395e-04   2.7178048e-03   9.1654282e-33
   8.0086672e-05   2.0416804e-04   1.5344037e-04   1.1157983e-05   5.0827744e-31   1.0887018e-26   6.3783016e-18   8.3473530e-05   2.9663468e-03   1.9931903e-28
   9.5260614e-05   1.2495633e-04   1.8521518e-04   7.7478141e-05   5.0834685e-33   3.8682186e-21   1.7520046e-14   2.6927693e-05   2.7761492e-03   4.7596967e-28
   2.9826085e-05   1.9416286e-04   1.5934394e-04   1.2463796e-05   7.2403805e-22   3.1338346e-27   3.7578053e-16   1.1943255e-04   3.0681397e-03   3.4755367e-29
   1.8011180e-05   2.2636949e-04   1.5133985e-04   1.5427207e-05   1.5067862e-32   2.7040627e-24   3.8309526e-09   1.5660579e-04   3.1301916e-03   9.9098212e-32
   7.1366540e-05   1.5062639e-04   1.4200717e-04   2.3395515e-22   1.7180147e-35   1.0327752e-29   3.5727510e-08   1.4756803e-04   3.6958695e-03   1.2370471e-36
   7.5052565e-05   1.2147519e-04   1.6352966e-04   9.6860074e-05   5.9481610e-33   2.3921481e-29   7.6539611e-16   2.9671603e-05   3.4407304e-03   1.1188873e-39
   1.4092032e-04   1.3010990e-04   1.8133854e-04   6.7985284e-05   1.0141942e-29   6.6837372e-27   2.0255921e-28   8.0850631e-09   3.4555144e-03   4.0675102e-38
   1.5094749e-04   1.8285953e-04   2.2580473e-04   9.1711981e-08   4.6160386e-29   1.5334388e-25   1.1710717e-23   4.8075329e-13   2.9573527e-03   2.0180677e-38
   6.9933913e-05   2.1261758e-04   2.5459837e-04   9.9078396e-14   6.2160848e-19   9.2540913e-20   4.4015005e-15   8.2924677e-12   2.4561496e-03   2.2628385e-33
   3.4680157e-05   1.7058153e-04   2.8038946e-04   3.9881354e-06   1.0086962e-23   9.9342875e-20   3.2140732e-22   7.3023934e-19   2.5593309e-03   2.1347247e-26
   9.3568100e-05   1.5496122e-04   2.6991211e-04   1.6643281e-06   3.5051274e-19   2.2082843e-20   1.7828510e-21   2.9872388e-16   2.2170365e-03   1.7683469e-25
   1.7319198e-04   1.6813964e-04   1.7106663e-04   6.9485035e-14   4.4937593e-20   1.0269518e-13   6.7802871e-06   2.1015117e-07   1.9883215e-03   9.3822727e-25
   1.5364585e-04   1.5489893e-04   1.6394899e-04   1.8513918e-07   2.8884746e-26   2.5540650e-13   1.6939009e-09   2.8241330e-05   2.1434135e-03   4.6666857e-26
   1.1870523e-04   1.3101841e-04   2.0279590e-04   9.7131329e-05   2.0872960e-24   1.1400674e-17   2.2908358e-14   5.0891410e-08   2.7073388e-03   6.3388361e-32
   6.6104096e-05   1.7624493e-04   1.8178295e-04   4.6278072e-07   1.0195425e-22   3.2961773e-19   5.6541409e-32   1.5502799e-07   2.8557576e-03   2.3989977e-32
   5.4770560e-05   1.6000469e-04   2.5179321e-04   1.0485057e-24   1.0556273e-17   7.4584865e-18   2.8711300e-23   5.1298551e-15   2.4066439e-03   4.9992059e-29
   4.2216253e-05   1.8091561e-04   2.7237326e-04   2.5997639e-25   2.4105871e-21   2.2201182e-18   2.4870860e-27   5.0909879e-16   2.1445866e-03   5.0044159e-24
   1.0225022e-04   1.5583600e-04   2.1220777e-04   1.2256130e-30   1.1697825e-24   2.1616766e-21   5.0389579e-19   1.8003713e-05   2.6147443e-03   8.1446887e-31
   9.0217419e-05   1.3132243e-04   2.8776144e-04   1.9331677e-18   2.1844773e-26   2.0790821e-20   1.2675674e-22   3.8026107e-06   1.9069762e-03   2.4889950e-29
   8.5368392e-05   1.2162296e-04   2.4330793e-04   1.2816748e-16   2.5859499e-27   4.7943887e-23   9.0685752e-15   4.3033862e-07   2.7535787e-03   1.6866411e-32
   6.2779368e-05   1.0215651e-04   1.1789549e-04   1.9025669e-14   3.5407134e-27   1.6676510e-20   5.0318682e-07   8.5123250e-05   3.0842464e-03   3.4330042e-27
   4.4395041e-05   9.1743395e-05   1.5153944e-04   2.0393722e-25   8.4969622e-26   8.5703527e-15   1.8491964e-27   9.2191593e-05   2.6025024e-03   3.7597178e-20
   1.4792774e-05   1.0935476e-04   2.2010639e-04   1.5282790e-38   3.4509583e-24   1.3889086e-12   7.0289916e-22   2.2899168e-05   2.0016780e-03   4.4592348e-16
   6.3341368e-05   1.2779933e-04   2.5607716e-04   3.6765367e-16   7.5070773e-19   3.2649437e-15   1.1849824e-15   7.5083070e-06   1.9120123e-03   5.5687054e-21
   4.3357914e-05   1.4844565e-04   2.1848270e-04   4.5409601e-16   2.9631485e-18   1.8923234e-20   1.0144070e-32   6.3676493e-05   2.4617999e-03   7.2202514e-22
   1.0146330e-05   1.0479542e-04   2.2829738e-04   1.5111851e-05   5.2678789e-21   8.3243950e-15   2.6362624e-16   2.3911190e-09   2.2471443e-03   9.3190514e-19
   4.9056913e-06   1.0933964e-04   1.7217026e-04   5.8236297e-20   2.6740057e-24   9.2014173e-17   9.7531942e-09   6.2529950e-11   2.2455583e-03   6.2599205e-23
   1.4681119e-06   7.5902849e-05   2.5323294e-04   7.7941661e-22   6.0854566e-21   6.3451402e-14   1.0624195e-08   3.8978635e-06   1.9360452e-03   5.9233934e-19
   5.4130593e-08   6.6777203e-05   2.6932582e-04   9.9123414e-08   2.4194682e-20   2.8486802e-09   1.0551540e-05   1.1065040e-05   1.8896596e-03   2.1175045e-17
   7.7741122e-10   6.3749710e-05   2.3837504e-04   5.1351344e-10   1.9965053e-21   1.0307568e-09   3.2712570e-06   2.9435394e-05   2.0496237e-03   3.3630386e-18
   4.0028119e-06   6.9927326e-05   2.3738737e-04   1.8919386e-19   1.6948802e-18   7.7101340e-17   4.0981079e-20   3.7488006e-05   2.2372382e-03   1.2460216e-21
   1.1914444e-06   7.5239449e-05   2.2791618e-04   2.1001415e-14   6.9450580e-19   1.1777459e-10   4.3898142e-23   2.8072725e-05   1.7250621e-03   4.1855464e-17
   2.0482579e-06   9.7689570e-05   2.5464842e-04   8.7430258e-14   3.0431977e-17   8.1331765e-13   4.2142000e-21   5.2433845e-08   1.5388145e-03   1.4600639e-17
   4.0019803e-07   4.2551747e-05   2.5259803e-04   3.6821125e-08   1.6674805e-17   1.0888541e-13   8.0978164e-20   1.6435094e-11   1.7025419e-03   5.3193320e-20
   9.0986038e-06   2.2641187e-05   2.5619369e-04   1.8755884e-09   1.8829249e-22   9.4090957e-13   5.3882500e-05   7.4002676e-07   1.5512298e-03   2.7887272e-23
   3.9503448e-05   3.3011721e-05   2.6381888e-04   4.4672527e-07   2.4356169e-24   1.0561933e-09   1.8571347e-05   1.1488280e-06   1.2532641e-03   5.5901783e-21
   1.9221722e-05   2.9428759e-05   2.9650124e-04   2.0120269e-05   2.9424192e-21   1.4292319e-07   2.3195934e-06   1.3243370e-05   1.0521842e-03   3.9177893e-24
   1.5741427e-05   4.2684419e-05   2.4514062e-04   9.0511154e-08   4.0767862e-18   4.2740657e-10   5.2074647e-06   3.3281887e-05   1.2343458e-03   4.9570097e-25
   1.1282427e-07   3.5024151e-05   2.1346590e-04   1.5790005e-18   2.3887951e-20   1.3818881e-15   2.2417183e-07   2.1629973e-05   1.5677301e-03   1.6348195e-24
   1.5137380e-05   4.2634900e-05   1.7958760e-04   5.4946629e-10   6.3671814e-22   1.4040677e-16   1.4782516e-10   1.3177709e-05   1.6266670e-03   4.7711339e-26
   5.1034564e-05   4.1212788e-05   1.5827860e-04   4.2029727e-12   3.2300523e-27   5.7958296e-21   1.7597519e-05   1.7566697e-07   1.6848141e-03   9.1948163e-26
   5.5124597e-05   2.3157055e-05   1.6921060e-04   2.7102630e-14   7.7846963e-22   5.9312196e-21   9.0752551e-06   3.3232346e-13   1.6532706e-03   3.6492412e-20
   2.0959810e-07   2.7567037e-05   2.1360868e-04   4.5985536e-13   2.5621548e-23   2.0074216e-15   1.2808990e-09   1.1960519e-19   1.5110450e-03   9.2061547e-21
   1.6080664e-06   3.2403312e-05   2.1880093e-04   1.8149866e-09   2.1743233e-28   4.0670208e-12   1.1338983e-07   4.9277791e-13   1.3547620e-03   6.3826893e-21
   3.0511878e-06   2.9019665e-05   1.7564103e-04   6.7031107e-10   3.4689807e-25   1.4052105e-16   1.9275489e-07   2.3449243e-09   1.4461337e-03   3.6480431e-22
   3.7207075e-06   3.6422997e-05   2.1843715e-04   2.3733759e-11   1.0482137e-22   6.8141590e-24   2.4223276e-05   2.1678708e-19   1.3834744e-03   9.3407763e-34
   1.7695195e-05   3.0026366e-05   1.9340830e-04   6.4657181e-14   9.2221152e-19   2.1746503e-19   1.9573664e-05   2.3043193e-06   1.3443844e-03   7.3983123e-27
   1.2111513e-05   4.1417083e-05   1.6291762e-04   7.6705009e-10   1.0651672e-17   1.6965290e-12   2.2061026e-05   2.7533390e-06   1.3157755e-03   1.7992918e-20
   2.5058514e-05   5.8502948e-05   1.2858252e-04   7.4531558e-08   6.2356613e-15   6.7865008e-09   1.8378021e-11   4.0065004e-08   1.1397533e-03   1.6630828e-19
   1.0077631e-05   5.4845704e-05   1.4016517e-04   3.1445217e-16   7.6502323e-19   2.2230199e-07   7.9075037e-08   5.9968101e-08   9.6961089e-04   2.1042111e-21
   4.1051103e-05   3.7897182e-05   1.4103786e-04   5.2816256e-16   4.6594536e-28   5.3485279e-16   1.1004598e-09   1.9631986e-07   1.2539973e-03   1.1266792e-27
   3.8678267e-05   1.6210306e-05   1.4055860e-04   1.6697023e-19   1.0435605e-22   3.4116486e-20   2.5162803e-06   1.1165909e-10   1.4150730e-03   2.2234818e-24
   2.6382280e-05   1.2502022e-05   1.3631239e-04   3.0545412e-06   1.0566341e-20   1.0387834e-16   1.0079615e-05   3.2019738e-06   1.3465122e-03   8.8373492e-21
   2.8804857e-05   5.3404988e-06   1.2777270e-04   4.6088233e-09   1.4627058e-14   9.3431854e-17   6.0225196e-05   5.4175631e-06   1.1293998e-03   1.9064524e-22
   2.4097068e-05   1.8617662e-05   1.3933158e-04   4.1735142e-11   2.2845529e-14   2.4332463e-18   1.9979173e-05   1.2847891e-10   1.0204322e-03   1.7253568e-18
   2.3436304e-05   1.5482699e-05   1.0954212e-04   2.4546413e-21   6.5716963e-21   1.8160029e-14   5.2344313e-06   7.9308564e-06   1.1714325e-03   1.0690688e-19
   2.5197346e-05   1.4163745e-05   1.1960812e-04   6.6379672e-12   4.7869281e-22   8.7339242e-09   7.4975408e-08   1.0424236e-05   9.8772210e-04   3.1422129e-19
   3.4681371e-05   1.1048355e-05   9.2903245e-05   9.9049257e-18   1.0952618e-22   3.5838199e-10   1.3505937e-16   6.0624003e-12   1.0901747e-03   5.0178810e-14
   5.3049326e-05   2.3300344e-05   8.4927525e-05   9.7654139e-06   2.4228353e-22   5.1486848e-09   2.2363991e-23   1.9820958e-11   8.8007441e-04   9.5583067e-13
   7.3687753e-05   1.3926297e-05   1.1813738e-04   2.5995958e-05   5.9562414e-20   9.6350245e-05   1.3724389e-14   7.8301007e-10   6.6428188e-04   1.3387752e-10
   4.5611165e-05   8.2333325e-06   9.4038624e-05   2.3442760e-07   3.1156572e-19   5.9367201e-10   3.1319246e-06   1.9153901e-17   8.9520879e-04   1.4941878e-18
   1.4291894e-05   1.2268632e-05   9.0651333e-05   2.5671332e-10   2.7724356e-23   2.4791388e-09   6.3738354e-08   5.6761946e-13   1.0175572e-03   1.1829295e-18
   1.8653074e-05   1.9803087e-05   7.3738388e-05   6.8085217e-16   3.7346406e-21   1.1918907e-08   4.1457967e-05   9.0128492e-09   1.0148529e-03   4.7972603e-19
   5.3383183e-06   2.1704553e-05   1.0306393e-04   6.5640119e-22   1.3584810e-19   4.6369427e-06   1.3895393e-05   1.0987294e-14   7.7689144e-04   2.3669794e-16
   7.5684307e-06   1.7048487e-05   8.5652922e-05   2.1317153e-06   3.8137702e-20   1.4054888e-07   1.0069524e-05   1.4491304e-15   7.7581625e-04   5.5840456e-21
   1.0303028e-05   2.2412234e-05   6.7767261e-05   3.9685766e-06   1.2818289e-22   4.3376673e-12   1.2652475e-15   8.6049952e-12   9.5256596e-04   1.4455694e-20
   1.1013245e-05   2.3225076e-05   5.1482042e-05   1.8174286e-05   3.7949011e-21   7.8297434e-12   9.2589682e-15   1.4100529e-11   9.1100453e-04   2.3098648e-23
   1.1360331e-06   2.7156856e-05   5.4867502e-05   2.5790104e-05   2.4207116e-25   7.4107889e-09   4.2028000e-09   3.5309001e-25   7.4327112e-04   3.6591144e-17
   1.9553733e-05   1.5308627e-05   6.1010205e-05   1.5060723e-07   1.5199578e-17   5.2386055e-08   7.1813147e-07   9.4612889e-34   6.6369239e-04   1.7134376e-18
   3.0930719e-05   1.8003545e-05   7.2180267e-05   3.7753408e-05   4.5416328e-14   2.3100935e-05   1.4564894e-12   8.4561825e-28   4.4332580e-04   3.4353128e-17
   3.3303556e-05   1.1075659e-05   7.2379755e-05   7.5378000e-05   1.1989547e-09   1.3812484e-05   1.5060556e-05   4.6018108e-27   4.4725304e-04   5.0102266e-15
   2.0993659e-05   6.6439478e-06   5.3060387e-05   3.3841401e-05   1.2517593e-11   1.6375810e-10   1.6919722e-05   5.0477529e-21   6.2252753e-04   1.7982707e-12
   1.3924504e-05   1.0121978e-05   5.3750564e-05   3.5841355e-05   2.7679633e-16   3.6899732e-12   5.1648852e-13   7.2361959e-19   6.7335946e-04   7.3682900e-15
   3.3704138e-05   2.3846495e-05   4.4195355e-05   2.0289606e-05   2.9258098e-25   4.9274848e-06   2.1910726e-16   3.2465840e-20   5.8744972e-04   4.6375823e-15
   8.7780998e-06   3.4032578e-05   3.2890366e-05   4.0165344e-05   3.2226153e-18   5.6886457e-05   2.7538302e-11   4.8827272e-13   4.7460837e-04   2.5766981e-11
   2.9186518e-06   1.8430050e-05   4.5019972e-05   7.0333349e-05   5.2215027e-08   5.2659975e-05   1.6480665e-17   6.0109298e-17   4.4603270e-04   1.0552428e-11
   4.7863257e-06   1.9764673e-05   4.0406226e-05   8.9570610e-05   1.5161332e-11   1.4736791e-06   7.2936085e-19   4.4717985e-25   5.4420048e-04   2.3472123e-20
   1.1560430e-05   1.7985321e-05   3.7449954e-05   4.2823392e-05   8.4623930e-17   2.1553080e-05   2.5791385e-19   1.1405862e-27   5.2640508e-04   2.4946257e-17
   2.4497209e-05   1.9634979e-05   4.3694619e-05   1.9533120e-05   1.9925063e-17   1.9842889e-07   5.7259665e-17   5.8581670e-28   5.6581425e-04   1.5587953e-19
   2.9456403e-05   1.8054833e-05   4.3320983e-05   4.9832784e-11   9.7348272e-13   2.1392237e-10   4.2014912e-07   1.1070376e-23   6.2795442e-04   7.3583486e-23
   2.5363523e-05   1.7793319e-05   3.6071118e-05   6.9709406e-09   3.0284289e-12   1.3067877e-06   6.9927546e-06   3.6435634e-17   5.3936740e-04   3.1012718e-20
