   4.4317335e-04   4.5920712e-04   6.3939516e-04   2.9276685e-04   1.3510415e-22   5.9928192e-04   1.1410182e-13   4.1737646e-03   6.2946074e-81   1.6343644e-18
   7.1321353e-04   3.7412285e-04   8.5766884e-04   3.1852910e-04   2.0689980e-04   7.6277411e-04   4.1812693e-22   3.7047435e-03   1.4484058e-62   2.5138291e-23
   4.5435356e-04   6.8874536e-05   8.7792707e-04   2.9167959e-04   2.3807587e-04   6.7916527e-04   1.3074085e-62   3.0926806e-03   5.6271556e-64   2.3762768e-24
   4.9846858e-13   1.3700232e-25   5.8018595e-04   2.9349173e-04   6.6146244e-05   1.2793118e-04   2.5128663e-21   3.5162156e-03   2.2682905e-96   5.0930663e-15
   9.2835490e-05   1.2998380e-33   7.0884507e-04   2.3787347e-04   1.7855774e-38   3.8082946e-16   2.2137658e-32   2.6446500e-03   4.4141611e-91   2.3845071e-39
   5.2189668e-06   2.6540909e-48   7.8107773e-04   2.6028891e-04   1.5656151e-65   7.3016050e-09   7.9244859e-14   2.9308847e-03   1.5493479e-67   2.4793368e-41
   1.1631532e-09   3.3087694e-50   1.1147757e-03   3.1530464e-04   4.1425207e-70   2.9845272e-04   8.0988607e-08   3.1171991e-03   3.7059997e-63   7.9545120e-37
   5.6197892e-17   6.9013657e-53   1.2956145e-03   2.3639814e-04   3.1491463e-80   6.7162510e-04   8.9850249e-35   4.1744921e-03   1.0146136e-97   5.0916268e-37
   7.1130625e-18   6.9626311e-40   9.5024422e-04   1.7191580e-04   9.9305862e-54   4.8091536e-03   1.5998431e-46   4.6776127e-03  2.7530266e-109   1.4719690e-43
   4.0020450e-32   3.0851955e-24   3.2442721e-04   4.7180261e-04   1.1051956e-44   1.8509849e-02   1.1840596e-17   6.9236336e-03   7.1631760e-81   1.7696853e-41
   1.3492161e-26   1.5349813e-32   1.4643814e-04   1.4356595e-03   3.6715693e-40   2.3845384e-02   4.7084071e-26   1.5613445e-02   7.9293307e-67   2.0745389e-36
   1.0097426e-27   2.3918491e-62   2.6612127e-06   5.2302247e-03   1.5440752e-50   7.1905623e-03   2.7866254e-41   4.2904199e-02   1.9165741e-63   2.0198860e-28
   7.5927907e-44   1.6560872e-73   6.3743447e-09   6.9804343e-03   2.7162145e-96   3.0663587e-27   6.2836986e-03   6.0941636e-02   2.5593952e-44   6.5045654e-25
   6.0739840e-23   4.1293496e-57   6.2848658e-10   3.4990115e-03  1.5097997e-113   3.6054149e-53   1.5594596e-02   7.7680492e-02   6.1769278e-48   5.5680474e-12
   1.8385968e-02   1.9211248e-31   7.8060670e-09   8.6669859e-04   6.8624864e-49   1.9390363e-21   7.4754887e-03   1.2272248e-01   4.7427887e-66   8.2400866e-04
   4.7133286e-02   2.0567049e-10   5.3500744e-05   3.6338561e-04   4.6049757e-38   4.2972269e-20   2.2674443e-03   1.1448950e-01   6.7718976e-39   3.4584471e-03
   4.2013452e-02   1.2846159e-12   6.2452395e-05   8.2960551e-04   1.6192350e-27   9.4320005e-05   4.3284419e-04   4.7257685e-02   2.9494659e-29   8.9992256e-03
   1.3965884e-02   9.7252410e-04   1.1606593e-04   1.2038805e-03   1.1808135e-07   5.0363398e-03   2.9998145e-35   2.3481731e-02   3.2049526e-62   1.6446574e-02
   9.6084031e-03   4.9259660e-03   1.8464196e-04   1.1276874e-03   4.8118682e-03   2.1953836e-02   2.8282775e-10   8.5117964e-03   2.9553572e-49   1.6589776e-02
   5.0361601e-03   1.0886002e-02   1.6993304e-04   5.9913465e-04   3.7224008e-03   3.3027727e-02   9.1402986e-11   2.7265413e-03   4.5043839e-38   8.0505028e-03
   3.5569334e-03   4.8513461e-03   1.2180933e-04   9.8047874e-04   1.9037878e-03   2.5466499e-02   7.4149732e-22   3.9179765e-03   8.0415469e-33   1.6344570e-03
   1.8527990e-03   2.6457169e-04   8.6682532e-05   2.3555222e-03   5.3673190e-04   1.3633467e-02   1.4091300e-56   7.5438722e-03   2.1444632e-39   5.1018131e-25
   1.2311458e-07   8.2825461e-24   3.3021677e-08   3.6831613e-03   1.9961217e-43   4.1021009e-03   3.7167750e-52   1.3090721e-02   9.7449701e-24   5.7043894e-19
   9.5190054e-16   2.9424597e-40   1.8253124e-07   6.4131300e-03   4.1493816e-98   7.2666496e-10   4.8889245e-46   1.9577011e-02   1.3143070e-42   3.6592261e-12
   1.1175131e-07   1.8943312e-52   2.8556919e-07   7.5505674e-03  1.0298015e-106   2.1571551e-13   2.5455585e-16   2.8829044e-02   9.8270403e-31   6.9587351e-05
   9.3359183e-04   2.3937389e-31   3.2745282e-05   4.9206742e-03   1.0950350e-86   1.1091622e-03   1.5594657e-02   3.0398444e-02   6.6338458e-28   1.5645968e-04
   5.8249962e-03   4.2747146e-16   9.4503024e-05   2.4301802e-03   3.8995704e-74   3.6958831e-03   2.1444502e-02   2.1069413e-02   1.2368299e-26   4.7957399e-36
   7.4450673e-03   1.1489006e-20   2.8814852e-04   8.6309763e-04   1.2575239e-44   7.5618263e-03   1.0945150e-02   1.5592857e-02   1.7638114e-31   2.3483804e-04
   1.9318431e-02   3.0877112e-06   2.7611678e-04   7.2769157e-04   7.9258831e-34   9.3221905e-03   3.0933527e-03   2.1789176e-02   1.2111948e-38   8.7198790e-09
   6.5155750e-02   3.1165164e-15   1.1069889e-04   1.1377181e-03   5.0348489e-57   7.8169711e-03   3.0502047e-04   3.0881596e-02   1.5892075e-16   1.2313301e-03
   1.1732967e-01   3.2922863e-04   1.8138774e-04   1.1733620e-03   1.0909500e-69   1.3467451e-02   1.6606528e-22   1.6211629e-02   3.5424212e-16   1.8066855e-03
   1.0996362e-01   5.4771817e-04   2.9920726e-04   1.5853819e-03   2.0286604e-42   1.0770488e-02   1.3230904e-07   2.7917208e-03   6.1592261e-42   6.5091423e-03
   5.1013291e-02   1.5053763e-03   3.2539928e-04   2.9120437e-03   2.8427809e-32   6.3304859e-03   7.3192135e-66   7.2361207e-06   2.7487910e-50   1.2535268e-02
   2.1836980e-02   5.2977194e-03   3.8263746e-04   3.9990824e-03   1.6176936e-37   5.6003152e-03   1.8659478e-53   2.7157665e-06   1.3358999e-45   8.6905885e-03
   1.1276029e-02   1.0581937e-02   5.9406491e-05   5.7322576e-03   5.9191612e-36   3.1747235e-03   4.2288485e-66   7.9541000e-11   3.9546174e-12   2.8980168e-02
   8.7405247e-04   2.1165011e-02   2.1418582e-07   8.7565149e-03   1.8825740e-27   2.2412028e-03   1.6649491e-62   3.6217792e-18   5.1411714e-09   5.2797301e-02
   1.7432689e-05   3.7703657e-02   1.0746321e-10   8.6882601e-03   5.4938773e-15   3.3512904e-03   6.4460143e-28   2.8978451e-22   1.1983275e-19   5.2278423e-02
   6.4890135e-12   6.4959596e-02   2.7135320e-08   5.4110364e-03   2.5726854e-07   7.0344965e-03   3.6068492e-03   5.7275160e-20   6.1139032e-29   3.0453129e-02
   2.4523730e-04   6.4992284e-02   8.5816976e-05   3.5309485e-03   2.7466371e-09   1.1552860e-02   2.4363099e-02   1.1651290e-16   1.3291817e-23   9.1382924e-03
   3.5469117e-04   2.8437568e-02   1.3296899e-04   2.9398051e-03   2.0116643e-06   2.1166831e-02   3.8720104e-02   1.1739069e-12   2.7242725e-24   3.0236699e-03
   2.9178880e-05   6.2094092e-03   5.7473412e-05   2.6025281e-03   1.7396715e-04   3.9325161e-02   3.2712128e-02   2.2341641e-14   1.5608638e-28   1.4403120e-03
   2.4314164e-10   7.5115543e-04   6.4054210e-05   2.9042310e-03   9.5871821e-10   3.3517871e-02   1.7872117e-02   2.6323794e-11   9.9564123e-77   6.3835611e-04
   6.7443201e-10   1.7071133e-05   1.3712665e-05   4.3850268e-03   5.6693507e-08   1.5480503e-02   5.3011444e-03   2.0754673e-07   1.0289256e-17   5.6291881e-04
   8.6478737e-04   4.2820426e-04   5.0057475e-06   5.3166915e-03   4.8473079e-14   5.3265226e-03   1.5660479e-04   9.3968534e-04   1.0983771e-03   4.8132703e-04
   2.4998271e-03   7.1300078e-04   1.2876582e-04   4.4986309e-03   2.8295936e-26   2.2285403e-03   4.4943144e-32   1.5918822e-03   8.4379185e-11   1.4810739e-05
   3.3052618e-03   1.7449364e-04   1.2159720e-05   5.9687339e-03   2.3293408e-38   3.6726184e-04   5.1748854e-33   2.0497187e-04   1.8350495e-17   1.0304304e-23
   3.5957634e-03   4.2781515e-06   8.1667718e-11   9.6417772e-03   1.5932118e-71   1.1504038e-04   1.7459718e-38   8.6149346e-09   2.1023237e-23   5.3591193e-45
   2.8956205e-04   3.5078718e-06   1.7878999e-15   1.2987243e-02   4.8859536e-74   5.1359518e-11   7.0316011e-72   1.7413320e-22   9.1152843e-43   6.0167438e-33
   2.0170784e-28   5.3772601e-04   3.3994859e-18   1.2234530e-02   2.1043178e-61   6.5870888e-05   6.1192778e-39   1.3904246e-25   9.8765182e-69   5.0324287e-45
   8.6360074e-12   1.9282109e-03   2.3028612e-11   8.0958331e-03   2.6546695e-54   3.9945868e-03   2.8196851e-03   8.9412902e-20   3.2368730e-26   7.4852721e-20
   1.3451053e-21   3.3977033e-03   9.3018612e-10   6.5621093e-03   3.1813448e-15   7.3128371e-03   1.6844299e-02   2.2973511e-27   3.0363895e-20   1.1711365e-12
   3.1570353e-09   4.9221173e-03   7.9303942e-07   5.0614642e-03   3.4349775e-03   5.7175186e-03   3.9749881e-02   1.9741049e-30   3.6506496e-21   1.1198463e-05
   6.2249306e-12   4.4580057e-03   1.1699132e-05   4.8930028e-03   5.0461419e-03   2.9286308e-03   4.1545921e-02   2.5421466e-32   2.3368789e-20   4.6187870e-04
   1.0195327e-15   4.5177184e-03   3.9655281e-05   5.0637543e-03   4.0809160e-02   4.8932015e-04   2.5996282e-02   3.0175042e-21   5.5111135e-25   5.2620641e-04
   1.3186187e-09   4.8142951e-03   5.5937527e-05   4.7980557e-03   7.3199215e-02   1.4861138e-17   9.4677154e-03   2.4633565e-09   8.3797215e-18   1.0699011e-04
   1.9130601e-15   6.4048952e-03   8.5731962e-06   6.8127199e-03   6.1107810e-02   1.5956013e-27   2.4443884e-15   1.3905210e-11   8.1761344e-21   4.5183665e-04
   2.3708729e-16   1.2473333e-02   2.7197231e-06   7.1765056e-03   3.4852013e-02   3.2945126e-29   2.9509814e-19   3.5104663e-04   2.1564022e-21   5.3315684e-04
   1.7577990e-12   2.0191541e-02   5.4602424e-08   6.6923256e-03   1.4633439e-02   1.2106975e-29   4.1610611e-29   2.4286320e-03   1.0825054e-44   1.9181567e-08
   9.1120305e-08   1.3925257e-02   8.4676436e-07   6.9957248e-03   2.6798152e-03   3.8906293e-13   2.9472032e-35   3.3423479e-03   1.1282608e-05   4.5033470e-41
   6.6657127e-05   4.5978385e-03   2.2731810e-05   7.3318638e-03   7.2996369e-11   2.3529783e-04   1.5743682e-67   1.5670844e-03   2.0645690e-04   6.3779917e-24
   6.0174395e-04   3.5063494e-04   1.6629934e-06   7.6198059e-03   6.4135831e-30   1.4542974e-03   1.4819902e-44   3.9231605e-09   2.5426661e-17   1.8335619e-23
   7.4717897e-04   4.7241086e-13   3.9766398e-08   7.4182034e-03   2.5507974e-60   1.0842883e-03   1.4841199e-07   5.5849789e-07   1.4217200e-70   7.5116929e-25
   6.3331625e-04   4.4329020e-14   3.6312928e-07   7.8402737e-03   2.1907315e-49   9.2680847e-05   4.2960883e-09   1.9010992e-07   2.8306664e-31   1.6880139e-24
   9.1347749e-05   6.1385654e-17   2.9328038e-06   7.8270292e-03   2.8652095e-25   4.7213446e-20   2.3950922e-03   1.8567427e-05   3.0146106e-26   1.3461910e-21
   2.5120653e-12   1.2697953e-26   3.6001681e-05   7.7281060e-03   4.1734499e-30   4.6812874e-34   2.2689914e-05   2.8096485e-06   5.6237094e-20   2.6139485e-18
   9.9561343e-21   1.0250509e-57   4.0851324e-09   1.0935425e-02   7.4643044e-23   2.2704262e-43   5.1527107e-06   5.3773509e-17   9.4177128e-32   6.8090013e-20
   1.6281397e-36   1.1427402e-37   5.4692226e-10   1.0703047e-02   1.0150212e-09   3.0225533e-44   4.7407179e-03   6.2632037e-21   7.1444078e-22   4.1278338e-12
   2.9263550e-51   2.6531892e-25   3.1704237e-11   9.7254743e-03   1.0004017e-03   4.9522597e-30   3.3818363e-06   6.5782305e-20   9.1012790e-21   1.1821065e-05
   2.4519439e-37   9.8845290e-25   7.4890341e-07   7.1751991e-03   4.6288138e-03   5.1336548e-12   4.4397325e-09   5.5693361e-05   2.2311212e-28   6.0718030e-04
   4.1798474e-45   1.9588026e-08   2.0643502e-06   7.9761252e-03   7.9591029e-03   1.8158528e-04   4.0238926e-25   2.0049441e-07   1.3040366e-35   7.0632364e-04
   6.5456109e-54   1.0030918e-17   1.4363104e-09   1.0096681e-02   1.4494509e-02   1.0417480e-03   1.1472385e-36   2.1444086e-03   6.0941716e-19   4.2604187e-06
   1.4020112e-48   1.5865586e-06   1.5990489e-06   1.0129532e-02   2.3945106e-02   3.2769811e-04   6.1481289e-74   9.0226115e-03   9.2894680e-19   1.1923263e-04
   1.5578469e-43   2.3715100e-07   1.3287234e-09   1.0176043e-02   2.6526994e-02   2.8606097e-25   1.8723102e-74   1.9804495e-02   2.0803994e-26   7.3209226e-04
   3.9730972e-36   1.1778083e-03   1.8106932e-05   6.6785107e-03   2.2790031e-02   1.7835245e-39   4.1461507e-31   1.7057581e-02   1.4528537e-10   9.6152967e-04
   8.3002760e-04   1.4266924e-03   9.0820470e-07   5.9767775e-03   1.5036862e-02   2.2920867e-35   6.2943510e-36   8.8382551e-03   2.5189740e-45   3.2561475e-04
   6.9554453e-03   2.7167615e-03   8.8937297e-06   5.2337289e-03   1.1669359e-02   9.9500793e-30   4.8140691e-03   5.9486418e-03   1.1725341e-24   3.2236376e-05
   9.7095086e-03   5.5142074e-03   3.9512232e-06   8.3234499e-03   2.9931621e-03   8.3251017e-46   8.8582111e-03   1.6138117e-03   5.2216542e-28   1.0086241e-26
   5.2463276e-03   5.1610909e-03   1.8024456e-04   7.7999006e-03   4.3542213e-07   2.0727690e-35   1.0986791e-02   6.4416576e-04   4.8295534e-16   7.1103979e-35
   9.5873448e-04   2.3332589e-03   2.5873169e-04   7.7417601e-03   1.2324869e-27   3.6567092e-05   6.2158135e-03   6.0864123e-09   6.6334963e-26   4.7457633e-20
   2.3402660e-05   5.1333024e-09   5.6882365e-05   8.5947950e-03   5.9089589e-43   7.3272153e-07   1.9449679e-04   1.6074908e-15   2.4610434e-50   5.3644117e-24
   3.3426911e-11   3.3257794e-34   1.2944171e-05   9.1171663e-03   4.6458781e-78   7.0217715e-04   9.4232458e-15   1.2907158e-20   1.2906780e-53   5.2412832e-54
   5.7877479e-39   1.9503051e-27   3.1936822e-09   1.0817564e-02   2.6294434e-84   1.0039457e-04   1.2683443e-18   6.6558478e-22   4.8420321e-24   5.6924404e-27
   2.9934629e-50   4.9279618e-31   2.4063832e-07   1.3536309e-02   1.4430516e-71   2.9132675e-23   1.9932934e-17   4.6824032e-24   9.7528836e-36   3.4118333e-36
   2.7093897e-65   5.9509645e-42   6.0731280e-06   1.5340589e-02   2.8792598e-67   1.8055506e-38   4.1998126e-34   8.3701441e-27   1.2101337e-09   1.0122874e-24
   1.8646889e-61   2.4716186e-56   2.5382145e-06   1.4163183e-02   2.9924467e-43   1.4349755e-41   5.7081175e-14   8.2500726e-31   7.7720206e-04   6.1434154e-15
   1.1687146e-33   7.0724115e-48   6.9102808e-07   1.2439572e-02   4.1066784e-26   1.3484009e-34   4.1627902e-24   4.8964174e-20   1.3359947e-05   7.4066289e-08
   6.3931894e-32   1.1523824e-24   4.9202702e-07   1.1607414e-02   8.1628933e-10   5.5352381e-30   7.5645797e-04   6.6493231e-04   5.9981556e-38   3.4764407e-04
   8.8707004e-37   2.6448331e-35   4.5352068e-08   1.1545447e-02   2.3413380e-03   1.7062423e-40   2.9209585e-02   1.9768823e-03   5.2702154e-03   6.2548871e-04
   2.2128251e-15   4.6733537e-14   1.8722637e-04   1.3787784e-02   7.6384667e-03   4.1335529e-19   2.7356575e-02   1.8016013e-07   6.4191167e-03   2.8804893e-04
   2.0131979e-09   1.5614887e-09   3.2317863e-04   1.4689270e-02   1.5233285e-02   1.3777276e-14   6.2567178e-02   2.8468347e-13   3.4472079e-07   9.8132339e-04
   3.2416547e-03   6.3231369e-04   5.4289300e-04   1.1722773e-02   2.5991019e-02   1.5170939e-03   7.9969701e-02   2.7933713e-16   3.6487255e-18   2.0795417e-03
   7.5492062e-03   5.0310187e-08   3.5225332e-04   1.0578950e-02   2.4771540e-02   1.2105433e-03   5.6111070e-02   1.4687996e-19   1.1534376e-05   2.4678207e-03
   5.5198099e-03   1.6415720e-03   1.5306460e-03   9.3350997e-03   1.6641530e-02   4.5092294e-07   1.6934844e-02   6.3296234e-19   6.1373423e-07   1.6349295e-03
   2.0026796e-05   2.4365440e-03   6.3167052e-04   9.2813427e-03   1.2615795e-02   1.7202596e-18   3.6954423e-04   1.6002156e-21   1.6203408e-02   7.2008248e-04
   8.6744649e-28   8.1901975e-04   8.2397252e-04   1.2970940e-02   6.5084962e-03   1.0930657e-26   2.3847804e-23   4.1578503e-29   3.3157575e-11   2.2156985e-23
   3.5073094e-24   7.3490006e-03   2.6101770e-05   1.4160032e-02   5.4609534e-07   7.0151842e-34   6.2058506e-36   3.0681626e-28   2.4409405e-02   1.3698019e-17
   1.6405200e-25   7.6208835e-03   4.6133836e-04   1.4622376e-02   1.2997335e-24   5.4679233e-34   3.9899180e-23   2.2152866e-41   3.7406654e-03   8.6789405e-20
   1.2619197e-22   3.5426757e-03   7.7954200e-05   1.2589237e-02   7.7444269e-41   6.9150906e-22   1.8462195e-31   2.9232821e-39   3.5534779e-10   7.7078351e-30
   3.7014205e-05   7.1256288e-04   1.4396508e-04   9.9214777e-03   7.2718735e-88   1.1400916e-03   1.1140405e-21   3.8830833e-26   2.5371006e-23   5.9768715e-28
   5.9041973e-04   7.9452341e-29   3.5188124e-04   9.6516486e-03   8.0415335e-32   1.0257461e-03   9.9809495e-09   2.5061898e-21   3.6638377e-83   1.3699538e-14
   3.1101466e-04   2.7564444e-44   7.6614960e-04   9.2254435e-03   2.9104045e-17   3.3212757e-03   1.4876062e-14   2.7275826e-14   4.7419902e-23   4.5791507e-31
   2.0482272e-03   1.5594081e-14   8.5602830e-05   7.5027793e-03   3.0681486e-23   3.3148188e-03   6.5542967e-10   6.1313623e-05   1.6816560e-02   1.9619721e-30
   3.1211340e-03   7.1842352e-12   5.7206227e-04   6.8510528e-03   2.3368415e-08   1.9801530e-03   2.3288693e-03   3.8974382e-05   1.4796883e-02   1.1319696e-45
   3.2939558e-03   1.2065993e-17   1.1983835e-04   7.3245271e-03   1.5788851e-15   1.2397605e-03   5.4852132e-03   8.2138488e-09   1.0838517e-02   6.3263873e-23
   7.0806650e-03   1.3137062e-25   3.3525167e-04   6.0484145e-03   8.4631255e-04   2.2380542e-03   6.5905044e-03   9.7194390e-11   7.6186153e-21   5.2151941e-05
   1.3294741e-02   2.0666914e-21   1.0366375e-03   6.2554072e-03   4.0597156e-03   1.6177912e-03   2.6529854e-03   3.6820390e-15   2.5665771e-04   2.6594532e-04
   1.7150176e-02   1.6952044e-31   1.4635949e-03   6.7693883e-03   9.5604401e-03   2.1224114e-05   4.9043205e-06   9.4254614e-16   4.9548200e-22   6.4832961e-07
   1.3012643e-02   6.5667974e-21   1.1212944e-03   6.8130994e-03   1.6527117e-02   1.3513335e-03   1.5976544e-16   9.7767133e-22   2.9289197e-19   3.1657131e-17
   5.1390750e-03   8.4358195e-09   8.7343233e-04   4.2673960e-03   2.2441799e-02   5.6905409e-03   6.5865234e-16   1.4355585e-15   2.9446913e-05   5.1728057e-04
   3.6415959e-04   1.7218859e-03   9.1456751e-04   2.8064798e-03   2.6238349e-02   6.7093513e-03   2.9147534e-36   4.5710246e-16   4.7600990e-25   1.5901107e-03
   6.2963649e-04   9.0765475e-04   1.6771791e-03   2.2353976e-03   3.3096081e-02   1.0257398e-02   4.7250833e-11   5.3558653e-22   4.3720445e-62   1.4436002e-03
   2.1999872e-04   2.1963789e-03   1.6165387e-03   2.4159342e-03   3.6129377e-02   1.1582029e-02   3.9792941e-13   3.5654960e-16   1.4836490e-47   1.0973258e-03
   1.4723279e-04   4.0097901e-03   6.7545987e-04   2.9708928e-03   3.5527722e-02   8.6001758e-03   6.3444345e-13   2.1541788e-08  3.8310092e-100   1.8834011e-04
   1.0447765e-03   2.1958179e-03   1.0240937e-03   2.5543810e-03   3.6590397e-02   6.8914735e-03   1.6074946e-03   2.6215712e-04   1.1082044e-35   1.6993624e-21
   6.1428830e-04   1.2426068e-02   1.1939859e-03   2.9364853e-03   2.7496931e-02   8.0055391e-03   1.1651344e-03   2.6467129e-04   2.3970539e-37   1.1094387e-03
   3.7327359e-04   2.3345203e-02   1.6677222e-03   2.8219216e-03   1.4515426e-02   4.8859635e-03   1.7310045e-03   1.2093673e-03   6.1231607e-35   3.7388872e-15
   1.0979210e-03   1.9475308e-02   1.7083319e-03   3.0949761e-03   3.1499269e-03   3.3057039e-03   7.4769621e-04   1.7635934e-03   9.7195928e-57   1.5061072e-04
   3.4835195e-03   9.4846439e-03   1.0800808e-03   2.8201619e-03   2.1532996e-03   8.3908900e-03   2.4068241e-06   6.3950354e-04   1.1053963e-43   5.8302781e-04
   3.8089263e-03   2.3575139e-03   8.3023392e-04   3.8188998e-03   8.0954753e-12   1.5583551e-02   1.0009319e-10   1.5327662e-04   3.9128726e-34   8.9107227e-05
   1.0695269e-02   1.5106503e-04   6.6605289e-04   3.5216645e-03   3.6427654e-24   1.4343800e-02   4.9071746e-21   4.4464382e-06   7.9060292e-59   2.1287944e-04
   2.0052315e-02   4.8587923e-04   7.9773021e-04   1.9795685e-03   1.0557765e-03   1.7377329e-02   1.2885690e-15   4.3821455e-10   1.0852532e-51   7.8567052e-04
   2.6788246e-02   1.1140551e-03   9.5729163e-04   1.2335120e-03   1.6387923e-31   1.8370668e-02   4.5621287e-15   6.0122053e-12   5.3959188e-39   1.2283356e-03
   2.4995938e-02   1.4272602e-03   1.3413734e-03   1.4748441e-03   1.1117761e-03   1.2978493e-02   2.4341619e-18   1.2868818e-16   7.0364508e-31   1.5247677e-03
   1.5298841e-02   6.0682610e-04   1.4793970e-03   1.6581961e-03   1.0749347e-08   9.3203975e-03   6.6175357e-12   1.1116514e-05   7.1171973e-76   1.8310846e-03
   4.9647110e-03   6.9424173e-04   2.3385459e-03   1.7704149e-03   2.4460657e-03   6.0055212e-03   8.3447550e-04   2.9998185e-04   1.1747328e-52   8.7133154e-04
   1.5847655e-10   1.4333961e-04   2.3663692e-03   2.0368796e-03   3.0263466e-03   3.7965978e-03   2.1145060e-03   1.3068633e-10   2.7937606e-55   8.4565141e-04
   9.4525196e-04   6.3046121e-04   2.0936988e-03   1.3870909e-03   6.4476893e-03   3.6030803e-03   3.0676796e-03   2.6591543e-04   6.1400958e-53   2.2926379e-03
   1.1203523e-03   9.3067196e-04   1.3669971e-03   1.0991685e-03   6.3547691e-03   3.9559603e-03   4.0816711e-03   4.1241528e-04   6.6196144e-55   3.5170866e-03
   5.1714101e-04   2.2695842e-03   9.5341152e-04   1.4893400e-03   4.7121902e-03   5.6507437e-03   5.0503328e-03   6.2574246e-04   4.3870880e-55   5.0781207e-03
   7.2245745e-06   3.4881579e-03   6.8491274e-04   1.6385061e-03   3.3216839e-03   3.9688841e-03   4.3203394e-03   3.2604542e-03   3.9409401e-69   4.7289327e-03
   3.2199824e-38   4.7261108e-03   3.4629381e-04   2.4244337e-03   8.8975247e-04   3.4089721e-03   1.3777943e-03   4.3980026e-03   2.7206577e-23   2.9268932e-03
   3.8019688e-41   6.5057510e-03   5.0212089e-04   1.8222952e-03   1.0977322e-05   4.1615588e-03   1.7054224e-03   4.0560775e-03   2.7994794e-20   1.3247947e-03
   3.5931922e-21   6.4356075e-03   5.4137260e-04   1.1958851e-03   2.1963970e-03   3.1707436e-03   1.5180511e-03   4.0728344e-03   5.1586909e-36   3.2242705e-04
   2.5954769e-04   1.0446394e-02   5.4942153e-04   1.4144868e-03   2.7497396e-03   2.1827433e-03   6.8464366e-04   3.3105306e-03   8.5977315e-27   2.6479397e-04
   1.6502630e-03   1.7900851e-02   7.4399872e-04   1.1913271e-03   1.0926456e-04   1.1672787e-03   1.3618006e-17   2.5257307e-03   3.8038730e-26   1.3153708e-03
   4.3964722e-03   1.7422571e-02   8.1886657e-04   1.2421188e-03   1.5597263e-04   2.8589924e-04   1.5618536e-34   3.1256207e-03   2.3115569e-41   9.6886454e-04
   9.0537154e-03   1.0206978e-02   8.8750887e-04   1.1766595e-03   1.0716169e-03   5.1269252e-10   1.0754148e-03   3.2245905e-03   3.2514386e-47   1.7631120e-03
   1.2039040e-02   3.1659841e-03   7.2363055e-04   9.2712902e-04   2.1516518e-04   1.4330448e-03   1.8041106e-03   2.9021145e-03   1.4824851e-46   1.7879248e-03
   9.6208909e-03   7.5306092e-06   5.7746171e-04   8.2869075e-04   7.0813309e-04   3.5981040e-03   4.3192521e-03   1.5135487e-03   5.0326746e-45   3.6545954e-03
   4.1032900e-03   3.9329842e-13   5.1587644e-04   1.0174156e-03   1.2569039e-15   3.2244057e-03   4.8664435e-03   1.9818136e-03   4.8675472e-41   4.7819855e-03
   1.8853954e-03   7.3197158e-22   7.0241762e-04   9.3554490e-04   1.0533474e-09   3.9167972e-03   5.4375713e-03   2.1186651e-03   4.9776354e-33   6.4593150e-03
   3.4818961e-03   4.1480830e-08   8.3475410e-04   1.3972380e-03   7.0516078e-16   3.8808158e-03   6.0919884e-03   1.6160824e-03   5.3155029e-38   8.4095942e-03
   3.6665515e-03   6.8219349e-10   6.4397396e-04   2.0031567e-03   6.2282752e-04   2.1810224e-03   5.3030085e-03   1.1371228e-03   7.4869469e-60   9.7074290e-03
   2.7169188e-03   9.9002437e-04   8.0444463e-04   1.6099378e-03   1.5063859e-03   1.5380484e-03   5.5987876e-03   2.4779095e-03   7.8753032e-34   8.1183851e-03
   1.1612271e-03   7.2774407e-04   7.9687552e-04   1.1621398e-03   3.0418390e-03   1.1138022e-03   5.8706337e-03   3.7393634e-03   8.3511729e-30   9.3942379e-03
   4.2152505e-05   1.9922649e-03   4.5173843e-04   1.0617500e-03   3.6732076e-03   4.2534378e-04   5.6257678e-03   3.2343528e-03   1.0814150e-39   1.4711312e-02
   1.4127416e-04   2.4584349e-03   5.7859810e-04   1.2053995e-03   4.9124771e-03   2.5741554e-05   1.9432393e-03   2.2584162e-03   1.9458064e-24   2.0205768e-02
   6.4640367e-04   6.3407879e-03   8.1106131e-04   1.3170100e-03   4.9871895e-03   2.9309348e-07   8.0540224e-04   2.1457141e-03   2.4181658e-19   1.9684687e-02
   6.0195234e-04   5.0227267e-03   7.7319593e-04   1.3785520e-03   5.0815868e-03   2.6297560e-03   1.6643130e-04   1.6234996e-03   8.0439933e-22   1.4469609e-02
   2.0821030e-03   8.6486767e-03   5.9039962e-04   1.4007067e-03   3.4253179e-03   2.4638618e-03   8.0327324e-04   2.1427200e-03   4.2504410e-33   1.1591729e-02
   4.7811705e-03   6.8289797e-03   3.3929442e-04   1.1563313e-03   2.3162049e-03   2.4907046e-03   2.9547824e-03   3.6726531e-03  1.7611482e-160   8.7175107e-03
   7.3094587e-03   7.8610975e-03   7.1654153e-04   9.7431826e-04   1.6425170e-03   3.1246900e-03   2.9015776e-03   4.4222250e-03   7.7624341e-47   5.5023226e-03
   7.5620980e-03   8.2703015e-03   6.0465039e-04   1.1487647e-03   1.0030409e-08   2.5920439e-03   1.4966746e-03   3.3642688e-03   3.8841952e-73   8.0117943e-03
   4.5380074e-03   9.2023318e-03   1.2904277e-03   2.3205753e-03   1.0563337e-14   1.6019297e-03   1.8440285e-03   1.1347975e-03   2.7125062e-38   9.7029361e-03
   1.7631395e-03   7.0688653e-03   1.0709591e-03   2.4900355e-03   6.8343108e-23   1.2134349e-03   2.4598722e-03   1.7175589e-03   1.4618069e-32   9.6142045e-03
   7.5274980e-10   3.4137976e-03   1.0662225e-03   2.3813695e-03   2.5243676e-37   6.4202006e-04   2.0450275e-03   1.4992669e-03   1.1173594e-32   9.9617560e-03
   4.7689215e-11   5.2449371e-04   1.5869731e-03   1.6144486e-03   3.2063861e-21   1.0536097e-03   3.6165191e-03   1.3035083e-03   3.7054539e-28   9.6867151e-03
   4.9042672e-26   5.8101308e-30   9.9038703e-04   1.1235044e-03   6.3037994e-14   3.0548682e-03   3.8023806e-03   1.9663947e-03   7.4174089e-21   8.2629450e-03
   2.2892885e-36   3.5760191e-14   5.6905643e-04   1.5497940e-03   1.9681086e-28   5.2598778e-03   2.8697752e-03   1.8787694e-03   5.2722947e-14   8.2488283e-03
   8.4378653e-36   6.7710215e-13   1.2928745e-03   1.3919679e-03   9.1796565e-18   5.5866991e-03   1.4457289e-03   1.6980653e-03   3.3148401e-27   8.4176930e-03
   1.1432807e-45   1.8731860e-04   1.4779041e-03   1.3599794e-03   7.3592488e-05   4.7717426e-03   3.1216526e-28   2.2225411e-03   4.3887798e-24   5.8832862e-03
   3.0522247e-34   4.4219967e-04   6.6233763e-04   1.3996967e-03   5.6936032e-04   5.3264094e-03   2.2279377e-10   2.4961484e-03   1.5806895e-16   2.8893996e-03
   9.5833428e-32   7.6592486e-04   4.9025848e-04   1.5016205e-03   8.1250335e-04   5.1140785e-03   4.4191074e-04   1.8651281e-03   2.0569335e-75   5.0902233e-03
   4.2901959e-21   6.3888100e-05   9.4032214e-04   1.9776372e-03   1.0454077e-14   4.0356388e-03   1.7299035e-09   7.0349257e-04   7.7926801e-22   9.4222824e-03
   8.6876722e-19   2.0255803e-03   1.2133383e-03   2.6630935e-03   2.0455062e-21   3.9616655e-03   5.1266673e-20   2.6213974e-04   2.8157678e-15   8.6547290e-03
   3.3493571e-04   2.7181630e-03   1.0698377e-03   2.8096350e-03   6.3266947e-09   2.9782461e-03   1.0269974e-21   1.4785561e-04   2.8454221e-23   6.7349065e-03
   2.4161104e-03   6.7253795e-03   4.9530188e-04   2.7797714e-03   1.2845973e-03   3.7457293e-03   1.4942597e-11   2.5068659e-04   3.8352141e-42   8.7766285e-03
   3.7933348e-03   3.8791208e-03   1.3587583e-03   2.8723301e-03   3.1976811e-03   5.0904570e-03   1.9139709e-13   5.9793132e-04   4.4286293e-31   3.6988801e-03
   3.0945905e-03   8.7267696e-03   1.2450828e-03   2.7445382e-03   2.6266569e-03   6.4783620e-03   4.6568826e-14   1.8266739e-04   1.7445318e-21   1.6828944e-03
   1.0862267e-03   7.9065522e-03   1.4273461e-03   2.5067759e-03   1.0319883e-03   9.0811323e-03   2.4913434e-04   3.2726930e-04   1.0664467e-15   1.5878339e-03
   9.6767202e-07   1.1112133e-02   1.7233534e-03   2.5690436e-03   7.7588612e-06   5.5209098e-03   2.3681612e-04   7.4224744e-05   9.2098760e-10   8.8697686e-03
   8.0055744e-22   1.2752507e-02   1.6937337e-03   1.7885397e-03   9.7179333e-11   7.7382788e-03   1.0685341e-03   2.0397403e-04   4.9755973e-16   5.5872568e-03
   2.5949322e-11   1.9042715e-02   9.0561391e-04   1.6254197e-03   2.7278150e-06   8.6918968e-03   2.2552242e-09   9.3960213e-04   5.9213106e-55   5.3026540e-03
   1.0561754e-19   1.8899298e-02   1.3535198e-03   1.7389534e-03   6.2208161e-16   6.8065398e-03   2.4977552e-30   1.3818929e-03   1.0891468e-19   6.2784508e-03
   1.3390530e-31   1.3572574e-02   1.7511071e-03   2.1939565e-03   3.3399157e-03   6.0239117e-03   9.4297323e-23   1.1826015e-03   2.8356991e-04   8.5736700e-03
   4.4443202e-33   5.4306383e-03   2.3251165e-03   2.5679246e-03   4.2527285e-22   5.4592780e-03   2.7004463e-30   8.4496560e-04   4.2594491e-04   1.0282349e-02
   7.2496552e-13   1.6758546e-03   2.3695115e-03   2.4927656e-03   2.2748543e-03   4.9280896e-03   3.6921855e-29   9.1947738e-04   2.1535254e-22   1.4314460e-02
   2.0903532e-10   1.8191546e-04   2.2909849e-03   2.5184882e-03   3.5651451e-19   5.6002657e-03   8.5430106e-50   2.5046998e-04   2.4812089e-32   1.4141048e-02
   8.0070332e-25   1.5676011e-17   2.0434707e-03   2.4627941e-03   1.4371434e-03   5.9259715e-03   3.0240946e-33   3.3958755e-04   7.0473297e-07   1.0527334e-02
   2.7165974e-04   9.0690853e-04   2.1194056e-03   2.8888104e-03   3.4081575e-03   6.8694900e-03   2.2248154e-26   4.0933019e-08   2.5426867e-09   7.6720172e-03
   1.5886574e-03   7.9601270e-04   2.1694247e-03   2.3310763e-03   5.9088151e-03   5.9743583e-03   3.6157324e-43   2.6591751e-08   3.8374325e-24   9.6203667e-03
   3.1817832e-03   1.1042063e-03   1.7303902e-03   2.0349449e-03   6.4792046e-03   6.2887297e-03   4.7826350e-05   8.3549724e-12   5.4666343e-30   1.3351104e-02
   5.3575160e-03   1.6518007e-03   1.6265404e-03   2.1458641e-03   7.3336056e-03   4.4977595e-03   4.1541565e-06   3.6413217e-10   2.1521316e-28   1.3315328e-02
   5.4303857e-03   4.0384398e-03   1.1352425e-03   1.8086525e-03   7.4166092e-03   2.5496722e-03   1.4537819e-10   7.2332559e-11   5.9454662e-44   1.5986729e-02
   2.1275582e-03   4.7326081e-03   1.6966192e-03   1.8268323e-03   6.5063380e-03   2.1111007e-03   7.1099322e-04   3.5678666e-12   2.5353497e-49   1.5823141e-02
   1.6958466e-15   5.1117968e-03   2.9432173e-03   2.2385246e-03   7.6332880e-03   1.6208956e-03   1.9704237e-23   7.8410875e-12   1.7164750e-31   7.1213630e-03
   1.2774160e-19   4.8778916e-03   3.9911404e-03   2.0650663e-03   5.7593531e-03   1.8518515e-03   4.1590357e-15   7.0270480e-10   1.2822483e-27   3.9180106e-03
   3.8847028e-11   4.1170924e-03   2.7471754e-03   1.7480265e-03   5.2291098e-03   2.8039819e-03   1.4228745e-07   1.7856618e-10   1.6253974e-30   6.9903012e-03
   4.9568524e-25   4.7741097e-03   3.0151710e-03   2.0434526e-03   3.0316786e-03   3.2151084e-03   3.1810219e-10   2.7463264e-08   4.9578927e-35   1.0249307e-02
   1.7747849e-31   3.5711823e-03   4.1759059e-03   2.3125751e-03   3.6469704e-03   3.6039068e-03   6.5723181e-06   1.2298455e-12   6.0171830e-34   6.1052793e-03
   7.7138720e-40   5.3185846e-03   3.0146258e-03   2.6723890e-03   1.4081707e-03   2.1160834e-03   1.1842589e-08   3.0351308e-20   5.7107618e-32   4.4367377e-03
   4.1651593e-42   5.5579365e-03   2.5382608e-03   2.1840392e-03   2.1360242e-03   3.0330931e-03   3.4023559e-10   3.0193792e-28   5.8253705e-35   6.2128859e-03
   2.7322989e-32   1.8794573e-03   2.5505629e-03   1.5794250e-03   4.7515742e-04   2.6754364e-03   5.0025558e-31   3.7795594e-23   1.5341416e-21   8.6992903e-03
   3.9366997e-17   5.8607923e-04   2.3858827e-03   1.7356627e-03   5.4751857e-08   1.7530765e-03   2.1505368e-31   6.2772634e-27   1.3409026e-07   9.1001509e-03
   1.1704977e-04   1.0298670e-03   1.7017206e-03   1.7043651e-03   1.1740490e-24   1.8060920e-03   1.2975174e-12   2.0534015e-22   7.7673798e-22   8.0128012e-03
   1.7940102e-04   7.0040507e-04   2.7921071e-03   1.1510189e-03   1.0917855e-03   1.4736552e-03   3.4612895e-03   1.2847442e-13   5.4462820e-62   5.6711943e-03
   1.4602312e-03   2.3850311e-04   3.3670541e-03   1.3537257e-03   9.8017657e-04   1.4210168e-03   2.8950113e-03   4.4181390e-14   2.2065372e-47   4.0951392e-03
   2.8847070e-03   2.9746362e-04   2.5553409e-03   1.7955781e-03   8.0215401e-17   1.6391161e-03   5.0797989e-05   5.3924210e-13   1.6757614e-42   3.8744179e-03
   3.1970404e-03   3.8143497e-19   1.4122551e-03   1.6158955e-03   1.8651244e-03   2.2550724e-03   3.2051278e-03   2.5388964e-14   6.3065811e-39   4.9086424e-03
   2.1378555e-03   9.9903532e-04   2.3130280e-03   7.5113326e-04   1.5029325e-03   3.6011083e-03   3.9650011e-03   7.7861945e-17   1.1378978e-24   4.2955909e-03
   4.2329158e-04   1.0251098e-29   2.3692737e-03   1.5719451e-03   4.5729745e-07   1.5879036e-03   2.9323468e-03   2.3745243e-08   1.8195630e-14   3.6188382e-03
   1.9032502e-29   9.0498484e-04   2.9456217e-03   2.4473995e-03   7.3768885e-04   2.0933165e-03   2.1011435e-03   1.0970513e-13   2.5127408e-20   5.2138580e-03
   8.0566379e-47   5.5099509e-04   3.3749511e-03   2.6731610e-03   1.6622188e-03   1.9477873e-03   3.1721386e-03   3.0318767e-22   8.3278654e-15   4.8773376e-03
   6.2784399e-54   1.5448511e-03   3.4867548e-03   2.0324022e-03   2.9889218e-03   1.3076018e-03   5.6961412e-03   1.8820053e-27   2.6105229e-14   1.2556293e-03
   1.8671279e-32   1.8342648e-03   1.5909519e-03   1.8139782e-03   4.3096608e-03   1.4868861e-03   7.1702389e-03   7.5928526e-17   6.0045535e-65   1.8327400e-03
   1.5391435e-43   1.6351400e-03   3.5461093e-03   1.9544728e-03   4.9234470e-03   7.7901701e-04   8.6149132e-03   3.0304972e-24   1.7043368e-09   1.0374588e-03
   1.9634724e-29   3.5011681e-03   3.7282200e-03   1.3078319e-03   4.8069894e-03   8.2785865e-04   1.0559408e-02   2.0368437e-29   2.0010022e-12   1.6592209e-03
   1.2655737e-12   3.8795112e-04   2.0853576e-03   9.8981514e-04   4.0668668e-03   1.5701034e-03   1.0437680e-02   4.5365595e-18   6.8279410e-41   1.6379830e-03
   2.8428778e-19   8.4565209e-04   3.4249506e-03   1.6049875e-03   2.2941331e-03   1.8504431e-03   1.1967686e-02   4.1777158e-30   9.1622118e-08   5.2239650e-04
   6.2461327e-23   6.5537039e-04   4.3956748e-03   1.6105992e-03   2.0827965e-03   2.6260433e-03   1.0151311e-02   1.5847413e-37   2.6225481e-12   1.1731528e-03
   6.0252679e-06   4.0371998e-03   3.4897913e-03   1.6808205e-03   1.5942743e-03   5.7368708e-04   4.6192633e-03   6.0117644e-32   1.9868504e-10   2.1512663e-03
   1.3597853e-03   8.9208841e-03   2.5317073e-03   8.5063452e-04   1.2142917e-03   2.1225895e-03   7.4538575e-03   4.7073475e-29   1.7023597e-27   2.0331666e-03
   3.0439564e-03   1.1234089e-02   1.0917035e-03   1.7535573e-03   3.7128741e-11   2.4185630e-03   5.4232054e-03   5.2701328e-27   1.9526822e-02   1.7870714e-03
   3.4231165e-03   9.3727630e-03   3.5533460e-03   2.0510626e-03   2.6910988e-13   1.4886080e-03   1.7773046e-03   2.5952048e-30   1.1208072e-03   7.7006054e-04
   2.2265138e-03   5.2471803e-03   2.7591246e-03   2.7456104e-03   2.5452581e-27   1.3340439e-03   5.4055038e-04   2.1815264e-28   1.5172264e-02   1.0992453e-03
   9.9035501e-04   2.0676924e-03   3.5366869e-03   2.2512101e-03   7.1247249e-09   6.4782125e-04   3.7998413e-03   6.0698036e-20   2.0768242e-25   1.1324512e-03
   1.2894949e-04   6.7656211e-04   4.0266105e-03   1.9673593e-03   6.7883413e-18   1.2117142e-03   3.5686291e-03   1.3582801e-12   1.3046543e-26   6.9000513e-04
   6.7307884e-22   8.8762027e-04   4.0977117e-03   1.4283349e-03   1.2142250e-20   1.7894885e-03   3.4147049e-03   5.4488596e-11   2.1890373e-12   8.1449861e-05
   6.7253021e-15   4.4400027e-04   4.4746107e-03   1.2796429e-03   1.3777115e-11   2.0463995e-03   5.0471547e-03   8.0649819e-12   1.8366977e-12   2.0885610e-05
   5.2586326e-18   7.7304434e-13   3.8932945e-03   1.2017910e-03   5.6180593e-04   2.9269900e-03   7.3090520e-03   8.4788918e-08   4.4872528e-18   6.2409586e-04
   7.7542902e-25   2.0702104e-06   3.3209890e-03   1.5785119e-03   1.8619796e-28   1.0458068e-03   9.1187810e-03   1.3345517e-12   1.5941337e-14   2.1934645e-05
   2.4818008e-18   1.5280323e-03   2.7289745e-03   1.6026352e-03   2.7477785e-51   2.3813583e-03   1.1314524e-02   3.9551272e-12   2.7921030e-03   7.4685218e-04
   8.9506016e-14   1.0490069e-03   2.5431698e-03   2.0286033e-03   7.6223255e-08   3.1174135e-03   6.5237576e-03   3.9685756e-16   2.7445661e-04   1.1504582e-03
   9.8378862e-05   2.4947406e-03   2.3682874e-03   1.6922632e-03   7.1454684e-15   2.7659765e-03   3.7351412e-03   1.7832777e-08   5.6791278e-14   8.4172455e-04
   2.2210908e-04   2.3207128e-03   2.1471443e-03   2.1223710e-03   7.2154780e-07   2.2711414e-03   5.2810775e-03   2.7673639e-17   6.5685963e-16   1.8962436e-03
   1.5191285e-03   4.0741293e-03   1.3873567e-03   2.4010740e-03   4.0090509e-32   1.3545766e-03   4.6167915e-03   8.0024247e-18   2.7556973e-45   2.2534319e-03
   3.7985441e-03   4.0226547e-03   2.8425918e-03   2.2259770e-03   1.9582842e-24   1.5109705e-03   1.3048132e-03   4.6360743e-18   4.5855965e-16   4.6041085e-04
   6.0300681e-03   4.1244693e-03   2.2279418e-03   1.6104535e-03   1.2809057e-14   2.0829001e-03   1.0949455e-08   2.8277402e-23   6.0506704e-09   2.1307908e-03
   6.2747278e-03   2.5941141e-03   2.6354947e-03   1.7413711e-03   1.8806477e-55   1.8484008e-03   1.5193727e-15   8.4493078e-21   4.5904352e-21   1.0727220e-03
   3.6474490e-03   4.1253729e-03   2.2720504e-03   1.7449209e-03   3.4933378e-06   3.3169659e-03   1.5094045e-03   2.1450783e-14   6.4914560e-37   4.0433189e-04
   1.3450172e-03   3.6748437e-03   3.7639264e-03   1.5089428e-03   2.5433869e-37   1.7507398e-03   2.2239917e-03   1.2771621e-11   4.0772132e-20   2.5388473e-04
   6.8303109e-04   2.7732206e-03   3.3693523e-03   1.7140162e-03   1.0664920e-03   2.4873468e-03   2.9695792e-03   9.6810637e-08   4.0395575e-33   1.0153155e-03
   6.1740285e-15   9.1912413e-04   1.9292633e-03   1.6571894e-03   9.7087738e-04   3.4732687e-03   4.1845418e-03   2.6726785e-04   1.0242113e-41   1.8562922e-03
   2.9129693e-16   8.5580257e-08   2.1015449e-03   1.2292406e-03   9.9629489e-04   3.0652503e-03   5.8321825e-03   3.2137140e-04   1.1283282e-28   1.2412584e-03
   8.4304461e-09   4.4169618e-26   2.5154122e-03   1.3889728e-03   1.7913174e-03   2.8329571e-03   4.7242998e-03   3.4826183e-04   7.4458897e-27   5.8196823e-04
   2.6682636e-17   3.7592961e-23   2.6667806e-03   1.3653233e-03   2.7419372e-03   2.8383079e-03   2.4261729e-03   3.6411288e-07   9.6488421e-15   5.8295913e-04
   3.4378805e-17   4.5707125e-20   3.3354129e-03   1.6118985e-03   1.2467312e-03   2.3119940e-03   9.7987957e-04   3.9333147e-07   2.0825100e-10   1.8304884e-03
   3.2031860e-14   8.4755370e-19   2.5434392e-03   1.8006967e-03   1.4301755e-06   2.8959812e-03   5.7899994e-05   7.3271527e-06   8.3895039e-26   4.2413248e-03
   9.8237842e-05   1.9284074e-17   2.1207515e-03   1.8895701e-03   1.3386019e-03   2.4307761e-03   6.4449072e-13   4.6897613e-04   1.0538928e-19   4.4714525e-03
   8.9161777e-04   2.7013996e-07   3.3073480e-03   1.3093459e-03   1.0469386e-03   4.2258541e-03   1.1826215e-08   3.4411905e-09   9.5219707e-09   1.9336086e-03
   2.1218429e-03   4.2437756e-11   4.1558739e-03   1.5507854e-03   8.0487077e-04   3.2162046e-03   1.2428067e-41   1.1237051e-07   4.8210072e-10   2.9275509e-08
   3.4448671e-03   2.1356096e-17   4.0738304e-03   2.1345750e-03   1.3099052e-03   2.1125121e-03   3.3159379e-39   9.8557515e-04   1.1849133e-20   3.1465229e-04
   4.6514169e-03   1.9663828e-16   4.0277516e-03   1.9444997e-03   1.8350904e-07   2.8014168e-03   1.8994082e-25   1.5243140e-03   8.2973149e-76   9.7507730e-04
   4.2656018e-03   4.3781555e-29   3.8702261e-03   1.4030873e-03   1.0698003e-03   3.3313923e-03   3.6063303e-08   1.0726021e-03   1.3742239e-36   1.4396206e-03
   1.5050460e-03   1.7416481e-11   3.9109275e-03   1.3057930e-03   1.8363165e-03   3.3657534e-03   5.0771522e-04   1.5721300e-03   8.4869913e-32   8.9131907e-04
   1.2231706e-03   1.2796099e-33   3.2522774e-03   1.4096764e-03   4.0659000e-27   3.0311219e-03   7.8361515e-04   3.2806175e-03   1.2379770e-50   1.0349490e-03
   3.8704724e-08   1.0465364e-25   3.0087572e-03   1.0706457e-03   1.6021901e-03   2.4114305e-03   1.0425410e-03   2.4431315e-03   2.6167926e-34   1.2164043e-03
   8.4922179e-04   5.8253711e-14   3.4640628e-03   1.0489779e-03   1.5644030e-03   2.7575740e-03   4.5116330e-04   9.6934950e-04   7.0465510e-30   7.0046729e-04
   5.8580694e-05   1.3589397e-16   3.6405265e-03   8.6953689e-04   1.3854905e-85   2.2884675e-03   8.3466522e-06   2.7356369e-03   1.6855058e-68   7.2392941e-04
   1.9865455e-28   9.6422895e-04   6.4789995e-03   5.4918318e-04   1.6680181e-03   2.5244877e-03   2.9413998e-12   2.8081254e-03   6.9525655e-40   2.4470176e-05
   4.7166732e-28   2.4731725e-03   4.3645171e-03   7.3823664e-04   5.9041420e-12   2.3508229e-03   2.0158171e-15   3.4152382e-03   8.6920983e-27   3.5546553e-04
   8.1205807e-10   1.7396011e-03   3.2614519e-03   7.9692078e-04   1.6985984e-44   1.3804524e-03   3.7714347e-22   3.6597105e-03   4.2693854e-25   2.8552625e-04
   8.6837901e-06   9.9779794e-04   3.4158120e-03   8.8823300e-04   6.7213934e-04   1.1647644e-03   9.4089454e-38   1.4613562e-03   1.4237981e-30   7.7670929e-17
   1.8664288e-04   3.5667439e-18   3.0653371e-03   8.8945084e-04   6.5614726e-36   1.5420589e-03   1.3508496e-33   2.0210873e-03   2.5912885e-43   1.8850921e-21
   2.9902289e-19   1.3026084e-34   4.8027637e-03   6.2690527e-04   2.3655822e-32   1.2420302e-03   6.0106511e-13   2.2162100e-03   8.3209365e-31   6.2273300e-16
   1.2036518e-24   1.1204290e-23   4.4691591e-03   5.7052075e-04   4.6864175e-32   1.0238987e-03   1.4700970e-19   9.2862717e-04   5.6212649e-10   1.6585356e-13
   9.0651773e-05   1.3921844e-20   3.6168743e-03   5.0195377e-04   5.0061941e-30   7.8780115e-04   6.4648864e-05   5.0151275e-07   5.0235430e-02   7.5332775e-04
   3.1025095e-04   6.9744465e-13   4.2996482e-03   4.6494016e-04   2.2280524e-05   1.0434517e-03   4.8007723e-04   1.4231623e-06   3.2247037e-02   4.4624011e-04
   2.1305889e-04   3.2322163e-17   4.8184425e-03   4.4886686e-04   4.4330303e-36   1.0482754e-03   4.0045148e-04   5.4106067e-05   2.0776867e-07   4.4306210e-05
   1.6451490e-06   4.2287916e-04   3.7854768e-03   5.6251479e-04   4.3945963e-22   1.2918746e-03   1.0105963e-04   1.1015333e-04   9.7558117e-22   8.1446500e-18
   2.0347679e-35   2.4124183e-06   2.6149767e-03   6.8342116e-04   2.9572762e-27   1.2291856e-03   7.1040388e-08   3.5619898e-04   5.8418473e-25   2.1033709e-14
   1.0609843e-28   1.2355755e-03   2.8293565e-03   5.5280836e-04   2.7674474e-13   7.3183181e-04   1.9919287e-07   2.3215730e-04   2.8737521e-20   4.1249783e-04
   2.8575030e-16   1.6396957e-03   2.8559277e-03   3.3380524e-04   8.6227842e-07   1.2094951e-03   1.3740026e-04   1.9779514e-04   1.8844741e-20   1.5028599e-25
   1.9100925e-34   8.8429966e-04   3.3466996e-03   4.7354835e-04   1.4041752e-03   1.0947114e-03   4.7563138e-16   2.9985732e-05   9.1579434e-21   7.4406937e-04
   6.6207255e-21   2.2581350e-03   2.9915010e-03   4.6442155e-04   1.2986015e-48   7.4428546e-04   7.7744940e-23   6.4542627e-05   5.0424293e-71   9.6955944e-04
   3.4483216e-22   1.9937569e-03   3.6213555e-03   6.1004622e-04   9.2761631e-04   4.6095024e-05   8.4941148e-30   1.5856213e-05   1.6762907e-22   1.1667451e-03
   9.2390592e-25   2.7248984e-03   3.2469544e-03   4.0165434e-04   1.0105784e-03   8.4471558e-09   4.6931565e-27   2.0482356e-08   3.6409835e-02   1.4977669e-03
   7.6151429e-35   2.7597501e-03   4.0653033e-03   3.9480827e-04   9.6811759e-30   6.5423482e-10   1.2924244e-28   3.4808866e-19   5.6417358e-02   1.0552211e-03
   2.9745261e-49   5.3380571e-03   3.7752681e-03   4.1528777e-04   7.3510792e-23   2.0581250e-08   7.3196656e-12   8.4121517e-19   5.9127802e-02   1.1754959e-03
   7.9801358e-36   8.0952999e-03   3.3843746e-03   2.2777478e-04   6.0458848e-07   9.4065148e-06   3.3220318e-05   3.2491510e-17   3.2796008e-02   5.9009646e-04
   7.5616126e-13   6.0012301e-03   3.5202646e-03   2.5570770e-04   2.1688201e-27   2.2633043e-08   7.9070202e-05   4.3172477e-10   2.0744450e-11   2.3867325e-04
   1.5291414e-19   4.2790505e-03   3.1076284e-03   4.3442889e-04   1.0717791e-11   4.0492298e-16   1.2836152e-04   4.2325696e-08   7.5420522e-18   1.2450675e-03
   3.5202643e-08   6.5790825e-04   3.5100845e-03   5.1570132e-04   2.5643122e-14   2.1976825e-09   1.7064440e-05   1.1641440e-13   7.9496669e-04   2.7948060e-03
   2.2163574e-04   7.2690215e-04   3.9920356e-03   7.0404320e-04   8.6884090e-37   4.3088234e-25   9.3071931e-14   2.6236533e-17   1.2521362e-02   3.7627116e-03
   3.5769828e-04   1.7395243e-07   5.3189452e-03   4.8983137e-04   9.8000910e-16   1.8185158e-38   1.4976505e-04   3.3181864e-17   1.7932827e-07   4.7544633e-03
   4.7345466e-04   1.4794065e-21   4.8350511e-03   2.3078522e-04   4.7369673e-09   2.3357318e-32   3.2336696e-04   1.7876631e-09   1.4389791e-20   5.4876371e-03
   3.1088377e-12   1.3823658e-03   4.5046080e-03   3.9559661e-04   2.9922394e-41   7.1802237e-41   9.4285703e-18   4.0916590e-13   5.1171557e-18   4.4789425e-03
   1.2833680e-10   3.0000518e-03   5.5228081e-03   3.3753099e-04   3.0281010e-20   4.9916243e-39   2.7001985e-30   1.7454422e-17   1.8519732e-02   1.6524178e-03
   5.4796937e-26   2.6036255e-03   6.2143058e-03   3.9985167e-04   2.5497646e-27   1.3638393e-36   6.8647184e-36   3.8086779e-21   1.5360764e-07   7.2453460e-08
   3.1760624e-24   2.6903469e-03   5.2205494e-03   3.3012053e-04   2.7370062e-46   8.1073785e-35   6.3968032e-39   5.4224271e-18   4.7666628e-20   1.7418219e-03
   1.1058980e-44   2.3913077e-03   5.4174353e-03   2.8652466e-04   2.4581255e-22   9.7719203e-36   1.1423322e-32   1.4368967e-22   1.2321908e-06   1.7048134e-03
   3.7705282e-26   2.7123069e-03   5.0609530e-03   2.9671965e-04   6.6662671e-04   2.7450049e-44   4.5675101e-12   1.2836039e-17   3.5640343e-12   2.0101765e-03
   1.0476969e-17   2.5283265e-03   5.4831726e-03   2.4191726e-04   3.0974662e-06   3.7572586e-44   5.9623225e-10   3.1084143e-08   2.9643751e-03   9.4721667e-04
   5.3868563e-46   2.6364089e-03   4.0338948e-03   3.5919011e-04   3.3229639e-04   2.1313597e-35   1.8275498e-12   2.3755675e-04   3.1085237e-13   1.8092413e-34
   5.0292278e-04   2.6987437e-03   3.1819313e-03   3.3053541e-04   1.9530404e-03   7.1272645e-29   8.9186041e-05   1.5786471e-04   8.6618197e-37   8.2536156e-06
   6.0228027e-04   1.8847053e-03   3.5994769e-03   3.6904885e-04   1.0065876e-03   7.7855672e-35   7.3103882e-14   1.0399658e-04   3.0194601e-15   3.5037845e-27
   1.9379929e-04   1.9478711e-03   3.8143654e-03   3.1062630e-04   7.0103435e-19   3.2292176e-44   1.8540999e-04   1.8281883e-04   1.9592487e-02   7.6075030e-06
   1.0476289e-03   1.4162261e-03   3.2119928e-03   3.3506911e-04   1.7784990e-03   4.1888953e-36   2.8801724e-04   2.2066641e-04   4.9196921e-02   2.5321079e-04
   1.0910187e-03   2.5786550e-03   4.0777685e-03   3.8675260e-04   1.5197438e-03   6.2187744e-41   6.9866958e-09   3.7866412e-04   1.6071517e-02   1.5084436e-29
   7.9484279e-04   2.9229668e-03   4.5686993e-03   4.2434130e-04   7.8029361e-23   8.7040481e-43   1.8619641e-21   6.4298683e-06   2.1087025e-06   5.1559242e-48
   1.7152124e-03   2.6997856e-03   3.6465653e-03   4.2498495e-04   6.7756688e-04   8.6075462e-40   2.6122465e-04   1.2895651e-07   2.7150350e-22   4.5965618e-32
   4.9112743e-04   9.4659785e-04   4.2099312e-03   2.9549695e-04   1.3591783e-03   3.2303122e-28   6.3980388e-04   2.8981241e-04   1.0211505e-82   1.5189106e-24
   6.2786914e-04   1.8738755e-22   4.6459453e-03   3.0443348e-04   5.9465484e-07   4.9398626e-28   2.3363863e-04   6.9177778e-05   6.9888435e-14   7.9328090e-36
   2.7866631e-04   1.5746845e-18   3.6071964e-03   4.1255768e-04   2.5220060e-10   3.6321965e-24   2.8175475e-05   8.2901421e-05   8.1753005e-17   8.9477962e-32
   2.5487493e-04   5.5344196e-27   3.5312642e-03   3.6449741e-04   2.4022555e-27   3.7308106e-22   2.5571300e-04   1.1424834e-05   4.9513310e-52   9.9531442e-33
   3.3244420e-04   1.5907575e-12   3.3489824e-03   2.8757145e-04   1.2945463e-03   1.0974992e-26   1.6402434e-04   4.0030362e-05   3.5155027e-56   3.2120623e-20
   3.8449880e-08   7.9993173e-12   3.8027227e-03   3.3086092e-04   1.3837419e-03   7.3338352e-35   3.1957360e-04   1.4343189e-04   7.1326809e-32   3.0016324e-24
   1.9085776e-14   6.5381186e-58   4.4509675e-03   3.9188372e-04   4.0749875e-04   3.9548948e-35   4.2220678e-04   3.6129484e-04   2.5264211e-11   6.4110410e-32
   1.1711021e-17   1.7782132e-48   5.3276752e-03   4.1465910e-04   1.0281316e-03   5.7228117e-37   2.4177638e-15   2.2315266e-05   2.8196689e-19   1.7530824e-33
   4.1959601e-39   2.1334395e-18   5.1959165e-03   3.4452011e-04   2.0475515e-04   1.6166843e-32   3.2928384e-06   1.5635191e-04   2.5928628e-10   1.7722927e-39
   6.5284695e-26   3.8639450e-22   3.9296570e-03   3.5916851e-04   2.4655946e-12   1.4881645e-30   3.5540731e-04   3.2197029e-04   1.4144307e-02   1.5577746e-33
   3.1326392e-30   2.1814206e-13   3.9769774e-03   3.1991813e-04   5.9034476e-04   1.3456945e-42   5.6621475e-04   3.7013290e-04   3.8499131e-03   1.2117135e-22
   4.0253749e-18   1.9422527e-16   4.3290932e-03   3.2074764e-04   2.0413031e-08   1.3688295e-41   7.0067002e-05   4.7621108e-04   1.2461059e-08   3.7184980e-31
   1.2912228e-23   1.1531121e-28   3.8530969e-03   3.5331443e-04   6.9164488e-04   1.0869492e-32   2.9710905e-04   7.2491808e-04   1.5299570e-10   4.7467125e-52
   1.1241199e-24   9.5482676e-20   3.3556119e-03   2.7989015e-04   8.2059287e-04   2.1746382e-25   3.2340059e-05   5.9753802e-04   1.8449777e-25   9.6274632e-29
   1.7839948e-06   7.2443081e-30   3.4435175e-03   3.0429480e-04   9.1681399e-04   2.2011844e-20   3.8672336e-21   4.4127269e-04   1.3259578e-70   1.0908809e-25
   1.3987225e-18   3.9293908e-36   2.6717297e-03   3.5174990e-04   1.1852252e-03   1.1683758e-22   1.5886165e-04   4.2493880e-04   9.3235193e-32   2.2828438e-20
   1.7570033e-13   3.1796676e-21   3.0472580e-03   3.5894451e-04   1.2949774e-03   1.5458623e-33   1.3128087e-04   1.5287999e-04   5.5582860e-17   2.1842499e-14
   2.2038474e-17   2.8074292e-04   2.2694784e-03   3.5638550e-04   1.1686575e-03   1.0980201e-18   4.5072147e-04   2.3874082e-04   6.9883320e-13   2.4058825e-08
   4.1720974e-29   3.1278941e-09   2.7475158e-03   3.2796121e-04   5.8721405e-04   1.1897501e-22   7.5225422e-04   2.1436357e-04   1.8546659e-07   2.5749910e-17
   1.4774182e-27   7.0541164e-27   3.1633624e-03   2.4912652e-04   2.3942712e-04   5.2546976e-15   9.7291682e-04   1.2181166e-04   3.3425274e-03   1.2617474e-20
   7.9979662e-10   3.7988618e-30   2.8195543e-03   2.3777743e-04   1.9326924e-04   1.6299032e-06   9.4535915e-04   1.5948604e-04   3.8816743e-17   1.1479222e-13
   3.0382046e-19   6.8494627e-39   3.0786234e-03   1.8176542e-04   2.4986067e-06   1.0732012e-18   9.5020568e-04   1.8863738e-04   6.1865828e-04   2.1768346e-16
   3.6822696e-33   3.8023826e-43   2.7433440e-03   3.0911740e-04   4.7227341e-34   1.0792949e-22   8.3954937e-04   2.9629841e-04   2.3391265e-02   7.4134532e-16
   6.0543779e-31   6.9010620e-48   2.5565295e-03   3.4728827e-04   1.0709058e-50   1.5676538e-18   6.2839446e-04   2.9897080e-04   5.3720379e-02   1.5647404e-19
   5.0092837e-19   2.7649601e-33   3.1431420e-03   2.5860853e-04   5.0638550e-14   1.0190269e-10   2.1684994e-04   2.8676621e-04   3.9742333e-02   1.2803305e-39
   6.2218365e-13   3.8859451e-40   3.8508465e-03   2.1717513e-04   9.4825624e-11   4.0695271e-12   2.1509712e-06   4.3720045e-04   4.2589633e-07   1.1645703e-32
   3.4143458e-13   2.9839834e-51   3.2507988e-03   2.1522155e-04   1.3257660e-48   1.7818332e-13   1.7997210e-12   7.7586725e-04   7.2975068e-03   3.5286524e-19
   2.8142117e-07   3.1514136e-33   2.5166087e-03   2.9795939e-04   3.1187950e-04   9.9532161e-12   1.3060877e-15   1.0378123e-03   7.5109679e-26   3.8640709e-20
   1.0072915e-04   8.1248969e-36   2.7194061e-03   2.9474328e-04   3.9089902e-04   2.9057118e-16   4.2455509e-13   6.6984056e-04   4.8039624e-33   3.7915897e-26
   1.0506014e-04   1.3175952e-28   2.8302149e-03   1.7746819e-04   6.1845607e-14   4.1220065e-05   3.5766117e-12   4.5118783e-04   2.2513505e-39   2.2078239e-17
   3.7726850e-30   1.4542322e-28   3.7092974e-03   1.9119219e-04   4.6040175e-04   9.3334851e-16   1.3494740e-15   2.6539172e-04   1.3387827e-17   5.4573710e-17
   4.7335628e-23   7.3835849e-19   3.4695504e-03   2.4262066e-04   5.8742219e-04   2.7506722e-14   2.2571258e-09   1.3784133e-04   1.8611897e-28   7.5331736e-17
   2.9829607e-36   6.0528778e-24   3.4331586e-03   2.7941318e-04   5.0062003e-08   1.0751578e-05   4.1358096e-11   1.5482706e-04   1.9338645e-53   3.4581731e-19
   9.0544135e-10   4.5714963e-14   2.3947864e-03   1.8743118e-04   3.0834396e-37   2.6953000e-04   1.4954966e-04   2.4317430e-04  9.6231898e-103   2.7525045e-18
   2.7583471e-07   8.9532859e-04   2.4050962e-03   1.7825593e-04   4.7723829e-04   2.5270202e-04   2.5437098e-04   1.5442697e-04   5.6650461e-53   8.7092143e-17
   9.3065391e-06   1.1584656e-03   2.9679701e-03   2.0144954e-04   2.3824939e-05   1.3241105e-04   1.5185409e-04   5.9372023e-06   3.9392482e-32   1.9008193e-42
   2.0956244e-04   7.7769178e-04   3.2550215e-03   1.3267958e-04   3.5635332e-91   1.7443385e-04   1.8373866e-08   1.4695049e-04   3.1767152e-37   1.7732113e-23
   1.9214961e-04   6.4660588e-10   3.4727686e-03   2.1560768e-04   4.7006142e-04   1.6841458e-04   4.2012147e-60   3.5777041e-05   1.3649801e-25   5.8074542e-04
   1.2553724e-09   1.3579290e-18   2.6894486e-03   3.3249491e-04   4.5241116e-04   6.7166856e-05   1.0440643e-65   1.2174048e-04   4.8961479e-07   1.1027544e-03
   3.8970847e-19   1.3482095e-44   2.6892475e-03   3.1736527e-04   4.8523168e-35   1.5240249e-04   1.0461605e-44   2.7857282e-04   1.5996328e-02   5.5982220e-06
   1.7174323e-04   5.9237010e-23   2.5079417e-03   2.0833256e-04   3.1789844e-04   1.5329580e-04   1.5978200e-33   2.5692339e-04   2.0975821e-35   5.0780285e-12
   4.0205060e-04   1.5820656e-09   2.1846691e-03   1.3396263e-04   4.8098283e-04   2.1669174e-04   1.4018662e-28   2.4645163e-04   1.9604423e-27   3.0149217e-04
   5.2897777e-04   1.5176084e-21   2.7682703e-03   1.1067410e-04   8.8784024e-04   2.5708387e-04   3.7262750e-50   1.8257682e-04   1.9114008e-04   7.6201529e-06
   6.5845803e-04   4.2326356e-34   3.0781323e-03   2.4869453e-04   1.0737864e-04   1.6484284e-04   9.9984445e-42   1.1276088e-04   3.2649359e-20   3.7908679e-04
   2.6915679e-04   1.8258705e-50   3.6089046e-03   2.6731479e-04   5.0455655e-30   1.6807370e-04   1.3293155e-35   3.5347362e-06   1.1623289e-23   4.0605123e-04
   2.6683461e-04   7.6541562e-47   4.5060568e-03   1.9290583e-04   6.3420332e-20   2.9757003e-06   3.7378417e-34   1.5602026e-10   4.0372379e-15   2.7031278e-05
   4.7907056e-04   1.5360030e-44   3.5864158e-03   1.5557972e-04   6.0844016e-10   1.2191135e-04   6.9244330e-26   4.6450458e-05   3.9877597e-23   3.4186971e-04
   4.5066162e-04   1.4127812e-40   3.2054817e-03   2.4848897e-04   1.2934275e-12   1.3938909e-04   6.1357347e-29   1.6279838e-05   8.9521922e-10   9.5820093e-05
   1.2742099e-04   1.1128961e-37   3.3717120e-03   2.0954216e-04   4.1209780e-04   6.5874775e-05   2.1850583e-34   4.4271183e-09   6.2314111e-11   5.4181906e-14
   6.8982239e-16   3.1298772e-42   2.8555807e-03   2.5170012e-04   4.1450054e-04   2.6461769e-04   3.0165924e-50   2.2340420e-07   2.8715815e-13   2.4089354e-15
   1.1537433e-04   1.0018194e-50   2.3015724e-03   2.0991045e-04   9.0564971e-11   3.6792768e-04   2.8838246e-55   9.8233242e-05   1.4819523e-02   1.6990735e-08
   3.5748884e-17   2.1091330e-40   2.3726191e-03   2.3313610e-04   4.6791080e-20   2.5934380e-04   4.7599901e-62   1.3672435e-04   4.9263149e-02   7.8129807e-18
   1.6990673e-39   2.0295995e-36   3.0304785e-03   2.8192205e-04   2.3990979e-21   1.6312987e-04   8.1956413e-49   2.5682329e-09   3.6382924e-02   4.7204447e-18
   8.9335201e-29   1.7413953e-43   3.3815526e-03   1.8158711e-04   2.4852802e-24   8.5239068e-07   6.8043259e-24   7.4096020e-12   1.4882767e-05   9.5483225e-05
   1.2800490e-21   4.2672607e-35   2.6294509e-03   2.0233237e-04   4.1919072e-50   2.3387568e-09   1.3789356e-26   2.2160650e-04   1.9698934e-39   4.5049878e-04
   3.0420033e-17   1.5096948e-35   2.8784049e-03   1.9511085e-04   2.8843852e-36   1.2187187e-11   1.7117020e-22   4.0244776e-04   9.1472331e-22   4.6253387e-16
   1.2955316e-04   5.1206490e-49   2.5243676e-03   2.3129626e-04   1.8866639e-27   9.2346902e-05   7.8062934e-26   4.6032112e-04   2.8467893e-07   1.7348612e-15
   3.2814721e-04   3.5319288e-29   2.3452215e-03   2.0206904e-04   4.6544724e-29   1.3640608e-04   8.1517625e-22   1.9523496e-04   2.7643038e-15   5.4955433e-04
   4.0029317e-04   3.1577552e-22   2.5671379e-03   1.7181675e-04   5.9851807e-16   3.3141766e-04   2.3876186e-14   1.8113167e-04   7.8734580e-35   2.3767451e-04
   3.4082961e-04   1.3815132e-18   2.7879142e-03   1.9517451e-04   2.7961356e-09   4.9627822e-04   1.6302920e-14   3.1457358e-05   1.2426380e-18   9.3878776e-12
   7.7122592e-05   4.0222931e-09   2.3151051e-03   2.1507101e-04   2.3881857e-07   3.5756627e-04   3.8711022e-08   1.8794560e-05   7.2046215e-08   3.2242880e-04
   2.5828608e-04   2.0128433e-04   1.9530937e-03   2.0075586e-04   2.8988385e-05   2.8395732e-04   1.3898597e-05   1.2004383e-07   3.2500895e-29   5.1888417e-04
   1.5806003e-04   2.5779573e-04   2.5894722e-03   1.3543905e-04   3.4152741e-04   2.8677202e-04   2.1442118e-15   4.8221060e-09   1.6502680e-24   3.9605912e-04
   7.0345001e-05   1.8632632e-06   2.6748500e-03   1.4122037e-04   9.6685226e-11   3.7164819e-04   7.2343997e-27   2.0647437e-05   1.2957888e-12   1.1532671e-03
   6.6666144e-14   1.0495390e-05   2.4381346e-03   1.2836198e-04   3.3170348e-25   3.1727331e-04   1.2674803e-24   7.0670446e-10   3.9654529e-23   7.7680621e-04
   1.5170618e-12   5.8488874e-06   2.5050379e-03   1.6232855e-04   2.9260174e-14   3.4935991e-04   1.0754435e-30   4.8050620e-15   6.7297097e-41   3.8846415e-04
   3.0106480e-15   3.9166724e-13   3.2415367e-03   1.1264688e-04   1.4364999e-07   5.5599980e-04   9.2359882e-22   3.0588199e-10   2.1862707e-12   4.2254442e-04
   7.1381852e-09   9.2542536e-13   2.9424287e-03   7.4938959e-05   3.0000606e-04   6.4466017e-04   6.7289237e-16   2.3913831e-05   8.6961717e-10   2.7989279e-04
   9.2493459e-09   1.7083822e-29   2.7316520e-03   1.2843591e-04   2.3809514e-04   9.2688706e-04   9.0004543e-26   3.7091117e-10   2.1227306e-05   4.7923793e-10
   2.8689176e-15   3.7148812e-19   4.3271984e-03   1.2961013e-04   8.9106297e-22   9.8685017e-04   2.3901020e-27   6.3857822e-24   3.0414826e-08   2.3724623e-12
   1.0981863e-05   3.3786818e-14   3.8471488e-03   1.2828710e-04   1.1859832e-16   4.0450920e-04   3.3375053e-20   1.6558339e-19   8.4158495e-16   5.7434692e-04
   3.2102285e-04   4.8868898e-14   2.7731146e-03   7.5926293e-05   5.8121156e-36   3.0612952e-04   1.2044374e-08   1.4174526e-10   1.3189900e-12   1.6765015e-03
   6.6173233e-04   7.5224448e-20   3.2381214e-03   3.5502843e-05   3.3875359e-21   6.1750859e-04   3.9350219e-17   1.4694344e-13   5.6204750e-08   1.3971414e-03
   1.2976395e-03   6.4208186e-04   2.8230821e-03   8.2860776e-05   7.3655924e-17   6.4876123e-04   4.5241132e-17   1.2264309e-14   1.1296362e-11   2.4582063e-06
   1.3778166e-03   1.5564184e-03   2.2469377e-03   7.4629035e-05   2.5976338e-32   6.2349340e-04   1.0322580e-32   7.6075091e-14   5.4770836e-10   1.6442043e-03
   9.0454165e-04   8.0152991e-04   2.3399903e-03   4.7807082e-05   5.0762070e-34   8.8747985e-04   1.8821180e-16   2.4281115e-09   5.0120668e-23   1.5449678e-03
   9.5341717e-04   1.0926663e-03   2.1558539e-03   7.1045766e-05   9.6030433e-15   1.1699942e-03   9.8571568e-08   2.4362380e-07   7.1447354e-40   3.2045260e-10
   7.4864294e-04   7.8464847e-04   2.7582403e-03   5.7366449e-05   6.0807216e-37   9.4014472e-04   2.9542818e-37   1.7779989e-09   1.0697534e-09   4.3293404e-04
   3.2794800e-04   2.9861031e-05   2.5045371e-03   8.1784056e-05   6.1369135e-32   8.5340826e-04   5.0018019e-39   1.1938505e-10   1.1397380e-11   1.3083259e-03
   2.8393203e-04   6.5854116e-04   1.9694941e-03   8.3348010e-05   6.5411691e-29   8.3740018e-04   1.2859335e-24   7.7582516e-14   8.7801414e-35   1.1810366e-03
   2.5969269e-04   4.1655314e-04   3.4845608e-03   1.0468548e-04   9.6676350e-20   5.8325893e-04   4.1336110e-52   1.2134888e-15   4.4359629e-12   3.4087464e-04
   2.4437841e-05   5.0011482e-04   3.8627573e-03   9.1497183e-05   1.0152198e-22   2.9278871e-04   8.4103574e-34   4.0837862e-10   1.5545874e-02   1.1500343e-03
   2.2865864e-11   2.6556311e-06   4.1817864e-03   1.0525125e-04   1.9117435e-36   4.6875505e-04   9.7207533e-21   1.3017291e-15   2.9637772e-03   2.5136798e-04
   1.1061899e-15   4.2304098e-09   3.4346828e-03   9.0203108e-05   1.6902925e-14   6.9353199e-04   4.4584769e-23   3.6895630e-20   1.2091520e-04   1.4273926e-04
   4.7006360e-09   6.4307865e-34   2.6817698e-03   9.2973464e-05   3.7262627e-35   5.9926678e-04   4.9695885e-20   1.0434224e-13   1.0849159e-08   5.5852802e-04
   1.8262736e-04   2.4818905e-10   2.2992300e-03   8.7790937e-05   2.3281966e-51   6.9699199e-04   1.7574612e-04   4.4830138e-10   3.3819165e-46   9.5115568e-05
   6.4522552e-04   2.7602049e-15   2.9587634e-03   7.8300965e-05   2.0624986e-49   8.0959067e-04   2.5379258e-04   5.3364659e-21   7.2560958e-15   2.7623982e-04
   1.2308231e-03   5.6179272e-13   2.8079683e-03   8.0610303e-05   7.9155883e-48   7.7340681e-04   1.7956702e-04   5.6049239e-23   8.5188000e-10   2.7121327e-04
   1.1267776e-03   3.9353817e-09   3.5770166e-03   6.6200987e-05   5.5106815e-61   5.4006408e-04   7.2694110e-05   1.2268401e-24   1.9063288e-43   2.6643248e-04
   7.7293795e-04   2.8103895e-04   3.4285243e-03   8.9539339e-05   2.8309165e-26   4.9681983e-04   2.2175765e-06   4.3636561e-33   4.6396007e-34   5.9129329e-04
   6.4653238e-04   3.7579699e-04   1.6261340e-03   1.0668107e-04   3.7254971e-15   3.5470027e-04   1.1711320e-05   1.6073204e-13   1.8378822e-43   1.2452633e-03
   5.0271512e-04   7.4389422e-26   1.7594241e-03   9.2107560e-05   2.2118025e-36   4.7867986e-12   4.9688171e-30   1.1030393e-08   2.2032472e-08   1.7789321e-35
   5.1238357e-04   2.0299934e-27   2.3122189e-03   7.3415706e-05   2.2678873e-43   2.3648963e-04   2.6211114e-36   2.6494931e-15   7.5266457e-03   8.6986770e-04
   2.5120427e-04   3.6079435e-07   2.9430393e-03   3.9025088e-05   1.7125737e-46   3.0767858e-04   5.5523614e-14   2.3226175e-19   1.6018761e-02   1.1993799e-03
   5.5785134e-05   4.6974863e-07   3.2572633e-03   6.2973906e-05   8.9358715e-29   2.6254562e-04   5.3284341e-06   3.0099409e-20   3.1376014e-10   5.8457659e-04
   2.0844705e-05   6.9793059e-44   2.3013087e-03   8.5130797e-05   1.5791085e-48   3.1409253e-04   8.0253671e-09   1.1486483e-15   8.2988875e-19   2.4457636e-04
   2.5278935e-27   8.3908367e-04   2.3033983e-03   7.7104175e-05   1.3004963e-39   3.0881727e-04   3.4742568e-36   1.3670877e-18   2.0483258e-40   5.2208549e-04
   3.5914086e-27   7.6453586e-04   2.9920931e-03   8.3757962e-05   1.0351372e-35   2.0798147e-04   3.1961254e-26   5.7468199e-28   7.0926008e-11   7.3429347e-04
   1.4011133e-09   4.4976769e-04   2.6744144e-03   9.1036383e-05   1.2190743e-16   1.2310866e-04   2.5999256e-12   4.9209018e-16   4.6543280e-11   6.2253795e-06
   8.6927094e-06   4.6480237e-04   2.4709561e-03   1.0228429e-04   8.6244168e-21   9.6108155e-05   1.2983244e-04   1.1249323e-07   4.2223622e-21   7.9664400e-04
   1.0622325e-15   2.0600697e-04   2.2793613e-03   9.3348281e-05   3.8622761e-04   6.0918480e-06   3.3833989e-05   1.9937787e-07   7.1272201e-36   9.0552436e-04
   2.1521844e-14   4.5630863e-05   2.8788052e-03   1.1846430e-04   3.5568320e-04   1.7668577e-19   1.2917039e-46   1.0135242e-17   3.8540179e-40   1.1461418e-05
   2.1976362e-04   2.1564396e-07   2.2545911e-03   1.6400432e-04   1.2162641e-19   6.6192290e-06   1.3985881e-07   6.8284474e-14   3.9413438e-38   5.6212699e-23
   2.0156002e-04   4.1110596e-12   3.2073529e-03   1.1749073e-04   5.4347064e-46   1.0273570e-04   5.4126946e-06   5.2239743e-19   3.1681997e-04   9.1241130e-46
   3.0276691e-04   3.8056346e-07   3.3329786e-03   1.0369703e-04   8.5373323e-38   1.2387591e-04   7.9027092e-10   7.7699860e-13   2.0098367e-11   3.8065628e-29
   2.9403371e-04   4.3794526e-05   3.3565320e-03   1.1983496e-04   2.3087002e-40   1.1240250e-04   6.9296260e-18   4.7002318e-10   4.8970442e-48   5.6415186e-19
   2.4650345e-04   4.1706518e-04   2.8308521e-03   9.9622579e-05   1.0669809e-75   1.0086500e-04   7.4661917e-19   6.9331661e-06   2.6180792e-31   1.7625926e-33
   5.3052558e-04   1.0091535e-03   2.4852171e-03   8.7463535e-05   2.8601030e-44   4.7476605e-05   1.2893026e-04   8.7895889e-10   6.9545919e-33   6.4794115e-04
   2.4438797e-04   1.2847449e-03   1.9799280e-03   9.3615621e-05   1.1916873e-26   4.4885127e-12   2.4429512e-04   1.2749259e-08   3.3245486e-20   1.8606241e-04
   8.4021436e-05   8.6936239e-04   2.4589307e-03   9.5789812e-05   2.6788158e-43   9.4149482e-18   3.2488199e-05   1.0305404e-08   7.3383811e-08   1.5568900e-29
   2.0377037e-05   5.6863713e-04   1.9640861e-03   1.0574441e-04   1.0271624e-30   1.0266907e-19   1.0607276e-17   7.7540852e-05   2.6689683e-23   1.5712140e-09
   1.4730566e-17   3.3509368e-14   2.5630197e-03   7.9079035e-05   9.6114753e-05   7.8278720e-25   1.0553755e-16   4.4508802e-05   2.9027054e-20   2.2687144e-17
   7.2410436e-17   2.4665413e-08   3.1867293e-03   1.0109611e-04   2.2105950e-07   6.3942417e-11   3.9844273e-19   1.6301283e-04   1.5287918e-11   6.1733609e-17
   1.1359694e-23   1.7702955e-17   3.7714255e-03   9.7427188e-05   1.1087232e-08   4.2623900e-05   1.1824227e-47   7.9527015e-05   1.3126405e-06   6.7451207e-32
   7.2254815e-29   2.3957048e-10   3.7991206e-03   1.0620989e-04   1.8318228e-26   2.6146998e-05   3.3869441e-19   1.7751674e-09   3.6317176e-11   2.1903298e-19
   6.3419551e-06   6.4340789e-04   2.6368888e-03   8.0707525e-05   2.6921930e-42   7.7756392e-05   5.0553412e-28   1.2477565e-04   7.5251753e-03   1.7005649e-05
   1.3122822e-04   2.5523055e-06   3.0573273e-03   6.4256278e-05   1.2441726e-33   3.7650112e-08   2.8568600e-04   7.6140433e-05   5.8373648e-05   6.7413765e-26
   3.1700641e-04   6.7547619e-18   3.0714242e-03   9.3460606e-05   1.7178720e-44   5.8125379e-16   2.7126695e-04   3.3703747e-06   7.5247078e-10   1.7238068e-10
   6.4793997e-04   6.1801409e-04   2.0734400e-03   9.7933233e-05   8.1578038e-31   4.6616161e-16   2.0289529e-04   1.7164855e-05   3.5395071e-36   8.0734528e-04
   6.1726472e-04   8.0807832e-04   2.0064554e-03   9.5569995e-05   4.0852112e-27   7.1701112e-22   3.2890277e-04   5.2225243e-05   2.0525270e-78   8.0410176e-04
   3.5229734e-04   6.3698029e-04   2.2260235e-03   6.4859302e-05   3.3168447e-33   8.8605847e-27   4.1016134e-04   2.3173995e-05   6.2627640e-43   1.0955497e-03
   1.7093907e-04   5.1049938e-04   1.7629068e-03   8.6822561e-05   1.6089983e-33   7.6466618e-19   2.3121177e-04   2.8016718e-04   2.6572748e-34   1.4448080e-04
   3.2450892e-04   4.8790558e-04   1.5640559e-03   1.1267658e-04   1.9126119e-44   2.2452799e-20   7.9317552e-05   3.5566569e-04   8.4459434e-20   2.8481944e-04
   9.1581832e-11   1.0310711e-06   2.5336862e-03   7.6453228e-05   6.5377579e-48   3.8086419e-13   2.7481331e-04   1.6425908e-04   4.0464967e-08   8.6665308e-20
   3.5648436e-14   2.3138723e-08   2.4943820e-03   8.2919147e-05   2.9211186e-53   1.4002765e-11   1.2385966e-04   6.5969419e-05   4.5700944e-03   4.8424562e-11
   6.1738665e-12   4.0486788e-04   1.8986055e-03   8.9938688e-05   5.3287281e-54   3.4828533e-15   1.7108558e-08   2.2625818e-04   3.1579370e-07   5.8846164e-04
   4.8289222e-29   7.2328393e-04   2.0216689e-03   1.4904946e-04   9.0640432e-56   3.4148296e-21   9.6043725e-06   1.3196572e-04   1.5964272e-38   1.5400150e-04
   7.9145959e-27   7.4712257e-04   2.2673424e-03   1.1607075e-04   4.0649470e-81   6.3258899e-18   2.1444299e-05   5.6804426e-10   3.9488207e-26   2.3948498e-32
   7.9111068e-14   7.7764797e-04   2.2470752e-03   6.2574273e-05   1.8089779e-54   3.0971424e-16   1.0116730e-38   1.5732635e-05   1.2048195e-03   9.9336471e-24
   3.6542146e-22   8.4351236e-04   2.1076260e-03   7.3582672e-05   3.2625665e-54   6.0027440e-25   2.2764019e-18   1.1505966e-04   7.1464674e-03   8.8752729e-05
   2.6571648e-37   6.5611642e-04   1.8293101e-03   1.0437075e-04   1.3528352e-52   1.3681606e-43   1.3608562e-04   2.8780357e-04   8.2188993e-13   8.0559475e-04
   2.5360330e-21   3.4833503e-04   1.6864985e-03   1.1334684e-04   6.9726127e-31   9.2750708e-27   2.2455905e-04   4.7357145e-04   7.9949698e-46   6.0889155e-04
   1.6855727e-11   2.7104326e-04   2.0637548e-03   1.2736288e-04   1.2807860e-16   6.4909698e-23   6.4267814e-05   1.5731461e-04   1.1859470e-38   4.9529311e-05
   4.3432866e-18   4.9697062e-04   2.9111523e-03   1.0008268e-04   2.0937489e-39   5.8727100e-27   5.4455295e-05   2.4164896e-13   2.9864433e-17   5.7107931e-17
   4.5274966e-32   3.2634490e-04   2.3766148e-03   8.9004692e-05   1.0566754e-25   1.8755420e-16   1.2130303e-04   4.0496217e-08   6.4976595e-17   4.6442952e-35
   1.4043213e-26   3.1900949e-44   2.1891159e-03   8.5887417e-05   1.3045402e-44   2.8121057e-18   8.2107412e-24   1.8462340e-04   1.8670605e-44   2.7223874e-04
   1.0777447e-32   2.2635219e-08   2.7563185e-03   7.9530004e-05   6.0655831e-68   2.5208721e-20   5.2136962e-10   2.2228825e-07   5.0442738e-21   3.0046799e-10
   1.1083073e-21   3.4450448e-04   2.6195897e-03   6.2701308e-05   7.4286661e-48   4.4889430e-22   1.5754390e-04   7.8040638e-14   6.6683071e-22   4.6737263e-04
   2.9484461e-13   2.0474361e-09   3.2930641e-03   5.2773731e-05   3.7607040e-57   6.1843873e-31   2.4228244e-04   2.8036909e-20   6.3141503e-03   2.7925301e-04
   6.5578628e-05   2.6147117e-04   1.7576481e-03   7.0813738e-05   1.9169558e-50   1.1234939e-19   2.0061514e-04   8.3035873e-05   2.1695600e-02   2.0494062e-29
   5.9090563e-17   5.6668339e-10   2.4494708e-03   5.9240790e-05   1.8870739e-27   1.4077522e-41   1.1452616e-04   5.9783629e-05   2.1457161e-17   9.5649197e-12
   1.0526949e-30   4.8606500e-13   2.5960248e-03   5.7843643e-05   8.0775776e-27   7.4344510e-36   1.6940443e-04   9.7021666e-05   1.7894695e-21   2.3804229e-11
   1.1620825e-34   1.0758580e-20   2.8816319e-03   3.5759138e-05   2.9884132e-61   3.5074328e-32   1.4688055e-04   2.3155112e-13   4.5383210e-13   7.2330954e-21
   1.4453296e-27   3.6126902e-18   2.9779475e-03   4.8945599e-05   2.2255623e-74   2.6519368e-42   4.5114035e-13   9.8086831e-10   7.1518939e-03   4.8276426e-24
   8.2059370e-31   2.0216382e-19   3.0739796e-03   3.6121726e-05   2.7212387e-73   4.5095581e-40   7.3555553e-15   9.8750844e-06   1.4648655e-02   1.9719727e-09
   1.1460545e-18   1.2240741e-13   2.6092611e-03   3.7165658e-05   4.0108648e-61   1.7552752e-28   4.4222894e-05   3.5193976e-05   2.6460515e-10   7.2381655e-20
   5.2112486e-16   6.9534332e-35   3.1161349e-03   4.2143318e-05   1.1411538e-83   1.8238217e-20   8.2761820e-07   7.1246403e-17   1.8198031e-10   1.9409181e-14
   8.1543378e-18   1.7356394e-30   3.1373167e-03   3.3209676e-05  5.7695298e-100   3.6827280e-25   5.5505005e-06   1.4717084e-12   1.0383299e-02   2.1190523e-04
   2.0146052e-20   6.5880423e-14   3.1132125e-03   2.4120890e-05   2.3301113e-92   8.4030902e-37   4.2659862e-07   1.3829924e-12   1.2498871e-08   7.1553582e-04
   9.1440763e-27   2.1012403e-17   3.0143238e-03   2.5103112e-05   1.2739968e-73   3.9911985e-23   1.6508479e-04   2.9552684e-15   3.8210747e-30   7.2198996e-04
   5.7619920e-27   7.5408961e-56   3.2603731e-03   2.3814190e-05   2.8441557e-69   5.3099835e-22   2.2615867e-04   2.9305945e-19   3.7076826e-12   9.1270731e-15
   1.1785148e-12   1.0195506e-20   2.7499292e-03   3.4683592e-05   2.4222720e-61   2.8630678e-25   9.0546619e-05   1.3613838e-15   1.3466866e-06   9.4687331e-33
   5.9879417e-16   2.1294955e-10   2.5560752e-03   5.6711291e-05   4.8422629e-30   5.4784217e-22   1.0566968e-04   5.0265903e-11   1.8667580e-24   9.2347503e-15
   3.8320570e-20   1.5709311e-31   2.2984826e-03   3.7161885e-05   6.6638268e-36   1.2447928e-16   5.3213754e-05   2.8408723e-09   3.1529991e-29   5.7221595e-07
   1.5331165e-31   1.5845671e-20   2.5884814e-03   3.6732219e-05   2.2626070e-30   1.0809663e-11   2.1566170e-29   4.1098804e-25   5.2531565e-21   4.2429588e-11
   2.8149209e-38   6.6000520e-15   3.0022188e-03   5.5699330e-05   9.3978138e-39   2.6776221e-12   3.1059345e-39   1.6581463e-25   1.0340750e-08   1.8087848e-13
   7.8416484e-46   1.3945745e-16   2.4441921e-03   4.9586655e-05   8.0009670e-68   8.1015452e-21   2.6275057e-26   5.2883819e-11   2.0747227e-16   6.5066130e-04
   1.7055133e-46   4.1967478e-24   2.3733219e-03   3.4742682e-05   1.6276874e-37   8.1978953e-23   3.5503042e-05   1.6339881e-07   6.4668665e-07   5.7011955e-05
   4.3023376e-46   1.1156331e-31   2.7203482e-03   3.1543271e-05   4.3638974e-46   5.5395171e-12   4.4056816e-05   2.6656092e-09   4.2200064e-03   2.9095802e-22
   6.3657851e-32   1.1032092e-08   1.1405092e-03   3.6139315e-05   1.0406545e-32   1.0612142e-04   1.3675288e-11   1.8704849e-04   2.4980705e-02   1.6016546e-29
   3.3796556e-29   4.4495672e-19   1.6984473e-03   4.3930260e-05   1.3284308e-46   7.9686029e-05   1.5759680e-19   1.5690064e-07   2.3353820e-02   7.0324956e-28
   1.8793393e-34   1.0418900e-06   1.5555719e-03   3.7742578e-05   1.8843254e-39   3.5557552e-09   3.8130527e-05   4.2900879e-05   1.8675181e-02   1.4843367e-04
   9.7036200e-37   1.6038818e-04   2.0225664e-03   3.1426128e-05   9.9410057e-50   6.5718935e-18   5.9560951e-05   7.1891218e-09   9.1514118e-05   1.0688147e-06
   3.1801628e-20   4.0492187e-04   1.5960954e-03   5.1836132e-05   2.6173953e-46   2.1281320e-05   9.0505413e-05   3.0365011e-07   7.4381971e-12   1.2271835e-40
   2.2883509e-26   2.3948557e-04   2.1801528e-03   4.4327323e-05   8.5554921e-54   2.8743855e-05   1.0496036e-07   1.4947099e-12   2.0877096e-20   1.2618863e-09
   1.4888151e-35   4.7986749e-08   2.2548414e-03   3.2970944e-05   9.6182357e-68   5.3635962e-05   1.6066451e-54   1.8765593e-12   2.0561035e-13   3.7315733e-05
   4.6822517e-27   3.5241273e-04   1.4485456e-03   3.9041949e-05   1.1956164e-55   8.6770478e-10   2.8642625e-12   5.6416403e-05   8.5798664e-19   5.5940634e-04
   3.7327386e-41   4.4418672e-04   1.9669386e-03   2.6321623e-05   3.8092092e-79   6.4801572e-22   1.6750798e-46   4.1361955e-05   5.0962903e-11   1.3700609e-04
   1.2846680e-24   3.9093955e-04   1.9255104e-03   3.5516667e-05   6.1638059e-47   8.5190435e-05   6.2313660e-13   1.1102215e-04   2.2941948e-45   1.2231240e-20
   1.8097729e-26   3.7915249e-13   2.1531771e-03   3.7978410e-05   3.9847162e-43   5.5636881e-05   5.6969879e-05   1.2296257e-04   2.5575984e-34   1.6586305e-10
   9.1395460e-23   1.8557083e-04   1.5839646e-03   3.3591317e-05   1.0754841e-62   2.7325475e-09   3.9589359e-05   1.3526769e-04   2.5120255e-39   8.1854089e-07
   1.4897261e-24   3.7700853e-04   1.4361663e-03   2.7279686e-05   3.5811892e-65   2.0220057e-08   1.1446191e-24   5.4390867e-05   3.0190049e-20   4.5048749e-04
   7.8132961e-32   2.9030886e-04   1.1881149e-03   2.8982192e-05   2.3337197e-45   4.3125889e-05   7.3364991e-05   1.7485649e-04   3.5630067e-33   5.7658671e-06
   4.6758216e-29   1.7297769e-23   1.5876992e-03   3.5187570e-05   1.2219752e-61   2.3327498e-05   4.4301827e-05   8.0422806e-05   2.5831167e-18   4.4686253e-04
   1.2466675e-33   1.9487712e-06   1.7629711e-03   3.3421229e-05   3.2275734e-76   6.5569142e-05   4.7798212e-23   9.1034213e-10   7.5734348e-39   2.4882497e-04
   2.4825652e-38   2.7252117e-04   1.6603006e-03   2.6351198e-05   3.0747627e-55   6.8131037e-05   3.1118804e-05   1.1673409e-16   1.3090379e-19   1.5350053e-24
   9.9623414e-30   2.6563715e-04   1.3590560e-03   2.8288325e-05   8.6591828e-54   2.8202236e-06   1.3472478e-04   3.9591105e-06   3.2877455e-07   1.6710562e-04
   3.5246390e-26   1.5249827e-04   1.1467978e-03   2.4625350e-05   6.0330470e-58   1.8045929e-06   1.2508395e-04   8.7098877e-05   7.7638783e-16   1.8734802e-30
   4.4860604e-29   2.2753072e-18   1.5449919e-03   3.0471186e-05   6.7553255e-63   6.0248172e-05   2.2647215e-29   9.2060569e-06   4.2319953e-31   7.6725040e-17
   1.2012432e-22   8.8445291e-17   1.2391741e-03   4.0258430e-05   2.8399402e-57   6.6575928e-05   3.7272961e-05   2.7465435e-05   3.2651657e-40   1.0206581e-25
   2.7928125e-26   3.8349901e-13   1.2609430e-03   4.1006552e-05   2.8763763e-55   3.9077500e-18   1.4156192e-13   4.6341930e-05   5.7099234e-40   7.9451665e-33
   1.9073799e-09   1.9260604e-04   8.9722988e-04   3.1974602e-05   1.2381013e-75   1.5495864e-07   7.0844860e-05   9.1549874e-05   5.0883072e-40   6.0240796e-05
   2.2100115e-18   9.3827108e-09   1.4434543e-03   2.5029479e-05   4.7989475e-54   3.0424635e-10   3.9342272e-06   2.5380652e-05   3.7278506e-09   3.0215629e-13
   4.6357883e-08   1.9521636e-11   1.3631130e-03   2.2383211e-05   9.8058425e-50   3.3702175e-05   5.5128382e-26   2.2953183e-06   5.5087342e-05   7.4424601e-20
   6.2677036e-18   1.1021809e-12   1.2231918e-03   3.4162917e-05   8.3885521e-37   8.1268963e-05   7.7439260e-05   1.5786453e-05   2.9102923e-10   7.3246302e-05
   5.3448572e-21   1.6409064e-04   1.0846417e-03   3.7473907e-05   1.4592993e-46   5.0459326e-05   9.4803137e-05   1.0072701e-04   2.8675283e-15   1.9484591e-04
   6.8053436e-24   2.3010669e-04   1.0897887e-03   3.4470316e-05   8.4749230e-44   2.8245668e-12   2.5573224e-19   6.9971580e-05   2.7382329e-03   1.1837160e-04
   2.8022709e-19   5.4198113e-08   9.7485367e-04   3.1777147e-05   4.2492667e-45   3.3273965e-10   4.5314837e-10   7.2617987e-05   3.5245299e-10   3.3941481e-07
   9.4202919e-22   8.8315636e-09   1.0753265e-03   2.7344584e-05   1.7288346e-46   3.9155364e-05   1.2757519e-04   1.1320941e-05   1.5239111e-12   3.4446002e-24
   8.9866326e-24   4.8625354e-10   1.4189415e-03   1.5078151e-05   6.7833394e-70   2.6774331e-05   1.0926828e-04   8.2002773e-16   3.2882863e-10   9.2902757e-12
   5.2872604e-25   3.3317892e-17   1.1702151e-03   2.0256563e-05   2.5083767e-29   6.7347134e-08   7.1257799e-05   1.1123833e-11   7.9469125e-18   2.0357355e-16
   2.0332239e-25   8.9937868e-12   6.8502092e-04   2.6826874e-05   3.7000888e-32   2.8499759e-06   6.4480752e-05   1.1918956e-06   1.0993018e-21   2.4467350e-15
   1.3956835e-22   2.3749953e-04   4.6957695e-04   3.6074420e-05   1.3142477e-62   4.9923545e-11   2.5963535e-05   3.7460281e-05   1.4773958e-35   1.8856830e-04
   6.6393437e-31   1.3647598e-04   8.0946191e-04   2.0940618e-05   1.8436996e-56   4.2404632e-05   8.2592443e-05   6.0074420e-08   6.5882333e-45   6.8117723e-05
   4.5124352e-40   7.4310921e-24   1.1856326e-03   1.9343988e-05   9.8482635e-64   6.1019096e-05   3.1332517e-05   2.5612514e-10   1.2268015e-13   5.9704277e-28
   6.0694039e-13   1.9595911e-34   8.9645227e-04   2.2544629e-05   9.3892867e-68   3.0302971e-05   1.0758306e-05   1.1763535e-06   5.5393214e-21   4.3756743e-07
   1.3230880e-16   1.0747326e-35   8.8912708e-04   2.5372904e-05   5.5478796e-56   5.5643679e-27   5.7231219e-11   4.3200774e-11   1.1171656e-14   6.1360444e-07
   2.0377463e-23   7.3779267e-38   8.2522521e-04   2.4892889e-05   1.2320007e-59   3.6091325e-06   5.8377996e-05   2.4567894e-07   3.2015698e-15   3.1270923e-13
   2.6517936e-09   2.0793099e-30   5.7486764e-04   2.7412392e-05   4.7673684e-67   3.5329729e-05   9.1112951e-12   3.8963312e-05   7.2782103e-03   8.2999563e-10
   4.7518438e-26   3.6581956e-26   7.0828218e-04   2.1429032e-05   1.1513119e-58   2.8359345e-05   9.4620822e-06   2.2476273e-05   3.4154059e-03   2.6423997e-31
   3.7539620e-30   9.2127697e-33   9.2355193e-04   1.9441561e-05   5.7919082e-79   8.5438354e-16   5.8796342e-05   2.3304555e-08   1.7483207e-12   3.5392736e-39
   1.9338601e-35   1.1120010e-34   1.1999157e-03   1.3386267e-05   1.4091696e-72   1.1083172e-29   1.2396811e-04   8.1021713e-22   1.6276110e-03   1.1699822e-42
   4.9012398e-35   7.4002754e-21   1.0160143e-03   1.2114380e-05   1.0069052e-52   9.2098436e-26   1.4866025e-04   1.6526637e-11   7.8746223e-07   2.4254431e-16
   1.5396762e-24   4.6706574e-06   7.8055245e-04   1.7868881e-05   1.6667759e-43   1.9716096e-05   1.7393919e-04   3.3265961e-07   2.9671991e-25   4.0209081e-05
   1.8223573e-16   2.9606633e-15   8.1963126e-04   1.7918745e-05   2.7457235e-47   2.7189923e-05   8.0178310e-05   9.9918971e-15   1.6238633e-21   1.9219186e-16
   9.9285996e-30   2.5225088e-12   7.5575867e-04   9.9428876e-06   3.0715112e-23   2.2443167e-05   8.8926243e-05   9.1470838e-20   2.4311834e-16   3.6398901e-31
   1.9780981e-31   2.0592334e-07   7.1465828e-04   1.6333788e-05   3.1039843e-28   8.0777210e-20   8.3317348e-05   1.6573393e-16   5.9382501e-27   5.4270957e-27
   5.5628518e-29   6.0560838e-08   7.2441170e-04   1.6981084e-05   9.5848084e-27   1.8274336e-31   5.4779108e-05   4.4546441e-20   1.7733154e-15   1.5078753e-14
   6.9243334e-35   3.3425593e-06   7.1507240e-04   1.5537470e-05   7.7804511e-43   1.5104035e-05   1.2063673e-05   2.6454855e-16   9.6042305e-21   1.1556921e-16
   4.1583056e-08   4.5782244e-07   5.1922355e-04   1.7245254e-05   1.4783780e-27   2.5856199e-05   5.3702537e-10   1.7052785e-05   3.8128070e-50   1.7224253e-07
   8.2671224e-08   9.2247573e-26   5.6032665e-04   2.0205550e-05   1.4997078e-40   1.7159038e-05   4.3219076e-05   6.8054261e-10   3.4097256e-30   3.4000172e-05
   3.5634484e-20   7.1523414e-05   5.6369840e-04   1.4263651e-05   5.0108297e-47   1.6434732e-15   8.6071975e-05   9.2743772e-14   9.7998632e-23   7.4858998e-13
   1.6966769e-05   1.2269058e-04   5.0949920e-04   1.3676365e-05   1.1092493e-49   1.2995503e-16   5.2758089e-05   3.6459717e-10   4.7173172e-28   1.8484986e-25
   2.1579373e-05   7.4185635e-10   5.0413918e-04   1.3624935e-05   3.6085346e-47   1.4245318e-05   1.0561793e-04   4.4473345e-14   1.1506510e-20   4.7407006e-05
   1.4967103e-30   5.0668856e-23   5.2017581e-04   9.7703085e-06   3.5971357e-43   2.9124937e-05   1.4737801e-04   1.8229406e-12   1.8076634e-12   1.3368302e-07
   6.9281225e-06   1.0270578e-04   4.1309635e-04   8.8915088e-06   7.0153362e-28   1.5515042e-05   1.7691143e-04   1.9374469e-07   1.7467846e-04   9.5716019e-23
   1.4787170e-22   4.1946299e-05   4.1618570e-04   1.2165260e-05   1.0817599e-25   1.1359795e-16   1.5142799e-04   3.4650789e-06   8.4826750e-26   1.4104622e-09
   1.9912418e-05   3.6560134e-17   4.2061320e-04   1.3331481e-05   8.4284362e-28   1.3034127e-05   6.3428517e-05   9.6039474e-06   4.3480848e-26   1.2887851e-06
   1.0207140e-05   1.3954158e-11   3.4103976e-04   1.4351924e-05   2.6537566e-33   3.5035726e-05   3.1378573e-05   1.5365383e-05   4.3018579e-17   3.1621294e-14
   9.4154011e-12   5.0435550e-07   3.3689639e-04   9.0828583e-06   4.7435091e-81   2.5384174e-05   3.8737810e-05   4.6589628e-06   4.7796331e-17   1.3692698e-21
   4.2268977e-18   2.6092034e-17   4.2146480e-04   1.2319242e-05   9.6652423e-64   1.0010373e-05   1.9173614e-14   4.5488856e-06   2.4570630e-17   2.3521146e-20
   2.7559126e-13   5.0809655e-20   3.8453619e-04   1.6101092e-05   2.4166355e-77   2.3248537e-11   2.7368576e-05   2.1578045e-08   2.2631594e-98   3.9214860e-40
