   4.4861154e-04   2.8350450e-18   4.1525325e-05   7.4526448e-02   1.9595655e-03   5.6192602e-18   3.5343223e-14   2.1568594e-03   5.0723689e-03   1.4391561e-33
   1.8130906e-03   1.2056124e-27   6.5794319e-11   8.8488648e-02   3.0923508e-03   6.0760024e-51   5.0623452e-20   2.7735627e-03   5.0999571e-03   3.1388400e-28
   4.8188500e-03   1.1635573e-24   1.0851312e-11   3.6405745e-02   3.5460547e-03   9.5090894e-24   7.3851769e-26   3.3465628e-03   2.4128095e-03   1.0348948e-17
   7.3553267e-03   3.8391423e-14   3.5173236e-05   2.3906197e-03   1.6572641e-03   9.0504420e-04   3.9467164e-19   1.6803957e-03   1.3788861e-03   8.6507287e-15
   1.2437143e-02   3.5562018e-04   1.9137837e-10   9.4217152e-04   8.7164439e-04   8.6758723e-04   5.1512734e-16   1.3736062e-03   6.2661296e-04   6.6431512e-19
   3.6763323e-02   1.6745585e-04   4.4154432e-11   6.5498997e-04   8.3368279e-04   2.6076951e-04   7.5181975e-09   1.1500244e-03   3.3027305e-04   1.9667325e-25
   9.1886587e-02   1.4094607e-05   6.6827139e-04   2.7462260e-04   3.5845549e-04   8.7928329e-04   1.3754869e-11   1.0361505e-03   3.0361384e-04   1.9340396e-21
   1.7763536e-01   1.2030417e-13   1.4356590e-03   3.7284021e-04   1.0571637e-04   1.1634436e-07   1.9981390e-06   1.8142557e-03   3.5561596e-04   2.9006043e-06
   2.3916243e-01   2.9197614e-24   8.5882269e-03   1.4479533e-03   4.3215940e-05   7.7934138e-26   1.1054348e-17   9.7135555e-03   5.5975311e-04   9.6879325e-15
   1.4560011e-01   7.7615961e-15   7.6269104e-02   9.6813820e-04   5.5186454e-05   6.0345832e-37   2.2268993e-08   2.0303956e-02   7.9876574e-04   5.7951916e-18
   2.4458278e-02   8.9936089e-17   2.0819776e-01   1.4346602e-02   8.2690550e-05   4.5710708e-24   1.1673810e-05   9.6202518e-03   3.6934261e-03   4.0048678e-14
   3.2585340e-14   1.0396405e-27   1.5553025e-01   8.8040196e-02   8.5699247e-05   2.7435613e-08   7.9362710e-03   1.0880506e-03   1.1493109e-02   5.9907841e-16
   1.8537599e-04   3.7048018e-09   3.4697727e-02   1.4963793e-01   7.6816379e-05   7.6377720e-17   5.8057138e-02   1.3352225e-03   1.6086208e-02   2.5330666e-12
   2.4036674e-02   2.2020885e-02   2.7940985e-10   1.0543882e-01   9.8077259e-05   1.7786167e-45   7.5121384e-02   8.6817620e-03   7.2466174e-03   1.4418655e-02
   4.6771346e-02   2.2179276e-02   3.0247302e-22   4.2637318e-02   9.7270318e-05   5.0986706e-58   2.6016853e-02   1.5439427e-02   1.8519604e-03   4.8738259e-02
   6.4644857e-02   8.1274765e-03   1.3519167e-20   2.4652685e-03   1.1209590e-04   9.1920683e-48   2.8352814e-03   2.5566999e-02   9.6603729e-04   4.0611486e-02
   6.8757761e-02   2.0018392e-14   4.2103509e-37   2.5346325e-15   6.5700754e-05   2.1663607e-53   6.5376153e-17   3.5584792e-02   3.0938631e-04   1.7179695e-02
   2.8528966e-02   7.1349896e-41   1.2494178e-36   6.9865257e-11   1.0295140e-04   2.1917736e-32   9.2422293e-28   4.8005278e-02   5.0706297e-07   1.1747216e-04
   5.4962735e-03   4.6323573e-49   3.0423463e-22   1.4420178e-12   1.6407364e-04   2.1409149e-59   1.1686831e-27   5.5783495e-02   1.3859894e-15   5.7621254e-12
   4.7519864e-07   2.2469627e-18   2.5440760e-03   5.7777754e-05   1.4006987e-04   9.4857924e-03   1.0981271e-17   6.0733271e-02   1.4999563e-12   2.1393058e-18
   1.0519308e-16   9.2740455e-05   8.3877206e-02   2.5265061e-04   1.4567404e-04   2.3791196e-02   2.3126317e-14   3.9454454e-02   2.8297314e-04   3.3518383e-27
   2.1418329e-14   3.9179180e-19   1.2674517e-01   3.3355219e-05   1.5255828e-04   1.0379816e-01   1.0714089e-06   1.9956344e-02   3.1632166e-03   2.2609994e-23
   4.5775896e-12   3.8181457e-10   6.8456788e-02   3.4281633e-03   2.3853214e-04   2.4416976e-01   3.7750720e-03   1.3397636e-02   7.7642263e-03   6.6047915e-14
   1.4778272e-12   7.8292401e-11   1.0917603e-03   2.3711833e-02   1.7729057e-04   2.9075817e-01   2.1351285e-02   9.1945504e-03   1.7849979e-02   3.0310991e-10
   3.3543268e-04   3.5085833e-25   2.9887030e-09   2.7476696e-02   2.4981517e-04   1.5841907e-01   9.9728076e-02   5.2397750e-03   1.5440861e-02   1.1019275e-06
   5.6780447e-05   4.9261724e-15   3.6440057e-05   1.2313407e-02   2.4123842e-04   4.5396760e-02   2.2186827e-01   4.8254161e-03   7.8927788e-03   2.3666697e-04
   7.6845879e-07   1.4259290e-02   6.6806776e-12   1.4392019e-03   2.2209017e-04   4.1070966e-17   2.1443749e-01   7.8383085e-03   2.7213105e-03   3.9697786e-02
   2.1474016e-04   4.1902901e-02   3.2803327e-05   7.4788144e-04   2.3721930e-04   7.1327438e-22   8.9992307e-02   9.1213452e-03   2.3443483e-03   9.9312019e-02
   1.0595611e-03   3.2528961e-02   5.8264005e-05   7.2299569e-04   1.6406673e-04   1.9654340e-16   2.2522698e-02   1.1103772e-02   1.6782557e-03   1.2747045e-01
   1.0161314e-03   1.2594587e-02   5.3562321e-03   2.1416888e-05   1.5155199e-04   1.3544971e-15   4.8898455e-03   9.6921251e-03   1.6306291e-03   1.0851243e-01
   2.9082667e-06   2.0470085e-06   1.2073406e-02   2.9704824e-14   1.8024165e-04   1.7719221e-10   3.1447210e-10   6.9821609e-03   2.7126504e-03   1.0364395e-01
   2.2957229e-20   3.0451690e-33   2.0634224e-02   3.3526389e-22   1.6390408e-04   3.0389701e-09   1.2554069e-33   6.2663623e-03   4.4393658e-03   1.0404023e-01
   1.1170946e-19   1.1247044e-24   1.7839345e-02   2.5865755e-16   1.6252575e-04   9.5943572e-11   6.1055722e-32   5.5859360e-03   1.2467008e-02   4.1016648e-02
   2.9664704e-13   9.9320363e-36   5.9198618e-03   2.3741140e-12   1.4934371e-04   1.4936990e-10   2.2001887e-25   4.1214087e-03   2.0954328e-02   1.5248600e-03
   7.7423560e-09   1.9228891e-45   7.2618203e-05   1.1226310e-04   2.2432886e-04   1.1427300e-15   1.9943462e-12   3.0459548e-03   2.2591158e-02   1.0255679e-15
   1.4674012e-12   8.3653901e-25   6.1627613e-14   9.6349395e-05   1.8818812e-04   1.3695172e-37   3.1047558e-10   2.4312120e-03   2.6854662e-02   5.6973170e-29
   1.1317215e-26   1.5110589e-06   7.7973520e-29   8.8612902e-07   1.8257237e-04   1.4586886e-59   4.7205558e-08   2.0311104e-03   3.5706161e-02   1.4481250e-35
   9.8486967e-28   3.4726117e-03   4.1584223e-32   8.6745508e-12   1.6631063e-04   3.0531279e-67   2.2593086e-05   2.5108440e-03   3.0816232e-02   2.1222711e-28
   3.6227576e-22   6.2579684e-02   1.8536603e-32   1.2804226e-18   1.3047268e-04   9.6292954e-64   1.6971422e-03   4.5815527e-03   1.5601816e-02   9.2507441e-14
   8.2847484e-22   9.8717256e-02   4.6881928e-17   3.7943131e-15   1.7920831e-04   2.4607089e-45   7.5988817e-04   4.6992621e-03   8.9543595e-03   7.4513369e-05
   1.8319436e-18   6.8077715e-02   9.3725331e-06   2.9443702e-08   2.6592955e-04   2.0662264e-27   6.1050635e-06   3.9660265e-03   8.5148150e-03   1.2885149e-03
   5.7213216e-14   1.9347017e-02   6.1209093e-03   2.8380305e-14   2.5669378e-04   2.4344166e-09   4.0130457e-09   3.3711816e-03   9.3540144e-03   1.2975657e-03
   1.2625972e-17   1.5765066e-10   1.0816838e-02   1.0568974e-16   2.8452488e-04   8.8720244e-04   2.2852150e-14   1.8635420e-03   1.0625827e-02   4.3182998e-05
   1.5535239e-11   2.9561211e-29   6.9412583e-03   1.1707740e-10   2.3179337e-04   5.7662981e-03   5.9031715e-20   6.0147669e-04   1.1648084e-02   1.7533294e-15
   3.8692396e-07   1.8570942e-37   2.7633344e-03   5.3596724e-06   2.0693106e-04   1.3183316e-02   1.2649296e-17   3.5337040e-04   1.1366580e-02   4.6485190e-20
   2.6852368e-10   2.0397005e-24   4.5487391e-05   9.6669200e-04   2.3056062e-04   1.6124918e-02   1.2660015e-14   7.5566120e-04   1.1450603e-02   5.1028202e-18
   1.2625289e-05   3.1303029e-12   6.7707749e-07   2.1773877e-04   3.5765048e-04   1.6623305e-02   1.9974027e-09   1.4176972e-03   1.2156552e-02   1.4796934e-06
   1.1239617e-05   3.9253283e-09   6.1567276e-10   1.2747499e-03   3.0008627e-04   1.3736958e-02   9.5633279e-05   1.6583404e-03   1.2719339e-02   9.0153703e-05
   2.1305930e-04   2.1411901e-09   1.2575334e-13   1.3278603e-03   3.4913794e-04   2.5348902e-04   2.4839435e-03   1.9652653e-03   1.2922471e-02   2.5608967e-07
   1.0091857e-03   2.4903445e-04   7.2259303e-12   1.0751173e-03   4.1632536e-04   1.0357701e-12   6.1317611e-03   2.0583041e-03   1.1462850e-02   9.8966985e-12
   1.4751756e-03   2.2746466e-04   4.0766933e-14   1.6048093e-04   3.6805623e-04   1.6296332e-18   1.0764365e-02   2.8108829e-03   7.5696270e-03   3.4530539e-08
   1.3570814e-03   1.3960240e-03   2.3830159e-03   1.4477673e-08   4.4370801e-04   1.7566090e-19   1.2051131e-02   1.8080525e-03   5.3711118e-03   9.6305201e-14
   1.3009013e-03   8.8736208e-03   5.4581279e-03   2.0434496e-10   4.1215956e-04   9.2383306e-26   1.0417536e-02   1.6335367e-03   4.6224964e-03   1.9515296e-05
   1.8171076e-03   1.5097282e-03   4.1223134e-03   7.4016068e-13   5.4490977e-04   1.7556882e-31   4.8348216e-03   2.3648627e-03   5.1593448e-03   2.8986141e-03
   1.2600407e-03   1.2425015e-18   1.2005153e-03   1.7261221e-10   5.8134889e-04   2.6215573e-28   7.2850303e-04   2.8239195e-03   5.0155204e-03   8.0211131e-03
   8.3123305e-04   2.7665390e-38   9.3835199e-09   8.1805132e-07   4.4205627e-04   1.8391346e-25   5.2053199e-08   2.6214219e-03   5.9793464e-03   1.1080549e-02
   1.3504996e-06   5.7898670e-38   9.6329629e-16   3.4646021e-04   4.4789111e-04   9.6391487e-27   2.5774604e-14   2.8530918e-03   6.4173263e-03   8.6551294e-03
   3.1531960e-11   1.0567181e-13   4.6616798e-14   6.7520897e-04   4.5050607e-04   9.0847625e-16   9.3162598e-10   3.8337340e-03   6.4720026e-03   6.7596189e-03
   6.1062217e-06   5.3323762e-03   4.6248352e-13   9.9634360e-04   4.8443841e-04   1.2614510e-11   2.6776148e-10   3.4610831e-03   7.0842568e-03   3.6793300e-03
   7.1964516e-07   1.6510433e-02   8.7240104e-11   2.2136922e-03   5.2167459e-04   8.8346326e-17   1.8965746e-04   3.1308530e-03   7.0368767e-03   1.8345334e-03
   1.4042758e-07   5.3272004e-03   6.0911618e-14   1.4891322e-03   4.5626168e-04   3.3895274e-21   6.7732741e-04   2.0357303e-03   9.6525237e-03   4.0753461e-06
   1.8578146e-06   1.1321941e-02   3.4101104e-05   4.0749004e-04   3.5379302e-04   1.0668612e-22   1.2301951e-03   1.7084029e-03   9.8366996e-03   1.2192620e-12
   1.9601463e-04   4.1236727e-03   2.6439027e-03   8.3814652e-07   3.2643994e-04   7.2129774e-13   3.2728298e-03   1.8157778e-03   7.1279340e-03   5.1345958e-13
   2.1732338e-09   2.8584198e-11   3.7951359e-03   2.3633547e-10   4.0841011e-04   1.1989971e-14   4.2048936e-03   2.1264170e-03   5.1891087e-03   3.4528631e-12
   1.1968358e-04   1.8948211e-03   2.2647054e-03   8.9346721e-08   3.6830653e-04   2.4309022e-04   5.3163169e-03   1.5145605e-03   5.1074112e-03   2.4220873e-15
   5.4136276e-05   1.0740598e-07   8.7759728e-04   4.4819391e-07   3.4282833e-04   3.5429541e-18   3.7821571e-03   1.2462390e-03   5.1877038e-03   1.4016206e-15
   9.2124602e-04   2.2968377e-25   1.6289972e-09   7.8801478e-13   4.4539464e-04   1.0353390e-14   1.8724123e-03   9.9168461e-04   6.7667073e-03   1.7990812e-04
   2.8817378e-04   3.2129903e-22   1.4918941e-16   3.3321951e-08   3.7159521e-04   7.4961394e-14   3.3615691e-04   1.2575078e-03   6.9762445e-03   1.2133813e-03
   8.4428307e-06   1.0863172e-05   5.2203725e-15   5.1830248e-06   4.6934519e-04   1.9924777e-09   1.4644579e-04   1.2577882e-03   5.1859313e-03   2.8170957e-03
   5.6397716e-11   2.8851790e-14   2.8162180e-13   2.0090514e-12   3.3671939e-04   5.3578852e-12   1.7182910e-12   8.1042202e-04   7.3810962e-03   2.3125000e-03
   1.1558507e-12   5.0497610e-09   6.1300550e-15   1.7004971e-08   3.1505190e-04   1.7582700e-11   1.8254987e-14   9.4843661e-04   6.2097930e-03   2.3565461e-03
   3.1505595e-20   5.1794575e-12   1.9970187e-12   1.6368300e-07   3.1289723e-04   1.0266257e-31   3.1278481e-10   5.3931071e-04   9.2392689e-03   5.9512196e-04
   3.1113420e-33   3.9732862e-04   3.0788502e-05   8.9884130e-06   2.4818710e-04   2.0937452e-41   3.4127727e-14   4.2290418e-04   1.0215284e-02   2.0702395e-05
   1.8914361e-25   1.2434663e-03   4.9512771e-04   9.2136851e-09   3.2484662e-04   5.4604900e-42   5.8943337e-10   5.3135663e-04   9.5945751e-03   1.9031126e-09
   1.1606911e-32   2.5310257e-04   3.0880140e-04   4.6893366e-15   4.2815788e-04   8.9833093e-40   6.1576150e-07   6.0826021e-04   8.7456214e-03   1.6986882e-10
   7.6186597e-27   3.1012421e-07   2.1788748e-15   7.6876956e-16   4.1346513e-04   2.5817295e-43   2.2933715e-04   9.0702023e-04   6.5427559e-03   9.1291759e-07
   1.6987308e-31   3.2873144e-14   2.4092051e-22   3.1114367e-21   2.9275867e-04   8.4999010e-60   2.5667461e-04   7.7410516e-04   6.1991167e-03   1.9087867e-11
   1.4793937e-25   7.3818794e-15   4.1050123e-24   6.1883879e-19   3.3632702e-04   2.9460647e-57   2.8023258e-04   7.4865887e-04   5.2368448e-03   3.9007107e-13
   9.3011976e-30   8.9079260e-29   1.9637525e-25   8.1131949e-16   3.4606065e-04   5.6145395e-55   2.9211252e-06   7.0271327e-04   5.9533800e-03   1.5652263e-10
   8.2941282e-20   3.2181253e-28   1.8202329e-25   2.6602540e-13   3.4854312e-04   1.8515160e-50   2.4157490e-08   7.3600030e-04   6.0836167e-03   1.3067372e-21
   1.7655459e-13   5.4783666e-24   3.1546313e-20   1.2440343e-11   2.4330246e-04   1.0398932e-45   6.5825352e-12   6.5792625e-04   6.6628536e-03   4.8970924e-06
   2.8190556e-18   9.5261724e-08   1.7426806e-16   8.3153464e-14   2.2085000e-04   9.5420024e-46   1.0030022e-11   7.2565953e-04   8.8538069e-03   2.0424655e-16
   1.0036483e-22   6.2986020e-12   1.1137898e-05   5.8911381e-10   2.3568414e-04   1.5187808e-47   6.2580382e-16   6.1283522e-04   1.1543477e-02   4.8360657e-16
   3.6756879e-33   2.0574558e-13   7.4645691e-04   1.3480602e-08   3.6003922e-04   5.9062721e-42   3.4479624e-18   5.1628545e-04   1.0258156e-02   5.1420171e-19
   1.1328163e-28   9.2185052e-04   7.0528122e-04   3.5672575e-07   3.1707088e-04   4.9568273e-42   5.8321835e-11   6.4913878e-04   1.0339939e-02   1.2849745e-17
   4.0990203e-28   5.2208535e-03   3.2867225e-04   1.2236380e-08   3.5336855e-04   1.3150606e-35   1.8851177e-08   4.1923331e-04   8.7148661e-03   7.7557439e-17
   2.2945341e-12   1.8811311e-03   1.4624064e-16   2.0681048e-08   3.2741173e-04   3.3225311e-40   1.0494467e-07   5.7842551e-04   7.2011546e-03   6.6206559e-12
   2.3462387e-14   1.9143310e-09   1.4618788e-13   3.1661965e-10   2.5010106e-04   1.7507942e-39   1.2792636e-05   6.1994127e-04   7.5677865e-03   2.1214064e-19
   9.6436768e-15   3.3048960e-25   2.0581909e-13   4.6156767e-09   4.0436330e-04   3.1144592e-47   1.5895963e-06   5.8383983e-04   7.5998570e-03   4.0049347e-17
   1.9314086e-15   5.9610577e-37   1.6731265e-12   1.0227574e-13   4.7922946e-04   5.0375470e-41   3.2589371e-06   7.1411365e-04   7.2477566e-03   3.9668994e-20
   4.9165610e-04   5.9383858e-18   4.9369222e-06   8.9680387e-15   3.6468810e-04   1.9612203e-33   2.1013038e-04   5.0512593e-04   5.9554585e-03   1.0418746e-13
   6.1890514e-04   1.7860707e-03   3.7374984e-11   6.6244952e-16   6.3006226e-04   9.8923084e-37   1.9586783e-04   5.2228073e-04   5.4174942e-03   1.0410891e-12
   1.3290208e-09   3.4065214e-03   2.7145293e-11   1.6755824e-07   4.1952896e-04   2.7469834e-39   2.4247266e-05   1.2152805e-03   5.4871347e-03   1.7938226e-07
   7.1004298e-18   9.1382399e-09   6.5504417e-07   5.5070019e-08   4.3554374e-04   2.0647649e-46   2.4626160e-08   1.7180341e-03   5.8319633e-03   8.2870368e-08
   8.6602827e-26   1.1747402e-03   1.6649002e-03   5.2871467e-06   4.8492951e-04   4.3296505e-43   4.4762429e-10   1.0644158e-03   5.5724045e-03   7.1638840e-13
   7.1284291e-26   1.0143475e-02   1.4204953e-03   6.9954026e-08   4.6719236e-04   3.5434939e-43   7.1760491e-14   7.3567748e-04   6.8084741e-03   5.9872839e-10
   1.4306222e-13   1.4399911e-02   1.3549701e-06   2.0562083e-06   4.4267850e-04   7.9190047e-40   1.0861796e-12   7.1368945e-04   8.9385133e-03   3.5469157e-14
   6.4592006e-10   2.3869935e-02   1.0163789e-13   2.1933471e-06   5.9354100e-04   5.5526928e-62   8.5485484e-15   9.7714530e-04   8.0713536e-03   9.8889269e-06
   1.7970934e-08   2.5231198e-02   3.3889479e-13   5.6956290e-07   7.2932330e-04   1.0607195e-44   1.7222543e-06   1.0454791e-03   5.5370728e-03   7.8879706e-04
   1.6916746e-09   2.3007202e-02   6.2543570e-15   1.2955387e-10   8.8020858e-04   1.4608597e-40   2.7730515e-08   1.8532892e-03   4.3837883e-03   3.0977000e-03
   3.5350112e-09   1.8294394e-02   7.4152152e-20   2.5589842e-15   8.3592597e-04   7.3645944e-39   5.9130168e-07   1.7425451e-03   4.6658168e-03   6.6237945e-03
   1.5692277e-13   1.4654960e-02   2.0120848e-20   2.6377895e-23   8.3481215e-04   4.0001548e-37   1.6729423e-06   2.8713090e-03   3.9025798e-03   2.6492210e-03
   9.0827195e-19   1.2327135e-02   3.6023461e-18   2.0488051e-09   8.9683899e-04   1.1123442e-39   1.5210368e-06   3.1120810e-03   3.7456535e-03   1.7023542e-03
   3.4185440e-18   1.2128207e-02   5.7177642e-14   1.2583436e-11   7.7284023e-04   4.4752117e-39   4.4339694e-07   3.2906162e-03   3.7558179e-03   1.4262460e-03
   2.2101581e-19   1.4640746e-02   2.2699370e-18   1.3193048e-08   6.9618670e-04   5.8420556e-36   3.6574652e-05   4.7147863e-03   2.9314143e-03   7.3197304e-05
   6.7287298e-16   1.6320627e-02   5.4448721e-12   7.4067881e-10   1.1586435e-03   2.4493517e-36   1.0377574e-11   3.9753595e-03   3.9985317e-03   3.7084318e-04
   6.8111759e-10   1.5223619e-02   5.3674951e-22   1.1588439e-06   1.4573765e-03   6.4753904e-36   6.7087038e-14   4.0454803e-03   3.3172300e-03   4.3623500e-04
   4.5885351e-07   9.4408683e-03   8.4262624e-33   3.7032677e-07   1.6471738e-03   4.7859724e-57   5.0965212e-10   4.2729944e-03   4.1264713e-03   1.4456658e-04
   1.1847960e-16   4.3380880e-03   1.6962413e-29   3.9934451e-09   1.5415033e-03   1.7836422e-44   8.3627632e-13   4.8175135e-03   5.3279137e-03   7.0220058e-09
   5.6070282e-19   1.1506322e-02   3.1869244e-33   3.5545480e-11   1.3103384e-03   1.1591150e-32   1.8699443e-08   7.1938331e-03   4.5114437e-03   1.0986279e-05
   4.0848456e-16   9.8622631e-03   3.6880931e-30   2.0554564e-15   2.0560284e-03   1.7078333e-29   1.7632422e-09   7.1983001e-03   3.9215279e-03   1.4532550e-07
   3.9317438e-18   2.5164682e-03   8.3447084e-34   8.2037929e-18   1.9308669e-03   5.8301064e-33   2.1795818e-08   9.5433743e-03   3.4233448e-03   1.7500893e-04
   3.0501642e-21   4.3407883e-03   1.2588947e-35   3.1429779e-13   1.7002939e-03   7.3663466e-32   3.8597302e-07   1.0856015e-02   2.3008334e-03   1.3722227e-04
   8.0126358e-16   3.5969442e-03   2.2797482e-39   9.2420278e-08   1.5226900e-03   5.5603396e-36   2.4840804e-08   7.7210416e-03   2.8501581e-03   2.0484887e-06
   3.0180548e-23   5.4039507e-03   2.9127827e-29   3.1629190e-09   1.4630029e-03   1.5115482e-35   1.8672381e-07   9.3557616e-03   2.4669883e-03   4.4153238e-06
   8.5370365e-28   8.4931981e-03   7.6891788e-19   8.1798494e-09   1.4170847e-03   7.5773498e-39   7.7021929e-05   8.9062455e-03   1.4586850e-03   2.4216259e-05
   6.0460801e-28   9.7947224e-03   5.4958617e-09   2.9374784e-05   2.2038954e-03   1.4446431e-26   3.5740928e-05   6.7115258e-03   1.5024855e-03   1.1726561e-06
   3.4248674e-25   3.3546322e-03   3.0300000e-12   2.1563952e-05   2.0280720e-03   5.2144064e-28   1.7862028e-04   7.5293385e-03   1.3639798e-03   2.0299846e-11
   9.1551254e-27   4.4720513e-03   4.6271865e-18   5.5305166e-04   1.0222942e-03   3.0760247e-47   9.9805023e-04   7.5062374e-03   1.5791328e-03   2.9946879e-08
   9.2365821e-33   4.4179523e-03   7.5615303e-17   2.0472532e-04   1.5230236e-03   2.6924974e-41   1.3512196e-09   7.3332929e-03   2.1356656e-03   1.3487232e-13
   1.4092572e-35   1.0338047e-16   3.7033011e-14   3.7629068e-04   1.5289557e-03   6.4926130e-43   8.4436755e-14   9.0380213e-03   1.7260033e-03   3.8033318e-09
   3.3467024e-34   1.1941832e-03   3.9641816e-11   4.8511735e-04   1.3353128e-03   3.7189837e-30   8.8148526e-20   8.2704162e-03   1.7623912e-03   1.0898767e-04
   2.9711058e-32   2.1206147e-03   6.9461542e-09   4.0677747e-06   1.5146431e-03   1.6457360e-13   2.0825719e-22   7.2324038e-03   1.0501387e-03   1.6425115e-10
   8.1485043e-40   1.2161383e-02   6.4855120e-06   5.6534073e-04   1.3645368e-03   2.4119671e-21   7.1996903e-17   6.3119788e-03   1.4748388e-03   7.8184456e-05
   2.5589276e-31   1.1669498e-02   2.8058977e-03   3.2025679e-04   1.2778815e-03   6.9393848e-32   6.1538798e-07   5.5859798e-03   9.5442678e-04   2.1446992e-06
   9.7337777e-28   4.5108920e-03   2.4764799e-03   3.3645927e-04   1.0789979e-03   3.1264848e-29   1.7270515e-07   4.4663809e-03   7.4703603e-04   8.0871736e-05
   2.2750086e-21   9.7684745e-04   1.2291387e-05   8.1119580e-05   9.0435687e-04   5.1302506e-28   2.4816268e-15   4.8523514e-03   6.7065556e-04   1.4487926e-03
   7.5713151e-19   1.8410023e-03   2.6484083e-09   1.1259230e-03   9.6859068e-04   2.1124985e-19   2.1647077e-11   4.3561536e-03   7.7374088e-04   9.9533380e-04
   9.0881972e-11   4.5252959e-03   6.0096312e-07   1.0910016e-03   8.2689882e-04   1.6215298e-13   2.5529185e-04   3.6912150e-03   6.7523129e-04   1.4235512e-03
   5.1227508e-10   1.7276794e-03   4.7163668e-14   1.3532450e-03   9.4229150e-04   1.8392116e-41   2.4483504e-04   2.8028851e-03   1.1892932e-03   3.6744089e-03
   3.3923143e-17   1.0209747e-03   9.3400321e-12   1.1657726e-03   1.1160204e-03   6.0115708e-16   5.6878632e-05   3.4618744e-03   1.0521933e-03   5.5542933e-03
   5.2183316e-14   1.1992567e-10   1.4809565e-11   5.6303118e-07   8.1921701e-04   1.1111180e-09   2.9505344e-05   3.6018672e-03   1.4435983e-03   4.2013415e-03
   2.7073861e-10   7.5829649e-32   1.5531726e-07   9.3157907e-04   1.1993678e-03   3.3921726e-07   2.3856671e-11   3.9790852e-03   1.4374554e-03   2.9941290e-03
   1.8529477e-19   1.3801216e-46   2.9010852e-03   2.5199942e-03   1.2134615e-03   1.6577797e-04   1.3150085e-10   4.2407307e-03   1.0327284e-03   4.0790483e-03
   1.0997957e-27   2.0251034e-09   6.1039285e-03   2.4194998e-03   1.1435150e-03   1.0424408e-11   1.1698456e-17   4.7993920e-03   5.6481604e-04   5.2365793e-03
   5.0148075e-20   3.1209689e-03   9.7816844e-03   2.2041649e-03   1.0582687e-03   9.1105715e-17   3.9171596e-04   4.6019892e-03   5.3204734e-04   3.5018746e-03
   6.9223156e-18   4.7330062e-03   8.7367199e-03   2.0707589e-03   1.3083778e-03   7.8419880e-18   4.1445632e-04   4.1740750e-03   5.9490751e-04   2.9712263e-03
   2.0039989e-19   5.1237076e-03   4.4308964e-03   2.2108941e-03   1.3110954e-03   1.1054715e-17   4.6259966e-04   4.4252238e-03   1.0402609e-03   3.1376480e-03
   1.4870745e-19   6.9033196e-03   2.9967239e-03   2.8128772e-03   1.2480093e-03   8.8548920e-04   5.8895263e-04   3.3407981e-03   7.9595605e-04   4.4352789e-03
   4.9981439e-20   3.0892448e-03   2.6107660e-03   1.6219883e-03   1.2582690e-03   2.2367044e-03   1.6060390e-06   3.6129267e-03   1.1804200e-03   3.6537646e-03
   5.0269480e-19   8.1116971e-11   1.4448620e-13   5.9130345e-03   1.0755188e-03   2.4484410e-29   5.5225306e-06   4.0364666e-03   1.1754964e-03   5.2488583e-03
   4.7858716e-26   2.2145704e-15   3.0072465e-10   4.1771488e-03   1.4375113e-03   1.4744121e-21   1.4715155e-03   4.7999224e-03   1.3846352e-03   4.5353942e-03
   7.1268022e-30   7.3057159e-05   7.6267895e-10   3.4799677e-03   1.7029252e-03   1.1876587e-08   1.6154775e-03   5.7808899e-03   1.6232714e-03   3.6357596e-04
   5.4334030e-26   6.7549566e-08   2.5233719e-08   1.4424107e-03   1.6771550e-03   3.3467266e-16   3.2379472e-03   5.5977109e-03   1.3282685e-03   3.3557637e-04
   2.1387856e-25   1.1320175e-12   3.8388242e-04   7.8731263e-03   1.2154978e-03   6.5676993e-14   1.9928619e-03   4.5349500e-03   1.5749681e-03   1.8155049e-03
   9.1181564e-22   2.3688106e-17   9.8647861e-08   1.1831358e-02   1.0257736e-03   9.9858338e-12   9.9658317e-06   4.3210739e-03   1.5247730e-03   1.9886401e-03
   3.4751964e-29   3.9256580e-03   1.6770295e-03   1.0122314e-02   1.1042338e-03   3.3044460e-07   7.5310524e-04   4.2382060e-03   1.2802977e-03   3.2496753e-03
   6.3502287e-28   5.5564248e-03   3.3491180e-03   8.6667959e-03   1.1152177e-03   2.1855527e-06   2.0041490e-09   4.0833806e-03   9.6608193e-04   1.8707799e-03
   2.5026667e-33   1.5193369e-03   1.2641194e-03   6.3284130e-03   9.1715127e-04   2.0552832e-17   9.3183342e-04   3.9046588e-03   1.5402994e-03   1.2431652e-03
   3.0291972e-36   3.4776240e-03   1.5384293e-03   5.6658631e-03   8.4411963e-04   4.0031906e-03   6.1721841e-07   4.0270646e-03   1.8684273e-03   3.3843951e-03
   5.7568889e-39   9.5071155e-03   6.9111782e-06   5.8841748e-03   1.1480705e-03   6.4515074e-03   9.8396227e-04   4.6713344e-03   1.6147375e-03   4.1746455e-06
   3.7182987e-38   9.9415513e-03   2.6610312e-05   4.2926812e-03   1.2420317e-03   2.6849493e-15   1.5960872e-03   3.8082059e-03   2.1884484e-03   2.8270550e-04
   9.5190993e-35   1.4174701e-05   1.0065107e-10   5.9876192e-03   1.3096629e-03   2.7031034e-18   2.4034692e-04   3.1092101e-03   3.5390171e-03   6.2187137e-05
   5.7371232e-27   1.9167640e-38   6.6390402e-04   5.0616723e-03   1.1222563e-03   4.1181753e-03   3.0351790e-16   2.7842355e-03   3.5743736e-03   5.2767830e-06
   2.0831831e-24   7.9866074e-09   1.0954023e-11   5.0134960e-03   9.1486830e-04   7.6377987e-31   1.6314774e-04   2.9745055e-03   3.7610457e-03   1.3441307e-03
   1.6239697e-25   4.7527216e-03   1.9248202e-03   3.4819023e-03   1.1111590e-03   2.2594148e-03   5.9472053e-04   2.1839921e-03   3.7639440e-03   1.6541714e-03
   1.2894823e-37   2.3743426e-04   4.7109252e-03   2.8312239e-03   1.1377690e-03   1.6982133e-03   1.9309086e-03   2.2574681e-03   3.7121789e-03   1.6992837e-04
   4.9077550e-32   3.3889496e-12   4.3539650e-03   3.9556841e-03   1.3601002e-03   6.7094571e-13   5.7291795e-09   3.1572433e-03   3.0069181e-03   3.7549963e-04
   1.2496053e-33   7.6759232e-21   1.3292115e-03   3.7242674e-03   1.5474340e-03   5.7173156e-15   3.9203108e-04   4.3921338e-03   2.3852951e-03   5.2791615e-04
   1.2427051e-30   5.1731406e-04   2.1066088e-09   4.1792750e-03   1.4491899e-03   4.4670686e-19   2.2258434e-04   4.3729705e-03   2.2729895e-03   3.4693171e-03
   1.1476156e-24   2.3438280e-04   4.4871052e-07   4.9684003e-03   1.3894587e-03   1.2250564e-13   2.9110188e-04   4.0803636e-03   2.8782011e-03   2.1531266e-03
   2.1546193e-22   1.5086079e-03   3.3901153e-14   2.5360823e-03   1.5585000e-03   5.5186014e-17   8.0686796e-04   3.9598333e-03   3.5522021e-03   1.7445489e-03
   3.3581428e-19   1.2409937e-05   1.9206769e-05   1.4586762e-03   1.3517798e-03   1.5961435e-14   1.2531845e-03   3.9208613e-03   2.5073251e-03   9.9867460e-03
   2.6696164e-17   2.3796419e-04   2.0396254e-03   2.2973699e-03   1.9578258e-03   8.1695706e-18   1.9001146e-03   3.2895268e-03   2.9321679e-03   1.6138039e-03
   2.1572158e-19   7.5504233e-04   2.4157840e-03   2.0188865e-03   2.0792523e-03   3.0131439e-10   6.8862048e-04   3.2676667e-03   2.8386385e-03   1.6595893e-13
   2.1525749e-17   8.2219427e-09   2.9772229e-03   2.6980456e-03   1.8764939e-03   1.9072459e-14   1.5541060e-03   3.0530179e-03   1.9286326e-03   2.3250540e-03
   1.2103431e-26   1.5254377e-21   1.0355997e-03   3.9982874e-03   2.4354604e-03   5.0474065e-22   1.5568497e-03   3.8395705e-03   1.4691389e-03   2.3321920e-03
   9.8856869e-32   2.9807798e-19   3.1087921e-03   3.8991947e-03   2.4077701e-03   4.2350853e-18   1.3107153e-03   3.6375426e-03   8.7656364e-04   2.4019259e-03
   3.0275707e-24   7.4660881e-11   3.5987456e-03   2.0597086e-03   2.1510847e-03   2.5283223e-06   1.6287458e-03   2.9543173e-03   1.2093484e-03   4.0654281e-03
   1.2407693e-21   3.6903204e-11   1.1517804e-03   3.5922709e-03   2.1364913e-03   7.4210451e-11   1.7020307e-03   2.4227086e-03   8.1815159e-04   6.4519105e-03
   1.7869526e-24   2.5818566e-21   8.8174812e-04   3.0399573e-03   2.0226406e-03   4.9035240e-05   2.8389409e-05   1.8584996e-03   7.6947340e-04   5.9032356e-03
   1.5214173e-32   1.7411081e-04   3.0012331e-06   1.6855384e-03   2.5533940e-03   3.7822761e-03   1.5999194e-03   2.4651352e-03   1.0273334e-03   1.8648958e-03
   1.1781391e-27   8.6470307e-06   1.2820823e-10   4.8630708e-04   2.5338282e-03   3.6557368e-03   2.0502652e-03   2.1309358e-03   1.4719006e-03   6.1379398e-05
   1.4718536e-14   1.8647447e-07   1.1695862e-03   2.3497639e-03   2.2757006e-03   5.6204175e-07   5.4482101e-05   9.0128505e-04   1.5752663e-03   3.0839636e-03
   1.5578812e-25   6.9852152e-04   2.2827506e-03   3.2902796e-03   2.5503086e-03   1.4088966e-21   1.4441313e-03   1.3506106e-03   8.6738067e-04   2.1057407e-03
   1.7090028e-33   2.2065090e-04   1.0990317e-03   3.4470122e-03   2.7445213e-03   6.7286804e-13   4.3254204e-04   1.6889567e-03   1.0679194e-03   1.8489572e-03
   4.4722160e-27   8.6403848e-04   2.3171389e-09   2.3481566e-03   3.0074705e-03   2.1058274e-17   2.3276604e-04   1.6169044e-03   5.6119150e-04   4.9576206e-03
   6.1604267e-26   2.2024497e-03   1.6810001e-03   3.4931626e-03   2.8054602e-03   3.0334424e-08   7.3767837e-09   1.3529377e-03   5.9202983e-04   3.6584827e-03
   1.0256391e-26   2.6160252e-03   2.4277368e-03   4.1945315e-03   3.0919277e-03   1.4998488e-14   7.4951856e-10   1.5149009e-03   3.0527566e-04   7.5482388e-04
   5.5452766e-24   7.7995578e-15   1.6583788e-03   3.2817235e-03   3.2628336e-03   3.9958831e-05   1.3382454e-03   7.7336408e-04   5.4029980e-04   2.8309366e-03
   1.9324724e-28   3.2150377e-18   6.2305817e-04   3.6399556e-03   3.6634483e-03   4.0187575e-15   7.5039270e-04   1.1933102e-03   4.0908078e-04   2.6060445e-03
   1.3073389e-32   4.9554698e-25   3.3562783e-08   4.8799496e-03   3.6422342e-03   1.3967792e-16   1.6411166e-03   1.4822530e-03   3.2242800e-04   1.5651297e-05
   6.0752050e-30   7.4822225e-12   1.0338084e-08   3.4130833e-03   3.5504625e-03   5.9074522e-13   8.3241290e-04   1.1545973e-03   5.6577848e-04   6.1696447e-04
   5.0509877e-30   9.8766151e-04   3.9283586e-04   3.5670801e-03   3.5024815e-03   1.9206172e-03   6.0927792e-04   6.5523855e-04   6.0169706e-04   1.0642133e-03
   4.0583376e-32   1.7750716e-03   4.7030481e-04   3.3328435e-03   2.4709959e-03   1.9180663e-18   1.7590778e-03   6.1195144e-04   4.3529217e-04   3.2728834e-03
   3.0696047e-32   8.3520106e-04   4.0097992e-05   7.4399759e-04   2.9200410e-03   7.9057031e-13   4.7462081e-12   9.2980794e-04   6.6242828e-04   1.5965024e-03
   1.1641289e-30   8.3193780e-04   9.8136997e-09   5.2557469e-09   3.2812437e-03   9.0776101e-23   1.5607197e-03   1.0691464e-03   4.0207457e-04   8.1476093e-05
   2.8242363e-32   3.4124314e-04   4.3421681e-04   4.1729337e-05   2.6747950e-03   5.7565552e-04   1.8547489e-03   9.4580117e-04   4.6275623e-04   2.4665232e-04
   1.4557863e-28   7.1501328e-28   1.1401960e-03   7.2558965e-17   2.7959092e-03   1.2649618e-04   8.3902715e-04   6.8030815e-04   3.0383920e-04   6.4427892e-04
   1.0044205e-32   3.2008379e-17   7.7550200e-05   1.8106746e-04   2.8038034e-03   4.5246756e-14   1.1350183e-03   1.3125100e-03   3.8449778e-04   4.5345648e-09
   4.3524729e-30   2.2719004e-10   8.5567450e-09   1.9607154e-03   2.2081550e-03   4.6363796e-27   8.3062487e-04   1.1695350e-03   3.7096695e-04   5.3454061e-04
   4.8134272e-26   5.8130710e-04   1.2336423e-05   6.7790254e-04   2.2009441e-03   6.0426642e-19   1.6433340e-03   9.5803058e-04   2.9946885e-04   5.0131837e-04
   8.6981665e-24   2.3274818e-11   7.3640939e-13   1.7834335e-04   2.7571140e-03   1.1436200e-33   5.9156728e-04   6.8455812e-04   2.5312208e-04   1.0795445e-03
   8.2527013e-25   1.0027543e-13   1.8196529e-11   1.7736806e-03   1.4509197e-03   2.2592056e-28   5.1127251e-04   9.5277114e-04   2.9387648e-04   5.7938546e-04
   8.3648170e-33   3.9854400e-16   6.7793682e-09   2.3684799e-03   1.8058804e-03   8.1660956e-20   1.3174154e-03   6.5907891e-04   2.9628943e-04   9.1015219e-04
   2.5303432e-27   1.2515285e-04   5.1182754e-15   1.0155922e-03   2.2471979e-03   5.0424617e-17   6.7145799e-04   6.2528028e-04   3.9224557e-04   1.1772467e-03
   8.6925099e-29   4.6565565e-04   1.4922894e-15   1.4607374e-06   2.9120022e-03   1.4712050e-34   3.1348450e-09   6.2073636e-04   4.3348550e-04   4.6359062e-04
   7.8897375e-20   9.4286830e-04   5.3530563e-11   3.4673265e-04   2.2115590e-03   5.2567661e-37   7.5344736e-04   5.0668065e-04   3.7545779e-04   5.1885989e-04
   2.1398270e-28   1.8085355e-03   1.9273251e-04   6.3585077e-04   2.1640622e-03   3.6501263e-30   8.8604581e-06   5.4069979e-04   5.3889445e-04   6.2586683e-05
   4.9618088e-29   2.6212958e-03   7.5249448e-10   5.5552511e-06   3.1645201e-03   2.1007014e-11   8.8035937e-08   1.0885834e-03   3.0700021e-04   5.3428849e-12
   2.5298165e-26   2.1530612e-03   1.1734891e-11   2.3413951e-12   3.2380710e-03   1.2719417e-14   2.0144510e-12   8.4177489e-04   2.8373949e-04   1.0390147e-05
   6.3951504e-28   2.1868988e-04   5.1880184e-13   1.0564160e-10   3.1463534e-03   6.0329197e-25   1.0711426e-19   8.6228243e-04   3.8226092e-04   1.4991210e-04
   2.9556929e-33   8.5935107e-06   6.9773613e-22   8.8961320e-05   3.1756267e-03   2.0564359e-24   2.4605554e-07   1.0885092e-03   3.4142872e-04   2.0518228e-15
   7.5027615e-32   6.3392117e-04   5.9707159e-23   1.7273854e-06   3.3819307e-03   9.2076278e-47   2.2662477e-06   1.0893618e-03   4.2736594e-04   5.0238507e-14
   1.4576331e-33   8.8304339e-04   3.6931572e-20   1.7760210e-13   4.2530069e-03   6.8738868e-55   5.2954507e-14   7.3423289e-04   4.3610724e-04   7.7644088e-15
   1.6722638e-33   7.3588750e-06   2.4214102e-24   1.1379837e-12   3.8288011e-03   3.2818625e-34   6.3760142e-11   8.2857826e-04   4.4962796e-04   5.1688387e-20
   5.0990747e-37   2.8044980e-18   1.4717529e-23   1.5926254e-06   3.9140246e-03   2.7378982e-29   5.1659175e-10   1.0714320e-03   5.4721564e-04   2.5694924e-30
   2.3206601e-37   8.6972410e-05   2.0898871e-27   1.6846250e-11   4.1917739e-03   5.1957536e-47   4.4717537e-07   1.1350104e-03   5.3862445e-04   9.2080368e-21
   7.0519679e-32   7.9118653e-04   2.3268607e-23   5.2307330e-22   4.0033362e-03   1.9787260e-43   4.3677371e-12   1.4040747e-03   6.4617043e-04   2.2968770e-16
   1.2072761e-39   8.0450699e-04   1.7366320e-18   4.8246130e-10   3.2251916e-03   3.1421789e-37   1.3077876e-08   1.1321335e-03   9.6835059e-04   5.3112775e-33
   2.7169661e-44   6.7012730e-04   1.8790144e-24   3.2234435e-09   3.9646737e-03   6.8122590e-42   1.1752423e-10   1.4151829e-03   8.9138045e-04   1.0093131e-29
   5.0270510e-42   8.7455879e-04   6.0714178e-33   1.0102838e-23   4.6387846e-03   1.3052191e-45   1.6364523e-09   1.5590023e-03   6.1374005e-04   1.5009756e-43
   9.0106176e-40   1.1939171e-03   7.3249155e-27   6.4240665e-12   3.7208746e-03   5.8986473e-47   9.3236500e-10   1.6690934e-03   5.6300879e-04   1.0774601e-21
   5.1036462e-36   8.7236723e-05   3.9851204e-29   6.4450023e-23   3.4450580e-03   1.4114670e-42   2.9158591e-11   1.4965563e-03   1.0363585e-03   4.1761451e-25
   5.2130185e-33   4.0887831e-11   9.5968846e-24   1.6396520e-04   3.0159576e-03   2.9962110e-41   2.1641745e-14   1.1381511e-03   1.0904843e-03   5.2783342e-25
   7.8907869e-30   1.0969061e-17   6.9504161e-25   1.2473783e-04   3.5448015e-03   6.5931480e-46   4.7573812e-12   9.3234727e-04   1.2494610e-03   3.7392847e-22
   8.4944336e-30   2.5058607e-09   2.4739503e-31   4.0572267e-11   4.5532272e-03   1.1853633e-52   7.5542007e-07   1.2097071e-03   1.5241327e-03   5.1225741e-29
   4.2774311e-30   2.2455061e-08   2.0221328e-27   7.7432525e-08   3.1835053e-03   8.6017310e-42   4.3040931e-05   1.1439336e-03   1.3455901e-03   1.3158873e-31
   1.4419090e-27   4.3225409e-24   2.8178962e-22   5.0960878e-04   2.4628330e-03   2.7811654e-34   3.6501887e-04   9.3830658e-04   9.7110671e-04   4.1772466e-22
   1.4676120e-32   5.1282879e-22   2.2053290e-17   3.7393041e-04   2.8991342e-03   2.6636955e-45   1.6819520e-04   1.2398279e-03   1.1150190e-03   5.5202041e-24
   3.1338966e-30   3.0888377e-07   2.4203412e-18   8.9266314e-15   2.6429917e-03   3.1131312e-47   1.3334347e-07   1.2377102e-03   1.3434166e-03   5.6685891e-27
   1.6387732e-27   2.0737500e-03   2.5864919e-17   1.9332798e-08   2.9426707e-03   2.6356646e-42   2.5874977e-04   8.5703439e-04   1.1538072e-03   1.2218166e-24
   7.6232954e-24   3.0968169e-03   7.4787530e-23   2.0302851e-16   4.1707577e-03   3.5270702e-44   5.4568606e-04   7.1113983e-04   1.4325407e-03   1.8072599e-26
   7.4335266e-25   4.1594279e-03   1.6605830e-28   1.0945372e-09   4.5672320e-03   1.9073824e-44   4.9507591e-07   3.9666085e-04   1.3787865e-03   1.7240182e-23
   3.4550833e-24   3.6075950e-03   2.4211378e-31   1.7281429e-14   4.0027858e-03   6.7442919e-47   4.7675684e-04   5.7433010e-04   1.1657442e-03   3.9694326e-19
   1.0697101e-30   3.0703735e-03   2.3478714e-28   1.2823898e-13   3.8542201e-03   2.0658294e-48   2.4495868e-05   7.0784886e-04   1.0910697e-03   1.0872584e-23
   1.1955187e-31   2.7024988e-03   5.8180625e-33   3.5527194e-06   3.4109836e-03   2.4374543e-59   7.7621116e-11   9.5731267e-04   1.1347425e-03   7.9445534e-21
   4.2694999e-34   2.2051177e-03   1.1894407e-31   1.4696887e-04   2.9674894e-03   2.4233426e-58   3.1202500e-09   1.0101116e-03   9.9426336e-04   7.1621307e-18
   4.5572528e-39   2.3191321e-03   7.5357503e-16   8.9808276e-06   3.9486266e-03   1.0920235e-45   3.9016275e-08   1.2428870e-03   9.8385558e-04   1.5707889e-18
   5.3647371e-37   2.4440534e-03   4.5736216e-13   1.4271545e-03   4.8166676e-03   7.6603316e-41   3.6835605e-09   1.2167179e-03   7.1654476e-04   1.5583579e-28
   2.9918955e-29   2.1407733e-03   2.1269644e-11   2.7481083e-03   3.4594088e-03   3.0003930e-31   2.2038200e-11   1.3723828e-03   7.1116736e-04   6.7924083e-23
   7.0111816e-29   2.3483854e-03   2.7197670e-09   2.3840084e-03   3.5204559e-03   5.1949353e-24   6.1621683e-10   1.1123708e-03   7.5445553e-04   5.7412951e-08
   1.1134161e-32   4.2920340e-03   9.1979253e-11   1.1872110e-03   3.6325604e-03   1.1568837e-22   3.2109815e-09   1.1939514e-03   7.0616290e-04   1.2918609e-11
   1.3493088e-34   5.4741659e-03   2.4343199e-14   1.6667274e-03   3.8078164e-03   2.1900411e-25   1.6465772e-06   9.5724219e-04   6.9688148e-04   8.1608601e-21
   8.2556963e-31   6.9201838e-03   9.6424071e-24   3.0899990e-03   3.9042756e-03   2.3198305e-39   5.6649034e-07   8.8556539e-04   7.8638397e-04   1.0501640e-18
   1.6206496e-33   6.1939687e-03   2.9969710e-19   1.1153214e-03   3.5478771e-03   2.4313125e-47   3.0845847e-07   1.0366619e-03   8.6777750e-04   1.3487072e-13
   7.2973263e-30   6.2042458e-03   1.2833060e-21   2.3228150e-04   2.9995101e-03   1.2621132e-40   8.1450914e-11   1.2339414e-03   9.0418987e-04   6.4776541e-07
   1.7855888e-29   5.7087794e-03   5.5688382e-17   5.5008220e-04   2.2790342e-03   1.0698732e-43   1.3700380e-20   1.7376755e-03   9.2993118e-04   4.0326188e-09
   1.9330763e-32   2.9589674e-03   1.1476141e-15   2.6771588e-03   2.2265960e-03   2.3325986e-57   1.1390599e-18   1.7535060e-03   1.1584579e-03   7.8585522e-05
   3.7256918e-31   6.4276148e-04   9.9374118e-06   1.8130805e-03   3.4697249e-03   4.1056143e-41   1.4090985e-30   9.7983350e-04   1.3518989e-03   1.0858761e-03
   1.1680137e-40   1.1378540e-03   6.0241701e-06   8.9656302e-04   3.9356569e-03   5.6987650e-39   7.4237308e-19   1.2186128e-03   9.8371397e-04   6.6868383e-05
   1.4330800e-40   1.2415293e-03   2.2539964e-13   6.0822210e-04   4.2617720e-03   5.2883855e-48   1.8975931e-14   1.4458692e-03   5.7055373e-04   3.7572445e-07
   8.5604513e-35   1.3751151e-04   1.2088276e-14   6.7488518e-04   4.1676102e-03   7.9171923e-52   1.4974946e-16   1.1662213e-03   8.2170512e-04   2.6161048e-04
   1.6526831e-28   1.1638852e-05   9.9228324e-13   1.5934476e-03   3.1326700e-03   2.7860515e-51   8.3759013e-16   9.0663450e-04   9.3892433e-04   7.0941010e-09
   3.0782117e-19   1.6814062e-16   3.2553699e-12   2.6064130e-04   2.8313657e-03   1.2465089e-63   8.5886919e-23   7.9081130e-04   9.0933179e-04   8.0550159e-04
   1.1711132e-22   1.3984072e-08   3.3262965e-18   1.9234453e-12   3.1700278e-03   7.0376187e-48   3.0823710e-20   8.1264917e-04   9.3321979e-04   1.5365345e-03
   9.3056363e-24   9.8041674e-08   1.1858750e-19   6.3675652e-16   3.3165873e-03   1.4150837e-50   6.2061222e-20   9.0105424e-04   1.1807160e-03   4.0978892e-03
   3.5186193e-22   2.4741707e-13   8.9809494e-14   7.9381629e-14   2.8493787e-03   1.6781002e-51   7.7648191e-21   7.1379169e-04   1.4013660e-03   6.6455813e-03
   1.8972798e-18   1.3614325e-13   1.5098031e-08   4.2955503e-10   2.8397002e-03   2.4677185e-44   4.4870929e-24   3.4924431e-04   1.1664205e-03   1.5279002e-03
   2.0379472e-30   9.2867142e-04   3.0990481e-05   2.1541621e-05   2.2821006e-03   3.9566077e-27   5.5437943e-26   1.0113106e-03   1.0612137e-03   1.7027747e-05
   7.4915690e-34   4.8762419e-04   7.1870549e-07   4.9881179e-10   3.4197360e-03   2.7116971e-36   1.2992013e-26   1.2633761e-03   1.1939805e-03   1.8500716e-04
   3.7718121e-25   2.9455013e-05   6.1552965e-07   5.7536635e-07   3.7305655e-03   1.6146548e-42   1.5061169e-20   1.1889356e-03   1.1185108e-03   1.7728254e-05
   3.3568663e-21   1.5716289e-04   3.9381284e-08   1.8951586e-07   3.1852951e-03   2.9884963e-35   4.0389120e-19   1.0533071e-03   8.9316552e-04   6.7248988e-06
   1.1262507e-16   1.8083251e-14   9.5966615e-19   2.1922304e-05   3.2704527e-03   4.8337220e-38   3.8724688e-26   6.0526746e-04   5.9021745e-04   2.3500228e-05
   1.7618711e-16   7.4948135e-13   1.3086141e-11   1.1794798e-05   3.6652278e-03   4.1092551e-29   1.4421287e-33   4.8697686e-04   6.9182544e-04   7.3134479e-04
   1.0325453e-17   3.0804192e-06   1.2010096e-15   1.0060614e-07   3.7555040e-03   1.5591824e-35   1.3562646e-24   3.6507626e-04   8.8781618e-04   4.1637764e-05
   1.1785309e-17   2.1013151e-08   4.7111765e-17   6.1033523e-07   2.5928987e-03   5.7464495e-38   9.6063211e-20   5.4905115e-04   5.2074531e-04   2.6234831e-14
   3.1782618e-11   7.5239550e-04   2.9949740e-11   1.0716645e-07   2.9161703e-03   6.0524849e-38   3.3522037e-22   3.6666945e-04   3.3754725e-04   1.0426057e-17
   3.9795922e-13   6.3179691e-04   3.0290123e-13   7.8085221e-08   3.3239233e-03   1.7432038e-48   3.0042528e-24   2.4899601e-04   4.1117901e-04   1.6173675e-22
   1.4531582e-15   1.2365030e-06   1.1211589e-15   2.3793233e-05   2.9599161e-03   9.6937670e-52   8.2627713e-24   3.7069177e-04   4.6043413e-04   2.6624153e-18
   2.3877385e-20   7.0776396e-06   8.8637303e-14   4.7914690e-10   2.8673254e-03   1.7483169e-46   8.5314855e-23   4.7202433e-04   3.5947555e-04   7.6205577e-11
   1.6945899e-17   4.8943155e-08   8.5068106e-14   3.5680330e-10   2.9793954e-03   2.6361357e-42   5.3524734e-25   4.1030259e-04   3.3404680e-04   4.7238562e-10
   1.6110394e-15   5.7948032e-05   1.3010042e-13   9.8946285e-10   2.5661427e-03   1.4798750e-45   1.1744827e-28   2.4101984e-04   3.5358400e-04   1.4071812e-15
   1.6264483e-14   7.2788101e-06   4.1792022e-10   2.4826697e-05   2.2958846e-03   1.6113945e-32   1.5056437e-19   2.2386943e-04   3.5162240e-04   1.5781751e-16
   5.7552753e-12   2.0661207e-19   6.3879236e-15   1.9483668e-06   2.4997255e-03   2.3769681e-40   2.8086591e-23   2.7807857e-04   2.3330158e-04   2.6849680e-19
   4.9194054e-13   1.4152557e-16   6.0028222e-13   4.3279989e-04   2.5886523e-03   1.4193636e-61   6.3408648e-24   2.4352388e-04   1.4877892e-04   8.7270496e-10
   4.4577466e-14   3.7789539e-08   1.6167544e-19   4.5152252e-05   2.4669373e-03   3.7490329e-44   1.5479058e-28   2.4578502e-04   1.9688362e-04   1.2661954e-17
   5.1626165e-14   1.3615730e-20   1.1191596e-26   3.3900356e-09   2.3648703e-03   1.4943014e-44   9.0177722e-28   2.9424240e-04   2.2154867e-04   1.2353369e-13
   9.7119013e-11   1.8749214e-28   3.3591079e-26   5.1029812e-12   2.4846990e-03   2.1023036e-47   3.7906981e-30   2.9009822e-04   1.1603961e-04   3.9083855e-16
   1.4183151e-05   1.5896694e-08   4.0331733e-13   3.2185857e-09   2.2361932e-03   9.7769946e-56   2.1144802e-19   1.9553778e-04   7.5730774e-05   1.0032923e-08
   9.3932683e-06   1.9374219e-07   3.3913691e-11   3.6277881e-06   1.9925460e-03   8.4592688e-38   5.9124913e-22   3.3102399e-04   7.5008853e-05   1.8017001e-04
   4.5352072e-05   1.0846535e-05   6.4629261e-05   1.2826738e-04   1.9912906e-03   1.9300683e-21   6.0721927e-18   2.7045121e-04   8.1320467e-05   1.2702314e-04
   5.4397071e-05   2.5566913e-04   4.4900420e-05   2.3020607e-04   2.2517496e-03   1.1823311e-31   2.9891545e-12   1.0640591e-04   1.5396796e-04   2.7951246e-13
   6.1379264e-05   4.3036563e-04   4.4562664e-10   1.4093539e-04   2.0971236e-03   2.0474740e-26   3.1495789e-15   1.9294654e-04   1.4067266e-04   1.8820844e-22
   1.4221108e-07   4.5147121e-04   2.2629470e-17   2.0218765e-12   2.4519449e-03   1.2744648e-27   1.4729343e-17   1.6487477e-04   4.2204612e-05   8.6733178e-18
   1.2708043e-06   4.0605434e-04   1.4517664e-10   3.2072458e-08   2.6826988e-03   1.1542874e-37   4.1411265e-22   1.2803819e-04   4.2788525e-05   4.9619069e-07
   2.0358471e-13   2.3388451e-12   2.9798546e-11   1.2477903e-07   3.3393166e-03   3.4517640e-46   1.5324749e-20   4.0129629e-05   6.4862263e-05   4.6532618e-08
   9.4466289e-10   1.7947140e-08   2.4865210e-12   6.9564154e-04   3.0097140e-03   4.0346672e-58   2.1995376e-20   1.2349479e-04   1.2996054e-10   1.3412108e-09
   1.3938974e-07   5.0853455e-04   3.4724268e-14   9.9639545e-04   2.6844205e-03   1.6179334e-33   4.6662101e-19   1.2131343e-04   5.9190852e-05   1.2818654e-14
   8.8799387e-06   7.8252115e-04   1.8177859e-11   1.1256680e-03   2.4336719e-03   1.4681390e-38   4.1972914e-17   5.6268007e-05   1.0391930e-04   1.9191687e-17
   4.7990331e-08   9.7742904e-04   9.4529686e-10   4.9532192e-04   2.4653918e-03   1.1428989e-42   1.2735234e-12   9.1207101e-05   9.5369500e-05   3.2163504e-05
   1.0438833e-09   1.1884155e-03   1.6307340e-06   8.1077899e-04   2.3639662e-03   2.0304349e-34   3.3223544e-14   1.3137878e-04   9.6625224e-05   1.1257182e-06
   5.6319300e-20   4.8253937e-04   1.3447912e-10   1.8285871e-03   1.8224104e-03   9.5588948e-42   8.7520490e-19   2.6035424e-04   1.3131306e-04   7.8833382e-06
   8.2163100e-24   6.1155247e-04   1.8863462e-14   1.3693218e-03   2.4309653e-03   1.9546909e-47   5.3880233e-20   2.5202465e-04   9.1709282e-05   3.0131971e-07
   8.1620297e-12   1.0593018e-03   1.7879080e-15   7.9199006e-13   2.7636166e-03   1.9516318e-41   1.0847678e-17   2.2082996e-04   7.4304941e-05   3.3091443e-10
   3.6885206e-06   1.4434580e-03   9.7760604e-15   1.3564036e-08   3.0286484e-03   2.5589310e-53   1.8072511e-17   2.0659058e-04   7.3403742e-07   1.3154171e-17
   7.1556505e-17   6.6959358e-04   1.1921570e-17   7.3777513e-04   2.6130181e-03   2.8303859e-42   2.3525734e-17   2.4674152e-04   1.8128988e-14   6.3555973e-21
   4.0086029e-17   5.5572591e-04   8.4461704e-17   2.3147427e-03   2.1490896e-03   2.6458395e-42   2.1181064e-19   3.8051366e-04   5.7371469e-05   2.0373011e-18
   1.4768686e-06   7.3425585e-04   2.1577285e-15   1.1496759e-03   2.1630846e-03   7.2669603e-31   1.1543029e-13   1.4889705e-04   1.0553482e-04   3.2708814e-05
   6.6937627e-09   4.2055743e-04   2.8758289e-14   1.3667725e-03   2.2796584e-03   2.0707326e-24   1.2194096e-06   1.6341937e-04   5.1000611e-05   9.0377403e-08
   2.0143544e-19   1.3415428e-03   1.2876903e-15   4.0447342e-03   2.6523952e-03   5.6660897e-46   1.5852859e-22   7.4433635e-05   3.0297831e-17   3.0106751e-28
   4.7929541e-19   1.6551676e-03   1.2267412e-12   4.4487269e-03   2.8302107e-03   3.3090559e-55   2.4793651e-29   2.1831944e-11   2.0000328e-13   5.9936987e-29
   2.6078050e-08   2.1612080e-04   3.6848633e-08   1.6488727e-03   2.7728546e-03   9.3558888e-41   1.0923559e-18   2.6782882e-05   6.0719988e-05   7.5358030e-12
   6.7022599e-05   8.2805961e-41   4.7927676e-06   5.8315647e-05   2.6055163e-03   1.1180122e-30   2.3281934e-12   8.2549635e-05   1.1069423e-04   1.3869216e-04
   9.1036147e-15   1.2744384e-04   1.4255784e-04   1.3316068e-03   2.2565774e-03   6.2306544e-18   2.2881629e-07   6.0072398e-05   2.2534306e-04   8.7271057e-06
   6.8161708e-10   1.2628182e-03   2.7484540e-07   4.5768340e-04   2.8505625e-03   2.7418410e-14   6.7734284e-11   4.4894401e-05   2.0921495e-04   1.1538924e-24
   3.3306594e-10   1.6406748e-03   1.7341132e-13   1.3129914e-04   3.0384127e-03   1.6732423e-32   7.8242141e-13   6.0846177e-05   2.8312391e-04   2.7061415e-20
   5.2825665e-14   1.6101682e-03   2.7572128e-09   1.1041842e-03   2.8845043e-03   6.0985741e-39   1.8772162e-11   2.1672171e-09   2.5608939e-04   3.4028173e-22
   6.8041711e-09   1.1004932e-14   3.9403231e-10   2.2882372e-03   2.4228872e-03   2.4084965e-40   2.8476533e-16   5.9822219e-06   2.1743857e-04   2.1749927e-15
   4.3220218e-12   1.9037364e-03   8.3245323e-14   3.5387833e-03   2.0982366e-03   1.0512540e-58   5.5387176e-14   8.0615419e-08   1.3646344e-04   2.1659016e-25
   1.1325597e-13   1.3849875e-03   7.6971281e-12   1.4598396e-03   2.2675502e-03   4.7031870e-19   5.8423940e-12   2.7894497e-12   1.3383653e-04   9.1895173e-20
   6.7363396e-06   6.6978800e-04   4.6976274e-08   2.9573878e-04   2.5568267e-03   6.7035134e-09   2.4333289e-08   5.8788566e-05   1.5945575e-04   3.4280075e-22
   3.2583789e-10   2.4574408e-04   1.7888031e-12   2.2483951e-04   3.0407647e-03   4.6781697e-28   1.5002732e-12   3.0538387e-05   1.1458880e-04   3.0564262e-24
   8.3977808e-07   1.1655332e-15   4.8426186e-09   2.9667289e-04   3.4697094e-03   2.9045519e-37   1.1231198e-14   1.3829350e-05   6.0552155e-05   1.1776840e-27
   3.2431200e-08   7.7658524e-05   5.8457050e-05   5.2416761e-04   3.5836176e-03   7.3370308e-37   4.5954876e-15   2.6806427e-10   1.1819599e-04   4.7834413e-27
   6.4239878e-21   8.1156056e-04   5.6397283e-05   1.0207256e-03   3.6502093e-03   5.6440894e-22   5.6482059e-06   1.5495262e-11   1.6332471e-04   8.5225430e-30
   1.5131721e-09   5.4472206e-04   7.6765756e-05   1.0838291e-03   3.1995533e-03   9.0230918e-15   5.8894270e-04   1.1870978e-18   1.2395482e-04   6.2935614e-33
   6.2389357e-15   1.0902993e-07   1.2104938e-06   1.6606680e-03   3.4679915e-03   1.4796950e-26   4.1150689e-04   6.8505751e-15   1.3992536e-04   2.5959821e-33
   1.2230243e-08   7.2759299e-15   4.9954910e-08   2.0898443e-03   3.1814176e-03   5.2497235e-19   3.6565131e-05   1.5804821e-05   1.3964761e-04   8.8162581e-27
   1.1448703e-05   1.9646372e-15   4.1649974e-07   3.7776775e-04   4.3270240e-03   1.2089032e-27   5.3320513e-08   5.4930762e-12   5.7312568e-05   8.0613717e-28
   7.1300105e-14   7.6650738e-09   5.1183571e-06   2.0048335e-03   4.1140412e-03   1.8660681e-42   1.0092619e-09   4.9625808e-15   6.5897363e-05   3.1847353e-19
   1.9305676e-08   1.0993290e-28   5.6521208e-06   2.6048099e-03   3.0577240e-03   9.5083618e-23   8.9197250e-08   1.1922519e-05   1.3597740e-04   1.3471751e-17
   1.0386318e-04   7.5840156e-16   3.9199183e-06   1.4737424e-03   2.6252046e-03   5.5390239e-28   6.1058210e-07   6.0154682e-05   1.0317324e-04   2.7210052e-13
   1.1948996e-04   3.5400128e-04   3.7586182e-06   3.7666992e-04   2.7719782e-03   9.0440278e-25   1.9082993e-06   1.1871345e-04   8.5617524e-05   1.1077750e-23
   2.9684699e-05   2.6079239e-09   4.5924818e-05   8.2118986e-04   3.3358722e-03   6.9574623e-05   7.4583127e-22   3.7118874e-05   8.8222119e-05   3.3186549e-12
   2.7411043e-12   4.0358555e-32   2.3436645e-04   1.7782362e-03   3.3866425e-03   3.7160298e-05   3.3233571e-19   9.8472482e-07   6.4928469e-06   1.0359219e-14
   9.6410319e-05   7.8974356e-11   3.0238381e-04   6.6722515e-04   3.2821787e-03   1.7022006e-10   1.0061395e-09   2.6842068e-05   2.5529616e-13   3.6509983e-13
   1.0588400e-04   1.7652820e-06   4.0666271e-04   1.1590087e-05   3.2206964e-03   1.1974584e-11   5.4386490e-04   5.6343010e-05   1.7818049e-07   5.3595702e-08
   1.4835350e-04   2.0102745e-39   5.4404361e-05   1.1189953e-07   3.2649839e-03   1.0492734e-07   5.7290988e-04   6.6313843e-05   9.1227733e-13   3.0377153e-14
   8.3214744e-05   5.1922126e-05   3.6413664e-04   1.7752328e-05   3.5631449e-03   3.2131935e-06   4.3606114e-04   4.0799130e-06   7.8402562e-09   1.9483867e-22
   4.9309428e-07   2.2047923e-04   3.6417673e-04   3.2653832e-04   3.8715138e-03   6.8620098e-15   4.4332179e-06   1.3152461e-08   3.7681019e-09   6.7386250e-27
   7.0053814e-05   1.0537592e-09   2.7543477e-04   8.8930157e-11   4.0501268e-03   4.7100336e-12   2.6605540e-06   5.3678216e-05   1.8847258e-05   3.4773819e-13
   1.5118014e-05   1.1863237e-10   3.5197129e-04   8.1958006e-04   3.8221252e-03   3.3941420e-04   4.0555461e-06   5.1805641e-07   7.5678044e-13   4.0707294e-10
   1.3657954e-04   7.5698053e-05   7.5463233e-05   7.4847811e-07   3.8051871e-03   5.4863367e-04   3.6274443e-04   1.8393717e-05   1.0522434e-14   2.2775407e-21
   2.2794588e-05   4.9713443e-10   4.2057489e-04   9.5790777e-04   2.9889927e-03   1.0301715e-03   1.3269258e-03   6.5002071e-05   6.9997829e-20   5.1648016e-14
   1.9805330e-06   3.9136098e-04   5.4146657e-04   6.1633940e-04   2.6909709e-03   5.6436662e-04   9.3300326e-04   1.1181260e-04   5.8526896e-21   5.3144935e-17
   1.5975413e-04   4.3955977e-04   1.2244782e-04   4.6459995e-07   3.5876024e-03   3.9878006e-09   1.5555171e-14   6.3266816e-05   3.1317946e-10   1.0283801e-16
   5.8814782e-05   1.2745890e-17   2.1905897e-04   1.1244831e-06   3.8159098e-03   8.0667373e-12   3.1977817e-04   8.0883146e-06   3.6406239e-19   4.0312436e-13
   1.6100395e-07   1.1629764e-33   3.3604619e-04   2.0072229e-04   2.7358789e-03   8.5436563e-04   4.1328442e-04   5.4127600e-05   3.2653166e-21   4.1168477e-15
   7.8117666e-05   3.7985560e-44   3.9763681e-04   1.2133696e-06   3.2524374e-03   1.7792743e-03   3.5846549e-04   1.3649711e-05   8.4957446e-23   1.8433005e-16
   3.9047876e-06   1.3260425e-33   5.9567185e-04   4.7276245e-06   3.1451381e-03   1.9963718e-03   2.4558419e-04   5.7769091e-11   7.0839479e-24   1.0055361e-21
   5.6762805e-07   1.3802819e-30   1.5882501e-04   2.5973636e-04   2.9532079e-03   7.2742200e-20   1.3238390e-03   3.6938334e-09   1.8627869e-23   9.5945591e-10
   7.6142288e-10   3.6981278e-20   2.0093586e-04   4.0021292e-06   2.8171493e-03   1.7608871e-10   1.8988058e-03   1.6744429e-05   1.0668692e-20   3.7345379e-04
   4.9818054e-05   8.0898112e-12   5.4478570e-04   5.7999871e-04   2.6835625e-03   3.3865732e-12   7.3971183e-04   2.4335715e-05   1.2035772e-19   4.1674739e-04
   1.0250913e-07   1.5106208e-22   6.8958922e-04   5.8673451e-04   2.6996486e-03   8.7325638e-19   2.9865276e-04   7.1372368e-05   3.9866543e-26   2.3420688e-17
   5.3251787e-10   2.5180816e-36   7.9685418e-04   7.4860048e-05   2.3235745e-03   3.6629318e-09   9.4710335e-04   8.1316700e-05   4.8609858e-28   5.8462695e-05
   4.5979233e-05   1.1272505e-40   5.4215728e-04   5.3813899e-06   2.6359582e-03   3.9529183e-10   1.1786579e-03   3.0422567e-05   3.6130920e-30   2.0119658e-06
   6.1607422e-05   1.8333211e-30   5.6830104e-04   3.2556267e-08   2.5720143e-03   2.2324707e-05   1.0095851e-03   7.1509171e-06   1.6932422e-24   1.4663075e-04
   1.3672152e-11   2.0198266e-33   5.5023463e-04   7.6572567e-04   2.7993555e-03   1.2907921e-05   1.6251434e-07   5.7525683e-10   9.6368386e-29   1.2402499e-04
   1.2604051e-04   8.7690895e-47   2.2287715e-08   9.2491504e-04   2.9694916e-03   1.4104007e-06   2.2172168e-05   5.8395243e-14   1.8008805e-30   1.3503651e-06
   1.1881396e-04   5.9645469e-22   4.0670969e-05   1.9384914e-05   3.2797377e-03   9.7156710e-24   6.1435637e-04   7.3869192e-10   1.0139249e-27   2.0365467e-22
   9.9491430e-05   9.0155276e-17   8.1790018e-05   7.2468591e-09   2.8779740e-03   3.4961429e-22   1.0243890e-03   5.6335413e-11   1.1146947e-29   1.2431839e-04
   1.8220234e-04   2.8532507e-21   6.1914071e-05   2.0709099e-09   3.0815437e-03   1.8071412e-28   1.8709456e-04   2.1228695e-06   7.9852207e-27   2.7064348e-05
   7.7022520e-05   1.6785315e-55   3.5558906e-04   5.6195999e-10   2.9896682e-03   1.2530841e-12   1.3923916e-17   2.8783304e-10   1.9723283e-34   1.1356269e-05
   7.2222129e-05   2.0848028e-38   3.8133492e-04   5.7251821e-22   3.2315028e-03   1.8845925e-25   1.8417678e-08   7.3358566e-17   1.1022699e-34   2.3499838e-04
   2.7337366e-05   3.2012086e-45   1.0186640e-04   1.0947729e-10   3.6912768e-03   6.9216507e-31   1.6737121e-15   2.0255599e-18   3.1134576e-33   1.5535848e-08
   1.0018864e-04   1.1444831e-08   2.0951753e-06   4.7862129e-17   3.5346401e-03   3.8654287e-16   2.6624802e-09   7.9861826e-18   4.5349764e-25   4.1312009e-04
   9.9104303e-11   2.6893327e-04   1.7473075e-04   1.0308939e-04   3.1566001e-03   2.5276944e-07   5.4609729e-05   8.4076350e-10   7.1090134e-24   5.3743259e-10
   6.1449186e-05   1.9028682e-04   1.5414637e-04   2.2979430e-05   2.6293058e-03   2.2709419e-31   2.4867731e-05   2.6715943e-08   1.5214438e-27   1.8697470e-09
   9.3669256e-05   6.8641036e-14   3.7646894e-04   2.4834891e-09   2.6122859e-03   6.7345909e-05   2.7127627e-24   3.1810881e-11   2.2318060e-29   5.9055453e-17
   1.7409902e-04   7.0317489e-18   9.6518639e-05   7.9863784e-04   2.2472860e-03   8.1947389e-20   7.1687814e-20   2.6145915e-05   5.0293142e-24   2.2211728e-08
   5.9247300e-05   3.2293954e-42   7.9425026e-05   1.6696977e-03   2.3212509e-03   1.4519435e-20   5.9205879e-27   2.4248327e-18   9.4604515e-31   5.7482729e-04
   3.3970206e-11   9.6823968e-17   1.4909615e-04   8.6625740e-04   2.6684553e-03   3.0241584e-17   7.3073554e-08   8.8941863e-19   8.1536660e-26   4.0815737e-04
   8.3239963e-05   5.5378791e-10   1.0791901e-04   1.5236120e-04   2.6323666e-03   4.3862614e-16   1.4263848e-11   3.2007587e-06   4.2709575e-17   4.4611229e-05
   2.4932656e-05   5.7588924e-35   2.3870734e-04   6.5103745e-04   2.3295574e-03   6.5112977e-08   2.4637227e-08   8.4338857e-09   2.3566317e-27   7.5733313e-08
   1.0154859e-06   1.6530196e-17   4.9574706e-04   1.5579897e-03   2.1076792e-03   1.7264387e-07   2.3503660e-04   2.2942665e-05   5.5468907e-19   1.2202205e-05
   3.0885453e-10   5.9214859e-12   6.4268373e-04   6.8045723e-04   2.4420118e-03   2.8361930e-32   2.8913680e-16   7.4632424e-09   1.0733672e-19   5.7829054e-05
   2.0498653e-09   5.0478720e-16   3.3432270e-04   8.4899710e-06   2.7609209e-03   6.6437294e-07   3.4148621e-06   2.5250188e-05   9.2065288e-21   1.5186696e-04
   1.4884266e-09   1.6507033e-04   3.2062413e-04   3.1162762e-10   2.4342863e-03   9.5404025e-12   4.4941083e-12   1.0311741e-04   1.0726783e-18   3.6273304e-05
   5.8747909e-19   5.6679859e-04   4.7866865e-04   5.5677619e-08   2.0132780e-03   4.9577249e-15   5.4570992e-23   1.3565331e-04   1.6928090e-13   2.8871118e-11
   1.4380678e-19   6.2837029e-04   2.2675731e-04   1.5032794e-08   2.1560278e-03   3.0218731e-04   3.8857898e-13   8.2372346e-05   1.3472693e-16   1.9646261e-04
   1.1545608e-09   4.9034639e-04   8.7618920e-09   1.0345632e-13   2.2709124e-03   1.2443316e-12   2.2487466e-05   1.3644997e-04   4.4509430e-16   2.4137492e-04
   4.1478478e-14   4.0456431e-04   9.8594051e-06   4.0817739e-09   2.0869837e-03   3.7365609e-10   6.7063708e-05   2.2741886e-04   1.8181367e-12   3.3953873e-11
   1.2000606e-09   8.4974209e-05   2.0962652e-05   1.4668472e-04   2.0012816e-03   1.7800259e-04   4.3113299e-07   1.2931884e-04   3.2449257e-10   2.4744249e-04
   2.0442555e-14   2.9167447e-17   9.8324421e-05   2.7013215e-07   2.5073771e-03   1.3683255e-08   7.4862011e-26   1.2609640e-04   1.5782254e-15   1.6076106e-07
   1.8132711e-16   5.4888706e-14   1.0277930e-04   2.4331497e-09   2.7501950e-03   1.0173544e-13   4.0600005e-23   1.0875519e-04   1.1987836e-25   2.1723381e-12
   2.6028614e-14   1.9932996e-18   4.7636016e-04   5.3719459e-05   2.5559358e-03   1.4537563e-11   4.9588665e-14   5.2393670e-05   1.0154362e-14   1.8686834e-09
   1.6337319e-08   1.5605154e-04   5.1037615e-04   2.3811987e-10   2.5138139e-03   9.1451475e-16   2.3234801e-21   4.9309740e-05   8.8661467e-13   7.4697676e-09
   3.6766435e-20   1.4374093e-04   1.6239938e-05   2.2266515e-15   2.5277296e-03   2.8522280e-09   2.3420637e-12   9.6836336e-05   5.8191591e-19   1.5014433e-22
   6.0537719e-17   3.9056228e-17   1.2670894e-05   5.5507907e-24   2.8584350e-03   5.5306546e-14   2.4782128e-25   3.8973029e-05   2.5424315e-16   3.0132632e-04
   1.8168058e-07   1.1506037e-07   8.1166713e-05   3.9796439e-20   2.4482913e-03   9.2711946e-24   3.1664191e-10   6.3189733e-07   1.1037975e-07   2.6010560e-04
   5.7741435e-14   2.6648918e-04   1.2017784e-04   1.5115574e-19   1.7939919e-03   9.8516394e-18   2.0759972e-04   4.3581739e-05   7.4673542e-05   1.9938290e-04
   1.2980238e-19   3.6362986e-04   1.6013239e-04   8.9683737e-20   2.1418604e-03   2.0637271e-14   8.3269680e-05   4.4848546e-05   7.5032011e-05   5.1466540e-05
   7.4771004e-12   1.6134652e-04   7.8667107e-05   7.4521944e-21   1.9881915e-03   4.6926458e-04   5.6918222e-14   5.4176143e-05   1.2099715e-04   2.7045327e-05
   1.0299995e-16   3.4120145e-18   8.2718782e-05   9.0873985e-23   2.2292852e-03   3.6316782e-04   8.3434980e-13   5.0251842e-05   1.4412253e-04   4.2428313e-07
   5.4423089e-28   5.4930156e-07   3.5869664e-04   1.3894215e-26   2.0232818e-03   1.1379296e-08   1.2576152e-10   7.5641827e-05   1.1514830e-04   2.0479983e-09
   2.9606051e-23   1.4417636e-04   6.2334386e-04   5.9621387e-26   1.6640913e-03   9.7818787e-06   7.6341246e-32   8.5522429e-05   8.8214745e-05   5.1334304e-13
   6.6228987e-28   1.5221460e-04   4.8264636e-04   8.4630756e-22   2.3403979e-03   8.6952433e-04   1.1018165e-04   4.4600175e-05   4.6718616e-05   5.0975169e-09
   4.4565209e-22   3.3675532e-20   2.7894029e-04   7.6288413e-24   2.3475171e-03   5.0874529e-04   7.1387458e-05   1.0761824e-05   1.0594366e-04   5.0621282e-10
   2.4413223e-11   1.1758091e-29   3.2488667e-05   8.9020770e-20   2.3155286e-03   1.8327779e-04   3.6340860e-18   1.3705476e-06   1.0023746e-04   1.2917381e-09
   7.5281734e-12   4.6805023e-25   2.8085669e-07   5.4270116e-23   2.5445190e-03   4.8670158e-05   2.7363549e-04   1.6807234e-07   3.2077627e-05   9.3422511e-15
   6.6926878e-13   2.5672121e-16   1.5402996e-04   3.2232644e-19   2.6159807e-03   4.1416169e-04   5.1563333e-06   1.5811560e-06   6.3745465e-05   1.4545404e-04
   1.2525146e-15   5.1713537e-12   3.4979456e-04   1.2051971e-12   2.2983894e-03   3.0202532e-04   5.3829145e-08   3.5175977e-05   4.8929847e-05   1.3013528e-08
   7.4870280e-19   3.4976102e-15   2.8424013e-04   3.3541704e-16   2.3444533e-03   1.1809389e-04   1.1758946e-07   4.4657838e-05   7.1681510e-05   6.4884609e-18
   1.1182133e-10   1.0078366e-15   2.3938939e-05   1.1067538e-17   2.3869203e-03   4.4358133e-04   5.1811222e-06   1.1955624e-05   1.1505076e-04   3.1722357e-05
   4.9862771e-23   7.5817939e-23   2.7951708e-07   5.6378135e-16   2.4510681e-03   6.8695699e-05   7.5859604e-07   3.4462941e-06   1.8862317e-04   2.4897512e-04
   1.7715100e-16   1.6746614e-22   2.5542129e-05   1.5522520e-15   2.3195309e-03   4.2213677e-04   2.8362395e-09   1.2638446e-05   2.3418356e-04   8.9096100e-13
   2.1543795e-19   2.6639670e-36   2.4168678e-05   5.5185822e-20   2.3967049e-03   4.1340544e-05   5.6818109e-06   6.0234839e-09   2.2886876e-04   3.6810785e-05
   1.8163662e-12   1.1519070e-30   1.8134508e-05   4.0048362e-21   2.1193037e-03   4.0302262e-04   2.8051812e-04   2.3918280e-12   1.5983432e-04   3.8937906e-04
   5.5237456e-08   1.9584211e-30   1.9534095e-10   8.5076655e-18   1.8346746e-03   4.3294468e-04   2.5278084e-17   1.7415691e-05   2.0071057e-04   6.9874183e-13
   1.4051304e-10   2.8170050e-32   6.6351825e-12   1.3480115e-24   2.4831932e-03   8.6762657e-21   1.1138962e-04   5.6645246e-08   2.2738905e-04   1.6847168e-08
   2.3806594e-09   1.9759024e-34   2.9208887e-07   6.1014982e-24   2.5246595e-03   2.9486774e-04   2.3906255e-08   1.5349189e-09   1.8292571e-04   9.6241264e-24
   9.6436509e-11   1.5433480e-17   9.0803268e-05   3.7862999e-18   2.1850157e-03   1.4432948e-03   2.3790126e-05   3.9241582e-12   1.5022109e-04   9.9057068e-07
   2.0937581e-17   3.6929216e-22   1.0629914e-04   2.6981801e-21   2.2526927e-03   6.8110213e-04   3.0394726e-04   1.1027954e-05   1.1855315e-04   1.3212817e-10
   1.3499583e-16   2.1211077e-31   1.3342676e-08   4.8883639e-23   2.3901718e-03   9.3011733e-07   4.9917281e-05   5.2541169e-06   1.5254429e-04   1.8008122e-04
   1.5280554e-26   7.8516874e-43   5.7301441e-18   2.4731943e-19   2.8025954e-03   6.5634177e-04   1.0853607e-07   3.1821214e-19   1.8248455e-04   7.5343688e-15
   4.2599098e-29   3.4097192e-46   6.6603366e-14   2.2282890e-20   2.6657719e-03   1.0521582e-03   4.0101597e-04   8.2237980e-18   2.9648076e-04   3.3417390e-26
   1.3725669e-23   9.0065922e-42   2.1388093e-12   2.0161497e-17   2.7936238e-03   4.3846233e-04   4.4132600e-04   5.8479383e-18   3.5450015e-04   1.3454601e-31
   3.6063589e-10   2.9744922e-41   2.9111817e-08   2.5865833e-20   2.7024136e-03   5.3127822e-09   1.4463520e-04   1.7731582e-13   3.6565568e-04   7.1800639e-17
   6.8273956e-18   2.0654516e-41   3.1531718e-08   1.4459971e-24   3.1284094e-03   4.4010015e-04   3.5367443e-10   1.4078007e-17   3.8216774e-04   4.8151401e-11
   1.1933459e-21   1.4413789e-49   2.5298363e-12   3.2164249e-27   3.2683408e-03   1.3015543e-03   1.5798697e-04   1.5862196e-21   2.5205099e-04   2.9169256e-15
   6.6241032e-16   3.1433393e-46   1.0145919e-11   1.5132965e-24   3.3946803e-03   9.9673807e-04   1.2095487e-04   7.0707365e-20   1.1455379e-04   1.9607699e-14
   6.6260834e-17   1.0201889e-72   3.1513808e-11   6.3083962e-24   2.7784799e-03   3.7700522e-05   2.8419336e-09   1.7567409e-22   1.6180290e-04   3.2712149e-20
   1.9007759e-21   1.3894141e-55   2.6213512e-11   2.3373383e-22   2.2685391e-03   1.9523988e-04   2.7313474e-04   3.7072165e-20   1.5720221e-04   1.5657297e-30
   2.1224731e-08   4.9941929e-46   1.1719160e-07   5.7661438e-21   2.3086259e-03   7.3921989e-04   2.4183581e-17   2.3337573e-11   1.3798014e-04   1.1337450e-29
   4.4160595e-05   1.0679389e-47   1.3416888e-05   5.7271044e-20   2.1082751e-03   1.5332688e-04   3.6279827e-04   2.0427411e-08   1.0917051e-04   3.0324347e-15
   1.0335790e-04   3.8640554e-57   6.9313775e-06   1.3990425e-20   2.1013203e-03   1.0641471e-12   2.4001222e-04   1.0250528e-05   8.9608200e-05   2.5308438e-10
   3.3896973e-05   4.6728303e-39   2.9970763e-07   3.4010136e-15   2.3731861e-03   3.0160797e-05   1.3605916e-07   1.0811283e-10   1.9330462e-04   1.6034164e-04
   3.5678915e-05   9.2634545e-54   1.4238325e-07   1.0954572e-16   2.7718405e-03   2.7359112e-04   6.9073427e-19   4.0024043e-12   1.8048496e-04   5.8663127e-05
   1.0247080e-04   3.5861089e-48   1.9000600e-07   7.2415528e-20   2.4379915e-03   2.9856195e-04   2.3124319e-08   3.3766297e-08   1.9496540e-04   1.7376626e-08
   2.5004864e-05   7.8861989e-40   3.0876995e-11   3.3595115e-24   2.9005817e-03   8.1439084e-20   1.5785320e-19   2.5757186e-10   2.4448543e-04   1.9454880e-13
   2.7473525e-05   2.5523091e-50   1.2012415e-08   1.5377310e-25   2.2773441e-03   8.9754925e-18   1.0850102e-21   3.1975512e-06   2.8791309e-04   6.6636316e-25
   4.3506608e-05   2.4073303e-34   2.0399993e-17   2.1187617e-28   2.4249894e-03   4.5058227e-41   1.7294393e-15   1.8588544e-08   1.7126265e-04   4.7195039e-28
   6.3484954e-05   1.5691814e-31   6.0511279e-14   1.0434471e-24   1.7256883e-03   3.8948405e-39   3.7344170e-13   4.8496361e-10   2.4572371e-04   1.9340631e-33
   4.9695819e-05   1.4599335e-47   1.8154498e-08   1.8509519e-20   1.7289877e-03   3.3458660e-08   1.2348567e-13   1.8317662e-07   3.2477263e-04   6.7726251e-21
   6.8326890e-05   7.0205641e-49   2.8468879e-10   6.1679668e-18   2.3141350e-03   9.3876243e-09   3.2743638e-19   2.4554711e-09   1.4474985e-04   1.3449755e-09
   9.8035477e-05   3.7877444e-34   6.6628370e-10   3.0242484e-26   2.8758021e-03   1.8672482e-12   3.5133049e-16   1.7366265e-13   8.8320079e-05   1.6650552e-13
   9.9920755e-05   2.1160675e-40   6.4972094e-10   5.1500722e-26   2.8789166e-03   4.7699063e-40   3.6795928e-14   7.9323908e-11   6.0017412e-05   2.4501822e-20
   4.5026022e-05   7.6240149e-51   9.6685708e-11   5.7356179e-24   2.9161182e-03   2.1613177e-14   3.4420364e-09   3.1111748e-13   8.5242107e-05   2.8486151e-10
   4.8726186e-05   6.0718775e-43   1.0769570e-13   2.0355212e-19   2.4599731e-03   1.2193815e-39   5.6392945e-12   1.7321846e-08   7.0956361e-05   4.0355463e-04
   7.5105611e-05   1.4032401e-39   2.6611938e-08   3.9354307e-15   2.4550334e-03   1.0450159e-37   2.2753102e-20   1.4697242e-07   9.4049657e-05   8.3016387e-06
   5.4991911e-05   9.8427733e-25   2.5855878e-12   6.5132388e-19   1.9236611e-03   5.5131267e-10   7.2890577e-05   3.2286594e-10   1.6419204e-04   1.4709105e-14
   5.3907117e-05   9.7716833e-26   3.4282154e-05   1.0371526e-13   1.2804679e-03   6.6534230e-14   2.0690179e-04   1.2355325e-05   3.2507034e-04   7.5473702e-09
   1.0936045e-04   2.6271309e-25   1.1551170e-04   1.9169854e-19   1.6697053e-03   9.8938578e-25   4.1464270e-11   1.1681266e-05   2.4391370e-04   2.4881267e-09
   1.1618460e-04   1.2110768e-05   5.2628304e-07   1.9951522e-25   2.3298916e-03   2.6895323e-13   1.6984060e-10   2.2854184e-05   6.9551539e-05   1.0093886e-12
   5.7786135e-05   2.1721322e-49   3.8311577e-11   5.8244752e-29   2.5599554e-03   1.2367334e-21   2.0015204e-24   2.4859609e-08   1.1689579e-04   1.1615847e-29
   4.1970248e-07   5.3272199e-17   1.5228428e-17   1.5660490e-22   2.8978946e-03   2.0744341e-25   2.6952875e-17   1.2832334e-14   7.8035438e-05   2.9420911e-26
   2.0930544e-06   4.8784509e-16   4.3033886e-11   1.0576429e-12   2.3119828e-03   9.2403798e-18   1.3578907e-09   7.5687344e-07   5.6562903e-05   3.8449339e-09
   2.2979765e-05   1.6634086e-37   2.3712648e-05   2.9647266e-06   1.6600501e-03   1.5199908e-04   4.2080826e-05   1.6567279e-07   8.0991545e-05   1.4833771e-07
   1.0762470e-05   8.7837429e-20   2.3225563e-05   3.6391580e-12   1.7875116e-03   2.0353692e-10   1.2115461e-18   4.9646646e-06   8.2064080e-05   2.1026619e-15
   2.4252004e-06   7.8516207e-17   3.4960339e-07   2.0167125e-16   2.1626796e-03   1.5394828e-04   1.3428989e-08   3.7182870e-08   8.8667861e-05   1.3430613e-16
   8.9107521e-11   1.9844995e-28   9.3260423e-15   3.0989116e-21   2.5647967e-03   2.7277740e-06   2.2838361e-16   4.9707803e-14   1.9168764e-05   3.6281692e-13
   1.2625856e-07   2.4062486e-45   1.0376235e-07   2.3868150e-15   2.6038465e-03   3.2491736e-17   6.1804560e-13   5.5116264e-06   2.2413773e-13   3.0502068e-16
   5.0812731e-10   1.2732716e-18   2.1430271e-05   2.1064221e-14   2.4601834e-03   3.8725825e-05   5.9575709e-10   9.3710756e-06   6.3274559e-05   1.5774658e-06
   5.0764336e-08   8.3658457e-28   2.0777225e-05   1.6006439e-13   2.2795432e-03   1.3450965e-05   9.6274278e-21   8.9926338e-08   7.9343003e-05   8.3181477e-05
   7.7598683e-14   6.2950910e-20   7.9419952e-05   2.3054912e-08   2.0795595e-03   7.3846301e-11   1.6713697e-12   1.3971650e-12   7.1013568e-05   1.4577035e-06
   6.5083364e-19   6.3790989e-35   1.5031558e-07   2.6491004e-14   2.7184803e-03   4.5568732e-18   1.2241394e-19   1.8205218e-14   1.5318963e-11   2.0696789e-25
   6.7544523e-26   6.4037822e-50   1.6635706e-13   1.6050217e-19   2.8174209e-03   1.1319454e-14   4.6407342e-29   1.1048462e-16   5.1156001e-10   4.0692143e-20
   1.0087843e-19   1.6300561e-23   1.7112245e-10   7.8501998e-18   2.3132573e-03   1.4049670e-04   9.0334943e-27   2.4639411e-15   2.2394255e-10   4.7083527e-14
   3.4575122e-16   2.7740072e-11   4.4216023e-13   2.4250741e-20   2.3297900e-03   3.1679934e-05   1.0747992e-26   2.0059591e-17   1.2631348e-08   4.7514843e-11
   1.9896733e-18   6.0815099e-32   5.3227896e-14   1.8186085e-15   2.1767067e-03   6.8936629e-10   2.8645729e-14   1.0395787e-17   2.0149484e-05   1.6010249e-04
   2.0005432e-22   1.7701919e-14   1.9006159e-16   1.2080038e-16   2.3280015e-03   5.4794866e-08   7.4116996e-16   2.1757852e-21   2.3260017e-05   2.0630684e-04
   4.8245835e-20   1.5103713e-14   1.2966059e-27   1.5292717e-27   2.9477699e-03   1.4752463e-16   4.4348318e-16   2.8263339e-25   1.2672721e-14   1.5873577e-12
   3.0869350e-15   2.1396893e-20   5.1700048e-29   3.4525550e-31   2.9876984e-03   2.9805209e-30   1.2179145e-12   8.8737008e-26   8.7536764e-19   3.6429721e-27
   1.1099255e-17   8.0515430e-23   8.6105452e-22   4.2067283e-28   2.7845833e-03   4.1527599e-11   4.8256675e-13   5.8853743e-21   2.6590049e-12   3.7005207e-22
   2.6797062e-09   3.6859231e-06   2.5174973e-13   1.9775429e-22   2.3406564e-03   2.6361179e-15   9.9423787e-15   4.2008108e-12   1.6280827e-07   4.3374464e-26
   1.4682949e-07   9.5448964e-11   4.1542267e-13   1.7249057e-12   1.9601208e-03   2.2270600e-33   1.0432586e-12   1.6007543e-06   5.4428703e-05   7.0253763e-05
   1.6270983e-17   3.1513443e-18   5.1633171e-24   6.9370545e-20   2.4837559e-03   2.2811275e-33   3.2168758e-11   5.7656375e-19   2.9993676e-05   1.5498125e-04
   2.8231491e-27   6.1515841e-32   1.7102324e-28   1.4080449e-33   3.0745126e-03   1.2885283e-32   3.5343972e-28   4.9131544e-28   6.3160365e-20   2.0572338e-32
   6.1928989e-22   1.2226879e-55   3.0938709e-28   1.7438347e-33   3.3665400e-03   4.2273836e-37   1.9793322e-28   7.2659717e-29   3.7068278e-26   3.4056564e-35
   4.6529593e-16   1.3774240e-40   1.5625262e-19   1.0952420e-28   2.8692370e-03   1.7603080e-13   6.2959204e-29   3.4828792e-22   8.5600832e-32   9.9775496e-34
   3.2873732e-11   1.1439134e-36   3.6497446e-12   6.6031079e-24   2.3879160e-03   2.4970493e-06   7.0582333e-33   2.1221886e-14   1.2960074e-17   3.8746373e-23
   6.1744819e-18   2.3262898e-22   4.9741574e-19   9.9652181e-25   2.4065189e-03   6.7054808e-28   2.8868660e-28   3.7204749e-20   2.2654818e-18   4.8116554e-21
   8.4210249e-26   1.2075791e-15   1.2083889e-26   7.9767680e-27   2.5797374e-03   6.6467572e-29   5.0893008e-17   1.9233206e-27   3.7684003e-19   5.1850098e-35
   4.4722330e-16   5.3810296e-17   2.3925823e-18   4.6951832e-26   2.7973703e-03   1.0624746e-24   4.9681061e-20   1.2281578e-25   2.8465272e-10   1.9993806e-33
   6.5703777e-16   3.1174077e-16   2.6429115e-19   1.0709406e-29   3.1073578e-03   1.7024341e-51   4.4160335e-20   7.6742023e-27   3.6890830e-15   1.0463372e-23
   1.7868658e-20   4.8650938e-24   3.0071027e-18   6.8112084e-31   2.8798276e-03   1.5614567e-25   2.0720454e-23   5.6056370e-25   1.0457722e-13   5.0051182e-20
   1.2377078e-12   4.9260708e-29   9.7693598e-09   1.1215022e-13   1.7995317e-03   3.8565007e-16   1.8712444e-18   1.7036659e-14   2.1364322e-06   1.4284690e-27
   2.0275012e-10   2.4826811e-26   2.3533666e-12   6.8752205e-10   1.5221558e-03   8.4219243e-34   1.0221264e-23   1.1916241e-13   4.1005202e-05   1.5892162e-16
   1.8602558e-24   3.9535615e-22   1.0292237e-21   3.9155204e-18   1.8568850e-03   6.3180204e-33   1.1900013e-28   6.8513017e-17   2.6652309e-05   2.2312234e-15
   9.6986562e-21   3.0899394e-29   8.1915208e-19   9.2805396e-21   2.1409654e-03   1.8183190e-39   8.7387131e-27   5.9506197e-17   1.9104046e-05   5.6412992e-21
   2.3934783e-13   1.0276296e-21   1.3663814e-18   3.9573550e-22   1.9838214e-03   2.9464279e-38   2.8960315e-20   1.0630713e-21   1.6554265e-05   3.9633395e-18
   6.0268421e-10   6.8010715e-25   4.4239531e-21   1.7397581e-25   1.9312160e-03   7.2506101e-39   5.3822780e-23   2.8317418e-19   4.6020186e-09   1.5258039e-19
   4.3835259e-17   1.3104784e-20   2.7297466e-19   8.1395956e-33   1.9034282e-03   6.6726100e-35   2.2981275e-25   2.3476387e-13   1.2632992e-08   3.9025800e-09
   3.2415231e-12   8.3092526e-36   4.4440002e-16   8.1976865e-25   1.8321481e-03   4.1106003e-45   3.9388923e-33   2.6104303e-16   5.1942834e-11   3.0282163e-20
   1.2150421e-13   1.6691838e-31   9.0620830e-24   1.2230295e-27   1.8679505e-03   5.3284925e-46   1.3390167e-25   1.0292606e-07   1.8217115e-05   7.0396286e-08
   1.8136400e-13   2.1760085e-08   6.6793659e-16   3.2104872e-25   1.6912915e-03   1.7552077e-45   7.1671451e-16   1.1809050e-05   2.5817496e-05   8.4471576e-08
   6.0250649e-11   1.5216459e-04   1.2160390e-15   2.5874439e-27   1.7103203e-03   1.1254568e-45   8.3446016e-21   5.5165140e-10   7.9379757e-13   2.3210737e-12
   6.8840155e-10   1.0969469e-04   3.0713317e-15   8.6304245e-21   1.2715475e-03   5.7240986e-43   1.8787856e-20   8.3086353e-06   3.4650202e-05   1.1207093e-05
   3.7076424e-13   1.7572562e-04   3.4461592e-14   1.4215425e-08   1.1222626e-03   3.5633903e-36   3.0590724e-20   1.6402007e-05   3.9016892e-05   1.1036489e-06
   2.2150866e-23   1.0176542e-14   2.4240976e-22   4.7649327e-16   1.7663867e-03   2.5080761e-52   1.8848247e-26   1.8790586e-14   2.6536733e-05   7.6340755e-18
   9.4454617e-15   1.4897536e-35   1.8910064e-23   2.5646643e-23   1.9349046e-03   2.4755412e-58   1.1431938e-34   8.7864093e-19   3.0804719e-14   5.0009037e-24
   5.0682696e-06   1.7378209e-15   2.5542887e-15   7.0054031e-21   1.5271953e-03   4.4063162e-45   7.1485831e-26   4.3145219e-16   2.0662884e-05   1.2839954e-23
   3.7900334e-10   2.2212687e-21   7.7537900e-11   1.4333308e-16   1.3510526e-03   4.5674492e-51   6.6031954e-26   6.0759829e-08   1.9644947e-05   8.4693038e-26
   9.6787938e-13   7.1431133e-30   1.8181663e-13   1.3752364e-15   1.2312428e-03   4.1491387e-45   8.7729620e-29   2.9622315e-05   1.4362672e-05   3.1945402e-12
   1.8730645e-19   3.9141211e-42   3.9368375e-18   9.3673346e-18   1.1303047e-03   3.1282214e-54   1.6016796e-25   3.2776479e-05   7.4196597e-06   2.9979586e-12
   6.3403331e-18   1.3384154e-25   2.5262839e-15   6.1461350e-21   1.1086981e-03   1.5336106e-30   4.0954169e-27   4.0793609e-05   1.6227696e-05   2.1329875e-09
   4.9040104e-15   2.6396638e-12   1.2887220e-13   7.7932636e-28   1.1210550e-03   1.6834045e-37   9.7700209e-29   3.4741871e-05   2.1732246e-05   1.6311712e-07
   5.6646697e-06   3.0412173e-16   8.3765302e-19   1.0842396e-31   1.2632415e-03   1.5257954e-53   4.2100149e-34   1.8800457e-08   2.2844172e-07   2.3266372e-06
   7.5661587e-09   9.8242432e-10   1.3686192e-16   1.4120129e-30   1.1865858e-03   8.0055537e-54   1.0121785e-28   2.5329564e-07   1.3872429e-09   1.1654543e-12
   4.1669549e-18   2.6039094e-10   1.0030924e-15   1.2821882e-21   1.2555822e-03   2.4594274e-57   1.3875447e-21   1.8243279e-08   3.0377115e-05   4.8755451e-22
   1.4891919e-15   1.5054695e-06   1.4232233e-09   6.8206587e-19   1.0326003e-03   1.6757709e-40   8.8809286e-20   1.3644799e-05   3.1078808e-05   6.8627243e-26
   1.4649244e-08   8.8977157e-05   4.8963007e-10   2.4567859e-19   9.3711793e-04   1.4812811e-41   5.0598874e-20   2.0034933e-05   2.3125481e-05   6.3368363e-23
   1.0543722e-07   8.4090741e-05   6.1529241e-12   4.8348766e-16   9.2741576e-04   3.8313595e-54   5.0623621e-16   2.5585416e-05   2.0817980e-06   2.7077183e-21
   6.9670475e-08   1.5504729e-05   2.0533506e-11   3.8837456e-18   7.6351978e-04   1.0930998e-40   1.2652150e-17   3.8589104e-05   4.5145834e-06   1.1479496e-19
   2.2432609e-05   1.8221538e-15   9.1828317e-08   1.9606379e-26   8.0703681e-04   1.2784252e-41   4.2453431e-27   1.6977572e-05   3.7273172e-10   4.2097096e-22
   7.7280700e-07   3.9851510e-30   1.2141369e-09   2.1378473e-34   9.5703732e-04   3.4470140e-47   2.5904542e-34   3.5011596e-06   8.5846474e-08   1.0420230e-19
   3.5006176e-12   2.8841488e-23   2.1957703e-10   5.7759527e-29   8.7434998e-04   2.2118858e-40   2.8481979e-28   1.0203625e-05   1.3321312e-05   4.5736760e-16
   6.6874033e-06   5.1139148e-20   1.0785957e-15   4.0935362e-25   6.7936188e-04   4.1067274e-29   6.9835986e-24   1.2725733e-05   2.4524343e-05   2.4359334e-12
   1.7564404e-05   6.9304899e-19   1.2986463e-20   2.3920560e-26   7.9240015e-04   1.4474057e-50   3.5143689e-19   1.5794069e-06   2.7059162e-08   4.1949931e-15
   2.4327201e-05   1.0764227e-14   1.0903527e-12   9.6644700e-22   6.9188819e-04   9.0708397e-30   3.6938504e-28   6.7518445e-06   7.6499615e-06   7.9926984e-17
   7.6642960e-06   1.0241544e-06   2.6774259e-05   1.3773734e-09   4.4982857e-04   3.2015648e-38   6.7078658e-23   1.8916337e-05   2.3317618e-05   5.6572971e-25
   8.8871881e-07   7.9761082e-15   1.5063389e-07   1.3671139e-18   5.9867580e-04   2.5509009e-35   8.8322531e-28   1.3898409e-05   3.1155097e-05   1.2769438e-22
   1.5348151e-07   7.6406301e-29   8.0166427e-11   9.9101247e-28   6.4222760e-04   7.6201457e-36   2.2156143e-33   3.6410309e-05   1.6381626e-05   1.2056009e-18
   6.4130396e-09   7.5807185e-15   5.9171134e-13   1.7677019e-22   5.9568712e-04   2.2836040e-34   1.4363267e-29   4.7355859e-05   1.3296529e-05   1.0015897e-11
   7.0176465e-07   1.2990834e-10   2.0066017e-12   2.1984667e-22   6.3674318e-04   4.6338717e-32   4.6081533e-27   4.0322532e-05   8.4967505e-06   6.3275354e-07
   2.1696538e-12   1.4446056e-05   7.6976903e-10   2.1430734e-17   5.8536440e-04   8.1972529e-33   1.2662911e-18   1.4089003e-05   1.3834377e-05   2.5502663e-10
   2.0508539e-06   4.1737307e-05   2.1401635e-07   1.4331025e-14   5.1672129e-04   7.3214909e-30   2.4687408e-13   1.0017097e-05   1.8796792e-05   2.7570256e-28
   3.2001993e-06   2.3131926e-05   2.5993678e-07   1.8119432e-11   4.1378747e-04   4.7540159e-35   5.2832646e-14   2.0288337e-05   1.7988176e-05   1.1001089e-14
   1.5102818e-06   7.3946244e-11   1.5785170e-15   1.4156751e-17   4.8940725e-04   4.2008578e-28   7.0585099e-13   1.3911881e-05   1.3520325e-05   1.1162016e-12
   2.4723836e-06   7.7359436e-15   1.4017690e-18   5.3087023e-23   5.8657646e-04   9.1512319e-47   3.7355485e-15   3.4323036e-06   6.5940902e-09   4.2186170e-24
   5.0485622e-07   2.0738683e-07   6.8021739e-08   3.9987308e-22   4.9872559e-04   2.3466556e-33   8.6316366e-18   1.5985498e-05   4.6040300e-09   9.6845455e-18
   4.0725935e-06   1.5960130e-08   2.4564350e-09   1.6402327e-20   4.6286853e-04   5.5234868e-34   2.2073908e-17   1.5257145e-05   5.4183246e-06   2.1009577e-18
   1.9836558e-06   1.0931761e-08   3.1822183e-06   1.2200393e-13   4.8546591e-04   9.9090912e-45   6.8934347e-17   1.0948809e-05   4.7454497e-07   2.3239830e-22
   4.7092477e-10   1.0669942e-05   7.9475188e-10   7.1029692e-15   3.8771774e-04   1.6894365e-44   1.5022323e-22   3.3688394e-05   1.2556871e-05   1.4288289e-11
   3.5966343e-07   6.5381795e-05   2.5561534e-15   1.3208831e-17   3.3334956e-04   9.4896338e-53   7.0484622e-23   4.7419076e-05   2.5494938e-10   6.2076591e-13
   7.5126081e-07   3.7104912e-05   3.1696192e-12   2.1771836e-18   3.2568107e-04   1.5144235e-38   5.5227158e-18   2.8171664e-05   9.8512316e-06   1.1669837e-22
   3.5134950e-06   2.6105274e-16   1.5014435e-07   2.8800961e-19   3.1550199e-04   2.3692955e-40   7.5087999e-21   2.2003863e-05   1.1269165e-06   8.9614779e-19
   1.0662593e-05   8.6039044e-06   5.9078591e-10   1.6320477e-25   4.2634067e-04   1.7734116e-48   9.8562652e-21   6.7976245e-06   8.9007628e-14   1.2702540e-18
   7.0923185e-06   8.2753757e-06   2.9928945e-17   7.5339157e-20   4.3544108e-04   6.1993014e-50   2.5593524e-18   1.3352354e-05   4.6488774e-10   3.3801311e-14
   8.8426551e-06   2.2540226e-09   2.3328751e-20   2.3550477e-18   3.6670518e-04   1.4193382e-43   1.4318235e-19   2.9354454e-05   8.2855999e-09   5.8465124e-15
   1.1010244e-06   4.4435016e-38   5.9565341e-14   7.8598981e-22   2.8862440e-04   1.2125796e-35   1.3314521e-17   3.2513023e-05   8.5535936e-08   1.7982136e-28
   3.8943025e-11   9.6023749e-23   1.1245250e-11   2.1445519e-18   2.0569681e-04   2.8161714e-53   1.1219823e-13   4.0349587e-05   6.1490525e-08   1.9320546e-26
