   1.7035617e-04   3.8450493e-03   6.1300392e-03   1.0321056e-28   2.0642869e-03   9.8081692e-04   6.3772372e-04   1.9054113e-03   2.5541740e-10   2.2204817e-03
   3.8716558e-04   3.0645799e-03   5.2465233e-03   1.1135392e-30   1.6634296e-03   7.1215872e-04   3.3769350e-04   1.4375696e-03   2.9521676e-08   2.1433922e-03
   3.4352305e-04   2.3930291e-03   3.7236255e-03   3.5462287e-39   9.8451957e-04   4.0327276e-04   5.0525170e-05   9.1143066e-04   8.8613764e-18   8.5504786e-04
   4.8040773e-05   2.2858494e-03   2.8256734e-03   3.0574173e-42   1.7211669e-03   5.5709805e-05   4.8249708e-09   8.5538866e-04   1.0223270e-19   6.3344284e-04
   1.0696612e-04   2.1069374e-03   2.6421330e-03   3.1760453e-49   1.2660865e-03   3.2827414e-04   3.4838571e-08   7.3236541e-04   1.6991490e-21   4.1124576e-04
   6.2340478e-05   1.5471437e-03   3.5445486e-03   6.1550584e-58   2.3062906e-03   3.4345643e-04   9.0711857e-08   1.1034498e-03   1.6784477e-13   3.0442795e-04
   1.8636549e-06   1.4592029e-03   5.0154217e-03   1.6121718e-52   2.1150656e-03   1.8817781e-04   9.7640315e-12   2.1036688e-03   4.8600685e-10   1.2833074e-05
   8.2332679e-19   1.2849429e-03   6.5061605e-03   5.3902498e-59   1.5231282e-03   5.6653459e-06   2.3039615e-12   2.5981535e-03   9.3886185e-12   3.8008833e-15
   2.0744066e-06   8.0760567e-04   6.8079190e-02   1.1256932e-53   4.9415273e-04   1.7329251e-04   1.6816574e-16   1.3543459e-03   2.8123779e-10   3.3559317e-10
   1.2136894e-07   4.4406597e-04   1.8720199e-01   6.2476178e-37   1.2383673e-03   2.4684764e-05   1.7161194e-24   1.1941437e-03   3.6684502e-16   5.2305220e-07
   1.7418165e-05   3.2409369e-04   2.8349704e-01   5.4001046e-11   1.5364372e-02   3.3167564e-09   9.5968099e-18   1.0306467e-03   5.2965514e-20   9.1258746e-05
   3.5684811e-08   5.7276240e-16   1.3082372e-01   1.0024251e-21   1.3900555e-01   2.7668695e-43   8.2160945e-07   8.1028656e-04   1.0335722e-34   2.2449667e-15
   2.2643533e-02   1.9659911e-23   2.9043063e-05   1.2843412e-36   2.0018685e-01   5.1479614e-37   1.8312946e-08   1.1875746e-03   2.8791223e-42   1.5776523e-04
   1.1062858e-01   3.4416201e-25   4.0887512e-23   7.2854995e-55   8.2286915e-02   5.6481700e-40   1.2440405e-20   1.2159476e-04   9.3747234e-30   5.2900631e-02
   6.5966498e-02   1.1863182e-08   7.6657556e-14   1.0144065e-35   6.4728692e-03   7.1451488e-38   3.1929108e-23   2.0064048e-03   5.4664699e-13   2.3025055e-01
   4.0267358e-03   5.0216943e-04   7.8510473e-15   3.8389616e-30   7.4280881e-04   6.6345615e-13   2.7106005e-02   2.9383664e-03   2.4431388e-14   2.8067684e-01
   7.2704447e-06   2.0001487e-03   1.0869112e-13   1.2639983e-36   7.0600034e-08   3.2470193e-02   1.2568996e-01   1.6750940e-11   3.6451828e-21   1.0828100e-01
   3.9766156e-24   2.4584790e-03   2.0060027e-04   1.9963565e-26   2.7566753e-03   1.5618544e-01   8.4524629e-02   1.9376252e-16   5.2579747e-19   1.5582284e-02
   8.1913801e-09   1.7235713e-03   1.9353724e-02   4.0824713e-30   2.3358854e-03   2.0952379e-01   1.3851776e-02   1.2620914e-04   1.5828238e-25   3.4853853e-03
   1.9263896e-13   7.2134992e-04   4.1111619e-02   3.8419684e-26   7.9518295e-04   1.1434323e-01   1.2014824e-03   2.3200332e-03   3.2226718e-23   1.3830936e-03
   7.7920592e-09   1.6196249e-04   4.7462188e-02   1.8723643e-12   1.1879084e-03   3.7316452e-02   2.2135429e-04   2.4438652e-03   1.0484135e-06   5.3389260e-04
   2.3117291e-05   2.2649855e-04   5.2259715e-02   1.4637834e-02   4.1122998e-03   7.8987945e-03   1.8836733e-04   1.8132349e-03   3.0388564e-04   7.4935264e-04
   3.4910534e-14   2.7901002e-04   2.3693641e-02   4.2154979e-02   2.5949674e-02   1.2712165e-05   1.4868898e-04   1.7140925e-03   2.7963110e-15   1.1903030e-04
   4.1222846e-15   4.4092998e-04   9.5126190e-04   2.9165993e-02   4.6654818e-02   9.6654762e-04   2.0639865e-05   1.2990313e-03   1.6053174e-24   6.8227938e-11
   1.2030782e-03   2.1984565e-04   1.4958052e-13   2.8720966e-11   4.4581109e-02   1.4967641e-03   1.2415133e-05   2.1554706e-03   7.5862434e-21   1.0287079e-11
   2.2644556e-02   2.3154627e-04   3.2316691e-15   8.4533348e-27   2.5607535e-02   1.1328329e-03   7.2957468e-07   2.2733179e-03   3.7973964e-12   2.1086741e-10
   7.1842680e-02   6.2494594e-04   7.1960421e-11   2.7443339e-25   5.4374346e-03   8.1452436e-04   4.7958490e-07   2.4992842e-03   8.6979699e-13   4.3889208e-04
   9.3005256e-02   2.1968905e-04   3.0038456e-03   5.0135777e-28   2.0180600e-03   2.8007340e-05   1.1753731e-09   3.5214200e-03   1.3366561e-15   3.7366029e-03
   4.1417411e-02   2.6212450e-04   8.0311792e-03   1.1216121e-33   1.0467558e-03   1.3134289e-08   1.5522614e-25   6.9081635e-03   3.2810118e-17   3.3391509e-02
   5.9675708e-03   2.2784259e-04   6.2835960e-03   3.3573136e-34   8.5206010e-04   5.4330440e-19   5.0852559e-34   8.4149147e-03   1.0363723e-17   5.6005007e-02
   1.1804073e-04   6.8988009e-05   7.5359341e-03   8.5418402e-15   2.9926499e-04   4.5364432e-24   1.7954933e-05   7.6150420e-03   1.3826390e-24   4.6348120e-02
   4.6959844e-05   1.4871978e-04   1.4023894e-02   1.8073618e-02   1.2220695e-03   2.0274731e-28   3.9454509e-02   4.3702783e-03   7.7656309e-38   1.6174275e-02
   2.6509572e-18   6.4636636e-04   1.3644964e-02   6.2375193e-02   1.6559613e-03   1.0206404e-20   7.4434534e-02   1.8845055e-03   3.4541176e-36   3.7270438e-03
   6.7438253e-13   1.4209264e-03   6.5483990e-03   1.2669730e-01   5.4266438e-03   3.4927695e-06   8.1291521e-02   1.0963088e-03   8.9726494e-20   1.1499788e-03
   1.8490686e-19   7.5446214e-04   9.9731907e-11   1.6554057e-01   1.3562409e-02   5.7823968e-02   5.0505604e-02   1.3253801e-03   8.0260498e-08   1.7125464e-04
   2.2748187e-16   3.4279244e-05   2.6855681e-22   8.0219149e-02   2.0096451e-02   9.8448166e-02   1.3407812e-02   2.7981232e-03   9.2951926e-11   4.9539374e-06
   5.3245181e-04   5.4691542e-05   7.1589634e-30   8.3050597e-02   1.7361785e-02   7.7507531e-02   1.8016231e-03   5.4878134e-03   1.0130206e-17   2.8389107e-11
   2.0741219e-03   7.7661662e-07   3.6954085e-29   2.2900117e-36   1.1800625e-02   5.1681618e-02   2.0670656e-05   8.5234467e-03   1.9151587e-21   2.4201693e-14
   1.7227965e-02   4.1080496e-05   4.5801040e-23   3.1608095e-25   3.2268301e-03   2.4208957e-02   2.2401266e-07   8.8518984e-03   2.9913817e-20   1.1119273e-20
   5.5071242e-02   1.2309522e-05   2.4095652e-11   4.4431332e-25   5.4738316e-04   9.1877148e-03   1.2213334e-06   5.7518810e-03   8.8734281e-19   8.1555645e-23
   7.5012450e-02   2.9275943e-05   5.0160536e-10   7.0785745e-20   1.5648445e-05   4.7499273e-05   9.5385323e-05   5.8219200e-03   3.9127867e-11   2.6283920e-23
   5.1013730e-02   2.4267549e-11   3.1763389e-13   1.4075474e-25   1.3781147e-08   6.1088591e-30   2.0268062e-09   9.4530553e-03   2.3261746e-18   5.0336340e-26
   9.4726432e-03   2.4177955e-21   4.2298101e-27   4.3071380e-33   9.5394062e-22   5.2589102e-45   2.3941508e-18   1.9542026e-02   1.4650908e-28   4.6492612e-12
   1.6106908e-07   9.4089253e-32   7.4477059e-34   2.5202958e-32   3.6806156e-20   1.3487219e-50   6.3476212e-19   2.5141905e-02   8.2119898e-45   5.6572083e-04
   1.9622328e-28   7.3396483e-32   4.0896992e-27   9.9730065e-16   2.0780425e-15   1.7730421e-44   2.7231154e-13   2.1296270e-02   1.2199905e-34   3.0660822e-03
   4.7782252e-21   6.6401773e-23   3.5772848e-20   1.3758432e-03   9.4421966e-09   2.1584866e-27   2.1993729e-04   1.8236495e-02   1.9124383e-25   1.7379895e-03
   3.4956421e-29   1.4629009e-21   4.9263015e-16   6.3774884e-11   4.0710826e-05   1.2722449e-25   9.4283885e-03   1.4782419e-02   2.2909951e-35   2.2063845e-04
   1.8157775e-26   3.4888999e-11   1.9670756e-11   1.1478765e-08   1.5149844e-04   1.2174386e-26   2.7901790e-02   9.4652854e-03   2.5578237e-36   1.8792131e-07
   2.5307565e-15   1.8079498e-08   7.6027299e-16   5.4425269e-30   2.9874813e-04   3.9476135e-30   5.0155943e-02   6.8914273e-03   7.5665234e-28   2.8322940e-15
   2.7962177e-13   7.2107224e-12   2.0866921e-16   1.4950282e-52   3.1894090e-04   2.6507581e-31   6.1553969e-02   7.2548294e-03   2.6294263e-16   1.4772309e-23
   3.7676247e-05   3.4475539e-11   6.5554543e-16   8.8302908e-60   2.0005667e-05   1.2051567e-27   5.0284534e-02   8.4523774e-03   4.6571175e-07   1.5052682e-27
   3.3685971e-03   3.1826858e-08   2.0672211e-16   8.4081796e-55   5.0807261e-06   4.8489794e-19   3.1629842e-02   8.7709737e-03   1.7138054e-08   1.7492782e-31
   1.7650883e-02   4.3572968e-06   3.9821742e-11   2.0611742e-36   6.3794168e-08   7.3867002e-08   1.7038546e-02   8.0596721e-03   3.8348186e-09   8.7562645e-34
   2.5894500e-02   7.3877326e-09   1.8440933e-08   8.8987997e-38   2.4102744e-14   1.6354351e-02   1.0838487e-03   7.3179299e-03   7.2920747e-09   2.3860656e-42
   1.6782163e-02   4.8133563e-14   9.0662875e-11   5.3421137e-44   6.1333297e-17   5.7761277e-03   9.9573750e-05   9.4388276e-03   2.0496208e-12   1.0326480e-44
   4.8283014e-03   8.9297982e-13   2.9016495e-16   2.7477213e-32   1.0411570e-11   3.0491305e-03   2.0708207e-08   8.2361591e-03   5.3001097e-13   2.8352117e-28
   5.5478462e-04   1.1115066e-11   1.2807087e-15   1.9673461e-26   1.2402350e-07   8.7316850e-04   9.2456727e-15   8.7037652e-03   1.9009791e-14   4.9524169e-12
   3.0729308e-10   4.9193580e-09   5.0028873e-15   2.0437870e-29   6.7593931e-07   1.3389758e-04   1.6078632e-15   8.0741414e-03   2.2557609e-10   8.7723488e-05
   4.6775130e-15   7.9428501e-07   3.6387389e-15   9.3938837e-32   7.5753532e-06   1.0871258e-10   1.6176342e-15   6.6995144e-03   2.6971282e-12   6.2172868e-04
   2.8349889e-25   1.6018821e-09   3.6365636e-15   3.0003847e-33   2.5579028e-05   1.6738552e-18   1.0573736e-10   6.1601754e-03   2.0655440e-22   6.8485660e-04
   3.0861747e-13   1.3458635e-07   5.7568805e-08   7.5842979e-48   1.3792931e-04   1.9129406e-21   3.8044804e-08   6.1277240e-03   2.3213735e-05   4.0310112e-04
   4.1510175e-09   5.7635214e-05   6.4447573e-13   2.6163162e-56   1.2411185e-04   3.3450267e-24   1.9346915e-04   5.5677358e-03   1.9815519e-06   7.5165527e-07
   2.2164539e-06   1.9383018e-05   4.9801362e-13   3.9279753e-73   6.6386287e-05   1.5378385e-22   2.8670603e-03   4.6463463e-03   9.5145166e-22   1.3637644e-09
   4.0698464e-04   1.7086598e-05   3.5772207e-04   1.8944683e-56   6.6051514e-05   5.8194319e-18   7.3459271e-03   3.4626803e-03   3.6945572e-26   4.6082937e-10
   2.4221604e-03   9.1010366e-06   1.1712849e-03   1.7421539e-58   1.0531552e-05   5.8543950e-26   9.0260011e-03   3.5535253e-03   2.4056846e-24   9.3433168e-17
   6.5960531e-03   2.9038620e-06   4.5939034e-04   1.1548570e-49   4.8684683e-10   2.0522747e-26   7.1951312e-03   4.0321994e-03   2.0310771e-18   8.8677727e-26
   8.6609516e-03   2.4248426e-05   7.7871174e-08   9.0829902e-26   3.0426208e-05   4.5762808e-22   5.7416832e-03   3.3916027e-03   1.1178461e-21   1.8375529e-27
   6.4205763e-03   8.9290349e-05   2.4926076e-08   1.1795834e-19   5.6840766e-05   4.4420693e-10   4.9758262e-03   3.0635815e-03   4.8470834e-06   1.5067441e-25
   3.2182435e-03   5.8499952e-05   1.8482457e-17   7.0478519e-29   3.1154064e-05   2.8648962e-11   4.0573368e-03   4.2049850e-03   9.7746022e-05   2.0340154e-27
   2.1351881e-03   7.2655213e-05   1.7261522e-20   4.2466889e-31   1.6114182e-05   5.1803760e-03   1.1118096e-03   4.4231444e-03   1.0341928e-04   4.9479799e-25
   3.5194871e-04   9.8074288e-06   5.3108406e-20   9.8359330e-34   1.1088518e-06   2.3247702e-03   1.6932866e-04   5.7399226e-03   8.7653369e-12   1.6193819e-19
   3.3443875e-11   2.2896603e-06   1.5238142e-28   2.1852444e-39   1.6348608e-11   1.2437211e-03   3.6738545e-07   6.5956205e-03   1.5076115e-06   2.3431938e-08
   1.1646885e-23   2.0449893e-06   6.9657718e-34   2.6697434e-47   2.0135711e-09   1.7608971e-03   4.3351450e-11   6.6611788e-03   3.6885387e-05   8.7618077e-07
   7.9350229e-10   1.0084519e-07   9.3707143e-36   1.1961265e-55   5.2256665e-06   2.3677414e-03   3.4515870e-13   6.2174077e-03   6.0619425e-05   2.3998405e-11
   1.0828743e-06   4.4104218e-07   1.6234303e-25   1.7942820e-57   4.9647699e-05   4.1314922e-03   6.2297950e-10   5.7990815e-03   2.0764879e-05   1.0634434e-09
   9.2301094e-07   3.2575614e-08   3.9180526e-16   9.5033782e-56   5.1324656e-06   3.5874254e-03   6.9568989e-08   5.8904890e-03   1.6665928e-18   1.1496471e-08
   3.7132771e-04   2.9310190e-05   2.0261270e-14   2.1099994e-46   1.9714839e-05   2.1092893e-03   4.8974934e-05   5.0870195e-03   2.4272970e-18   7.9873508e-11
   1.6464007e-03   6.9217796e-05   2.0174390e-14   2.2409895e-35   1.2831560e-05   5.3128915e-04   5.2520188e-04   4.3991168e-03   2.3241570e-17   4.0530354e-09
   8.8763579e-03   1.5340268e-04   1.7306918e-12   4.1432417e-17   1.2336069e-06   3.4544814e-16   2.1984659e-03   3.6594289e-03   1.5609361e-14   1.1138204e-08
   1.7029414e-02   3.0446298e-04   4.4958605e-09   9.8000123e-11   3.7557660e-05   5.3203621e-35   3.7535049e-03   2.7751621e-03   6.5764518e-15   2.1652318e-09
   1.5785355e-02   5.5537907e-04   2.8919632e-04   1.7775688e-11   4.8253607e-08   1.7144776e-34   7.7635558e-03   2.4629077e-03   9.3217102e-27   2.9224166e-20
   8.8769146e-03   6.0111792e-04   1.2912913e-08   4.3343998e-27   8.5592605e-09   4.7650193e-22   9.3612827e-03   3.9204488e-03   3.0358556e-13   3.7403668e-23
   5.1692712e-03   3.5856832e-04   8.0215219e-11   2.6215822e-40   1.2753693e-05   2.8940782e-09   6.8462600e-03   4.7628107e-03   2.5843365e-11   1.5274483e-25
   1.4810074e-03   5.3944440e-04   4.7628432e-13   2.6928949e-51   2.3363201e-05   8.3380821e-11   3.9516546e-03   6.1212631e-03   2.9206364e-17   3.1406301e-24
   5.0550549e-04   4.1880202e-04   2.7224195e-14   4.5595160e-64   5.5690220e-06   5.6211315e-09   2.3738484e-03   7.2109730e-03   8.4204374e-09   7.5540484e-19
   2.9104592e-05   1.8637119e-04   5.6244575e-16   6.6725505e-63   1.3246728e-06   9.7632361e-04   7.5577794e-04   7.6772401e-03   4.0513657e-11   1.2481439e-08
   3.5510590e-07   6.8797746e-05   6.0843087e-10   3.3014983e-52   2.3741012e-05   3.5432466e-03   3.9006380e-04   7.2436200e-03   2.9388963e-13   2.5321663e-04
   2.4562841e-06   3.4102966e-05   2.3404101e-07   2.4154342e-44   1.2695447e-05   3.2833819e-03   1.4030436e-04   6.9882000e-03   1.4100277e-20   1.8324394e-07
   2.7982267e-05   1.0874384e-04   3.6511024e-08   4.1584805e-27   9.5912472e-05   6.8881830e-03   3.3985806e-05   5.7856107e-03   1.4115257e-12   3.9134754e-07
   2.4586058e-04   1.9022187e-04   9.4428313e-13   7.2752283e-28   5.5457485e-06   6.5921863e-03   6.4235196e-05   5.6072238e-03   4.1666872e-16   5.7360927e-05
   4.2619588e-04   3.0082330e-04   8.2333639e-08   1.8276885e-33   3.8544522e-05   3.8302121e-03   3.4839186e-06   6.9083889e-03   3.6789978e-18   9.1108309e-06
   1.5062143e-03   3.3872905e-04   1.9579317e-12   3.6415510e-24   7.2588046e-05   1.7815152e-03   1.3749555e-05   7.7178157e-03   1.6572940e-21   1.5167637e-10
   4.0061407e-03   5.2297046e-04   1.0319694e-14   1.2346602e-17   1.6669105e-04   2.6355829e-03   3.6821479e-05   6.2288012e-03   8.1742927e-19   7.6372359e-06
   5.5162093e-03   4.3323978e-04   1.1538820e-05   1.7466223e-23   2.8084932e-04   3.0903037e-03   6.4429743e-06   6.2654526e-03   2.5107214e-30   5.0264749e-06
   3.0752936e-03   1.6990751e-04   7.0466565e-06   3.2161478e-43   2.3870159e-04   2.5044204e-03   2.9907699e-05   7.9635975e-03   2.6980900e-11   1.2877155e-05
   7.0210262e-04   1.8924214e-04   1.9254319e-11   1.1382032e-44   1.9376240e-04   1.6726952e-04   3.8006496e-06   9.2363227e-03   6.7948070e-10   2.7647523e-09
   7.5178668e-05   3.5236407e-04   2.7262084e-05   4.7122853e-61   1.6533695e-04   1.4536603e-06   1.1507861e-04   7.9177722e-03   1.4320407e-20   1.9194805e-11
   8.6070500e-05   2.5858449e-04   1.5131644e-03   9.6147017e-34   3.1341674e-04   1.5454662e-17   7.1475373e-04   6.7641339e-03   2.8543281e-19   2.4901189e-05
   3.2048698e-05   1.1822067e-04   1.2143320e-03   1.0956422e-28   9.7773347e-04   4.4935410e-17   1.7797433e-03   5.5975227e-03   3.9274582e-22   1.5618642e-03
   6.1301095e-08   2.7794816e-04   1.8119068e-04   5.2109252e-21   8.8430932e-04   2.1689415e-09   8.9578246e-04   5.9342496e-03   2.8653672e-24   2.6046255e-03
   4.5735446e-10   3.3731503e-04   1.3934614e-06   4.5477648e-17   3.0987665e-04   1.4335616e-12   2.1482390e-04   6.9356987e-03   6.1628539e-23   3.7855732e-03
   1.2010381e-11   4.2064918e-04   6.1775121e-05   5.4384524e-27   5.1329213e-04   7.3622987e-15   3.4328359e-07   6.3064801e-03   1.9040234e-15   3.0641128e-03
   3.9941871e-11   5.0954591e-04   3.0003120e-04   2.8458444e-11   7.6431765e-04   1.9120556e-08   1.5980771e-06   5.5990019e-03   2.2117593e-21   7.0246051e-04
   6.9602316e-08   5.6921735e-04   1.6612248e-03   9.2849982e-06   8.3606353e-04   4.0511974e-06   1.3871157e-06   5.7907333e-03   2.9605267e-15   5.1900140e-04
   1.4520062e-05   4.6057581e-04   3.0259374e-03   3.5612257e-11   1.1129656e-03   8.7651377e-07   1.9260336e-07   4.8576431e-03   1.1185374e-10   1.4250712e-03
   1.8923655e-03   7.6647245e-04   1.6628735e-03   1.3868353e-05   1.2798185e-03   1.7183414e-08   7.8448160e-06   4.0548815e-03   8.0798328e-17   1.0607045e-03
   3.0584407e-03   9.8758221e-04   5.7224708e-04   6.3711992e-18   1.4686591e-03   2.3535815e-09   1.2235492e-08   3.9872834e-03   3.7825727e-21   5.3886437e-04
   1.8286014e-03   8.2330561e-04   1.8548493e-03   1.4421441e-13   1.3320232e-03   2.4529420e-05   4.4512333e-10   3.3586746e-03   1.6944133e-16   5.8104718e-04
   3.6460098e-04   8.9271598e-04   6.1949199e-04   2.5641532e-25   1.3776203e-03   2.0803399e-04   1.7207283e-14   3.9924942e-03   1.5524688e-12   8.4577326e-04
   8.0104941e-09   6.0176988e-04   6.7283905e-04   1.1335816e-02   1.2710154e-03   3.0395940e-08   1.7039428e-08   3.4780869e-03   5.0733250e-13   2.1831998e-03
   3.2770206e-08   8.6107491e-04   1.4189729e-08   4.3806740e-05   2.7146107e-03   2.2659978e-11   7.1247210e-05   4.2991689e-03   3.8564149e-09   1.5132442e-03
   7.7480500e-06   6.0889674e-04   6.0730862e-14   4.2456927e-03   2.8486574e-03   2.0893333e-04   3.3289144e-04   3.7840955e-03   1.6995141e-05   8.3123296e-04
   4.8053598e-05   4.6123483e-04   9.3010806e-09   1.7339619e-09   1.8357393e-03   2.7459967e-04   1.2372783e-03   3.1983228e-03   8.0112883e-04   4.9986573e-04
   3.6778495e-05   6.1503096e-04   3.0008521e-10   5.0345918e-03   1.8392196e-03   2.2071883e-05   3.4326778e-03   3.1611367e-03   2.8176062e-04   7.7847477e-05
   3.1914968e-07   6.5101190e-04   4.6356442e-10   1.1411813e-02   1.4868462e-03   5.8527202e-20   3.5119915e-03   3.6922742e-03   2.1552740e-09   3.0908644e-04
   6.7682436e-20   7.2644707e-04   8.1401777e-09   1.2492294e-09   2.1902206e-03   2.4418665e-29   1.6902038e-03   3.6305908e-03   1.8384726e-06   9.0899598e-04
   3.4644098e-06   9.5596091e-04   9.8553406e-12   1.3352701e-02   3.0688463e-03   2.8283735e-14   1.2222839e-03   2.5742927e-03   2.1750742e-05   2.7733814e-04
   2.9976723e-04   9.3881017e-04   2.1219734e-06   1.0638573e-06   3.0287290e-03   8.7344539e-10   9.6889501e-04   2.6929870e-03   1.1106561e-08   8.6376521e-05
   1.3519781e-03   1.3425981e-03   1.9163876e-11   1.9047281e-02   3.2700503e-03   1.4102644e-13   6.2933203e-04   2.1556847e-03   9.3078166e-08   6.8788587e-05
   2.4506940e-03   1.5024846e-03   1.2132381e-13   1.3711969e-02   3.2380212e-03   1.0330669e-15   2.4686572e-04   1.7896850e-03   1.4949127e-12   7.0416822e-05
   2.6081348e-03   1.4965737e-03   3.6784085e-11   1.8277850e-02   2.9056374e-03   4.7755534e-15   3.4930030e-05   1.6983861e-03   2.4976954e-10   3.9155332e-05
   9.8670344e-04   1.2473718e-03   5.0243080e-13   2.0336448e-02   3.3503495e-03   7.6208057e-11   1.7401268e-06   2.3510637e-03   7.3458024e-05   1.0077040e-08
   1.9557475e-05   1.1411721e-03   9.3736351e-16   1.9351821e-02   3.8643453e-03   2.9152213e-06   1.7883035e-06   2.1129692e-03   1.1256335e-04   1.0168210e-09
   8.1911253e-06   9.4953445e-04   8.4142988e-14   6.5694130e-03   3.0046813e-03   1.8327767e-04   1.2402160e-06   1.5619921e-03   4.7841963e-12   9.4726613e-05
   9.8217445e-06   1.1183854e-03   1.3148578e-07   3.8971426e-03   2.5144483e-03   4.2272267e-08   7.4849032e-06   1.6702365e-03   4.6451936e-21   2.0274036e-04
   1.1710482e-04   1.0692348e-03   1.0707278e-08   8.8878822e-03   3.2424001e-03   2.7254288e-11   1.1180454e-04   1.7407555e-03   4.7188717e-19   3.3205329e-04
   4.6788716e-05   1.2401022e-03   6.7499685e-11   3.6932373e-04   3.3508055e-03   2.8737196e-07   9.5461905e-05   1.7485826e-03   3.0542182e-27   3.3837363e-04
   1.6309647e-08   1.1426721e-03   7.2742849e-14   2.0960497e-06   3.5017221e-03   1.5781675e-11   4.6028209e-06   1.7388743e-03   4.2281299e-31   1.6225947e-04
   2.0674398e-13   7.3338757e-04   6.4636735e-14   2.7497831e-04   2.7450568e-03   2.1469065e-14   1.8586992e-04   1.7609524e-03   8.0279366e-28   1.0940704e-04
   2.4233101e-05   1.3126585e-03   1.3037164e-17   6.2036172e-03   1.5806120e-03   1.1995233e-18   8.1073897e-04   1.6109652e-03   1.3940124e-20   8.0784940e-05
   5.5721847e-05   1.1644260e-03   2.0097787e-16   2.6591873e-18   2.0654243e-03   3.3024491e-07   9.4771254e-04   1.6417750e-03   6.4774680e-23   7.1201950e-06
   4.1463276e-04   1.0226533e-03   5.3171459e-13   1.8120256e-03   1.5926404e-03   3.6262058e-05   4.7798405e-04   1.6557213e-03   3.6974670e-22   3.3472500e-09
   1.0751803e-03   8.8993031e-04   3.0559095e-10   4.0243824e-03   1.0695418e-03   1.1106098e-05   2.8082164e-04   1.3557133e-03   3.2478956e-10   9.1849887e-06
   1.0784195e-03   8.5722221e-04   4.1504205e-09   3.3706467e-06   1.1419237e-03   5.1303864e-08   2.2640172e-04   1.4766630e-03   1.6670726e-11   1.8954710e-05
   5.8902810e-04   1.0074489e-03   7.9641596e-14   2.5893104e-15   1.0722259e-03   2.1516037e-08   9.5000106e-05   1.7302117e-03   7.0266646e-10   8.3497794e-05
   2.9650721e-04   8.6886639e-04   1.6453209e-08   1.9279662e-06   1.0111216e-03   8.1393375e-05   8.0008364e-05   1.4348142e-03   4.0227373e-14   1.0929864e-04
   7.8949041e-05   7.1276571e-04   2.7942498e-06   1.4245390e-06   1.2051988e-03   3.1151801e-06   1.7297548e-05   1.3347564e-03   3.4379350e-23   1.1678161e-05
   4.8506754e-05   8.8774744e-04   2.7339423e-09   5.5190006e-11   1.3731995e-03   6.9446980e-05   2.2600636e-05   1.1803055e-03   1.4890579e-20   3.2522889e-05
   2.0413941e-06   9.3017181e-04   4.2241920e-06   1.1368108e-03   1.6129807e-03   2.4278256e-05   4.5106625e-05   1.0894192e-03   7.9340311e-23   1.1058571e-04
   2.1398557e-05   7.5728239e-04   3.3312263e-10   2.2628303e-03   1.5096741e-03   2.3856518e-07   6.8595415e-05   1.0511254e-03   4.1818802e-18   3.8934248e-04
   1.4688074e-05   7.3113445e-04   9.6882410e-07   3.2375318e-03   1.1286650e-03   3.3041520e-09   8.0457973e-05   1.1453253e-03   2.7260128e-20   4.6663513e-04
   2.1258362e-08   5.3082890e-04   8.2232341e-05   7.6204631e-11   1.1444401e-03   4.6446778e-07   3.1427861e-04   1.1770070e-03   2.3789995e-25   4.5122267e-04
   1.4403126e-06   5.3217184e-04   1.3208389e-08   8.0488647e-10   1.1985249e-03   2.9758443e-06   2.9087680e-04   1.1824802e-03   8.5756947e-21   3.9413067e-04
   7.6981226e-05   6.2346859e-04   1.5250592e-13   2.2156504e-03   1.0278355e-03   2.4867264e-08   5.1702340e-06   1.3957417e-03   6.1961546e-11   1.7176205e-04
   3.6666360e-04   4.6113522e-04   5.3711544e-07   7.0936606e-11   1.0675545e-03   6.8456482e-14   1.6467608e-04   1.2980228e-03   4.5053449e-04   1.9237498e-04
   1.3932758e-03   8.4579119e-04   1.4968473e-05   5.1297877e-18   8.6165427e-04   1.0575213e-17   8.3940953e-04   8.5984295e-04   3.6046759e-04   1.1718937e-04
   1.6336829e-03   7.7401878e-04   1.5629160e-07   7.1303724e-09   1.0639969e-03   7.1490604e-16   9.7434184e-04   9.2886104e-04   3.5276212e-12   1.2925913e-05
   1.0183314e-03   6.5923304e-04   5.4163219e-10   1.8296955e-09   1.3575655e-03   3.0490457e-14   6.7638115e-04   1.0909831e-03   1.7745585e-05   4.4305638e-05
   5.8753680e-04   8.0076950e-04   4.1939851e-07   4.3297055e-18   1.5909778e-03   1.5537288e-05   3.2027350e-04   1.1065293e-03   1.5512198e-16   2.0801892e-04
   2.8117579e-04   8.0473000e-04   4.7211732e-06   1.1585691e-12   1.0061503e-03   2.0006849e-04   1.2845626e-04   1.3200945e-03   1.2567745e-28   2.9394709e-04
   5.2867607e-04   9.7157509e-04   8.0106711e-05   2.7706074e-19   1.0509628e-03   1.0032301e-04   4.1141949e-05   1.3078117e-03   2.2297272e-19   4.5450288e-04
   2.5845174e-04   9.7706776e-04   4.5648112e-06   1.2781392e-03   1.1118942e-03   1.0440369e-04   6.5804927e-05   1.4365513e-03   1.4523061e-15   4.9883337e-04
   6.9280645e-05   9.0598325e-04   1.0942010e-05   1.5232329e-06   1.0857346e-03   1.6772084e-04   1.1726106e-05   1.3670543e-03   1.4067532e-10   5.9879045e-04
   9.9422802e-05   1.1703534e-03   1.4902114e-04   1.6445505e-12   9.9518304e-04   6.0559359e-07   3.2022789e-05   1.3180895e-03   2.1045356e-09   1.0396896e-03
   5.9618309e-05   1.0481577e-03   3.0548823e-05   4.1872174e-10   1.0271307e-03   1.2712907e-07   2.1370382e-05   1.6508915e-03   1.1315053e-20   1.4212281e-03
   1.4127230e-04   1.1097444e-03   1.7966156e-05   5.5548094e-12   1.2371676e-03   2.2680656e-13   1.1518509e-05   1.7909132e-03   2.8889927e-15   1.4099351e-03
   3.1447414e-04   9.4982188e-04   1.7801692e-04   9.9213583e-27   1.0028330e-03   1.6806568e-16   1.3871516e-04   1.6499527e-03   5.4621219e-27   1.4363404e-03
   5.8409822e-04   9.9987667e-04   2.2752214e-10   5.5095501e-11   1.3055629e-03   1.5518455e-24   1.1606792e-04   1.8245852e-03   1.9530893e-22   1.5483140e-03
   1.8863446e-03   1.3795201e-03   1.5359635e-09   2.4691442e-10   1.4407472e-03   6.8258668e-22   8.9890286e-05   1.8762651e-03   1.7453182e-22   1.5823146e-03
   2.5917162e-03   1.2427824e-03   6.2987782e-06   1.7511738e-29   1.3463088e-03   2.9242682e-20   1.0960643e-04   2.0695880e-03   7.2252420e-21   5.1419857e-04
   1.8632170e-03   9.3616162e-04   1.4237128e-04   7.5175907e-37   1.0505274e-03   1.0974857e-23   4.9252088e-04   2.1782961e-03   2.2063074e-26   1.4096986e-04
   1.0195912e-03   9.9616379e-04   6.1876489e-05   5.8753159e-28   9.8124762e-04   2.6652896e-28   1.0536858e-03   2.3530663e-03   6.5125063e-32   5.4075481e-05
   6.1560584e-04   4.2646618e-04   9.7391482e-05   3.3224262e-04   1.2807519e-03   4.6757517e-24   1.2894139e-03   2.5039259e-03   8.1037326e-13   4.3225076e-04
   9.2271336e-04   9.9236455e-04   3.9348787e-05   7.2008427e-17   1.2270583e-03   1.8000532e-30   7.7391370e-04   2.4329691e-03   1.0431935e-22   3.9858908e-04
   9.6174910e-04   1.7046103e-03   8.9412176e-07   1.4249931e-13   1.1351941e-03   8.8320097e-23   2.7357180e-04   2.1427991e-03   3.4201599e-15   2.5319048e-04
   4.6372845e-04   9.1947462e-04   5.5068862e-07   1.2514068e-04   1.2886335e-03   2.0697757e-16   1.0876051e-04   2.3391549e-03   1.7236324e-09   5.2233554e-04
   5.8742137e-04   1.3302981e-03   4.5055886e-05   1.0515852e-12   1.1895673e-03   3.3282351e-17   1.3338908e-04   2.1032718e-03   1.7594709e-24   7.0562311e-04
   5.2796739e-04   1.8899313e-03   5.0633778e-06   1.8965327e-24   1.3397787e-03   1.6782851e-06   1.2284852e-04   2.0547467e-03   3.9641938e-36   1.0931531e-03
   2.4585542e-04   1.6351530e-03   2.7620678e-04   7.8738514e-10   1.3273199e-03   1.5483898e-05   1.8257593e-07   2.4647274e-03   7.9282566e-27   1.1414617e-03
   7.2416050e-04   1.1392686e-03   1.8614799e-10   1.2065717e-03   1.2155101e-03   4.3259955e-07   4.7597903e-07   3.3520426e-03   2.3641578e-17   8.8462811e-04
   1.0494473e-03   1.0724911e-03   1.3115395e-05   3.2254291e-16   1.3420395e-03   4.2559645e-06   1.3444205e-05   3.4542110e-03   2.9695182e-15   4.4929782e-04
   3.2337672e-03   7.7335149e-04   1.7940012e-05   3.8066487e-23   1.0615430e-03   1.7762426e-05   4.4842176e-05   3.3286102e-03   2.3412751e-14   2.2982777e-04
   5.1322973e-03   9.4803267e-04   1.3318559e-08   8.5759883e-10   9.8509647e-04   8.2653802e-14   1.8088517e-04   3.4440339e-03   4.2761231e-18   3.1739508e-04
   4.3890218e-03   1.5000994e-03   1.6787088e-06   1.2792783e-02   5.2836146e-04   9.8442900e-24   3.5744473e-04   3.6769890e-03   1.1667905e-20   3.4080110e-04
   1.5284270e-03   8.9530124e-04   9.0664776e-13   1.8444310e-02   1.5073241e-03   6.0757643e-28   5.1786082e-04   3.5901355e-03   6.6453349e-10   4.7602683e-05
   1.7550801e-03   1.2812511e-03   8.4363246e-16   1.0244617e-20   1.7323666e-03   7.3417218e-32   8.3756360e-05   3.7769928e-03   1.3059289e-22   7.5373273e-05
   2.7775546e-03   8.8885764e-04   4.0311596e-24   1.6727584e-02   1.2417825e-03   2.6812590e-37   4.8876049e-04   3.4044221e-03   1.2182827e-16   3.5642299e-05
   2.2959276e-03   4.8190916e-04   3.0561945e-17   1.6153062e-02   1.2304274e-03   1.1944601e-30   1.3603758e-03   3.7747997e-03   5.3906411e-04   4.3822971e-05
   1.5728143e-03   8.0936598e-04   1.6911481e-13   6.5779855e-08   2.0768266e-03   1.0732570e-25   1.8318892e-03   3.9677414e-03   4.2426037e-09   4.6117492e-04
   1.1427336e-03   1.1238014e-03   7.9880484e-16   1.4043150e-02   1.9418213e-03   9.7347124e-28   1.2316562e-03   3.7304968e-03   1.3110759e-11   7.9331130e-04
   7.3377736e-04   1.1919452e-03   2.3605197e-10   1.8210706e-02   1.2280311e-03   1.7388148e-28   3.5866738e-04   3.6299484e-03   1.5801043e-14   9.9309638e-04
   3.5542686e-04   9.8693482e-04   3.0323516e-15   7.5126347e-03   1.2439475e-03   1.4854263e-34   1.7287645e-05   4.5258086e-03   6.4218185e-05   8.6642344e-04
   6.4397128e-04   9.6494025e-04   3.3322987e-15   2.7110613e-08   1.6181089e-03   2.2800435e-33   1.5342353e-05   4.4948799e-03   3.8843427e-21   5.8733722e-04
   4.3784243e-04   1.7714521e-03   1.5105459e-07   1.9069196e-04   2.2035784e-03   2.4667843e-26   7.5024251e-05   3.8854984e-03   2.6648479e-24   4.7884979e-04
   1.5103653e-03   1.4169984e-03   4.2518585e-04   8.4374795e-03   2.0451537e-03   1.2866550e-27   3.1685497e-04   3.3439347e-03   1.6488127e-49   3.3499492e-04
   3.0717173e-03   1.6147146e-03   5.1079467e-05   1.1625287e-02   1.8218905e-03   1.2021809e-28   2.3848601e-04   3.5573458e-03   9.3033675e-28   4.0748111e-05
   2.1995375e-03   2.0163700e-03   5.7072492e-09   2.4190453e-04   1.5245074e-03   1.0910063e-20   2.5693592e-04   3.9884779e-03   1.5310688e-24   1.8276439e-04
   5.4506931e-04   1.8403879e-03   1.2685280e-10   6.8880034e-16   9.8144541e-04   6.6271446e-16   1.9842201e-04   4.5354270e-03   3.4762156e-17   6.8716461e-04
   4.9446653e-04   1.7613016e-03   1.1625489e-09   5.3754111e-22   1.0838007e-03   1.0847554e-11   5.9828141e-04   4.1057236e-03   2.8599612e-23   1.0016988e-03
   4.3135217e-04   2.4567213e-03   7.5975367e-13   1.9406655e-34   1.3178431e-03   5.1050443e-17   1.0516153e-03   3.9582015e-03   5.1947714e-27   9.1623834e-05
   1.9878409e-04   2.6630671e-03   3.7218207e-05   2.8235079e-27   7.9142967e-04   9.6158549e-21   3.2874431e-04   4.1190218e-03   2.4566640e-27   1.0395215e-04
   3.9403220e-05   2.1706309e-03   8.3335269e-05   1.7075363e-20   9.1480599e-04   2.6218686e-19   1.7563495e-04   3.4766627e-03   8.6539026e-35   2.3539665e-04
   1.1298676e-05   1.6091353e-03   2.3862541e-04   5.7963994e-25   5.8773780e-04   3.1569103e-16   1.7583990e-04   2.9030843e-03   1.0755445e-27   2.9807312e-04
   9.1286921e-05   1.7961732e-03   1.1740242e-04   1.4159069e-26   6.7877399e-04   3.8869625e-16   8.7632339e-04   2.9697339e-03   3.4157491e-14   4.0996801e-04
   3.3311497e-05   2.1620460e-03   9.6349903e-04   5.2207669e-30   7.9137372e-04   8.8138443e-29   1.3648872e-03   2.6722351e-03   3.3814845e-20   6.0432559e-04
   3.2042672e-04   3.6681784e-03   6.0044880e-04   1.1429632e-22   5.0665934e-04   1.2848457e-22   1.4780951e-03   1.9807748e-03   4.5662187e-16   5.5787075e-04
   1.0348017e-04   3.4938687e-03   1.7964938e-04   2.1665484e-03   7.1156655e-04   2.5990606e-12   6.3513953e-04   1.9692009e-03   2.2684621e-10   8.1191014e-04
   5.1309590e-04   2.7312039e-03   5.0920042e-04   6.5671062e-12   8.6735473e-04   7.4374972e-11   8.7741179e-04   2.0671260e-03   5.7389995e-16   4.4703588e-04
   1.6336682e-03   2.6551505e-03   7.8880899e-04   1.0896927e-13   8.4334159e-04   6.5572114e-12   9.2510316e-04   1.7584711e-03   1.4778280e-32   4.0525103e-04
   1.8286153e-03   3.5565314e-03   6.9859320e-05   3.4147332e-18   8.3371374e-04   3.9846607e-18   1.1453015e-03   1.8518737e-03   3.6013493e-33   4.1044021e-05
   7.5070401e-04   3.3709178e-03   2.7535231e-06   8.0179852e-25   7.1512227e-04   5.7804347e-13   8.2213639e-04   2.4306154e-03   1.4371421e-23   4.5094008e-04
   1.8887060e-04   3.2682111e-03   6.9101702e-16   2.3500995e-28   7.2217622e-04   1.1244048e-23   7.5954706e-04   2.7573154e-03   1.3708429e-24   1.4293164e-03
   2.3941109e-04   3.5832752e-03   1.7191830e-06   1.8467884e-28   1.0903165e-03   2.3144536e-15   8.4639059e-04   2.5344350e-03   3.8268864e-33   1.2117851e-03
   2.4085586e-04   2.7787756e-03   7.9785848e-12   6.4421542e-32   8.0475251e-04   1.3831651e-06   1.1697725e-03   2.3844975e-03   4.7192672e-35   9.5707443e-04
   1.5455498e-04   2.2422270e-03   3.6628409e-06   1.0786024e-30   7.3641385e-04   2.3293158e-14   1.3579201e-03   2.2438268e-03   3.3689172e-26   6.0233595e-04
   9.5389456e-06   3.0691408e-03   3.7375648e-04   3.3481551e-31   7.2974701e-04   3.1930118e-05   1.5333038e-03   1.9775055e-03   1.2616796e-24   5.6440082e-04
   7.6907581e-05   3.4294229e-03   2.6830375e-05   1.5452289e-14   7.3612322e-04   1.0846120e-04   1.0456410e-03   2.0986845e-03   5.8760857e-20   3.4436477e-04
   3.7159253e-05   4.0854981e-03   1.0192612e-05   1.5426831e-10   7.9883350e-04   2.0136331e-10   9.0465594e-04   1.9620616e-03   2.2613162e-24   1.6884296e-04
   4.2703994e-05   2.8852545e-03   3.0197878e-04   1.8258581e-15   4.9629387e-04   4.8937544e-15   1.3563661e-03   2.0622406e-03   9.1047475e-20   2.0914389e-04
   1.5218082e-04   2.6252685e-03   3.6775105e-08   3.9157106e-19   8.1477336e-04   3.5113600e-09   1.4200883e-03   1.8612010e-03   9.3367028e-21   2.2680619e-04
   3.9972074e-04   3.2701062e-03   5.0842044e-04   1.1406205e-11   8.3154043e-04   1.1805302e-08   1.7531053e-03   1.5337851e-03   1.1094128e-26   3.4481364e-04
   8.9605080e-04   2.7639952e-03   4.4569613e-04   8.0199389e-12   6.9443427e-04   6.2404546e-18   1.8577482e-03   1.4977618e-03   4.3240182e-21   5.8842033e-04
   1.0739074e-03   2.8031487e-03   1.5573827e-04   6.7665975e-17   6.3460693e-04   3.8994614e-16   1.0738558e-03   1.6817537e-03   6.7220947e-27   4.8531881e-04
   6.3565061e-04   3.4445009e-03   1.6295282e-04   2.0909814e-27   3.1181011e-04   3.0390849e-20   9.2743968e-04   1.7661936e-03   1.5029125e-22   4.0793140e-04
   2.4954482e-04   3.3266007e-03   1.3860610e-04   3.1622434e-41   5.2338386e-04   9.3415632e-16   5.5158750e-04   1.8568877e-03   1.4718833e-17   4.2961384e-04
   1.3658230e-04   2.8187237e-03   8.7332188e-05   3.0899118e-39   6.7852277e-04   1.3127482e-11   6.1729296e-04   1.9160830e-03   3.4018773e-21   5.7612342e-04
   2.4026066e-04   2.9110011e-03   7.0851289e-08   1.4300809e-38   7.7319887e-04   7.8282526e-18   2.0065019e-04   2.1643064e-03   8.4398646e-16   5.7542859e-04
   1.8343468e-04   2.6281061e-03   2.8856300e-05   6.0871936e-27   6.3693062e-04   3.7027467e-22   3.0828305e-04   2.2705641e-03   2.4222528e-10   4.4108661e-04
   2.9775930e-06   2.0854134e-03   8.0082795e-05   4.9864757e-12   8.1501502e-04   3.9681331e-16   6.8465849e-04   2.3871479e-03   1.8415731e-07   1.2697869e-04
   1.2127248e-04   1.9793915e-03   5.7286053e-05   1.4715194e-09   7.9419152e-04   1.1308515e-17   1.3295252e-03   2.2461491e-03   1.2870575e-10   7.3103203e-05
   1.4259236e-04   2.1696718e-03   1.4317693e-04   9.7304233e-30   6.4186415e-04   1.2204050e-19   1.3104577e-03   1.9959392e-03   1.0558068e-12   2.2439011e-04
   3.1407148e-05   2.3628693e-03   1.5285645e-05   2.9945570e-30   6.8646355e-04   4.8239455e-21   1.3496716e-03   1.9506389e-03   1.1333911e-13   3.3377788e-04
   1.1170800e-05   1.9299599e-03   7.9343971e-05   1.7481683e-20   7.4586398e-04   8.7063099e-18   1.1643224e-03   2.1807745e-03   7.6927350e-21   2.0983056e-04
   2.3938425e-04   2.3054287e-03   3.4111907e-05   2.3537502e-25   6.7503201e-04   6.7719300e-09   1.2267065e-03   2.5191581e-03   1.5133143e-11   7.4266843e-05
   1.3639855e-03   2.7706943e-03   3.0170255e-04   1.5792556e-16   5.6421856e-04   2.7916823e-04   1.9317450e-03   2.0391159e-03   1.1412353e-07   3.4320466e-05
   2.0423412e-03   2.9086404e-03   1.6001724e-07   2.0881629e-18   7.6357713e-04   3.7423132e-06   2.1011740e-03   2.0326467e-03   1.7838135e-14   4.8886451e-06
   1.6578509e-03   2.9154344e-03   1.0581410e-07   5.6850445e-24   9.4868946e-04   2.6001429e-11   2.8873575e-03   1.5739796e-03   9.6838134e-17   1.3709106e-04
   3.7546586e-04   3.0751372e-03   3.8322627e-04   1.1407047e-33   5.6894492e-04   2.8750914e-17   2.2969431e-03   2.3676879e-03   1.7473777e-13   2.5455532e-06
   1.7519271e-04   3.3914477e-03   1.1692311e-07   2.2657641e-27   6.4944073e-04   1.5013936e-14   1.0787379e-03   3.2179957e-03   3.6655751e-17   1.3798504e-10
   2.4156609e-04   3.1618694e-03   4.4341161e-11   6.1882893e-22   3.4336126e-04   8.5281172e-15   8.1297687e-04   3.5271700e-03   3.2354003e-23   2.3438733e-08
   1.2447523e-04   2.8202999e-03   1.9311333e-07   6.0626922e-19   4.1277694e-04   6.7417503e-20   4.4739131e-04   3.8185590e-03   2.2546715e-14   1.9742248e-04
   7.9251086e-05   2.7560923e-03   2.2637197e-08   2.1131538e-26   8.1057134e-04   5.9759027e-15   4.0828054e-04   3.7232573e-03   5.4535077e-15   2.8346759e-04
   6.0770810e-04   2.5662811e-03   1.2370668e-04   5.1458334e-33   8.6019324e-04   8.9858652e-16   1.1095669e-03   3.3872581e-03   2.4195427e-15   1.4742920e-05
   5.2507975e-04   2.8187648e-03   3.6499048e-04   1.3024046e-19   8.6234030e-04   2.2457669e-11   1.0993330e-03   3.3152239e-03   2.6091890e-05   1.3561773e-11
   2.2106211e-04   2.8309130e-03   1.4776282e-04   3.6788129e-13   9.4091168e-04   2.8896377e-12   1.4008002e-03   3.3756012e-03   1.7714713e-05   1.1761042e-14
   1.8937249e-04   3.4615953e-03   2.9127945e-06   1.5305341e-24   8.1764952e-04   3.6165304e-16   1.4041601e-03   2.9869922e-03   4.4135802e-05   1.1947220e-12
   8.9540535e-04   3.4013141e-03   3.2024375e-04   1.6875282e-19   9.4218861e-04   2.1073130e-14   1.4872017e-03   2.6342478e-03   1.3323729e-05   2.0475814e-09
   2.6941726e-03   2.8525429e-03   4.5837119e-04   1.2342590e-20   1.5791956e-03   7.2357539e-18   9.5487764e-04   2.7120184e-03   1.1568426e-04   1.7508706e-10
   3.7159591e-03   2.1076110e-03   4.4765288e-04   1.9642080e-26   1.6332889e-03   3.5492149e-16   1.0716728e-03   3.3456897e-03   9.5627093e-04   2.7266137e-19
   3.0413420e-03   4.1304709e-03   5.0541769e-04   1.0494677e-08   1.4880083e-03   1.6383096e-09   4.6888755e-04   3.6173307e-03   5.4320264e-05   6.7355165e-19
   1.9803438e-03   4.3936623e-03   3.6515071e-05   3.0323340e-03   1.3302933e-03   1.2292690e-09   3.1389551e-04   3.6729485e-03   5.1468788e-10   1.0856021e-23
   1.9481909e-03   4.8554817e-03   8.0572918e-10   3.0700181e-21   1.2421171e-03   3.2202071e-05   2.4458581e-03   2.8238191e-03   1.5693299e-19   3.2573092e-17
   2.1564227e-03   5.3773907e-03   4.8018820e-06   5.7885164e-23   1.4789635e-03   1.3793902e-03   2.7449645e-03   2.8805189e-03   2.8600049e-15   6.6814932e-11
   1.1422266e-03   5.1289026e-03   1.1414878e-04   5.4204998e-20   1.7597170e-03   1.6900682e-07   4.0294508e-03   3.2292775e-03   3.2632179e-15   1.0367562e-08
   4.5730482e-04   4.5418873e-03   6.1106078e-05   1.0192949e-08   1.9727601e-03   2.5085954e-09   4.7391598e-03   2.7499173e-03   2.3126186e-17   2.9422231e-09
   9.7282764e-04   3.8426388e-03   1.8222795e-06   8.4194706e-03   1.5899690e-03   5.3974598e-05   3.4863973e-03   2.6499298e-03   1.5383412e-09   7.0191189e-07
   1.0045277e-03   4.7180067e-03   5.0172407e-11   7.7541104e-03   1.7944574e-03   1.1533202e-10   2.5252002e-03   2.4877660e-03   3.0009350e-07   9.1958610e-07
   5.6632852e-04   5.7398662e-03   5.0277218e-07   7.1127203e-12   1.7752482e-03   6.3141386e-07   2.3838953e-03   2.3143249e-03   9.8854599e-12   2.6540425e-08
   4.6312409e-04   6.7274627e-03   2.0595437e-04   3.5010345e-23   1.3692171e-03   1.9212349e-06   2.1012017e-03   1.7854640e-03   2.4885615e-04   1.4174641e-07
   1.8477086e-04   6.1727569e-03   4.6934631e-04   7.4114386e-19   2.0509691e-03   2.7793254e-04   2.5726260e-03   1.4886724e-03   9.6830648e-05   1.1153335e-06
   5.2849891e-04   6.3569515e-03   2.1334311e-04   5.7092233e-14   1.9081484e-03   3.8847050e-07   2.1961391e-03   1.5897618e-03   1.7133977e-14   5.0397930e-04
   1.3395780e-03   5.6957556e-03   2.3703915e-04   5.7880315e-03   1.5215406e-03   1.3867369e-10   1.4941415e-03   1.1144238e-03   1.0824910e-19   5.3849434e-04
   1.5063254e-03   5.2502128e-03   1.1177258e-03   7.0862814e-03   1.2304185e-03   3.0508937e-05   1.8944508e-03   5.5623385e-04   3.3530203e-23   8.2855347e-04
   5.8821986e-04   6.5284124e-03   1.1477982e-03   2.7244442e-08   1.4558853e-03   5.2416927e-06   9.5378170e-04   4.5449407e-04   1.2314163e-23   1.2294235e-03
   1.9219370e-04   6.1474043e-03   2.8334096e-04   2.4092082e-04   2.1442443e-03   9.8625819e-04   4.0370466e-04   3.6990813e-04   1.1616410e-16   1.7073031e-03
   1.6741573e-04   6.7410564e-03   3.6639285e-07   3.6527868e-12   2.2704626e-03   1.4733858e-03   1.0272120e-04   4.8333748e-04   3.5333615e-06   1.2657069e-03
   8.8954445e-05   6.7002724e-03   3.0551587e-08   4.6799367e-14   2.3896184e-03   7.0695571e-04   3.8191580e-05   8.6208281e-04   4.6614143e-04   1.3389525e-03
   6.9815899e-05   5.8128548e-03   8.4696209e-06   1.3548343e-04   2.3010661e-03   2.0584637e-03   1.6864832e-05   8.4416724e-04   2.7817437e-04   1.5725785e-03
   2.2295245e-05   5.9995586e-03   1.2293997e-05   2.3491505e-07   1.7447072e-03   8.5151292e-04   5.7014325e-04   8.0473117e-04   1.1476056e-09   1.3212346e-03
   1.5221283e-04   5.6517706e-03   1.0766636e-03   1.0183030e-18   1.5420682e-03   1.9434664e-05   9.3960837e-04   4.9374159e-04   2.9734187e-09   2.2252647e-03
   1.9546252e-04   5.5312233e-03   9.6085004e-04   1.0845727e-05   2.0904057e-03   7.7881814e-04   7.6654784e-04   1.8706476e-04   7.9679470e-05   2.4857090e-03
   1.1461482e-04   5.7703257e-03   4.8315698e-04   7.8256142e-17   2.0737188e-03   3.6239682e-04   4.9637182e-04   2.2051170e-04   4.4359835e-04   2.3881066e-03
   1.0875128e-04   6.0984838e-03   1.2472432e-08   6.3983073e-04   1.5113223e-03   5.6594385e-04   1.9771374e-04   5.6507390e-04   9.1818369e-09   2.3370938e-03
   3.0136893e-04   6.5504262e-03   4.8622223e-10   7.4692082e-06   2.2679126e-03   5.4489386e-04   2.0867824e-04   3.2757763e-04   2.6217086e-24   2.1100045e-03
   5.2412197e-04   6.8057488e-03   7.7786254e-13   2.1741756e-15   1.7581453e-03   1.3393658e-06   2.9694245e-04   1.6434477e-04   2.7120093e-18   1.6653648e-03
   4.6961341e-04   6.1299692e-03   9.4826032e-10   1.4594332e-09   2.1622700e-03   1.5967880e-04   2.0679815e-04   2.9157590e-04   2.0754773e-10   2.1051236e-03
   1.8774366e-04   6.1970266e-03   2.6763940e-09   2.5514815e-04   2.2341162e-03   1.5817551e-04   5.9667616e-04   4.4906529e-04   8.5860640e-11   1.5985553e-03
   7.6163887e-05   6.9232803e-03   6.1887120e-12   1.3367513e-06   1.5836610e-03   2.1379886e-07   7.3010704e-04   3.6459948e-04   2.7703612e-19   1.5962107e-03
   1.0127954e-04   6.6717481e-03   1.6508074e-18   4.1834096e-03   1.7003277e-03   8.8328824e-05   6.3573069e-04   2.7075403e-04   3.0283664e-13   1.5718228e-03
   2.6832361e-04   5.6353623e-03   4.2673159e-16   2.9147944e-03   1.8428375e-03   7.7380846e-04   4.0021729e-04   3.2840405e-04   1.6411332e-07   1.2052553e-03
   3.1077893e-04   5.5923836e-03   8.4011253e-09   1.8609055e-14   1.4841926e-03   6.1303211e-04   3.6577082e-05   3.5766181e-04   1.3831719e-08   8.2201518e-04
   1.3710262e-04   5.3768647e-03   6.8279912e-11   4.9019042e-12   1.9282717e-03   6.1221724e-04   9.5749336e-06   4.2426998e-04   4.4765646e-12   5.9273179e-04
   4.2887479e-05   4.6268237e-03   8.8828032e-18   1.8778851e-15   2.0370861e-03   1.1983831e-03   4.6842666e-05   3.5970991e-04   5.0621803e-10   4.8069927e-04
   4.0092319e-05   4.6339803e-03   2.3763253e-17   3.1545910e-03   1.4240428e-03   8.4415481e-05   4.1204543e-06   4.0568898e-04   4.0192785e-13   5.1174761e-04
   5.1355473e-05   5.0504570e-03   6.8336920e-18   2.1876098e-03   9.9694871e-04   1.4371852e-04   2.1355372e-04   4.6559575e-04   7.8956425e-10   2.7454185e-04
   5.0084657e-05   4.3988246e-03   2.2262127e-15   9.1685872e-11   8.0604499e-04   4.2876247e-04   4.2173496e-04   6.5802593e-04   1.7917408e-04   8.4497696e-05
   1.5307155e-04   4.9204719e-03   6.1262561e-20   9.0311422e-19   7.1235250e-04   7.5196048e-04   3.6850423e-04   5.5184203e-04   3.0871325e-04   4.6382563e-05
   1.7861748e-04   6.0468774e-03   3.0458169e-21   4.2359986e-09   8.4877440e-04   5.1731156e-04   1.3962087e-04   3.3467241e-04   1.4668372e-04   1.5901927e-04
   1.9846929e-04   5.5587764e-03   3.5068624e-20   3.5878318e-03   8.2948108e-04   5.0037976e-04   1.6492906e-04   1.8830684e-04   8.1527751e-05   3.2804026e-04
   1.1259108e-04   4.8332968e-03   4.2935016e-19   3.4786959e-03   4.8489669e-04   1.7694477e-03   2.9887814e-05   2.7326777e-04   1.5843943e-05   2.7282197e-04
   9.3139154e-05   6.6022661e-03   1.9863162e-21   1.7734358e-03   7.6960140e-04   9.9187355e-04   1.4891921e-06   2.2516717e-04   1.3509180e-06   2.1411875e-04
   1.0752654e-04   6.3098560e-03   8.2562359e-21   1.9860155e-12   8.9595499e-04   5.2964824e-04   2.6404598e-05   2.2541275e-04   5.9476032e-09   3.0219447e-04
   1.7931700e-04   5.2788643e-03   2.4905659e-21   1.4919914e-38   1.0358314e-03   3.4292842e-04   6.9316924e-05   2.0759110e-04   1.2202485e-09   6.3194800e-04
   1.8481952e-04   5.1370199e-03   4.0645196e-17   9.2626991e-27   1.2912334e-03   2.6330920e-04   1.0783895e-04   2.8766787e-04   1.7403666e-06   5.8338976e-04
   1.2122971e-04   4.8546398e-03   4.8206450e-21   3.2547537e-11   1.7164551e-03   7.3810015e-04   5.3617701e-05   4.6634254e-04   2.5192641e-05   2.8138264e-04
   5.0310619e-05   4.8193982e-03   2.7653044e-22   2.7742066e-03   1.4405120e-03   8.6408502e-09   1.4052788e-07   5.5667978e-04   4.9474601e-05   1.6631425e-04
   9.0117533e-05   4.6022752e-03   1.5450676e-21   1.5860738e-03   9.7900777e-04   9.6327216e-05   2.6224190e-07   4.9314653e-04   1.3637219e-06   2.2463633e-04
   1.4977018e-04   4.9050369e-03   3.3794365e-19   1.3465270e-27   8.4529612e-04   7.4944028e-05   3.3796433e-06   4.6272559e-04   1.5181820e-07   1.0348768e-04
   1.3494838e-04   6.0399267e-03   9.5174891e-23   1.7832766e-28   6.9274623e-04   8.2739632e-06   8.0918609e-09   5.0144064e-04   9.1422068e-08   6.1073843e-05
   1.3448491e-04   5.9977029e-03   9.1852082e-20   1.9826803e-23   6.2896445e-04   8.0141391e-05   8.6391413e-11   4.1362282e-04   8.2419559e-04   1.0564613e-04
   1.2647116e-04   4.9773699e-03   1.1974097e-15   8.6816058e-04   9.4888337e-04   3.0308090e-04   1.3698337e-04   3.3388078e-04   8.8664282e-04   1.5759353e-04
   1.3026024e-04   5.1321295e-03   9.0651049e-15   2.3556183e-03   9.2470217e-04   2.1610372e-04   5.5713966e-04   2.9787834e-04   1.2414534e-07   1.3252092e-04
   1.1231325e-04   6.4357121e-03   1.0445846e-14   1.6159473e-03   7.2903861e-04   3.2577702e-05   5.2394970e-04   2.9237447e-04   1.0428878e-13   1.5349113e-04
   8.9645635e-05   6.9052593e-03   2.4674148e-23   4.5673415e-26   6.0804173e-04   1.7727101e-05   1.4712399e-04   4.5972122e-04   6.5555073e-16   7.2138653e-05
   6.1294679e-05   5.5553796e-03   4.3436745e-27   7.1576431e-34   4.9659550e-04   1.1821280e-03   1.5852475e-04   5.4803607e-04   1.8563210e-20   1.0852253e-04
   8.8918927e-05   5.7958188e-03   1.6349239e-21   1.9790189e-03   5.5891011e-04   6.6982813e-04   2.4938193e-05   4.5490800e-04   1.6479918e-16   2.3165620e-04
   1.3710772e-04   6.5514664e-03   2.2056840e-25   4.3127528e-03   3.8394184e-04   2.3247009e-04   2.3858442e-06   3.4625548e-04   1.7837071e-11   2.9383367e-04
   1.3925849e-04   5.8231204e-03   1.2615295e-21   6.0897716e-08   6.4034487e-04   3.5041816e-05   8.7183253e-05   5.7194184e-04   7.0935752e-15   4.3774920e-04
   1.7513911e-04   5.1746932e-03   1.9259665e-20   1.2540290e-34   5.9488852e-04   6.5777424e-04   6.9033332e-05   4.5336030e-04   2.2800736e-13   6.5468784e-04
   1.0475860e-04   5.8809952e-03   5.0583063e-17   5.4348069e-16   3.3848615e-04   6.9509947e-04   7.7579642e-07   4.7323722e-04   8.3868699e-05   4.2224479e-04
   2.0083485e-05   5.8329075e-03   1.5200292e-13   1.0361808e-09   3.5737498e-04   2.8615059e-04   5.0873576e-07   5.4755385e-04   2.2857943e-03   2.6930915e-04
   1.1033897e-04   5.9798830e-03   2.5288212e-15   4.1954034e-11   4.1080374e-04   4.9187105e-04   1.2586349e-05   5.2892675e-04   5.4155168e-05   2.2603721e-04
   1.9519234e-04   5.0837232e-03   1.1566550e-10   3.5193188e-07   4.5718631e-04   3.2846027e-07   3.0889810e-07   5.6898378e-04   1.4577521e-26   2.3670103e-04
   2.3218189e-04   5.0315544e-03   2.9150275e-06   3.1276096e-11   3.6759941e-04   6.9730613e-12   7.0265004e-11   7.2123181e-04   1.5824695e-09   1.0210897e-04
   2.2068995e-04   4.8962879e-03   3.2396576e-11   3.0478153e-32   3.4441493e-04   1.5562111e-09   2.6436351e-07   7.6183904e-04   1.6068245e-03   9.5369226e-06
   2.1922727e-04   4.4366300e-03   6.1260718e-07   1.6352917e-26   4.1503042e-04   3.3082319e-10   5.0068561e-08   6.3423840e-04   3.0347990e-03   2.5288279e-04
   1.1380269e-04   4.5885031e-03   3.8765588e-12   8.1989551e-23   5.3509486e-04   4.0466579e-06   1.2863019e-04   6.5313273e-04   6.8983398e-04   2.7719479e-04
   9.8169756e-05   4.4990141e-03   3.3757442e-14   3.0501453e-07   3.7237626e-04   4.1854564e-07   4.9146992e-04   7.6141603e-04   9.5761813e-05   1.5256279e-06
   2.9728067e-04   4.1546019e-03   2.6215641e-14   1.8442987e-18   3.7089386e-04   3.8542568e-06   5.8662162e-04   8.3404838e-04   1.4524064e-06   2.4588779e-05
   1.6074579e-04   4.9988750e-03   1.1285357e-12   8.3147680e-22   4.5504356e-04   1.7985532e-10   2.9621966e-04   8.0541595e-04   1.3158935e-04   1.1154834e-04
   1.6101131e-04   4.7088393e-03   1.3134586e-07   3.6799576e-43   4.5494393e-04   2.1015567e-13   1.2521584e-04   8.3974812e-04   1.5565698e-03   2.6603109e-04
   1.5172681e-04   3.3676351e-03   2.7841121e-06   1.8438740e-29   3.0942190e-04   3.7683345e-08   2.0771481e-04   1.0286077e-03   1.6017239e-03   4.5965731e-04
   1.9351541e-04   3.4963379e-03   1.3777241e-05   3.6530522e-15   2.3490949e-04   5.6519313e-09   2.2281372e-05   1.0757186e-03   3.1422890e-04   5.8374494e-04
   1.3885216e-04   4.0768034e-03   3.4237900e-11   2.4316964e-24   1.8968134e-04   5.6155773e-09   1.3107044e-05   1.1148487e-03   7.5456265e-04   6.3282092e-04
   1.1911057e-04   5.2682206e-03   3.7760630e-10   2.3735049e-23   2.4205181e-04   2.1786969e-12   6.0546646e-05   8.5465967e-04   2.1329048e-05   4.1616887e-04
   4.5835756e-04   3.9568079e-03   3.1086855e-04   9.5317618e-29   2.5709547e-04   2.8101498e-10   8.2086995e-05   8.7103133e-04   7.6076524e-04   3.0278687e-04
   5.6508191e-04   4.1705437e-03   4.3744809e-04   3.7508424e-27   1.9112706e-04   1.3583693e-08   3.5705372e-05   7.0833421e-04   3.7144582e-07   2.9646220e-04
   6.9593840e-04   4.5641722e-03   3.4576176e-06   7.5167585e-29   1.8051327e-04   8.7114652e-08   4.0926983e-05   6.7239313e-04   2.0719795e-03   2.0627912e-04
   8.0463247e-04   5.0832758e-03   7.9213540e-18   1.8407440e-27   2.1235394e-04   4.8337383e-13   1.0796257e-04   6.7999115e-04   2.6721606e-03   6.3654229e-08
   6.5055492e-04   4.5560294e-03   3.8083500e-20   8.2387225e-22   2.4075361e-04   1.9289404e-13   4.0742159e-05   6.3920419e-04   3.1141222e-03   1.0870837e-06
   6.3613920e-04   3.2151088e-03   1.4582101e-05   6.0694955e-18   2.5780830e-04   8.1583679e-12   1.6039031e-04   7.7519638e-04   3.2578355e-03   3.5986425e-07
   5.6490580e-04   3.0302692e-03   1.8470272e-05   7.9514658e-27   2.1050397e-04   7.0309211e-16   1.0411666e-04   9.5138108e-04   1.4189048e-03   1.0981281e-11
   7.1570403e-04   3.2175777e-03   2.1290529e-06   9.6668665e-33   2.0883304e-04   2.5560355e-16   3.6203373e-04   8.9939592e-04   4.4081248e-04   1.4879570e-16
   7.0806129e-04   3.3946582e-03   1.6584833e-08   1.8848276e-17   1.8978661e-04   5.1541873e-12   7.9665975e-04   8.0998827e-04   2.4620834e-03   5.3481881e-12
   1.1112726e-03   3.4945912e-03   8.5347037e-10   2.1812787e-14   1.6862788e-04   2.8140799e-14   9.1963444e-04   6.5310815e-04   2.7495219e-03   2.8941838e-08
   1.4377539e-03   3.5173707e-03   1.1232917e-08   5.4138444e-18   1.8673094e-04   4.0997522e-18   6.2843629e-04   7.0632728e-04   2.3852739e-03   1.6849539e-06
   9.4526334e-04   3.1586960e-03   4.5330649e-06   1.2915996e-24   1.8505029e-04   2.1534898e-10   4.6082057e-04   8.9418003e-04   1.0466995e-03   8.8505673e-05
   7.7199403e-04   3.3841934e-03   4.0078910e-05   5.5981278e-14   1.7677230e-04   2.4539091e-06   6.2136032e-04   6.5395349e-04   3.3017345e-04   2.4336653e-04
   7.3586661e-04   3.0395525e-03   3.3164996e-11   5.0558535e-13   1.9563867e-04   1.1023475e-11   6.6220876e-04   7.0717975e-04   7.1383061e-04   2.1699657e-04
   1.7003147e-03   2.4468977e-03   1.3452054e-11   1.4738794e-12   2.9071153e-04   5.2313709e-10   6.1878196e-04   6.8308070e-04   3.0159917e-03   2.5224019e-04
   1.9300919e-03   2.1134756e-03   1.6934438e-08   2.0427533e-22   3.2252115e-04   9.4913261e-09   7.2749337e-04   7.6731662e-04   3.0302718e-03   1.3689287e-04
   2.0763777e-03   2.5169871e-03   1.7157145e-04   2.0845734e-07   4.2206543e-04   1.1387824e-05   6.3201524e-04   5.1949426e-04   4.6174188e-10   2.8772643e-04
   1.4084767e-03   2.7699010e-03   4.2251843e-04   1.3571449e-11   4.0075048e-04   1.4704728e-10   4.3286440e-04   5.2810582e-04   9.8924450e-04   2.2092804e-04
   5.1114270e-04   2.0451584e-03   3.2428154e-04   4.8665756e-36   4.3346610e-04   1.7247066e-12   2.4551620e-04   6.5766917e-04   1.6531102e-03   1.4150311e-04
   9.2173131e-04   2.2808198e-03   8.5502093e-05   9.9075207e-20   2.8631177e-04   3.8664799e-13   4.7577428e-04   7.1559129e-04   3.2013710e-05   1.9980948e-07
   1.0662997e-03   2.5706039e-03   7.8779584e-05   6.6938454e-10   3.8338784e-04   5.0008705e-10   4.5232008e-04   5.1807393e-04   2.7003601e-06   3.3434257e-08
   7.5734504e-04   2.3210566e-03   1.1536663e-04   7.0060411e-17   6.2236744e-04   3.0920362e-07   3.0698090e-04   4.3462995e-04   5.8020425e-04   1.6892693e-06
   4.6668411e-04   1.9788921e-03   8.1902252e-07   2.6757939e-25   6.7891810e-04   1.1550802e-05   3.5021060e-04   4.7749105e-04   1.7998096e-03   8.6351188e-05
   8.1612737e-04   1.7627791e-03   3.4532884e-07   2.4531776e-19   6.0041072e-04   2.5895148e-06   3.7016461e-04   3.7316946e-04   1.0831031e-03   1.4327554e-04
   9.6304887e-04   1.7420574e-03   1.7084778e-10   1.8807636e-14   4.3687849e-04   1.4768455e-07   6.0308643e-04   3.0119854e-04   7.1118952e-04   3.8497368e-04
   4.7911855e-04   1.5981048e-03   3.0068496e-14   1.3847893e-27   5.1963025e-04   1.2709933e-10   5.3292710e-04   3.7956020e-04   2.4510790e-03   5.8249780e-04
   5.0070513e-04   2.0085836e-03   9.4429929e-11   1.4719171e-33   4.9332071e-04   2.0053668e-07   5.3643708e-04   3.9797404e-04   2.2024326e-03   6.1653951e-04
   8.5601849e-04   2.9210763e-03   1.0999585e-11   4.9489963e-27   6.0191936e-04   1.5208686e-12   3.6367739e-04   1.7613780e-04   3.2967496e-04   5.4428764e-04
   9.3306417e-04   2.1534159e-03   2.8064122e-11   4.2202582e-14   6.0067676e-04   1.9880837e-04   1.5914346e-04   1.5623779e-04   5.0709452e-07   8.2436778e-04
   1.0020465e-03   2.6637832e-03   8.5719714e-14   6.2035706e-35   4.6772612e-04   1.4305293e-08   3.2592633e-04   1.3348843e-04   2.0199149e-08   7.3476892e-04
   7.7824207e-04   2.3532472e-03   5.1315265e-18   4.7490181e-42   5.3007643e-04   3.0089541e-11   3.3426858e-04   1.5621854e-04   1.0427686e-04   6.5954814e-04
   7.3483129e-04   1.6518820e-03   3.0576459e-09   5.9546556e-31   6.2298006e-04   4.1564461e-14   1.8928172e-04   1.8374785e-04   1.1224213e-03   1.1824676e-03
   5.6326397e-04   1.9826121e-03   2.1327487e-09   2.3731367e-37   5.2508045e-04   2.3485743e-12   2.2805929e-05   1.7724194e-04   1.3397559e-03   9.8532332e-04
   4.4446524e-04   2.2457246e-03   4.2275245e-12   3.5877352e-47   4.9367734e-04   4.9549736e-11   1.3956759e-04   1.1808106e-04   1.0358220e-03   6.5377973e-04
   3.4864322e-04   2.7156132e-03   2.1771658e-14   3.7618052e-45   4.4615028e-04   6.2084026e-07   1.0195034e-04   9.4317457e-05   1.5875959e-04   5.4313728e-04
   3.1656311e-04   2.3268976e-03   1.6977477e-21   5.1882792e-41   3.2029688e-04   3.7606560e-10   2.9020893e-09   2.6034560e-04   2.9251541e-07   2.9060432e-04
   6.0523039e-04   2.0548158e-03   4.0902443e-15   1.8086658e-44   3.4099038e-04   5.2722045e-09   3.9503944e-06   1.9562618e-04   1.5874120e-05   3.4558789e-04
   8.1566817e-04   2.2671902e-03   3.1115468e-12   4.2327809e-45   2.9646345e-04   4.9553920e-12   4.0806700e-05   1.0640133e-04   1.0560739e-03   4.5788564e-04
   7.0296741e-04   2.2549206e-03   1.4404784e-12   2.2563326e-40   2.6966202e-04   4.2737982e-15   3.5183249e-06   1.9587050e-04   2.4076854e-03   4.7533233e-04
   7.1780624e-04   2.3651932e-03   4.0352086e-18   2.6036381e-37   3.3946003e-04   1.6086089e-11   9.0014041e-11   1.6092845e-04   1.1951930e-03   6.2390045e-04
   7.6494831e-04   1.9388948e-03   2.9247512e-16   7.0721589e-41   3.3083857e-04   1.1830275e-09   4.5189130e-05   1.2350139e-04   7.6457240e-04   6.3617500e-04
   6.9322460e-04   2.2527870e-03   1.7403220e-19   1.6841708e-53   2.7466174e-04   2.3094041e-11   1.1378446e-04   1.2049067e-04   3.5074958e-04   5.1510056e-04
   9.9181913e-04   2.5023785e-03   5.2472682e-16   8.0932833e-44   1.9846089e-04   6.8796242e-22   1.4470530e-04   7.0081231e-05   5.5926438e-04   5.6419316e-04
   9.8452142e-04   2.0073849e-03   3.3919223e-17   1.4226327e-38   1.7474843e-04   1.4930082e-16   1.7153574e-05   1.0525085e-04   2.8353916e-03   4.2775758e-04
   1.0088753e-03   2.0508008e-03   1.2159449e-20   4.1840582e-39   1.9670785e-04   7.8528751e-07   2.8075318e-05   3.4428504e-05   3.3738358e-03   3.9339613e-04
   7.0833718e-04   2.8276740e-03   1.3993554e-27   2.0549262e-45   1.5449307e-04   2.5704079e-15   1.4882154e-05   3.3998416e-05   2.3398490e-03   3.9445094e-04
   4.3884859e-04   2.7590843e-03   5.1232966e-27   7.9734360e-41   1.6540640e-04   1.8731359e-15   6.4056661e-07   6.9242801e-05   6.3097546e-04   4.1581417e-04
   4.3953839e-04   1.7453993e-03   8.9621347e-12   1.9091707e-38   1.8592527e-04   5.9197281e-12   1.2072895e-09   8.0329402e-05   2.3308152e-03   3.6249075e-04
   3.5654783e-04   1.7008739e-03   7.1657837e-08   9.7798725e-47   1.9416547e-04   7.0768544e-14   2.7823600e-06   8.9849773e-05   5.6030527e-03   2.6465272e-04
   2.8412620e-04   1.7331881e-03   1.3054029e-15   6.8041263e-54   1.9700273e-04   1.2699591e-16   1.1574228e-07   1.1803403e-04   3.3167377e-03   1.3995312e-04
   4.3915246e-04   1.4105085e-03   8.0120296e-12   1.0586563e-40   1.7741956e-04   6.7030036e-15   3.0112304e-11   1.3782160e-04   3.5718282e-03   1.5463098e-04
   4.1803177e-04   1.9140954e-03   2.0810347e-15   4.5214093e-38   1.9385860e-04   4.8923089e-21   1.0468066e-19   1.2092676e-04   2.4578979e-03   1.3266545e-04
   3.0569442e-04   1.8398598e-03   1.7547366e-17   4.9026455e-53   1.9806930e-04   7.1174044e-17   1.5629859e-19   8.3406959e-05   5.5061316e-03   5.7553511e-05
   3.0981528e-04   1.5075627e-03   9.4233613e-19   8.2963536e-52   1.3084589e-04   4.5325350e-14   2.5939306e-17   8.2298927e-05   6.5958922e-03   7.6795884e-05
   4.7102739e-04   1.4753780e-03   1.7193883e-16   6.1679519e-50   1.1445920e-04   4.7358190e-20   5.5943126e-18   7.2882243e-05   7.7924019e-03   9.4818039e-05
   5.0260443e-04   1.3778530e-03   4.6248015e-12   4.4784256e-50   1.3718532e-04   1.3888482e-18   8.2357194e-15   7.6882030e-05   9.0551253e-03   1.1032840e-04
   4.5052462e-04   1.4334620e-03   1.3685792e-17   2.9056059e-54   1.7954164e-04   1.6502913e-17   9.2184485e-06   4.5580810e-05   9.2662101e-03   1.3888658e-04
   2.5120584e-04   1.8376865e-03   5.2646400e-16   1.1517812e-53   8.5041795e-05   1.8211402e-23   9.6506457e-07   8.2927133e-05   8.4902191e-03   9.8222365e-05
   1.0980402e-04   1.9295260e-03   9.4058523e-17   2.2262610e-53   9.5569001e-05   8.7909984e-20   5.7356550e-15   8.2476617e-05   9.7341024e-03   1.0816508e-04
   3.8967732e-05   1.9394770e-03   7.1034874e-14   3.8621829e-57   6.8737909e-05   1.0713894e-16   1.4727856e-26   1.0684508e-04   6.5831443e-03   1.4806440e-04
   3.8954417e-05   1.8464813e-03   5.4562070e-16   1.2623034e-62   1.0309704e-04   2.3502963e-14   1.5183935e-25   1.3461890e-04   4.9280097e-03   1.1581082e-04
   9.3165845e-05   2.0145628e-03   2.5807534e-18   3.5288769e-58   8.0776464e-05   2.1707524e-15   1.8800224e-20   9.1033633e-05   5.9805347e-03   8.6227889e-05
   5.2105934e-05   1.8931361e-03   3.3062512e-13   7.9780156e-52   8.8358098e-05   8.8979740e-13   3.4780159e-20   4.2971398e-05   8.3386027e-03   1.8504761e-05
   7.1483451e-05   1.3200567e-03   1.9246638e-08   5.3963058e-55   1.1001497e-04   5.0491842e-12   2.4447916e-18   6.1166323e-05   1.2244460e-02   1.5104413e-06
   5.7542183e-05   1.2152592e-03   1.7542960e-09   4.7514617e-53   7.0116319e-05   3.4177130e-09   3.9670383e-15   4.8924448e-05   1.3830405e-02   1.6615390e-05
   4.7248222e-05   1.4282131e-03   5.3503949e-13   1.2931234e-60   5.9629084e-05   5.0119379e-11   9.4398402e-21   3.6028065e-05   1.0152562e-02   1.0806936e-06
   7.1302462e-05   9.8259739e-04   4.0958289e-09   2.8109554e-51   9.2146936e-05   1.9321690e-10   6.1079768e-20   3.7085462e-05   1.5064082e-02   1.5986487e-07
   7.5557741e-05   1.3588525e-03   2.5720234e-12   3.2838686e-47   8.5819669e-05   1.1416794e-17   6.2051649e-24   2.5601973e-05   1.4213721e-02   6.1192399e-08
   8.6840054e-05   1.7127507e-03   2.9810971e-13   2.0106659e-48   9.8530251e-05   7.4593892e-19   1.5748040e-29   1.3151876e-05   8.4469140e-03   9.5370537e-11
   3.9435848e-05   1.7166269e-03   1.7494350e-09   1.2452125e-51   9.5818882e-05   1.6791902e-15   2.1172668e-31   3.0821062e-05   5.7768226e-03   4.3618581e-11
   3.4832172e-05   1.4716656e-03   2.2698054e-17   6.9825469e-44   6.9052426e-05   1.4208932e-14   7.1748049e-25   3.5402254e-05   1.0017372e-02   1.4434596e-07
   2.2698059e-05   1.3744542e-03   1.3473768e-15   1.3741362e-45   7.2474410e-05   1.1501642e-12   1.3680963e-25   2.8115309e-05   1.1937219e-02   1.0738527e-09
   1.8525092e-05   1.4247693e-03   2.7531189e-17   5.1084246e-54   6.8038465e-05   9.9375513e-13   4.1285598e-25   2.2722170e-05   9.5154950e-03   2.7277322e-11
   1.4502353e-05   1.6339084e-03   3.2962345e-16   1.5873832e-57   7.4393778e-05   1.5492865e-12   1.1293006e-16   2.4583850e-05   7.5136986e-03   2.4091317e-10
   2.8481057e-05   2.0475510e-03   1.7994519e-17   5.3709251e-59   7.7288154e-05   9.7524859e-12   2.6678553e-20   1.8442748e-05   8.1771440e-03   6.6416237e-11
   2.0447644e-05   1.5730365e-03   1.8842499e-13   5.0886085e-52   8.2264255e-05   2.2336661e-10   7.4923098e-16   1.1945590e-05   1.1045944e-02   2.2829618e-07
   1.1320611e-05   1.7655130e-03   2.5671248e-18   1.8897645e-48   6.5250172e-05   6.7228411e-19   9.5966488e-16   1.3738056e-05   1.4756759e-02   2.0629673e-17
   6.9968561e-06   1.6035297e-03   3.7029517e-16   1.2362477e-40   6.0060756e-05   6.7435355e-24   1.8927803e-09   1.3147742e-05   1.6480266e-02   9.4187877e-19
   1.8965106e-05   1.7389064e-03   2.0606183e-17   3.0716847e-37   7.8265835e-05   4.9750400e-16   2.2274544e-15   9.9453707e-06   1.2752596e-02   3.1140090e-19
   1.0605282e-05   1.9025588e-03   3.0580946e-18   3.8506445e-40   6.7097339e-05   1.1141470e-07   6.4989181e-12   9.8157086e-06   1.0052937e-02   3.6587663e-13
   5.2781873e-06   1.8948537e-03   1.5431139e-17   2.0486148e-43   7.9006790e-05   2.5709379e-07   1.8780379e-13   1.6135254e-05   7.9481308e-03   8.9165489e-09
   1.4464732e-05   1.7832999e-03   2.0525656e-10   3.6553527e-43   8.6069951e-05   3.7263326e-05   2.9306045e-14   1.0269606e-05   5.3470592e-03   1.3320663e-07
   1.4737323e-05   2.2080591e-03   5.5414020e-18   9.3548589e-52   7.5404413e-05   1.7139107e-09   5.7298747e-18   1.1644744e-05   6.3185892e-03   1.0507085e-16
   1.1115748e-05   1.8865627e-03   1.0063885e-18   1.4524799e-43   8.2471295e-05   2.1941792e-16   7.9154061e-16   8.4164928e-06   7.9780376e-03   5.5839019e-08
   7.2152029e-06   1.0774612e-03   4.7534077e-09   4.8311648e-45   7.6893043e-05   2.6846335e-10   3.4620932e-11   1.4537615e-05   1.1074254e-02   1.8175949e-05
   5.4157245e-06   1.3128938e-03   2.0617334e-15   5.5454505e-36   1.0066957e-04   5.4933635e-14   1.0062942e-14   1.3750168e-05   1.1719228e-02   4.4993641e-06
   7.8025855e-06   1.6088466e-03   1.8610333e-18   1.5260132e-44   1.1053228e-04   5.3209522e-11   1.1870589e-12   2.1849368e-05   1.2073572e-02   1.3358919e-06
   1.7178283e-05   2.0524790e-03   1.8820356e-13   5.8632459e-44   8.4567071e-05   6.1235936e-10   2.0551230e-11   1.5783378e-05   1.0293366e-02   6.0988922e-07
   1.8574315e-05   2.2179965e-03   7.9585686e-13   9.9151145e-28   6.5140999e-05   5.4360256e-11   4.6679364e-16   8.9401518e-06   7.9440856e-03   1.2958427e-08
   3.7669123e-06   2.0784031e-03   1.2571707e-12   2.7655868e-37   7.7718001e-05   7.6287678e-11   1.8396396e-17   1.7037979e-05   6.9607957e-03   6.1416794e-09
   6.7069666e-06   1.8704824e-03   3.7317075e-18   5.7701018e-38   8.7285940e-05   1.4852239e-08   4.0826306e-13   9.9855176e-06   8.2215822e-03   1.5733891e-06
   7.6483014e-06   2.0753271e-03   9.2672123e-15   1.8644914e-48   1.0524638e-04   3.0740743e-13   2.9856454e-20   1.3824147e-05   8.6777546e-03   2.7952365e-11
   4.6456242e-06   1.9951497e-03   5.2763903e-15   3.2788311e-27   1.1965312e-04   2.2033515e-13   3.6046480e-19   1.4096351e-05   9.5393866e-03   1.5567452e-12
   2.1478430e-06   1.8221299e-03   2.4614508e-20   5.8541072e-28   1.0823309e-04   3.0487026e-10   8.6502616e-16   1.4446117e-05   9.4376334e-03   9.7820310e-10
   1.4289119e-05   1.7342215e-03   5.6458240e-21   2.1169856e-43   1.3092887e-04   5.6229214e-11   4.5968015e-17   9.3310713e-06   7.2580453e-03   1.3905470e-07
   1.5810362e-05   1.6620536e-03   1.6101943e-12   3.3008425e-21   9.8547631e-05   9.3981370e-07   1.6777400e-21   1.3595069e-05   8.8686856e-03   5.0407004e-14
   2.1050713e-06   1.6499901e-03   1.9303292e-14   1.2742096e-17   8.0303208e-05   1.4628203e-04   1.9267314e-16   1.7464112e-05   1.2923027e-02   2.6994201e-13
   8.6155177e-06   1.4457808e-03   3.7929116e-17   1.5130681e-14   8.9897079e-05   2.1039920e-04   1.2444884e-14   2.7754511e-05   1.5698038e-02   1.3074954e-08
   6.0721202e-06   1.6503592e-03   2.8350340e-15   1.6819573e-30   1.2899538e-04   7.9322003e-05   6.4591111e-18   2.7262874e-05   1.0673396e-02   1.5837634e-09
   1.2182224e-05   1.9967807e-03   5.3652885e-16   8.5323558e-25   1.2793924e-04   3.2589018e-05   1.9203132e-25   2.9385303e-05   5.0821436e-03   2.5072774e-12
   5.8419984e-06   2.4301903e-03   1.4934198e-16   4.4442526e-29   8.9165008e-05   1.1611922e-04   1.3119951e-20   1.9207651e-05   4.1089012e-03   6.2410063e-12
   3.3320726e-06   2.1088711e-03   1.6292471e-15   1.1663472e-20   8.8203212e-05   3.2198218e-05   1.6518549e-19   2.1030172e-05   7.8913982e-03   4.2735414e-10
   7.0175451e-07   1.6862992e-03   2.9392266e-13   2.1530040e-15   8.1428972e-05   1.5776917e-07   1.6019650e-20   2.9800947e-05   8.5093039e-03   8.9455719e-11
   1.9452787e-06   1.7873084e-03   9.9327510e-12   2.3219964e-28   9.5400715e-05   4.6151929e-14   4.2490357e-22   3.1944845e-05   1.0102519e-02   4.4966375e-15
   2.0804288e-07   2.2061772e-03   8.6758092e-12   1.3205748e-26   5.9299499e-05   1.8463896e-16   2.8655636e-21   2.9414597e-05   8.4388506e-03   6.5813058e-25
   1.3861010e-06   2.2072721e-03   2.4428330e-11   3.5069779e-27   4.6653457e-05   1.5257660e-13   4.4081530e-20   6.6450303e-05   4.0057421e-03   6.4610896e-20
   8.0906147e-06   1.9327894e-03   1.2260323e-12   1.6450280e-35   6.8034647e-05   4.2893058e-09   3.1547741e-15   5.8533203e-05   6.2176992e-03   3.2268909e-16
   1.3284933e-05   2.4919452e-03   6.6897069e-12   5.6697554e-40   5.9995833e-05   6.0096336e-08   3.9013363e-22   3.2255595e-05   4.0455603e-03   8.9059439e-16
   1.1334395e-05   2.6756313e-03   5.0930545e-10   1.9425486e-29   6.7928009e-05   2.7979217e-09   4.3743351e-23   3.9117741e-05   2.8865041e-03   3.7945321e-15
   4.6474878e-06   2.0831209e-03   9.7718502e-16   9.9719999e-34   9.4577255e-05   1.2668971e-11   5.6386653e-23   3.6604803e-05   8.4101848e-03   4.9831209e-18
   1.0446853e-05   1.4682680e-03   3.4076431e-10   3.8409016e-27   7.8034732e-05   5.1725231e-13   1.1644544e-11   3.2424082e-05   1.1242314e-02   1.3569426e-12
   9.4081585e-06   1.6358746e-03   1.5473631e-08   1.8625410e-37   3.4383158e-05   3.9920448e-10   5.1171349e-18   5.0153301e-05   8.9813273e-03   8.2028714e-13
   3.8119914e-06   1.7904815e-03   1.8877811e-09   2.1495463e-36   3.8799763e-05   2.2022787e-07   5.1522295e-18   6.6282544e-05   6.4104582e-03   2.6564987e-15
   5.1452655e-08   1.7857491e-03   2.3782849e-09   8.8179334e-31   5.3803094e-05   9.8705724e-10   1.4921565e-15   8.9221079e-05   5.7360200e-03   3.0225305e-17
   8.1715238e-06   1.9608304e-03   1.2035730e-10   1.7496429e-29   6.1113439e-05   2.3014481e-05   7.4443270e-13   8.9745164e-05   6.5024175e-03   2.1816242e-13
   9.1877828e-06   2.1233482e-03   1.5764140e-12   8.1149725e-39   8.3193372e-05   9.5220980e-05   4.0273121e-19   8.2797610e-05   4.6191101e-03   2.1597257e-11
   8.1567072e-06   1.5173031e-03   1.4918277e-13   1.8061880e-36   7.7257099e-05   3.1952645e-04   2.4789091e-16   7.8484273e-05   6.3020582e-03   2.1648251e-08
   4.7270222e-06   1.5417488e-03   2.3761626e-11   1.0911856e-38   7.9222577e-05   2.3680715e-04   5.3127572e-12   1.1666926e-04   4.5959616e-03   7.8556586e-11
   6.8192189e-06   1.4180021e-03   2.6775459e-10   1.6844711e-23   9.4364371e-05   1.2787320e-04   1.4226683e-07   1.2274866e-04   4.5704360e-03   1.2979629e-13
   1.1740116e-05   1.5428984e-03   5.9433098e-07   1.6830285e-13   1.0294624e-04   5.2124704e-05   4.4613659e-09   9.5003418e-05   6.6352134e-03   1.0404128e-13
   3.2646073e-05   1.6341517e-03   7.0598902e-05   1.0962952e-34   9.4334730e-05   4.0962946e-11   2.0496554e-16   7.3440452e-05   9.6767126e-03   1.1617496e-15
   9.8863587e-06   1.6745403e-03   6.3423703e-05   5.7924295e-45   9.3302307e-05   1.3769098e-13   5.0169756e-09   7.3559966e-05   9.5184635e-03   1.8321295e-12
   3.1880247e-06   1.6589733e-03   6.6962112e-11   7.6472059e-33   9.7972499e-05   7.0391919e-12   3.9078977e-05   9.9785823e-05   7.7444718e-03   1.1343392e-11
   1.9344138e-05   9.7307500e-04   1.3007128e-04   7.7621500e-29   7.6379666e-05   6.0511512e-09   6.5233739e-05   1.1012889e-04   1.2819459e-02   2.3305246e-07
   3.0274548e-05   7.5509057e-04   1.1666708e-04   1.8665908e-31   6.0262721e-05   7.6762844e-05   1.1802422e-04   1.0130225e-04   1.4519441e-02   6.5998884e-07
   3.2648139e-05   9.5435156e-04   5.8922314e-07   1.8947179e-27   7.1686881e-05   8.1679672e-06   1.7087227e-04   1.0356278e-04   1.2423323e-02   1.8223387e-06
   3.4448878e-05   1.3201021e-03   1.3178988e-10   3.1725297e-19   1.2813368e-04   1.7831349e-11   5.3803380e-05   1.2387417e-04   9.4268469e-03   3.7355793e-08
   1.1729910e-05   1.3551054e-03   4.1393367e-09   1.3250625e-23   1.2123624e-04   1.4454973e-16   1.8866082e-05   1.6651400e-04   6.9347168e-03   4.1939369e-10
   5.6006343e-06   1.2220344e-03   2.0648443e-08   1.1141544e-56   7.2238025e-05   5.6209108e-24   1.8945008e-05   1.9077465e-04   1.3045116e-02   2.6344078e-07
   3.1091552e-05   1.3521943e-03   5.4521434e-05   8.7405284e-43   9.8949163e-05   6.1543516e-19   4.2523227e-05   1.4058465e-04   1.3808258e-02   1.5031255e-08
   2.2224000e-05   1.4391919e-03   1.5578792e-04   9.4716728e-25   8.7878669e-05   1.5839368e-12   2.9174592e-05   1.7317976e-04   9.6893047e-03   7.9495890e-09
   1.0954451e-05   1.2785784e-03   2.1133985e-05   5.3597477e-24   8.3236538e-05   2.2740330e-07   9.4862932e-05   2.0724819e-04   9.4118499e-03   5.7130847e-06
   4.2279726e-05   1.3741086e-03   6.7532386e-06   9.6910072e-38   8.1655044e-05   2.7231273e-07   9.3655991e-05   1.7324076e-04   7.3317093e-03   2.9423962e-06
   5.7563088e-05   1.2886976e-03   1.7347345e-04   1.3578731e-32   6.8809568e-05   4.9679567e-04   6.4649508e-05   1.2990292e-04   5.8537402e-03   2.0899013e-06
   8.5240552e-05   1.1610582e-03   2.3718808e-04   2.8146477e-39   8.6405266e-05   3.1916179e-04   6.5680410e-05   1.7631479e-04   6.6199886e-03   5.3321203e-08
   1.3952269e-04   1.3927874e-03   2.7968621e-04   2.7716934e-36   5.2526956e-05   4.8338359e-05   4.3915238e-05   2.1884951e-04   4.4010590e-03   6.5122751e-11
   1.6215405e-04   1.6699172e-03   2.0760901e-04   9.2124288e-50   7.4877280e-05   2.7416270e-05   1.4481313e-05   1.9696485e-04   4.5443091e-04   1.2026492e-08
   9.7066134e-05   1.6725955e-03   1.4248974e-04   3.6716535e-42   1.0551864e-04   2.6523745e-10   8.9912552e-05   1.2835540e-04   3.6612226e-03   2.4284334e-09
   8.6604393e-05   1.3386599e-03   5.5176965e-04   7.5208345e-23   9.9882256e-05   3.2101408e-24   2.1087506e-04   1.1825297e-04   6.0338461e-03   9.8253393e-08
   9.7000062e-05   1.3296887e-03   5.9720037e-04   6.7944591e-31   1.0051257e-04   1.2365899e-24   1.6373078e-04   1.4617073e-04   7.0090663e-03   5.8044078e-10
   3.3968446e-05   1.4339620e-03   3.6539280e-04   7.8139986e-47   9.2200372e-05   7.0960978e-18   1.4525468e-04   1.4100762e-04   5.4107362e-03   1.6216574e-09
   5.7436884e-05   9.8923744e-04   2.3528647e-04   6.9277621e-41   9.4505097e-05   4.8403125e-16   2.0834853e-04   1.4284120e-04   9.0207070e-03   1.2437691e-08
   1.2286920e-04   9.8072659e-04   4.0332688e-04   1.4425426e-36   9.2331664e-05   9.5271526e-15   1.9728725e-04   1.5083058e-04   6.3966479e-03   2.9944310e-06
   6.1912366e-05   7.6919980e-04   6.3328741e-04   1.2436478e-22   7.4402171e-05   2.7680315e-08   1.6542704e-04   1.4731859e-04   6.9126188e-03   9.9594092e-06
   5.5864429e-05   8.3896093e-04   6.1831643e-04   1.9322663e-25   7.5117845e-05   3.0525825e-11   1.0540171e-04   1.0139901e-04   7.0878535e-03   5.0163218e-06
   3.0319220e-05   6.2285630e-04   8.6886733e-04   6.1957430e-35   7.9574612e-05   9.7299483e-17   3.2317080e-05   1.9294681e-04   3.6756441e-03   2.1298161e-06
   8.3306176e-05   8.8231619e-04   5.5510681e-04   8.5048465e-29   1.0648694e-04   8.3253573e-15   1.4853727e-05   1.8312111e-04   2.6365252e-04   1.9162293e-08
   9.7935500e-05   7.4587278e-04   5.6160739e-04   6.3168718e-31   8.5579549e-05   7.2556581e-18   1.4089539e-05   1.0825758e-04   3.2101788e-03   5.1054184e-06
   1.0778809e-04   1.0602253e-03   6.9210584e-04   3.6545509e-35   4.8561946e-05   2.6936079e-14   4.2676991e-06   8.0245999e-05   3.1024113e-03   9.5369372e-11
   9.8362338e-05   8.0695491e-04   5.6767903e-04   9.5746339e-37   5.7827158e-05   8.2998529e-05   9.3148109e-06   6.9155615e-05   4.6574298e-03   5.1775998e-09
   6.9601809e-05   6.6650084e-04   3.6059690e-04   5.1132801e-26   7.2025285e-05   3.4376447e-05   3.5725923e-07   8.0474816e-05   6.9101156e-03   6.5228795e-11
   7.8626034e-05   8.0597081e-04   4.2041390e-04   5.6455751e-30   4.2102231e-05   5.4047266e-10   1.0065796e-06   4.2273876e-05   7.3835759e-03   4.9413611e-12
   6.4359663e-05   9.3410396e-04   3.8061105e-04   1.0096825e-30   6.5840330e-05   5.3012538e-06   2.3550692e-07   4.7920755e-05   4.1451714e-03   7.5096784e-09
   7.5322148e-05   1.0062803e-03   3.5702685e-04   8.1335469e-34   5.7131882e-05   1.3903149e-12   3.0577179e-06   7.3306439e-05   2.1667148e-03   1.9191121e-12
   1.0507489e-04   9.9547958e-04   3.7110290e-04   5.8972251e-31   3.7230163e-05   5.9388806e-18   7.0941633e-06   4.0333906e-05   2.2823725e-03   3.7400057e-14
   9.4347550e-05   8.9690200e-04   3.1847314e-04   4.2546157e-36   5.3793152e-05   1.0077543e-20   2.3691840e-05   3.9119771e-05   3.9244102e-03   8.6005234e-09
   3.5817449e-05   6.5332056e-04   5.3250346e-04   4.0742610e-46   6.1250561e-05   9.0155772e-28   1.5535807e-05   6.0503321e-05   4.8770663e-03   2.8797885e-06
   2.6014150e-05   9.1903767e-04   5.1834056e-04   2.1396254e-39   6.4517665e-05   2.0313806e-11   3.3257844e-07   5.7696919e-05   2.2246886e-03   9.4872254e-06
   3.2378900e-05   9.0017929e-04   4.3398960e-04   2.2922096e-46   4.3211177e-05   6.6528684e-11   4.2607527e-19   6.4476281e-05   1.7835405e-03   3.0616734e-08
   2.7821624e-05   7.0680672e-04   4.0783787e-04   4.4449532e-32   4.6859919e-05   8.4047324e-13   1.6625225e-14   5.8151034e-05   2.8646689e-03   1.7929183e-07
   2.5161619e-05   7.9719990e-04   2.4390076e-04   3.2235138e-40   4.3673103e-05   1.8235173e-16   1.1153606e-20   4.7791407e-05   2.9713356e-03   9.5617466e-10
   2.5317626e-05   7.4927311e-04   2.5715590e-04   3.7800600e-46   3.3827782e-05   2.2489786e-07   6.6138652e-20   4.6559970e-05   1.9902606e-03   1.0241665e-12
   3.8246400e-05   6.7061481e-04   3.7621351e-04   1.7880404e-48   3.0256022e-05   2.3644896e-07   9.0995162e-24   5.1331908e-05   1.3269506e-03   6.3096181e-13
   3.9280833e-05   5.7030037e-04   3.5207447e-04   4.4426969e-61   3.7320506e-05   7.6822738e-11   4.7048986e-19   4.9679044e-05   2.4007077e-03   6.2682958e-18
   2.3460540e-05   5.7835668e-04   2.2362946e-04   3.7007222e-54   3.4654411e-05   8.1916491e-11   8.9626844e-13   4.6778784e-05   3.2951230e-03   3.6112150e-13
   2.6255602e-06   5.7412025e-04   2.6845301e-04   3.1842615e-52   2.5377691e-05   7.0662019e-09   5.6149049e-15   5.4887352e-05   3.5109540e-03   4.2103907e-19
   4.7015688e-06   5.6326977e-04   2.9121335e-04   1.6432462e-46   2.1131527e-05   4.8829223e-10   3.5864872e-11   5.5274755e-05   3.8823245e-03   1.5873345e-25
   2.4477453e-05   7.2981149e-04   1.7171814e-04   1.0796672e-63   3.5833533e-05   3.5301771e-13   3.0149313e-11   3.3629174e-05   2.2124054e-03   6.4010864e-21
   2.3399223e-05   7.3661655e-04   1.1576599e-04   1.5351438e-64   6.1545492e-05   2.5835782e-12   5.7463344e-22   3.9480721e-05   1.2419398e-03   3.7687562e-22
   1.4234074e-05   8.2080624e-04   6.1282515e-05   4.1459798e-59   4.9707563e-05   3.7788038e-09   3.5830173e-19   4.2578110e-05   1.4144662e-03   4.4544679e-22
   7.1451277e-06   7.9441142e-04   4.5506088e-05   2.8069187e-39   2.9007874e-05   9.8172672e-12   8.0222544e-14   4.6311202e-05   2.2239039e-03   6.5531982e-27
   1.6260959e-06   6.1039291e-04   1.7068819e-05   1.8225346e-34   3.6505396e-05   4.0745072e-09   1.2087045e-07   4.8952795e-05   2.1393673e-03   2.4414432e-19
   3.1765258e-06   5.0891510e-04   8.4423766e-05   1.4317208e-37   5.0687714e-05   9.3032534e-13   4.7919979e-10   5.6771078e-05   1.5410127e-03   3.3483649e-20
   9.5124313e-06   5.4131929e-04   1.5109171e-04   6.6998314e-45   6.4192143e-05   5.6492591e-15   2.5068771e-12   4.2450006e-05   2.4220717e-03   3.9386376e-21
   1.0267963e-05   5.3444907e-04   1.6097769e-05   1.8925216e-33   4.4091512e-05   2.5795675e-06   3.4631960e-11   4.3867723e-05   3.0679536e-03   7.4918610e-19
   4.6791062e-06   5.2471627e-04   1.0835646e-10   3.6577008e-26   4.5659626e-05   7.2124345e-06   6.1847257e-18   4.3968237e-05   2.3341117e-03   3.6214989e-22
   3.0201991e-05   6.4661577e-04   1.6978123e-08   2.8088126e-39   2.2829134e-05   1.5016569e-05   6.8411258e-18   3.0008126e-05   1.1003292e-03   1.0197650e-18
   2.5604151e-05   6.8603098e-04   6.7377656e-05   8.9683203e-50   2.0125195e-05   9.1827292e-07   4.6090320e-26   2.6753350e-05   3.8582550e-04   5.3038746e-21
   5.9996267e-06   5.7718259e-04   5.9865536e-05   7.4094430e-46   1.1464360e-05   2.4148716e-11   2.8797334e-29   4.3352273e-05   6.2713432e-04   6.6063853e-27
   5.8591287e-06   4.4798079e-04   1.8020537e-05   2.7983419e-52   1.2155372e-05   1.0209580e-13   2.7504484e-20   4.2780957e-05   6.2403168e-04   1.5765763e-27
   9.0900739e-06   5.2083144e-04   4.8527263e-11   6.9786956e-39   2.1805380e-05   1.0315278e-09   4.5950839e-15   3.9290583e-05   5.1488340e-04   1.0336191e-31
   9.1987663e-06   4.7805040e-04   6.2441463e-08   7.1158999e-27   2.7627555e-05   4.3489513e-09   1.1238607e-08   3.3004958e-05   9.5501359e-04   1.1584659e-25
   6.9796145e-06   4.0880631e-04   1.8774376e-06   6.6314752e-19   2.0103973e-05   4.5357639e-10   2.6551992e-10   4.1528045e-05   9.8957422e-04   3.0809984e-22
   2.8970103e-06   4.0152155e-04   5.0678674e-08   4.9829926e-22   2.1184246e-05   1.5318777e-08   2.6298792e-16   3.8009586e-05   1.1556217e-04   1.5653461e-21
   4.9058485e-06   3.3728630e-04   3.6686412e-06   7.6422822e-37   2.2662166e-05   1.3754978e-09   2.0003030e-15   2.9494875e-05   5.9752003e-04   4.8759955e-26
   1.4230317e-05   3.8020992e-04   1.4396150e-05   1.2889962e-39   2.4693857e-05   5.6813409e-09   1.0074696e-11   2.9959231e-05   6.7635266e-04   5.0747925e-27
   1.8661302e-05   3.0386483e-04   1.1112306e-05   1.1956955e-36   2.1292846e-05   2.3180757e-06   1.5144349e-06   3.9219862e-05   5.5037318e-04   2.2987987e-25
   1.5238965e-05   2.7698539e-04   2.0894670e-05   5.4115752e-25   1.9959229e-05   2.4314511e-09   9.1150951e-06   3.0473431e-05   5.7953943e-04   2.7383430e-20
   1.3146301e-05   3.4311813e-04   1.5400927e-05   2.0213934e-37   1.3413510e-05   5.3351446e-08   4.6024947e-07   2.0860043e-05   6.9635243e-04   1.9474645e-22
   6.6894116e-06   3.3601228e-04   1.7990687e-06   3.6004192e-40   1.2834826e-05   1.8018562e-06   1.0128608e-11   2.2634092e-05   9.4030417e-04   1.8919221e-23
   4.2829789e-06   2.6686577e-04   7.2255103e-07   2.5132707e-57   1.1188475e-05   8.3413183e-08   3.8776192e-10   2.5528738e-05   8.6822395e-04   7.0900033e-23
   7.5949598e-06   2.5109574e-04   3.0901051e-06   6.1809666e-47   1.1892555e-05   1.3461871e-17   6.1085423e-07   2.4990698e-05   9.8074200e-04   1.2749075e-21
   5.5047067e-06   2.8441836e-04   9.4113874e-06   9.5855374e-45   9.4786036e-06   1.6355592e-09   3.6055966e-08   2.2724300e-05   1.2651122e-03   2.0133850e-23
   1.9818989e-06   3.1671530e-04   4.2724149e-08   1.5820613e-39   1.6086529e-05   2.1122461e-09   5.0381430e-13   1.9904580e-05   1.2671250e-03   1.4176315e-22
   2.1974048e-06   2.8731341e-04   3.4626303e-05   2.7878192e-46   1.9213477e-05   3.1989662e-07   1.6592260e-22   1.6798525e-05   9.8317800e-04   8.9381575e-24
   2.2607869e-06   2.6337637e-04   3.5329870e-05   2.0137115e-41   2.1387313e-05   4.6983487e-09   2.1980589e-17   1.7221523e-05   7.9970742e-04   5.6392127e-20
   9.1500150e-06   2.5158452e-04   4.8643441e-07   1.1042272e-52   1.9059250e-05   5.3412698e-13   1.9335962e-15   1.8031025e-05   3.6765623e-04   7.9049219e-19
   7.4760939e-06   2.1234486e-04   2.1957770e-05   2.2057779e-48   1.3550242e-05   6.1795241e-13   9.5393212e-18   2.0614965e-05   8.4664710e-05   5.7089316e-19
