   1.3972324e-03   6.8191949e-05   7.6676670e-03   5.5687254e-03   1.1819661e-05   2.6973032e-03   2.6047153e-02   7.4486032e-05   8.2782765e-03   3.2490133e-03
   1.2069289e-03   1.4528975e-05   5.5824639e-03   5.0063517e-03   3.5758581e-04   1.3284523e-03   1.8737993e-02   9.9831541e-06   7.3998097e-03   1.4779197e-03
   5.6830502e-04   4.8963342e-08   4.3405542e-03   3.0517673e-03   9.8175672e-04   6.3296854e-19   2.6111537e-07   2.6392482e-09   6.0751769e-03   2.4622597e-04
   5.4471352e-04   7.7766221e-07   4.0393883e-03   2.0013412e-03   2.3050949e-05   1.2249537e-19   6.3438507e-16   2.9322428e-11   5.0032563e-03   2.4483647e-04
   5.3852196e-04   1.1128099e-07   5.6753372e-03   1.8409240e-03   4.6347833e-04   3.1957261e-32   8.0617483e-21   8.5802766e-10   4.5800149e-03   1.1010239e-09
   3.6954375e-04   1.1634063e-07   8.1097201e-03   1.6753940e-03   7.0720955e-04   6.0386707e-31   9.0179751e-17   1.5492258e-15   3.3727306e-03   1.4218464e-04
   2.0060888e-04   9.5504818e-05   1.2324234e-02   1.4119974e-03   8.2809101e-04   8.2820827e-43   4.0220819e-16   2.7175940e-18   1.9088015e-03   1.5992466e-27
   2.2222051e-04   3.8052680e-04   2.6083512e-02   1.0786710e-03   4.2722166e-04   1.0766123e-66   4.7907578e-16   9.4552059e-26   6.3096557e-04   2.6917540e-34
   4.3059553e-04   3.2483431e-05   3.5879300e-02   6.0066273e-04   1.2252589e-04   5.2907064e-88   2.8666497e-18   7.4444115e-24   7.1363180e-05   3.4641351e-24
   9.9231207e-04   7.4654338e-07   2.7031245e-02   5.4156461e-04   2.5662499e-06   7.7378719e-74   2.4726525e-25   2.6975250e-27   1.0444461e-04   1.9540403e-03
   1.8897288e-03   3.4817122e-12   1.8050485e-02   4.2011168e-04   4.4467930e-22   2.2085757e-63   1.0902637e-20   3.7146351e-21   1.9433972e-05   2.3268514e-02
   3.1669353e-03   5.9469280e-18   3.0415097e-02   5.2082578e-04   1.9185488e-21   1.4879256e-81   1.3002868e-24   1.3620910e-27   4.2547264e-04   3.7257613e-02
   4.1210394e-03   8.7177459e-16   5.6924465e-02   1.2661351e-03   2.0512522e-13   4.5806248e-59   1.0744223e-07   9.7153505e-29   2.1126753e-03   1.5926321e-02
   4.8417734e-03   3.0481992e-15   5.1791468e-02   2.3620548e-03   1.1327549e-06  5.9371042e-106   6.4126668e-12   5.3233389e-37   1.7643419e-02   4.1687855e-08
   7.0017192e-03   1.6288980e-20   2.3653166e-02   1.9906918e-03   4.8244217e-03   4.0761341e-79   3.0820216e-15   5.5903108e-30   5.7286715e-02   2.4480788e-12
   3.4388317e-03   5.7398044e-18   4.8562903e-03   6.2636031e-04   1.9299406e-02   1.3589921e-33   1.8936421e-21   2.2378868e-06   1.5508620e-01   5.0025115e-20
   9.7382851e-04   1.7995135e-06   4.6742096e-04   9.5681103e-05   1.5705723e-02   3.1561942e-17   1.7826048e-20   6.3150819e-03   2.1782664e-01   5.4074220e-15
   3.8468916e-04   1.0653294e-09   2.2909446e-16   9.9143288e-05   8.1380106e-03   3.7349011e-31   1.2098005e-08   5.2564127e-02   1.7246043e-01   2.8923421e-04
   7.5412946e-04   7.4655785e-09   7.0245706e-07   1.5722823e-04   3.5540220e-03   1.4978478e-10   9.7425859e-07   9.7725852e-02   5.7622391e-02   7.8050976e-04
   1.4263229e-03   2.1102177e-04   8.8811891e-06   1.2017291e-04   3.6492981e-03   1.4894267e-02   1.6620960e-07   9.1343608e-02   6.8939476e-03   5.1642261e-03
   1.7084304e-03   1.0161756e-03   1.1073380e-05   1.6213466e-04   1.7807886e-03   3.8216302e-02   3.4214164e-13   6.9059289e-02   1.0482333e-03   4.6885193e-02
   1.6816845e-03   7.5805816e-05   6.4181282e-03   2.0539649e-04   1.0477322e-04   3.5071298e-02   3.4228738e-08   3.9244525e-02   7.2779612e-04   2.0215005e-01
   2.6549757e-03   2.3231932e-04   3.2723475e-02   1.7255828e-04   1.2944287e-05   1.2831612e-02   1.4504184e-10   1.6061961e-02   4.9337789e-05   2.4527230e-01
   3.0933921e-03   7.0834741e-04   1.0157909e-01   1.7268400e-04   2.4936456e-06   1.0974124e-13   2.7273472e-08   6.8223765e-03   5.8063388e-05   9.6572698e-02
   3.0244141e-03   5.0707003e-03   1.2470832e-01   1.5982903e-04   1.7268075e-11   8.5891183e-16   4.2109747e-11   3.6013293e-03   6.6858900e-07   1.5502533e-02
   3.5254665e-03   5.5054163e-03   1.0324562e-01   2.0006657e-04   4.7979168e-13   1.6919055e-16   8.1326241e-10   1.6019123e-03   1.8633998e-05   6.1553516e-03
   5.2807095e-03   5.8346444e-03   8.2642218e-02   1.6045559e-04   1.7720042e-05   3.0669871e-19   7.2099438e-07   3.3535190e-04   2.6395086e-09   1.1507342e-03
   6.7607531e-03   6.0242602e-08   6.8851216e-02   6.8714024e-05   4.1865341e-05   3.3715856e-08   9.1016913e-08   7.8572652e-05   8.4337602e-13   4.5944722e-20
   1.3102542e-02   1.6323847e-17   4.8250604e-02   3.5061555e-10   1.1349921e-07   4.7242628e-14   4.1117653e-17   6.0114745e-21   2.7905035e-18   5.7651448e-35
   1.7747818e-02   4.3931740e-30   2.4997862e-02   4.7798943e-16   5.9537109e-04   6.4804905e-21   6.9979125e-22   5.7669382e-33   2.0290422e-11   2.8217222e-24
   1.2136851e-02   2.3718195e-20   1.2349623e-02   5.3532973e-16   2.5653398e-02   1.2635727e-34   2.2482808e-26   2.2446102e-43   1.1867457e-02   5.3514486e-04
   7.2253342e-03   5.8432155e-14   3.0720903e-03   2.5073214e-07   4.8583828e-02   1.0069732e-56   4.8068847e-19   4.6035864e-54   2.9947349e-02   1.1424316e-02
   8.6101648e-03   8.0595952e-11   1.3477273e-17   3.1999282e-08   6.1440299e-02   6.6774428e-53   1.7983197e-18   3.5368370e-43   1.8463164e-02   2.3201805e-02
   8.6082890e-03   4.8782333e-09   1.1234022e-19   4.7172811e-09   5.5611075e-02   1.7874781e-48   1.0783200e-14   3.2645350e-28   1.3618978e-02   2.6145874e-02
   7.9612662e-03   3.1618431e-08   2.2475986e-16   1.1944932e-10   3.8154993e-02   3.1365082e-39   9.6679303e-11   5.8428865e-07   1.8231412e-02   8.2398631e-03
   6.1565062e-03   2.6272969e-02   2.3446522e-05   9.1820885e-13   1.9741240e-02   2.5673809e-42   2.2912861e-09   1.0189941e-02   9.5493113e-03   1.6373899e-03
   5.7043906e-03   5.6031428e-02   2.7824084e-04   8.7936770e-12   2.5837099e-03   1.8840980e-32   1.4001752e-09   1.7864185e-02   7.8847023e-05   8.4053046e-09
   4.3957631e-03   9.5903205e-02   5.1946346e-05   2.6702599e-08   7.7881633e-07   2.0760105e-25   7.5327981e-09   1.0048819e-02   2.3136342e-10   5.0751767e-17
   4.5010223e-03   1.2551437e-01   6.5962278e-04   1.0736484e-05   3.4222003e-07   1.7043376e-12   3.2797105e-04   3.3308741e-03   9.0162854e-13   4.9222171e-29
   4.0615007e-03   1.7918003e-01   4.8879446e-06   8.4248517e-05   1.1664800e-14   2.6870430e-02   9.4949507e-06   6.2236834e-04   6.0515366e-17   4.1610799e-34
   5.2111203e-03   2.0102555e-01   3.9423894e-10   4.6795461e-09   4.8220463e-14   7.7517876e-02   7.9526553e-10   2.7737097e-16   3.3825423e-27   5.1884166e-13
   8.6229943e-03   1.0453324e-01   4.3440148e-11   5.4662407e-15   6.5732836e-11   1.1475151e-01   1.6662940e-15   8.6291353e-10   3.1442965e-40   6.6499375e-03
   1.3747244e-02   1.9183832e-02   1.9968681e-15   4.0079846e-22   3.3672384e-16   8.9640799e-02   1.0871205e-23   3.7488610e-15   9.9027755e-52   2.8232616e-02
   1.6958976e-02   2.3937784e-14   1.7842540e-32   2.3780759e-27   9.3142385e-23   2.9509125e-02   7.1389585e-33   2.9667704e-27   6.2426368e-53   3.9095611e-02
   1.5562325e-02   1.6831168e-28   2.1915620e-17   2.0274771e-27   6.5051885e-24   3.0011238e-03   6.2434606e-33   3.2524268e-43   2.5604830e-46   2.7942044e-02
   1.3237523e-02   1.8720477e-21   3.6686657e-04   3.4429142e-23   1.6420288e-21   2.7109598e-03   2.3498745e-26   2.6958574e-52   7.1189480e-30   1.6364518e-02
   1.0417615e-02   4.8846287e-23   4.4915926e-03   3.0596937e-23   2.8106320e-15   1.8276803e-04   2.8447270e-25   3.4826189e-58   3.0208402e-06   4.6162497e-03
   8.0814553e-03   1.6591115e-16   5.9992361e-03   1.4657458e-16   4.3288911e-06   2.6427378e-04   1.7362798e-14   5.9166071e-56   2.0326674e-03   1.0104178e-03
   6.8981445e-03   4.5324326e-16   4.0827677e-03   9.4426343e-14   1.1461391e-04   2.4214380e-04   1.0763949e-08   3.2758984e-45   1.6299832e-03   6.8734313e-08
   6.6605425e-03   2.0277572e-15   2.1420683e-03   3.7354829e-08   3.5110348e-06   3.4982540e-07   6.5846650e-12   2.4546802e-35   2.6555554e-04   5.9396058e-15
   5.2473065e-03   5.8287352e-17   7.2268217e-04   1.0902113e-06   2.8980029e-11   7.3847834e-04   5.6252746e-06   1.3757906e-27   1.3888812e-03   1.0304785e-24
   4.3475072e-03   1.4545407e-13   5.7036722e-05   1.0126669e-07   1.6241249e-25   1.6736443e-04   3.9123922e-08   1.7086284e-22   2.8419017e-03   2.6079757e-06
   5.0234123e-03   8.0227832e-10   5.7661233e-04   3.9444174e-08   2.8575222e-29   1.3359879e-04   1.0911945e-08   2.5085667e-13   1.5512131e-03   3.1175289e-04
   6.1027781e-03   3.0426046e-15   3.7596683e-05   3.3103387e-09   3.5974890e-35   2.3569038e-03   1.9334401e-12   4.8273321e-05   8.4409992e-10   3.5002980e-03
   5.1049504e-03   6.5338602e-19   1.0813945e-04   2.2102836e-08   1.9245005e-24   7.9813995e-03   5.4782404e-07   9.1715649e-04   1.1094157e-12   7.1009727e-03
   6.7363280e-03   1.1332039e-17   5.9939466e-06   8.8303018e-13   6.3231114e-29   1.0936821e-02   9.6374566e-11   4.2385847e-04   9.9630132e-26   4.3326486e-03
   7.5900309e-03   5.9346643e-19   9.1637591e-06   8.1957175e-12   5.4176015e-29   1.8430391e-02   3.9665462e-10   2.6299252e-13   7.7657223e-26   1.1099353e-03
   8.9329369e-03   3.4019840e-30   2.2908597e-04   8.3281256e-17   7.2878360e-38   2.2441184e-02   5.3385983e-10   3.4406910e-42   3.8033004e-36   1.6234923e-05
   8.4971169e-03   1.3710989e-22   1.4343686e-05   7.9846086e-19   2.1013995e-40   2.6291198e-02   1.8739252e-15   4.2763104e-28   3.5550261e-33   2.1799660e-14
   6.8670294e-03   3.4091870e-13   2.1798169e-04   7.4468204e-10   4.7876071e-35   3.8389491e-02   8.6370670e-11   1.8839625e-19   5.1396947e-27   1.4075110e-24
   6.2623210e-03   1.0976044e-06   1.5335060e-05   5.8878724e-05   5.9032844e-25   5.0029176e-02   2.2060512e-06   7.3408289e-13   1.3662602e-14   1.6552197e-24
   5.8374821e-03   1.6981616e-09   4.7927602e-12   6.3723313e-05   9.2901422e-13   6.0491418e-02   1.4802810e-06   6.3545374e-05   1.4154459e-03   1.2768019e-30
   5.2780335e-03   8.3543461e-09   3.1119204e-15   2.7794941e-05   5.9783427e-11   6.4360901e-02   7.6758299e-12   1.2246594e-04   3.7629304e-03   3.9887549e-19
   5.5741535e-03   1.0685972e-07   3.4546392e-20   2.2486374e-05   9.2019956e-05   4.8413568e-02   3.8498533e-11   1.9550486e-04   4.6496159e-03   6.2123815e-13
   5.8464930e-03   3.3403181e-08   2.9680247e-23   4.9350326e-05   1.0244145e-03   1.9800615e-02   9.2015196e-15   1.9189578e-05   2.8587173e-03   1.0304864e-03
   6.2272988e-03   5.1679785e-13   2.7143240e-25   4.5839938e-05   3.0759204e-04   3.5456902e-04   3.9626709e-06   1.0126868e-17   1.6734014e-03   2.2111279e-03
   4.2995748e-03   2.0412449e-07   9.0684496e-23   3.2134334e-05   6.1525718e-04   1.3097912e-03   2.9952856e-04   1.3960019e-23   2.1398399e-03   1.4739056e-03
   5.0634285e-03   8.7146037e-23   9.1527177e-18   1.9404203e-07   2.4997348e-23   1.9305608e-04   2.7262221e-04   1.2729056e-29   1.1824131e-03   2.4936374e-04
   5.3644337e-03   6.2879206e-10   3.7443724e-20   1.7611392e-07   4.8563748e-22   1.7405250e-14   3.7191817e-04   1.1498856e-23   2.1850918e-03   1.1752979e-10
   5.2878904e-03   1.2053639e-17   1.6263211e-07   3.5368490e-05   6.4184454e-29   1.8595768e-32   2.2673767e-04   2.0926879e-15   1.8045988e-03   5.5556297e-18
   6.4112418e-03   1.5513839e-14   1.2723301e-09   5.5085798e-05   3.4346248e-24   1.4860605e-18   1.9719922e-11   5.1978599e-08   7.5420352e-09   9.1636333e-27
   6.5027523e-03   1.5397819e-17   2.4362441e-11   2.5304974e-05   1.2802688e-24   2.9830055e-16   6.9594437e-09   2.8843208e-06   9.8636409e-17   8.6733783e-44
   6.0962711e-03   6.4250285e-24   8.6166654e-11   1.7790503e-08   1.8085406e-23   1.8044123e-25   9.1657563e-06   4.5473953e-04   1.8015922e-22   8.1126117e-29
   6.2963043e-03   7.0313664e-11   1.1790987e-12   1.2476190e-08   1.2311765e-25   1.1938500e-09   2.1750474e-06   2.8441527e-04   1.2751507e-21   8.1198003e-21
   7.1834077e-03   4.7379062e-09   2.1588414e-20   5.2697490e-10   3.9920155e-28   4.0926901e-27   1.0042952e-07   1.5967492e-17   8.4809249e-30   4.6809783e-23
   7.1447492e-03   3.5900947e-04   2.4581528e-24   1.0424645e-13   1.4787103e-24   5.5831042e-25   3.7125484e-13   1.5798242e-29   8.0252110e-25   1.8857711e-04
   8.9194556e-03   2.1917002e-09   3.5247721e-33   3.6973630e-22   4.2127808e-29   1.3719241e-31   1.0088925e-24   3.4405845e-39   2.5751657e-26   2.7418467e-04
   7.6268147e-03   6.4509439e-15   1.3599583e-39   2.5684649e-13   2.4747888e-19   2.7909380e-11   8.7831714e-15   2.4668706e-28   2.3545989e-09   3.8832509e-05
   5.9276308e-03   9.9013089e-27   2.1661881e-21   8.3278402e-07   2.8417411e-06   2.4379666e-05   1.1258905e-11   2.1463748e-21   4.1683273e-04   2.6256233e-07
   8.5973575e-03   2.7296189e-16   9.7216462e-29   3.1022934e-14   7.5271589e-18   2.8592647e-03   1.3566345e-17   5.3881625e-23   1.7662292e-12   2.9183156e-24
   7.7267024e-03   1.8737811e-10   1.0870294e-24   1.7539437e-11   3.2620799e-08   9.5530232e-03   7.2612021e-12   3.7612722e-18   2.5347666e-10   1.4186386e-29
   7.0653003e-03   1.0201033e-16   4.9967202e-14   3.4002077e-08   7.7986114e-09   1.9822932e-02   2.4105423e-07   1.0208483e-13   1.7121718e-14   7.4395032e-29
   7.5009316e-03   8.0830084e-15   3.7369376e-18   2.0879415e-09   2.5668821e-24   2.1691485e-02   1.9679666e-08   4.8093716e-10   2.4515331e-18   6.5465612e-41
   9.0149828e-03   3.3477375e-19   2.4940889e-21   9.1389407e-12   2.3959808e-31   2.5640198e-02   4.5082752e-12   1.3392289e-09   3.0008263e-17   1.6205457e-38
   1.0308545e-02   5.0791536e-30   6.5029968e-21   8.7498417e-15   1.0412988e-33   2.8600099e-02   1.1817341e-17   1.0751614e-10   2.2324351e-13   4.4990277e-27
   1.2013989e-02   1.4001136e-30   5.5177219e-20   2.7810795e-12   5.5084521e-35   1.2167626e-02   1.6562211e-19   1.4598598e-15   7.7576946e-19   6.7772233e-33
   1.2190796e-02   4.5471940e-26   4.1256263e-19   1.1813638e-15   6.4925940e-37   1.6101748e-03   7.3213368e-18   7.3732516e-28   9.6742444e-27   9.0536171e-12
   1.0822876e-02   1.3372996e-17   5.3767797e-12   1.1780371e-11   8.8361393e-23   1.1695558e-03   1.1483852e-17   3.4523785e-23   1.8795369e-24   7.3040859e-20
   1.0600068e-02   9.6642354e-13   7.5589757e-15   2.4975744e-10   3.0285001e-21   7.1261456e-08   2.0960793e-21   5.8161944e-26   1.5781915e-33   3.8596760e-38
   8.5710506e-03   1.4074698e-06   8.1280838e-21   4.4338767e-07   3.9353320e-16   1.7534437e-31   2.7524156e-16   5.5817958e-23   8.1254701e-29   7.1562430e-44
   5.6660427e-03   5.0331953e-03   2.1530604e-14   1.7141913e-04   3.6280498e-04   1.6939545e-20   1.0907159e-08   4.7806824e-04   1.5376315e-15   1.0381214e-56
   7.2944809e-03   2.2141803e-09   1.4537651e-27   2.3505496e-05   4.9317106e-06   4.9506582e-41   1.0790747e-12   2.6515969e-04   1.4209994e-18   1.3205163e-56
   7.4881403e-03   8.6418149e-07   6.0468334e-24   2.7956147e-05   1.7458708e-04   2.5361930e-44   1.8733332e-21   1.9933899e-12   1.8304372e-17   5.1979779e-48
   3.8536689e-03   1.5685923e-02   1.9154541e-13   2.9048350e-04   2.1086289e-03   1.4437108e-22   2.3606452e-22   6.4340107e-15   6.8876655e-04   1.9618581e-50
   5.5015022e-03   9.0354867e-06   7.2963173e-25   1.1727210e-04   6.4300321e-03   1.1730435e-61   4.1454689e-21   1.6367981e-19   1.2499110e-13   7.1507307e-47
   6.3100680e-03   8.9683112e-09   1.2134069e-21   5.5016618e-05   8.9222370e-03   5.2721144e-51   1.9127080e-21   1.0597461e-15   3.9459848e-06   6.2186300e-51
   6.1845484e-03   1.7203734e-05   6.9994674e-11   1.7733878e-04   5.7077608e-03   1.3632458e-42   1.5129983e-29   3.4464036e-15   6.1097190e-04   1.8235401e-30
   5.9139478e-03   3.6966045e-06   1.2773055e-13   2.5999002e-04   1.2368586e-02   7.6648307e-25   1.1159481e-25   7.2251829e-13   5.1593134e-12   2.2122865e-19
   6.3427272e-03   8.5969115e-11   4.7488840e-11   1.7164375e-04   9.1842811e-03   2.3673092e-19   1.1448065e-27   7.8589070e-05   5.1718035e-15   3.6016408e-24
   7.4116012e-03   6.4828615e-10   1.1914664e-09   1.5906866e-05   1.5100895e-03   6.1888338e-23   5.7490036e-34   2.0339071e-04   3.1875216e-14   9.0450976e-44
   7.6121301e-03   4.1051394e-09   7.2260324e-13   6.7714591e-06   5.1291893e-03   2.7467558e-16   6.3419043e-23   4.0202647e-04   1.0269268e-12   1.9897070e-53
   6.1088101e-03   8.3530345e-15   1.5683570e-09   2.0424141e-04   4.4956520e-03   3.4951198e-07   5.2518839e-09   1.3496376e-03   2.5480683e-04   1.8782505e-49
   5.3395483e-03   1.7344014e-12   2.1105685e-18   2.7463499e-04   5.7632108e-03   9.8973880e-04   1.2512091e-06   1.7989424e-03   1.2459069e-03   2.1614835e-53
   4.4979616e-03   9.2831848e-09   2.4284408e-15   2.8608278e-04   1.0753582e-02   1.7285961e-03   1.6734807e-10   1.8891363e-03   1.1101003e-03   1.4977427e-46
   3.0856522e-03   3.5937722e-08   6.7232731e-12   5.0272080e-04   1.0100558e-02   1.4568289e-03   3.5820061e-04   2.6991044e-03   4.0506096e-05   3.9238276e-46
   2.7453130e-03   2.5410188e-13   6.7954380e-16   6.0557373e-04   1.2313261e-02   7.7207951e-04   1.0814344e-03   2.6070852e-03   1.7348027e-04   2.7809010e-41
   3.3200372e-03   1.9365356e-14   3.7337288e-15   7.3194023e-04   1.2919652e-02   8.7935276e-07   7.8702921e-06   1.8431845e-03   1.7515647e-07   1.4023616e-42
   3.0859263e-03   3.6301430e-13   3.3541288e-13   8.8309009e-04   1.6541432e-02   9.6149768e-09   2.5026105e-08   1.5057115e-03   5.8626486e-09   3.7619748e-16
   2.8367883e-03   4.4391626e-21   2.9286522e-15   7.8034271e-04   2.0285785e-02   6.2831580e-17   1.9456048e-09   2.2157448e-03   3.1523416e-10   2.6055554e-08
   2.0286691e-03   8.8302710e-22   1.1094680e-13   8.3202707e-04   2.3783205e-02   2.0538775e-25   4.9684955e-08   2.2141429e-03   3.8734524e-05   2.3346812e-24
   1.7588086e-03   4.0355595e-10   7.2058124e-12   1.0575312e-03   2.4718231e-02   1.2320551e-21   3.7808806e-05   1.4265007e-03   9.2839626e-07   1.5729124e-42
   2.1632894e-03   3.7323406e-11   8.2244131e-17   1.0202809e-03   2.5606780e-02   2.3333718e-27   1.3441170e-03   8.7019841e-04   4.2781165e-08   1.6695475e-57
   1.7309899e-03   2.8299113e-16   1.2720926e-11   1.4615070e-03   2.6064147e-02   4.2730993e-21   1.1190553e-03   7.4123344e-04   9.4014883e-12   2.4981704e-52
   1.9202608e-03   3.7485066e-05   4.1751218e-13   1.3763740e-03   2.3554489e-02   5.0099407e-17   7.3413246e-04   9.1688708e-04   9.5825329e-13   3.3362826e-60
   2.3113919e-03   6.4492636e-06   7.0032972e-17   8.3331272e-04   1.6548622e-02   6.1464426e-44   4.0236369e-06   1.5055991e-03   6.4835011e-16   4.4556801e-71
   2.3749091e-03   3.6193366e-09   5.7203180e-16   5.8090481e-04   9.0328776e-03   6.6649051e-52   1.0091075e-22   1.8504095e-03   7.8927212e-14   1.0546236e-63
   2.3932233e-03   4.9221223e-11   2.3930365e-17   7.3866802e-04   5.3077987e-03   5.2766521e-36   4.1950720e-20   1.5677804e-03   1.3428717e-15   1.5852324e-51
   2.0062441e-03   3.8908820e-08   2.4541572e-13   9.0165820e-04   4.5649468e-03   1.3474028e-23   1.4135509e-04   1.5993065e-03   1.7477279e-06   1.1505590e-59
   1.8866713e-03   2.3515936e-08   6.5773159e-15   9.8792732e-04   2.0892832e-03   7.6411105e-29   1.6302904e-03   2.9487270e-03   5.0778051e-04   6.5380885e-35
   2.1328998e-03   9.4485960e-14   6.9240959e-22   9.8530357e-04   3.9045644e-03   2.4192375e-51   3.2613264e-05   2.3715967e-03   1.1133140e-03   2.5868938e-35
   1.7456971e-03   1.1026353e-11   2.2299932e-18   7.6781468e-04   2.8869641e-03   5.9358246e-44   1.6684336e-08   2.7135915e-03   7.4140120e-04   5.6006264e-48
   9.6860118e-04   4.6102116e-05   3.5065652e-10   9.1018190e-04   3.5007411e-03   9.1094485e-14   4.8589879e-08   2.6837409e-03   3.5169126e-04   4.2383245e-36
   1.1483635e-03   7.7465567e-10   1.1465303e-13   8.1911101e-04   3.8552155e-03   3.2036914e-04   7.8414225e-06   2.1273813e-03   1.2904688e-05   4.9896759e-30
   1.1874536e-03   3.1423633e-07   6.5313799e-15   1.0155678e-03   2.2003473e-03   5.3591656e-06   1.9221420e-04   3.0646170e-03   6.6984538e-04   1.3870554e-20
   9.8972060e-04   8.8051205e-08   1.5997061e-19   8.9938490e-04   3.0685090e-03   1.2425986e-08   8.5789864e-04   3.6427156e-03   5.4704808e-04   3.7455848e-31
   6.8773598e-04   2.3559494e-11   2.1963996e-10   7.5836766e-04   4.3488112e-03   1.4198694e-05   1.6671928e-09   5.0894906e-03   4.2887285e-04   9.6888131e-40
   1.0128891e-03   6.9458261e-18   3.8943993e-20   6.4654023e-04   3.9591041e-03   1.9290270e-16   1.3552813e-05   6.7834778e-03   5.2522582e-04   1.2709173e-40
   1.2855221e-03   6.8651183e-19   9.8951920e-17   5.5614551e-04   4.8635353e-03   3.5996945e-28   2.5106521e-04   6.4363511e-03   2.9217514e-05   2.5739069e-42
   1.4631202e-03   1.2321051e-23   6.7853841e-19   5.8670228e-04   5.8030867e-03   8.6028664e-27   6.6032325e-04   4.4523281e-03   7.0963583e-12   4.0798833e-38
   1.3860714e-03   5.0527050e-20   4.3163304e-18   7.4712077e-04   4.9166322e-03   2.7005562e-33   2.5689666e-08   2.5063210e-03   1.7855158e-08   1.3303960e-19
   1.0815396e-03   7.0705252e-15   4.6555134e-10   8.2705403e-04   2.9236034e-03   9.1383210e-20   1.2530577e-09   2.1740760e-03   1.6284273e-04   2.0273864e-09
   1.1850016e-03   1.0782811e-14   2.2177542e-09   7.8493485e-04   2.2063612e-03   7.5774696e-37   1.7729819e-13   1.3290139e-03   1.2309393e-04   2.6355837e-12
   1.2156267e-03   3.5104710e-12   1.2724582e-09   9.0389515e-04   2.0423365e-03   1.8432545e-27   5.1864857e-12   1.2539516e-03   4.7725463e-05   7.1978650e-18
   1.3716600e-03   2.9334733e-12   9.6104952e-05   8.5662180e-04   1.1595883e-03   2.5935389e-25   6.2941987e-08   1.9612592e-03   2.5820390e-04   4.0644684e-22
   1.2803075e-03   1.1510723e-18   2.5628129e-07   7.4916417e-04   8.0782461e-04   1.0249119e-25   3.2837764e-10   2.0126597e-03   7.9489455e-04   1.7030697e-14
   9.9062601e-04   4.8735541e-16   1.6306800e-04   7.3167677e-04   2.5104720e-03   6.1856278e-15   8.2950160e-11   2.6469513e-03   9.3365652e-04   1.8015016e-13
   7.6041581e-04   7.5626801e-04   7.1297603e-04   6.8938408e-04   1.4899723e-03   9.0684359e-16   1.8872304e-14   3.5447217e-03   1.4506661e-03   3.1613588e-30
   9.7802081e-04   5.1761673e-04   1.8615073e-04   6.4288143e-04   1.7112552e-03   7.1543363e-12   2.4672537e-14   4.1933428e-03   1.7948593e-03   1.4606916e-37
   1.5257128e-03   2.7778014e-12   5.4054116e-08   6.1671997e-04   1.5979539e-03   1.2446240e-11   2.9441831e-15   4.9771662e-03   9.7892336e-04   3.9196608e-25
   1.7718101e-03   2.2650150e-17   4.2335322e-19   5.6567054e-04   1.3517722e-03   1.7679296e-18   1.9727854e-15   5.3744086e-03   1.0787276e-03   3.9721436e-19
   1.8580158e-03   5.8772477e-12   1.1034614e-15   5.6300371e-04   2.5707491e-03   6.1496367e-20   2.2991045e-12   6.5477878e-03   4.2484287e-04   4.8216310e-10
   2.1749315e-03   7.1020255e-15   3.7374860e-14   5.9274111e-04   1.7370474e-03   3.8978335e-06   3.4931599e-06   7.1490228e-03   8.0921577e-04   7.0655525e-18
   1.8491828e-03   2.9817368e-22   2.9585163e-18   5.2523512e-04   1.5926237e-03   5.2291065e-04   5.4213639e-07   7.8531065e-03   1.3828927e-03   5.3982784e-14
   1.9404342e-03   6.3533514e-18   7.9616189e-12   4.2794498e-04   4.3967365e-03   8.9872210e-04   3.2865448e-12   8.6596682e-03   4.2104011e-04   1.8440367e-24
   1.9339787e-03   1.0426820e-13   5.5671103e-10   6.8771347e-04   5.7141096e-03   2.1584482e-03   1.1007382e-11   9.9465656e-03   1.2550912e-07   3.5801580e-32
   2.1080363e-03   9.8555011e-12   4.5260274e-09   7.6465968e-04   5.0503798e-03   1.2274436e-03   5.8778849e-09   8.8530399e-03   3.5145878e-07   1.0435163e-40
   2.1957980e-03   1.9978001e-14   2.7857985e-08   6.8414679e-04   2.4309257e-03   1.7894691e-03   5.6207347e-10   1.1862011e-02   4.3796819e-10   1.7281265e-30
   1.9568991e-03   6.4796375e-24   3.0669979e-09   6.3201405e-04   2.5654588e-03   1.0784754e-03   8.4544688e-10   9.2607228e-03   4.9574268e-08   6.5107637e-26
   2.0121205e-03   3.3045556e-09   8.4304646e-06   6.1386036e-04   3.2443849e-03   1.3275350e-03   2.6264849e-04   7.6164343e-03   7.5169154e-06   6.2617144e-28
   2.6361175e-03   3.8467745e-05   2.8806702e-13   5.9491214e-04   1.9950130e-03   2.1664359e-04   3.1776828e-05   5.3278315e-03   4.1654992e-04   8.5078586e-39
   3.3911114e-03   2.0209912e-09   5.0373583e-17   2.9547999e-04   2.9631326e-03   3.6036786e-05   7.6583236e-12   4.1601209e-03   4.0815541e-04   6.7401178e-23
   3.5863290e-03   5.4972485e-12   9.3042444e-10   3.2386379e-04   2.9123895e-03   8.5345184e-17   6.8166331e-07   3.1501510e-03   9.3216834e-04   5.3561289e-17
   2.7962720e-03   5.9538072e-16   2.9128838e-03   5.1096004e-04   7.7320762e-04   8.3336887e-15   2.5374459e-14   3.8256497e-03   2.4710446e-03   4.0415460e-30
   3.5802389e-03   5.4594673e-14   4.1644268e-06   5.3522325e-04   1.4889003e-03   7.1480247e-29   1.5109462e-18   3.4700253e-03   4.7105408e-03   1.2086817e-41
   4.0728101e-03   1.0366350e-15   1.6525331e-17   7.7458092e-04   2.4502389e-03   3.1425418e-36   2.6970020e-21   2.3720176e-03   5.0045759e-03   4.3070421e-49
   4.0772741e-03   2.0050576e-09   4.8969639e-13   6.1935005e-04   2.5407010e-03   9.8907911e-36   1.6625352e-16   3.1908242e-03   3.7145413e-03   1.0707445e-49
   3.5163588e-03   7.2980372e-04   1.0953839e-12   5.5073416e-04   1.6786266e-03   1.1491015e-24   5.5435208e-14   3.6862254e-03   2.7603613e-03   8.1402506e-55
   3.6026514e-03   1.1804603e-04   2.8415635e-18   4.8721343e-04   4.4623375e-03   4.3959217e-16   1.0654855e-17   2.6544674e-03   3.4480470e-03   8.0854692e-60
   5.3542210e-03   6.0681297e-09   2.3770174e-32   3.2161697e-04   6.9347725e-03   5.7176989e-30   1.5536190e-23   2.9503910e-03   1.7227443e-03   4.3032940e-60
   4.9941928e-03   3.4825357e-11   1.9892717e-32   5.0711523e-04   7.7749994e-03   9.5773091e-45   9.7684693e-21   3.4758602e-03   5.1342970e-04   2.4490570e-57
   3.2322459e-03   2.5992534e-22   1.6737278e-22   7.2537899e-04   7.7331891e-03   4.2369974e-60   1.5970544e-15   3.6730146e-03   1.1100169e-03   4.4415527e-37
   3.2952316e-03   2.3026324e-03   5.9838701e-20   5.0872630e-04   7.8135986e-03   5.9077757e-27   1.7580267e-15   4.6313249e-03   5.7481328e-04   3.3475430e-14
   3.2728392e-03   1.1539701e-02   3.9697718e-19   7.3934882e-04   8.0379718e-03   1.3474455e-15   7.6470702e-11   4.8089876e-03   8.8207975e-04   7.3204745e-15
   3.8546816e-03   1.0842643e-02   1.2972778e-25   4.7168158e-04   8.9013416e-03   5.8912803e-19   1.5930849e-10   8.3708898e-03   8.4272376e-05   3.7238338e-21
   4.0632265e-03   7.6554690e-09   7.6384632e-28   5.7719078e-04   4.3556147e-03   7.0330285e-17   2.5834858e-15   9.5124575e-03   3.2676779e-04   4.3601043e-15
   3.9352433e-03   2.6029190e-18   4.0151521e-18   9.4056769e-04   3.7308245e-03   6.9670506e-06   2.7506251e-17   7.7618096e-03   3.3225551e-04   1.6415590e-07
   3.4808660e-03   1.6755221e-22   2.5294633e-14   1.4847251e-03   2.1373570e-03   7.4487986e-17   4.6433188e-14   7.1708590e-03   1.1986939e-03   3.3874598e-09
   2.9292078e-03   3.7755577e-17   9.2700251e-09   1.5078695e-03   3.1336389e-03   1.0269644e-17   5.6784355e-12   8.2189459e-03   1.6781665e-03   2.3687274e-07
   3.0571291e-03   4.2734338e-15   2.4926128e-06   1.1696589e-03   1.5685296e-03   5.8589403e-23   5.5197508e-11   9.8157464e-03   2.8367376e-03   1.3254598e-14
   4.7319087e-03   4.8942109e-15   3.5459627e-05   1.1279525e-03   3.8733438e-05   4.0144442e-30   2.2768106e-10   5.8090746e-03   4.1677815e-03   2.6682726e-09
   4.7488630e-03   1.5210340e-21   2.6918926e-05   1.0640578e-03   1.2517131e-05   4.6737513e-29   1.0222778e-14   3.8495557e-03   6.1893634e-03   1.8077281e-05
   3.6622367e-03   2.7056271e-23   8.4677783e-05   9.1442624e-04   4.1669118e-07   4.9875981e-37   5.1236170e-19   3.6628848e-03   6.4572586e-03   1.4961306e-03
   3.4979816e-03   7.5411641e-24   1.9010005e-05   9.0414170e-04   9.4458924e-06   7.7873093e-27   2.1818714e-25   5.3488855e-03   5.5057199e-03   2.6815645e-03
   2.5982659e-03   1.8483215e-30   1.3926816e-06   1.0985388e-03   2.7738169e-03   9.2594839e-35   5.3909486e-15   6.3761623e-03   5.0243060e-03   1.9463545e-03
   2.7846516e-03   1.8755550e-21   4.0879956e-06   1.3413412e-03   3.7759320e-03   2.9821386e-31   6.1846887e-04   6.0656335e-03   2.9449138e-03   6.3930760e-04
   2.6948737e-03   4.7294285e-18   6.7515804e-05   1.3280225e-03   5.1475932e-03   3.7647641e-35   4.8661449e-05   5.7638832e-03   1.1413063e-03   6.0887586e-04
   2.3946616e-03   1.6339794e-16   1.9439998e-07   1.8967803e-03   4.6937102e-03   3.9360083e-38   3.7418698e-09   6.9006031e-03   4.4633310e-04   3.3719800e-04
   1.5615667e-03   1.1363899e-11   1.5709261e-06   2.4470809e-03   8.2210999e-04   6.5550911e-40   1.8896215e-09   8.9097792e-03   4.4016117e-04   1.0978085e-04
   9.8509083e-04   1.6861777e-24   2.6011752e-04   1.9639472e-03   1.3791925e-03   1.1093264e-51   6.2277814e-08   8.4373261e-03   6.7439683e-04   8.0653205e-05
   8.3264140e-04   9.0736298e-20   3.8464745e-05   1.6817049e-03   6.5202782e-04   1.0495340e-64   2.6408248e-10   8.3450485e-03   4.9002426e-04   6.6889957e-05
   1.2220980e-03   1.8228607e-16   5.3166031e-08   1.7662971e-03   4.9656766e-13   5.2985785e-74   3.6654653e-09   8.7062036e-03   8.1595889e-05   3.1727136e-05
   1.5791125e-03   9.4558658e-10   4.9452535e-05   1.9496181e-03   3.8163979e-22   1.9842240e-64   2.8220837e-12   8.1844110e-03   1.1553691e-13   1.3632010e-05
   2.1147493e-03   1.0442659e-16   1.3776805e-12   1.6811037e-03   5.0195656e-11   6.2725847e-53   1.7973054e-14   6.9047074e-03   2.1535077e-14   5.0693734e-05
   1.8294159e-03   2.9353852e-22   1.0639429e-23   1.4636821e-03   8.2344901e-05   2.7007708e-49   7.5517331e-18   7.3701271e-03   4.2430668e-11   2.7983740e-04
   1.3553805e-03   1.0825306e-16   4.1973304e-08   1.8447527e-03   5.6645641e-04   1.0344085e-25   9.2995896e-15   4.9446810e-03   3.8677601e-04   3.1299342e-04
   1.1234221e-03   3.7063232e-17   1.0455349e-05   1.6716328e-03   8.4456003e-04   1.9394199e-17   5.3363915e-15   6.2652273e-03   6.3869126e-04   1.2977570e-04
   1.6400382e-03   2.3343593e-29   8.1834161e-08   1.8656166e-03   8.9154843e-08   1.1811358e-15   2.7389715e-14   5.6581763e-03   3.9506298e-04   2.2183809e-04
   1.5589735e-03   9.0992729e-24   2.8312014e-11   2.3971966e-03   1.2709072e-14   3.1141614e-24   1.3120042e-16   4.1213505e-03   2.4354111e-04   1.6821752e-04
   1.4928486e-03   5.1252836e-17   1.8106079e-13   2.0925801e-03   7.7727154e-09   2.8775889e-23   5.3211913e-16   6.6371239e-03   3.1561628e-04   1.6059137e-04
   1.3886367e-03   2.2188644e-14   8.8513562e-14   1.6535702e-03   2.0019332e-04   6.9844210e-32   6.2809207e-13   5.7203794e-03   3.5130314e-04   1.7200141e-04
   9.1415996e-04   4.3494501e-13   5.1465553e-06   2.2657631e-03   1.3945806e-03   2.0333088e-17   2.7274691e-10   5.1421491e-03   8.2294171e-08   4.3962057e-05
   7.6415574e-04   2.1959802e-15   3.2955301e-08   2.3131044e-03   1.9346002e-03   3.1589971e-27   3.2229946e-10   4.0496569e-03   1.6624447e-05   5.6471024e-05
   7.9074000e-04   1.3882746e-15   1.1774415e-04   1.6683170e-03   6.5981253e-04   1.9781378e-34   3.1227673e-13   3.4816508e-03   1.1782479e-09   5.0540829e-15
   1.0089161e-03   1.2433958e-09   5.9895079e-05   1.7724344e-03   9.9354166e-04   4.4369750e-38   9.7612013e-17   2.6115632e-03   4.8078720e-15   3.6153075e-04
   1.0905068e-03   5.8423038e-07   3.9037604e-06   2.1441993e-03   4.8895548e-04   1.0544140e-50   5.3028571e-23   2.1907518e-03   8.9227440e-16   2.1270175e-04
   1.0350263e-03   6.1445557e-09   4.0391499e-11   2.1608542e-03   8.8383216e-07   1.0821530e-45   1.2819751e-26   2.3385140e-03   3.1246842e-12   2.2563123e-05
   1.1837201e-03   5.4475139e-15   2.3184652e-06   1.7424323e-03   1.3020946e-09   4.1505136e-57   3.8452799e-20   2.1338732e-03   1.2308145e-17   5.8050135e-06
   1.1857933e-03   1.3874756e-21   5.1048984e-07   1.5898633e-03   6.6393783e-13   2.9618380e-39   2.1607565e-16   2.1179123e-03   5.7654926e-14   8.9522759e-05
   1.3214051e-03   8.8078362e-24   4.8449549e-07   1.6660621e-03   1.0396537e-07   8.2076524e-33   1.1520726e-13   2.1308543e-03   3.2157977e-15   1.0042156e-06
   1.1725590e-03   1.9627247e-28   1.8324480e-06   1.2649748e-03   8.3897375e-06   1.8517272e-36   8.6729934e-11   2.9121487e-03   3.0141613e-17   1.6160135e-08
   1.2244476e-03   1.2758159e-14   4.0505713e-06   1.1373392e-03   7.3698324e-07   5.3088864e-43   3.1273783e-19   2.9176141e-03   1.2594385e-15   7.8041145e-11
   1.2014942e-03   1.9367770e-11   1.0018271e-04   1.1341459e-03   2.3916362e-04   2.7724751e-42   1.2861157e-26   2.5083979e-03   3.5033533e-11   1.3091677e-10
   1.1428937e-03   3.8259711e-15   4.8808244e-05   1.3316611e-03   1.5591703e-05   3.3098173e-39   4.5776354e-31   2.7183494e-03   2.3805816e-10   9.4005210e-05
   1.3864273e-03   8.1558494e-13   4.4644278e-07   1.5078769e-03   5.3802255e-05   6.0956713e-21   6.8192615e-21   1.6141735e-03   2.2618075e-12   2.0221739e-04
   1.4383790e-03   5.8814586e-11   4.2437250e-04   1.5437820e-03   3.3142384e-04   6.7033743e-26   1.1577113e-13   1.5543635e-03   5.5840750e-09   9.4535081e-04
   1.4109880e-03   8.3079659e-13   1.8382277e-04   1.1599811e-03   9.9043968e-04   6.5449184e-24   2.5376338e-16   2.0104868e-03   1.0194120e-11   1.0011380e-03
   1.0330844e-03   7.0571261e-09   5.1145626e-05   1.4646476e-03   1.8092189e-03   2.1948806e-07   2.5516679e-16   1.0463311e-03   2.3360768e-12   6.9165544e-04
   9.5531276e-04   5.9213270e-04   2.8609141e-15   1.4023305e-03   8.7713972e-04   8.7129379e-07   3.3514282e-08   1.2782717e-03   9.2513858e-10   4.4971782e-04
   1.1489437e-03   6.4843099e-07   5.5201213e-04   1.4043007e-03   7.4524838e-04   2.9690731e-11   3.1953961e-16   1.2736197e-03   2.5350050e-16   6.9608606e-04
   9.7540581e-04   1.2441086e-08   1.5300799e-03   1.4999467e-03   1.1682524e-03   2.2066576e-08   2.5767203e-19   1.3713929e-03   1.9343739e-20   9.7688985e-04
   1.3513013e-03   6.1609939e-12   1.1360452e-03   1.3651634e-03   7.4578532e-04   1.2894835e-29   1.0225853e-08   2.0745934e-03   1.7558376e-27   7.5152737e-04
   1.6142633e-03   9.8964215e-10   1.4784452e-03   1.5228525e-03   1.1321939e-04   9.6477863e-35   4.4186016e-07   1.6694717e-03   3.1896612e-33   7.5689898e-04
   1.3629438e-03   1.5864093e-11   2.5198535e-03   1.4657712e-03   5.2967900e-10   7.4752648e-19   4.5935703e-09   1.3096487e-03   3.1097080e-29   1.2619886e-03
   1.3270549e-03   4.2500861e-10   1.0402947e-03   1.9812746e-03   1.2965975e-04   4.7635750e-22   9.3257135e-16   1.5149724e-03   2.6702719e-15   1.2360545e-03
   1.5844860e-03   1.8430615e-09   4.9931392e-04   1.7216166e-03   4.4607443e-04   2.4340557e-08   2.0631953e-13   1.4358509e-03   6.4526944e-16   1.7110101e-03
   1.6310108e-03   9.1415522e-11   4.2273527e-04   1.5661291e-03   1.9247150e-04   1.4183333e-04   4.4490930e-13   1.3792044e-03   1.3045178e-15   3.5829946e-03
   1.7993580e-03   5.1093750e-07   1.8769361e-03   1.5685443e-03   1.7859282e-15   1.4965186e-07   6.4966938e-20   1.3587743e-03   1.0959635e-16   1.8772896e-03
   2.0077909e-03   2.0302203e-04   2.9769890e-03   1.2657731e-03   1.6914954e-13   9.5367967e-06   1.2364397e-15   1.7104512e-03   5.5323886e-21   1.1327343e-03
   2.0963074e-03   5.4662646e-05   2.8315413e-03   1.4389949e-03   1.9583674e-08   6.3607157e-10   9.6812018e-10   1.5494863e-03   2.8632702e-18   7.3320202e-04
   1.8662442e-03   6.2215736e-06   2.5742686e-06   1.5433990e-03   2.4587643e-03   7.7045429e-04   3.9349918e-17   1.8050822e-03   5.3540280e-18   8.2315945e-04
   1.8233492e-03   3.6933535e-03   9.0486652e-04   1.8448569e-03   3.9028852e-03   2.2396185e-07   3.2883975e-20   7.0501330e-04   1.1696206e-14   6.8832860e-04
   1.2284221e-03   1.0896453e-02   4.5141905e-05   1.7616288e-03   3.0898884e-03   4.1090843e-25   3.3203487e-10   1.3337152e-03   1.8972645e-10   3.8129668e-04
   2.0832908e-03   8.0793657e-04   2.1513644e-04   1.5657751e-03   4.2105008e-04   5.2623927e-27   4.3636569e-13   1.4691013e-03   5.3720492e-15   5.0802881e-05
   2.7750356e-03   6.3398295e-15   4.2631990e-05   1.5904686e-03   3.1150715e-04   3.4721197e-08   8.2060846e-16   4.8655022e-04   4.3619551e-16   5.8275491e-05
   2.3598951e-03   3.2737203e-11   1.7704386e-04   2.2647523e-03   1.8190721e-05   7.3107236e-20   1.0161259e-21   1.2763219e-03   9.3719847e-16   6.5379037e-05
   1.7776411e-03   2.0618668e-04   4.7463883e-04   2.5058226e-03   1.1915921e-03   6.5271933e-10   2.8964316e-21   1.2889972e-03   7.2210923e-16   4.5637091e-04
   2.0346638e-03   6.7890698e-04   2.3680244e-04   2.1894005e-03   3.1512219e-03   4.0353832e-12   7.3474538e-18   3.3470631e-04   1.0569816e-17   1.2343000e-03
   2.0792897e-03   9.6264663e-04   1.5927962e-08   2.1093366e-03   2.0757737e-03   2.0106694e-38   4.4890727e-19   6.9374430e-04   1.7597041e-19   6.9050617e-04
   2.1203969e-03   2.4417333e-03   1.2765276e-03   2.6411895e-03   9.9474730e-04   5.5395590e-25   5.0288855e-20   1.3465285e-03   7.9542479e-22   5.7128352e-04
   2.0978953e-03   1.2398100e-03   1.4910545e-03   2.5063438e-03   5.8568718e-04   9.2319649e-27   2.3356785e-17   1.1143402e-03   1.2662995e-21   3.6453278e-04
   1.7494123e-03   4.0410202e-04   6.5220192e-04   2.4395551e-03   1.7809828e-05   2.7197445e-41   8.6362016e-13   1.5371700e-03   4.9790398e-21   1.6792155e-04
   1.5440560e-03   1.3644920e-04   3.0814969e-05   2.6634776e-03   2.7575033e-05   2.3563167e-24   3.8039598e-18   1.7803571e-03   4.0160011e-18   1.5643860e-04
   1.3727820e-03   2.0711877e-03   3.8279935e-04   3.1430499e-03   5.4272802e-05   1.6132692e-44   3.3226487e-15   1.7939120e-03   8.7181699e-17   5.8984145e-05
   9.9914837e-04   7.8731730e-03   1.7341223e-03   3.3632978e-03   7.1017230e-10   3.6766283e-34   3.1648846e-21   1.5982592e-03   1.3768345e-18   1.1671193e-17
   1.2136634e-03   6.3780885e-03   3.7533580e-05   2.9895565e-03   3.7863348e-03   5.9338190e-57   2.2710488e-20   8.1557351e-04   3.0807027e-25   1.1073270e-04
   1.2492509e-03   4.2102053e-04   3.8525675e-04   2.4780700e-03   5.0589080e-03   7.7979897e-46   1.3267411e-17   1.8737118e-03   2.9845341e-21   6.8538472e-06
   9.8974964e-04   4.4376685e-04   2.1854321e-04   2.5845791e-03   3.8435585e-03   2.7256941e-49   3.0002085e-19   1.4616839e-03   2.0774442e-15   8.7955915e-04
   8.0375454e-04   2.8009567e-03   1.7163256e-19   2.8896143e-03   2.7478325e-03   2.1611739e-58   1.9694133e-21   1.0990022e-03   1.7197187e-10   8.5789243e-04
   8.0670706e-04   1.6602660e-03   2.2820798e-07   2.8465755e-03   2.6703757e-03   4.4295568e-58   1.6688329e-20   1.4807394e-03   9.3124679e-06   6.3731836e-04
   9.9967603e-04   1.1649442e-05   8.4733112e-05   3.0161863e-03   2.3420616e-03   2.1530268e-41   1.4373743e-17   1.2558555e-03   2.0364873e-04   5.3315019e-04
   8.4828761e-04   1.9517894e-03   2.9592153e-04   2.5176754e-03   3.8383182e-03   2.5998062e-36   1.0179072e-16   6.0833179e-04   2.8660538e-07   4.2997657e-04
   6.3634040e-04   4.6866412e-03   4.1706802e-06   2.3857923e-03   5.3715958e-03   1.3181748e-52   1.1705892e-20   1.3611397e-03   3.7548648e-18   1.6553356e-04
   8.7901216e-04   2.5620018e-03   1.6944063e-07   3.1213602e-03   3.9574529e-03   9.5771843e-53   3.2651643e-25   3.0217748e-04   6.5168196e-14   5.6747357e-05
   7.6773924e-04   1.3626388e-03   2.5050012e-12   3.8246957e-03   3.4195707e-03   3.1041914e-46   1.7225449e-21   3.4969562e-05   2.1803710e-14   1.7049616e-06
   7.4943978e-04   4.4914758e-05   8.1857864e-11   4.0789010e-03   4.0350930e-03   9.8902474e-45   1.3858883e-19   8.7784295e-04   1.4203433e-13   6.6011782e-11
   8.8520020e-04   2.6594326e-05   5.1468564e-20   4.0319525e-03   2.9503755e-03   2.3403973e-52   5.8801158e-20   7.6964796e-04   1.1635717e-15   2.3571267e-09
   8.7572192e-04   1.8575940e-03   8.7656158e-18   3.0930844e-03   2.5414895e-03   3.2972517e-63   6.3571325e-19   4.8009956e-04   9.6594904e-13   1.2090144e-28
   6.8680414e-04   4.1686055e-03   6.3920403e-13   4.1943754e-03   2.1878090e-03   4.4211527e-50   3.0155259e-19   5.2447700e-06   7.4723753e-07   2.0939587e-13
   5.5985428e-04   1.1872931e-04   7.4388550e-10   4.5409293e-03   2.2632870e-03   1.6281144e-46   2.2019290e-22   8.2756887e-04   1.4948036e-06   4.9523934e-07
   4.1933910e-04   4.7599976e-03   1.7681834e-17   4.4048089e-03   3.7323178e-03   2.6948000e-42   1.0696515e-21   1.2927742e-09   1.1384447e-09   9.5518145e-42
   4.4478393e-04   4.0488159e-03   9.0534891e-21   3.4512490e-03   6.3543928e-03   6.6291690e-47   1.0241625e-14   1.4880023e-04   1.9740623e-17   1.8810373e-31
   3.4572819e-04   9.4598944e-05   9.3606802e-13   3.1828305e-03   7.0494464e-03   4.1004192e-10   3.7507258e-11   5.4374215e-04   3.1203505e-12   1.0545684e-19
   4.4668720e-04   5.5139926e-09   4.7234230e-06   3.9291846e-03   7.1872016e-03   1.2856557e-25   2.1876397e-11   2.6035935e-04   2.2402165e-08   1.0786412e-27
   4.9757569e-04   5.4090612e-04   9.6910281e-09   4.8383560e-03   6.2924891e-03   3.8818019e-36   2.4158648e-14   3.4892009e-08   6.4911939e-06   4.0050986e-37
   3.8518674e-04   3.0911568e-03   3.2208702e-17   5.4648100e-03   5.6757420e-03   9.8174995e-39   3.1843370e-10   1.4743415e-11   4.1989820e-06   3.8287611e-49
   4.7253940e-04   3.7845487e-03   3.9658013e-16   4.4719012e-03   4.9240502e-03   3.8044438e-37   3.7357223e-12   7.9870344e-08   3.3797562e-04   3.3377174e-47
   6.8273178e-04   2.0702856e-03   1.8183797e-10   3.4503323e-03   5.5225828e-03   6.2704759e-59   8.4030589e-11   5.5280434e-15   2.7675386e-04   8.9409305e-43
   5.6798625e-04   1.2679859e-03   8.0239769e-08   3.5842154e-03   5.1697512e-03   2.0559399e-41   3.7912248e-09   6.5253251e-24   1.5986903e-04   5.1245805e-43
   5.3505807e-04   6.8840765e-05   1.2720344e-04   3.2063177e-03   4.0562424e-03   8.1648715e-40   2.4227428e-12   8.8481743e-15   1.8296430e-04   2.2640318e-11
   6.1801487e-04   6.7844363e-05   5.2352333e-05   2.4451188e-03   2.5091149e-03   1.3190175e-56   6.7952605e-10   2.2893660e-11   1.7927608e-04   2.7838104e-25
   5.7097224e-04   4.9927868e-04   9.9821918e-05   3.2264460e-03   2.8036094e-03   8.5963650e-44   9.4993207e-09   4.1982856e-13   4.7651284e-05   7.1371628e-32
   5.7231334e-04   2.4939750e-03   9.3158698e-10   3.8870454e-03   3.2176636e-03   5.1776109e-35   1.2490403e-14   1.9375739e-22   9.4621703e-06   4.6076483e-26
   6.6833912e-04   1.7768563e-03   1.8895153e-05   3.9515350e-03   1.3154573e-03   1.9957894e-26   8.5049208e-08   1.4202003e-11   1.3092878e-04   7.9568767e-26
   4.8948093e-04   2.0715062e-03   2.8918113e-07   4.1065734e-03   2.0473232e-03   1.5708250e-21   4.0834577e-09   1.0125202e-12   4.0700229e-06   2.6284600e-28
   2.5639477e-04   2.3178041e-03   5.6768657e-04   3.7482331e-03   2.5385011e-03   2.0674683e-24   1.2644811e-11   2.3965323e-12   9.6129676e-05   2.7292454e-21
   2.3487923e-04   1.3076533e-03   6.8109182e-04   3.0226543e-03   2.5938491e-03   5.5980293e-28   1.5442366e-09   2.2788194e-10   2.9523668e-04   3.1419150e-15
   4.5013157e-04   1.9705405e-04   5.3284482e-05   2.8246479e-03   2.4018217e-03   3.9109140e-12   8.6750133e-17   1.8354135e-07   4.1897087e-04   1.0743099e-18
   6.3335220e-04   8.2529926e-05   4.7370069e-07   3.1258009e-03   1.5297578e-03   7.6285127e-05   8.5491921e-12   1.5961067e-04   7.2354008e-04   7.7482045e-06
   6.0322383e-04   1.0022344e-03   4.8440685e-05   2.9615629e-03   1.4857813e-03   2.4152025e-09   1.3581684e-06   1.8305774e-04   1.2110665e-03   4.7048867e-05
   4.5918741e-04   2.0107328e-03   4.5374384e-04   3.5732667e-03   1.4292365e-03   3.5691623e-04   1.5599522e-11   1.2130622e-04   6.8960208e-04   1.7041103e-04
   6.1199015e-04   4.8999286e-04   6.4033425e-04   4.4564057e-03   1.3344473e-05   5.6831505e-05   8.1568627e-17   6.9481613e-04   2.6725674e-04   5.6244921e-12
   6.0613829e-04   7.9457380e-07   2.5631807e-04   3.7702451e-03   9.0237821e-07   7.8135552e-09   3.3060803e-08   1.3321803e-03   1.6240634e-04   1.8624719e-14
   4.1253759e-04   1.0069868e-04   4.9027930e-04   3.4779349e-03   1.1068100e-05   8.2813076e-11   1.5493477e-06   1.5201054e-03   3.2599067e-04   1.7752730e-08
   4.6287812e-04   2.1761002e-06   6.5668999e-05   3.5200712e-03   5.0075185e-15   1.2914266e-20   4.2968680e-10   2.0199708e-03   2.8721180e-04   3.6732837e-13
   5.3101612e-04   1.2244209e-08   5.1462879e-05   3.0494136e-03   7.8324094e-14   2.9154347e-20   5.6391418e-17   1.7404663e-03   8.4914008e-05   1.4789150e-21
   5.0671980e-04   5.3382971e-12   8.1210325e-05   2.9734531e-03   2.5395197e-09   5.4432491e-13   6.7621506e-12   1.1921580e-03   7.0769106e-05   1.8924083e-25
   3.9909759e-04   1.0891794e-16   2.7949363e-04   2.8920840e-03   8.8769431e-09   1.9224141e-21   1.3178876e-09   1.5272769e-03   5.8584728e-06   1.1603069e-11
   3.5864918e-04   5.2126046e-16   2.3330350e-04   2.9808752e-03   9.9539579e-08   1.8574744e-21   1.3132052e-13   8.6180892e-04   1.3310126e-04   6.6325632e-16
   3.4270738e-04   3.2438520e-18   8.7430839e-05   3.4135950e-03   2.1010122e-08   9.7642818e-37   3.4405471e-16   4.2000955e-04   1.5707986e-04   5.2521142e-06
   2.2830382e-04   1.7997832e-24   3.0900037e-05   3.1282350e-03   6.6871791e-08   1.5346166e-20   8.2920223e-13   1.0832178e-03   1.9307480e-04   1.2932957e-04
   2.7951445e-04   1.7496859e-21   6.4837299e-05   3.9714578e-03   7.7438296e-15   3.1804930e-13   1.0837115e-16   4.8314942e-04   2.1724638e-04   5.6410184e-05
   3.6940541e-04   1.5997166e-18   1.2733756e-04   3.9457499e-03   2.1050924e-09   6.7359009e-24   5.0568885e-13   5.9607254e-05   1.8052164e-04   1.2840275e-13
   3.4837018e-04   1.7606427e-21   4.8520649e-06   3.8298721e-03   5.4858850e-08   9.9601511e-17   1.4070157e-11   9.6875363e-04   1.8479484e-04   5.9579264e-20
   3.0327148e-04   3.4300275e-18   4.7633705e-16   4.7323185e-03   3.3517046e-07   8.3085149e-19   4.7746278e-12   1.4306901e-03   3.0341361e-04   2.4006578e-24
   3.4836043e-04   1.0451611e-19   1.1225629e-14   4.5710008e-03   3.6394734e-05   1.4102335e-22   3.4429759e-17   9.0436764e-04   2.0137773e-04   1.5857179e-26
   4.0011997e-04   9.6816315e-26   2.6621250e-09   3.9586937e-03   5.3104850e-05   4.4593212e-24   1.1214119e-13   5.0141965e-04   5.1847925e-06   2.2926290e-26
   3.3849101e-04   1.9571044e-30   1.1943967e-11   4.7483991e-03   1.4358695e-04   1.7738924e-08   2.2356636e-12   9.3074607e-04   4.7874537e-11   7.6981308e-24
   3.2395097e-04   1.2285387e-23   1.3845660e-09   4.9850669e-03   2.2856704e-04   2.9597983e-14   5.9255991e-10   1.4938425e-03   1.5392341e-13   1.2261184e-17
   3.7159700e-04   1.4251327e-22   5.3741159e-12   4.8865963e-03   1.8407592e-04   1.2415953e-12   2.9872056e-14   1.4007322e-03   3.9400711e-06   9.6168019e-10
   2.5850794e-04   1.1692969e-16   2.4065340e-22   4.4301910e-03   5.9416587e-05   1.6174837e-04   8.2308803e-14   1.5247764e-03   8.1595357e-05   1.0803865e-13
   2.8263913e-04   1.2381129e-23   4.9079872e-15   4.3251291e-03   2.1014799e-29   2.7941998e-22   2.2662511e-10   2.0776276e-03   3.2987965e-05   3.9923620e-19
   3.0153806e-04   9.5810829e-21   2.5660880e-16   4.7618785e-03   4.3451645e-12   1.1244871e-08   6.6475147e-12   2.4566481e-03   7.9277246e-10   8.1434527e-15
   2.1229294e-04   1.0757344e-14   8.1394366e-06   3.7412285e-03   5.3440643e-10   1.0167908e-05   1.2453298e-06   1.7979802e-03   1.6829824e-07   3.8458177e-20
   2.7734502e-04   3.3945457e-19   7.3702213e-05   4.2302359e-03   5.9260700e-05   1.9945832e-05   9.8015275e-05   7.5871214e-04   2.8047726e-11   1.1576305e-17
   2.8790828e-04   6.1289453e-17   4.8699700e-05   4.4409042e-03   3.7194240e-04   6.7311507e-07   2.9714462e-07   1.0069343e-03   2.2962220e-08   1.5030079e-15
   2.8575258e-04   9.0053979e-17   1.3613314e-07   5.0958800e-03   3.5034555e-05   5.9763624e-11   4.4977938e-10   8.1275780e-04   1.6273756e-10   4.9663652e-20
   2.6195170e-04   1.0665187e-14   2.8175593e-14   5.1886855e-03   1.7265905e-27   2.2752521e-06   2.1129425e-12   1.2067716e-05   5.2476298e-11   4.1055677e-22
   3.0788617e-04   1.4069805e-24   5.5751406e-17   4.7594026e-03   1.8003929e-09   1.5588675e-08   1.0960989e-10   2.2490031e-29   2.7901609e-10   1.9713482e-28
   3.7557754e-04   4.1205057e-31   1.3124819e-26   4.4103394e-03   1.5812301e-12   1.1388008e-18   4.6385428e-08   1.8684215e-07   1.5885133e-06   6.4510994e-32
   4.4018908e-04   1.7374349e-32   2.3826838e-36   3.5100093e-03   2.3675858e-09   4.1745253e-36   2.9061910e-09   3.8823221e-06   3.8692886e-04   1.0210354e-38
   2.8220072e-04   1.5340953e-14   2.9731965e-20   3.3470104e-03   1.3615278e-13   2.7442514e-06   2.6810443e-08   2.6636559e-09   3.3093225e-04   9.7103309e-20
   2.2135022e-04   2.5103681e-11   1.0400008e-15   3.6864199e-03   3.0275676e-08   9.9213768e-05   1.3013186e-06   1.6482199e-17   2.3883648e-04   1.5856273e-26
   3.7363848e-04   5.2209824e-17   2.2651899e-32   4.3832435e-03   7.1778812e-13   2.0020799e-24   6.2918320e-04   1.2144356e-14   4.5597536e-05   2.5368087e-45
   3.1825069e-04   1.2587409e-11   1.6292522e-29   4.5843524e-03   1.1672568e-12   1.6847291e-33   6.8158561e-05   8.6216214e-10   4.2429856e-05   1.5749790e-36
   3.2371862e-04   1.0885974e-10   4.4955121e-13   4.2140034e-03   3.1273685e-05   2.0962246e-25   2.6751424e-07   1.4240642e-11   1.3528073e-04   5.2041870e-30
   4.2432303e-04   1.1387575e-25   2.9888584e-23   3.9665237e-03   1.9298489e-16   1.8975863e-29   1.6651689e-05   3.3152166e-12   2.5336014e-05   5.0938143e-26
   3.9427886e-04   9.7421511e-23   8.8985954e-26   3.6972912e-03   2.9361271e-16   4.6417843e-24   6.5389755e-07   3.4533539e-05   5.7080488e-06   7.4340881e-22
   2.9150365e-04   9.9176685e-18   1.9493121e-21   3.9542446e-03   5.9554138e-15   2.6230336e-15   8.9291800e-08   5.6033948e-05   1.2633401e-04   2.0369091e-26
   3.4949793e-04   1.8185733e-14   2.4698481e-22   4.4976393e-03   5.6786190e-23   1.8786642e-06   4.7706239e-13   2.1189814e-15   5.0883070e-06   4.2533628e-29
   4.6419841e-04   1.0013568e-22   1.1255146e-17   3.6448068e-03   1.9033152e-17   3.4582036e-13   8.4592730e-08   7.2234866e-16   7.2754971e-06   4.3553452e-23
   5.0350246e-04   2.3876386e-32   2.1163777e-17   3.7588093e-03   1.3067971e-25   5.3973540e-10   4.1421968e-07   2.4317960e-06   2.4746790e-06   8.5814907e-19
   4.8750481e-04   4.9731843e-40   2.4020394e-29   4.7631284e-03   2.4687848e-36   9.5175186e-26   3.4761053e-07   2.6476642e-12   5.6827639e-14   8.0203077e-22
   3.7491604e-04   1.8360674e-28   8.1471223e-23   3.9153671e-03   2.3839109e-16   1.1470388e-25   5.6906168e-04   3.3813102e-13   6.1255429e-12   8.6240687e-12
   2.3271556e-04   5.8060671e-24   3.0011993e-12   3.1699045e-03   2.6769674e-04   4.5576877e-14   2.8260915e-03   1.5652672e-08   5.5966133e-06   1.1012973e-18
   3.2343677e-04   8.4043879e-29   6.0903181e-27   3.4372808e-03   6.7357596e-11   4.3776018e-20   3.5452385e-04   1.6894645e-04   6.0256546e-06   9.2260817e-20
   3.6228957e-04   8.4352490e-33   3.1124226e-21   3.7967036e-03   5.3630974e-24   1.5512369e-18   8.6844018e-06   6.1895586e-05   5.3311961e-05   7.1178421e-07
   3.6824983e-04   7.2523916e-29   1.5127289e-12   3.6590956e-03   2.5850840e-17   5.3033923e-25   1.9774245e-03   5.2870519e-05   1.1139916e-04   2.9635926e-05
   4.2703439e-04   2.2153226e-29   2.5931213e-11   4.1319377e-03   5.6820389e-12   3.2249712e-32   4.4200730e-03   3.7633293e-06   7.9570089e-08   6.5436832e-06
   4.6195042e-04   4.3477912e-21   5.9600339e-09   3.6089485e-03   4.2289589e-15   2.5202003e-35   3.4145789e-03   2.5833604e-05   6.1747481e-19   4.4943524e-06
   2.4218267e-04   6.9381045e-15   2.3003359e-04   4.4529392e-03   1.2119424e-18   2.5967193e-27   1.8658919e-08   4.9837679e-10   3.6804818e-13   2.7517775e-07
   3.1967020e-04   3.5366195e-24   1.8223513e-04   4.2856362e-03   3.2855239e-21   4.8364779e-38   2.1303541e-03   6.7198322e-25   2.3993094e-11   2.1979289e-05
   4.7800234e-04   1.2108272e-32   1.3862215e-08   5.1558774e-03   1.4028348e-20   2.4170838e-48   2.8916769e-03   1.0753989e-20   3.7356843e-15   2.6871570e-04
   4.7864446e-04   1.5620278e-33   1.4499404e-04   5.9004132e-03   2.1391445e-13   5.8888878e-64   1.5702602e-05   2.5817515e-18   2.3483982e-16   1.7118309e-04
   3.3222077e-04   5.7150929e-30   1.0543119e-04   4.9185235e-03   6.8190381e-14   6.7906434e-43   7.8579777e-05   1.3651072e-10   5.0503993e-08   5.3322834e-04
   2.4200387e-04   6.3702513e-25   7.2739793e-05   3.6731947e-03   5.7054652e-07   9.4885899e-18   2.7786723e-03   3.4962232e-17   1.5474987e-04   3.7156847e-04
   2.1826168e-04   2.4258516e-27   7.8753463e-11   4.0807180e-03   3.8303469e-23   2.6116899e-19   6.6346836e-03   2.1975835e-05   1.0490513e-04   5.3360518e-05
   3.0558280e-04   1.6324585e-28   1.4513796e-12   4.6869726e-03   2.7764357e-30   6.2341971e-24   5.2591726e-03   4.3725183e-05   9.1428821e-09   6.4563706e-09
   2.2452014e-04   1.3627905e-21   5.3758068e-08   4.6833771e-03   5.8129977e-24   2.7696166e-18   8.3045591e-04   1.2857801e-04   8.3464065e-07   5.6494533e-05
   1.5905306e-04   7.5948807e-20   4.7761067e-08   4.2992593e-03   4.9563250e-24   4.9058314e-27   2.3290535e-03   8.7390558e-05   2.2561443e-05   1.0824807e-04
   2.2948669e-04   4.9217720e-16   8.3776561e-08   3.2981115e-03   2.7678400e-15   9.5876214e-09   3.1835932e-03   4.1168739e-06   2.1801683e-05   1.4129676e-04
   3.3306515e-04   7.2852724e-20   3.7006446e-11   4.5865681e-03   7.1954146e-25   2.1747805e-12   1.7336864e-03   1.2149678e-06   1.3049203e-09   1.8758881e-06
   2.8708543e-04   2.4927287e-16   2.0202304e-08   4.4555736e-03   2.0616013e-22   2.1411256e-15   5.2316039e-03   2.8683413e-06   9.0966047e-08   1.0172228e-04
   1.7118698e-04   4.3361496e-10   9.9519025e-09   4.4957935e-03   1.3867870e-17   1.5024395e-04   6.9850726e-03   4.1036939e-05   7.4204339e-08   2.6201034e-04
   2.4148770e-04   2.1992986e-16   2.0852584e-16   4.7888366e-03   7.2199244e-24   3.2238978e-05   3.5234138e-03   1.9929681e-05   2.4921855e-06   7.9130171e-05
   2.7264875e-04   6.8223573e-25   1.4301506e-22   5.1052607e-03   1.0624598e-21   2.8723015e-18   6.2755546e-05   1.4124644e-07   7.3717295e-12   9.0202659e-05
   2.7279588e-04   1.0489859e-27   4.2833077e-23   4.7265802e-03   2.1589479e-25   1.8203554e-14   1.1307726e-04   1.8218331e-13   3.2485089e-18   1.0626760e-05
   2.1213706e-04   9.9325721e-31   1.7266957e-13   3.6102334e-03   1.4608906e-06   1.3502056e-23   1.4516375e-03   3.7158842e-05   2.2905066e-12   1.0051877e-05
   1.8016754e-04   3.4654695e-24   5.0956200e-14   4.1265716e-03   2.4956346e-06   9.6702976e-23   2.4709758e-03   9.7403739e-05   1.9786430e-10   9.3223065e-06
   1.5266863e-04   1.6393068e-25   5.8170799e-11   2.8960599e-03   2.0261742e-05   3.5575723e-26   3.8758944e-03   3.9299844e-04   1.2422736e-05   7.5034465e-05
   1.2164780e-04   5.8366201e-17   1.2182815e-05   3.5327639e-03   3.1134277e-05   2.4989913e-05   4.5897280e-04   4.1818451e-06   5.2191599e-05   6.9012360e-05
   1.7723087e-04   6.8173516e-25   5.1351525e-13   3.6101958e-03   2.0795427e-09   6.2074653e-09   1.4474892e-03   4.2814171e-05   1.6376743e-04   6.2227982e-11
   1.7608595e-04   2.9327343e-27   1.0937047e-11   3.5229187e-03   5.2413034e-11   7.0552687e-21   2.4190414e-03   1.9690639e-04   3.5945615e-04   4.6609684e-22
   2.9733876e-04   5.6518435e-21   7.4042803e-09   3.1704462e-03   6.0825424e-17   1.6852347e-09   1.0445758e-03   8.9607795e-05   2.4275140e-04   4.1076632e-08
   2.4027258e-04   4.6141059e-14   3.2522672e-05   3.6875818e-03   2.5043266e-30   1.3972573e-04   6.6711940e-05   7.4107504e-09   2.0664965e-05   3.6312992e-07
   2.1642807e-04   2.5190768e-07   9.2885160e-05   3.8072217e-03   4.3882463e-12   2.6536597e-04   2.5263043e-04   1.6834587e-10   1.2263726e-06   8.0516906e-06
   2.9881779e-04   6.8774704e-14   4.8944404e-22   3.4924525e-03   2.9419572e-13   3.0552805e-04   7.9981890e-04   2.2831613e-05   2.0316863e-05   5.1093724e-05
   3.4218685e-04   9.0014073e-25   7.2726883e-25   3.2651252e-03   2.3456732e-11   2.0452551e-04   9.8763049e-04   5.7694487e-05   3.1184396e-04   1.0963580e-07
   3.0531281e-04   1.2806511e-19   1.4272823e-21   3.1566108e-03   1.0764530e-10   2.5498486e-10   1.2688900e-03   1.8257629e-11   3.6971993e-04   6.2335632e-15
   1.9138098e-04   3.7705876e-13   3.7199047e-11   3.0640590e-03   1.0788412e-06   1.1299428e-07   1.0368974e-04   2.3303416e-12   2.6428784e-04   6.1969430e-09
   1.3867128e-04   3.2748807e-20   4.8278024e-07   3.0805891e-03   1.3467789e-04   1.9773741e-04   2.3502070e-04   1.1962819e-06   2.5319091e-04   4.7163239e-05
   1.6654626e-04   3.7992961e-17   4.7197161e-07   3.6827415e-03   5.3565019e-05   1.9434453e-04   3.1737103e-03   1.2905765e-18   1.6638847e-04   3.5767172e-05
   1.8196173e-04   8.4302144e-22   4.6764956e-11   4.3786465e-03   1.7378949e-06   2.0096776e-04   4.8450745e-03   4.1570428e-12   1.8182863e-04   2.3953592e-10
   1.4356012e-04   2.7159889e-19   1.7674926e-09   4.3555653e-03   1.5883968e-04   8.9240096e-05   2.6774027e-03   2.3351392e-12   7.9553202e-05   5.7276713e-17
   1.6051610e-04   1.9313563e-18   1.9656283e-13   3.9350802e-03   4.0513069e-06   7.4575640e-05   3.2815140e-03   5.2920011e-12   1.2618082e-04   6.3711697e-07
   1.6439464e-04   4.3428399e-20   3.0178171e-06   3.3294880e-03   1.5537266e-04   1.3797206e-10   5.5021162e-03   1.2301583e-15   2.0156572e-04   1.7022597e-04
   1.9512843e-04   1.2509253e-13   9.1831751e-05   3.5943437e-03   8.3013043e-05   9.1115379e-10   1.4810327e-03   1.3195170e-16   2.9690021e-04   1.0809322e-04
   3.3238890e-04   1.9823677e-18   4.0936939e-13   3.8464347e-03   3.8282419e-05   3.2927623e-17   5.6391295e-03   3.9649444e-14   3.5413360e-04   6.9479317e-05
   3.7226375e-04   9.4255533e-20   5.2688791e-26   3.6030448e-03   3.5099512e-05   3.7707296e-16   4.3683059e-03   2.3187524e-08   3.3275317e-04   1.1539250e-06
   2.9459948e-04   3.4563630e-12   3.9890190e-21   3.2701512e-03   7.3858144e-05   3.9932165e-23   4.7513841e-03   5.6378611e-11   3.2260022e-04   4.9997296e-09
   2.6703322e-04   4.2861095e-17   3.3993791e-13   3.0199626e-03   8.0175146e-06   6.8058536e-29   1.0182204e-02   1.0320492e-05   1.6230720e-04   4.3357131e-08
   1.7291972e-04   3.7183329e-18   2.3507882e-19   3.4041407e-03   3.2312314e-04   5.2939614e-14   1.2966597e-02   3.6489824e-05   1.1552899e-05   1.6748481e-05
   1.9479730e-04   2.5963806e-18   8.1074948e-28   3.1438719e-03   4.6510488e-04   1.8607044e-09   9.7190675e-03   6.7146071e-05   6.8038281e-05   1.7785392e-06
   2.0373589e-04   5.0886999e-14   7.6740561e-20   3.0373500e-03   2.7384870e-04   4.0367670e-13   9.8907334e-03   4.1589934e-12   3.6207813e-04   2.2654664e-08
   2.3562310e-04   2.5535931e-21   7.4083839e-29   2.9872990e-03   4.8401519e-04   5.4568517e-44   1.2283098e-02   1.5085388e-05   3.4498450e-04   1.5353153e-10
   1.7258825e-04   6.4901754e-21   1.0427658e-24   3.0194562e-03   1.1476102e-03   5.2538315e-10   8.4509656e-03   5.3968063e-11   2.5080715e-04   9.3790961e-05
   2.1028122e-04   1.4481533e-13   9.7946750e-16   3.3168369e-03   9.5266548e-04   2.6137655e-24   4.6036138e-03   1.3792591e-09   1.7721204e-04   1.1534405e-04
   2.7118103e-04   3.7775132e-16   1.1795777e-04   3.4677963e-03   6.3639501e-04   5.2013722e-05   4.4103543e-03   2.7377405e-06   1.8359604e-04   5.5307090e-05
   2.6125043e-04   9.2216897e-28   2.0331382e-04   3.7654764e-03   8.3773008e-04   1.1498060e-04   2.5529058e-03   4.3126186e-09   1.4701019e-04   2.5364429e-04
   4.2702727e-04   7.8039970e-26   8.8910790e-08   3.6788580e-03   2.9913193e-04   8.4308293e-18   1.3146442e-03   4.9900898e-08   1.0262626e-10   2.3705072e-04
   5.5449482e-04   3.3959257e-17   3.9425330e-16   2.8842211e-03   2.6333787e-04   5.4417021e-06   5.7671394e-03   1.3595851e-07   4.1087960e-12   9.6714963e-06
   5.2974502e-04   1.3559468e-13   5.6877512e-22   3.1000547e-03   2.7257818e-05   4.7868166e-05   6.4118518e-03   1.0144015e-04   1.2044139e-12   1.0856226e-04
   5.5336641e-04   4.6963611e-18   2.0034675e-12   2.8894434e-03   1.5271753e-04   1.3597285e-26   5.3154446e-03   5.1560868e-04   7.0687732e-19   5.3376519e-04
   5.6805201e-04   1.7584081e-24   4.3385439e-12   2.7284857e-03   3.2647855e-04   1.1515001e-30   4.2701109e-03   1.3381680e-04   8.3304362e-10   6.7743345e-04
   4.3529175e-04   1.8934294e-31   2.1340974e-15   3.2157058e-03   5.8529576e-04   9.0904657e-05   1.3244056e-04   2.1136375e-06   3.3649555e-05   5.4016105e-04
   3.6142341e-04   5.2660877e-21   1.8607814e-05   2.9064345e-03   8.6686397e-04   8.4205133e-16   4.8341383e-04   3.2748061e-04   4.1394377e-05   6.7576053e-04
   4.7226751e-04   5.8733853e-22   7.1256421e-05   2.6479167e-03   9.5123771e-06   2.1008926e-16   2.6631563e-04   6.3016704e-04   1.6897683e-04   9.1518898e-04
   3.6792179e-04   1.1410083e-15   7.1659487e-09   3.1744964e-03   5.6049651e-04   2.3812946e-23   4.6570093e-04   6.9135073e-04   1.4238617e-05   1.6644427e-03
   3.6730871e-04   1.2123425e-18   1.2409979e-07   3.2869164e-03   5.0695259e-04   2.0690140e-09   1.3751322e-03   6.4357164e-04   3.5396087e-07   9.0224963e-04
   4.2544040e-04   6.2731186e-17   7.2487137e-04   3.2419376e-03   3.1100743e-04   3.6768193e-27   1.4710131e-03   3.3745951e-04   1.6709343e-10   1.4614008e-03
   6.0196548e-04   1.7233405e-22   1.1918317e-03   3.1264255e-03   4.5765992e-04   3.0773562e-18   3.1339545e-03   6.0787381e-04   4.2836569e-19   1.4424168e-03
   7.4664233e-04   4.7745783e-28   1.1208945e-03   3.2071294e-03   3.0971592e-04   6.5311915e-16   1.3580436e-03   3.8119992e-04   2.7224820e-22   5.6462593e-04
   8.2665997e-04   1.1581970e-25   5.8436220e-04   3.4436925e-03   4.8068263e-05   2.6811695e-32   4.9722311e-07   7.5257177e-04   2.7224365e-27   3.8568304e-04
   8.0336915e-04   6.8829432e-12   7.8295238e-05   4.2346020e-03   6.9800674e-05   2.0129474e-55   2.1588155e-04   2.6989044e-04   1.9354529e-25   4.2208476e-04
   5.8411624e-04   1.7950092e-03   1.6625225e-10   3.2863661e-03   2.5592953e-05   2.2877595e-15   4.9547830e-03   9.1708165e-09   1.1498268e-12   5.4492712e-04
   4.9827351e-04   2.4061858e-03   3.0893657e-04   3.5274345e-03   6.7170987e-04   2.6778587e-04   9.5347917e-04   3.6972522e-05   2.5238742e-18   8.4392414e-04
   7.9872637e-04   8.1388035e-05   3.6901514e-04   2.7985712e-03   9.8843947e-06   1.8376454e-21   2.0188280e-03   5.3355089e-04   1.2567178e-22   4.6349471e-04
   6.8923299e-04   8.4073607e-14   6.4231710e-04   2.7326179e-03   1.7278514e-12   2.7276453e-23   5.1658918e-04   4.9549745e-04   1.7800417e-20   5.9669803e-04
   6.5665766e-04   4.1167687e-15   3.6144807e-04   2.9855083e-03   2.7566235e-13   5.4982516e-05   3.2689802e-04   2.2614800e-04   2.2350886e-16   1.4109482e-03
   6.0545657e-04   9.6061599e-07   4.7527938e-07   3.3903139e-03   1.4165758e-04   2.2681074e-04   7.4317837e-04   2.6298931e-04   1.6228488e-09   8.6101694e-04
   6.3276003e-04   1.4309062e-07   3.2298142e-11   2.7788580e-03   1.3317779e-03   2.4912877e-04   8.1686351e-03   4.3116118e-04   7.4449146e-14   4.5549518e-04
   5.3770467e-04   3.1037322e-11   1.9644469e-04   3.7997163e-03   1.2802681e-03   7.0113853e-04   9.0094906e-03   2.6879008e-04   4.4433253e-14   2.2346717e-04
   6.8070129e-04   2.8637361e-05   2.4298038e-04   3.9418284e-03   3.3667697e-12   8.7551379e-04   5.2455201e-03   2.4235058e-04   5.6445385e-08   2.1139734e-04
   8.4932723e-04   1.9479543e-05   2.2455076e-04   2.7815254e-03   6.8836580e-17   1.3993866e-09   3.0478062e-03   5.5252868e-04   4.8762589e-09   3.2473751e-04
   8.6970137e-04   5.1132957e-13   3.6134655e-06   2.8951905e-03   3.2738534e-10   2.9329694e-12   8.2951863e-03   1.8508541e-04   2.0246837e-05   2.1939867e-04
   8.4126131e-04   5.2447653e-12   7.4434550e-09   3.6617677e-03   1.3694169e-04   6.2821656e-04   5.0303700e-03   4.0157637e-07   7.6995482e-08   4.8480896e-04
   7.6983514e-04   9.0119308e-04   2.4702996e-06   4.1342591e-03   3.8836337e-16   3.8937213e-04   2.3202499e-03   3.9811975e-04   2.2181980e-08   4.8650497e-04
   6.6439138e-04   5.6837714e-03   4.3538375e-10   4.3033809e-03   5.5253583e-09   1.1623808e-12   4.6514350e-05   5.9952315e-04   2.7116116e-10   4.3163095e-04
   4.9069441e-04   6.7218368e-03   8.7018934e-19   3.6300523e-03   2.6768515e-07   1.9273428e-13   3.0234805e-03   3.7091577e-04   1.0197867e-07   2.5062796e-04
   6.0024942e-04   2.0656622e-03   1.3008746e-11   3.9072278e-03   2.9856500e-07   2.2004674e-04   3.4968650e-04   4.4936330e-04   1.6928273e-11   1.2083055e-03
   4.6944840e-04   2.2606400e-03   3.9576490e-07   2.9449251e-03   1.2109430e-10   5.8177348e-04   1.9393414e-03   1.3369974e-03   1.2260783e-07   6.2454121e-04
   6.4586627e-04   2.9093444e-06   1.3609145e-17   3.1109859e-03   2.0441567e-16   3.9257592e-04   8.5472542e-03   1.3078097e-03   1.4496604e-06   4.5150141e-04
   6.6674810e-04   5.9501834e-14   6.2111889e-10   3.2637909e-03   9.4026206e-06   2.1833671e-04   9.4452456e-03   8.7380534e-04   2.7396347e-06   3.0849265e-04
   5.4327573e-04   5.6950020e-09   1.0028508e-04   2.9619541e-03   2.0054594e-08   9.0647073e-04   7.0720672e-03   2.4821083e-04   3.1077763e-04   1.1650562e-04
   5.0312816e-04   2.5468915e-10   1.5653488e-04   3.4821640e-03   6.5407953e-06   1.2252673e-03   9.3328500e-03   7.8184766e-07   3.1611344e-04   2.8542963e-04
   6.5388993e-04   2.2176766e-11   2.0485880e-05   2.8614896e-03   3.6710978e-05   7.1199991e-04   2.4596188e-02   1.1068319e-04   1.2917545e-04   3.7788648e-04
   7.5276314e-04   3.1708335e-23   1.0834263e-07   2.5755431e-03   3.9095713e-06   6.1217568e-06   1.9399518e-02   2.5859436e-04   6.4264448e-06   7.3650665e-04
   6.4480076e-04   4.3327127e-14   6.8730374e-05   3.0609306e-03   2.5499531e-17   1.2364318e-06   5.2305604e-03   3.4842904e-06   1.0367688e-04   6.2091468e-04
   6.5500142e-04   5.4331422e-11   2.0543369e-04   3.0702671e-03   6.6780780e-06   1.8129363e-03   1.2369993e-03   4.1197034e-08   1.9671633e-04   7.4314987e-04
   4.8712061e-04   1.7234984e-03   3.0019909e-13   2.9603230e-03   1.0356830e-14   2.6624892e-03   6.6536769e-03   8.1360512e-13   6.4362002e-04   7.7612075e-04
   4.6670189e-04   4.5590694e-04   4.2070876e-15   2.2346714e-03   4.4984232e-04   2.1849368e-03   1.1728921e-02   1.1859099e-05   1.3139491e-03   1.1072298e-03
   5.6693512e-04   8.1550625e-05   1.2954487e-04   2.6110626e-03   2.5094053e-04   2.4517537e-03   1.1731651e-02   2.3430044e-04   1.1015891e-03   7.6151678e-04
   5.1145102e-04   2.1806680e-04   1.7675723e-04   3.4884739e-03   4.3588573e-05   2.1171358e-03   1.0263272e-02   1.2178218e-16   3.5493848e-04   8.4626436e-04
   2.9911426e-04   9.6659145e-06   3.1709607e-04   3.0963153e-03   1.1501486e-05   2.1405746e-03   3.5875490e-03   2.6395650e-12   8.3094817e-04   8.1816159e-04
   2.5510013e-04   3.8404227e-06   7.6157870e-04   3.0954514e-03   7.6238126e-05   2.2469701e-03   8.1501004e-03   6.5680183e-05   6.7059525e-04   3.1737276e-04
   2.4277856e-04   2.3405309e-12   4.4556291e-04   3.2034817e-03   5.0389174e-04   1.8819476e-03   1.5057725e-02   1.2366714e-04   4.2056799e-04   3.7256293e-04
   5.1820954e-04   1.4984443e-15   3.9434264e-04   3.1343071e-03   4.3212206e-06   5.5640806e-04   1.2138112e-02   5.9151220e-05   3.6290352e-04   3.0503063e-04
   6.4047686e-04   7.5613856e-19   6.3764804e-04   2.9626466e-03   6.3800640e-08   4.9705544e-04   7.0683739e-03   3.3519198e-07   3.4569820e-04   4.7446495e-04
   6.0238861e-04   1.2199493e-14   3.2138254e-04   2.5512810e-03   7.0629442e-05   1.2427425e-03   7.0137991e-03   1.0205422e-04   6.1924450e-04   5.4834780e-04
   5.4031735e-04   1.0722938e-07   1.0661802e-06   2.6129344e-03   5.5691015e-09   3.9832677e-04   1.0790958e-02   4.6253652e-04   6.9693918e-04   2.5048442e-04
   4.7083171e-04   4.7096723e-10   1.1012010e-04   2.9583011e-03   9.4314576e-05   5.0732820e-04   9.4552636e-03   4.0934368e-04   4.7393242e-04   4.2337365e-04
   4.6668184e-04   2.3916565e-20   4.8557500e-05   2.1612053e-03   5.7503932e-04   3.2192619e-05   4.1324516e-03   6.4344615e-04   3.1836064e-04   6.6370414e-04
   3.7238164e-04   5.4237559e-05   8.7067801e-05   2.5438226e-03   1.7322262e-04   1.4398702e-03   1.7340145e-03   4.0981108e-04   4.2041389e-04   2.4600149e-04
   3.2852684e-04   1.1292656e-03   2.8059858e-10   2.3400532e-03   3.7971754e-04   1.6639985e-03   4.9566707e-03   5.0862053e-05   4.9472431e-04   1.4210316e-04
   5.0075044e-04   1.7998941e-05   1.1510193e-15   2.2272909e-03   7.1282373e-06   1.0513912e-03   5.9526126e-03   3.4156743e-04   4.2620922e-04   3.9120564e-05
   4.8903901e-04   1.7811172e-08   6.6974429e-10   3.0795361e-03   3.3379965e-15   6.9231281e-10   3.7417852e-03   4.0596124e-04   8.8521117e-04   5.1203917e-12
   3.9680973e-04   9.3222740e-12   1.4859126e-06   3.2438846e-03   3.5868635e-14   6.5525136e-06   8.3758630e-03   6.7510368e-05   1.1165321e-03   1.5099704e-06
   2.5079773e-04   1.2157939e-08   4.5294882e-15   3.2074750e-03   3.4011722e-04   3.8982877e-04   1.0979736e-02   9.1518144e-05   1.4472495e-03   1.5777722e-06
   2.8507956e-04   1.4530060e-11   3.3464024e-10   2.6026248e-03   2.0961039e-04   3.5655221e-04   1.0663108e-02   2.9677673e-04   1.0733796e-03   6.9446379e-05
   3.6837915e-04   1.2347531e-13   2.0833359e-06   2.4968747e-03   1.2546915e-15   6.6889468e-04   4.6604081e-03   2.4066986e-04   5.8791644e-04   1.1040111e-04
   3.2977179e-04   2.1514383e-12   4.9855262e-18   2.5312737e-03   5.0994707e-33   9.3758571e-04   8.6261848e-03   3.5704738e-04   6.9091663e-04   6.0181925e-05
   4.0928285e-04   1.2950758e-11   1.2195148e-16   2.1680106e-03   3.2029521e-32   3.7156746e-04   8.3902191e-03   2.4774877e-04   5.0906344e-04   7.7051643e-05
   4.1838522e-04   2.9591394e-18   2.5508110e-19   2.3615480e-03   1.3348148e-13   7.3251583e-34   2.2299067e-03   6.5975038e-05   6.8105976e-04   1.1397743e-04
   3.7257138e-04   1.9097305e-16   2.3888992e-24   2.1896224e-03   1.8430049e-04   2.1244989e-04   6.4575980e-03   1.7015551e-04   7.6206117e-04   1.4588878e-06
   3.5026042e-04   5.5496780e-14   9.2936755e-25   1.9629835e-03   1.5417644e-08   3.2996995e-20   1.6730447e-02   6.0424011e-04   1.0996201e-03   7.4276307e-06
   3.3768902e-04   6.7018930e-05   1.4672149e-18   2.1864888e-03   1.2849273e-15   1.8927970e-12   1.5503547e-02   2.7975285e-04   8.3594231e-04   1.7794593e-10
   2.4683072e-04   1.0306106e-03   7.0454412e-30   2.7182640e-03   8.8537744e-10   2.8248867e-09   8.4806496e-03   5.7063319e-04   5.8731015e-04   1.2305455e-25
   2.1082991e-04   1.1771380e-03   6.3387082e-19   2.6530864e-03   1.1138026e-12   9.4783628e-05   3.4497027e-03   3.1369272e-04   6.4243850e-04   2.3914435e-21
   2.6098519e-04   1.8717377e-06   4.1732945e-14   2.2677056e-03   4.6702180e-05   1.4923173e-05   9.7872115e-03   1.5334149e-04   5.7434653e-04   4.9036399e-12
   2.2898685e-04   6.1252026e-22   3.1020766e-16   2.9137699e-03   3.5150384e-05   4.1916262e-05   9.1366077e-03   2.2754718e-04   4.8828522e-04   1.2714270e-09
   3.1600913e-04   2.5693167e-23   5.5058229e-21   3.0015457e-03   4.8505367e-09   1.4780857e-20   4.8276739e-03   4.1944785e-06   5.0153863e-04   6.7744657e-08
   3.5198427e-04   6.3060669e-30   1.6474949e-21   2.6408941e-03   1.0570490e-16   4.0864781e-43   4.4775681e-03   4.5609264e-05   8.8958812e-04   2.6242058e-05
   2.6315680e-04   1.7330380e-21   7.5214977e-25   1.7671926e-03   2.5774633e-28   1.4314384e-16   2.2901911e-03   5.5693703e-04   1.0956301e-03   1.2808189e-04
   2.3618340e-04   4.5249514e-18   8.4464094e-26   1.7100070e-03   4.6708880e-15   5.6579057e-09   1.9994298e-03   5.5297074e-04   1.1644935e-03   1.1861555e-04
   1.9260124e-04   9.6387038e-14   5.8711285e-19   1.4132796e-03   1.4420648e-06   1.4811232e-18   1.0350301e-02   6.1868394e-04   1.1538310e-03   1.2771750e-05
   1.6561408e-04   5.1870475e-17   8.2701650e-22   1.5412827e-03   2.2422317e-20   4.6870561e-18   1.2793961e-02   5.5220918e-04   7.2801456e-04   4.0955310e-05
   1.7359680e-04   9.9413000e-15   2.5044076e-28   2.0287068e-03   1.2955041e-14   5.1716424e-18   7.2682540e-03   2.9623072e-04   3.1782182e-04   1.4537143e-06
   1.4702369e-04   2.7519057e-18   3.1750103e-15   1.9268697e-03   4.9676444e-06   1.3024759e-07   4.6054204e-03   2.8505277e-04   3.6280232e-04   6.2185217e-13
   2.0934757e-04   2.3454672e-11   1.0653613e-27   1.7890905e-03   5.2068191e-05   2.6046532e-30   7.1405637e-03   1.5249122e-04   2.0274098e-04   6.7526000e-09
   2.5834548e-04   5.2248166e-04   4.7753490e-22   1.4061931e-03   1.5888544e-08   1.5884409e-35   8.1806300e-03   2.6354437e-14   2.3773708e-04   4.4330954e-05
   2.6759062e-04   6.6650107e-06   1.7519064e-10   1.1705467e-03   1.0087938e-07   6.7761338e-16   6.7982252e-03   2.8017258e-11   2.0470026e-04   1.5876852e-04
   1.7531054e-04   7.8864872e-08   5.2202637e-05   1.3403015e-03   2.0175086e-10   3.7632073e-20   5.6872702e-03   1.2086110e-06   1.1212151e-04   1.3121183e-04
   1.3003878e-04   1.4052112e-04   3.5174958e-10   1.7050143e-03   2.0653373e-12   5.0026750e-05   3.6531297e-03   3.7708667e-05   1.8309830e-04   2.5399820e-04
   1.8122936e-04   2.4225492e-07   2.9357050e-15   1.3731907e-03   4.0074899e-13   1.9738043e-16   5.1933944e-03   3.1370729e-05   2.3660869e-04   2.0904530e-04
   2.1740436e-04   2.7666100e-19   1.5838532e-16   1.0694074e-03   8.1689664e-07   1.3061093e-24   6.8166091e-03   2.6862772e-07   2.6371939e-04   1.3300149e-04
   2.0549061e-04   1.1260916e-19   3.5295871e-15   1.5329457e-03   5.2204829e-06   1.9240605e-22   4.6713149e-03   1.7500797e-13   1.7117776e-04   5.7002700e-05
   1.5865272e-04   3.1472123e-14   2.4214446e-10   1.4074935e-03   1.7391585e-05   3.2510270e-05   3.0304660e-03   3.6951454e-18   1.5264888e-04   1.5249684e-04
   1.0440356e-04   2.3394007e-15   2.5878854e-19   1.3040338e-03   2.0453724e-05   1.7831444e-24   3.0140763e-03   9.1522796e-17   2.0483860e-04   1.2339318e-04
   1.1092986e-04   1.7478749e-15   6.6661418e-08   1.2688494e-03   1.7129660e-05   6.5944137e-05   4.2008952e-03   3.2097294e-11   2.1615390e-04   2.1672761e-05
   1.1229019e-04   1.8238355e-23   4.2057770e-15   1.5141407e-03   3.7251671e-12   2.7226683e-20   4.9228963e-03   8.7304022e-18   1.6668510e-04   4.9219860e-06
   1.0603105e-04   4.5712040e-11   3.2879370e-18   1.6164565e-03   1.8073811e-24   9.8481184e-32   5.3256404e-03   3.8848046e-17   1.4277893e-04   1.0371485e-04
   1.0569221e-04   5.1807496e-14   1.0410709e-20   1.5607881e-03   2.1636125e-09   6.3780960e-30   6.2150450e-03   3.7183919e-20   1.6459441e-04   1.0066515e-04
   1.4996017e-04   1.7698066e-12   4.1056714e-19   1.5172566e-03   1.6109969e-05   9.6561199e-22   9.6870278e-03   3.5392252e-25   1.1129705e-04   7.7762953e-05
   1.2904415e-04   1.0894698e-10   4.5315683e-13   1.6772073e-03   1.0274368e-05   1.8435436e-11   9.6788009e-03   1.1645847e-26   4.4693975e-05   2.1883262e-04
   1.3530069e-04   5.4296701e-14   2.1606049e-05   1.6648565e-03   8.7445775e-08   7.7572661e-17   4.6120042e-03   1.4074492e-27   2.5577203e-05   1.2853452e-04
   1.1023984e-04   1.1271771e-13   3.6587238e-07   1.4463229e-03   5.4025769e-12   1.4904543e-22   2.1309402e-03   2.9053766e-24   3.4907698e-05   8.0876482e-05
   1.0891213e-04   3.6339683e-13   9.9296556e-08   1.1343663e-03   8.4588861e-08   1.9327812e-06   1.3485759e-03   5.6621316e-11   4.0545854e-05   1.1724561e-04
   1.0731944e-04   4.6059058e-13   6.7583261e-15   1.1840554e-03   2.0776996e-07   2.5383211e-16   5.4649007e-03   1.1989617e-07   9.7277180e-08   1.6948789e-04
   8.2762637e-05   9.6400049e-15   4.0519340e-05   1.3476420e-03   5.6066655e-05   6.1244383e-28   6.9708722e-03   3.3465604e-16   6.8323284e-06   1.0636953e-04
   9.4694410e-05   4.8243200e-19   1.0117277e-06   1.3880518e-03   4.5860616e-05   3.4816856e-08   5.7087338e-03   1.3241990e-25   3.0233054e-06   2.2891452e-05
   6.8530915e-05   1.2019431e-10   1.0351483e-18   1.3231434e-03   7.4632011e-05   1.1317166e-05   3.3313495e-03   1.1166524e-22   1.9948478e-05   1.1489608e-04
   5.6656654e-05   1.1355449e-09   4.1261423e-05   1.0713402e-03   2.9809894e-05   5.0936909e-05   8.4262311e-04   4.0204220e-16   8.2938054e-06   3.6427351e-04
   8.3710888e-05   1.8816590e-18   4.5991035e-10   8.7194478e-04   1.9233090e-06   8.6093721e-16   3.7660509e-03   1.3760135e-13   8.5191649e-06   2.5027766e-04
   9.3618039e-05   3.5423986e-25   1.4196238e-11   8.7871506e-04   6.4310665e-09   2.1320553e-24   4.2315305e-03   1.3720246e-15   7.5823887e-06   2.9009174e-04
   6.6940705e-05   6.6930184e-15   3.0615992e-05   9.4929934e-04   1.8815072e-08   1.6036320e-19   3.7269713e-03   2.8032989e-14   1.7270008e-05   4.6174636e-04
   6.4826220e-05   1.7499140e-12   1.8440541e-04   9.4145855e-04   6.1190653e-17   4.2901555e-12   3.7460771e-03   9.6005948e-15   1.1598603e-06   2.4258397e-04
   8.4746850e-05   5.3405126e-21   1.7709927e-04   1.1041780e-03   4.5549002e-10   9.0832715e-17   3.1823342e-03   3.5324329e-27   7.3539746e-10   1.5509506e-04
   9.9338599e-05   1.5297764e-18   8.8741221e-05   9.7219468e-04   1.6867741e-05   1.9820352e-30   2.4861785e-03   6.0464453e-32   5.7371452e-09   9.3690826e-05
   9.5308231e-05   2.8312887e-16   1.4205512e-08   9.4440648e-04   7.4812412e-07   3.4912646e-29   5.7107102e-03   1.4646029e-20   4.8949802e-07   3.6171078e-05
   8.8227993e-05   1.8858599e-14   4.3736402e-08   9.4263056e-04   2.4787192e-29   5.8328142e-25   5.2193995e-03   1.9888051e-07   1.5117573e-06   4.1529094e-05
   6.9657796e-05   6.3944983e-08   2.0396855e-05   1.0229204e-03   2.2191446e-27   2.0820143e-18   4.4764675e-03   1.2240754e-11   2.9108557e-09   4.2816101e-09
   8.1867006e-05   4.5577900e-09   4.8909315e-05   1.1097486e-03   4.1262971e-26   9.3324875e-17   3.7090805e-03   9.8380227e-18   2.9788224e-09   2.0518974e-08
   7.2943519e-05   4.8110659e-08   6.2719157e-05   9.0314032e-04   1.5681899e-07   1.3185926e-12   5.0350094e-03   7.7758482e-22   5.4756938e-08   6.0357800e-05
   5.8871512e-05   5.9987965e-06   6.4897956e-05   9.0775513e-04   5.0500795e-10   1.7271790e-18   5.0182631e-03   1.0882173e-18   1.2219767e-06   1.7551756e-05
   6.9934693e-05   2.7697009e-13   2.9996576e-08   8.1689700e-04   1.3043874e-14   5.0844766e-19   3.6261600e-03   1.0484189e-15   8.8488278e-07   2.5660495e-05
   6.4724814e-05   7.0661601e-17   1.7108028e-12   7.5951856e-04   2.1572410e-07   7.5947987e-26   3.6791907e-03   1.9931261e-06   7.8081103e-12   1.0422074e-04
   5.8868443e-05   4.7202923e-16   9.2177020e-10   8.5337708e-04   1.6069235e-05   3.4768351e-11   5.9769690e-03   4.7809715e-08   3.7802354e-09   6.2653321e-05
   5.3906328e-05   2.1553681e-16   5.7247875e-12   8.9793620e-04   1.0479168e-05   5.8125213e-34   7.4085956e-03   8.0574801e-18   9.7900463e-11   5.2211164e-05
   6.9631384e-05   2.2784320e-14   2.9666475e-12   7.5512333e-04   9.6344298e-06   8.7663171e-26   6.9953189e-03   1.2367757e-26   2.2334224e-06   1.2941475e-05
   6.5992462e-05   1.4907694e-13   1.0085609e-14   7.2240388e-04   4.8414673e-05   1.3465255e-14   4.0278413e-03   1.5369031e-24   2.0247036e-05   3.1093351e-09
   5.6686259e-05   6.1943617e-06   2.8593220e-10   7.0508335e-04   6.3369798e-05   1.8747713e-20   4.3198244e-03   1.5892287e-24   2.2770951e-05   2.4493451e-06
   5.0768983e-05   2.2244432e-04   7.7894106e-09   6.0471039e-04   4.9396493e-05   1.5241831e-36   3.9655266e-03   1.1877923e-21   2.2015642e-05   1.3350802e-15
   7.5687451e-05   4.2057229e-05   3.3975575e-18   4.6333643e-04   1.2410364e-04   5.7948986e-24   6.0010177e-03   5.8227526e-11   3.3840087e-05   1.7501093e-22
   8.7099170e-05   5.0190944e-17   2.1483675e-16   5.9467372e-04   7.6220867e-05   3.7340271e-29   6.4229457e-03   7.5756816e-21   8.4745851e-07   1.0508216e-22
   7.0723949e-05   1.0081671e-12   3.2973670e-13   7.0259991e-04   5.6616981e-05   5.2762312e-44   3.9183230e-03   2.1802508e-27   1.6756880e-05   7.3681006e-22
   6.6508703e-05   8.3673699e-08   7.2296101e-14   8.0210461e-04   5.7530602e-11   1.4389134e-34   2.8236249e-03   1.6661579e-28   3.4742190e-05   3.8748412e-17
   6.0947165e-05   6.7752953e-05   6.1210785e-22   8.7069408e-04   9.6046986e-12   1.2213446e-26   1.6597445e-03   5.4203669e-23   3.3221972e-05   4.4135563e-10
   4.3733418e-05   7.5401846e-05   2.3939890e-08   8.2524779e-04   1.6938083e-05   2.7375879e-26   5.3457744e-08   6.3249510e-15   4.3982519e-05   4.1664468e-06
   3.8707882e-05   1.6548748e-09   1.5871580e-10   7.0089956e-04   3.3982823e-05   1.9683621e-15   2.9182990e-04   1.3993215e-06   7.1217206e-05   3.5517485e-06
   3.9474271e-05   8.2134997e-06   1.8523125e-17   6.0291966e-04   2.7883483e-05   3.6350959e-26   3.5255149e-03   2.6776653e-07   6.4763218e-05   7.9913768e-16
   4.4939033e-05   1.3989095e-07   1.6298905e-21   5.4767848e-04   9.9312983e-05   2.4736418e-43   5.2986634e-03   1.6965867e-10   4.4911791e-06   1.2984442e-07
   3.6552053e-05   6.9301978e-13   2.2455677e-25   5.6036618e-04   8.1685564e-05   1.7766863e-21   3.9149329e-03   1.1953181e-17   1.5381732e-05   4.2380224e-07
   3.5428464e-05   5.0095106e-13   5.9156391e-16   5.4053812e-04   2.2782552e-05   3.2935037e-28   2.2330828e-03   1.9590953e-16   4.1166542e-05   1.0525209e-22
   3.7891296e-05   1.2816539e-04   8.2565679e-11   4.1053829e-04   3.9201496e-05   5.8886294e-19   1.7718422e-03   5.2449769e-13   5.1120700e-05   1.4009229e-05
   4.1179643e-05   2.1736700e-04   1.5161404e-20   4.6500937e-04   3.8009346e-05   4.9606562e-25   2.3548218e-03   1.8407897e-06   1.1133832e-04   3.2410673e-05
   3.5343980e-05   1.0087790e-04   6.8641842e-22   5.6309972e-04   1.4526335e-07   6.2574792e-23   3.0104835e-03   2.8249824e-05   1.3942617e-04   8.1893533e-06
   3.5356186e-05   1.8984353e-20   5.0477406e-17   5.2849669e-04   9.1360522e-06   1.4170930e-09   2.6113380e-03   1.0881241e-05   1.0026756e-04   8.5599009e-09
   5.3806070e-05   6.1925138e-09   1.3067745e-22   5.4588050e-04   2.3568021e-05   1.7520688e-18   2.4737159e-03   1.1277079e-06   2.6208879e-05   1.3610131e-05
   4.9455479e-05   6.1947608e-05   5.8839208e-22   5.1819618e-04   4.3793563e-05   6.1477761e-14   2.1505315e-03   7.2468258e-13   1.4971083e-05   4.2143774e-06
   3.6692618e-05   1.0719440e-04   1.3043132e-16   5.0854152e-04   4.2265180e-05   1.7380282e-19   1.3841448e-03   1.8096124e-16   5.7187454e-05   1.9111739e-10
   2.8224635e-05   1.1056665e-04   1.1407894e-17   3.6669539e-04   7.0715190e-05   4.3855254e-56   2.2072079e-03   1.0513276e-07   7.2505045e-05   4.3057122e-11
   2.6106818e-05   8.1647233e-05   8.9619247e-18   3.8125732e-04   2.8733228e-05   1.2194220e-22   2.9657881e-03   2.7349756e-05   8.1876067e-05   1.1397098e-05
   1.5271051e-05   1.6704164e-04   6.5800140e-20   3.9795284e-04   2.2816795e-05   1.6021927e-17   3.6757855e-03   5.3837618e-06   1.4548074e-04   4.5216188e-07
   1.5577104e-05   1.3305202e-04   1.7998219e-27   3.7081124e-04   1.8034231e-05   2.1686578e-33   3.7003010e-03   2.5558857e-13   1.0721324e-04   1.5162470e-31
