   1.7287674e-03   1.9130082e-02   1.3554659e-03   8.1466388e-38   2.0423016e-03   4.3875905e-04   1.1356562e-07   1.3882189e-02   1.6251539e-03   5.9043553e-04
   3.2668869e-03   4.4407629e-10   1.5676628e-03   4.7981555e-42   1.5982282e-03   1.3225593e-03   1.5295561e-07   1.2997110e-02   1.3339801e-03   5.0155200e-03
   3.2874005e-03   1.2319669e-22   6.0786667e-05   5.8717497e-41   1.1473260e-03   2.0264462e-03   6.8131280e-28   6.6116388e-03   5.2622808e-04   1.6182002e-03
   2.0766648e-03   1.0141562e-20   2.0950506e-57   4.3537349e-50   8.5449063e-04   1.3140419e-03   7.8684734e-53   2.3520941e-03   2.6363096e-04   4.8442411e-12
   2.5886050e-03   4.7652032e-54   6.5307055e-62   7.3586480e-55   3.9369377e-04   9.6305808e-04   1.2369313e-36   1.0598092e-03   7.8164709e-06   1.2279578e-44
   2.1883673e-03   2.0662452e-38   3.5567161e-72   9.0800074e-59   2.1866891e-04   6.3659523e-04   3.1364821e-30   6.0500424e-04   4.9272613e-06   9.6821971e-27
   2.8963552e-03   2.4358827e-20   9.3138612e-76   6.6967720e-33   2.2015297e-04   4.5390667e-04   1.1305212e-32   4.3165124e-04   3.2306133e-05   1.0466617e-18
   2.6033238e-03   8.4841592e-21   2.4994841e-64   5.8058535e-46   2.0543429e-04   3.0937972e-04   8.9679937e-46   4.3669091e-04   5.1302046e-05   1.1043338e-20
   2.6841732e-03   2.5328739e-47   3.5859878e-60   3.1768485e-42   1.1046990e-04   3.4566373e-04   3.9110605e-38   3.5549297e-04   2.9178677e-05   6.8721272e-36
   4.2662408e-03   1.2670282e-19   2.6331248e-73   2.6077305e-50   1.4968830e-04   4.2115463e-04   2.9705824e-33   3.6021373e-04   1.6437717e-05   2.2630247e-16
   7.9792416e-03   9.6622044e-21   2.0608571e-78   4.4803229e-71   1.9848955e-04   5.0191935e-04   1.6121828e-45   3.5439612e-04   2.8881420e-05   2.9100830e-23
   1.3574723e-02   1.5838955e-30  9.2386248e-106   6.2627914e-78   2.6849926e-04   5.4567700e-04   1.2972379e-35   3.8820717e-04   1.3373610e-05   5.2230278e-32
   2.5435704e-02   5.8273861e-31   2.3114557e-86   1.5678391e-67   4.1544832e-04   5.5695921e-04   3.4868935e-69   4.5481894e-04   5.0046382e-05   6.3821666e-34
   4.3047617e-02   8.3210880e-30   5.0738993e-88   6.0644833e-72   6.7576854e-04   5.9652626e-04   6.8246357e-69   4.1789565e-04   7.6447612e-05   9.0339732e-25
   5.9964287e-02   1.4846580e-30   2.4505391e-52   3.4746402e-69   1.1786535e-03   4.3454029e-04   1.8507936e-53   2.8549980e-04   7.4160129e-08   1.1596309e-29
   7.9910762e-02   1.6036630e-46   1.4977502e-21   6.9486690e-40   3.0824343e-03   3.2244889e-04   6.1245097e-65   3.1369565e-04   3.7013493e-05   1.1877914e-36
   8.0880503e-02   2.3236779e-41   2.9513802e-02   7.3720040e-40   9.8563520e-03   1.2282324e-04   3.9721330e-41   2.2944590e-04   1.0408265e-04   1.0387362e-26
   3.1210581e-02   1.3194803e-27   3.8096939e-02   4.0151972e-40   4.0462899e-02   7.8672332e-08   3.0377411e-26   1.6949368e-04   5.4977462e-07   4.7091573e-05
   6.5656236e-04   8.7360714e-30   6.9795193e-03   2.7971373e-41   6.8031999e-02   1.0682250e-18   6.3205614e-29   5.2245071e-04   1.5191466e-04   1.7884400e-09
   5.1994531e-14   3.5847261e-55   5.6984536e-41   4.5429960e-65   4.8077828e-02   1.5655124e-07   1.2304156e-49   1.1552398e-02   6.6684301e-03   6.0152790e-35
   4.6565948e-20   7.6092534e-58   4.9668855e-29  5.4594054e-101   1.5681167e-02   4.4203330e-05   2.8904971e-54   4.9908773e-02   2.6376025e-02   1.0067243e-46
   1.3165603e-22   1.1084588e-83   1.4195204e-49   3.9654812e-82   4.7192103e-03   3.9101183e-13   9.1617447e-47   6.9448215e-02   2.3887310e-02   7.3333782e-44
   2.6954448e-20   9.2242021e-57   1.0586903e-20   6.6542375e-42   1.0388765e-03   1.6227476e-06   1.7607121e-30   7.2807915e-02   1.3248136e-02   1.3313820e-21
   1.2301964e-24   1.9428644e-52   1.2783237e-09   9.0614517e-12   4.5040264e-04   9.0513649e-05   4.5989831e-32   9.4150456e-02   3.0662475e-03   3.2334349e-12
   1.1913153e-13   2.2862031e-60   2.7255573e-44   3.1201950e-01   3.7776660e-05   1.4502165e-04   2.6094346e-17   8.3074873e-02   3.0561408e-09   2.8016476e-04
   9.9164543e-04   2.5755441e-48   2.1782820e-10   1.8325211e-10   3.3505736e-04   1.1691471e-04   4.3238763e-04   8.3738901e-02   4.5694820e-05   2.3756458e-08
   2.7648580e-03   1.0973557e-61   2.8691404e-22   2.9797451e-26   3.9161401e-04   1.1442651e-04   1.4140056e-03   6.5961779e-02   4.0012079e-17   3.6268589e-13
   8.0290554e-03   1.1862733e-30   3.1054179e-28   7.1054158e-25   7.6791113e-04   1.9148870e-04   1.4229224e-06   3.8928814e-02   1.7741392e-29   3.5674429e-32
   1.8233228e-02   2.5688854e-32   4.0076006e-04   1.3609038e-17   9.4839019e-04   1.5180243e-04   1.9991257e-24   1.4765159e-02   9.6099074e-05   1.8751797e-32
   3.5124779e-02   6.1060909e-23   1.5586142e-20   2.9599675e-05   9.3371267e-04   1.3157709e-04   4.4219534e-21   4.5642478e-03   2.7893633e-04   1.0532920e-13
   4.5276728e-02   3.2945204e-21   4.3927077e-15   4.9981016e-03   1.4629162e-03   1.5614672e-04   2.4123213e-28   1.8197845e-03   1.9569401e-04   3.5957982e-17
   5.4574028e-02   1.5356380e-18   5.3513569e-18   4.4168427e-05   1.7442894e-03   1.6427475e-04   1.4076107e-27   9.9767664e-04   3.7129444e-04   5.8237629e-05
   4.7551784e-02   1.2092110e-14   3.0877310e-02   1.9844349e-10   3.1440838e-03   1.4017164e-04   9.9802286e-20   6.5577860e-04   2.7571696e-04   1.8345544e-09
   2.6470859e-02   1.3384977e-38   1.0278988e-01   2.2832431e-03   7.4143549e-03   1.5455001e-04   5.3324625e-21   2.0819509e-04   5.6084546e-04   4.0083217e-25
   7.4596955e-03   7.2886569e-43   9.1259800e-02   3.3061502e-03   2.0132300e-02   1.3990197e-04   1.5212189e-19   4.5717922e-05   1.5120330e-12   4.4634282e-03
   2.0023259e-07   3.7399564e-20   2.6545345e-02   6.1707257e-39   4.0063924e-02   8.6943841e-08   8.1769250e-05   1.5422711e-21   6.3702095e-22   7.5535445e-02
   1.0902278e-25   8.9949909e-12   8.9480828e-08   5.5142632e-40   6.1884983e-02   2.6671715e-26   8.1753842e-03   2.0023621e-33   2.7489649e-31   6.8164272e-02
   1.3714346e-28   2.2997525e-16   5.5354947e-35   1.7707867e-08   5.9336767e-02   4.7617275e-25   4.2583437e-09   1.1761948e-05   2.9927253e-17   5.7817479e-14
   1.8403870e-24   2.6146793e-22   3.3026294e-36   1.6494587e-28   3.3246606e-02   1.7235867e-09   3.1382695e-32   2.3866101e-05   2.4220283e-03   1.5441720e-31
   4.5494113e-15   2.0457690e-35   1.1883632e-42   6.5950360e-42   1.5038892e-02   3.8919384e-05   1.1908085e-07   2.9700970e-04   1.1834886e-02   3.8996635e-35
   4.5099589e-20   2.6135561e-30   8.2635523e-34   2.6143730e-60   6.7635742e-03   1.8834304e-08   1.6686056e-08   5.2774446e-04   3.6575815e-02   4.1460791e-35
   7.8111095e-25   3.7911188e-12   2.6208973e-50   4.3154802e-47   2.2963196e-03   3.0732719e-19   9.5422651e-13   1.7252673e-04   5.6014795e-02   2.8147325e-21
   1.0507838e-21   8.1640748e-13   8.0519448e-17   5.2220015e-45   1.0079710e-03   6.3823528e-12   6.0782531e-12   1.2398629e-04   5.5956550e-02   1.5129626e-04
   5.8744759e-07   2.1776402e-03   3.2603084e-30   2.4955858e-28   6.7572984e-04   1.1838420e-04   3.2407281e-06   2.0142149e-04   4.4931136e-02   1.3981719e-10
   1.9314190e-03   6.3027076e-08   8.5480797e-34   7.6965919e-13   3.8648738e-04   8.0420421e-05   3.5129893e-12   5.9932589e-04   3.8211226e-02   5.3305945e-04
   2.3599040e-03   7.1052807e-22   6.7761658e-19   9.1634475e-39   4.3645967e-04   4.3418596e-05   4.2942385e-24   9.5097353e-04   3.5164080e-02   2.7998316e-04
   3.1633228e-03   1.0084240e-33   2.9033991e-05   9.3288339e-18   3.5727109e-04   6.4277403e-05   2.7820802e-28   1.8365229e-03   2.9184186e-02   2.5109649e-08
   3.8510240e-03   6.9152566e-24   3.3782890e-04   2.8822042e-02   3.2126848e-04   6.4479776e-05   7.7870421e-30   9.7292480e-04   2.4235091e-02   5.5634501e-04
   4.8643007e-03   8.6409908e-18   4.2021637e-04   4.5925047e-02   3.3805385e-04   8.7957648e-05   5.4266602e-26   6.5258399e-04   1.6193403e-02   8.6503932e-04
   4.9182021e-03   1.2402973e-18   1.0793393e-03   3.0223479e-02   2.6402094e-04   1.5607809e-04   1.0289456e-13   1.1914198e-03   7.4598031e-03   1.6659195e-03
   3.9438033e-03   3.7913188e-05   1.4568518e-03   2.4335521e-02   4.4653588e-04   2.9410792e-04   3.9058487e-03   2.0312631e-03   1.9319482e-03   1.6349133e-03
   1.6348244e-03   9.9836750e-06   1.7597380e-04   1.3296633e-02   5.4563806e-04   3.8375123e-04   9.8787010e-03   2.1531948e-03   1.0590787e-03   7.0459205e-03
   3.0847333e-04   2.0720663e-03   4.3495305e-04   6.0188618e-03   1.5593299e-03   1.8932650e-04   2.7502848e-02   1.8548205e-03   6.4522029e-04   2.4777754e-02
   4.6994575e-05   4.4399827e-09   8.7405330e-26   2.4350464e-10   2.6082162e-03   6.4144190e-05   6.5930749e-02   8.3678813e-04   7.1255557e-04   5.8537795e-02
   2.4343847e-07   1.0136669e-01   1.4003678e-32   4.6487863e-24   3.6231544e-03   7.3047130e-05   9.9260256e-02   1.1838782e-08   8.0171480e-04   6.1522710e-02
   1.1012789e-04   1.5115100e-01  2.9543488e-102   5.2789194e-05   4.5742619e-03   7.7198940e-05   6.9758532e-02   2.0681422e-04   7.8772569e-04   8.6021022e-03
   9.4320297e-04   4.5047977e-02   1.8230542e-72   1.3549557e-24   3.4311769e-03   1.5344025e-04   8.3943333e-03   5.3534162e-04   6.7574608e-04   2.5247285e-05
   1.3272028e-03   7.4599120e-03   5.8080231e-82   3.9972521e-43   1.6443263e-03   2.1357906e-04   4.4309418e-06   7.8693647e-04   1.2067449e-03   1.2113851e-11
   1.7153255e-03   8.4472233e-03   2.1152420e-63   6.0738408e-48   9.4517171e-04   3.0564309e-04   9.2541564e-19   8.9516974e-04   1.7195182e-03   1.6330011e-09
   2.0608738e-03   1.5877997e-03   7.0103516e-60   1.1339299e-31   7.2965507e-04   3.9883674e-04   6.4609202e-10   7.4763448e-04   2.8468574e-03   3.9207574e-15
   1.8247874e-03   1.1793706e-20   1.0608954e-49   6.6070604e-46   5.4332122e-04   3.1005629e-04   2.1610379e-12   9.9466851e-04   3.7196411e-03   8.1428259e-20
   1.4788478e-03   1.0291495e-20   5.1284554e-28   1.3070422e-63   3.6854156e-04   4.2505802e-04   1.9721943e-27   1.2838159e-03   6.5878338e-03   3.6493697e-06
   1.1821069e-03   3.6746359e-51   4.3005550e-14   1.2312926e-69   3.5937855e-04   3.0074794e-04   4.6272595e-36   9.5262636e-04   9.0873961e-03   1.3827326e-07
   9.4426284e-04   1.4020302e-56   6.9445412e-06   4.8158399e-47   3.2524682e-04   1.1116473e-04   4.0761832e-42   5.9195195e-04   9.0633858e-03   1.3226318e-04
   8.7146128e-04   8.2526083e-30   2.7898333e-04   7.6565450e-30   3.8993478e-04   1.7842735e-04   2.5693883e-58   5.3101153e-04   8.5882234e-03   1.5107026e-21
   1.1231130e-03   1.2222839e-12   1.9976529e-04   5.9879144e-29   4.2794314e-04   3.2982315e-04   1.7032574e-64   5.7287384e-04   7.6435265e-03   1.7880744e-04
   1.0592525e-03   1.2957032e-37   3.7718498e-04   2.0720169e-48   4.3827040e-04   3.7395321e-04   1.3331825e-50   1.1080098e-03   5.5088425e-03   1.4270638e-04
   1.8312705e-05   4.2968249e-09   7.8641451e-04   4.1096558e-55   6.4671671e-04   5.3668084e-04   2.4726035e-42   1.8805644e-03   4.3785386e-03   7.4858939e-04
   1.7511623e-06   8.8124044e-19   5.3105782e-04   2.1251348e-56   7.7800304e-04   5.4641871e-04   3.2065009e-26   2.3137029e-03   2.9811927e-03   5.3727955e-03
   6.5450583e-05   2.0438899e-24   2.1119564e-05   5.8277049e-39   1.3924611e-03   5.9044205e-04   2.0306351e-19   2.4104505e-03   2.0661138e-03   2.5612082e-02
   8.0905868e-06   1.0298865e-25   8.8683975e-24   1.9051212e-20   2.7105222e-03   5.1576449e-04   7.5965153e-22   2.2351513e-03   1.1215555e-03   7.7305932e-02
   2.4481372e-08   1.0629524e-21   4.9397203e-61   2.3788410e-17   5.8023906e-03   2.5476737e-04   1.8024604e-09   1.7250650e-03   4.9244507e-04   1.3207374e-01
   1.9160990e-09   2.5414731e-17   3.1633542e-73   3.0762169e-02   9.4552998e-03   2.2820215e-04   2.7798144e-02   1.0506579e-03   2.7186969e-04   1.0095967e-01
   4.0331260e-08   1.0786912e-10   1.1978778e-82   3.5705948e-02   1.3392461e-02   2.1936252e-04   1.9317212e-02   1.1441624e-03   1.6133684e-05   2.8953423e-02
   1.6058933e-03   1.4410221e-04   3.2061161e-65   2.2836831e-02   1.0248335e-02   2.0912744e-04   1.1846660e-34   1.7783180e-03   6.0175140e-05   1.1831209e-02
   2.7956442e-03   4.9020710e-05   4.5024370e-44   1.3428411e-02   6.6913101e-03   2.4623690e-04   1.5076404e-11   1.8675165e-03   5.6319940e-04   1.9401349e-03
   3.8460742e-03   2.6139299e-16   1.0774738e-47   5.9516191e-03   3.8199371e-03   3.0573428e-04   2.3238206e-17   2.1557044e-03   1.6586496e-03   3.0958052e-19
   4.3689686e-03   3.9711274e-14   1.3270986e-43   7.5821798e-06   2.7733643e-03   2.5915816e-04   4.7151883e-20   2.0811614e-03   2.7874664e-03   1.5072917e-12
   4.6984837e-03   3.6519844e-04   5.5050101e-20   7.3854145e-32   1.5221024e-03   2.9597928e-04   3.8794529e-06   2.2037121e-03   4.4920450e-03   5.8900134e-09
   3.8788236e-03   8.2805111e-04   2.4757653e-04   3.0019842e-46   1.0667145e-03   3.3614352e-04   3.6161476e-03   1.8127771e-03   5.4596127e-03   1.1448848e-03
   1.9657655e-03   1.2840649e-02   1.3978139e-03   5.6885807e-48   6.1024152e-04   2.6553222e-04   3.3019794e-06   1.2315486e-03   8.6284742e-03   1.7521329e-04
   6.4860816e-04   1.0826482e-02   1.9900177e-03   2.6868798e-62   5.3941413e-04   2.7110348e-04   1.5519494e-04   7.9878417e-04   1.1008824e-02   2.3357510e-03
   3.5343501e-06   2.4270767e-02   3.1936448e-03   4.3461254e-52   5.3304575e-04   2.9954013e-04   7.6342849e-22   4.1557046e-04   1.2297783e-02   1.2804807e-03
   3.7958648e-12   3.7960949e-02   4.4265723e-03   1.1701979e-30   5.6636533e-04   3.8721614e-04   2.1667697e-23   2.2902709e-04   1.1570005e-02   1.4968362e-03
   1.2589424e-04   4.8176178e-02   4.7642810e-03   2.2588828e-26   4.6675924e-04   5.0435703e-04   7.4561985e-12   1.6270190e-04   9.7501999e-03   9.6455086e-04
   3.6268141e-04   5.5327704e-02   3.2316579e-03   5.2363278e-55   7.8568713e-04   4.0296501e-04   6.3877166e-04   1.6197703e-04   6.5276409e-03   1.8757906e-03
   5.0562785e-04   5.7175401e-02   1.3074195e-03   7.9655152e-56   1.0498596e-03   4.1720996e-04   1.5127006e-17   1.5710663e-04   3.8540920e-03   3.9227640e-03
   4.6500366e-04   8.0385540e-02   2.3756178e-04   1.6011798e-39   1.4434732e-03   4.5611585e-04   8.6581861e-05   2.0242520e-04   4.0855932e-03   1.9775662e-03
   4.4261874e-04   7.4059294e-02   2.8510589e-16   6.5656575e-40   2.2950100e-03   3.0092989e-04   1.5570599e-02   5.7769304e-06   3.6795581e-03   2.3513063e-02
   3.3265141e-04   2.1466501e-05   1.3107697e-35   1.9581080e-48   3.8650604e-03   1.7957357e-04   1.2544351e-02   6.0813846e-09   3.1616644e-03   5.6677268e-02
   9.5889180e-05   1.2703804e-06   1.2149219e-47   3.5822211e-54   6.6839189e-03   1.2490292e-04   1.8279038e-02   3.8774922e-11   3.3120278e-03   3.6957359e-02
   1.3728519e-09   4.6856664e-11   4.1978473e-60   1.6156498e-34   1.0188902e-02   9.1407780e-05   7.2830849e-03   1.4298268e-04   4.0506881e-03   1.9844651e-02
   2.6645042e-04   2.2511579e-09   4.4147034e-51   5.2363629e-18   8.9292070e-03   2.0881101e-04   2.1433956e-34   5.1475581e-04   2.9239061e-03   8.5559912e-03
   7.7953984e-04   9.0524556e-15   1.6452159e-43   1.3625352e-15   6.8252652e-03   1.5737754e-04   2.5892682e-42   8.6030633e-04   2.9428798e-03   2.1783690e-03
   1.4117714e-03   5.5466157e-34   1.2601479e-42   4.6112783e-03   4.8938263e-03   1.4050787e-04   4.5908722e-79   1.1504003e-03   2.7010498e-03   4.1383630e-11
   1.2491448e-03   7.3663288e-41   3.9317514e-27   1.2404158e-15   3.5249360e-03   2.0674675e-04   3.6896184e-50   1.5011605e-03   4.0134774e-03   1.5855051e-24
   1.8562483e-03   6.6736976e-69   3.1165311e-20   1.5453752e-02   2.5555395e-03   2.4554515e-04   5.4195734e-28   1.4341233e-03   4.4475256e-03   4.0508164e-30
   2.4955895e-03   1.2531626e-65   2.5177711e-04   2.0861146e-02   1.7094825e-03   1.6057964e-04   3.1043525e-13   1.4302282e-03   4.3489986e-03   1.4637790e-38
   1.3217895e-03   3.8655300e-27   5.5458345e-04   1.2545419e-02   1.3513355e-03   3.9168532e-04   3.6994340e-03   1.9038572e-03   4.2273614e-03   1.5847011e-12
   7.5496108e-04   1.3164401e-14   1.6446416e-03   4.1071542e-03   1.2256137e-03   5.5925440e-04   1.0515616e-02   2.0852810e-03   2.9105678e-03   6.1720573e-05
   1.6343817e-04   8.0557310e-42   2.8208313e-03   1.2661293e-07   1.4992670e-03   2.2054861e-04   8.0463502e-04   2.3985850e-03   3.8044056e-03   1.9460170e-22
   2.0683831e-09   3.2818168e-44   3.1585669e-03   9.4545463e-17   1.3940800e-03   1.4547539e-04   3.7989096e-04   2.2467679e-03   6.6085047e-03   1.4416258e-34
   7.8913194e-11   7.7922513e-50   2.2128449e-03   3.3400231e-32   1.2636160e-03   9.5870700e-05   4.2248962e-03   2.6368808e-03   9.3542351e-03   1.7128309e-23
   1.2158721e-07   1.0650344e-43   9.6467592e-04   2.8498031e-29   1.2757751e-03   6.9833213e-05   1.7501582e-02   1.8445877e-03   1.2665734e-02   9.5093173e-15
   4.4631277e-06   1.1959864e-25   5.3076538e-04   1.8687120e-35   1.3520399e-03   2.8760132e-04   3.7617155e-02   1.3965044e-03   1.4113033e-02   2.6953471e-08
   3.7569393e-05   2.0441350e-13   6.7252906e-17   7.4140085e-43   2.0146538e-03   3.3989852e-04   5.0431371e-02   1.2651973e-03   1.3084623e-02   5.9604119e-04
   1.4834610e-06   2.2177251e-36   2.1887938e-15   1.6056356e-43   3.9106080e-03   2.8604972e-04   6.0647344e-02   1.9835286e-04   1.0732235e-02   3.7373389e-03
   2.0785019e-08   4.0167191e-39   7.6216237e-45   3.7976397e-49   5.3317849e-03   1.5339321e-04   6.0599524e-02   1.1730534e-04   1.0340578e-02   6.4510850e-03
   5.5034521e-20   1.5824280e-34   3.1643094e-49   7.4878074e-41   9.5375007e-03   4.3316772e-05   3.0437573e-02   1.7372838e-04   9.4270444e-03   1.3886541e-07
   4.9391389e-23   6.3778377e-30   7.0793420e-50   3.8104138e-37   8.7842556e-03   3.1164305e-05   1.3878994e-03   3.2236810e-04   8.7027237e-03   6.3326199e-14
   1.0993230e-28   4.1917073e-43   3.0562148e-47   5.3712669e-38   9.0334136e-03   1.9489699e-06   4.0111319e-42   1.5517663e-04   9.5455373e-03   8.0935765e-31
   2.1525811e-27   1.0021203e-38   7.6343526e-39   5.7379164e-35   6.5163600e-03   1.0718139e-04   3.3940937e-25   1.6264599e-04   1.0322497e-02   8.8066862e-34
   7.9181525e-21   1.9665928e-50   7.9802721e-30   1.4271879e-29   5.3495984e-03   3.1771703e-04   1.0960941e-23   2.6391225e-04   8.0606411e-03   5.5258862e-42
   3.5845656e-15   1.0151452e-71   5.2144394e-22   3.5483313e-45   5.4126229e-03   3.7455887e-04   1.0099220e-22   6.1097135e-04   5.3730382e-03   1.1625491e-52
   1.5204423e-04   1.5297753e-83   1.2599082e-05   1.4480460e-19   4.6479832e-03   1.9979076e-04   5.1018528e-21   7.9730783e-04   4.3658923e-03   1.2919094e-51
   4.2249695e-06  5.6887661e-102   2.9725424e-04   1.5965421e-19   3.3249925e-03   6.9881669e-05   2.1737476e-17   1.1087420e-03   4.9395015e-03   4.2471803e-54
   1.5432138e-06  2.1810574e-104   1.0040297e-03   2.2478314e-24   2.4124131e-03   1.6745514e-04   2.8939662e-06   1.4769011e-03   4.7240361e-03   1.5225963e-45
   3.0831030e-04   1.0728399e-90   1.4462768e-03   4.6543535e-33   2.1573055e-03   3.6460416e-04   4.8592207e-03   1.9251441e-03   3.4611369e-03   1.3489733e-42
   5.2731712e-04   4.2357463e-74   1.4913368e-03   8.8734436e-11   1.7158870e-03   4.3712334e-04   9.3612454e-03   2.7408701e-03   2.4354258e-03   8.8174114e-41
   2.4504427e-04   3.4277173e-75   1.2208969e-03   1.5036801e-02   1.6674335e-03   5.0614100e-04   5.2335812e-03   2.3179697e-03   6.2872276e-03   6.7070350e-40
   4.0667972e-04   2.2576641e-99   3.7259181e-04   3.0059359e-02   1.5460132e-03   5.7959428e-04   1.5418697e-03   2.0243509e-03   7.5011718e-03   3.1048564e-44
   5.1206281e-04   3.8638020e-79   1.8044265e-04   3.8925006e-02   1.8811376e-03   4.6154735e-04   1.0191879e-10   2.5834947e-03   7.0453348e-03   7.2119561e-42
   3.9012336e-04   1.0172840e-75   5.5071033e-26   3.4720962e-02   1.9445749e-03   4.4736925e-04   2.4243020e-18   3.2946007e-03   4.8486894e-03   5.0743414e-37
   6.0477291e-04   4.6376630e-35   1.7521109e-22   2.2775281e-02   2.0084339e-03   6.2428062e-04   2.2688312e-25   3.9539972e-03   2.4514919e-03   2.6823005e-04
   5.4375759e-04   1.1542487e-38   4.5191470e-42   1.1127705e-02   3.2323176e-03   6.9651420e-04   3.3742263e-08   3.5960474e-03   2.0370101e-03   2.0164091e-03
   4.5313490e-04   7.6654523e-40   3.1864146e-43   3.6680913e-10   4.8052427e-03   1.0770517e-03   7.4895286e-04   2.9953229e-03   2.1668195e-03   4.8117653e-04
   7.8652181e-04   1.4603195e-29   3.0625557e-19   2.3589756e-31   4.9207151e-03   6.6362411e-04   3.2896887e-03   2.8021606e-03   2.3609083e-03   1.6836616e-15
   7.1429181e-04   7.2342630e-30   5.1588317e-22   6.3253137e-35   6.2602923e-03   6.6078482e-04   1.2032963e-09   2.1496671e-03   2.3535074e-03   8.4024108e-30
   4.8808100e-04   9.5014187e-45   3.7373906e-05   2.8024812e-57   6.3242248e-03   6.5852112e-04   7.8381890e-35   2.8732886e-03   1.7356367e-03   2.6877076e-45
   8.1978797e-04   2.5853719e-54   1.2293519e-04   2.2441302e-53   5.6778978e-03   4.7169332e-04   3.6539151e-55   3.1060828e-03   1.9169996e-03   5.8956279e-59
   1.2018611e-03   1.6272143e-62   1.1349918e-03   2.5684456e-57   4.1365637e-03   8.0084694e-04   1.1700405e-51   3.3271070e-03   1.4280749e-03   1.2254852e-57
   9.3984360e-04   1.2785469e-68   2.2865520e-03   2.2508841e-62   3.2091120e-03   8.2876874e-04   5.6519347e-46   4.6406716e-03   1.3207248e-03   6.4200008e-65
   8.9940614e-04   1.2805440e-80   4.6054065e-03   1.1439584e-63   2.7451917e-03   6.4907651e-04   7.0192322e-43   5.7764308e-03   5.6665641e-04   5.9725643e-68
   1.3551029e-03   2.7823756e-74   8.9526759e-03   4.4665711e-79   1.7276850e-03   7.4113954e-04   6.2191145e-47   4.7257577e-03   1.1182467e-03   5.3076688e-76
   1.9984075e-03   2.9706618e-72   1.2305263e-02   1.2067208e-85   1.1696145e-03   7.1484079e-04   8.5044731e-50   3.9592462e-03   9.1979753e-04   7.2831419e-69
   2.0677581e-03   7.6496967e-64   1.1939842e-02   2.0943517e-83   9.4596823e-04   8.4365535e-04   8.8710129e-29   3.4986881e-03   7.1894116e-04   2.7067374e-54
   2.2032659e-03   8.5169252e-73   9.4066102e-03   8.3152070e-73   9.2407133e-04   8.2562784e-04   5.3684034e-22   2.9270407e-03   6.7254138e-04   1.2117617e-62
   2.8570518e-03   5.1965080e-64   6.2360834e-03   6.3117459e-78   1.0436986e-03   9.5949629e-04   8.8570284e-30   2.4702781e-03   5.0327960e-04   1.9699582e-59
   2.6399640e-03   4.4358700e-66   5.6775260e-03   1.2677515e-78   1.5507545e-03   1.4297018e-03   3.1520995e-54   2.3610457e-03   6.8478843e-04   1.2829994e-57
   3.5184644e-03   3.7453227e-58   3.6524095e-03   1.6102809e-46   1.9586474e-03   1.2303400e-03   4.4577611e-70   2.1316870e-03   5.3679265e-04   9.8327474e-46
   4.6311314e-03   1.6384620e-51   3.1168040e-03   2.5208728e-76   2.7748024e-03   6.7810977e-04   1.6822656e-65   2.8969455e-03   2.0252064e-04   4.3039513e-47
   5.4229758e-03   1.2350359e-51   1.5792910e-03   3.4231412e-59   3.5208859e-03   8.1843120e-04   2.6563479e-54   4.2448762e-03   2.6488229e-04   7.5970508e-18
   5.5711742e-03   5.6280023e-50   1.3614564e-03   6.8831517e-72   4.6921037e-03   9.2428441e-04   9.5725419e-27   5.6617150e-03   2.8684468e-04   3.2196023e-11
   5.3045558e-03   1.7168289e-41   2.5203365e-03   3.7137356e-46   5.5423953e-03   8.7624078e-04   2.6478054e-11   6.5074389e-03   2.5497939e-04   9.9805613e-18
   5.3163012e-03   2.9243197e-39   6.2684673e-04   7.7893030e-40   5.1062839e-03   6.8049852e-04   1.3995807e-06   5.5309734e-03   6.6837367e-04   4.5456606e-27
   5.2490321e-03   2.5519590e-35   7.9456885e-03   3.1610301e-42   5.1653039e-03   3.2239137e-04   7.4970800e-10   4.5264849e-03   8.1942927e-04   1.3714892e-35
   5.3125201e-03   1.0425291e-36   6.1178307e-03   1.1486781e-15   4.1332210e-03   4.8562722e-04   3.4193822e-21   3.3417394e-03   1.1192950e-03   7.4544747e-31
   6.0368105e-03   2.2554956e-47   1.4188979e-02   3.1056323e-03   4.0363194e-03   2.5407708e-04   2.8636706e-65   2.3569438e-03   1.2973155e-03   6.4829178e-42
   6.6479954e-03   4.7743720e-56   1.9800391e-02   1.4379481e-03   3.0408574e-03   7.0778245e-04   7.6687055e-48   2.3967617e-03   1.3919640e-03   1.2187072e-46
   5.2959833e-03   2.0635849e-63   2.4900419e-02   5.3895165e-04   2.2422410e-03   8.7914547e-04   1.7397765e-79   1.9920404e-03   1.2646629e-03   5.3869385e-55
   5.9994351e-03   8.1568358e-72   4.2458175e-02   4.5539082e-24   1.9439071e-03   7.3547525e-04   2.9340408e-47   2.5571721e-03   1.2621914e-03   1.6576868e-61
   3.7251090e-03   1.5677767e-84   4.5684331e-02   5.7953253e-34   1.9573609e-03   7.7413281e-04   1.3570327e-58   1.9455953e-03   1.8476485e-03   5.5634935e-66
   4.0477562e-03   2.1138589e-80   3.9821582e-02   2.7563331e-57   1.6398443e-03   9.7105608e-04   2.5489014e-59   3.3454740e-03   1.0427274e-03   3.1703673e-77
   4.0679559e-03   9.6552469e-74   2.3712788e-02   4.5632790e-51   1.8616636e-03   7.6283855e-04   3.7700937e-47   2.2598834e-03   1.5881142e-03   2.5486093e-68
   4.2591290e-03   1.1702517e-63   9.6925730e-03   2.3019782e-57   1.8182150e-03   9.3161859e-04   1.0868378e-16   3.0469985e-03   1.9465912e-03   8.7778641e-56
   5.6422317e-03   5.4622438e-49   5.2356381e-03   5.5058532e-51   1.2204609e-03   8.7328609e-04   1.1858509e-03   2.4383041e-03   2.0644785e-03   3.6769759e-35
   5.2541290e-03   3.5001598e-42   2.9945210e-03   1.4266848e-76   1.1408402e-03   1.2475554e-03   1.6577780e-03   2.7363120e-03   1.6026335e-03   1.6690126e-32
   4.6761784e-03   1.4536927e-44   1.2206183e-03   3.4030910e-90   1.3937225e-03   1.2625228e-03   2.3389621e-03   4.6721541e-03   1.4829253e-03   1.7558307e-29
   4.5392499e-03   3.9340003e-59   1.0261690e-10   2.4679520e-75   1.5562878e-03   1.4953775e-03   5.7436123e-03   4.5736665e-03   1.4437553e-03   1.3351255e-22
   3.7314668e-03   2.3375764e-30   2.0994477e-03   3.4843718e-75   2.2950621e-03   1.1743068e-03   1.3257463e-02   3.7333934e-03   7.3637055e-04   1.0403402e-03
   3.2715553e-03   1.4203580e-25   2.7854736e-03   4.0777843e-66   3.1379658e-03   1.0745568e-03   2.0142699e-02   3.3778279e-03   1.9979974e-03   3.0163361e-03
   3.5003703e-03   1.3577120e-16   2.9202328e-03   1.0988354e-65   3.5989295e-03   1.3776558e-03   2.2280769e-02   2.6044170e-03   2.9026327e-03   1.3606099e-03
   3.1802216e-03   8.3813867e-25   1.7941604e-03   9.1348049e-56   3.5779453e-03   2.3786040e-03   3.0811328e-02   3.2905321e-03   2.8280112e-03   1.2607714e-11
   1.9442829e-03   7.1066663e-03   2.4911213e-03   1.0049704e-49   4.8245522e-03   2.3476487e-03   3.6614942e-02   3.7306570e-03   2.7752522e-03   4.2633780e-07
   2.6734586e-03   1.3438269e-02   2.1268823e-03   5.4750838e-38   5.5072770e-03   2.4452249e-03   8.4864849e-03   2.6937600e-03   2.2715216e-03   2.4539449e-11
   2.7809424e-03   1.5624330e-02   1.8419550e-03   6.2623962e-23   4.7234798e-03   2.1028791e-03   1.9097494e-24   2.5442485e-03   1.5554751e-03   3.7511409e-13
   2.6820256e-03   1.0449867e-02   3.2420349e-03   8.1833005e-22   3.7763271e-03   1.5178025e-03   1.5497703e-10   2.2985101e-03   2.4701728e-03   1.1795735e-12
   3.6269540e-03   1.5555278e-04   4.6918265e-03   1.2027638e-02   2.5273813e-03   1.5584670e-03   8.4396779e-32   1.6722379e-03   2.9475448e-03   5.2311859e-16
   3.7768676e-03   2.7954684e-32   6.2618950e-03   1.6897384e-02   2.1231338e-03   1.6827217e-03   4.0193334e-79   1.2909345e-03   2.5665594e-03   4.1409460e-35
   3.3998588e-03   1.8162473e-47   5.8125015e-03   5.3780574e-09   1.8134717e-03   1.6537179e-03   8.8612549e-52   1.8946088e-03   2.4164379e-03   2.5680272e-40
   4.2479260e-03   2.1391225e-68   3.4883999e-03   1.9415394e-02   1.5082856e-03   1.4933035e-03   2.3081447e-41   1.4483798e-03   2.4162259e-03   4.4445845e-52
   5.2765100e-03   1.2697650e-42   2.0918575e-03   2.5171724e-02   1.0944301e-03   1.5887138e-03   2.2561718e-29   8.6219812e-04   2.2596285e-03   7.8727238e-37
   4.5582100e-03   3.7481748e-37   1.3731462e-03   2.0346053e-02   1.0542016e-03   1.6814693e-03   1.1985722e-29   1.0285894e-03   1.2861917e-03   3.9168594e-34
   5.6094893e-03   9.9464729e-40   1.2826019e-03   1.4684737e-02   1.1007113e-03   1.7415216e-03   5.5056510e-36   1.2341586e-03   1.8366263e-03   1.9347600e-33
   5.7565932e-03   1.1038948e-33   2.0250331e-03   8.6239910e-03   1.1813586e-03   1.4855968e-03   8.3729703e-25   1.5757497e-03   1.7281084e-03   7.0520598e-28
   5.4043611e-03   3.6454586e-45   1.1792398e-04   3.6907206e-03   1.4255627e-03   1.1547389e-03   1.1527598e-20   1.4825640e-03   1.7684403e-03   1.9965880e-11
   6.0026566e-03   1.7385788e-28   2.1455005e-03   2.6398876e-12   1.5777686e-03   1.1748933e-03   2.0977866e-22   1.8643920e-03   2.2183964e-03   5.6569480e-04
   5.6270000e-03   1.6216938e-28   3.0520597e-03   4.4501807e-17   1.9894264e-03   1.0861772e-03   4.8613832e-25   2.0913688e-03   2.5915564e-03   5.6324970e-03
   5.0690663e-03   5.3661242e-17   1.2563842e-03   1.0817223e-21   2.0895176e-03   2.0009584e-03   5.9210319e-04   2.3634702e-03   1.9522636e-03   4.9173579e-03
   5.1176800e-03   1.5319733e-09   3.3501141e-03   1.6580514e-27   1.9356541e-03   2.2862064e-03   6.2367516e-03   2.1549315e-03   1.1553520e-03   4.1475726e-03
   4.3672194e-03   1.6477224e-02   3.6674368e-03   5.2438787e-48   2.3451193e-03   1.4766666e-03   5.1471757e-03   2.0016548e-03   1.6044916e-03   1.8450887e-04
   3.9704165e-03   2.1779443e-02   4.7388883e-03   2.1911677e-49   2.9122152e-03   1.3491607e-03   2.7358739e-03   3.1165862e-03   1.6823068e-03   1.2176005e-07
   1.6688029e-03   1.7252815e-02   7.1157834e-03   7.1712158e-50   3.1461147e-03   2.3094126e-03   4.7045061e-14   4.3235717e-03   9.7273322e-04   2.9235031e-10
   3.0379832e-03   3.2693352e-19   9.9881036e-03   1.9937317e-64   2.4311999e-03   2.6726565e-03   8.3590942e-60   4.0817942e-03   9.9743315e-04   4.9676040e-27
   2.7041127e-03   6.3483179e-20   1.2359516e-02   4.9328142e-57   2.0108467e-03   2.1764937e-03   1.5221850e-34   3.5854204e-03   1.1623371e-03   5.4278543e-21
   2.6876448e-03   9.6393722e-19   1.1931119e-02   1.2183184e-77   1.4160451e-03   2.4580247e-03   6.6356429e-73   2.4711848e-03   1.1777525e-03   6.7127066e-22
   2.6583248e-03   1.9342534e-97   1.0323877e-02   1.3013152e-32   9.3840508e-04   1.9327130e-03   2.8958817e-43   2.0577954e-03   9.7006011e-04   4.5897546e-58
   2.8526184e-03   1.0645966e-43   6.4705575e-03   2.0234526e-37   8.0308456e-04   1.6168982e-03   3.2189823e-63   1.1498804e-03   1.2672419e-03   5.3571803e-19
   3.3414260e-03   1.0449443e-49   4.8397903e-03   2.7905596e-22   6.4018871e-04   1.5139580e-03   6.9554339e-82   8.2778573e-04   1.4778579e-03   7.1232632e-21
   3.0265702e-03   9.8261428e-60   2.4277658e-03   4.4070818e-21   7.0171829e-04   1.6760435e-03   3.8164482e-89   7.2563552e-04   1.3156000e-03   2.6484489e-43
   3.0213873e-03   5.2611268e-53   7.2635471e-04   8.5056761e-10   5.6904289e-04   2.2919455e-03   2.3025809e-45   7.3582587e-04   7.6947809e-04   4.0916863e-28
   3.1678562e-03   2.9965248e-62   2.6301604e-03   1.1004516e-09   5.6799680e-04   1.6566151e-03   1.8544685e-34   8.3992629e-04   1.1447811e-03   1.1927651e-24
   2.7821329e-03   2.9505355e-25   2.1351196e-03   1.2126779e-03   5.5293897e-04   2.1140106e-03   1.1928852e-49   8.2322783e-04   8.9140375e-04   3.6102660e-05
   2.9757145e-03   1.3740026e-17   2.1148579e-03   6.7455873e-18   7.5858015e-04   1.5393217e-03   3.6830117e-64   8.0185851e-04   9.4065602e-04   1.6886139e-04
   1.8910094e-03   4.5210302e-32   1.0168275e-03   8.9107905e-18   7.2119233e-04   1.7284341e-03   1.2043460e-45   6.6206579e-04   5.6874905e-04   1.3156990e-03
   2.0056685e-03   1.0447378e-28   2.3130707e-03   2.7095989e-14   6.5985363e-04   1.8705285e-03   1.0750881e-19   5.7258418e-04   5.7704091e-04   2.6049111e-03
   1.0902853e-03   1.8591058e-19   1.9114794e-03   2.3042347e-08   7.5953009e-04   1.4829920e-03   6.6226200e-04   4.4434917e-04   7.5334263e-04   2.0120721e-03
   8.4979878e-04   3.2992044e-15   2.9645555e-03   1.2309418e-12   7.6841195e-04   1.9245096e-03   3.0585790e-03   3.5519036e-04   3.8259979e-04   1.3011014e-03
   3.9871733e-04   4.4337124e-08   2.9750954e-03   2.1147993e-19   9.7511809e-04   2.1996986e-03   3.4779233e-03   3.0991080e-04   4.0819009e-04   1.0664508e-05
   8.1848892e-04   1.9556674e-03   3.5102753e-03   7.5711496e-33   1.1535273e-03   1.6774098e-03   2.1804454e-03   2.8158154e-04   6.6897318e-04   3.2621945e-06
   4.9666154e-04   3.6603743e-03   4.6034461e-03   1.2519311e-26   1.1701887e-03   1.7389787e-03   6.7291761e-04   3.5536631e-04   4.1156769e-04   1.0557354e-07
   3.5822378e-04   3.7187684e-03   5.6514356e-03   4.3921129e-37   1.0212245e-03   1.8433823e-03   5.0274143e-43   4.9759894e-04   2.8276793e-04   4.4920874e-15
   5.3097169e-04   1.0598772e-05   5.0518625e-03   3.2902345e-50   1.0221891e-03   1.2777287e-03   4.9843327e-12   7.4633993e-04   3.0413604e-04   3.0408380e-16
   6.6231008e-04   1.1970169e-23   3.2822341e-03   1.2162318e-64   6.8262364e-04   1.5250551e-03   3.7329831e-45   5.8323872e-04   4.0906696e-04   1.3781468e-32
   8.8078354e-04   1.0036587e-49   1.6832329e-03   1.8885081e-55   5.8174206e-04   1.6695065e-03   1.1193361e-29   4.9794953e-04   4.0276839e-04   3.5810734e-52
   9.0309725e-04   7.4295335e-75   1.0092645e-03   3.3913049e-58   5.4274934e-04   1.5872344e-03   6.3519999e-49   4.4504134e-04   3.2957625e-04   6.3840591e-59
   8.4984913e-04   1.2248451e-77   9.4604370e-04   1.5685337e-57   4.8790343e-04   2.0170779e-03   1.4407383e-49   4.3692661e-04   2.6380238e-04   3.2322389e-63
   1.0951094e-03   3.5048665e-85   2.7019039e-04   2.1868188e-47   4.6819651e-04   1.9369923e-03   6.9739906e-48   3.2216921e-04   3.5297203e-04   5.1936895e-63
   1.3214227e-03   3.0406175e-90   2.1023012e-10   2.7272121e-38   4.2985052e-04   1.4977943e-03   5.0393306e-41   1.6776236e-04   5.1708311e-04   2.4407050e-46
   7.6104849e-04   1.1283225e-61   1.1445385e-03   1.3040542e-50   4.1908449e-04   1.9415451e-03   3.1350005e-29   2.8229427e-04   5.5097902e-04   2.0648479e-54
   6.7692475e-04   6.5829124e-31   2.5654079e-09   7.9049018e-54   3.0956086e-04   1.8742145e-03   4.5690394e-19   2.9669555e-04   4.3513484e-04   5.0040976e-09
   5.3546600e-04   3.8151154e-28   6.0577114e-04   1.4317299e-42   2.6767022e-04   1.8877543e-03   2.4475405e-25   2.5223904e-04   4.1408535e-04   1.7853626e-04
   5.0355557e-04   4.1141643e-22   5.1232184e-04   2.7025206e-36   2.3577955e-04   1.9475179e-03   8.6484958e-15   2.5855863e-04   2.7544569e-04   9.4687065e-04
   1.8698555e-04   1.3401623e-20   8.4263780e-04   8.1480574e-39   2.4389204e-04   2.0634910e-03   7.4664628e-04   2.5997116e-04   1.8752900e-04   1.6735525e-03
   2.8782695e-04   5.9215376e-15   1.2372502e-03   1.4354916e-28   3.6916768e-04   1.7408217e-03   1.2783501e-03   2.2662288e-04   1.3063606e-04   1.0260714e-03
   6.1954490e-04   3.0218987e-08   8.7864057e-04   3.2607912e-21   5.0362696e-04   1.2885687e-03   2.4633480e-03   3.1634495e-04   1.7513963e-04   6.1781834e-04
   3.9345842e-04   2.8617148e-04   1.2471965e-03   9.4998780e-09   4.7571785e-04   1.8767200e-03   3.4140631e-03   2.9930117e-04   1.3073557e-04   2.4370347e-04
   3.2879330e-04   1.1195011e-05   1.9844997e-03   5.7241909e-12   5.2350881e-04   1.9442004e-03   2.8750152e-03   2.1304795e-04   1.4334702e-04   3.3190041e-04
   5.2269528e-04   2.9919426e-03   1.9096634e-03   1.1454178e-05   5.9307216e-04   2.2524031e-03   1.2889909e-03   2.2054858e-04   1.8985474e-04   1.3444544e-08
   5.0805113e-04   2.9388197e-03   1.7382037e-03   1.8468486e-05   5.6941996e-04   2.0804858e-03   2.0316551e-16   3.5537862e-04   1.2194242e-04   2.9676034e-10
   5.6672912e-04   7.9453169e-04   7.4252665e-04   1.1253062e-03   6.1509849e-04   1.9245812e-03   5.5711104e-17   3.1729211e-04   1.8316397e-04   5.2074379e-13
   3.4629983e-04   4.9916040e-22   5.1781617e-04   3.0954061e-04   5.1308160e-04   2.3088219e-03   2.0255309e-29   3.4655372e-04   2.2678817e-04   3.5543120e-29
   3.6602729e-04   1.1351204e-38   2.7667275e-04   6.7412765e-14   4.2056434e-04   2.2530014e-03   3.1355561e-44   4.8026406e-04   1.6658311e-04   1.0987631e-38
   4.8862105e-04   1.1334463e-56   1.2411574e-11   1.1096574e-21   4.6338185e-04   2.3074894e-03   4.7468005e-54   5.8616573e-04   1.4198587e-04   1.0785809e-47
   4.9111189e-04   2.5783297e-67   7.0821806e-04   8.2276400e-36   5.6170985e-04   2.5207764e-03   5.3565355e-69   5.6353479e-04   9.4483636e-05   1.9133625e-67
   1.7037261e-04   1.1277591e-74   5.7392262e-28   6.7522826e-34   4.7281089e-04   2.9638779e-03   1.1759507e-46   3.6451976e-04   7.9254734e-05   1.7306489e-64
   9.2339386e-05   7.5691513e-61   5.8246981e-04   4.1612563e-41   4.3077854e-04   3.2629281e-03   1.8307395e-39   3.2856025e-04   4.9461086e-05   5.2731301e-55
   1.0465909e-04   8.9506208e-62   2.9522038e-12   1.7557176e-47   5.7622324e-04   2.0952900e-03   6.3853006e-50   3.1503412e-04   1.5563379e-05   1.1376448e-51
   2.4034880e-04   3.7536764e-49   4.5346901e-04   2.2608356e-46   4.8529765e-04   1.6714540e-03   8.3965158e-27   2.2543533e-04   7.6235644e-05   5.8995970e-24
   2.9030256e-04   3.3827869e-24   5.2098481e-04   2.8877011e-30   4.5708881e-04   2.2217291e-03   1.5883746e-20   1.4752969e-04   1.9425199e-04   2.7273268e-04
   6.7771890e-05   5.3978587e-25   3.3778930e-04   3.5878374e-47   4.4473089e-04   2.5501147e-03   7.9827966e-17   2.5125652e-04   1.8714459e-04   1.0028541e-03
   1.5781180e-06   5.5052809e-17   3.2608172e-04   1.5280289e-47   4.5224708e-04   4.1421584e-03   1.1151605e-11   7.1299633e-06   2.0435710e-04   1.5004969e-03
   1.9340076e-04   4.3802752e-07   8.9361656e-04   1.8751366e-45   6.0955417e-04   2.3425870e-03   9.0552716e-04   1.9851022e-04   1.0645713e-04   1.0876111e-03
   3.0013590e-05   1.3034115e-03   9.2616144e-04   5.8179443e-55   5.5811839e-04   3.9657087e-03   2.2930164e-03   1.7076660e-04   1.4972413e-04   7.7514205e-04
   1.3278988e-04   3.2278871e-07   1.8216519e-03   5.4524199e-38   7.6511838e-04   3.2747087e-03   3.1622006e-03   1.6137949e-04   2.1563987e-04   7.3598505e-04
   2.0321829e-06   6.0218096e-04   1.8830989e-03   1.8298988e-61   6.5918673e-04   4.7037417e-03   4.5735226e-03   2.4623569e-04   1.5722607e-04   5.7989191e-04
   5.0156566e-06   4.3346596e-03   1.2813757e-03   9.7303707e-64   7.1198050e-04   3.9938798e-03   3.6963125e-03   2.2514834e-04   1.7363955e-04   1.6003865e-07
   2.4662125e-04   4.7295289e-03   7.4638582e-04   1.7607392e-47   7.0682058e-04   2.9206261e-03   6.6175793e-04   3.5288229e-04   1.7516196e-04   7.3225852e-16
   2.2886728e-04   3.0560364e-03   2.2386587e-04   6.4756494e-36   6.6642653e-04   2.4309132e-03   1.2655430e-13   4.3597102e-04   1.6509949e-04   1.4482336e-12
   1.7039464e-04   2.1116795e-18   6.7214249e-04   1.5783631e-43   8.0326143e-04   2.7317653e-03   3.0017426e-10   4.6916439e-04   1.6721175e-04   2.9567076e-22
   9.9608466e-05   2.4382432e-42   1.5892115e-26   2.7411112e-24   5.6126041e-04   3.1074899e-03   2.5688964e-67   4.1757794e-04   1.3868948e-04   1.7154743e-44
   1.0504998e-12   7.1404634e-87   7.7642093e-04   8.5051251e-28   5.4676543e-04   4.0199667e-03   2.2040565e-30   3.5324466e-04   1.9079362e-04   6.0982306e-49
   3.1217840e-15   2.0012921e-75   6.1707479e-11   5.6553656e-41   5.0303618e-04   5.3509277e-03   5.1066459e-42   3.4307053e-04   2.8217852e-04   2.8283703e-42
   4.5323211e-22   1.1110490e-65   3.9415519e-11   3.8555947e-36   4.7553934e-04   5.6824889e-03   5.0728434e-14   7.0983797e-04   2.9636220e-04   8.0798091e-32
   2.7213768e-08   1.9361756e-60   1.1279864e-07   6.1512648e-29   4.6834951e-04   5.1274921e-03   1.1214967e-08   8.6389788e-04   1.8526025e-04   2.9393112e-25
   2.6417301e-09   6.1159811e-37   1.2170259e-07   5.2753121e-30   5.8149692e-04   4.5622382e-03   1.4530219e-35   8.5013074e-04   2.5121895e-04   3.5493613e-04
   1.5891752e-04   3.4388159e-23   3.7134818e-04   4.0360912e-25   6.8001979e-04   4.2702232e-03   4.5951983e-45   7.8343727e-04   1.0213641e-04   8.2075966e-04
   2.4631587e-04   4.6052248e-39   9.1185488e-04   5.2333955e-33   5.1743826e-04   4.6964428e-03   9.1436982e-36   8.1076379e-04   8.2600759e-05   3.5375448e-03
   2.4879012e-05   1.2779670e-29   9.8880383e-04   5.1547234e-29   6.4564673e-04   4.9730575e-03   9.9977908e-49   5.5102778e-04   1.9216160e-04   4.8134549e-03
   8.9697333e-05   4.0439996e-13   7.2877944e-04   1.3097417e-28   4.8713124e-04   4.9910397e-03   2.9192618e-23   5.0236154e-04   2.6440812e-04   5.1982296e-03
   4.0124951e-04   7.5319967e-16   2.0724725e-03   6.9269923e-33   6.6813829e-04   3.6227733e-03   5.9342793e-20   4.5145991e-04   2.8825934e-04   5.5487421e-03
   3.7363681e-05   6.4616910e-12   2.6853572e-03   1.4724313e-33   8.9194810e-04   5.4172483e-03   8.8565126e-09   4.6917054e-04   3.6599951e-04   4.4114306e-03
   2.3095969e-04   5.1942954e-14   2.9045466e-03   2.3004040e-56   1.0123633e-03   5.3663395e-03   9.4976345e-04   5.2746591e-04   4.0233860e-04   4.1816084e-03
   3.5668986e-04   1.4938747e-04   2.1097016e-03   5.3476285e-50   1.1089929e-03   4.3159878e-03   1.9820891e-03   3.2835570e-04   5.1198441e-04   2.4632074e-03
   8.2296835e-04   5.6612130e-03   1.9811207e-03   3.0751784e-50   1.7003886e-03   2.8704672e-03   3.1849468e-08   5.6524206e-04   4.1368993e-04   5.7738046e-05
   2.0387980e-04   3.7458251e-04   9.3836287e-04   2.3536706e-53   1.8562775e-03   3.8519039e-03   5.9230141e-29   6.6122230e-04   3.7395314e-04   2.7714635e-04
   1.2387109e-05   1.4569750e-08   5.7289308e-04   4.9594883e-49   1.3522328e-03   5.4069748e-03   1.3449718e-24   6.3387146e-04   3.7474026e-04   1.6475580e-07
   1.0480714e-04   2.6493613e-27   1.0074520e-03   3.6312215e-44   1.1899220e-03   6.5118829e-03   3.4605375e-40   3.8524680e-04   2.9590051e-04   4.2619621e-18
   8.0885127e-05   7.1978757e-55   6.8229334e-04   3.9489384e-45   1.0848168e-03   5.8627136e-03   8.8301688e-40   6.0351686e-04   5.4212196e-04   5.0457785e-44
   1.5809510e-05   2.0085583e-74   1.4862201e-03   2.4995349e-39   1.0675590e-03   5.2110381e-03   1.0523211e-29   4.4581149e-04   6.9242215e-04   4.5840741e-41
   3.4447981e-04   8.0791827e-72   3.8603229e-15   4.4426120e-31   9.6526882e-04   6.4250176e-03   2.0538795e-36   3.1242796e-04   8.1743391e-04   6.9954739e-42
   1.4854513e-04   1.0761522e-79   1.3784942e-03   9.3795757e-30   1.0628155e-03   5.9602613e-03   2.1338314e-45   5.5815931e-04   8.0971453e-04   2.2065262e-50
   8.0968519e-04   1.5975274e-73   4.9319652e-09   1.5942694e-23   1.2034191e-03   4.5904464e-03   5.1908552e-34   6.3776802e-04   9.2465235e-04   7.1993276e-54
   6.7710853e-04   1.1002610e-81   1.5419187e-03   6.5675617e-30   1.1673557e-03   4.8565410e-03   3.1773009e-19   7.5627257e-04   6.6572896e-04   3.8328542e-40
   6.7781242e-04   4.5348888e-36   2.5111523e-03   4.8965364e-29   1.1814185e-03   3.4170512e-03   2.7759159e-19   1.2621003e-03   5.6211706e-04   3.4056540e-07
   8.6887221e-04   1.8983157e-34   2.7638847e-03   1.8271076e-33   1.0347958e-03   3.6275952e-03   1.4805341e-12   1.9563128e-03   2.5657256e-04   4.9813100e-04
   7.9446175e-04   1.4855002e-36   2.7727929e-03   1.3612170e-23   1.0552979e-03   2.9198951e-03   3.0876457e-18   2.1206898e-03   7.5836819e-04   1.3668311e-03
   7.6176088e-04   1.2667642e-43   5.3416070e-03   1.2623867e-15   1.0058030e-03   2.0306973e-03   7.8845421e-06   2.5161148e-03   3.7812675e-04   1.6185306e-03
   1.9201182e-04   1.8306999e-53   6.3507074e-03   1.0033306e-02   7.6364253e-04   3.6842822e-03   2.8287292e-03   1.9158846e-03   8.1959758e-04   1.5293600e-03
   2.1625597e-05   1.9351662e-41   4.4821173e-03   1.6461077e-02   7.9672150e-04   4.6424321e-03   5.2735343e-03   6.4159399e-04   9.7855693e-04   8.3894621e-04
   1.1852486e-05   1.5693350e-27   3.4107785e-03   1.7496479e-02   8.0140184e-04   3.8441138e-03   6.2436627e-03   1.3265690e-04   8.6301717e-04   1.5823407e-09
   3.6620623e-04   6.9383075e-68   1.7884745e-03   1.1727060e-02   9.2139627e-04   3.0062165e-03   2.9060740e-03   2.9526770e-04   8.7933178e-04   2.3540812e-28
   6.3432849e-06   5.0787496e-33   1.4183543e-03   6.8985107e-03   1.1643085e-03   2.7603973e-03   2.7934462e-22   2.1176289e-04   1.0016600e-03   4.3043408e-18
   5.2069705e-04   1.0600099e-23   1.2225355e-05   1.8811853e-03   1.4606484e-03   2.8185893e-03   3.0177276e-43   3.0134257e-04   1.0075214e-03   3.3129469e-19
   2.2411923e-06   1.0392994e-17   4.4146022e-04   2.2643888e-24   1.3932094e-03   3.5607616e-03   1.4734820e-12   3.2647231e-04   8.1288084e-04   5.1050578e-25
   2.4944566e-04   7.8548795e-17   2.4301547e-43   2.2760746e-10   9.1114593e-04   3.6906373e-03   6.9324522e-31   2.4151611e-04   1.3780960e-03   3.0294869e-25
   1.5815969e-04   1.4278930e-35   1.1775851e-03   1.0793534e-10   5.3838574e-04   4.6044333e-03   2.1452262e-65   1.7446185e-04   1.1978202e-03   1.5722893e-35
   5.6870614e-05   5.5468604e-61   1.7997170e-26   6.4838843e-16   5.8431463e-04   4.5393196e-03   2.4549129e-44   2.4825258e-04   1.0865303e-03   3.7633081e-44
   6.6230376e-04   5.9680563e-79   1.0998230e-03   3.4212085e-28   6.1122703e-04   2.8305183e-03   4.0657690e-40   3.1136710e-04   1.4726373e-03   9.8035809e-55
   5.0397695e-04   7.3063544e-99   2.8149278e-04   3.7660430e-23   3.9064809e-04   3.4230037e-03   2.0798827e-34   3.6195568e-04   9.1970746e-04   5.1470902e-59
   3.6793764e-04   3.3090134e-75   1.0630989e-03   7.5338510e-14   3.9574409e-04   3.6474147e-03   3.5649206e-55   2.2389781e-04   1.2411797e-03   4.8359685e-42
   4.7179866e-04   2.5827771e-64   2.6689820e-04   1.3849326e-16   3.6024498e-04   4.8299111e-03   2.0984643e-67   2.1695405e-04   1.2286775e-03   5.3292737e-32
   4.1746337e-04   2.6688909e-52   6.2016603e-04   1.0746452e-16   4.8847253e-04   4.4067473e-03   9.1773676e-49   3.9347008e-04   8.8946585e-04   8.6708971e-25
   8.5590572e-04   1.6489818e-39   1.4108924e-03   8.1420775e-35   5.4684745e-04   2.7400270e-03   4.6171749e-39   5.4193865e-04   8.6511319e-04   4.9080017e-07
   5.4449702e-04   9.1465848e-27   2.6278028e-03   3.7153288e-55   5.2201777e-04   2.5281935e-03   3.6306070e-33   8.8069628e-04   7.1713155e-04   2.3974000e-04
   6.6417810e-04   5.1645004e-12   2.9680882e-03   3.6954866e-26   4.7593782e-04   2.0614375e-03   3.8205891e-08   8.2275507e-04   7.6142708e-04   4.7949733e-04
   6.4946206e-04   2.5308949e-14   2.2446184e-03   6.9924554e-66   4.6190307e-04   2.1707574e-03   1.6408987e-03   5.8113989e-04   5.7820009e-04   6.0725726e-04
   1.3754949e-08   4.5488277e-22   1.7941485e-03   4.2684890e-21   4.9687637e-04   2.8835051e-03   3.6329487e-03   6.9193541e-04   6.5052031e-04   5.5724231e-04
   6.3329059e-04   1.8673088e-17   1.0552541e-03   5.9446399e-19   4.6900943e-04   2.0298340e-03   5.4343277e-03   6.8553695e-04   5.4960071e-04   9.2533136e-04
   1.0483059e-04   3.4235484e-17   1.3858694e-03   6.1558576e-33   5.3922876e-04   2.8352224e-03   4.3147829e-03   4.3961959e-04   5.7836650e-04   5.8294205e-04
   4.4826199e-08   1.2397240e-11   5.3599436e-54   7.3308577e-06   7.6059692e-04   2.6118799e-03   1.9610055e-03   4.8011511e-04   3.4471894e-04   3.3688005e-04
   8.7396942e-05   2.9347707e-03   7.7014427e-04   2.4707982e-03   6.9113177e-04   2.6381961e-03   5.1974270e-12   2.3494148e-04   4.9631199e-04   7.0220546e-05
   5.5952395e-05   3.0105106e-03   4.0609768e-19   7.2865104e-05   8.2240368e-04   2.0800365e-03   1.4663832e-12   4.3688466e-04   4.9926121e-04   1.6160801e-08
   2.1157478e-10   2.0677429e-03   9.7137896e-04   1.4006867e-08   6.3371222e-04   1.5090860e-03   2.7072930e-11   3.4027426e-04   6.8184464e-04   2.2543033e-09
   3.9766382e-08   8.9521465e-10   1.1235684e-30   6.2007173e-06   5.7163884e-04   2.3216459e-03   4.4972289e-65   4.4315175e-04   5.6640276e-04   6.4803916e-15
   4.4738879e-07   6.6150311e-30   4.7380648e-04   2.5128177e-03   4.7739806e-04   2.5335582e-03   5.7453364e-36   2.9167010e-04   5.1680112e-04   6.2597459e-26
   3.1316766e-11   1.9672235e-43   1.2046863e-33   2.8265001e-03   4.0992909e-04   2.4243143e-03   1.2888272e-51   2.8395654e-04   6.8170669e-04   1.0415459e-30
   9.8754323e-08   2.8745614e-39   9.8117263e-12   2.4569105e-03   4.4951048e-04   2.7780590e-03   7.0802521e-45   1.3798487e-04   4.2818251e-04   4.0033632e-32
   2.7844717e-06   3.1094912e-33   4.1378337e-13   2.3664426e-06   4.4053693e-04   2.9925665e-03   2.8615188e-54   3.2242535e-04   2.9747697e-04   6.4915250e-21
   3.9140044e-09   1.7554642e-93   2.3686146e-22   1.2647339e-03   4.5654107e-04   3.2159233e-03   7.8569504e-51   2.8759011e-04   2.4194818e-04   2.5464492e-28
   1.6261124e-10   1.4865711e-28   1.0506154e-22   3.1455148e-16   5.1065325e-04   2.9182676e-03   7.0837039e-27   2.9032257e-04   4.2370234e-04   3.0462523e-04
   3.4536532e-05   1.4261336e-20   4.5820355e-04   7.8456429e-36   5.8213869e-04   2.2298478e-03   3.7199781e-21   3.6856269e-04   3.4564631e-04   7.1700898e-04
   2.8496968e-07   9.9583519e-10   4.5236600e-04   3.4158500e-28   7.8145622e-04   1.8375243e-03   1.0215547e-20   3.0850560e-04   2.4393754e-04   3.8617313e-04
   2.3503902e-09   3.5896285e-05   4.4026269e-04   6.3073044e-21   8.5405177e-04   1.9226122e-03   2.0815835e-07   4.1635687e-04   3.0223807e-04   2.9316983e-04
   2.5206161e-07   2.2302000e-04   2.5363213e-05   2.9826013e-26   6.5478399e-04   2.4763351e-03   1.5882680e-03   3.3226292e-04   2.3435723e-04   7.0348667e-04
   2.2210585e-08   4.4621550e-03   1.2191941e-14   4.5592595e-38   4.2072777e-04   2.3164956e-03   2.3002079e-03   3.3129936e-04   2.7123257e-04   3.7972177e-06
   1.2530882e-05   4.8445880e-03   8.3530146e-11   3.7114386e-23   4.4630398e-04   1.8472851e-03   2.4048298e-03   2.8323116e-04   2.1606845e-04   1.2086517e-05
   1.6938355e-16   2.0776400e-03   1.4795605e-41   8.9439664e-24   4.8556002e-04   2.1844155e-03   1.7728768e-03   3.5775247e-04   2.4163552e-04   1.3857698e-04
   1.7906714e-13   1.5956783e-03   7.4339657e-26   1.5981088e-34   4.2473280e-04   2.1724466e-03   1.1746661e-03   2.9276358e-04   1.4107362e-04   3.2792923e-09
   4.6201695e-08   1.8687348e-03   8.5139114e-49   1.5741148e-28   5.4516818e-04   1.8218471e-03   2.0784070e-04   3.4945120e-04   2.3591156e-04   1.0309475e-08
   8.7488949e-10   2.7010412e-03   1.1087348e-27   3.6149401e-28   7.7647214e-04   1.8448833e-03   1.8324890e-13   2.6142657e-04   3.1575618e-04   1.1273874e-17
   5.2287517e-14   2.3324589e-03   8.7854150e-67   4.7857032e-33   5.8896181e-04   2.0452411e-03   5.2734798e-15   2.5968858e-04   3.6207492e-04   6.9542372e-11
   1.2386600e-09   1.5756266e-03   9.9262062e-33   9.0487458e-15   4.4007720e-04   1.8491245e-03   3.6335264e-23   3.6080829e-04   3.7703042e-04   4.2772019e-11
   8.2175355e-06   9.6786361e-11   6.2114412e-62   1.3155289e-21   4.8702224e-04   1.5125952e-03   2.0548296e-33   2.2464350e-04   2.3593516e-04   1.3347922e-21
   6.3638205e-11   1.2234973e-26   1.3101519e-38   5.6562105e-24   3.9109819e-04   2.0887794e-03   2.0458280e-47   2.4535010e-04   1.7515455e-04   1.3616572e-28
   4.0992733e-09   2.2773969e-62   3.2346809e-49   2.4918756e-33   3.2296391e-04   2.4631950e-03   2.7623747e-63   1.8262954e-04   1.8546237e-04   1.9783604e-61
   1.2428438e-08   4.5869028e-57   1.7697809e-38   6.7935287e-18   3.8131771e-04   1.8797969e-03   4.3656480e-50   1.2019926e-04   1.8081514e-04   1.1233337e-39
   9.0575725e-13   4.7747605e-47   8.3780733e-41   3.9518392e-19   3.3001471e-04   2.5052742e-03   4.5231111e-58   1.2963588e-04   1.7150319e-04   2.1637672e-23
   9.6251946e-10   8.1820015e-37   1.8626913e-37   1.5317927e-13   2.4034630e-04   2.7798373e-03   1.0884306e-74   1.3408856e-04   1.9508240e-04   6.3944783e-18
   3.9995890e-11   5.6878817e-37   3.1785951e-47   5.6669068e-23   3.2020986e-04   2.5677431e-03   7.8132662e-57   1.1703906e-04   2.0469264e-04   1.3787214e-04
   1.0042983e-07   1.2991310e-12   5.6005547e-39   1.2252775e-17   3.5952014e-04   2.4440990e-03   1.1555813e-40   1.1932464e-04   1.2621081e-04   1.8796865e-04
   5.3991242e-17   2.5000449e-06   6.7602269e-67   2.0209178e-44   3.7243325e-04   2.6896815e-03   1.8571282e-21   1.2332378e-04   1.1752519e-04   9.4268149e-05
   4.7432764e-10   7.9251206e-15   2.8837267e-45   4.3731310e-24   3.3758826e-04   2.9955424e-03   1.1549121e-29   1.5502915e-04   9.9255377e-05   2.9422019e-12
   1.2563134e-07   4.4188984e-20   4.8240251e-53   6.9628650e-27   3.5794914e-04   2.4765051e-03   4.8427398e-22   1.5492640e-04   1.1891766e-04   9.9009368e-22
   2.2723210e-05   5.2440871e-13   3.4282718e-44   7.7736123e-30   3.6329021e-04   2.7309522e-03   1.5967264e-12   9.7949542e-05   8.4696884e-05   2.4675823e-11
   2.7346662e-07   5.1829209e-07   7.3990746e-45   1.3453738e-33   5.7332558e-04   3.1528456e-03   7.8793314e-18   5.2464875e-05   5.9909212e-05   1.2068136e-15
   7.9542378e-06   2.3211751e-03   1.5873818e-42   8.1269076e-42   4.1265057e-04   3.1035301e-03   1.2317721e-17   1.0066324e-04   4.7735639e-05   6.6345053e-12
   2.0807394e-09   1.2611406e-03   2.1966621e-41   3.7877531e-36   5.6665121e-04   3.0008337e-03   1.4486621e-49   1.0124679e-04   6.2055768e-05   2.5460074e-15
   7.1186738e-09   5.9588598e-09   3.4650596e-42   4.8862481e-51   5.4309329e-04   2.9147249e-03   7.3375597e-46   9.9523818e-05   7.8011466e-05   8.0970579e-22
   1.1969518e-05   1.6751367e-09   3.7794289e-20   1.1207564e-48   3.9587770e-04   2.1659298e-03   1.9848581e-54   1.3238956e-04   8.7001958e-05   5.2353215e-21
   8.3205174e-05   1.5252915e-17   1.0517434e-24   9.3879230e-39   3.9679642e-04   1.7323837e-03   5.5769629e-51   1.1974482e-04   1.2883114e-04   1.1752817e-27
   1.4422363e-04   1.9261381e-29   3.3691338e-15   4.1623125e-35   3.4619799e-04   1.9204899e-03   1.2628184e-43   9.6831753e-05   1.3010666e-04   1.8584738e-29
   6.5886763e-07   7.2653100e-51   4.0878593e-24   2.0654075e-44   2.4932288e-04   2.6847432e-03   1.1580659e-50   1.2013124e-04   1.1058087e-04   5.1325897e-37
   9.1722654e-08   9.5192744e-67   1.3749752e-17   1.5315396e-31   2.9143631e-04   2.6218203e-03   2.4710477e-72   1.1288230e-04   1.4885006e-04   1.8134720e-59
   2.5946341e-06   1.5406202e-74   1.3094118e-07   1.5061549e-25   2.9404656e-04   2.2514135e-03   1.3885400e-52   1.1076958e-04   1.7950724e-04   5.0447409e-53
   3.2480926e-09   4.7845734e-73   5.6178097e-12   2.9002945e-27   3.2782493e-04   2.6451344e-03   2.2793123e-50   9.9602937e-05   1.6700981e-04   2.2981424e-49
   8.9574684e-09   4.5565222e-62   1.4081216e-04   7.7898997e-31   2.3364760e-04   2.5280916e-03   2.9124964e-55   1.4680257e-04   1.5050802e-04   1.1934227e-47
   4.0663371e-07   1.3370854e-46   1.4748396e-05   2.8632785e-19   2.0850848e-04   2.1927859e-03   1.3417242e-53   8.6430278e-05   1.4840066e-04   5.1579648e-47
   1.4210463e-09   5.9704932e-39   1.0120528e-16   1.0545817e-21   1.9679880e-04   2.2106369e-03   4.7053244e-16   7.0095782e-05   1.9558403e-04   6.2714851e-27
   1.0947568e-13   6.3470338e-39   1.9550773e-18   1.5015763e-13   2.8456938e-04   3.0538621e-03   2.1158360e-04   2.7681230e-05   1.1237044e-04   3.0531653e-33
   2.8575114e-21   4.7517959e-46   1.2648893e-62   2.1453757e-13   2.9988716e-04   3.0871788e-03   7.9998010e-04   5.0463353e-05   1.0305808e-04   6.7358947e-26
   7.5803962e-17   9.4366853e-50   1.9352961e-32   3.3679723e-20   3.1071912e-04   2.9078661e-03   1.0353070e-03   6.0375851e-05   1.1965365e-04   1.2673067e-30
   2.4614279e-08   9.7396813e-61   1.0435996e-48   1.7746730e-12   4.5251569e-04   1.5382732e-03   1.9913615e-04   1.8895040e-04   7.1587135e-05   1.1624839e-27
   1.3761193e-14   3.7925851e-64   4.2102780e-35   1.9610561e-05   5.7506758e-04   2.5138704e-03   1.9958706e-29   1.0660343e-04   3.0611528e-05   1.3732713e-40
   9.3716189e-24   2.6027080e-59   4.4890359e-49   1.0254784e-03   3.7664982e-04   3.3028839e-03   2.8388401e-46   3.3104006e-05   3.1486322e-05   1.2033674e-41
   3.7009064e-19   5.8613648e-60   1.8070936e-39   4.9689100e-04   3.0178463e-04   3.1450518e-03   4.9724970e-34   7.0451423e-05   2.3920895e-05   4.1795022e-43
   3.0495190e-27   5.4307984e-66   8.4436245e-51   9.5833016e-24   4.1106937e-04   3.1885997e-03   7.4947485e-43   8.5324075e-05   7.1437572e-05   2.1851865e-58
   3.2973408e-26   2.0660021e-49   2.8842973e-35   3.6466066e-12   4.4010246e-04   2.3615095e-03   8.9239969e-59   8.9847598e-05   4.3575286e-05   2.1745307e-44
   2.2431291e-20   4.3676270e-39   4.7486627e-29   1.5414963e-15   3.7097970e-04   2.1815361e-03   8.8893762e-59   1.7188384e-04   2.4086986e-05   1.6112360e-36
   2.4521625e-18   3.5326013e-57   3.5534369e-39   2.9924972e-37   3.5521378e-04   2.4752371e-03   5.8127189e-44   1.5825437e-04   4.1110992e-05   2.4589259e-40
   4.4680383e-15   3.7754024e-74   5.8611736e-44   8.3982556e-33   3.8834139e-04   2.6426734e-03   2.0293764e-75   9.8278168e-05   2.5542882e-05   1.6594603e-58
   7.4528046e-17   1.2007663e-69   1.2766904e-43   3.1775018e-37   2.9620830e-04   2.9617718e-03   6.7440288e-50   1.7005183e-04   1.3558385e-04   6.8669396e-60
   5.2591470e-18   3.2319040e-75   3.9251054e-31   5.3636089e-30   2.5187064e-04   3.3230360e-03   1.5245264e-55   1.9855600e-04   1.8148652e-04   6.5512010e-51
   4.1392208e-08   4.9827448e-44   2.1923272e-23   7.4231151e-30   3.0513566e-04   2.5566233e-03   1.0921451e-41   2.0859584e-04   1.2894231e-04   4.0747355e-30
   2.9067054e-04   9.9488469e-30   8.6861755e-17   2.0235282e-17   2.6019354e-04   1.4745361e-03   4.0386532e-42   2.4392417e-04   1.4788742e-04   4.2407537e-12
   9.7536650e-05   8.5187807e-23   6.8832928e-10   5.7111110e-10   1.9946868e-04   1.8024736e-03   2.0296670e-47   3.6856486e-04   1.6362965e-04   5.9522057e-13
   1.9407222e-05   1.1527573e-25   2.9601866e-33   4.8367032e-11   2.4158587e-04   1.9793455e-03   6.0057591e-60   3.3710973e-04   2.1397043e-04   1.6138465e-06
   1.3667239e-06   3.7879296e-27   2.1559191e-60   1.0961441e-15   3.3637093e-04   2.4159078e-03   2.9329807e-34   2.6483788e-04   1.7707782e-05   1.9804779e-16
   4.7123159e-05   3.0232913e-24   1.0730495e-49   6.3090517e-14   3.3649602e-04   2.4440337e-03   3.1900762e-33   2.7198155e-04   3.7424055e-05   1.2682465e-16
   1.0404943e-04   1.1638888e-27   4.1407187e-49   5.8759712e-14   4.0618066e-04   2.4987748e-03   4.5251121e-36   1.8924051e-04   8.2685972e-05   3.8326754e-21
   1.3878052e-08   9.0302482e-30   1.2442079e-40   8.5503220e-19   3.6176114e-04   2.8408003e-03   3.2995880e-29   2.0146083e-04   1.8003208e-04   1.0043498e-26
   4.6549662e-15   4.6584586e-32   7.1079499e-68   3.7349687e-25   3.5851165e-04   3.0465861e-03   7.6644335e-30   1.3215137e-04   1.6008582e-04   2.7542747e-32
   3.0921690e-07   4.4700735e-34   1.0132256e-37   6.7076649e-48   3.1397195e-04   2.6599780e-03   2.5318111e-62   1.5779694e-04   9.8717513e-05   1.9464390e-35
   2.5163609e-09   1.0296271e-27   8.5533248e-39   9.5207851e-30   2.6528319e-04   2.7043794e-03   4.1264005e-44   1.4870826e-04   9.8019402e-05   1.4402942e-31
   2.5129192e-14   2.6072487e-29   1.7270104e-47   3.8113721e-12   3.0964993e-04   3.4006262e-03   2.0057668e-51   1.1653437e-04   8.2114198e-05   6.4049590e-32
   1.3882326e-09   3.0369566e-23   1.6120867e-47   4.6838801e-18   3.1694173e-04   3.1073884e-03   1.3754298e-41   2.1680977e-04   3.9699189e-05   3.0423171e-34
   1.4578852e-08   4.1837680e-06   9.3193683e-56   1.3383656e-06   2.3275633e-04   2.3874239e-03   2.9614043e-53   2.4926480e-04   1.1555316e-04   9.0524120e-16
   8.7117736e-05   1.2001246e-14   1.4110366e-49   3.7909520e-21   2.2535422e-04   2.5347314e-03   1.3825005e-45   2.4505330e-04   7.0511614e-05   2.5252637e-26
   2.2579685e-07   9.6269954e-54   5.8375183e-61   1.2253509e-24   2.7842244e-04   3.3066586e-03   5.3378664e-72   2.9168269e-04   1.0555107e-04   8.0468779e-55
   3.2263290e-15   7.2579652e-59   6.3147222e-40   1.0925765e-03   2.9774967e-04   3.3916391e-03   1.9654432e-61   1.6212870e-04   1.1538101e-04   6.5012404e-47
   1.1972271e-07   1.7819308e-19   3.9029666e-51   1.2648510e-03   2.7067611e-04   3.0693988e-03   3.9185090e-79   1.4737155e-04   1.1048477e-04   1.2117060e-13
   2.0925171e-12   1.8492461e-14   1.8601823e-36   1.0916433e-03   2.4438300e-04   2.7265387e-03   2.9844085e-65   2.0317546e-04   1.4552590e-04   1.7015637e-04
   1.8678259e-08   2.8730891e-30   8.2015378e-30   5.0399431e-15   2.4273914e-04   2.7654295e-03   4.9881710e-63   1.6665324e-04   2.2477594e-04   1.9953140e-04
   1.8518277e-14   4.4579420e-57   1.3327129e-55   8.2507232e-18   2.1665101e-04   3.1211404e-03   4.9930076e-52   1.2542936e-04   1.7009632e-04   4.4156078e-04
   4.4673366e-08   1.9829935e-68   5.9084966e-32   1.4033112e-25   3.4347859e-04   2.3890778e-03   4.8248363e-38   1.5039581e-04   1.9429417e-04   5.9876458e-04
   1.2576907e-11   1.1355776e-41   2.7595278e-62   5.9647813e-26   3.9192234e-04   2.9079041e-03   7.1871893e-38   1.2057754e-04   1.4214603e-04   5.8648703e-04
   3.1862410e-16   4.2719412e-24   2.3836089e-36   1.8060321e-25   2.7918730e-04   3.9040363e-03   2.3161443e-43   1.0594846e-04   9.1180849e-05   6.4036960e-04
   3.8540412e-21   1.5636086e-15   6.8305312e-36   4.5236489e-27   2.3907281e-04   4.3418793e-03   5.5876474e-27   7.5056981e-05   7.1495839e-05   4.1754752e-04
   3.7263904e-11   1.2672579e-07   5.9031952e-49   8.4438459e-45   2.8377026e-04   4.7580130e-03   1.3688766e-14   3.8377656e-05   2.3842380e-05   4.2880223e-06
   3.0671352e-17   2.5087388e-21   8.4549245e-51   4.9282171e-27   3.3789676e-04   4.1672029e-03   3.9495398e-15   1.1407201e-04   1.1883412e-04   8.6326006e-09
   2.7715724e-21   7.8042150e-32   7.9034283e-52   4.7535407e-25   3.1247440e-04   3.1361540e-03   4.8496112e-23   2.5119001e-04   9.7729451e-05   1.3254865e-15
   1.4810456e-15   1.2867522e-32   2.7134326e-86   1.4514578e-35   2.6080353e-04   3.1502023e-03   3.2803163e-17   2.2538552e-04   5.4473810e-05   1.5093860e-14
   7.3942607e-16   1.4178447e-13   1.7741435e-43   7.3692291e-45   3.1661070e-04   3.1883810e-03   9.9725639e-09   1.5163036e-04   6.5636517e-06   8.0663636e-09
   7.5646638e-22   3.1701011e-28   2.4685803e-37   5.6557566e-24   2.9077497e-04   3.3662133e-03   3.9445693e-20   1.4392459e-04   3.8119792e-05   1.9509599e-14
   3.8399345e-23   1.3051979e-04   8.0617350e-44   1.2156443e-28   2.0296492e-04   3.5168949e-03   8.2869829e-25   2.2849142e-04   5.6987323e-05   3.3903309e-14
   1.2811792e-12   4.1973342e-08   8.7104502e-40   8.1614384e-32   2.0733014e-04   4.1148818e-03   1.1096949e-21   1.3246089e-04   3.2570276e-05   2.0858867e-08
   2.0819199e-09   2.4584978e-15   5.7546324e-29   7.1673102e-31   1.6986389e-04   4.1529271e-03   5.1087853e-24   1.5394609e-04   2.6867125e-05   4.3638577e-19
   4.1582184e-16   2.7306124e-30   5.2200220e-54   2.9095853e-35   1.8028569e-04   4.2148628e-03   6.0913168e-48   1.8319112e-04   2.4459758e-05   2.7340307e-16
   4.3183692e-19   7.4064582e-35   4.1630941e-43   1.7943107e-41   1.5927986e-04   5.7294171e-03   3.6196009e-54   1.4474836e-04   1.5995992e-05   1.3142374e-04
   4.8346283e-18   1.1761961e-74   5.5324709e-24   5.8096032e-39   1.9846905e-04   4.7270598e-03   7.3975920e-45   1.4839915e-04   1.0926547e-05   1.3665873e-04
   3.9296648e-16   3.0606613e-43   3.4434599e-41   2.2569434e-28   2.7398520e-04   3.7997346e-03   1.3655550e-48   1.1744641e-04   1.2848983e-06   4.0562879e-04
   7.2600597e-19   3.6660315e-39   1.1425938e-35   9.8746780e-32   2.6493328e-04   4.0248159e-03   4.1054390e-26   1.0161806e-04   3.1484651e-05   5.7293052e-04
   4.9543061e-13   2.2298918e-43   1.4811392e-37   1.6938475e-38   3.1347297e-04   3.3809326e-03   2.4810737e-21   1.0638307e-04   2.0025774e-05   3.7708160e-04
   2.2807544e-10   5.6708158e-29   3.5346712e-44   2.8134201e-42   2.9250602e-04   3.1403094e-03   1.4857499e-25   8.0293704e-05   3.3190645e-05   1.6996909e-04
   2.0426028e-11   3.8301591e-20   1.2012940e-31   1.2553155e-35   2.8312636e-04   2.6917076e-03   2.2486788e-20   1.5076290e-04   2.3091058e-05   3.4403094e-07
   5.0242891e-22   1.3202895e-29   2.2948112e-60   1.5028585e-33   1.9325797e-04   3.9537093e-03   3.3135436e-04   1.0720927e-04   2.5531758e-05   3.6015095e-26
   9.9681259e-15   1.0603041e-23   1.3398561e-50   1.1746541e-33   2.1864571e-04   4.6807534e-03   7.4255770e-04   1.2191341e-04   2.4375294e-05   1.4551590e-07
   8.6519082e-17   4.9113534e-33   1.5901395e-63   6.6565951e-32   2.6469789e-04   4.0414031e-03   6.0857562e-04   1.1205984e-04   7.3882159e-06   5.4997442e-05
   2.1839035e-13   4.8067928e-73   5.6389414e-61   4.1641552e-25   2.2939225e-04   3.6583937e-03   1.2458230e-05   5.6758720e-05   2.4777023e-05   8.1378205e-14
   9.8127060e-09   8.5331410e-52   1.9320128e-54   5.3436442e-31   2.0000471e-04   4.6216930e-03   4.7218694e-15   3.5957186e-05   5.3065176e-05   7.3743991e-27
   1.6639348e-08   1.2003677e-09   5.5792104e-85   3.6782972e-43   1.8554726e-04   4.8667067e-03   4.0301958e-04   4.7330263e-05   5.8544886e-05   6.9860981e-09
   2.6173897e-08   1.5794729e-12   4.2433496e-58   2.5961841e-44   2.5433694e-04   3.3885249e-03   5.5985416e-14   4.5615834e-05   6.9098989e-05   8.2727052e-05
   3.1681973e-06   6.6916670e-05   5.1806492e-51   4.2025793e-30   1.9164694e-04   3.8210906e-03   3.5600486e-04   4.0578793e-05   1.2875652e-05   7.8910762e-05
   3.1776466e-08   6.7086202e-04   3.7537979e-43   6.6512101e-39   1.9806101e-04   2.9181486e-03   7.4324460e-08   7.5836795e-05   3.0612991e-05   3.8644989e-06
   1.4030326e-04   3.8493928e-04   3.6565090e-67   2.1016357e-37   1.5994625e-04   2.1930826e-03   1.8747958e-12   1.0954083e-04   6.8911235e-05   1.0746993e-09
   6.0984243e-06   4.2610876e-15   8.3897730e-37   3.4948357e-39   1.1018690e-04   3.2572816e-03   5.5533336e-31   6.3230711e-05   8.1333153e-05   1.6849563e-04
   3.6800718e-08   3.2535660e-58   6.7919623e-45   6.4016390e-42   1.1004850e-04   4.3531168e-03   4.0213608e-19   4.0712492e-05   5.0497427e-05   2.9700761e-04
   3.0732731e-05   1.0712621e-25   1.3255249e-67   3.9704050e-54   1.5032424e-04   3.4177086e-03   3.8385655e-30   8.3487501e-05   5.3637422e-05   4.1217810e-04
   3.1335625e-05   2.9753925e-32   1.1975452e-28   2.4897093e-43   1.4049186e-04   3.1304578e-03   7.4861065e-19   5.6403366e-05   5.6593354e-05   1.0910115e-03
   2.2653160e-05   2.9461978e-45   1.9065557e-44   8.1805333e-37   1.6035771e-04   4.0170705e-03   1.6849068e-04   8.1182909e-05   7.0009633e-11   9.5990002e-04
   2.7193009e-05   6.8807675e-28   2.5698190e-41   7.4353004e-39   1.8602339e-04   4.8266819e-03   1.8590210e-11   5.1224515e-05   2.3005236e-05   8.8351801e-04
   3.3096288e-12   8.1053220e-22   1.5720375e-81   6.0170212e-32   1.8312488e-04   4.4405839e-03   7.5395386e-08   8.0050509e-06   3.4899018e-05   8.5459615e-04
   4.3930821e-05   1.2398848e-21   3.8887167e-34   2.7648688e-30   2.1776409e-04   3.6780268e-03   1.3056262e-11   2.5023807e-06   7.4667739e-05   8.5852715e-04
   8.4291346e-05   5.1903102e-20   2.2143976e-30   2.5984615e-17   2.5622172e-04   3.6613786e-03   2.5518630e-05   1.1319361e-05   5.5422231e-05   5.0096457e-04
   1.0432302e-04   1.0143877e-24   1.1274545e-11   2.8945791e-27   2.5801506e-04   4.5747789e-03   6.8107819e-04   2.2888868e-09   5.4908676e-05   6.1850671e-04
   2.2082110e-04   1.7469232e-26   4.5673900e-04   7.0702723e-18   2.3956748e-04   3.8096925e-03   1.2042643e-03   1.5595772e-06   2.9658332e-05   8.2506254e-04
   6.3494838e-04   2.4732301e-36   3.1342485e-06   1.2736637e-18   3.4782128e-04   2.7481956e-03   7.5430581e-14   3.4506160e-05   1.1721860e-04   1.8852391e-04
   6.0012097e-04   4.2795925e-37   5.6961357e-06   9.4699351e-26   3.3584936e-04   3.9077805e-03   1.6916563e-16   2.4824664e-06   5.7550383e-05   3.9949024e-04
   5.9247827e-04   1.8801507e-03   1.2096834e-03   2.0432357e-35   3.5593585e-04   3.7329413e-03   6.8126188e-04   1.9389466e-05   5.3555678e-06   5.5713709e-09
   4.3594921e-04   4.7742452e-18   1.9198199e-03   7.4305944e-40   3.4449081e-04   3.3782677e-03   3.3234827e-04   5.1362025e-05   1.6620883e-05   6.7808022e-04
   4.6591397e-04   3.4308291e-03   9.4686404e-04   7.3430338e-43   3.1405060e-04   3.0201515e-03   8.5349920e-04   3.8983576e-05   6.3944157e-05   2.6590776e-04
   1.2415958e-03   4.3257786e-03   7.9109298e-04   1.7838442e-27   2.4487402e-04   2.8167605e-03   1.7771218e-07   3.4432259e-05   6.7740451e-05   2.0728777e-04
   2.7942898e-04   3.0921835e-03   1.6904961e-03   9.2049319e-43   2.6075579e-04   2.9541497e-03   3.8728817e-04   6.3090407e-05   7.8124086e-05   3.3349585e-06
   4.2408159e-04   2.0011582e-12   7.7655937e-04   3.7080087e-75   2.6379896e-04   2.8429076e-03   1.5177521e-16   9.4901109e-05   4.1456407e-05   4.8543450e-04
   7.1470199e-04   8.3743560e-37   9.8453156e-04   4.6619299e-54   1.5213050e-04   2.8611747e-03   8.0242049e-38   4.1817739e-05   3.8189681e-05   7.2001354e-04
   7.2195892e-04   8.0288939e-47   1.2872359e-03   7.3199705e-50   1.4168137e-04   2.7991697e-03   3.3177697e-04   3.3524620e-05   6.2724279e-05   5.4055207e-04
   4.6423079e-04   1.8444328e-63   1.7054996e-28   2.2834994e-53   1.4895388e-04   2.4797839e-03   4.0700249e-04   5.5799436e-05   6.0624976e-05   8.9068977e-04
   3.6015871e-04   3.4605613e-35   1.0900744e-03   5.8502307e-24   1.0181954e-04   2.2617037e-03   2.9336306e-04   5.4858530e-05   1.2441364e-04   1.6756897e-03
   4.7376761e-04   3.5061439e-18   5.3333788e-22   9.6953407e-32   1.5934102e-04   1.7892378e-03   1.4018045e-10   9.7891891e-05   1.0742230e-04   1.6307295e-03
   4.3088692e-04   1.1611035e-14   4.1663209e-04   1.5415283e-20   1.7582064e-04   2.2073253e-03   9.5757572e-04   4.3507741e-05   1.1864096e-04   1.2905552e-03
   1.5945665e-04   4.4565446e-04   4.4570284e-11   3.7889658e-29   1.4200060e-04   3.0361588e-03   1.3363565e-03   1.1554304e-05   1.3671174e-04   1.0103633e-03
   4.9294883e-05   2.6066217e-03   2.4858225e-04   1.3348005e-13   1.9495313e-04   3.5063051e-03   1.0302086e-03   9.6398786e-06   1.3723839e-04   6.7119233e-11
   1.7337689e-04   7.9861494e-19   9.8067269e-04   4.5880766e-26   2.0505169e-04   3.7868495e-03   1.9154020e-03   1.8254338e-05   1.8199702e-04   7.4247544e-04
   4.7064004e-04   3.7808319e-12   1.9467103e-11   4.3251383e-41   2.7861970e-04   2.7072852e-03   2.7523904e-03   5.6005780e-05   1.4347302e-04   9.1938410e-04
   2.8874466e-04   2.2543385e-05   4.9693755e-04   1.8518743e-34   3.1945055e-04   3.0206359e-03   2.0910545e-03   1.4138670e-05   1.4763708e-04   5.7124997e-04
   4.5304001e-07   3.0961097e-05   6.3348009e-04   4.9709363e-34   3.0324751e-04   3.3718244e-03   3.4642498e-13   1.4284395e-06   2.8189522e-04   6.4241991e-04
   8.2993116e-07   5.3903190e-03   9.7638825e-04   4.1598881e-40   3.9332958e-04   2.9957205e-03   1.3729592e-03   3.1003310e-06   3.2508279e-04   2.2477461e-05
   6.6880303e-11   6.4725645e-03   2.6154300e-04   7.0312400e-29   3.7923751e-04   2.9754889e-03   1.5082036e-03   2.4824936e-05   3.4990116e-04   1.8830794e-04
   1.1641529e-11   1.0080283e-02   2.6343163e-17   3.7540765e-34   2.9520748e-04   3.1262933e-03   1.7045602e-03   1.6825917e-05   3.5433142e-04   1.1743683e-07
   8.3296246e-05   1.0524384e-02   1.7209951e-04   1.8785470e-35   3.2062503e-04   2.5719692e-03   6.1917894e-04   3.4480053e-06   2.8103066e-04   2.4249526e-05
   8.4529900e-08   7.7719308e-03   2.1141521e-10   3.4461607e-39   3.4593592e-04   2.9324792e-03   9.4081877e-04   2.5023352e-10   2.4821488e-04   7.9712674e-07
   1.6432762e-09   3.4371656e-03   9.0673737e-19   8.9256328e-28   2.6346968e-04   2.4762336e-03   6.5345104e-04   6.5881007e-06   3.4844622e-04   5.8860513e-05
   2.7007462e-11   2.4189660e-28   2.9900528e-04   1.8399935e-47   2.5359106e-04   2.1909780e-03   1.8296766e-14   4.9278996e-05   3.6223449e-04   4.2619783e-04
   1.0585808e-05   1.2230951e-24   1.0166133e-48   4.6341274e-49   2.1822758e-04   3.0159396e-03   1.7370823e-05   6.1787254e-05   3.3070867e-04   7.5603754e-04
   8.8400008e-05   1.5258577e-40   1.2604945e-21   3.3702026e-35   1.7848335e-04   2.5929177e-03   5.9305642e-04   2.0139012e-05   2.2227543e-04   7.1015316e-04
   1.4841346e-04   4.0880104e-36   5.7560156e-16   1.1204179e-37   2.0597717e-04   2.2653398e-03   1.2223634e-03   5.0978295e-05   1.8059174e-04   6.3955298e-04
   1.6981544e-07   1.0474345e-03   3.2862860e-04   1.5403063e-36   2.7709830e-04   2.7682784e-03   3.5887990e-04   8.7901530e-05   3.5017680e-04   3.5610692e-04
   2.9431136e-09   1.2110574e-18   6.2105686e-05   5.8276392e-36   2.7877308e-04   3.0264712e-03   2.6237244e-03   8.5260785e-05   3.8025486e-04   1.4793071e-04
   4.3052302e-05   1.4949298e-10   5.6223561e-04   3.3945798e-34   3.0196099e-04   3.0226668e-03   2.4745356e-03   9.6228292e-05   2.5784157e-04   3.2285797e-12
   2.7959573e-05   1.8812531e-08   9.1557258e-04   1.8025253e-38   3.2859246e-04   2.9465211e-03   1.9004456e-03   9.2046406e-05   1.7313563e-04   1.8546067e-04
   1.7503280e-04   1.7564234e-23   7.0207819e-04   4.7427109e-35   1.6632251e-04   2.0384066e-03   2.0393293e-03   1.2651628e-04   3.1611477e-04   3.8550207e-04
   5.7409020e-05   4.3318246e-13   7.1633459e-04   5.6948707e-41   2.5159934e-04   2.2829433e-03   7.4306055e-04   1.4034547e-04   3.9192161e-04   2.4567546e-04
   3.7446229e-06   1.4668536e-06   8.2562417e-04   2.6579472e-39   4.4144635e-04   2.0792418e-03   8.0158934e-61   1.4159372e-04   3.6766787e-04   3.1245582e-07
   1.9282736e-04   5.6386675e-19   1.1295418e-03   2.2329205e-36   4.9255254e-04   1.4829377e-03   7.6809106e-08   1.2282562e-04   4.0115332e-04   1.1332669e-12
   1.3293859e-04   4.1931304e-12   7.1172146e-04   1.2032813e-28   5.2133606e-04   1.8245092e-03   5.7322109e-04   6.2001565e-05   2.8424254e-04   9.5039049e-09
   1.4628788e-05   2.1066337e-06   3.8732612e-04   2.3095687e-26   4.7951222e-04   1.8382752e-03   7.1031375e-04   3.2768219e-05   1.7552386e-04   1.4851712e-09
   2.4353847e-10   1.7033634e-03   7.0844192e-11   1.5647620e-42   3.3939707e-04   2.3192671e-03   2.1164244e-15   3.4918322e-05   3.2088728e-04   1.2536163e-14
   3.8920141e-06   3.0966657e-03   1.1137374e-34   2.0518407e-46   3.0949556e-04   2.2937516e-03   3.2106415e-15   2.4659201e-05   4.1898358e-04   1.2225463e-11
   1.0567734e-05   3.1709484e-03   1.6062601e-04   2.3789387e-29   3.2250881e-04   2.0995750e-03   1.2421497e-13   4.7157773e-05   3.6640388e-04   2.0324742e-09
   2.2170370e-05   1.7927603e-03   1.5888728e-17   2.0143478e-35   2.5775832e-04   2.3756657e-03   1.8436692e-08   4.0135622e-05   3.2419701e-04   9.3578964e-05
   1.3900713e-05   3.3219542e-20   1.6323589e-09   2.7258549e-47   1.9683334e-04   2.8189979e-03   2.4810047e-09   5.0120982e-05   1.9670856e-04   9.0786425e-05
   3.5310913e-05   1.0128509e-36   3.2987917e-33   4.1010144e-51   2.1273284e-04   2.8496808e-03   2.5635126e-05   3.1949187e-05   2.3752485e-04   1.1551815e-04
   3.7453404e-05   1.6475465e-37   9.7656611e-24   8.0538395e-41   1.8053811e-04   2.8553552e-03   3.6389280e-35   3.2681705e-05   1.6549358e-04   1.1011315e-04
   3.3768797e-05   3.9025908e-15   2.5528599e-04   1.7670722e-39   1.8747643e-04   2.7069477e-03   2.0004024e-29   1.1168944e-05   1.9056869e-04   1.0682048e-07
   6.2114062e-13   6.3765862e-10   1.1510778e-05   1.9763217e-51   1.8586832e-04   2.3294648e-03   2.9156910e-25   6.0350752e-05   2.6316779e-04   7.0848633e-05
   3.0649317e-08   2.3904754e-18   2.2919091e-17   3.9613337e-57   2.1093030e-04   2.6826073e-03   3.4798407e-04   4.6161160e-05   2.9018125e-04   3.5150505e-05
   2.4821224e-10   3.1450454e-04   1.7750612e-04   1.9778785e-55   2.3402097e-04   2.6870298e-03   1.8100269e-03   7.2710919e-05   1.7704737e-04   6.3342151e-05
   3.1178258e-16   1.1624866e-03   3.6953264e-08   2.9485795e-39   2.8339635e-04   2.2371367e-03   2.5482945e-03   7.1194074e-05   1.4191561e-04   8.8142824e-06
   1.6505571e-10   8.6252162e-07   6.0128920e-06   1.7759719e-30   1.6456715e-04   1.9813135e-03   2.4021301e-03   6.9907941e-05   2.4137657e-04   3.4552848e-04
   6.2888052e-07   4.7506689e-13   3.2256092e-04   1.3025999e-28   1.1175190e-04   1.7944800e-03   1.3673797e-03   1.5722385e-04   1.9703356e-04   1.7807375e-04
   1.1203239e-06   4.2839612e-04   2.3523444e-04   4.0595908e-26   1.7160837e-04   1.6241426e-03   3.6923435e-04   1.1876986e-04   2.4437135e-04   1.0948986e-06
   1.9801472e-10   7.7427236e-04   5.1121831e-04   3.7646211e-32   2.0451054e-04   1.4113399e-03   8.2189599e-16   1.2384008e-04   2.1885570e-04   8.3011806e-05
   6.5217943e-07   1.6454875e-03   5.1993409e-04   1.3686810e-39   2.4354102e-04   1.1738886e-03   8.1987123e-26   2.1296123e-04   1.1786226e-04   2.6031519e-05
   1.6773795e-06   7.6506426e-04   6.8432555e-05   1.3295672e-49   2.7063302e-04   1.2725674e-03   9.5484674e-04   2.4803939e-04   1.4599945e-04   2.1129937e-05
   1.9289503e-05   1.1921598e-03   1.4021436e-15   1.1399451e-36   2.3762439e-04   1.4666710e-03   1.1255405e-03   1.9251672e-04   1.5051116e-04   2.2876492e-11
   4.0721740e-06   2.3807583e-03   7.6808104e-18   7.1296653e-35   2.5462972e-04   1.9492547e-03   4.9822870e-32   1.9958407e-04   1.4005147e-04   1.4207043e-06
   1.6210640e-07   1.7643972e-03   4.1705358e-14   2.2559915e-34   2.7440340e-04   2.1118775e-03   3.2321123e-24   1.0888077e-04   9.5428830e-05   7.2551893e-06
   2.7711307e-05   1.1439292e-03   3.3269408e-04   1.5785456e-37   2.3988182e-04   1.8268828e-03   5.0758477e-04   1.8577675e-05   9.0417400e-05   9.7261848e-12
   1.3330475e-06   1.1497573e-15   1.3668557e-04   8.3070108e-23   1.9006640e-04   1.4980816e-03   5.5967207e-20   1.3489579e-05   2.5834257e-04   6.3012690e-13
   1.6973017e-09   2.0887290e-27   2.0018552e-11   8.7913192e-18   1.2926728e-04   1.5521300e-03   7.6442716e-45   2.2820602e-05   2.2079381e-04   3.6938140e-05
   2.5705449e-05   7.7082779e-46   5.7257348e-04   2.8545824e-23   1.3934245e-04   1.8692752e-03   1.4527836e-11   4.0338342e-06   1.6857260e-04   1.4434406e-04
   2.4388588e-04   5.0639097e-09   1.1406093e-17   1.4853652e-19   1.8317539e-04   1.2139464e-03   2.7574465e-09   3.0873373e-05   9.3030555e-05   1.5451741e-04
   2.4121034e-09   1.0345309e-03   1.2042835e-04   4.4631725e-18   1.1515530e-04   1.3634352e-03   5.9580986e-23   9.3644205e-05   1.7686104e-04   2.1025408e-04
   1.3961049e-05   1.7559501e-12   4.9321413e-12   1.7264708e-14   1.0416585e-04   1.2647890e-03   4.1073027e-04   7.0022504e-05   1.7246163e-04   2.0925061e-04
   5.6008150e-05   3.3358854e-04   8.3093945e-27   3.0028798e-17   1.5862834e-04   1.1714845e-03   6.7736590e-04   5.6760386e-05   1.0485737e-04   6.4093948e-05
   5.5318390e-09   1.1384404e-03   2.7599491e-04   5.8389137e-13   1.9891352e-04   1.5792565e-03   7.7804954e-04   3.4928877e-06   1.2747042e-04   1.8551094e-09
   3.4177237e-07   1.2559588e-04   1.3762287e-04   5.9333387e-17   2.0327818e-04   1.5093212e-03   7.4664832e-04   6.5054560e-06   9.2962032e-05   8.5747634e-05
   6.0776110e-06   3.6819244e-35   2.1452778e-18   5.3059404e-18   1.6359320e-04   1.3961151e-03   2.7070676e-04   1.5224666e-05   1.5128722e-04   9.4737892e-27
   6.6813978e-06   5.0808578e-13   4.1210154e-04   4.4929885e-33   1.3709748e-04   1.6041231e-03   1.7534766e-16   2.3667426e-05   1.7138394e-04   1.6982188e-07
   2.1159967e-06   8.3280927e-04   5.4526269e-04   2.3821062e-34   1.0146273e-04   1.5677429e-03   1.8941021e-29   1.8574062e-06   9.1445369e-05   4.4304766e-08
   9.9874047e-06   1.7374705e-04   2.5753750e-04   1.8098363e-31   1.1754783e-04   1.4734197e-03   1.4735752e-04   5.5954837e-06   1.1069939e-04   8.6741277e-05
   2.0370420e-08   1.7196993e-25   5.7159927e-61   1.1939789e-21   1.1741959e-04   1.6619468e-03   1.3871196e-04   2.5329822e-06   2.1712656e-04   4.5099318e-05
   5.9168161e-09   1.8284113e-40   8.6927583e-32   4.4996548e-14   8.1426495e-05   1.5932908e-03   9.6831515e-09   4.6653223e-06   1.6561368e-04   1.8585548e-29
   2.6359250e-07   2.4130870e-06   2.7460012e-20   1.6481352e-15   6.3267151e-05   1.5066171e-03   6.3805066e-64   8.8004384e-06   9.6023637e-05   4.9677983e-05
   1.0037951e-05   5.8735713e-05   2.8021974e-04   4.2610675e-21   9.4161276e-05   1.0685067e-03   1.2533607e-45   2.5146416e-05   7.7365791e-05   6.9725493e-05
   6.1778799e-05   5.2429592e-23   3.5726603e-04   2.2805497e-21   1.2084311e-04   8.1888387e-04   1.1315900e-21   3.0385069e-05   6.0225520e-05   5.2378982e-05
   1.4721101e-04   8.0609266e-09   1.1374841e-04   3.6467813e-22   6.7348788e-05   7.7537475e-04   7.9560161e-24   2.1584048e-05   8.1806148e-05   2.7147862e-13
   1.4779397e-05   1.7859028e-81   3.1781859e-04   4.1783087e-27   5.9063123e-05   9.8489812e-04   2.8773059e-35   1.7662975e-05   1.2196267e-04   1.0086420e-04
   1.1298215e-06   2.0952141e-52   2.5997734e-25   5.4520558e-27   9.5931137e-05   9.4490336e-04   2.0645913e-37   1.4188356e-05   1.9141900e-04   1.5797762e-05
   5.4550632e-08   7.5722569e-21   2.2130984e-04   3.5370350e-23   8.9070413e-05   1.0151888e-03   3.1517184e-34   3.5098891e-06   1.8395775e-04   1.6482812e-05
   1.9719102e-08   3.1601696e-13   2.5626203e-04   9.3533227e-32   7.5860087e-05   1.0255567e-03   4.6815480e-34   8.9182772e-06   1.1683443e-04   1.0375383e-04
   3.9230447e-05   1.3157753e-30   1.6405471e-04   6.6626262e-34   8.7151034e-05   1.0312426e-03   3.9022551e-15   1.4456042e-05   4.6180268e-05   4.3421709e-05
   1.8639196e-05   1.5201650e-64   2.6742737e-04   2.2060009e-38   8.1995709e-05   1.0185552e-03   2.2355654e-04   3.8483991e-06   7.9581310e-05   4.6771341e-26
   3.8890491e-08   3.2075887e-23   1.4838147e-04   1.1673120e-19   8.5403402e-05   8.6917512e-04   1.2201217e-04   1.4228973e-05   8.4614630e-05   3.2122556e-10
   4.8485576e-07   3.6569420e-22   1.0956405e-04   1.5574555e-09   6.9607497e-05   7.9992383e-04   1.7320124e-15   1.8171758e-05   9.5658361e-05   1.7622868e-12
   2.0052177e-05   2.6847496e-48   3.1065787e-04   8.5151965e-08   6.1018615e-05   6.8507856e-04   9.1622103e-09   1.6322146e-05   8.6004319e-05   3.2389798e-16
   1.9853209e-06   7.4175180e-15   2.4007424e-04   8.4727371e-17   7.4808293e-05   7.3172890e-04   1.6156685e-04   1.8349623e-05   8.9923675e-05   2.5488979e-07
   6.1630622e-06   4.4353690e-05   3.0778592e-05   2.4479441e-22   7.3660970e-05   7.9631917e-04   3.8192234e-13   1.7043813e-05   7.1333792e-05   4.0012175e-05
   2.4280900e-05   4.7347899e-18   7.1783466e-23   2.1779556e-16   7.3788426e-05   9.1786004e-04   5.5459422e-05   8.1759922e-06   4.2052240e-05   6.4058530e-05
   4.0114427e-06   1.6218820e-11   1.7825103e-34   1.3286956e-11   8.3483634e-05   9.9478796e-04   1.0595648e-05   6.4966746e-06   5.9993255e-05   4.1163736e-05
   1.5458436e-08   9.2157511e-19   6.1254362e-16   5.1050049e-18   6.5437402e-05   7.4727825e-04   1.1149616e-23   2.4683589e-05   8.7513645e-05   6.0187932e-05
   2.2354341e-05   2.8363997e-54   1.1683179e-04   5.6168904e-18   6.2121376e-05   6.0436718e-04   2.3988604e-21   3.2271089e-05   1.1109482e-04   9.8959001e-05
   1.0304425e-06   2.7570504e-24   3.9543577e-05   9.7559305e-17   6.2459671e-05   6.2591034e-04   5.8851366e-21   1.9519787e-05   1.4477481e-04   7.3351138e-05
