   6.9699096e-22   1.7186153e-03   2.3736765e-03   4.3779780e-08   3.6327016e-02   2.7143663e-04   1.9996236e-03   5.1534559e-04   1.2149368e-24   1.3431491e-11
   5.4064495e-16   4.9171702e-04   2.4530742e-03   4.9577329e-03   3.9650394e-02   7.6967158e-05   2.3316751e-03   2.0560674e-03   1.2622291e-31   1.9152720e-37
   3.6006784e-08   4.4122572e-04   1.6294618e-03   6.9877701e-03   3.4773149e-02   3.8087309e-14   1.8694309e-03   1.7748398e-03   8.1343343e-16   3.0991773e-22
   9.5941438e-04   6.8337882e-06   1.0751919e-03   7.4711593e-03   3.8450163e-02   1.3421507e-07   2.2054564e-03   1.9270854e-04   1.6260263e-07   2.1838485e-35
   1.7105727e-03   1.4331651e-04   8.4055575e-04   5.0838947e-03   4.5655745e-02   1.3887724e-06   2.4793956e-03   1.8743188e-04   6.4716057e-03   1.0221979e-26
   1.5267273e-03   2.4487236e-03   1.3323260e-03   2.3634726e-08   7.4489567e-02   3.0622266e-05   2.4302426e-03   4.5559818e-04   3.0859796e-02   7.8355085e-15
   3.7532126e-03   4.1012106e-02   7.1097610e-04   1.6130723e-17   1.8604841e-01   1.5486271e-08   4.5233653e-03   8.2003529e-04   3.7752962e-03   2.1879746e-34
   8.3573094e-03   1.5302223e-01   1.3142889e-04   6.5122168e-20   1.6834992e-01   5.4123327e-10   6.8157477e-03   2.8327519e-02   2.7966788e-08   1.5166043e-23
   1.1610854e-04   9.3959457e-02   6.8450936e-11   2.2956642e-15   1.1412502e-03   9.4660327e-08   2.4368657e-02   9.4398718e-02   4.1066492e-12   2.8842128e-11
   1.4586273e-10   1.3424416e-06   4.1336136e-19   3.4714463e-35   3.4834960e-21   1.6475127e-11   3.3249219e-02   6.7262557e-02   3.2328636e-16   2.0629767e-03
   4.8080104e-20   1.2914905e-22   1.7245708e-10   1.9299298e-36   5.9963857e-17   8.4002231e-15   2.4876290e-02   3.8122841e-03   6.8940146e-22   1.1827225e-51
   8.1134066e-15   3.7030988e-11   2.6898578e-06   1.4572707e-31   1.4116259e-02   1.3430576e-14   1.1712371e-02   6.1155297e-07   3.1330147e-17   1.2818434e-44
   5.5709859e-04   2.0987004e-03   3.3560386e-05   2.1973000e-28   6.6074395e-02   8.7732688e-19   6.8088752e-03   9.9938809e-13   1.2032189e-16   2.1836413e-33
   7.9051497e-04   2.0548839e-02   8.9479195e-10   1.1139059e-23   1.2624876e-01   3.1296701e-04   7.0842997e-03   4.1119871e-06   5.7346256e-22   5.3513883e-55
   5.3623665e-06   1.1242819e-01   1.6323810e-08   5.1763424e-20   3.9273920e-02   1.5096733e-09   7.0040638e-03   3.0298130e-03   1.1374651e-27   3.3144760e-23
   5.0702680e-20   1.5704324e-01   1.9893055e-08   5.4381861e-14   3.8311402e-19   4.3931149e-09   4.3161874e-03   3.3715193e-02   3.4624918e-21   9.0023487e-09
   5.3976286e-18   6.0827037e-02   9.4726494e-06   3.7958692e-12   7.5032237e-28   4.0427309e-08   5.8067521e-03   1.2023272e-01   7.6428795e-15   5.4362686e-03
   2.8770914e-16   6.4343770e-14   4.5759715e-08   5.0878374e-30   3.9099445e-21   4.4744752e-07   1.5566296e-02   1.1864786e-01   1.3627749e-09   6.8719611e-24
   4.4859452e-22   2.0691345e-27   4.0720751e-20   1.3988032e-51   7.5765912e-13   4.4187585e-09   2.5734595e-02   3.7408614e-02   2.0352158e-26   1.7695182e-66
   6.8352215e-59   3.5570313e-21   7.4072175e-28   8.0777060e-49   1.5359606e-02   1.6568267e-23   2.7810253e-02   4.2451601e-04   1.9225281e-29   4.1512959e-51
   6.2464047e-47   3.3740549e-06   2.8913483e-23   2.6969934e-43   4.8687343e-02   5.4487273e-34   2.7564823e-02   4.4074305e-23   8.9540809e-27   8.4770759e-38
   4.0204749e-34   2.9645310e-02   9.9238175e-17   1.5086307e-23   1.4377412e-05   6.6577733e-28   2.8420939e-02   2.0666160e-25   3.6106840e-21   4.4413698e-14
   2.3710789e-28   9.4960596e-02   6.3833320e-06   9.0021523e-18   7.2869716e-27   8.8885506e-25   1.8272428e-02   1.3957792e-03   4.7354030e-25   1.4016572e-01
   1.0875624e-20   9.1831884e-02   3.8329977e-04   1.5081457e-10   6.0663152e-25   1.0549772e-22   7.2392868e-03   3.8256484e-02   1.2955057e-24   1.8756494e-01
   9.6176745e-17   2.6320828e-02   3.1003772e-04   1.4016432e-08   1.2179597e-14   1.0029847e-08   5.2031702e-03   1.0470198e-01   7.0893464e-17   1.8879103e-02
   3.7852439e-10   8.2022319e-04   4.4606657e-04   3.1181667e-05   8.6649593e-09   2.6657606e-09   7.0883878e-03   1.1383223e-01   1.7320435e-17   7.7485818e-18
   2.3453059e-17   1.2962361e-16   5.3793905e-05   4.2232627e-10   4.1636533e-14   1.0007163e-09   1.7163127e-02   5.1852992e-02   2.6794540e-38   7.4091160e-27
   6.6089441e-23   3.2045479e-21   4.3813122e-14   1.1224325e-29   1.2666413e-19   2.3528258e-09   3.0546557e-02   2.5794775e-03   1.2428341e-33   2.6592793e-91
   2.2794381e-23   1.2153594e-09   1.2284285e-17   2.8702893e-33   3.0544495e-29   5.5002948e-04   3.4225441e-02   3.0391559e-13   1.5718731e-31   1.7703110e-58
   2.6872903e-12   1.0126940e-02   1.1881871e-14   1.2117263e-22   7.8493320e-37   4.9301776e-04   2.9528558e-02   2.5760523e-29   7.4188290e-27   1.6383325e-21
   4.5007687e-03   2.2355445e-02   1.6080658e-06   1.6883390e-07   3.9699935e-33   3.5379591e-10   2.0131382e-02   2.3378724e-23   1.2036178e-22   1.0936501e-03
   1.4258055e-02   1.4518422e-02   1.9816868e-04   5.9638774e-05   3.8499061e-27   9.8120979e-05   1.4469217e-02   2.7962900e-03   1.3799117e-24   1.0553215e-05
   4.1192798e-02   2.6918779e-04   2.8946221e-04   1.5760035e-07   2.6944639e-19   1.3305102e-03   9.3782956e-03   1.4023563e-02   1.3608599e-29   1.8306123e-27
   9.4398804e-02   4.8742150e-10   3.4243878e-04   1.2913164e-08   1.3124374e-05   6.7613495e-03   5.3241568e-03   1.6185848e-02   6.7957113e-34   1.4226313e-58
   1.0460780e-01   1.1725871e-10   2.5916762e-05   3.6053302e-12   1.8941013e-07   2.2285374e-02   4.9347037e-03   9.9243298e-03   9.3678806e-33   1.8873341e-56
   4.5734759e-02   1.0416182e-11   1.2697109e-07   4.8834380e-16   2.4694506e-23   5.2780834e-02   7.7073312e-03   1.7917622e-03   3.1696857e-31   8.0539387e-56
   6.2709465e-18   2.6661095e-08   3.0870882e-06   6.2266150e-15   4.4203509e-39   7.6656153e-02   9.8926114e-03   5.2019078e-22   3.8164728e-23   1.3631595e-13
   2.0721995e-21   7.6525072e-04   4.1753440e-06   1.1648558e-17   1.0750758e-39   6.8820237e-02   9.7503846e-03   1.1853684e-27   3.8114728e-18   1.4689054e-02
   7.3891401e-09   2.3046375e-03   3.1479302e-05   1.4693279e-16   1.0348395e-29   4.1527425e-02   6.1114970e-03   2.2617819e-15   7.1153250e-25   1.8580685e-02
   1.2335760e-02   7.7923809e-04   2.4446484e-04   4.2444486e-21   9.5361992e-20   2.0875673e-02   4.5257824e-03   2.0550704e-03   1.9191720e-23   1.6086086e-03
   3.1654948e-02   9.5657608e-13   1.5239810e-04   2.3005285e-22   2.8314742e-13   1.8906490e-02   3.7440972e-03   7.0897273e-03   4.0252305e-16   2.1527566e-49
   5.7851958e-02   7.3725998e-14   2.2792046e-04   2.3774685e-17   4.4920766e-08   9.7624188e-03   3.1544695e-03   9.8550595e-03   1.9831879e-20   1.7343362e-54
   8.4350133e-02   7.9970818e-09   2.8774724e-04   9.1505194e-12   1.8851798e-12   1.6276270e-02   2.4761077e-03   7.0922213e-03   1.8018077e-24   2.2858384e-48
   5.3317465e-02   1.5905828e-06   1.9257204e-04   3.4229628e-09   1.7598516e-23   2.0345923e-02   3.4890543e-03   2.3913001e-03   5.0843879e-25   8.2051015e-43
   8.9010170e-03   1.9335777e-03   4.4068763e-05   3.0107752e-06   1.5565645e-27   3.4334739e-02   3.6919597e-03   5.2315580e-05   1.5316467e-19   4.3446426e-04
   3.4657105e-29   2.6232142e-03   3.7384477e-05   1.6915479e-08   1.3787377e-21   3.6047007e-02   3.0039324e-03   6.9719202e-05   6.8156618e-14   1.2898892e-02
   1.7928202e-37   1.0638549e-03   7.1893040e-05   5.3735902e-15   1.2064471e-21   3.3683458e-02   2.3479146e-03   3.0671562e-05   3.4217548e-20   1.1948361e-02
   1.0332619e-30   5.0757404e-04   1.2320031e-04   6.3769777e-15   9.0984092e-04   2.4072367e-02   1.6455818e-03   2.3415037e-03   2.3743751e-17   2.2506030e-11
   1.0461159e-10   2.4856711e-05   3.9535644e-04   3.1987013e-06   5.1937215e-03   1.1182760e-02   1.0491291e-03   6.6903130e-03   1.1751212e-24   2.4616137e-31
   1.2059021e-02   3.7323011e-05   4.9875634e-04   1.8629220e-05   3.5887229e-03   9.0295514e-03   9.7461338e-04   9.4670394e-03   2.7559493e-31   3.0480837e-56
   2.8595512e-02   9.6484243e-04   1.5805450e-04   8.6476166e-04   2.4771697e-12   7.5839270e-03   1.3673393e-03   7.9105825e-03   5.2069531e-37   6.1788594e-41
   2.7493757e-02   2.4985069e-03   1.2627613e-04   6.0999507e-04   7.3011501e-16   5.9862358e-03   1.6689592e-03   3.9915524e-03   2.5181788e-40   2.0883064e-10
   1.2506296e-02   2.0997217e-03   1.8906636e-04   1.1120165e-04   8.7114307e-16   6.9609229e-03   1.5255572e-03   2.3916009e-03   1.1825679e-45   6.1489657e-03
   1.0115928e-03   1.3567267e-03   1.9591783e-04   7.7694059e-13   1.3763725e-04   5.9115774e-03   1.1397163e-03   1.0295250e-03   1.5906468e-22   6.1485427e-03
   1.3055102e-37   1.2094986e-03   1.6183144e-04   1.0400735e-19   2.1800737e-03   9.3351683e-03   1.2795848e-03   8.0498624e-04   1.7701392e-21   1.0441270e-13
   1.3276739e-39   2.8364643e-04   1.9101700e-04   5.0249881e-13   4.2836548e-03   1.4286586e-02   9.8921871e-04   1.0469613e-03   9.3838890e-28   3.4540408e-31
   8.9013861e-06   7.7008966e-06   2.6211292e-04   8.7337710e-16   4.4781228e-03   1.1485203e-02   9.3462619e-04   2.3644610e-03   7.4444541e-34   3.8732985e-61
   6.9420445e-03   7.9261721e-04   3.8284261e-04   5.3664449e-15   2.3377355e-03   7.4644336e-03   7.4432580e-04   3.2944381e-03   2.7569369e-24   7.1470595e-64
   1.1249796e-02   1.9116368e-03   3.8092217e-04   1.7100970e-11   1.1293077e-07   4.8484696e-03   1.1863092e-03   3.8742673e-03   1.5122690e-23   1.0018942e-60
   1.6424033e-02   3.0946197e-03   3.2630787e-04   3.7085688e-08   1.1439475e-19   3.3533005e-03   1.1026399e-03   4.0040374e-03   1.1243003e-23   1.5804831e-48
   1.1839088e-02   3.3484484e-03   5.1124248e-04   3.8029529e-14   2.1712817e-13   4.7558669e-03   8.9030669e-04   3.4318602e-03   3.2645223e-29   4.8446092e-41
   4.5775790e-03   2.9028828e-03   6.1137250e-04   1.0566108e-11   4.0735572e-04   5.5617285e-03   1.0867336e-03   1.8365771e-03   1.3370225e-33   9.2026736e-38
   2.8998587e-07   1.3540124e-03   5.1938806e-04   1.1929450e-10   1.9189234e-03   5.7963496e-03   1.0307290e-03   1.0287061e-03   7.1140480e-29   3.0750483e-45
   6.5667563e-21   2.3768730e-05   3.4403276e-04   1.4989293e-10   2.7744032e-09   1.2443675e-02   1.0856789e-03   1.2463179e-03   2.0175704e-29   1.1941840e-42
   2.5898829e-04   1.1835789e-08   1.6809855e-04   5.8453851e-06   7.1812718e-10   1.8396691e-02   1.1500802e-03   1.8278180e-03   1.6500072e-24   1.1310799e-58
   1.1348955e-03   2.8270335e-07   2.5328899e-04   1.3770534e-07   3.0879711e-04   1.5807184e-02   1.3519337e-03   2.3065295e-03   1.8013407e-18   1.3964006e-70
   1.0061127e-02   4.6195768e-04   2.1729222e-04   5.1103849e-11   1.7292222e-03   6.8788740e-03   1.4070891e-03   1.7852892e-03   1.6178278e-29   6.5178884e-77
   1.4439852e-02   1.3551843e-03   3.0900581e-04   3.0283528e-14   2.1525178e-03   5.6691758e-03   8.0174207e-04   1.4009883e-03   3.3699522e-31   1.3558675e-54
   1.6610669e-02   1.6751809e-03   4.4700515e-04   1.9078693e-09   1.7537185e-03   3.0971481e-03   6.4686079e-04   1.3220917e-03   2.7421364e-22   2.5463245e-33
   1.0584825e-02   1.0101791e-03   5.6728426e-04   2.1035094e-07   9.7572597e-04   3.8974153e-03   8.9570172e-04   9.9313042e-04   6.6245514e-34   1.8689786e-33
   2.3149982e-03   3.7362760e-04   3.4281731e-04   1.3239991e-11   1.5822776e-03   6.8223550e-03   1.0755212e-03   5.1587843e-04   8.1520676e-34   9.1782777e-48
   1.5730224e-05   2.8487464e-04   3.6521200e-04   1.5616331e-07   3.4818136e-03   7.6570322e-03   1.2612334e-03   5.0302856e-04   9.4454592e-40   2.3657538e-89
   3.6187232e-09   1.9782772e-07   1.9044757e-04   1.4222383e-06   4.4846529e-03   1.4661213e-02   1.4731979e-03   5.6418533e-04   4.8796510e-30   7.6410773e-90
   6.3620265e-09   2.1504376e-11   1.7603107e-04   4.9050158e-07   5.1316084e-03   2.0323397e-02   1.6032477e-03   9.1173911e-04   9.1869095e-40   5.7421757e-80
   3.9178008e-03   1.1800379e-08   1.6608373e-04   4.7662211e-13   6.4680124e-03   1.7012574e-02   1.1773221e-03   1.6130197e-03   5.1851146e-31   2.3607230e-53
   7.8164323e-03   4.9056480e-04   2.4042290e-04   1.8386602e-06   3.4794770e-03   1.0782027e-02   6.6681198e-04   1.4887793e-03   1.7236766e-24   1.0179869e-32
   1.0026712e-02   6.2734755e-04   2.7634696e-04   1.6398437e-05   2.3760543e-03   7.3006843e-03   5.0888077e-04   1.1343197e-03   2.9506048e-24   1.6005197e-27
   8.8157265e-03   1.3020811e-04   3.7288046e-04   1.3069187e-07   1.3477389e-03   6.4807700e-03   6.6559735e-04   7.0647006e-04   1.2952313e-30   1.7897596e-31
   4.0103797e-03   1.9228796e-09   3.1976138e-04   1.2858566e-05   4.4873331e-04   9.9502057e-03   1.1875304e-03   1.5360738e-05   8.3271972e-41   8.8602116e-76
   3.3479392e-03   7.3766102e-09   1.8200105e-04   6.3906854e-05   2.7710110e-05   9.3600333e-03   1.8619059e-03   8.8796317e-09   1.9190265e-37   2.1696823e-91
   1.5856962e-03   1.5451446e-11   8.5980982e-05   1.1274032e-04   4.2703968e-10   1.1213484e-02   2.3338864e-03   2.0646281e-08   1.3201933e-34   1.2371128e-94
   2.5592637e-03   1.4379105e-13   3.8610689e-05   2.3231027e-04   1.0181331e-08   1.8949806e-02   2.1734674e-03   1.5213317e-04   3.5172042e-31   1.8078300e-52
   2.6603435e-03   1.3999044e-12   1.1746913e-04   3.3733105e-05   3.9280976e-12   2.4715985e-02   2.1099453e-03   6.2234968e-04   7.8073963e-19   2.2790436e-17
   6.2742317e-03   1.6973528e-07   2.2611788e-04   6.5275952e-05   1.3274854e-10   2.0024449e-02   2.3832440e-03   4.4537612e-04   1.6136444e-22   1.7766347e-10
   1.9695423e-02   3.2112096e-06   2.5360988e-04   1.5550931e-04   5.1931936e-12   1.1194488e-02   1.9247765e-03   2.0318076e-04   2.5906067e-29   1.7037050e-16
   2.5804392e-02   1.1147172e-10   3.0136428e-04   1.9806516e-04   3.7172127e-04   5.3709143e-03   1.9791150e-03   2.5630702e-12   4.3728160e-25   4.9747168e-56
   1.4806723e-02   9.5420248e-09   3.6108663e-04   2.2467920e-04   1.5091005e-06   4.0739136e-03   2.4542724e-03   5.6838096e-14   1.0047479e-19   3.2454404e-87
   4.1360500e-03   3.7394021e-09   4.6227727e-04   1.1686726e-04   1.7571915e-09   1.6415490e-03   3.4890208e-03   1.3947087e-22   5.7524872e-22   1.0926898e-83
   6.0222372e-03   3.9590984e-11   3.9088537e-04   2.1867119e-04   3.0676224e-16   2.3127956e-03   4.5990931e-03   1.0197293e-21   1.6862276e-30   1.3998370e-72
   3.8206736e-03   2.9165171e-13   3.5420016e-04   1.2535305e-04   5.9067371e-17   4.8120303e-03   4.5432624e-03   3.0368846e-15   3.4834458e-30   4.7070892e-43
   8.4063499e-03   3.0966711e-11   3.3654173e-04   2.9388633e-04   3.6170005e-24   6.8717893e-03   4.3002124e-03   1.6087168e-07   4.5511957e-30   2.0019061e-13
   6.2486807e-03   3.8803641e-18   2.6286347e-04   1.2240796e-04   3.8482948e-41   9.1390721e-03   5.5637690e-03   2.7401178e-11   9.4314544e-38   8.0529547e-23
   1.1737578e-02   9.4546069e-30   3.6633146e-04   1.2799963e-05   7.5417099e-32   7.9370183e-03   5.5198887e-03   3.7685617e-23   4.5416784e-44   2.0920431e-52
   2.5777601e-02   2.6355529e-27   3.8977086e-04   1.1581701e-05   2.5370102e-27   3.3520918e-03   4.7768267e-03   2.1849840e-36   4.7490630e-41   3.9003211e-87
   1.8471381e-02   2.8384644e-20   4.1320256e-04   3.4903819e-04   1.7610916e-18   1.4677371e-04   4.6033536e-03   1.3907963e-28   6.8882418e-24   3.7472617e-71
   1.6032576e-03   1.8527560e-18   4.9733328e-04   1.4669206e-03   1.3606957e-15   3.1437168e-14   5.2285526e-03   1.5922363e-25   1.0919367e-23   3.9879404e-63
   9.5930070e-16   1.4698115e-16   6.8771301e-04   2.1767766e-03   8.0767080e-19   1.0169232e-08   5.2900443e-03   1.8421988e-26   5.9886535e-29   1.2809626e-45
   5.2847092e-07   1.4178354e-12   8.3327364e-04   8.9847460e-04   7.2970750e-26   3.7523263e-08   5.1145254e-03   2.0558440e-20   4.4654013e-26   7.6177452e-13
   2.7906756e-03   2.7923327e-10   6.6649400e-04   5.2639307e-11   9.0860418e-25   4.1737097e-06   5.4480300e-03   4.0630630e-16   4.0086432e-13   3.7607376e-06
   1.3485894e-03   1.0091860e-18   8.1800086e-04   1.2284553e-04   6.7453114e-24   3.5990242e-07   5.6383182e-03   1.2482886e-11   4.8287316e-18   2.2573960e-24
   2.8974203e-21   7.3789640e-31   4.7225635e-04   8.6340797e-04   7.4205492e-34   2.3667587e-03   5.9354609e-03   1.6078222e-23   2.8828912e-27   6.2709107e-74
   4.7898362e-04   2.5631670e-20   4.2802623e-04   1.2376767e-03   2.0061114e-26   2.0696094e-03   5.3164137e-03   3.1936331e-29   4.3958455e-19   2.9872985e-58
   1.4666190e-03   2.7756552e-14   6.0543875e-04   4.1205875e-04   7.2556602e-16   6.3564916e-07   5.1279909e-03   4.4238278e-29   5.3516864e-18   1.4181102e-59
   4.2139073e-10   1.7761964e-10   5.7524964e-04   8.2114043e-04   5.6372699e-11   1.6078105e-11   4.5110894e-03   1.5145874e-23   5.0303747e-24   5.9464612e-43
   9.9363230e-36   1.6141606e-06   5.5507740e-04   1.4921291e-03   9.0571761e-11   1.5199934e-17   3.3743973e-03   4.9794584e-19   7.2839228e-25   4.2756819e-17
   2.8563492e-19   1.2037287e-05   7.9220638e-04   1.1941604e-03   4.5374182e-13   4.0898283e-14   2.9475701e-03   6.8246437e-10   8.4484633e-19   2.0380959e-03
   2.2716100e-14   4.6814016e-05   7.0639882e-04   9.3076441e-04   2.2892518e-14   1.4166345e-14   2.9532694e-03   3.4246766e-05   2.4376536e-25   2.0193458e-03
   2.0020945e-20   8.3150218e-06   5.6509633e-04   2.4208379e-03   6.7731603e-20   1.0048435e-08   3.3161673e-03   7.1019443e-07   1.4538791e-30   1.0385849e-14
   1.7691322e-12   1.1924650e-09   4.7342350e-04   1.8761658e-03   2.1014096e-20   7.5465036e-10   3.0038939e-03   1.9295915e-07   5.8239388e-34   1.1303669e-33
   3.6259609e-16   2.0474665e-19   3.4287157e-04   1.1851808e-03   1.5786469e-16   8.6456586e-07   3.2602287e-03   1.0961370e-22   1.0561148e-29   9.0818075e-45
   9.7214730e-11   1.7744102e-20   2.9089718e-04   1.3511492e-03   3.7291270e-22   2.5690246e-07   3.7628130e-03   1.8687345e-29   2.5479298e-37   1.5623439e-44
   3.5458404e-12   1.0642294e-11   5.2422789e-04   2.0249964e-03   1.0010947e-18   3.8255994e-09   3.2057620e-03   2.9471655e-14   1.3477723e-33   9.0903301e-25
   3.5316950e-35   4.0580341e-04   5.0064528e-04   4.2360146e-03   9.9205419e-16   6.2173167e-12   2.2878878e-03   6.4188308e-10   4.5689729e-36   5.7713559e-05
   1.3029684e-31   4.4859635e-04   6.0862717e-04   4.1063910e-03   9.7316177e-12   1.6576494e-23   1.9675616e-03   2.3577855e-04   1.5577298e-14   2.6829386e-03
   5.0476838e-34   1.7644054e-04   5.8457344e-04   4.2469086e-03   5.9205665e-16   4.7999954e-16   2.0391135e-03   5.6150884e-04   7.9876105e-12   2.1098094e-03
   4.3544349e-29   3.7132250e-05   4.5937754e-04   4.5031389e-03   1.5801269e-18   2.8905826e-23   2.2227978e-03   9.3699050e-04   3.5563068e-21   8.4833081e-08
   6.1572207e-33   2.2678135e-06   5.4137995e-04   2.6860118e-03   6.9575416e-21   2.4400855e-27   2.2483660e-03   7.4562255e-04   1.1202810e-30   1.3559968e-11
   8.5295736e-29   4.4577995e-07   5.7815589e-04   1.3979917e-03   3.8219690e-24   4.9235671e-27   2.5166037e-03   6.5436806e-05   2.4840296e-28   8.2474567e-11
   4.5850680e-21   3.4079573e-09   4.0091913e-04   1.5650695e-03   9.2112869e-32   7.2460098e-25   2.5834356e-03   5.2710281e-13   1.5286313e-47   2.9156469e-04
   1.2244825e-23   3.3462347e-10   2.3559385e-04   9.0445804e-04   1.4802211e-33   1.2521601e-21   2.5210620e-03   8.7748022e-18   9.6641207e-34   5.2305218e-03
   7.4629355e-35   3.4805903e-06   3.5628087e-04   3.6029887e-03   2.0821331e-28   6.9250297e-22   2.2282176e-03   1.2153432e-09   7.1580308e-35   1.1582298e-02
   4.7850815e-44   4.9926000e-04   4.4786967e-04   6.1266681e-03   1.3034578e-27   2.2776103e-14   1.6816356e-03   5.6987583e-07   8.2067541e-41   1.2466450e-02
   3.4866799e-34   6.3028001e-04   3.4130433e-04   7.0432810e-03   1.6610766e-24   7.9160236e-24   1.8392421e-03   1.1174646e-04   1.3422505e-40   4.3708709e-03
   6.5081550e-34   1.1857959e-05   3.7225879e-04   5.7587030e-03   3.7772255e-22   3.3317066e-31   1.8266701e-03   4.5802068e-04   1.2960243e-21   1.4220460e-11
   4.0705144e-40   1.3656059e-09   3.0289890e-04   4.0891853e-03   2.1686404e-18   3.3864002e-27   1.6298788e-03   4.6023096e-04   1.1252319e-17   2.2664699e-19
   4.3543499e-32   8.8398554e-10   2.7538860e-04   3.4997961e-03   7.2093847e-22   6.2084474e-22   1.5825548e-03   1.1730031e-04   4.8207276e-35   4.8654892e-06
   6.5647127e-25   9.2753164e-06   3.3379747e-04   2.0556757e-03   9.0003381e-23   1.1450325e-25   1.5175458e-03   1.2010717e-07   1.0257399e-21   4.8491222e-03
   1.5715556e-17   1.9403834e-04   4.3996345e-04   2.4381931e-03   8.9202456e-23   1.7365350e-24   1.6348427e-03   3.8717163e-13   9.4157107e-20   1.6031131e-02
   6.6167797e-18   2.2800372e-04   4.3392696e-04   3.3045454e-03   7.4017328e-23   2.7823495e-16   1.8260068e-03   1.6884390e-11   6.4534383e-18   2.6345113e-02
   5.3831034e-25   3.3292963e-04   4.1982616e-04   4.2373739e-03   2.8829401e-22   3.8519924e-08   1.8695037e-03   1.3388721e-12   5.6902801e-15   1.8681574e-02
   1.0393520e-23   2.6134215e-04   4.0732027e-04   3.5089215e-03   1.4032063e-16   1.2235815e-05   1.7532699e-03   6.0840128e-06   1.4522260e-19   6.0315125e-03
   9.5383222e-26   1.8714323e-05   3.7543868e-04   1.9509431e-03   8.2631594e-08   6.4865256e-20   1.4645984e-03   1.6721424e-04   4.5034349e-21   2.1539014e-03
   1.3684791e-13   7.7210465e-08   5.0807536e-04   2.4605876e-03   8.2149404e-09   7.3731211e-12   1.6936888e-03   2.9295938e-04   1.1044427e-14   5.1830798e-08
   1.4407665e-15   2.3162656e-05   3.7244851e-04   3.9273389e-03   1.7790770e-08   1.1598483e-11   1.5897949e-03   2.3443754e-04   3.5531113e-08   2.5669699e-08
   5.2396299e-09   2.9841887e-04   2.6359863e-04   3.3562644e-03   4.1151518e-14   1.8342094e-18   1.6805525e-03   8.2069285e-05   1.3917361e-17   1.0897453e-02
   9.4896559e-05   2.6401342e-04   4.5642031e-04   2.2889257e-03   6.1346437e-13   3.2290212e-21   1.7402952e-03   2.2663915e-05   1.2022995e-25   2.2587555e-02
   3.1258778e-12   6.9743642e-04   3.2702516e-04   4.2065056e-03   1.3903587e-14   1.8158186e-22   2.0382694e-03   7.1986683e-13   8.1837772e-21   2.6042407e-02
   2.6276113e-28   5.4835437e-04   2.3908386e-04   4.2431408e-03   3.8963623e-11   2.8758775e-13   2.2618496e-03   1.9321186e-14   3.8501299e-32   1.5316563e-02
   9.8273764e-21   1.4968416e-04   4.2991520e-04   4.0231051e-03   1.7122642e-05   7.8065644e-06   2.1901897e-03   6.2178788e-10   1.9574967e-20   3.0277356e-03
   2.8923175e-15   1.2483407e-06   4.7996044e-04   4.1590063e-03   7.4117882e-10   2.3964713e-10   2.2052527e-03   5.3590597e-07   4.6268943e-20   4.6476747e-04
   9.6024716e-15   2.5511700e-07   3.0259750e-04   6.0169418e-03   5.0046008e-08   1.8387127e-13   1.9019426e-03   2.0332597e-04   1.0656496e-28   6.8071638e-24
   4.5913821e-12   3.1800290e-04   3.9411223e-04   6.1536562e-03   9.2699699e-09   5.3993003e-08   2.0026036e-03   2.4743882e-04   2.5660198e-24   1.1822500e-04
   1.1018203e-04   5.7038695e-04   6.7454832e-04   6.3296933e-03   1.8913971e-10   7.3392064e-17   1.8006000e-03   1.6242144e-04   1.9791428e-35   2.9299635e-03
   9.9553584e-04   1.1492715e-03   4.9238650e-04   7.4293501e-03   5.2446115e-08   1.0362997e-14   1.7246158e-03   1.3885807e-05   7.1654161e-44   8.4726254e-03
   9.0053850e-04   1.5709266e-03   3.6568206e-04   8.0469133e-03   1.1584104e-04   5.5224815e-14   1.7206482e-03   1.4728031e-09   1.9821845e-45   6.3895604e-03
   5.1056795e-05   9.8062453e-04   4.0422108e-04   8.9168486e-03   8.6303096e-08   1.1909034e-06   1.9186359e-03   1.8074400e-10   2.1119364e-37   1.4677667e-06
   2.7141019e-18   2.9014887e-04   2.4582936e-04   9.4426881e-03   5.2190692e-16   1.9122535e-04   2.0713279e-03   5.1893070e-06   4.0313299e-26   2.8100202e-07
   3.0353570e-10   4.9140549e-05   2.4372593e-04   1.0479201e-02   1.2752148e-12   2.1545881e-04   2.0778885e-03   5.7066837e-07   1.0169981e-25   2.2394858e-29
   6.6434375e-04   8.7100574e-07   2.7772251e-04   1.1797003e-02   3.6598973e-14   4.2687123e-04   1.9446442e-03   8.6090776e-06   1.7658882e-29   1.6141374e-07
   2.3440525e-03   2.0394781e-04   4.5293849e-04   1.1385609e-02   1.8611822e-25   8.8770971e-05   2.0840910e-03   2.1016337e-05   1.8396590e-34   4.2400915e-03
   9.5113877e-04   6.4144223e-04   2.7933561e-04   1.0406093e-02   2.3155643e-22   6.7457052e-05   2.1643667e-03   1.8784618e-08   5.0958640e-40   7.8572927e-03
   1.4117567e-03   9.9663718e-04   3.6869817e-04   8.8273030e-03   3.3837035e-18   7.1668357e-16   2.0434412e-03   4.0170811e-10   3.6106069e-33   9.7737729e-03
   1.1964669e-03   8.5939820e-04   5.1988293e-04   8.6114150e-03   2.8713483e-18   3.3248687e-10   1.9700356e-03   9.2982009e-23   3.5427180e-28   5.9566956e-03
   3.6800769e-07   7.0030240e-04   3.6792116e-04   8.2269145e-03   1.2437621e-22   3.2885635e-05   2.0495933e-03   5.2920457e-10   5.6866943e-23   8.2934958e-07
   5.5839601e-07   8.4517539e-06   3.6903712e-04   6.8150054e-03   6.2360207e-24   8.5331900e-04   2.6528477e-03   4.5303826e-16   4.8082901e-21   1.9210390e-09
   3.3802015e-06   8.8569104e-11   5.1855742e-04   6.1100570e-03   3.5081727e-20   1.0307462e-03   2.7379616e-03   1.8157358e-14   1.9104409e-21   6.7378448e-21
   1.0271706e-08   2.6456646e-09   6.3487278e-04   6.4807906e-03   2.2452268e-27   1.9623687e-03   2.5728022e-03   2.6660765e-08   2.2282371e-28   1.6020853e-03
   1.7411702e-03   3.2102554e-04   7.8518460e-04   8.0601371e-03   1.2983650e-23   1.0667088e-03   2.5350337e-03   1.7753782e-06   2.4814949e-21   4.1971690e-03
   8.9937980e-04   7.4150830e-04   5.8528989e-04   1.1263476e-02   4.1269028e-28   9.1738666e-04   2.5302286e-03   4.0560327e-07   2.7360549e-15   1.1219422e-02
   1.3656836e-11   6.1169014e-04   6.3064564e-04   1.2277855e-02   5.2053689e-40   5.2184620e-04   2.7016839e-03   4.7525575e-10   5.7565046e-21   1.1655524e-02
   1.8536736e-04   4.7759847e-04   8.4825411e-04   1.1552616e-02   9.1634393e-34   1.4896598e-08   2.6895609e-03   2.0982681e-22   3.5146382e-21   2.9996492e-03
   1.7103892e-12   5.0008240e-05   7.7627611e-04   1.1381911e-02   1.6394340e-39   1.1612857e-04   3.1658258e-03   3.1039865e-15   3.5220887e-16   2.2340180e-08
   4.7009609e-21   9.9715617e-06   8.4720308e-04   1.2525736e-02   8.5097347e-41   1.9971454e-03   2.6230165e-03   8.8391012e-13   3.0004993e-34   1.1146368e-46
   2.4787648e-18   6.6947261e-05   9.9904599e-04   9.9576278e-03   3.9553983e-41   3.0602554e-03   2.5652291e-03   5.6248309e-05   1.0963912e-22   2.8901667e-04
   1.6074440e-28   2.3712318e-04   1.2860804e-03   8.9776401e-03   2.0363371e-34   3.8352541e-03   2.4280959e-03   1.4764171e-04   6.2940935e-11   8.6985231e-03
   6.3231370e-32   1.1520996e-03   1.6482678e-03   1.0062077e-02   2.8209892e-38   4.2279942e-03   2.1632057e-03   2.5717518e-04   6.6686248e-15   2.4576004e-02
   2.0008058e-32   1.1014406e-03   1.4936065e-03   1.0314611e-02   7.2147801e-36   2.3712330e-03   2.4282685e-03   1.4365856e-04   1.2669615e-10   2.9560784e-02
   3.0407500e-34   5.9354532e-04   1.2707007e-03   1.1119745e-02   1.2373177e-35   2.8780757e-03   2.8317716e-03   2.5067978e-04   1.5739742e-03   1.6680423e-02
   7.4659301e-23   2.1634403e-04   6.2678471e-04   1.8586942e-02   3.8305347e-42   8.0159234e-04   3.7127097e-03   8.4525728e-08   4.1393051e-24   2.4485602e-03
   3.6435965e-24   5.1882490e-06   7.5844428e-04   1.7734908e-02   1.3186014e-40   3.3548476e-09   3.9100164e-03   3.0219408e-06   5.0093377e-13   1.6848922e-12
   2.5757285e-38   2.3403251e-08   1.1871393e-03   1.3929309e-02   1.5320365e-39   8.2037392e-04   3.6309459e-03   3.1786034e-05   1.1754563e-10   8.3380284e-19
   2.4450970e-39   1.6816330e-06   1.4679958e-03   1.3090378e-02   1.6671901e-35   4.2849292e-04   3.0633949e-03   2.5250898e-04   8.4030963e-03   4.0075814e-03
   1.2531702e-33   1.7077948e-04   1.3227411e-03   1.3616693e-02   4.3664245e-35   8.2606846e-04   2.4045649e-03   9.9629539e-04   1.6276216e-02   2.1672587e-02
   1.2468704e-42   2.4828039e-08   1.7729267e-03   8.0535352e-03   4.6959960e-31   2.2203470e-03   2.4417854e-03   7.8343493e-04   1.3835998e-02   3.3680493e-02
   1.8127363e-30   1.7992319e-05   2.6324944e-03   8.6685737e-03   1.8968752e-34   2.3931290e-03   2.1257554e-03   5.1167047e-04   5.9327992e-04   2.7066409e-02
   6.7495646e-28   1.0723924e-04   2.2151517e-03   1.0476227e-02   3.4057238e-36   1.0964004e-03   2.3468621e-03   2.0848764e-04   1.8013303e-13   1.0734966e-02
   4.1131219e-26   1.9057360e-06   1.6870111e-03   1.1919785e-02   5.3396355e-39   8.1436627e-04   2.7295058e-03   1.3620069e-06   4.0638666e-16   4.1738917e-03
   2.0999749e-21   9.3681621e-06   1.4645009e-03   1.0565837e-02   8.2629121e-36   8.2345948e-04   2.3621619e-03   1.9214933e-12   8.4021306e-25   2.5872257e-10
   1.0471480e-34   1.9978758e-05   1.2549116e-03   1.3678760e-02   9.1799165e-25   4.1143002e-04   1.9065570e-03   1.4026878e-06   2.0103249e-32   3.1390928e-04
   3.9430604e-30   1.7603742e-10   1.3199129e-03   1.3238187e-02   6.8486052e-34   6.2800292e-04   1.9175071e-03   1.6077957e-06   2.2259201e-39   5.7078681e-03
   3.3053386e-19   4.0539840e-06   1.8599272e-03   1.3626534e-02   3.9819561e-26   1.0020629e-10   1.8118837e-03   1.0884061e-04   7.4927878e-22   9.7935827e-03
   2.5132896e-34   3.1470638e-06   1.6064344e-03   1.5085981e-02   2.3188078e-31   4.4037568e-04   1.9509077e-03   6.2593402e-07   3.1156203e-16   1.0727023e-02
   3.8811677e-30   4.4184459e-07   1.1568871e-03   1.2443707e-02   3.7212822e-37   1.2529907e-03   1.7154494e-03   5.8006452e-13   5.0168633e-14   7.8486341e-03
   1.6065687e-15   2.2324667e-06   1.3772554e-03   1.1238058e-02   1.4241861e-31   5.6976844e-04   1.7462913e-03   1.5384545e-14   1.9988067e-22   2.1072890e-03
   1.2846316e-15   5.2329311e-10   1.5859160e-03   1.4169310e-02   1.0986476e-32   7.4367776e-04   1.6443138e-03   1.4230336e-12   8.9763940e-40   5.4870485e-10
   4.9714280e-16   5.5820542e-13   1.7216448e-03   1.3110789e-02   6.8256117e-28   1.5748175e-03   1.3322263e-03   5.1433406e-11   1.3243137e-29   7.0774259e-26
   6.7724889e-14   2.5887662e-12   1.9340100e-03   1.4111240e-02   4.0856941e-25   6.0691057e-04   1.1925637e-03   3.3354048e-05   8.1912882e-17   4.5239535e-17
   2.7245586e-27   2.7388351e-13   2.5802788e-03   1.5128388e-02   7.6076584e-31   9.3437976e-04   1.3221879e-03   1.5813863e-05   6.1649775e-28   2.3891368e-03
   1.6837619e-30   1.6916852e-13   3.3175515e-03   9.1534795e-03   6.8692007e-26   5.0047886e-04   1.1863038e-03   1.0448978e-04   1.3971919e-39   5.4267181e-03
   1.1737174e-25   3.7582308e-10   2.7748546e-03   1.1423862e-02   6.7942999e-29   2.1465677e-04   1.2781014e-03   6.8383796e-05   2.8956994e-47   6.1534907e-03
   1.4936893e-30   6.0715739e-11   1.8123352e-03   1.4225359e-02   1.3423573e-31   1.1197704e-03   1.4113128e-03   1.1272711e-07   7.5014154e-35   3.6121526e-03
   1.9631364e-22   2.4893574e-11   1.7457996e-03   1.5691251e-02   1.2427500e-34   6.5485430e-04   1.6365529e-03   5.0955061e-11   3.9559936e-31   2.0966045e-06
   2.4079891e-23   2.1544768e-11   2.0678668e-03   1.3203375e-02   1.0092843e-26   6.7320250e-04   1.3632457e-03   1.7393342e-06   4.2195499e-31   2.3799273e-15
   5.5570199e-24   6.2141938e-16   3.7981817e-03   8.5042148e-03   3.8203580e-21   1.6231484e-03   9.8897440e-04   1.0821276e-12   8.7245780e-40   1.4033191e-23
   2.1389128e-15   2.7312974e-15   3.8829922e-03   1.0223567e-02   9.6262312e-20   1.4810780e-03   9.0867090e-04   1.0097515e-08   7.3492236e-36   5.7594940e-09
   3.1398867e-15   7.6966296e-07   4.1856298e-03   1.3080099e-02   3.2171250e-16   3.3369859e-04   7.3589696e-04   1.6686874e-05   2.0178894e-33   2.9821441e-06
   2.7228479e-16   5.1968250e-09   3.9270882e-03   1.2874482e-02   2.0257874e-21   5.6850786e-04   8.5420333e-04   1.2766400e-04   2.0129612e-45   8.5595085e-04
   6.9713717e-12   6.0805727e-08   3.7817353e-03   6.1476106e-03   4.2367998e-26   1.2792303e-03   8.1849919e-04   1.7048775e-04   1.9307605e-47   4.0985006e-03
   1.6286020e-19   5.9366421e-05   4.0631656e-03   4.4878394e-03   3.4613266e-25   1.3772898e-03   9.3557002e-04   1.3491844e-05   5.9038607e-41   2.9979480e-03
   5.0017354e-14   3.0523736e-08   3.7360387e-03   6.4919102e-03   4.8369521e-26   5.8634790e-04   1.2540169e-03   4.0673879e-09   2.3324691e-41   7.6923671e-05
   1.0114769e-09   9.1729122e-16   4.2735950e-03   4.5093414e-04   1.0466962e-21   8.3352518e-05   1.3033671e-03   1.4709635e-05   1.9924540e-52   5.1327283e-32
   7.6316339e-21   2.7443743e-11   3.7253435e-03   4.3180302e-03   1.1735479e-20   7.3440730e-04   1.2930866e-03   2.4438669e-13   9.8178929e-51   6.3425332e-27
   1.4779032e-31   9.8741310e-08   3.0228373e-03   5.9196899e-03   1.7492190e-18   1.4538740e-03   1.1618445e-03   3.0786442e-05   3.3176118e-23   8.2985956e-04
   2.3050868e-20   2.2147136e-08   2.2610437e-03   6.4574321e-03   9.2019656e-19   1.1436499e-03   1.0557569e-03   9.7400958e-05   5.7203423e-23   2.2300531e-03
   5.0095323e-04   7.2670824e-08   2.0155068e-03   5.9660675e-03   1.6869316e-15   1.2657615e-04   1.0823992e-03   2.5016150e-04   6.8979523e-40   2.9739851e-03
   1.3853335e-07   1.8168718e-04   3.3601209e-03   3.7564400e-03   7.3354475e-14   8.7443468e-04   9.2881654e-04   5.0572578e-04   5.4290648e-33   2.2465541e-03
   8.7556742e-24   8.3624854e-05   2.5753105e-03   5.5601540e-03   1.0183759e-15   7.2743330e-04   1.3423099e-03   3.3462574e-04   1.9776847e-20   6.5141192e-04
   1.2254087e-14   1.5544197e-05   2.6701452e-03   6.2979665e-03   4.4457824e-12   2.0043373e-05   1.1938195e-03   3.0466371e-04   1.0616403e-31   1.1153422e-09
   2.6723215e-06   1.3990513e-06   2.0724151e-03   7.7687835e-03   1.2031831e-13   4.8135284e-12   1.2767561e-03   1.8777589e-04   7.7278670e-44   1.0894540e-30
   9.7310550e-08   1.8418413e-07   3.1136402e-03   7.3658201e-03   4.7274982e-23   4.7491315e-08   1.3828287e-03   1.3820172e-04   2.3920545e-40   6.8227927e-07
   1.2046887e-15   2.0972038e-09   3.3357276e-03   5.8132128e-03   3.8083689e-25   2.9074925e-04   1.5204320e-03   4.3634483e-05   2.8021073e-33   1.3518450e-03
   1.1268039e-10   5.1292901e-08   2.2514267e-03   1.3663433e-03   3.5301768e-25   3.5036121e-04   1.5873939e-03   6.4778568e-05   1.1431839e-29   3.0949974e-03
   2.0381597e-11   1.4658880e-04   1.7573527e-03   4.4571338e-03   2.7934848e-18   1.7201260e-06   1.3485325e-03   2.0414407e-04   8.7814898e-22   2.6782331e-03
   3.3324429e-19   3.8861319e-04   2.8794252e-03   1.6377961e-03   1.0957630e-22   4.0453707e-11   1.2701818e-03   3.6151361e-04   4.0868115e-19   2.9674230e-04
   6.0903573e-13   4.3409856e-05   2.6047430e-03   1.2920087e-03   3.0262901e-17   1.5121393e-04   9.9279675e-04   2.7471978e-04   5.4168721e-19   5.2987972e-04
   4.4434823e-10   3.8612506e-06   2.4298276e-03   4.1743368e-03   1.1000437e-12   2.4454092e-06   1.0516025e-03   2.0111880e-04   4.4319669e-15   6.5307511e-35
   1.2661785e-18   8.0752241e-06   2.9313931e-03   3.2237222e-03   1.0362027e-18   1.1851314e-17   1.1384544e-03   1.3525019e-04   5.1342556e-14   7.6403022e-20
   1.1267104e-07   2.2814610e-05   2.2031316e-03   2.3010357e-03   4.8367344e-12   4.7490155e-14   1.1693606e-03   1.1265405e-04   7.7092768e-08   4.5937819e-07
   5.5198086e-09   3.7316540e-05   1.5494713e-03   5.3531721e-03   3.1153786e-22   3.3420408e-08   1.4172006e-03   5.1678100e-05   4.7777133e-12   1.3402655e-03
   2.7942458e-17   5.1341889e-05   2.7643175e-03   5.1263334e-03   2.3701031e-29   4.0502899e-05   1.6868576e-03   1.9172354e-05   5.1342919e-20   2.0229022e-03
   2.4616288e-23   1.1241444e-05   2.5696250e-03   8.2300238e-04   1.7000751e-27   2.4751682e-11   1.8418676e-03   1.8273323e-05   2.4511057e-24   5.0048870e-07
   5.5005006e-23   1.1161646e-06   2.6356875e-03   1.2844682e-07   5.7642598e-27   3.3990652e-14   1.6622452e-03   7.2960739e-05   1.1371236e-21   1.4414265e-03
   8.2358610e-20   8.6712270e-05   2.6216933e-03   2.1929885e-03   2.7408715e-22   1.2075190e-11   1.5552173e-03   2.0619290e-05   1.2441240e-29   1.7209541e-20
   3.1259842e-11   2.7737608e-05   1.8322410e-03   6.2891201e-03   5.0928631e-26   3.1932519e-06   1.2421003e-03   6.0657562e-05   6.5738494e-30   2.4364525e-40
   5.6342585e-06   3.4445366e-06   2.0137402e-03   7.8952265e-03   2.9866189e-15   5.0843134e-05   1.0325374e-03   7.3833761e-05   3.2423895e-09   2.7973086e-10
   8.1051429e-11   1.2955440e-04   2.3791480e-03   7.0417457e-03   1.3678869e-20   6.7753518e-08   1.1881557e-03   5.5454961e-08   1.5730025e-17   1.7492973e-03
   7.3137812e-11   3.6157817e-04   2.8391708e-03   3.8250006e-03   8.8130330e-34   5.4480737e-06   1.2577100e-03   7.2667809e-11   9.5343202e-32   2.7033732e-03
   2.1913384e-16   4.8715635e-04   2.8862356e-03   1.6314307e-03   4.8976838e-27   4.1886338e-05   1.3987490e-03   6.1803572e-15   8.4149104e-13   1.0014939e-03
   2.0916685e-11   3.7407537e-07   2.8519401e-03   4.4646503e-04   2.3445189e-26   3.0899376e-09   1.8402018e-03   1.4553949e-16   5.9229629e-14   1.3928709e-04
   1.3118160e-16   1.4363654e-13   2.7200066e-03   1.3247064e-04   5.0983277e-31   1.9163538e-18   1.7198135e-03   1.3792965e-14   7.4141179e-21   1.1858774e-16
   9.3596287e-29   1.4758120e-12   2.6813433e-03   1.9415889e-03   2.4560498e-30   3.0076296e-18   1.4438254e-03   1.0803867e-20   1.1540398e-36   5.8258665e-22
   1.0412660e-14   3.3182877e-10   2.5059596e-03   4.6794813e-03   9.6263550e-27   4.5332733e-11   1.2432759e-03   6.8307564e-15   2.9733262e-37   1.4262048e-04
   5.5645635e-04   1.0841251e-11   2.0567801e-03   5.8734056e-03   8.8347988e-24   3.1014342e-06   1.1828902e-03   1.8131299e-05   5.2776436e-22   1.0674514e-04
   7.9835755e-04   4.0783253e-09   2.6063304e-03   4.2535560e-03   6.9394391e-24   1.3442561e-05   1.0647447e-03   4.3655734e-05   7.3523779e-15   8.2898165e-06
   6.9322461e-04   1.3345490e-05   3.3692539e-03   3.4639568e-03   6.7882827e-20   1.1836416e-04   8.3364101e-04   4.4139921e-06   8.4779909e-14   4.1718999e-14
   6.4614720e-09   2.7625397e-12   3.1091187e-03   3.7886339e-03   2.9933279e-28   1.0104957e-06   1.3106311e-03   5.6807089e-12   4.4295941e-09   3.9349792e-37
   2.5877309e-11   6.4949285e-06   3.5978475e-03   2.5578464e-03   2.3403984e-32   7.8684428e-14   1.1534170e-03   2.3841156e-09   4.6001306e-13   3.9967262e-07
   4.3900966e-05   2.8310030e-05   2.4298493e-03   2.5127531e-03   9.8490069e-31   6.5403208e-08   1.3578288e-03   2.7517393e-14   1.5978532e-13   3.2177235e-08
   8.9780371e-16   1.4197473e-05   1.5044882e-03   4.5625409e-03   4.6652581e-32   4.4536825e-11   1.4991081e-03   1.3354091e-15   1.2195903e-09   1.1849623e-05
   1.1968230e-04   1.2128095e-06   2.3005305e-03   5.3088493e-03   1.1695628e-29   4.9442364e-11   1.2792391e-03   1.2658575e-14   4.4390503e-07   3.2806528e-07
   6.5394738e-07   1.4149543e-06   2.2643955e-03   6.5389089e-03   4.8486072e-29   4.9970188e-08   1.2621422e-03   5.5512024e-17   1.4304302e-06   1.4412927e-03
   8.1479339e-04   3.4568062e-05   2.5750598e-03   4.8907630e-03   2.1830995e-31   1.6237748e-07   1.1438315e-03   1.0538369e-15   1.7817469e-10   1.1032052e-03
   1.1460796e-04   2.0298028e-04   3.4789188e-03   4.0166112e-03   4.5691194e-31   3.3825267e-07   1.0503889e-03   4.3636802e-19   3.6584152e-13   5.3933059e-13
   1.4319177e-04   8.7863550e-05   3.2674972e-03   9.1132554e-04   9.8286020e-28   5.5682321e-10   1.0752737e-03   3.2929771e-12   3.5726045e-07   3.3182562e-21
   1.0467462e-04   3.9666487e-06   2.8763524e-03   2.4987249e-04   2.9912973e-25   4.6583962e-06   1.1091344e-03   1.0299716e-07   4.8979254e-06   1.2453588e-11
   9.9724660e-04   2.4918204e-08   2.5648560e-03   2.4414266e-04   8.7519545e-27   2.1468183e-11   8.3432052e-04   2.9307011e-07   2.4078843e-12   1.4772384e-37
   9.0014272e-04   3.7057520e-09   2.6204121e-03   2.0485154e-05   1.7328115e-23   1.6384310e-04   9.8947400e-04   7.9023616e-07   7.5156772e-12   8.1144666e-04
   1.0188121e-07   4.6096981e-09   1.9602906e-03   1.5595353e-06   4.0793436e-25   4.0255151e-04   1.2172975e-03   1.2988596e-09   1.3244142e-03   8.5486290e-04
   5.7872629e-11   2.5824914e-05   1.9297447e-03   1.8204005e-03   4.8327222e-30   3.2219952e-04   9.9654095e-04   2.9451195e-09   2.7832891e-03   5.0943089e-12
   1.2297324e-07   1.3903529e-05   1.4592486e-03   3.2396924e-03   2.5263738e-31   7.6508742e-06   9.9225667e-04   1.6788911e-07   1.3656737e-03   2.6808994e-18
   9.0092556e-09   2.4313112e-07   1.4846970e-03   2.6363856e-03   1.4517174e-31   3.2937649e-08   9.6553564e-04   2.1964014e-10   1.7549624e-03   1.3676560e-18
   2.1735635e-04   1.5110672e-11   2.2663102e-03   1.5196914e-03   5.6925632e-34   1.3055446e-13   9.4195035e-04   1.2797458e-06   4.7684948e-12   1.9199174e-12
   2.1280677e-04   2.0858960e-07   2.6891069e-03   8.9661643e-04   2.7356513e-34   4.4911447e-19   9.6022370e-04   1.9304428e-05   1.6489873e-08   2.7569095e-08
   4.6366835e-04   2.2962435e-11   2.8240038e-03   2.4458995e-06   5.5473476e-28   4.4397919e-14   9.2384029e-04   4.5893844e-08   4.7020839e-08   3.2280915e-68
   7.6893213e-04   6.3730605e-11   2.8158964e-03   3.2212196e-04   6.3970446e-35   5.0595482e-09   7.7180416e-04   1.4215116e-05   2.2443214e-17   4.3111184e-19
   6.1110007e-05   7.2804748e-07   2.6639646e-03   6.7786439e-04   3.7981465e-35   1.5083861e-08   8.2706348e-04   1.8895437e-06   8.4369558e-27   2.5472233e-08
   2.7363075e-17   4.7827632e-08   2.2406922e-03   4.0575537e-04   2.6609178e-37   1.8124842e-04   9.5586677e-04   1.5721707e-14   5.3663541e-09   2.4477009e-04
   4.9737774e-16   1.5741513e-07   2.2540987e-03   1.3973499e-03   3.8311375e-36   1.3080511e-06   9.3645901e-04   1.0551794e-13   5.4182226e-06   1.0996502e-04
   3.7399367e-05   1.7942126e-06   1.5078938e-03   1.3652903e-03   3.6372946e-26   1.8358810e-14   8.3394842e-04   2.7237507e-10   1.2445805e-03   1.3211962e-25
   5.0029087e-13   1.0032673e-05   2.2012101e-03   6.6716978e-05   1.3251409e-22   1.2356570e-19   7.7993321e-04   3.4876924e-11   3.0941996e-03   3.6836127e-05
   1.9129386e-05   4.1631208e-14   2.1314069e-03   3.0415197e-05   5.2948723e-25   2.4276118e-16   7.6775191e-04   1.8852341e-05   1.4338582e-02   1.2172559e-48
   4.0153672e-04   2.6096434e-13   2.7959870e-03   5.4324671e-11   4.9363813e-22   3.2227733e-11   7.9617123e-04   7.1172469e-07   2.9451425e-04   3.4250082e-06
   1.0197017e-03   1.4249747e-10   2.0455320e-03   8.3433340e-05   4.3647333e-24   7.5291902e-08   8.5817994e-04   2.1612880e-09   1.3257782e-02   2.4425611e-04
   5.1675566e-04   1.4753962e-09   2.3145128e-03   1.7008163e-03   2.1760653e-26   9.9383715e-07   8.1460829e-04   8.6828042e-09   5.3057680e-07   5.1987616e-14
   6.1182943e-10   1.7376666e-06   2.1732947e-03   2.4340089e-03   2.0760086e-20   8.9560324e-09   6.5621804e-04   3.9101990e-12   7.9237105e-03   8.8889956e-11
   2.7000296e-17   5.1442897e-06   1.6060684e-03   3.8924305e-03   1.2805308e-12   1.4960951e-06   6.0051999e-04   2.7603667e-14   2.7474028e-02   2.9462051e-16
   2.0091891e-08   1.6753348e-06   2.5652445e-03   2.3964327e-03   3.8665300e-11   1.0894864e-10   4.6879402e-04   9.3587678e-18   2.8763726e-02   7.1465284e-26
   5.0319549e-13   4.7313519e-13   4.1045131e-03   1.3235757e-04   9.3815218e-15   3.3132427e-16   5.1703830e-04   1.0922001e-27   7.3591100e-03   1.5067847e-38
   2.1469095e-24   1.4003557e-16   3.3720412e-03   8.4017815e-06   1.1102589e-11   8.1139047e-14   5.7532927e-04   5.1771091e-24   2.1049878e-10   4.8895732e-57
   4.3566189e-24   6.4691516e-14   2.3507819e-03   4.8612142e-04   2.0543400e-07   1.2322391e-09   5.3285823e-04   2.8453626e-26   1.7787278e-02   3.1341810e-33
   1.2083829e-16   6.3627076e-14   1.9705209e-03   7.7429310e-04   7.4783402e-10   4.2082649e-07   6.0257787e-04   6.6917158e-23   2.4875472e-02   1.9819689e-44
   3.2263542e-11   4.6414660e-10   2.4151893e-03   4.6339355e-05   4.5988229e-10   3.4337614e-11   5.5605596e-04   5.0911659e-16   2.6527679e-02   3.4060886e-56
   3.8160849e-19   1.0937528e-09   2.9036973e-03   1.8873607e-06   7.9790068e-07   1.1256915e-18   4.4198839e-04   3.8370613e-17   3.3428875e-02   3.0900914e-66
   3.2056358e-24   1.6156195e-11   2.8124393e-03   3.3148592e-11   1.7368765e-07   5.5405164e-14   3.6039765e-04   9.9166173e-10   4.1717671e-02   2.2180765e-51
   2.6750903e-30   5.6533371e-12   2.1282150e-03   8.7815356e-04   7.2064184e-07   4.1358418e-21   3.9656657e-04   3.0935322e-10   4.4973512e-02   4.1693349e-61
   7.0631463e-17   6.0113471e-11   3.0630047e-03   4.3658665e-09   1.5255430e-04   1.8910086e-22   3.3236338e-04   2.2765126e-05   2.9021054e-02   1.9323643e-66
   1.2849343e-18   4.7216996e-09   2.2713862e-03   5.1151719e-04   1.0085221e-04   7.0075693e-21   3.4799228e-04   4.7148140e-05   2.7100504e-02   1.4623240e-59
   3.6105783e-24   5.3878383e-07   3.2615064e-03   3.7092083e-05   5.2734862e-06   3.3114416e-26   2.7961586e-04   5.0198692e-05   3.1308489e-02   8.7415672e-64
   4.1304735e-15   4.6818884e-10   3.8511281e-03   1.0261477e-07   3.6915801e-04   2.1400191e-18   2.3079387e-04   6.1144796e-05   4.1179762e-02   1.3919238e-66
   8.4343739e-24   5.5667483e-14   4.2243481e-03   2.6904019e-10   3.1960008e-04   1.4625476e-14   2.3822741e-04   2.7211131e-05   2.5952285e-02   1.7282223e-58
   1.4976960e-38   3.4931318e-06   2.9578215e-03   1.1984764e-10   8.4163616e-05   4.4360812e-22   2.6392394e-04   3.3711743e-05   2.5638491e-02   1.9964233e-36
   3.1952866e-38   6.9424615e-08   2.7881599e-03   1.7718013e-08   1.0885771e-04   2.2472182e-24   2.7282656e-04   5.7903531e-05   3.7806722e-02   2.8802366e-26
   6.0434571e-46   4.8025301e-16   3.0955578e-03   2.3530131e-17   3.1039440e-04   2.2064748e-21   2.2089202e-04   9.5373700e-10   3.4704952e-02   5.4711680e-48
   8.1134477e-36   7.5183482e-14   3.2633575e-03   2.7076146e-28   2.1026177e-04   1.0237659e-22   2.4909309e-04   8.7268825e-06   2.3021957e-02   3.7587262e-46
   1.4672549e-26   2.5624052e-14   3.2127069e-03   4.8319588e-20   1.8007419e-04   3.3062055e-20   2.1271214e-04   4.5278288e-05   2.5514880e-02   2.3308162e-57
   1.2182450e-26   4.5570571e-15   3.2351570e-03   1.1035741e-09   1.2391074e-04   9.5153242e-22   2.1060471e-04   5.2869751e-05   3.4843648e-02   2.8347791e-56
   1.1660666e-26   2.4083200e-15   3.7189806e-03   2.8428707e-08   4.6311495e-06   5.4644495e-25   2.7056481e-04   4.3250311e-05   2.8827650e-02   4.2767165e-47
   7.6397571e-24   3.6909444e-13   3.8938855e-03   8.2408542e-07   1.6824362e-04   4.2311560e-23   2.6222151e-04   2.3788726e-05   2.0772378e-02   4.0621821e-43
   5.6986608e-29   5.7244433e-12   4.5271963e-03   3.8630732e-19   8.8923520e-05   2.1712456e-17   2.4552933e-04   4.7906501e-06   9.7370240e-03   8.3199881e-47
   4.4515304e-20   3.4617364e-13   3.8401235e-03   4.5595196e-13   4.8740578e-05   1.0516671e-15   2.4491021e-04   4.4118113e-05   1.6987048e-02   7.6172725e-54
   2.2027068e-11   5.3619536e-18   3.0302642e-03   6.3599199e-08   5.5133218e-06   1.8761776e-20   3.1132685e-04   4.7321839e-07   2.0758317e-02   8.8063849e-68
   2.2127887e-09   2.4038867e-16   3.8257382e-03   1.7850503e-09   1.6375743e-05   8.0623296e-09   2.7274751e-04   5.7163687e-09   1.5856190e-02   1.0204609e-52
   1.1219613e-22   8.9324971e-20   5.3796068e-03   1.9685371e-16   2.1806236e-08   1.3608249e-11   3.2318172e-04   3.3900258e-09   2.5804113e-11   1.3858757e-56
   7.5959535e-18   2.5470727e-17   4.8226112e-03   1.9139407e-18   9.2743408e-08   5.6542545e-15   3.0300820e-04   4.4359188e-06   6.1592176e-03   6.0330244e-49
   3.7290286e-23   1.0983812e-07   2.9352592e-03   1.5659670e-12   1.4172772e-04   5.5577020e-14   2.3915148e-04   1.9871414e-05   1.6369979e-02   8.8698844e-42
   2.1622840e-04   8.5068059e-06   3.0509279e-03   1.0721596e-17   2.8460699e-04   4.2176920e-18   2.2093561e-04   7.6987709e-05   1.8966123e-02   1.9814854e-43
   5.3916749e-04   3.1505026e-06   3.8465145e-03   5.3438430e-06   6.5864558e-06   3.1682384e-10   3.0851501e-04   3.8271480e-05   1.1877588e-02   2.6358417e-32
   5.5763668e-04   1.0782173e-07   5.0125923e-03   1.9489507e-13   1.9631621e-07   8.8785557e-08   2.9631081e-04   7.8598235e-07   1.3320146e-02   5.1452514e-32
   6.5862116e-04   3.7672798e-11   3.4753975e-03   2.9469938e-16   3.1002909e-06   1.9450142e-12   3.0175203e-04   1.4712714e-05   1.8927413e-02   6.7379363e-37
   1.4707300e-05   5.3179470e-17   3.8033729e-03   6.8072162e-10   1.2240727e-09   3.2867991e-09   3.8890322e-04   3.1395630e-05   2.7976374e-04   6.8315449e-55
   1.0629209e-14   1.1525035e-11   5.4877292e-03   5.2159135e-14   8.5398711e-09   1.2426016e-07   2.9396400e-04   8.9140966e-05   2.1368090e-03   6.9226592e-57
   3.6783868e-37   6.5402180e-16   4.4903098e-03   2.9532136e-20   3.3281020e-05   7.5223791e-05   2.8670794e-04   4.9397813e-05   1.1240348e-02   3.4526444e-52
   5.2021461e-23   1.6306527e-10   4.0930489e-03   1.1953205e-13   5.8545555e-05   5.9734096e-05   2.8972897e-04   1.0337603e-04   1.0827159e-02   1.0444609e-65
   4.5373287e-04   1.1935519e-05   5.2413216e-03   1.2204109e-16   5.1918128e-06   1.0737836e-04   2.7775105e-04   7.0540809e-05   8.5366123e-03   6.9031127e-49
   5.2320670e-04   7.3711307e-09   6.0178283e-03   3.5298916e-21   2.7335198e-14   2.0720009e-04   2.8418322e-04   7.4802243e-05   8.3550585e-03   3.1831922e-35
   3.5214482e-05   2.5040540e-10   5.9174253e-03   2.1871503e-18   2.4414313e-11   2.2191981e-04   2.7796820e-04   2.3468531e-06   9.9978972e-03   5.8663647e-35
   7.9374416e-05   2.2342986e-09   5.9216527e-03   7.4447318e-21   4.6146765e-06   1.4307588e-04   2.5236443e-04   9.8063658e-09   6.7773876e-07   2.3001925e-39
   1.6253684e-04   9.2385866e-09   5.3290010e-03   1.7597908e-25   3.8467035e-11   1.2307046e-05   2.4582084e-04   1.7500920e-06   1.5112953e-05   2.6596074e-56
   2.2356535e-04   5.2319048e-12   5.0124374e-03   3.3955614e-23   5.0980756e-12   8.5796503e-07   2.7217739e-04   5.9086085e-06   7.6171682e-03   1.9373775e-49
   1.8908160e-05   1.2863462e-09   6.0466139e-03   2.6157351e-25   6.8086005e-07   4.4942035e-12   2.2926123e-04   1.3950485e-06   6.9445796e-05   1.2957878e-50
   1.7298020e-06   3.7902654e-08   5.3462058e-03   1.3944457e-30   6.8662496e-10   2.8816116e-09   2.8019601e-04   4.0013531e-05   9.6646208e-05   5.0877781e-70
   1.9491429e-14   4.3820980e-06   4.3336648e-03   3.4041551e-17   1.3903428e-10   1.5554875e-09   3.6052983e-04   1.4566998e-05   3.2436768e-05   1.6656541e-39
   4.2019829e-06   1.5762427e-05   4.1428386e-03   6.9494349e-19   4.2701744e-15   1.5237382e-11   3.3223262e-04   9.0003670e-05   7.3154737e-05   6.0917768e-32
   4.1735529e-09   5.0231328e-08   3.9274937e-03   4.2245339e-14   8.1072515e-10   1.6729866e-14   2.9647250e-04   9.9838637e-05   1.2346843e-06   2.0372791e-33
   4.3039084e-06   2.0626761e-07   4.0625705e-03   2.4813773e-14   5.3274534e-11   3.2310423e-12   2.4699329e-04   5.1357379e-06   7.2778884e-06   2.0011211e-27
   2.2565691e-04   7.0961334e-05   3.6514979e-03   7.4645769e-10   5.2733931e-09   2.9746146e-14   1.7366044e-04   1.5599710e-05   1.3448440e-02   6.7224852e-20
   2.8831573e-07   5.0027506e-05   4.4345217e-03   1.0024968e-16   2.1826343e-15   1.7589018e-11   1.9807809e-04   9.2339779e-07   1.0519198e-02   7.1707931e-18
   7.8737836e-22   4.2635321e-06   5.1728736e-03   4.7942371e-24   1.5193404e-10   8.5746261e-18   1.8616473e-04   2.3623539e-05   6.9239561e-09   2.6704231e-27
   2.3934036e-21   2.5068262e-06   5.2947989e-03   3.6010402e-15   1.4291563e-11   9.6724658e-17   1.6914154e-04   7.5470483e-06   2.8142182e-21   4.4576196e-30
   9.9908919e-26   1.8466374e-06   3.9756315e-03   1.0240817e-03   4.9709050e-15   4.2656441e-13   2.0857687e-04   2.0045330e-07   1.0049344e-25   1.5656295e-11
   6.0059713e-30   2.0099563e-11   4.1494561e-03   4.6694309e-10   2.3211784e-17   8.5881827e-14   2.3056126e-04   1.5335220e-06   6.9677730e-25   4.5340269e-16
   1.3112035e-38   4.8325049e-14   3.7001476e-03   3.6172603e-09   1.4275475e-18   1.2444371e-16   2.5502161e-04   4.1311615e-06   4.0673150e-31   3.1759588e-26
   3.0429038e-19   1.1020373e-17   4.6412211e-03   1.6696092e-15   1.9034632e-17   6.4259122e-20   2.2840071e-04   1.6297621e-07   4.2587787e-21   1.1363671e-28
   2.0331198e-13   1.6309516e-12   4.3366618e-03   2.2299617e-21   3.6906056e-15   5.5193605e-17   2.1031796e-04   1.9708988e-11   6.7154851e-11   1.8373222e-19
   9.7960271e-11   5.8259860e-14   5.0951836e-03   8.2400137e-21   5.5381537e-16   3.1889517e-09   1.9062082e-04   4.4659318e-14   2.5637608e-13   5.5676020e-19
   1.1505503e-25   3.8243139e-18   5.2253502e-03   7.1326288e-27   1.8706160e-19   1.6329759e-21   2.0679448e-04   4.6647369e-22   4.7736972e-07   8.6769592e-31
   3.1404408e-28   8.2568772e-11   4.9955027e-03   1.4323283e-24   5.0843790e-19   1.4639417e-18   2.1217350e-04   9.5896059e-18   9.2403069e-08   9.6114672e-14
   1.8260067e-31   7.5108200e-11   4.7769680e-03   1.6476222e-27   2.1087845e-16   6.0384573e-15   1.8432516e-04   5.2651624e-20   7.8875121e-11   7.1128643e-04
   3.5401726e-26   7.5188209e-15   4.4927304e-03   1.7780733e-15   5.1110337e-19   3.5538442e-16   1.7884527e-04   8.7601199e-15   1.3004519e-12   2.8969654e-06
   4.9538524e-32   4.6636006e-13   4.2775699e-03   2.9095195e-15   2.3841887e-10   8.4623175e-13   1.8154946e-04   1.3810253e-21   2.0208722e-16   2.7708523e-04
   6.5244786e-33   1.8066901e-17   5.7373409e-03   1.1861511e-27   9.3356008e-18   3.5132237e-14   1.5598597e-04   1.0556995e-20   1.4410704e-18   1.1517602e-03
   5.3380326e-33   9.4493866e-19   5.0468591e-03   9.2057068e-28   2.2061294e-18   9.5487821e-25   1.8827389e-04   3.0412356e-16   2.0474848e-13   8.8894990e-04
   8.7878451e-21   1.6025422e-13   4.1000104e-03   1.0980012e-19   8.0105346e-19   1.6361693e-17   2.2245446e-04   9.0821894e-18   3.7623272e-11   7.8627838e-04
   2.3299830e-09   1.3598047e-09   3.9704442e-03   1.9490722e-16   5.1617874e-18   1.9570563e-11   1.9831122e-04   2.8614490e-17   5.4086964e-13   4.1511696e-04
   4.0591000e-13   9.4020664e-08   3.5235254e-03   8.0442494e-16   1.2733637e-17   1.7498342e-18   2.3661305e-04   9.4315122e-11   8.7688410e-18   3.4205363e-04
   1.2800700e-20   2.5301692e-07   3.4321932e-03   1.2961582e-06   1.0400142e-21   3.2759546e-20   2.0672450e-04   8.7720248e-09   5.5920014e-36   5.6331177e-04
   1.6109150e-23   2.7929686e-07   2.7938736e-03   2.3019655e-08   2.0625451e-11   2.4452257e-19   2.0903015e-04   4.5586905e-09   1.6342967e-44   3.6818967e-04
   1.5487992e-08   1.5859891e-06   2.6730492e-03   1.3373084e-16   2.0307370e-14   1.9910950e-15   1.6594930e-04   1.8291917e-10   4.1221851e-27   1.2596608e-05
   1.8518332e-08   1.8735904e-05   2.4827290e-03   7.5024196e-17   9.7815588e-14   4.7925884e-07   1.8135513e-04   6.1372223e-16   2.0852223e-13   9.0372562e-18
   3.3464179e-24   8.1367089e-10   2.8596877e-03   3.5226036e-11   5.9994894e-13   2.6564659e-06   1.8987961e-04   9.7939581e-18   2.3698615e-10   1.3835052e-41
   2.4993414e-28   2.7675550e-11   3.0757811e-03   5.0959199e-15   6.9428064e-19   4.2441978e-06   2.2191823e-04   6.4503996e-28   3.0478967e-15   8.6962133e-51
   1.1922544e-22   3.4801495e-09   3.1890858e-03   2.9543680e-16   3.2162988e-22   6.0218676e-06   2.5592565e-04   6.9724075e-26   3.3033057e-18   2.7263227e-31
   1.2647227e-15   4.4764428e-06   3.2340045e-03   1.2047152e-17   5.1062378e-16   1.7286279e-06   2.5834650e-04   1.1093015e-10   1.9055388e-13   7.6178530e-36
   2.7419257e-10   2.5586966e-06   2.4397375e-03   4.5408786e-15   3.9357207e-14   1.2102816e-05   1.8359903e-04   1.9856162e-05   1.0499811e-06   2.6371574e-37
   2.8924726e-11   7.8659304e-15   2.2448434e-03   1.1889202e-19   6.4439264e-14   5.6962198e-18   1.5899935e-04   3.0607324e-05   6.6333653e-08   9.8331107e-35
   2.6112211e-18   1.4325898e-16   2.9141251e-03   1.1612089e-22   9.8611731e-08   1.1445212e-21   1.5760787e-04   2.7668170e-10   1.9917556e-09   2.6003933e-34
   1.5856488e-24   4.9173654e-13   3.0212082e-03   4.0803495e-14   6.9253822e-06   1.1066612e-07   1.6720500e-04   4.4512446e-12   8.2114280e-08   4.7634171e-48
   5.8421658e-21   3.0606215e-13   2.9938280e-03   7.6810651e-15   1.0460579e-21   1.2756954e-04   1.5289630e-04   2.0727949e-06   1.6293811e-09   3.3736843e-69
   3.5516793e-15   2.1757668e-13   3.0546811e-03   1.3948736e-17   1.5925175e-19   1.9928200e-04   1.9004262e-04   9.9318866e-08   3.9121292e-16   4.3739886e-74
   3.0386001e-11   6.4862128e-11   2.8496854e-03   1.2799695e-12   1.3814259e-19   1.4453319e-04   2.0432140e-04   1.1774536e-09   1.1921791e-16   1.0494686e-55
   2.8511935e-18   1.3155552e-11   2.7870966e-03   1.4842980e-10   2.1656004e-18   1.0767948e-04   1.9713646e-04   7.2357334e-06   9.5678417e-13   7.3891662e-65
   1.3238984e-24   2.5064494e-09   2.5690053e-03   1.5759142e-18   2.8975251e-12   1.5188813e-05   1.9119203e-04   3.1725784e-05   4.9052955e-10   3.1378924e-44
   1.3462893e-08   1.7838885e-09   2.6595128e-03   2.4447758e-25   3.5444850e-05   1.5230187e-05   1.8340122e-04   1.3618922e-05   3.2424123e-17   4.0573526e-45
   6.0036969e-12   2.8032030e-08   2.6885830e-03   2.0195049e-23   4.0304419e-12   9.1328910e-05   1.6999353e-04   1.4344134e-07   7.2067471e-25   1.4783679e-32
   9.8723950e-28   5.1088296e-10   2.7949893e-03   2.7559703e-18   3.3057138e-08   1.8293017e-04   1.4693794e-04   5.7963026e-07   1.5196913e-32   7.6652266e-27
   9.3985436e-26   3.5882875e-13   2.7054464e-03   7.7143639e-12   1.6893299e-18   2.9316710e-04   1.9048655e-04   1.8773319e-06   1.9332142e-28   4.0982673e-57
   2.0288902e-16   3.7244967e-07   2.6042026e-03   2.0284154e-14   2.1048422e-18   3.2814776e-04   2.2696223e-04   1.6343838e-05   1.0036597e-14   1.4210462e-19
   1.3186213e-20   3.2907917e-05   2.2405872e-03   2.3655044e-11   1.0141730e-16   2.6975842e-04   2.6299299e-04   8.8475663e-06   1.8138195e-07   9.7369771e-19
   8.6691400e-32   1.4346641e-05   2.7207110e-03   2.0205944e-11   3.7635185e-17   9.9173705e-05   2.0719966e-04   3.6369549e-05   4.2042327e-12   2.2456165e-22
   6.8335836e-27   1.6102328e-05   3.0798709e-03   9.1645909e-17   8.1837434e-14   9.2103285e-05   1.5328871e-04   6.6712141e-05   2.0636555e-23   9.5532972e-13
   4.7574994e-26   2.9958888e-07   3.1839412e-03   1.8194150e-12   7.9259577e-20   2.2987338e-04   1.5808634e-04   8.1300841e-05   5.1662099e-31   7.2293528e-05
   4.9231442e-18   4.1165410e-08   2.7871498e-03   5.3523573e-11   1.3966140e-15   2.6904020e-04   1.6865143e-04   5.6456479e-05   1.7201885e-25   3.2823851e-04
   7.4827870e-25   4.2317226e-06   2.3491003e-03   2.9931076e-12   5.4755741e-16   2.7799933e-04   2.4035361e-04   9.4756059e-05   8.4021109e-17   3.4682923e-05
   2.5169142e-23   7.7729847e-06   2.4397478e-03   7.3621411e-15   9.0485350e-22   4.0813489e-04   2.3899491e-04   1.1579841e-04   2.5321930e-24   1.1590932e-28
   6.6069663e-08   1.2185477e-04   2.6969935e-03   9.3031386e-08   3.0715383e-24   4.0450451e-04   1.7782296e-04   1.8929716e-04   8.3064456e-39   8.4395493e-04
   4.3901970e-05   1.3267402e-04   3.2372850e-03   2.6200760e-05   3.4103373e-23   1.6242234e-04   2.8551856e-04   1.2672753e-04   1.8971436e-41   4.3739729e-12
   3.8514472e-08   2.1059939e-04   3.3480151e-03   4.0000808e-09   2.9594890e-29   8.3697830e-05   2.6571236e-04   1.6737335e-04   1.2590883e-36   1.8584749e-05
   2.5390495e-19   1.3877591e-04   3.1127235e-03   2.4748463e-14   5.0010930e-18   1.5160028e-04   2.0415143e-04   2.1997843e-04   4.8052977e-37   9.3850212e-05
   4.3843195e-17   1.6017097e-05   3.1702576e-03   9.8293435e-15   1.3861863e-07   3.1013574e-04   1.5321376e-04   2.2516714e-04   1.6334428e-48   3.5219946e-04
   1.4715213e-19   1.4697481e-08   3.3158491e-03   6.8799460e-17   4.3495280e-08   4.5518464e-04   1.5762205e-04   1.3777186e-04   1.0820876e-39   2.1165962e-08
   1.6764331e-18   8.2485636e-13   3.1237138e-03   1.6118302e-22   1.0856681e-19   5.7689065e-04   1.9915928e-04   1.6290142e-04   6.7673525e-32   3.4766436e-62
   5.5211615e-12   9.0216542e-06   3.4826122e-03   1.0830155e-20   3.0701262e-11   5.1883773e-04   2.4417565e-04   1.6967900e-04   2.9406656e-33   1.6489266e-30
   2.8857240e-11   2.6786837e-05   3.3139123e-03   5.8379335e-14   7.2542402e-16   4.2481191e-04   2.3140603e-04   1.4142045e-04   2.7900885e-24   4.7624049e-17
   3.7269906e-04   3.3213436e-06   3.1121417e-03   1.5137921e-20   7.3158126e-18   1.9512158e-04   2.1957055e-04   1.2021685e-04   6.6557089e-18   8.0028887e-36
   9.9657635e-06   1.2889987e-06   2.3265960e-03   8.5253629e-19   4.2048290e-13   5.9062614e-05   3.0060571e-04   1.0536768e-04   3.6832633e-26   1.6272672e-28
   9.0159714e-07   1.6073967e-09   2.4549870e-03   2.1832680e-15   4.7579333e-13   2.5003689e-04   2.3908732e-04   2.0416448e-04   4.3235237e-50   2.2040081e-30
   6.6886233e-09   4.8737163e-12   3.2508877e-03   1.4473918e-14   1.8640366e-22   3.5259351e-04   2.1049348e-04   9.8924766e-05   2.3277279e-37   5.4440472e-32
   1.1920035e-20   1.2739197e-18   3.0525929e-03   5.2442256e-17   7.4398947e-14   3.8071613e-04   2.3634286e-04   8.7666558e-06   1.6015180e-28   2.0478770e-46
   4.9874971e-05   6.8952458e-22   2.5315493e-03   9.3597760e-19   6.5186209e-16   4.0683450e-04   2.3365580e-04   6.3028915e-06   2.6993597e-24   2.8356401e-73
   2.0319367e-04   6.3862020e-20   2.3040515e-03   4.7009057e-22   1.1489135e-14   4.8949806e-04   1.9248667e-04   9.6064151e-05   2.4213381e-16   1.9839387e-27
   4.9564259e-04   6.8489144e-17   2.3685855e-03   3.9869977e-20   1.3414766e-08   4.8215142e-04   1.5940952e-04   8.3960835e-05   5.3209327e-31   9.8728448e-25
   7.6846779e-04   1.2525280e-12   2.4144214e-03   6.1297977e-22   3.9592684e-13   3.7724889e-04   1.5026799e-04   7.1956364e-05   6.5422621e-29   7.3278761e-13
   1.0193250e-03   4.8219268e-13   2.6054065e-03   5.6710528e-15   2.8718471e-19   2.7624356e-05   1.7168287e-04   5.2826817e-05   1.4807990e-39   2.9675024e-14
   2.8271316e-04   3.6474818e-13   3.2292434e-03   7.0685001e-11   6.0608145e-23   1.6514555e-04   1.7064621e-04   7.1760760e-05   5.5945567e-42   1.5682026e-14
   4.3857898e-04   2.0038856e-19   3.1996060e-03   1.3618851e-18   4.7105904e-23   3.2069432e-04   1.7065679e-04   4.9287347e-05   7.6214954e-37   1.0783921e-22
   3.8301411e-04   2.7629579e-23   2.7599850e-03   3.0067628e-22   1.5733636e-16   2.4397742e-04   2.0257597e-04   3.3298338e-06   1.1059209e-30   2.8463086e-46
   2.6096060e-16   9.7354728e-24   3.3472354e-03   1.2117918e-23   8.7038243e-19   2.6017607e-04   1.4458452e-04   4.4704734e-09   5.4461130e-24   6.0783953e-37
   2.6714651e-13   2.2830419e-17   3.4046123e-03   1.4375354e-20   3.6870005e-26   3.5397236e-04   1.4965559e-04   1.9307678e-05   2.5212859e-24   6.4218314e-10
   1.0130810e-04   7.6562155e-17   2.7933622e-03   6.4240613e-17   1.6721271e-24   4.2724615e-04   1.4148675e-04   5.4508574e-05   1.0902982e-25   9.4118195e-19
   1.3097052e-04   8.7576644e-20   3.2812204e-03   2.9986888e-15   1.3785215e-33   2.4230421e-04   1.4015884e-04   6.4705989e-05   1.5384910e-28   1.5934653e-11
   1.1098166e-05   9.4757062e-18   3.4350388e-03   1.5617967e-11   1.8279005e-13   2.5169364e-04   1.3363249e-04   4.5282499e-05   7.6107373e-30   8.7109983e-11
   9.4731286e-05   1.4187366e-15   3.5492361e-03   8.3284969e-10   2.2619026e-18   1.8490443e-04   1.5530279e-04   1.1128761e-04   6.4398339e-25   3.0690459e-11
   2.6410999e-04   1.0234363e-18   3.4000893e-03   7.0158056e-19   3.1093483e-25   2.1709055e-04   2.0774611e-04   9.5535724e-05   6.4089501e-14   1.1426060e-15
   1.9219684e-04   5.5981116e-18   2.9161743e-03   7.3893246e-22   3.1418228e-20   2.4953031e-04   1.8315464e-04   3.1635858e-05   1.0023049e-14   2.1252556e-28
   1.2099898e-04   1.1201173e-20   2.9653232e-03   2.3322557e-29   1.3513735e-24   1.5939730e-04   1.6336843e-04   9.2304466e-07   6.6338364e-25   2.5478945e-30
   3.1888463e-11   9.5352988e-24   3.1615199e-03   1.1795945e-22   1.4734115e-36   2.8335130e-04   1.6703500e-04   5.8256372e-05   2.4217014e-38   1.6118621e-23
   1.1048843e-04   1.6603528e-20   3.2294256e-03   3.7521404e-20   1.0803580e-23   3.1838392e-04   1.8706863e-04   7.8671121e-05   3.1085009e-28   4.8730418e-23
   4.8415207e-05   1.9706862e-20   3.5065535e-03   9.8417278e-20   9.6619846e-26   3.2934822e-04   1.8542133e-04   1.1389971e-04   6.9038302e-32   6.6098471e-20
   7.3957967e-12   1.4190032e-16   3.1935445e-03   1.9979659e-13   9.0578232e-31   3.9910193e-04   1.7180653e-04   9.1457854e-05   5.9506115e-43   1.7242821e-04
   3.2892866e-08   3.3059849e-11   3.8695629e-03   3.7811230e-09   2.7901356e-17   3.2875737e-04   1.1415658e-04   1.9299249e-04   9.3145119e-40   3.2688571e-04
   7.4862705e-22   5.9054439e-14   3.8150450e-03   5.1835969e-09   1.2325074e-22   3.2265092e-04   1.3976901e-04   1.5172652e-04   1.8002620e-28   6.6124637e-17
   3.9879570e-14   2.5623036e-16   4.0271867e-03   3.0308297e-15   6.4762815e-24   3.0233817e-04   1.4365356e-04   7.9143847e-05   9.2302408e-32   1.1768412e-17
   3.0365464e-11   3.5866328e-07   3.2583723e-03   1.2885183e-22   8.4814583e-21   4.0219219e-05   2.0884846e-04   1.1915424e-04   1.2683130e-25   3.2950180e-04
   6.5071885e-05   1.9933164e-07   3.0531655e-03   3.0883721e-22   3.8813981e-19   1.4452565e-08   2.4369427e-04   1.5251116e-04   9.3953462e-27   1.0691225e-32
   2.1875117e-04   1.9118974e-08   2.9519078e-03   8.2444183e-20   5.2787453e-17   1.8714881e-04   2.4186636e-04   1.2472533e-04   2.5684653e-29   3.2077757e-05
   9.8354978e-16   1.4388671e-11   2.9848794e-03   2.7038958e-27   1.5571473e-22   3.3905772e-04   2.6104331e-04   1.9731557e-04   8.2787740e-23   2.2088771e-04
   6.6957243e-10   9.6196717e-09   2.8581155e-03   3.2293734e-25   7.2621058e-17   4.1098409e-04   2.1455217e-04   2.1717728e-04   4.3164716e-17   8.7417990e-04
   6.5098887e-05   2.6521170e-05   1.7342611e-03   2.2745025e-16   1.7531882e-15   3.2848116e-04   2.2553460e-04   3.0947532e-04   2.0228742e-20   1.1750436e-03
   5.1921702e-04   2.1118572e-05   2.7686114e-03   2.5402599e-21   3.7989609e-13   1.4349127e-04   1.7029388e-04   3.0588169e-04   7.0062627e-35   4.1203565e-04
   3.8959338e-04   1.2922359e-12   3.5940252e-03   6.7527735e-31   2.9525457e-18   1.6431389e-04   1.9702780e-04   2.2124919e-04   1.6727731e-27   3.5581614e-08
   1.6714909e-05   1.7267906e-08   2.9102728e-03   5.9815348e-22   4.7188682e-20   4.9022759e-07   2.3640605e-04   2.1436656e-04   9.2278028e-20   6.6898740e-04
   1.6732322e-04   2.4413245e-06   2.7574766e-03   1.4174266e-13   2.9033517e-19   1.4519378e-04   2.2329174e-04   1.5618475e-04   1.6381390e-28   4.9652671e-05
   2.8574765e-04   1.1924165e-10   3.0732348e-03   2.4835427e-14   3.9136288e-27   2.6321163e-04   2.9521927e-04   9.6005973e-05   1.3913234e-32   5.7908571e-04
   5.1831840e-09   4.6470383e-16   2.8953682e-03   6.0508515e-16   9.0370239e-24   2.3486554e-04   3.2331686e-04   1.8116164e-04   1.8168079e-30   8.8891545e-04
   2.3782847e-29   1.3547127e-12   2.3987240e-03   1.6556717e-15   2.9366555e-23   1.6292207e-04   3.3929120e-04   1.0444299e-04   8.3983804e-40   1.3197498e-03
   7.6203038e-19   8.4322822e-08   2.2181342e-03   1.7067326e-08   6.8132461e-29   1.6936768e-04   3.0678789e-04   1.4948924e-04   1.4546756e-53   7.0960732e-04
   1.3475690e-09   1.2467735e-06   1.8725097e-03   1.7871931e-07   1.0567256e-25   1.6224273e-04   2.8604357e-04   2.3237359e-04   1.9103565e-48   2.8018405e-04
   1.4162645e-04   3.9961587e-11   2.3949697e-03   9.4421253e-12   3.9104942e-29   4.7291112e-05   2.7371456e-04   8.7902310e-05   6.3093751e-51   7.7747022e-04
   6.2331855e-10   2.0976390e-14   2.6401637e-03   3.1952936e-07   1.3552798e-22   1.1863198e-07   3.0130936e-04   9.1649049e-05   4.2546793e-45   9.3229345e-05
   2.8624178e-12   8.8216697e-12   2.8133567e-03   1.7266571e-08   9.6731708e-15   1.0375049e-04   2.5543576e-04   8.7727972e-05   1.3402124e-31   1.2752983e-04
   1.1106231e-04   1.8107880e-08   2.9533861e-03   1.7756254e-13   3.5281795e-21   1.5610070e-04   2.0591596e-04   8.1207223e-05   6.6030420e-35   5.8971322e-05
   5.8021611e-05   1.4243834e-06   2.4990282e-03   6.4265265e-15   1.9474742e-12   1.9780801e-04   1.9660142e-04   1.2216585e-04   1.0238654e-44   4.2067424e-04
   4.2590656e-12   1.6280579e-06   2.1036258e-03   5.3330301e-04   7.8226086e-15   1.5771580e-04   2.7195398e-04   9.2626153e-05   2.2313753e-49   2.1993333e-04
   1.2307153e-04   1.6550440e-14   2.9863072e-03   6.6596836e-09   3.1213466e-20   2.5412666e-04   2.2855125e-04   9.8828916e-05   9.4909534e-55   6.0399170e-27
   1.0526040e-04   9.0114704e-17   2.7483847e-03   2.5863603e-23   9.3428190e-16   3.0077521e-04   1.7570462e-04   1.9590316e-04   1.4194802e-43   3.9388111e-23
   5.7123208e-04   7.6823981e-17   3.1684347e-03   1.2641112e-25   9.3644775e-18   9.0278336e-05   1.7153600e-04   1.4340865e-04   9.0823795e-32   2.4165378e-18
   8.3145374e-04   5.7380557e-10   2.7384610e-03   3.6746084e-16   6.5477428e-13   1.5767398e-04   1.6332386e-04   8.1241995e-05   3.4624146e-21   3.5033431e-09
   9.9602287e-05   1.9029839e-11   2.4410358e-03   3.9228698e-07   5.1192297e-13   3.0869415e-04   1.9862756e-04   4.3113972e-05   1.4759444e-25   2.3779865e-06
   1.4943731e-04   1.5215273e-14   2.3416610e-03   1.3448899e-05   4.4886225e-08   2.1156052e-04   1.6193472e-04   6.3331743e-05   9.3437852e-41   5.8021091e-16
   5.1250545e-04   1.8504871e-09   2.6067221e-03   1.4227324e-08   1.9468902e-06   4.0819074e-04   1.1854449e-04   9.4114673e-05   1.3199597e-51   2.6048468e-15
   2.8559755e-04   9.7206320e-07   2.8025552e-03   1.5173121e-12   7.1213379e-06   3.4407339e-04   1.0335009e-04   8.9988773e-05   7.0218447e-44   2.1670610e-24
   8.8294896e-05   6.0147893e-10   2.6176899e-03   2.7454432e-21   4.0918264e-05   2.6546485e-04   1.1359798e-04   4.7552081e-05   4.9422785e-40   1.0813386e-33
   1.1853061e-04   1.2685556e-16   3.6069682e-03   6.0952671e-30   1.7046619e-07   2.0266649e-04   1.3525413e-04   6.9878261e-05   2.7702756e-41   1.7617687e-35
   1.0167301e-04   9.3968703e-14   3.6095518e-03   1.2307071e-21   7.7331630e-17   9.0705287e-05   1.2780572e-04   5.9892261e-05   2.0055393e-41   3.1968111e-37
   3.0180521e-05   3.0413172e-13   3.1143511e-03   2.0192080e-19   1.5297291e-13   1.4089983e-04   1.5992614e-04   4.0947521e-05   3.5212670e-49   2.0193481e-42
   2.0791865e-04   1.3099922e-11   3.4441650e-03   2.4973600e-20   6.2736308e-08   1.3168051e-04   1.3133800e-04   1.4802283e-05   1.6751084e-63   5.0915642e-39
   3.0315093e-04   1.7809886e-10   3.8532824e-03   3.7279093e-22   4.9180428e-07   2.2622289e-04   9.6814315e-05   2.2780282e-05   1.4390322e-65   7.8146225e-27
   1.5405882e-04   1.0325554e-07   3.0183184e-03   2.9406946e-19   9.7074650e-06   1.3880781e-04   1.2516162e-04   7.8063667e-05   1.2271777e-55   2.3205972e-29
   2.0666426e-04   5.9511500e-09   1.9878065e-03   3.3632941e-20   3.6734899e-05   2.7124821e-04   9.7065398e-05   7.5480298e-05   1.4251505e-36   5.7610702e-31
   6.4864501e-05   1.3203028e-16   2.4379950e-03   9.7974746e-17   2.6839871e-05   1.3940710e-04   1.0136709e-04   4.4518684e-05   6.4008380e-39   1.7739983e-62
   2.1613031e-04   1.9002723e-09   2.5407556e-03   1.6518911e-15   7.8538058e-13   8.9663667e-05   1.1728400e-04   4.0416488e-05   1.1647227e-43   1.6709419e-41
   1.5558048e-04   6.9659499e-11   2.3492299e-03   1.9321695e-12   1.9178046e-07   1.5394925e-04   1.5112681e-04   1.0021538e-05   7.3427129e-50   2.3095263e-38
   2.4943899e-04   3.4637273e-15   2.4270102e-03   5.5427338e-12   3.7266474e-10   1.3070272e-04   1.5265873e-04   2.6356730e-05   9.8406382e-43   3.0130026e-35
   4.0888693e-04   3.1136808e-10   2.6050889e-03   1.6653506e-12   2.0004240e-05   1.8429043e-04   9.3880324e-05   2.7273346e-05   1.5394341e-36   8.7373018e-35
   6.1237882e-05   2.6804223e-06   2.6585223e-03   9.6297697e-15   8.5938886e-07   1.3931693e-04   1.0129480e-04   1.9644020e-05   1.0906189e-30   4.2116704e-39
   1.0579258e-07   2.8173464e-06   2.7070091e-03   1.2257439e-20   6.0092953e-09   1.1931398e-04   8.8494090e-05   4.3384787e-05   3.3949655e-27   8.4264826e-42
   5.9365549e-05   1.8371697e-10   2.8154162e-03   1.7624911e-20   4.5441751e-09   2.0412183e-04   7.8808150e-05   4.7601134e-05   2.1571717e-26   7.5675967e-48
   6.6577181e-11   1.1023832e-08   2.1496108e-03   6.7900247e-20   2.3363941e-09   2.1914218e-04   9.2920983e-05   1.5380228e-05   7.5639627e-29   2.3693097e-48
   6.1868832e-14   6.9438894e-08   1.9489260e-03   4.0137977e-20   2.6615614e-07   1.5016432e-04   9.5900160e-05   1.8251827e-05   1.0449239e-31   7.8586688e-63
   1.5915508e-07   2.8996015e-06   2.0285330e-03   2.9945845e-19   1.5867670e-05   1.9015896e-04   8.3503384e-05   1.5993162e-05   5.0977376e-22   5.1158396e-57
   4.5078286e-09   1.4487779e-11   2.3339205e-03   5.4590291e-16   1.7452031e-06   2.5321451e-04   7.4284594e-05   3.5967502e-05   7.9561582e-25   9.6783622e-46
   1.1175352e-26   7.4886983e-08   2.4052821e-03   4.4918763e-18   4.2701045e-06   1.6801055e-04   9.8442383e-05   1.1908697e-06   3.3548847e-22   1.0298254e-43
   9.6045972e-19   2.8115357e-05   2.3255315e-03   1.7215851e-24   2.2704383e-11   8.8015594e-05   1.1931873e-04   1.5811703e-06   3.4782163e-25   1.8343384e-44
   1.8697322e-14   2.4405151e-06   2.7097902e-03   3.5392817e-27   2.5958450e-14   4.4577232e-05   1.0188001e-04   2.2685949e-05   1.0772512e-26   1.0723405e-43
   4.5223369e-11   3.8648141e-09   3.1585698e-03   1.4589648e-31   9.8597850e-10   8.9391811e-05   7.7559703e-05   8.6037520e-06   1.0150982e-37   1.5899644e-41
   4.1076892e-08   4.4192172e-07   2.5407798e-03   2.6852837e-29   1.3742324e-05   9.3410012e-05   8.7580271e-05   5.7539489e-11   4.5591284e-34   1.0473815e-36
   7.1141425e-10   1.4612024e-08   2.0191100e-03   1.0425058e-25   1.5643688e-08   3.4876224e-05   8.7042501e-05   1.3188058e-06   4.9677112e-29   1.5573952e-40
   6.4819714e-09   6.8345624e-07   2.0405716e-03   6.2134096e-29   2.5125065e-09   4.6003052e-05   8.6946740e-05   7.5649834e-09   8.7414331e-30   3.1270807e-28
   7.5407855e-07   1.1049447e-12   2.2383168e-03   1.1485856e-27   9.5973928e-17   9.8823043e-05   8.6929504e-05   1.0043919e-09   1.1524884e-39   3.8259262e-24
   7.7240514e-15   1.0852881e-12   2.6491899e-03   7.6506093e-22   1.2646448e-25   1.2559359e-04   7.5790921e-05   4.4673921e-16   1.5663530e-44   4.7164108e-22
   4.5447931e-12   7.5717847e-11   2.3907448e-03   4.3156288e-23   1.2912832e-07   9.7232976e-05   7.6278820e-05   2.2052115e-07   8.3479662e-42   1.2374200e-27
   2.6842357e-10   1.2429161e-07   2.0690144e-03   2.2514439e-27   6.0205764e-10   6.2454355e-05   8.3484360e-05   1.1211415e-05   1.3646076e-43   8.5866937e-28
   1.9881094e-14   1.0045357e-09   2.3376502e-03   3.2564391e-23   9.0206168e-19   2.4303987e-12   9.8752101e-05   5.3683681e-06   1.8400444e-42   1.9425421e-31
   3.4641447e-13   9.3599223e-12   2.1990636e-03   2.0715100e-20   1.2669826e-09   7.8749746e-09   8.8382518e-05   1.7408174e-08   1.0019114e-36   1.3806326e-48
   7.0687881e-17   2.0819110e-06   1.9791475e-03   2.2634729e-24   8.4433887e-06   4.6108125e-05   6.5713644e-05   2.8309880e-13   8.6006914e-42   1.1480359e-19
   1.5777074e-22   1.4190844e-06   1.7845594e-03   1.5071566e-35   1.2284508e-14   5.6043254e-05   8.3165684e-05   1.8402085e-09   3.3099676e-40   1.1917619e-17
   2.4961380e-12   2.8815577e-09   1.9230901e-03   1.3719837e-29   1.1909484e-16   2.2214321e-05   9.0791569e-05   2.5410779e-07   2.3655788e-51   3.4740700e-15
   8.6937767e-15   1.6638449e-09   1.8400902e-03   2.9198935e-33   1.9480292e-15   4.9346394e-06   1.1665645e-04   7.2254801e-09   4.7390975e-54   1.6772341e-13
   1.2176168e-17   9.7995871e-11   1.8824656e-03   2.0987758e-35   3.4722780e-20   2.7593209e-08   1.1667148e-04   7.1702288e-06   5.7323761e-47   5.7811352e-23
   3.4664625e-24   1.4333512e-10   1.8852021e-03   1.6853033e-38   6.0860095e-20   7.2913462e-05   7.6426134e-05   2.4812760e-05   1.0272724e-54   1.1078397e-16
   2.1588219e-26   3.5387324e-12   1.7551120e-03   3.6009532e-39   2.0939538e-19   2.7985373e-05   8.5320241e-05   3.0544121e-05   1.6686289e-49   3.5019873e-25
   4.5682022e-21   2.9564870e-07   1.7687898e-03   2.8419686e-27   3.0746299e-05   2.0812727e-21   7.3738392e-05   2.6694854e-05   1.7269074e-57   1.2933486e-25
   1.9183466e-15   3.1608569e-05   1.6043922e-03   3.2825336e-18   8.2150428e-06   2.7576314e-05   7.3775244e-05   1.1311086e-05   1.1693267e-48   2.1677293e-09
   9.3385946e-13   9.3172876e-08   1.9854230e-03   5.2851740e-20   2.1863516e-05   2.2421258e-05   6.2863234e-05   6.6030603e-11   8.0210636e-52   7.9481757e-05
   2.7621699e-15   1.3851440e-05   2.1105282e-03   8.0144469e-25   1.1480942e-05   6.1376273e-13   6.1119930e-05   4.2712997e-09   1.0666158e-60   7.5733663e-05
   2.0340325e-15   6.1152000e-05   1.8305142e-03   8.5268648e-23   4.0118481e-10   5.1855751e-07   4.0596067e-05   1.6527109e-05   1.9622416e-61   2.7557927e-11
   1.4885797e-36   8.0729523e-05   1.5482257e-03   1.0820434e-28   3.5971726e-07   3.2199050e-05   4.8686973e-05   2.2222849e-05   1.7243677e-62   3.3915410e-10
   2.4745952e-48   6.3584784e-05   1.5434189e-03   1.4498798e-37   1.4424688e-05   2.7406412e-05   5.8707288e-05   1.9232561e-05   3.4117215e-48   2.4377453e-05
   1.2655665e-35   1.3448829e-05   1.5073812e-03   1.4411492e-32   1.5374200e-05   4.0575746e-05   5.0178702e-05   7.6616871e-05   5.1338867e-51   4.3288375e-36
   6.9204940e-26   3.5531229e-05   1.3059374e-03   1.2615751e-29   6.8784374e-09   3.2607373e-05   4.8260556e-05   7.2351420e-05   1.6829945e-57   2.0101759e-04
   1.3125369e-14   6.0076711e-05   1.2434886e-03   7.8460980e-25   4.6153705e-22   5.6757266e-07   6.4325156e-05   2.9789234e-05   1.3078924e-51   2.7780488e-04
   7.2199606e-15   4.3939716e-05   1.0279268e-03   4.5573861e-27   1.0363130e-05   7.3012683e-06   6.0137761e-05   1.6791596e-05   5.4317762e-49   3.4486200e-04
   4.5078593e-19   5.0679299e-05   1.1086375e-03   1.3721565e-27   5.8847643e-05   4.0059401e-22   5.0598824e-05   1.7911934e-05   1.4954875e-45   4.3943923e-04
   2.5954107e-17   1.0470213e-04   1.1266710e-03   1.7772012e-20   6.5219550e-06   1.1007181e-11   4.5710135e-05   3.7419343e-05   2.6372240e-47   7.4240717e-05
   3.6408735e-12   3.9621459e-05   1.0967606e-03   1.7106219e-19   3.1117588e-05   6.2346028e-19   3.2008492e-05   9.5437494e-05   1.0642261e-62   1.2170718e-04
   3.1402157e-18   9.2732988e-05   1.2735279e-03   3.8108647e-27   8.2567845e-15   9.9621744e-06   3.4634669e-05   5.2285334e-05   2.6118843e-64   2.1929588e-10
   6.4352048e-37   6.1505132e-05   1.3115017e-03   1.3488174e-32   5.5692905e-15   8.1640054e-05   2.5565197e-05   7.8013593e-05   1.0033094e-57   3.0445326e-11
   3.8612623e-26   7.1845927e-05   1.2129414e-03   1.6049016e-29   2.2020326e-13   1.2592313e-04   1.5507219e-05   1.0799255e-04   1.2883267e-56   2.5960197e-04
   3.0393086e-06   4.5549673e-05   1.0992905e-03   5.0799858e-30   2.1264975e-05   5.0641527e-05   3.3263142e-05   6.1253919e-05   1.1314491e-70   1.3823773e-04
   2.4855272e-05   2.7022297e-05   1.0164988e-03   8.9115030e-36   1.1775893e-13   2.9021493e-12   4.1740098e-05   7.4835760e-05   5.7508399e-73   1.8159255e-05
   3.3817857e-05   4.8219885e-05   9.4692146e-04   2.0560548e-35   2.9522988e-05   2.4266563e-13   2.7605878e-05   8.2030693e-05   1.2759913e-72   4.1089403e-12
   5.1894293e-05   6.3051193e-05   8.0413098e-04   7.8198623e-38   4.7499266e-11   2.2582826e-05   1.5809030e-05   6.7028244e-05   9.2854063e-71   1.3599682e-08
   6.4061192e-10   3.2908053e-05   8.1082485e-04   1.8358259e-33   2.9540956e-09   1.3748156e-05   1.9173906e-05   7.5266988e-05   5.1293107e-67   1.5366378e-24
   9.6275611e-24   5.0246018e-05   7.9998328e-04   2.9593082e-31   1.2005547e-05   1.3334223e-05   2.2114977e-05   4.9293787e-05   1.4402927e-70   8.2146535e-23
   3.4504945e-34   3.0517166e-05   7.7299536e-04   7.1724799e-25   2.0228550e-05   3.5314583e-05   2.2451798e-05   5.6775887e-05   3.9207827e-67   1.0155951e-04
   1.1962092e-24   2.9541719e-05   5.9063785e-04   1.1805847e-23   2.3997713e-05   4.4175232e-05   2.0594217e-05   5.6580886e-05   2.4216410e-60   2.3456292e-04
   1.4683269e-05   2.5450456e-05   4.2664413e-04   9.9892299e-19   5.0212422e-05   3.8593612e-05   2.5796091e-05   6.3358481e-05   3.0455484e-58   1.6490657e-04
   6.5261190e-05   2.4068908e-05   3.9259798e-04   1.3327833e-17   1.8391802e-05   1.2628735e-05   3.4236924e-05   2.4281924e-05   2.5859646e-60   9.9220646e-05
   3.3645011e-05   3.0910938e-05   4.0334218e-04   2.7169048e-16   1.0712993e-07   1.8655111e-05   2.5553132e-05   2.8381238e-05   4.8505831e-68   6.8738527e-13
   1.4699547e-05   1.3882930e-05   5.2721158e-04   9.6805474e-28   2.4928444e-05   2.4583350e-05   1.7388679e-05   2.7343232e-05   2.4580778e-65   4.3299477e-05
   1.1626891e-06   1.2754110e-05   5.9171817e-04   3.5312090e-33   9.7094690e-06   6.5223572e-06   1.9038889e-05   2.6233237e-05   1.6401213e-52   2.5754902e-08
   1.7423550e-05   1.3928729e-05   5.9691575e-04   4.2898916e-37   8.0467056e-06   3.1176982e-05   1.2263273e-05   1.9863635e-05   1.5545764e-52   2.3814199e-04
   1.5980767e-05   1.0535275e-05   6.1130152e-04   9.8300289e-26   2.1654351e-05   3.3909837e-05   8.3353158e-06   1.2936725e-05   5.0976732e-59   3.3345539e-04
   4.4450539e-29   1.5788836e-05   5.3825751e-04   6.0245231e-22   2.2617015e-05   1.6961019e-05   1.0286396e-05   2.8338962e-05   5.9231433e-55   2.2745200e-04
   1.9418910e-23   1.8721043e-05   3.9479401e-04   4.7987081e-30   5.2140727e-08   1.8622935e-06   1.6203535e-05   2.2637585e-05   5.1946517e-48   7.9608765e-05
   6.2863403e-21   9.6808992e-06   3.3888416e-04   1.3936933e-21   5.0809715e-06   1.3608321e-05   1.5933164e-05   1.3758227e-05   2.4518180e-40   1.0379196e-04
   5.2361090e-18   8.7517329e-06   2.9505851e-04   9.4898741e-21   2.8895221e-09   1.1516802e-10   2.0030111e-05   1.3026087e-05   6.6797079e-37   2.0529676e-04
   1.5181906e-20   2.2246533e-05   2.5778768e-04   7.7091206e-16   2.2273907e-05   1.2189866e-11   1.4353940e-05   1.6478462e-05   4.6102225e-34   1.0171224e-04
   1.0809035e-08   2.0010639e-05   3.1927138e-04   6.4512544e-17   4.0643996e-05   1.0972133e-05   1.1975540e-05   5.5173736e-06   3.8570577e-41   3.4740913e-09
   4.7516237e-14   1.7671093e-06   2.8315949e-04   8.8538053e-15   2.3217914e-05   1.6466005e-05   1.6307742e-05   1.0011069e-05   2.6982113e-38   1.6645294e-04
   1.2882852e-05   1.4895678e-05   2.7682236e-04   1.4398208e-22   1.9430311e-06   1.0576054e-05   1.4150912e-05   1.0970661e-05   8.3383865e-40   2.0179285e-04
   8.3898131e-12   2.0609342e-05   2.8506061e-04   1.2660540e-21   3.9059325e-12   3.3730347e-13   1.3184668e-05   1.4907643e-05   2.6838622e-37   1.1986452e-04
   2.4864353e-51   1.0474428e-05   2.7406907e-04   1.6400620e-18   2.6951350e-07   2.6657514e-14   1.4677205e-05   1.4714990e-05   4.8527846e-39   4.1420654e-05
