   5.4247247e-02   2.3833191e-28   2.8051764e-03   2.0889062e-03   1.7766698e-03   9.5039668e-64   1.5956434e-19   6.9374469e-08   6.0622753e-20   2.3288939e-03
   6.1835510e-02   2.0836498e-29   4.1733241e-03   4.8177108e-03   3.0061162e-03   2.2048011e-43   1.3768073e-26   2.7892692e-03   4.2891839e-22   1.2811814e-03
   4.6769127e-02   7.5589139e-16   3.4304153e-03   4.0873256e-03   2.7189610e-03   9.8882793e-21   3.3013605e-08   9.0728260e-08   3.1716395e-13   2.4805494e-10
   4.6348338e-02   1.2022950e-20   1.7317185e-03   1.6528709e-03   4.4862022e-03   2.1021951e-03   8.3838069e-03   3.2137594e-14   1.4129660e-02   1.4248784e-33
   2.1797753e-01   3.6896375e-15   1.4816942e-03   3.7382464e-04   9.9378871e-03   4.2490991e-35   1.7530713e-09   5.1964913e-02   2.0313404e-04   3.8070742e-15
   2.6293839e-01   2.2292741e-20   3.4708605e-03   3.0330875e-06   1.3734132e-02   1.1417173e-04   3.1286231e-27   2.5969911e-01   1.6548801e-09   5.6337578e-02
   8.8267088e-02   2.3976879e-11   2.2042682e-02   4.4782369e-09   1.1212412e-02   7.0021960e-02   1.1059383e-36   1.6997680e-01   4.4721827e-04   7.0187144e-02
   6.1251598e-22   3.2049725e-11   6.2033724e-02   1.3461377e-12   5.5285063e-03   5.1374456e-10   1.5876878e-45   2.5301086e-16   9.3487322e-12   8.7275977e-07
   5.6062512e-15   1.7500423e-11   5.6084612e-02   8.4338388e-14   2.2759811e-03   2.6447323e-55   1.6777261e-38   9.1927419e-36   1.6489539e-20   2.2018417e-57
   5.7150808e-02   8.1073654e-36   2.1390464e-02   4.8765923e-05   3.5732034e-03   1.2209174e-36   2.8756977e-22   2.5543415e-11   2.1506341e-16   1.8684008e-53
   4.5884760e-02   1.3687653e-16   6.3562850e-03   1.7210891e-07   8.3732521e-03   2.1668151e-23   4.3658092e-22   8.8835383e-02   1.7508804e-17   3.6342222e-03
   3.8110540e-03   3.7344193e-11   4.1576003e-03   8.0843101e-21   1.2886303e-02   3.0362485e-07   1.8465815e-26   1.2410139e-01   5.9900740e-10   3.1894337e-02
   6.9434899e-03   6.6028953e-12   5.5628319e-03   1.0625190e-14   9.8117286e-03   4.7085573e-02   8.7503874e-87   1.4502862e-02   9.6172832e-02   7.2198093e-03
   1.3461606e-02   5.3044872e-03   1.7375965e-02   8.2067566e-05   2.7916644e-04   1.5111178e-02   2.6205435e-31   6.8829229e-10   1.9741009e-01   1.2758343e-23
   1.9589410e-02   1.7298419e-13   4.6416540e-02   4.7905922e-19   1.1185660e-18   1.1718824e-49   1.7279952e-42   2.0300129e-29   1.6218978e-02   1.3978317e-39
   4.0216546e-11   7.1216969e-19   6.1835962e-02   4.4603669e-28   2.4604400e-13   2.1924288e-66   1.0846826e-44   2.9410036e-15   1.0680207e-23   6.5159663e-25
   5.1830550e-28   1.1070446e-32   3.7151280e-02   1.3966878e-46   4.4182364e-03   2.0049095e-43   5.0804976e-34   1.4392626e-02   3.6774805e-40   5.8556835e-03
   2.9499025e-28   1.1689455e-76   1.4094695e-02   6.3093661e-25   1.0629217e-02   1.0119015e-15   8.3004717e-19   1.0814576e-02   3.4118920e-13   2.9223200e-07
   6.8829430e-03   1.4188133e-40   8.2444597e-03   4.9643817e-19   6.9784972e-03   9.6361913e-04   2.2357662e-06   1.2671343e-03   1.5197086e-03   1.3889057e-26
   1.3502460e-02   2.9007120e-17   7.7027062e-03   2.7207930e-05   2.6696558e-03   6.7078270e-03   5.3765496e-07   1.1420733e-06   2.5847583e-02   6.3289772e-35
   6.0097871e-03   1.6795020e-08   1.0885337e-02   7.3601529e-05   1.1723438e-03   1.7845570e-19   1.4583910e-49   1.9426678e-02   7.6869795e-02   3.5062779e-26
   3.9047042e-11   5.8267880e-04   2.0256415e-02   8.1989677e-05   1.2329045e-03   6.2784972e-32   1.0615136e-51   3.4591591e-02   5.4714367e-03   1.3913567e-02
   1.9233954e-26   1.4449344e-13   3.4022866e-02   3.1390131e-06   2.7633669e-03   3.6794704e-21   2.9227001e-46   9.1998456e-04   2.7591823e-21   4.0789169e-02
   1.1158775e-26   3.8094538e-27   3.1838766e-02   9.1666699e-05   2.7591473e-03   4.6685014e-04   6.8621148e-28   1.0766758e-05   5.9529367e-25   1.9285153e-02
   9.9076240e-18   8.1993783e-36   2.0543497e-02   1.7685765e-04   4.0142834e-03   1.2845039e-06   4.6732507e-05   1.2652911e-11   1.5703523e-30   3.6098256e-56
   1.1706859e-07   1.0242245e-33   1.0974286e-02   1.3276697e-04   5.7826156e-03   2.0086731e-26   5.7519274e-02   1.5037715e-04   3.5280437e-04   3.2223614e-73
   8.7119700e-11   9.0535257e-03   6.8873859e-03   2.9846055e-04   3.3463287e-03   1.7916655e-39   8.1585613e-02   1.9400402e-02   1.3995729e-02   2.0415505e-45
   1.7107622e-13   2.5072537e-02   6.5435902e-03   2.8441783e-04   4.8516358e-03   6.2315555e-05   4.8297751e-02   6.3322680e-03   2.4641806e-22   2.9587183e-03
   3.9466226e-16   7.5750899e-02   7.6585475e-03   2.9960351e-04   5.2324096e-03   2.2049047e-02   3.0701038e-27   1.0333897e-02   4.2544878e-12   1.1453707e-02
   1.3826446e-24   8.5381814e-02   1.1998601e-02   2.6574853e-04   6.1361766e-03   4.8854765e-02   9.3330503e-35   7.6706450e-05   5.9408108e-26   2.0817393e-15
   2.0780307e-23   6.5146017e-02   1.6793377e-02   6.9403938e-04   3.0242751e-03   3.9969063e-02   2.9685303e-22   1.3757696e-05   4.2791988e-15   6.0956611e-23
   3.0757428e-34   1.9038439e-03   1.4183051e-02   5.3862004e-04   1.0046079e-02   1.1835655e-02   4.8686392e-02   3.9674766e-06   1.0548721e-43   7.6936712e-77
   2.8751036e-27   3.5082077e-03   8.4090657e-03   3.8380232e-04   1.6646034e-02   6.7504951e-23   8.7380605e-02   2.1185331e-05   4.8005753e-50   9.3230485e-37
   3.3224311e-19   8.6659862e-03   4.0251738e-03   5.3834143e-05   1.9303838e-02   1.2851273e-18   8.7177896e-02   1.1823737e-03   6.0408007e-15   3.2688342e-04
   1.2234496e-11   2.6224735e-13   2.1830522e-03   2.3662764e-06   1.2033194e-02   1.5173717e-07   7.8108868e-02   1.6847785e-02   6.6567852e-03   2.7353462e-03
   8.0946662e-20   4.6391985e-02   3.3702317e-03   7.5675975e-05   7.5801772e-03   3.6183642e-02   3.5094025e-02   6.4264116e-03   1.4504551e-02   1.7296444e-32
   2.5982105e-08   1.1002213e-01   2.8354351e-03   1.7169575e-05   9.3922173e-03   4.0053717e-02   8.3478719e-38   1.1026996e-03   6.5066821e-04   2.0382450e-56
   1.4540153e-08   1.0307265e-01   3.4342352e-03   1.4863795e-06   9.1177519e-03   1.1768855e-02   3.2985967e-44   6.0681675e-04   1.5554366e-16   1.4663798e-35
   4.5304673e-07   4.4628271e-02   2.4104452e-03   1.5423944e-11   1.3759884e-02   4.5996170e-38   1.8595192e-16   4.6375035e-09   7.7467640e-11   6.9970799e-07
   2.1090869e-11   2.7332001e-24   1.2543519e-03   1.2233730e-10   1.9253850e-02   5.7694004e-22   6.7148402e-19   2.3498606e-07   2.7298223e-16   1.0739867e-02
   4.4958882e-16   2.5589792e-13   7.3670671e-04   6.1398176e-15   1.8463402e-02   6.3149108e-18   8.5792285e-43   2.0122499e-07   1.6205632e-08   2.9841165e-25
   6.1244544e-06   1.2888624e-11   6.6579903e-04   6.5283815e-11   1.5768905e-02   1.1867044e-03   8.2834824e-80   1.2600026e-05   9.7874891e-03   2.3243305e-33
   1.4174008e-03   3.5712933e-13   5.5878758e-04   4.2632868e-12   1.6051154e-02   4.5058694e-03   5.5313919e-67   8.8850877e-07   8.7297520e-03   2.1254632e-27
   1.4298898e-03   9.3903802e-05   3.6245488e-04   2.6818889e-13   1.8419689e-02   7.7835772e-12   1.2280827e-85   4.6269846e-15   1.4762808e-06   6.9603450e-21
   1.3335144e-03   7.9068525e-03   4.7449528e-04   4.9261731e-27   1.5316322e-02   2.6474486e-43   1.0098870e-74   1.8679955e-21   3.8999879e-12   8.7147336e-02
   7.2418409e-04   4.8588929e-05   7.7897251e-04   1.0544214e-17   1.1690554e-02   4.4545432e-20   1.1605365e-69   5.8657840e-13   1.3881528e-18   7.6672154e-02
   1.3403026e-03   3.7019071e-26   6.2737809e-04   9.5027738e-20   1.3574597e-02   5.6623482e-33   5.1195499e-52   6.5500990e-16   1.2679390e-27   1.0259042e-24
   6.5398139e-04   6.0931528e-11   4.6486472e-04   6.0476645e-13   1.1872471e-02   1.7501883e-32   6.3229686e-42   7.9598642e-15   6.6341191e-24   4.5865491e-20
   1.6514802e-03   7.0593170e-16   5.8198289e-04   2.7949179e-05   9.4144934e-03   4.4623061e-30   7.9987194e-58   1.7354528e-16   2.7597750e-23   3.1102640e-16
   5.4179394e-04   2.3910268e-13   5.0225271e-04   1.8296408e-10   1.0341624e-02   1.5071081e-38   1.0071805e-94   1.3724428e-15   3.0894252e-22   4.5685677e-08
   3.1974398e-04   1.6717820e-03   4.6847105e-04   6.3212676e-06   1.0396323e-02   2.4914455e-30   9.7926616e-63   7.9331954e-14   4.4006839e-21   1.0908596e-03
   2.0336574e-03   4.7393325e-03   4.7342060e-04   9.0498786e-05   7.6712761e-03   7.5816035e-19   2.4803885e-34   5.4362563e-12   3.5392295e-11   9.2991487e-03
   3.7772726e-03   8.1093585e-03   7.8421071e-04   1.3028651e-04   4.8474162e-03   3.7267731e-04   1.4919715e-21   1.0833437e-09   9.5889743e-17   1.5965123e-03
   3.0124426e-03   1.8021909e-04   8.2254958e-04   7.4366237e-05   4.9748452e-03   1.1473770e-05   4.9715524e-33   4.1610694e-11   1.4329009e-20   3.7033584e-27
   1.7210283e-03   2.4631743e-36   5.2266570e-04   6.7111737e-06   7.8320520e-03   5.9070538e-15   3.5088355e-41   1.2627716e-09   7.0288764e-10   7.3241472e-10
   2.8478090e-04   4.9122796e-23   5.1888821e-04   6.8698094e-05   8.8837495e-03   8.7905350e-25   1.3027732e-45   4.0443949e-14   3.6122819e-03   2.5279040e-02
   3.2535670e-06   7.7119801e-35   5.4047482e-04   1.4669834e-04   8.2253294e-03   2.4136463e-34   8.8567743e-42   2.7031426e-20   8.9071896e-03   2.4315952e-02
   3.1751012e-13   1.2713922e-03   9.5333630e-04   3.7128374e-04   5.7283552e-03   3.5962054e-24   2.6808967e-36   9.4361472e-16   4.9210614e-23   3.0930401e-05
   3.9483292e-09   8.3673764e-03   1.2005438e-03   4.7476882e-04   3.2133282e-03   2.3081376e-12   1.7646927e-52   3.0502644e-13   4.5625930e-09   2.6713098e-39
   1.3993464e-05   5.3857278e-03   1.0909792e-03   3.9601000e-04   3.4816203e-03   6.9079865e-07   5.6508053e-34   4.4370046e-04   5.6257062e-08   5.6484562e-08
   2.3106845e-04   7.0564810e-11   8.8972021e-04   3.2498803e-04   4.2107442e-03   1.6292351e-36   2.9585809e-15   1.9350185e-07   4.7162700e-03   3.3218705e-19
   1.9373780e-04   7.0961925e-12   1.0847641e-03   2.1591699e-04   5.1693551e-03   1.0801048e-38   3.5989987e-46   6.6549548e-15   1.0774441e-02   2.1447396e-11
   5.5468867e-05   8.1115170e-05   9.8545176e-04   2.7625626e-04   5.4822347e-03   5.0411488e-39   2.8138738e-48   8.5712055e-17   1.7063671e-02   4.0960304e-11
   1.6262242e-04   1.8423547e-08   9.1038919e-04   1.7416643e-04   4.2377556e-03   1.5598122e-28   8.1860544e-31   2.4833564e-15   4.4704381e-02   1.7859114e-14
   1.0808343e-05   1.0210385e-02   1.8993998e-03   2.1473139e-04   3.4728972e-03   5.3989593e-15   3.1159792e-32   1.8045197e-12   2.9472022e-02   2.1454909e-40
   1.1160667e-05   1.1696850e-02   2.7190500e-03   1.6159477e-04   4.0144470e-03   7.1911129e-08   9.8441345e-64   1.9292798e-13   8.7293920e-03   3.8537446e-24
   2.5917603e-04   7.0803298e-03   2.8346427e-03   3.4850844e-04   3.0413222e-03   6.0383388e-18   5.5512791e-57   1.6552697e-14   2.8799621e-03   1.7479085e-02
   2.1910547e-04   1.0636091e-04   2.4210350e-03   1.9042597e-05   4.6678695e-03   1.7602418e-47   1.7650352e-37   2.3790634e-17   2.6616006e-10   1.7047909e-02
   1.5786961e-05   8.9489025e-18   1.7005403e-03   5.5124439e-06   4.6204066e-03   6.2928955e-60   1.5308315e-38   1.0609535e-15   3.8341686e-02   2.1220066e-04
   1.4413383e-07   1.8186888e-08   1.7024707e-03   2.4165252e-04   4.3616043e-03   4.1125726e-58   2.6626158e-85   1.0292591e-14   7.2062808e-02   5.1789802e-41
   8.7789410e-04   2.3028130e-41   2.0193670e-03   4.7011451e-04   4.6747348e-03   1.3563873e-37   9.5632179e-54   1.2088947e-10   2.5118088e-02   1.8907170e-09
   5.4882146e-04   1.0894987e-02   1.9256591e-03   4.9285662e-04   3.9586183e-03   1.5628878e-15   4.7959368e-34   1.2047604e-10   6.7061460e-02   1.5440662e-35
   4.4531623e-04   1.9669160e-02   3.0031061e-03   3.9303794e-05   5.9849810e-03   8.6554951e-45   4.5974058e-48   2.7851063e-22   2.1031682e-02   1.4055242e-05
   1.4261861e-03   1.0363693e-02   2.5264637e-03   5.1346255e-06   6.5322440e-03   7.8450407e-55   5.7727486e-59   3.1856212e-23   4.0588985e-02   1.3870349e-04
   2.6365638e-03   3.9734052e-08   2.3225262e-03   2.8122456e-04   4.7159798e-03   4.8233645e-39   4.3965129e-48   3.0515563e-23   2.5239799e-02   1.6282026e-11
   2.4476548e-03   2.1339555e-05   1.3729239e-03   2.3860270e-04   6.4816392e-03   4.1148134e-59   4.9097874e-29   3.2303064e-24   2.7751012e-02   3.8894297e-67
   1.6662922e-03   1.6214567e-02   9.8582951e-04   4.7126203e-04   5.8167388e-03   5.9687884e-42   9.8433257e-31   1.2405672e-16   4.2171164e-02   6.9315923e-17
   7.7545161e-04   2.4696744e-02   1.5734225e-03   4.0383257e-04   6.2408416e-03   6.5064897e-20   5.3562608e-36   1.0912253e-20   2.5107317e-04   2.6732561e-02
   2.7499798e-04   3.9728625e-02   1.2971939e-03   6.6679594e-04   4.2134409e-03   1.7020723e-19   7.4105189e-60   1.8862424e-23   5.5448855e-03   3.7226492e-02
   5.0248321e-12   3.1398887e-02   1.5236050e-03   2.9164408e-04   5.7734148e-03   5.5056245e-43   4.8365809e-55   7.6815496e-26   1.2409605e-18   4.3030978e-05
   2.1385256e-09   8.9948106e-03   1.8911731e-03   2.2718297e-04   6.4593102e-03   3.9853040e-44   1.5589696e-48   5.9152752e-18   6.2767094e-07   2.4518816e-39
   3.8956520e-10   7.1040292e-07   1.6543225e-03   3.7611500e-04   5.8960551e-03   2.8830090e-40   9.3549955e-36   4.3821345e-17   5.7309664e-14   4.2347732e-23
   8.8488349e-16   6.9768034e-03   1.3774751e-03   7.2796725e-04   5.4128830e-03   2.2028483e-26   8.2065297e-13   1.0621933e-15   2.4616955e-25   8.1324452e-03
   1.8329114e-13   1.6792040e-02   1.1703066e-03   9.2060773e-04   7.9562040e-03   1.4717047e-27   2.3761224e-17   5.3907099e-19   4.7057471e-06   1.7018966e-02
   9.7954536e-13   2.2537441e-02   1.0742594e-03   6.9398215e-04   6.4170186e-03   4.9772847e-14   4.2303753e-44   1.0952265e-09   3.7669020e-13   3.8439775e-03
   2.1786823e-08   1.7897904e-02   1.2549895e-03   1.6501612e-04   5.5130030e-03   7.5711556e-20   2.9109018e-77   1.4207988e-08   6.1218733e-21   8.6068951e-07
   4.1397244e-20   1.4370808e-02   1.3716001e-03   9.2373918e-05   6.9556127e-03   9.9951425e-21   8.3499759e-35   2.5561049e-09   4.2922319e-28   2.0584333e-14
   4.6262101e-20   5.2259535e-11   1.4806458e-03   2.4626581e-04   9.3859760e-03   3.7874288e-26   2.4611944e-08   4.4903869e-13   8.0200051e-42   2.2611740e-02
   1.8310819e-21   1.9255476e-22   1.5307788e-03   4.0397390e-04   1.0230433e-02   2.9898762e-24   1.4013745e-09   4.2357194e-18   1.1564088e-44   4.1387126e-02
   6.4813403e-12   4.3263166e-16   1.3502347e-03   4.7447013e-04   7.1956944e-03   2.7999487e-19   5.5605960e-03   4.6952256e-13   2.2275551e-38   1.9174664e-02
   2.6768131e-16   1.0344484e-07   1.5205344e-03   8.4052960e-04   5.2644048e-03   1.7238705e-09   1.5190077e-02   1.6468919e-05   1.3716655e-36   8.6674228e-26
   1.8407323e-23   2.4180519e-03   1.2520715e-03   7.5496873e-04   7.4371280e-03   9.5996181e-23   7.2769367e-04   2.2543286e-09   2.2765404e-41   7.5332446e-26
   7.5420092e-16   2.1254996e-03   1.2387990e-03   4.8847397e-04   6.1129522e-03   2.7389114e-22   1.6839419e-22   4.4602836e-05   3.1786520e-45   1.1313928e-02
   4.3878142e-20   6.1594525e-05   1.3306847e-03   5.3074501e-04   6.7053755e-03   3.9426014e-05   3.4883034e-25   2.6268247e-05   1.6871766e-23   7.5777556e-03
   6.5516432e-32   2.0284723e-07   1.3053974e-03   3.9953477e-04   8.6673893e-03   9.2267013e-04   3.7103838e-16   2.8571236e-08   8.6399521e-37   1.7100723e-12
   7.6954441e-35   1.1418208e-16   1.5296997e-03   2.3261455e-04   7.6189321e-03   1.5970096e-04   8.3374021e-08   9.6343949e-07   4.8955487e-56   5.3349354e-20
   2.2989405e-37   5.5152483e-33   1.3521982e-03   3.4776414e-04   8.3818456e-03   7.5489525e-04   6.1756477e-09   7.2812184e-11   4.9587496e-46   3.3797361e-41
   1.3072894e-43   1.1560335e-24   1.8040991e-03   7.6217303e-04   7.7105763e-03   1.7838664e-05   3.7807661e-10   3.7706770e-06   1.2530634e-59   1.9308352e-50
   2.1533649e-40   2.2586615e-41   1.7730334e-03   4.4755826e-04   6.6032139e-03   5.3059059e-12   3.0784321e-08   9.0892254e-04   2.7424092e-47   7.0628270e-14
   1.7654243e-41   5.3773894e-31   1.7671222e-03   7.6989235e-04   6.0776868e-03   1.9201682e-03   5.7824441e-13   5.4163316e-04   8.7677877e-56   7.2458937e-03
   4.4904988e-37   1.9424030e-22   1.8074337e-03   1.2694977e-03   4.6363528e-03   7.0177533e-03   9.7965653e-42   1.8629851e-03   2.2484389e-29   9.6613894e-03
   5.4059407e-36   1.6484817e-14   1.8896744e-03   2.3373956e-03   3.2730935e-03   6.1912358e-03   1.3613667e-37   1.0322554e-03   1.7762930e-30   1.2030729e-09
   2.2170942e-39   6.7295595e-13   1.9717606e-03   1.5971502e-03   3.6462362e-03   2.2695024e-09   6.8542186e-15   8.7688912e-03   6.7446217e-60   5.7312154e-47
   1.8570455e-42   6.8361976e-68   1.7081093e-03   1.4380959e-03   4.1749945e-03   1.9667887e-11   4.0314068e-24   6.2796488e-03   5.3492999e-60   3.2851526e-38
   1.4087372e-45   2.0220511e-34   2.0106625e-03   8.0840978e-04   6.1476430e-03   8.4865011e-04   1.1075056e-75   2.3031901e-03   4.5153331e-66   2.9594087e-55
   2.1329584e-45   1.4799173e-43   1.4967731e-03   9.3036711e-04   7.6184070e-03   1.4569183e-02   4.8550390e-27   2.8263016e-03   4.8881176e-59   1.7034648e-66
   1.6680860e-37   2.9168594e-33   2.0014814e-03   1.0252448e-03   3.8169634e-03   3.1442646e-02   2.7969477e-09   5.5987304e-03   5.2859231e-47   9.7821277e-22
   1.1997595e-34   5.1198677e-20   2.2846247e-03   8.0789392e-04   1.6879312e-03   2.6750922e-02   1.3729277e-16   5.8402629e-03   2.7228495e-57   2.3585947e-08
   2.0660220e-30   4.1873227e-09   1.6277442e-03   9.1262059e-04   2.2163282e-03   2.6553781e-02   5.4626598e-41   3.9793442e-03   5.8708813e-41   2.7064921e-34
   1.3033505e-34   2.0677706e-10   1.5927427e-03   5.6870100e-04   2.7868056e-03   3.0539200e-02   5.4624746e-42   3.4032270e-03   8.9065366e-44   1.3175865e-16
   3.4110086e-36   8.6299739e-23   1.6647634e-03   5.1488493e-04   2.6367190e-03   2.8704333e-02   1.9396909e-21   2.4768560e-03   4.2298425e-50   9.0488958e-04
   3.8274602e-39   2.9965704e-46   1.4392317e-03   9.4371515e-04   2.8460534e-03   1.2159442e-02   4.0422761e-71   1.4868901e-03   2.0326943e-54   2.2583702e-03
   1.1707161e-41   2.8157873e-33   1.9227039e-03   6.6813505e-04   3.6633765e-03   5.1395657e-03   1.4268536e-37   1.1124063e-11   3.0037654e-47   1.8998451e-25
   2.6090931e-43   5.9196181e-33   1.7788431e-03   1.0618084e-03   3.5160758e-03   1.4983883e-02   5.0787405e-26   3.2718041e-04   5.4027310e-33   1.5799542e-77
   1.5690773e-34   1.1949866e-21   2.1872782e-03   1.0604112e-03   1.7254156e-03   1.0452613e-02   2.0015220e-27   9.1925128e-04   1.2790235e-40   6.6463140e-34
   4.8263682e-31   1.4075276e-15   1.8490544e-03   1.0230649e-03   1.4607136e-03   8.3590164e-10   5.5908393e-63   1.1712863e-03   7.7276385e-53   2.1152592e-15
   3.5235111e-22   2.5308560e-25   1.7344803e-03   7.5869786e-04   1.4327853e-03   5.0881722e-03   2.2863808e-43   3.5527536e-04   7.9245321e-48   4.8750071e-36
   1.1277666e-21   6.7864100e-27   1.7892514e-03   2.2911947e-04   1.6115374e-03   1.0138456e-02   5.8499891e-33   1.5451069e-04   1.6117818e-39   2.2417379e-06
   2.0489686e-24   1.9344667e-67   2.1830248e-03   4.4947516e-04   1.0898823e-03   4.7756545e-03   1.6263304e-37   1.3012617e-04   7.4739437e-34   1.8242521e-07
   4.3291756e-30   3.0875232e-33   2.0375189e-03   5.6073016e-04   1.7687958e-03   6.5656515e-03   8.3455468e-45   1.4917286e-05   4.8028388e-48   3.6070226e-20
   1.4953315e-37   1.2527046e-34   2.0659937e-03   6.3567593e-04   2.0264764e-03   7.2953681e-03   4.3144584e-61   5.7496490e-10   4.9901396e-37   1.3272056e-23
   5.3412749e-33   9.1514370e-30   1.8466353e-03   8.0002563e-04   2.1179037e-03   3.8967597e-03   3.3283207e-66   1.3196679e-08   1.3024953e-48   3.7505863e-10
   1.8168649e-33   3.2068538e-15   1.9607625e-03   7.6678877e-04   1.6901203e-03   3.4273267e-03   2.4779150e-28   4.5615676e-11   1.3372708e-53   9.7847875e-04
   4.7457567e-31   1.1742187e-16   1.9911610e-03   6.2088311e-04   1.1620363e-03   2.7840447e-03   7.2991097e-23   9.0751187e-15   4.9994915e-50   3.9763627e-04
   3.8062138e-22   5.1770154e-28   1.8725799e-03   6.8212392e-04   5.9712775e-04   4.4725668e-07   1.3576143e-42   8.6434646e-09   1.8673417e-26   2.1792238e-06
   1.2537407e-22   6.7914230e-37   1.4994614e-03   8.1814809e-04   6.3660762e-04   2.7542053e-03   5.2664257e-73   4.0281415e-07   1.5754739e-10   1.4332761e-71
   2.5538735e-28   5.1627378e-24   1.7167358e-03   6.8572458e-04   1.1867187e-03   1.1100145e-03   3.1659964e-31   2.7151600e-08   3.5818103e-25   2.7696071e-22
   8.5014522e-19   2.5371305e-15   1.3880193e-03   5.1699276e-04   1.6079640e-03   8.8035346e-04   7.3291353e-34   1.9117336e-07   1.0963996e-33   8.7317733e-41
   4.7688534e-16   1.1639374e-28   1.2879318e-03   5.6534839e-04   1.6392165e-03   9.6577612e-04   7.6420335e-95   4.2807515e-07   9.7401600e-40   9.7288549e-16
   1.7578534e-18   7.1572418e-25   1.1791855e-03   4.6730097e-04   2.1614681e-03   2.1200265e-08   1.7902742e-44   1.8456043e-08   1.9103148e-26   7.1737462e-30
   1.6555280e-16   1.0440283e-14   1.3290191e-03   5.5940467e-04   1.6248467e-03   5.4300222e-04   1.8115392e-20   4.7743132e-07   9.9505246e-25   4.9181931e-22
   1.6017985e-04   2.2485606e-23   1.4239666e-03   7.6506425e-04   1.1208706e-03   1.2451573e-03   9.1797046e-34   7.6625178e-07   1.7490269e-28   9.5266705e-27
   4.8937054e-11   2.4523734e-50   1.4399660e-03   8.5885387e-04   1.0455231e-03   2.0478697e-03   7.5083784e-71   6.2614000e-04   4.4826744e-12   3.2959852e-04
   5.6847044e-19   3.7850826e-18   1.5508460e-03   3.5510926e-04   1.6553279e-03   5.4012292e-13   1.6485187e-93   2.0210826e-06   1.4916113e-08   1.1260155e-04
   3.4096959e-20   1.6390586e-06   1.3980375e-03   5.1655236e-04   1.1394402e-03   1.7388611e-04   6.2214887e-30   3.3741344e-11   1.7551314e-28   4.2581648e-04
   2.0334316e-13   2.2708960e-11   1.2752852e-03   8.6592744e-04   7.9675122e-04   7.3221975e-06   1.3689283e-24   2.1981059e-06   2.3483233e-20   3.6526708e-06
   1.7391996e-18   5.4296471e-17   1.2745817e-03   5.1165905e-04   1.9041657e-03   1.6422667e-03   1.1704349e-57   1.0244627e-11   1.4037060e-23   6.3430912e-85
   1.0785981e-20   1.4776307e-07   1.2701246e-03   3.8217362e-04   2.3850490e-03   7.8734383e-04   2.4142838e-25   1.3725584e-12   8.0002571e-19   1.3891860e-33
   1.3338395e-11   5.3466357e-06   1.4080082e-03   3.9406888e-04   1.4390847e-03   1.1006573e-08   4.3356797e-10   2.2438821e-11   1.4870822e-10   1.0962310e-25
   5.4824954e-04   7.3860087e-28   1.3042496e-03   5.5522795e-04   1.2830163e-03   7.5763470e-14   8.2762911e-25   6.2268052e-06   9.1785973e-36   2.0446893e-04
   1.1287908e-08   6.2745824e-25   1.9127949e-03   4.6092138e-04   1.5671598e-03   4.4898495e-29   8.3670235e-61   3.9911833e-09   5.5576305e-28   8.6915294e-09
   2.6830699e-07   2.4947845e-03   2.0363895e-03   4.2232637e-04   1.6857642e-03   8.7749987e-39   1.9077780e-26   1.8633158e-11   3.1991632e-25   4.5040140e-10
   1.5769851e-07   3.9759136e-03   1.9591887e-03   8.1170574e-04   1.4440549e-03   3.4486389e-04   1.1119258e-20   1.9093351e-06   3.7720015e-05   1.4666735e-18
   1.8405844e-07   2.2112338e-06   2.0463537e-03   4.9181269e-04   2.4111935e-03   2.3949974e-03   1.6415394e-55   1.2482780e-08   6.9460853e-14   2.7920679e-11
   1.1015028e-12   8.1755723e-09   1.9364546e-03   2.5144001e-04   3.1114446e-03   4.1033897e-06   8.4082597e-78   8.7597696e-13   2.6571316e-14   2.0637588e-12
   2.2409459e-18   9.1318239e-10   2.2393384e-03   6.4503883e-04   2.3311689e-03   7.7944412e-11   6.2814453e-39   1.7138610e-14   2.3252950e-06   7.6597097e-07
   5.1436906e-11   2.7365153e-11   2.2171847e-03   6.0754308e-04   1.9449926e-03   3.0158244e-12   5.2396946e-30   1.0182327e-12   5.9692684e-22   3.0670338e-12
   2.6378608e-04   3.1912565e-28   2.9604344e-03   5.0276713e-04   1.5258081e-03   3.3877382e-25   1.2411793e-27   1.8449592e-20   3.5003088e-32   2.6650308e-37
   8.9843828e-10   2.4444235e-23   2.7215964e-03   3.1818697e-04   2.5447851e-03   4.5089961e-07   1.7325344e-19   3.1219005e-11   2.7187809e-24   3.4606588e-18
   5.3104203e-13   1.9074866e-06   2.1462123e-03   4.7677238e-04   2.7204429e-03   2.8788450e-03   1.7982620e-20   1.4266879e-08   4.2138637e-04   2.5330021e-10
   7.0792750e-14   2.5054404e-20   2.1080097e-03   7.6571410e-04   2.7543453e-03   1.6606546e-03   9.9792326e-32   7.0570526e-04   4.4655671e-07   3.3187619e-03
   1.4506914e-12   2.0314856e-18   2.4433153e-03   7.2577750e-04   3.2152694e-03   7.0908103e-11   7.4639084e-23   1.3393992e-04   8.1865596e-35   5.5643959e-04
   1.3475284e-17   1.7848811e-18   2.6182920e-03   6.9661266e-04   3.5718687e-03   5.1990175e-15   4.6281629e-21   3.3087112e-09   4.0046335e-30   2.2508143e-07
   1.8293724e-22   9.9013317e-50   2.7882777e-03   8.4998122e-04   2.6353369e-03   6.8952303e-12   4.8195794e-12   5.3813623e-05   5.6461544e-39   8.9378988e-41
   7.5531036e-31   2.7301156e-22   4.1274675e-03   6.4569766e-04   3.0067671e-03   2.8768914e-04   6.6202177e-11   2.1634714e-05   6.0091834e-22   9.6370290e-05
   8.8858543e-32   3.8146064e-31   4.0929926e-03   3.5522489e-04   2.7313627e-03   1.1789002e-02   6.2716849e-10   1.2422943e-04   2.2291718e-06   8.3714378e-03
   9.3303093e-20   2.2217879e-03   2.8810409e-03   3.8920566e-04   2.9467331e-03   8.3614488e-03   9.6454707e-09   1.0867273e-03   1.4325633e-03   6.2029507e-03
   1.9036824e-18   2.9814872e-14   2.7165471e-03   7.8027452e-04   2.4405614e-03   3.9207248e-03   6.7044541e-03   8.9884526e-04   5.1694859e-06   8.6918654e-04
   3.0030645e-19   3.2061954e-45   3.0366401e-03   9.3326066e-04   2.1834038e-03   9.1079712e-03   9.8606796e-05   1.5381111e-11   9.4308277e-33   5.0227883e-11
   1.8480160e-24   8.2604529e-37   2.8057446e-03   4.1663383e-04   3.3604354e-03   6.6311141e-03   4.3811096e-32   4.8321444e-10   7.6164622e-39   5.8122391e-03
   1.2036109e-23   2.8263772e-29   2.0780077e-03   7.4516940e-04   3.9394588e-03   7.9516582e-03   3.5169950e-26   7.4240890e-07   1.7510212e-55   8.0571694e-03
   1.5401836e-23   1.5878877e-32   3.1791635e-03   1.1044619e-03   3.5691181e-03   1.3866252e-02   2.7935394e-19   3.2362268e-04   1.9176849e-30   1.0512130e-02
   8.5889872e-31   1.6825461e-26   3.6930297e-03   1.2277829e-03   2.3799155e-03   1.1953486e-02   1.2894081e-31   5.9283242e-04   1.5053639e-11   6.9939218e-03
   1.3004035e-27   1.2941348e-47   2.9760762e-03   1.7207881e-03   1.6684769e-03   7.7972581e-04   1.0576671e-20   1.5464377e-04   8.8889364e-08   5.2325793e-03
   1.9501107e-25   6.0551916e-24   2.6143543e-03   2.1541620e-03   1.2146947e-03   2.9679413e-03   2.3147765e-11   3.0646600e-03   1.5117367e-16   3.7682148e-22
   1.0600884e-29   2.4586752e-25   2.4380755e-03   2.1418164e-03   1.9805199e-03   4.5237272e-03   6.4307565e-27   2.1203474e-03   1.2348309e-30   4.8424563e-03
   2.1308023e-40   2.3593827e-40   2.2349883e-03   1.2687856e-03   2.4882245e-03   8.9807928e-03   2.5786528e-48   6.9167662e-04   3.3868714e-36   6.7404789e-03
   5.0710717e-34   1.9124214e-31   1.6930151e-03   1.2426450e-03   2.4408099e-03   1.0014280e-02   2.9069564e-36   3.1898420e-05   2.6997559e-45   4.7506604e-03
   6.4814644e-36   1.5638972e-59   1.9153541e-03   1.5887273e-03   2.0929068e-03   1.7560850e-07   1.5303398e-76   3.7326093e-06   8.9187279e-31   7.4620195e-05
   1.5883458e-33   6.4576159e-14   2.3731079e-03   1.8618511e-03   1.5298419e-03   3.3955742e-22   2.1844470e-30   1.9625513e-21   3.9496238e-33   2.6572005e-20
   9.7382502e-33   3.6289190e-11   2.1777236e-03   2.5169946e-03   1.6662817e-03   4.2343051e-17   1.4799294e-15   6.5379378e-16   4.1188870e-36   1.6684216e-03
   9.7669062e-38   3.1057251e-19   2.2526071e-03   2.8190757e-03   1.4886872e-03   6.9456425e-10   1.6228862e-21   1.6081398e-07   1.4166057e-56   3.5090559e-03
   1.4396091e-46   1.4118122e-24   2.1503044e-03   2.8759770e-03   9.5377467e-04   4.5307046e-03   1.5761821e-78   8.6918932e-06   1.9629449e-52   4.8084045e-03
   7.6249622e-45   1.1693507e-29   1.7067450e-03   2.1490658e-03   1.3005758e-03   5.8026286e-03   2.5494449e-03   5.2811718e-07   1.0725062e-61   2.9848856e-03
   2.3003737e-33   2.5395573e-45   1.6806373e-03   1.4007534e-03   1.5533770e-03   1.3360203e-11   5.0152105e-03   1.3218653e-06   7.0085282e-52   5.4124893e-04
   9.4470068e-29   2.7440778e-27   1.4468153e-03   1.9048596e-03   1.3707294e-03   1.3582544e-27   8.1846747e-22   9.4182719e-06   1.2575988e-28   5.4169331e-13
   7.7276415e-36   1.5171482e-25   1.7566697e-03   2.2811473e-03   1.7624167e-03   8.8885284e-28   2.1122240e-06   4.1451088e-10   5.9627653e-47   2.8224725e-03
   2.6306571e-41   1.3975230e-11   1.5124063e-03   2.3929279e-03   2.1485588e-03   1.7103977e-09   5.3847968e-03   3.5742366e-09   5.4416712e-55   6.5374882e-04
   2.4229696e-40   2.3847337e-09   1.1478463e-03   2.4058347e-03   1.8112977e-03   5.5953141e-03   3.5563649e-03   1.0198760e-05   3.1116269e-59   1.5796446e-03
   8.5823418e-30   8.5155383e-05   1.3873846e-03   2.6719619e-03   1.1141312e-03   5.5564741e-03   6.8805509e-29   1.2244915e-07   2.5555144e-51   1.5636810e-03
   6.2720852e-32   1.3913277e-07   1.1777552e-03   2.8343483e-03   1.3306896e-03   2.5833167e-13   7.1618087e-03   1.5920808e-10   1.8614879e-67   1.3983745e-21
   9.4291421e-29   9.8588136e-31   8.7601067e-04   1.9435220e-03   1.2578254e-03   4.9071965e-14   1.2101572e-02   3.4019310e-07   5.3783078e-46   3.0505910e-04
   1.0047432e-35   8.2913254e-29   9.7276296e-04   2.0292825e-03   1.2771851e-03   1.2518006e-07   3.2098839e-03   6.2444050e-04   6.8581648e-37   3.4941802e-03
   3.3023135e-41   3.3044460e-47   1.1188412e-03   2.1731847e-03   1.8420352e-03   1.7553767e-07   1.8789964e-10   5.6265331e-05   3.3152008e-63   7.4395139e-04
   1.8430723e-48   1.3053468e-21   1.0139497e-03   3.9892546e-03   1.9857392e-03   6.5763152e-04   3.8883433e-03   1.5214707e-06   5.4028783e-58   1.1951126e-05
   8.4531410e-40   5.7327238e-19   8.3410493e-04   4.3481362e-03   1.9309246e-03   4.2029980e-04   1.0712764e-04   2.3161977e-06   5.7153844e-64   9.0467608e-07
   7.9064849e-34   3.8643071e-13   1.1633681e-03   3.4678483e-03   9.1756252e-04   6.0474836e-16   5.2646048e-28   2.6736357e-04   9.8303063e-39   1.5177410e-06
   2.4673890e-39   8.9169611e-18   1.3622358e-03   2.4608605e-03   1.6748024e-03   1.1762227e-19   2.1139792e-03   5.2034391e-06   8.2675198e-53   3.3720582e-04
   1.2744897e-37   3.1919644e-16   1.2602062e-03   1.9732999e-03   1.6923314e-03   6.0490961e-09   3.8535024e-03   8.1678082e-06   7.5971995e-47   1.7416927e-04
   4.2565355e-34   5.0472363e-55   1.0355485e-03   1.8779964e-03   1.2470069e-03   1.6071720e-03   1.1671217e-19   1.7685304e-03   5.7728048e-14   2.8438053e-03
   1.6601460e-38   5.5496976e-25   1.0154483e-03   2.4698431e-03   1.4660061e-03   2.4731961e-03   1.7694197e-11   3.1717884e-04   3.4830379e-31   6.8573858e-04
   8.0613017e-44   2.0339070e-11   1.1435318e-03   3.5406105e-03   1.3511899e-03   4.6502995e-08   1.5283638e-10   1.8100718e-05   6.2128651e-33   3.5067494e-20
   8.8306285e-42   1.2974437e-10   1.0143711e-03   4.8696071e-03   1.4965292e-03   5.4077731e-38   4.6193545e-26   8.1042660e-11   1.6367917e-36   5.0155973e-13
   2.5088329e-39   8.5189792e-10   1.0065527e-03   5.3632389e-03   1.3601531e-03   6.2408660e-59   1.5051991e-38   1.9857668e-20   4.0191690e-11   2.0409961e-03
   4.6607099e-39   2.6027534e-07   1.4319549e-03   5.1530023e-03   1.1731547e-03   6.3829321e-33   2.5311599e-06   1.3765009e-11   2.1609469e-07   2.1764213e-03
   6.3266293e-44   2.7432411e-13   1.3936716e-03   4.9259467e-03   1.6169385e-03   1.7886093e-17   2.3965577e-18   1.1484485e-11   2.8439487e-20   7.0444687e-04
   8.4127984e-28   4.2566087e-25   1.0387994e-03   4.2041550e-03   1.5158205e-03   3.7915546e-14   4.9161431e-44   1.3548204e-07   4.6399431e-09   1.6147164e-05
   4.2553100e-21   1.2687668e-32   9.8768325e-04   3.3703298e-03   1.4618140e-03   2.5535971e-28   2.5122987e-03   1.6886717e-04   5.5407569e-14   9.1486659e-18
   6.8941969e-34   4.8250422e-12   7.4502316e-04   3.6619643e-03   2.3955212e-03   5.3127588e-32   3.8835817e-03   1.3629548e-07   7.1365240e-35   2.1624601e-11
   1.1604066e-38   1.1132345e-03   8.8697377e-04   3.9277617e-03   1.8075528e-03   1.4403697e-31   6.1130783e-19   1.5148345e-13   2.7107628e-29   1.1025551e-11
   2.9733434e-37   5.9211495e-10   8.1176345e-04   3.4677065e-03   1.7661568e-03   2.4974461e-07   4.2149825e-36   1.7158383e-04   4.3297642e-25   5.5251555e-04
   1.6762907e-37   1.1196172e-25   1.1440988e-03   2.6148648e-03   2.2194652e-03   2.0144314e-03   2.5246549e-12   4.0964168e-05   1.2189420e-29   1.0794369e-15
   1.6920048e-37   9.3618579e-17   1.5687247e-03   4.0800124e-03   2.0421238e-03   1.3179784e-03   3.2814374e-24   1.3701656e-05   3.3666847e-32   7.9727342e-34
   1.1316908e-32   1.4810434e-19   1.1434685e-03   3.3687165e-03   2.2003929e-03   5.7337384e-11   8.1930261e-58   7.3836055e-06   2.1709420e-30   7.3831331e-05
   1.4709758e-21   4.5441788e-39   1.2322032e-03   2.9324184e-03   1.3801910e-03   3.0096478e-18   2.3318505e-23   3.5850799e-04   1.1616186e-23   9.2497720e-03
   3.9002362e-39   1.4696918e-05   9.4570052e-04   3.2250666e-03   2.4295600e-03   1.3664335e-14   4.8964856e-15   6.2195828e-04   2.6295576e-37   2.8530889e-03
   2.8545601e-41   4.1401581e-03   9.1379435e-04   4.7634531e-03   2.6060642e-03   3.0369547e-06   1.4227488e-17   1.4984066e-04   4.4590093e-51   5.6126355e-10
   7.0857219e-41   2.7708191e-03   1.1540516e-03   4.0239569e-03   1.9931854e-03   4.0527659e-03   3.7111067e-27   3.2410878e-06   3.9413297e-65   4.0835040e-06
   2.2866836e-32   4.3465197e-04   9.4363354e-04   3.9443313e-03   1.7529363e-03   6.2298620e-03  1.2803398e-102   1.5133249e-04   3.8855484e-39   1.7633871e-28
   9.3569086e-49   7.7176135e-16   1.3687427e-03   2.6568223e-03   2.8244258e-03   1.6116771e-03   5.9527948e-19   2.7877173e-09   3.3945304e-44   1.6987054e-09
   1.3867283e-42   5.2376450e-28   1.4906926e-03   2.2388565e-03   2.4839124e-03   7.2544902e-23   5.6367670e-03   1.1320709e-04   2.6084506e-51   2.2659493e-08
   8.9103295e-29   1.4383218e-14   1.4319204e-03   2.9754738e-03   1.0356354e-03   1.5275239e-09   8.7467305e-04   1.8564194e-03   1.3382567e-42   1.8188749e-04
   1.2893296e-30   1.3722077e-03   8.8604996e-04   3.0647150e-03   1.7220780e-03   3.2928841e-03   4.8588472e-21   4.5084057e-04   3.5682475e-39   3.1530336e-19
   1.1143680e-35   8.4289192e-03   1.0995943e-03   2.4946184e-03   1.4978225e-03   6.3730890e-03   1.4437125e-02   1.0830366e-03   1.1328073e-45   2.2157383e-04
   5.6263498e-46   6.9417109e-03   1.0552937e-03   4.2963603e-03   1.7250842e-03   8.1885339e-03   1.3047950e-02   1.6249144e-03   3.9319481e-58   1.1126868e-17
   2.3674449e-46   2.0937009e-07   7.6415818e-04   2.9692894e-03   2.5046815e-03   4.1025139e-03   3.1327832e-48   1.0608417e-03   1.8909951e-63   1.2759993e-03
   1.8394580e-56   9.8638446e-04   1.5057228e-03   2.8401241e-03   1.9211762e-03   9.6828282e-35   7.6980849e-03   1.5667937e-03   1.7319139e-54   1.4552923e-03
   1.6799800e-58   1.5721758e-03   2.2791009e-03   4.0973240e-03   2.0648755e-03   6.3634657e-04   1.6247776e-02   7.5302386e-05   2.4844078e-69   4.1735742e-24
   2.9307447e-56   4.6411032e-15   2.2481846e-03   3.6225144e-03   1.3275485e-03   4.8747466e-03   5.9454752e-03   6.1107550e-08   2.7887456e-59   3.9531711e-13
   1.0393861e-54   5.8537882e-12   2.0316313e-03   3.0505310e-03   1.4420547e-03   1.0262982e-02   3.4338972e-03   8.4095021e-04   2.3566346e-72   3.1249185e-23
   2.4790224e-42   5.8595442e-47   1.6565456e-03   2.5397061e-03   1.1602178e-03   1.1268840e-02   2.0008757e-02   2.6231603e-03   2.5227068e-59   3.2954687e-37
   5.4872422e-40   1.7336030e-03   1.5159010e-03   1.7440453e-03   8.4223239e-04   7.6851508e-03   1.4738001e-02   4.3587123e-03   2.6663663e-67   4.1824993e-13
   2.0452644e-32   1.4348166e-03   1.4238413e-03   2.6437949e-03   3.6489746e-04   3.6706117e-03   1.5038916e-25   2.0299465e-03   3.0498756e-50   1.2922667e-10
   1.2717210e-42   2.3005082e-15   1.1957636e-03   3.3173871e-03   5.3715878e-04   9.2885772e-03   8.3155506e-21   1.5613450e-03   1.3031982e-47   2.2528404e-33
   3.0245235e-46   6.0409260e-23   1.6914200e-03   4.1911301e-03   6.9441756e-04   4.4852362e-03   4.5880953e-19   2.0707437e-03   8.9818411e-57   4.7419772e-15
   2.1201666e-44   8.6674838e-25   2.4352340e-03   2.6403571e-03   4.4774781e-04   2.9823312e-06   1.7705463e-11   2.5040089e-03   1.0554798e-48   6.0306643e-37
   6.8601532e-45   3.5849100e-15   1.9825972e-03   2.3276774e-03   8.7701129e-04   7.9183474e-04   5.2099634e-03   7.1444696e-04   1.4781458e-54   4.5465257e-11
   5.5125466e-43   3.2614663e-07   1.6767251e-03   2.4207792e-03   8.1203797e-04   8.5307280e-05   3.6126311e-14   9.1520937e-11   2.0852992e-69   9.7807151e-19
   1.7372931e-46   6.5898027e-10   1.9335870e-03   2.1074294e-03   6.2760722e-04   3.3327450e-10   3.0221321e-28   8.1731660e-09   3.0182796e-57   1.7813042e-37
   9.1600079e-44   7.4715672e-06   1.5821464e-03   2.6397803e-03   6.8473149e-04   1.4660121e-06   9.0777105e-03   1.9207274e-05   2.0599659e-48   2.3341600e-32
   4.1123229e-39   2.0580420e-25   1.1965413e-03   3.3737802e-03   4.3113265e-04   4.0846542e-09   1.1937006e-02   8.1692123e-04   1.2160749e-30   3.7693267e-14
   4.2291925e-39   1.4413834e-22   1.3517186e-03   4.0155024e-03   1.3645490e-04   3.2090545e-04   3.7284733e-11   1.1209002e-03   1.4621669e-36   3.8063708e-67
   1.9070645e-52   9.0032587e-08   1.7260971e-03   4.2055921e-03   2.0161383e-04   2.0969214e-11   2.2500040e-12   8.0864111e-04   8.6495306e-30   9.2295954e-25
   2.8786493e-42   4.8928730e-17   1.7595673e-03   3.4011189e-03   1.5675831e-05   1.6763068e-32   7.9621129e-03   5.0805944e-06   2.8031643e-30   6.9904859e-34
   2.0555684e-38   3.5166605e-07   1.5238127e-03   3.2617434e-03   3.2810324e-04   2.1417264e-35   5.8209929e-25   9.3831416e-07   2.7495714e-55   1.0789692e-70
   2.5865719e-40   5.1661888e-16   1.8834627e-03   3.9963019e-03   2.9369943e-04   2.7077836e-23   7.3586773e-08   2.4740025e-05   1.9649977e-45   3.3691479e-30
   6.2460366e-39   4.4499088e-14   2.0746990e-03   3.8132683e-03   5.4252757e-07   2.5246800e-27   1.1978941e-02   5.3474206e-08   3.6702171e-36   7.7317654e-24
   1.4633977e-30   2.7739071e-18   1.7649072e-03   3.4895810e-03   1.7764625e-04   1.6914440e-10   1.5392806e-02   6.3381210e-05   5.9432853e-16   6.7814624e-16
   7.4762259e-33   4.5638249e-32   1.2849941e-03   3.2840210e-03   2.6492500e-04   7.9455563e-11   8.2798244e-03   7.2892222e-04   8.2590592e-10   8.3575140e-07
   1.1780809e-27   5.1748482e-17   8.5848816e-04   3.0945925e-03   3.1205432e-04   1.0155660e-44   4.9691391e-24   1.0337457e-08   1.5933657e-06   3.6321827e-37
   4.8052543e-40   5.9035233e-13   1.3253670e-03   3.0169813e-03   2.1943337e-04   1.3665355e-18   7.5094882e-03   1.0474315e-06   2.3005121e-31   1.3169437e-18
   1.4430368e-39   9.5852542e-09   1.5335532e-03   2.8668546e-03   2.7360318e-04   5.4976857e-43   7.2522117e-03   1.6882934e-04   5.8219612e-29   2.6265880e-06
   1.5855340e-34   2.0489480e-04   1.3449628e-03   2.7216735e-03   2.7092307e-04   5.9890713e-27   1.3194145e-13   1.4362507e-04   1.8537493e-12   3.6873594e-44
   1.0422209e-31   3.1795447e-05   1.4535148e-03   3.3541238e-03   3.0856287e-04   5.6832968e-11   3.0209107e-16   4.7140876e-05   5.6161908e-19   7.0728130e-24
   2.4961324e-31   6.8556746e-04   1.5242150e-03   3.2055222e-03   1.8215329e-04   3.6006982e-11   1.2476444e-02   1.9710232e-06   3.9029828e-07   6.8367879e-24
   7.3110158e-27   3.7742986e-04   1.0582624e-03   2.9051941e-03   1.3178524e-04   1.9101386e-40   2.1572447e-02   2.7467888e-12   1.7397340e-03   4.1873235e-54
   4.6415300e-38   1.8688173e-25   9.6493193e-04   2.3556525e-03   3.0640300e-04   5.2024595e-21   1.3910005e-02   3.3413512e-04   7.3701102e-22   3.8665015e-06
   5.4672658e-39   9.2348102e-26   1.2265526e-03   2.3570339e-03   1.0255538e-04   3.1384750e-37   5.7831992e-03   3.0276646e-07   2.6115910e-42   1.9633047e-04
   2.9145931e-41   3.9072441e-28   1.4870755e-03   2.2895780e-03   3.1996353e-05   1.3897957e-37   1.5715255e-02   1.0639797e-07   4.9541474e-26   1.1886013e-03
   1.2202735e-35   2.0776997e-07   1.3070638e-03   2.0776715e-03   3.3865694e-04   4.1729546e-15   1.6579989e-02   7.5312425e-06   9.3350750e-26   6.7831820e-04
   1.1636139e-23   3.1379046e-10   1.2662356e-03   2.2728620e-03   2.8048088e-04   9.0054613e-16   4.7077014e-03   1.1845292e-09   2.2994809e-29   1.5762138e-10
   2.4569340e-30   1.5238764e-05   1.4560866e-03   2.5488676e-03   2.0553264e-04   1.4013985e-30   7.6489108e-03   2.4040024e-09   1.0012700e-25   1.4046261e-05
   3.4605840e-28   1.4338033e-03   1.0897214e-03   2.5112662e-03   3.1413786e-04   7.0593065e-24   2.0464070e-02   2.7492868e-04   1.2316954e-23   1.7590255e-08
   1.1614316e-27   1.1048321e-04   1.0232480e-03   2.9334254e-03   1.1792067e-04   2.7131875e-27   1.4642575e-02   2.9812475e-04   1.3756555e-51   9.0370762e-33
   6.2102228e-33   2.1298329e-25   1.0365911e-03   3.7357131e-03   9.8471505e-06   1.8976922e-33   6.7376993e-23   1.7878593e-04   6.1117992e-30   3.1999828e-04
   1.5815704e-43   2.2624886e-31   1.3109374e-03   3.3802703e-03   1.4629455e-08   4.0794836e-27   8.8723341e-03   1.8299370e-05   4.4905240e-25   5.1769791e-25
   7.5347296e-45   9.3035980e-11   1.3934630e-03   4.4575851e-03   3.6738104e-06   1.5792418e-34   9.7740470e-03   7.2121633e-08   1.4167971e-25   7.0026323e-42
   5.5138773e-42   3.5863585e-03   1.0648225e-03   5.7200965e-03   7.9592506e-05   9.8319011e-24   2.3791311e-29   5.6454677e-04   5.7101807e-26   1.2318658e-14
   2.2934330e-34   4.9501462e-04   1.0441657e-03   4.6625643e-03   1.7180161e-04   7.8580719e-29   5.0278925e-03   2.3994805e-05   2.4873220e-23   2.4667845e-08
   9.0168216e-33   1.0935328e-04   8.8839501e-04   4.4074476e-03   2.9976488e-04   3.0448168e-27   8.2835820e-03   5.5169864e-04   6.1998601e-34   1.3733679e-03
   3.5785141e-28   1.7733457e-03   8.6649216e-04   3.1862939e-03   3.9736373e-04   3.2370678e-26   2.7611731e-03   1.6302355e-03   3.5532828e-38   1.8785239e-03
   1.8764859e-32   1.1818363e-03   1.2470592e-03   1.9925984e-03   9.9944328e-05   3.3835709e-25   4.2100895e-03   9.3159033e-04   2.9047751e-31   2.0348855e-03
   1.5945786e-34   4.5072751e-51   1.4259291e-03   2.2430430e-03   2.5667501e-15   9.4319691e-46   6.1592056e-06   2.1516589e-03   8.0752749e-33   1.6959964e-03
   3.9515008e-33   5.6255051e-15   1.5785200e-03   3.4442583e-03   3.3498499e-13   1.1223013e-25   7.1736876e-53   1.9992534e-03   1.0314663e-39   4.2690792e-04
   2.9699554e-28   2.3255732e-03   1.2897125e-03   2.9913775e-03   1.9929238e-08   1.7798783e-28   2.6870384e-03   2.4547813e-04   1.3120406e-43   4.5027006e-04
   3.1343461e-29   4.4960894e-03   1.1094589e-03   3.3482192e-03   2.3362628e-05   1.9515986e-17   3.6282766e-03   2.4971127e-03   5.5438131e-32   9.6459093e-04
   2.7573803e-30   3.8307355e-04   8.6867841e-04   4.6628683e-03   1.4898132e-04   5.9206580e-19   5.1752309e-60   2.3039963e-03   2.9228152e-36   3.6652718e-04
   1.4398051e-32   1.4330460e-04   8.4742241e-04   2.6720097e-03   2.1200846e-04   3.2716240e-12   2.5567841e-03   2.8452495e-03   3.7718974e-31   9.3234665e-05
   1.0803196e-33   3.8982494e-34   9.9255011e-04   3.6278323e-03   9.8050365e-07   3.5171751e-11   1.6789965e-03   2.5747397e-03   2.5593854e-12   1.0948178e-03
   2.1269253e-37   3.5092800e-06   1.0852522e-03   3.9079677e-03   1.8362122e-11   2.1564061e-03   3.8512553e-48   6.3327344e-04   6.4220933e-11   2.5483265e-03
   7.4372871e-32   4.7102937e-18   1.1832309e-03   5.2595629e-03   2.0911826e-14   1.1184039e-03   2.7687125e-44   3.6988326e-04   3.0218125e-26   4.0684869e-03
   1.0719657e-34   4.5133564e-03   1.1800787e-03   5.6547585e-03   3.3888433e-11   2.1472201e-03   1.0186010e-12   2.1364793e-03   5.3169758e-51   3.9041366e-03
   2.8167018e-33   8.8038284e-03   1.0484694e-03   4.8870780e-03   5.9220206e-09   4.1928498e-03   2.6540085e-09   1.2786251e-03   1.0270681e-33   2.7384085e-03
   3.8480978e-29   4.7390213e-03   7.3336475e-04   3.8753364e-03   3.3721453e-09   4.5582295e-03   2.6446222e-36   9.1537923e-04   1.1681803e-18   2.2638339e-03
   1.3630351e-19   6.0642890e-04   4.9561610e-04   4.8748247e-03   5.6110207e-05   3.2416710e-03   2.9115920e-03   6.3390380e-05   4.7249108e-26   1.1719810e-03
   1.6939308e-21   2.0583961e-03   5.6121228e-04   5.8988743e-03   2.7541157e-07   1.8406592e-03   2.2151466e-32   1.6440044e-03   7.4173670e-14   8.0896856e-04
   4.2658484e-17   1.0755426e-10   4.9126765e-04   4.8378554e-03   7.8184664e-06   5.3681663e-03   1.7592786e-39   2.4279338e-03   2.3158343e-04   7.9678234e-04
   4.2548498e-20   2.0277721e-03   4.7535618e-04   3.2889641e-03   3.6061788e-05   7.2002410e-03   1.3525300e-40   2.8417060e-03   1.7884990e-13   1.5717125e-04
   1.9571804e-19   1.0737402e-03   5.6932496e-04   2.9874238e-03   3.2785997e-12   7.7804535e-03   2.5828209e-76   1.3275966e-03   2.2610998e-16   3.9253428e-04
   3.2493877e-13   2.8029957e-03   5.4319519e-04   3.5058535e-03   1.8857998e-13   6.4010774e-03   2.3151703e-10   1.7470288e-03   4.9866370e-25   1.0181441e-13
   5.6872777e-17   3.5942534e-03   4.2846197e-04   2.1490289e-03   4.9681504e-05   6.0794876e-03   2.2790193e-03   2.1187072e-03   9.1002926e-27   1.2275842e-03
   2.7692957e-07   2.1791870e-03   4.6313495e-04   2.2167514e-03   4.1194368e-05   4.0180306e-03   1.8924561e-22   6.9532022e-04   1.1764736e-21   2.1633878e-03
   2.8390040e-24   1.9099275e-04   3.2785046e-04   4.0771350e-03   5.9105933e-05   1.6851246e-03   4.6019381e-19   1.2714548e-03   2.0307393e-34   6.6718530e-04
   8.0497433e-20   3.1134063e-04   2.2926353e-04   4.8380886e-03   1.5327770e-04   5.9554945e-04   5.0909135e-05   1.2605599e-03   2.1222518e-23   3.3652049e-25
   4.3002728e-16   1.3079193e-04   2.6135947e-04   4.4413054e-03   1.3627922e-04   5.8169783e-06   2.2820063e-03   7.3447807e-04   3.8089598e-13   3.3058040e-04
   2.7182727e-12   7.5962500e-04   2.4513571e-04   3.9774579e-03   1.6126659e-04   1.6555346e-09   1.4499073e-13   6.3060117e-04   3.8435560e-16   7.2618789e-04
   2.5648715e-06   1.5887337e-03   2.3791916e-04   3.0190455e-03   1.3508300e-04   1.4667250e-18   1.3397519e-15   5.1482791e-04   1.4212908e-27   8.2533466e-04
   2.0370943e-04   1.7591361e-03   2.1987195e-04   2.7834046e-03   1.8546621e-04   1.1039887e-41   8.5724125e-09   9.1200586e-06   9.8709547e-25   8.9050154e-04
   8.0535123e-06   8.1089665e-04   2.4555484e-04   2.6426122e-03   1.6524489e-04   4.9618877e-05   1.2146742e-10   6.4772610e-04   1.0751087e-21   3.0057281e-04
   6.9451535e-05   6.6272630e-15   2.2730338e-04   3.1915096e-03   7.8274613e-05   1.0356402e-03   1.4550478e-10   1.2387762e-04   2.0774371e-46   5.2264842e-08
   1.6668265e-09   4.3789747e-06   2.2355158e-04   4.6457420e-03   9.5462409e-05   1.7991761e-03   4.1739655e-24   5.8463009e-04   5.9409187e-37   1.0717421e-06
   1.5183262e-05   4.2076247e-09   1.9132152e-04   5.4935072e-03   1.0034271e-04   1.5878897e-12   7.1702239e-08   4.5079616e-04   1.7236294e-41   2.8667235e-07
   1.1271776e-04   4.9030233e-04   1.9615415e-04   6.0042554e-03   1.1296332e-04   2.9112769e-21   1.5459097e-15   5.3504426e-06   8.5815563e-19   1.1582376e-03
   8.3242720e-05   2.6859678e-04   1.4245127e-04   5.8311344e-03   1.4071847e-04   1.8021223e-31   2.1154232e-17   1.6477788e-05   3.3983915e-21   6.1344571e-04
   1.1633598e-04   6.5683568e-05   1.5990601e-04   5.3939405e-03   6.2986378e-05   3.6740643e-10   9.3527588e-25   1.6774611e-06   1.4901935e-36   1.6898231e-19
   2.4299989e-04   2.7902996e-05   1.3772675e-04   4.4809912e-03   6.3920074e-05   1.3332938e-03   1.2673131e-37   5.6978483e-05   3.7020052e-25   9.5409738e-16
   4.9586302e-05   2.4861591e-09   1.6583878e-04   3.5299206e-03   1.2828514e-04   5.8167784e-04   1.6394871e-22   1.3983443e-04   2.7576727e-17   2.8366347e-04
   3.3107236e-04   1.0520817e-19   1.7348880e-04   3.3069701e-03   8.9493465e-05   9.8957666e-04   1.7218839e-23   6.9994653e-06   2.7971533e-17   4.5492569e-04
   3.3879300e-04   9.6247685e-14   1.8852062e-04   2.2559076e-03   9.9232494e-05   8.4034072e-04   2.5985934e-10   1.5622070e-06   3.6284788e-12   3.8958529e-11
   9.6040757e-05   1.9200074e-29   1.3645904e-04   3.0273852e-03   1.6939032e-04   1.6798475e-03   1.8365037e-11   2.7091809e-04   2.2596410e-14   1.5159413e-19
   2.3213838e-04   1.3898899e-09   1.3812333e-04   3.4520973e-03   1.9825699e-04   1.1220848e-03   7.1555196e-18   3.8010586e-06   1.4901744e-14   7.5758291e-27
   3.4085785e-04   3.5275924e-05   1.5950773e-04   3.1196581e-03   1.5508066e-04   1.2461654e-03   2.0922100e-07   1.1917528e-04   3.0367248e-28   2.1704402e-19
   3.3229003e-04   2.2272597e-12   2.0698481e-04   2.8537510e-03   1.0587472e-04   1.2740170e-03   2.7629266e-13   9.0470411e-06   2.5922385e-32   4.6962571e-04
   3.7682516e-04   3.3714411e-06   2.0252635e-04   4.0380684e-03   9.4057005e-05   2.8896439e-04   5.6880303e-41   1.0081653e-07   8.4823289e-19   1.2060695e-03
   2.2409287e-04   4.3815572e-16   1.5781631e-04   3.6402885e-03   9.7497796e-05   1.1823228e-03   2.2247884e-31   2.0508516e-05   4.1004334e-28   5.0852148e-04
   4.9913084e-04   2.7838908e-08   1.3987533e-04   3.7642100e-03   8.0585287e-05   1.2338171e-03   1.0506814e-43   4.9827421e-07   1.8621178e-11   1.3099078e-33
   7.1649550e-04   1.8345658e-48   1.6872896e-04   4.8743229e-03   7.7206617e-05   2.2780012e-03   2.0736923e-45   2.8335981e-09   1.5043460e-04   1.1313404e-39
   3.7502255e-04   5.7710970e-05   1.4965635e-04   5.0559173e-03   1.4933215e-04   1.6856427e-03   8.8349741e-49   3.5456160e-13   2.5921442e-04   2.3144043e-17
   3.6857763e-04   2.4063510e-11   1.3804990e-04   3.4859888e-03   2.9340452e-04   2.1916504e-03   4.0322632e-71   1.3213356e-18   1.5424362e-11   1.7936016e-05
   1.8526094e-04   6.3546433e-24   1.6109561e-04   4.2748514e-03   2.6577791e-04   1.4284568e-03   5.5396986e-45   4.2416600e-12   3.8226849e-11   3.7915525e-04
   3.5630985e-04   1.8046998e-12   1.6064749e-04   5.5882417e-03   1.2360805e-04   1.7070335e-13   5.2274558e-64   1.4988144e-15   2.9002840e-04   3.6377966e-09
   4.3625909e-04   5.5326533e-39   1.1408728e-04   5.1382976e-03   1.6151176e-04   7.2804558e-10  6.9605729e-145   1.1287123e-08   7.2035700e-04   2.5773004e-23
   2.8118092e-04   1.0264570e-12   1.5456110e-04   3.3890885e-03   2.4619373e-04   5.3466931e-06  3.6617200e-110   1.3421227e-06   2.7929417e-07   2.0913833e-32
   3.0298267e-04   4.5771625e-40   1.5861842e-04   3.3010377e-03   2.2858630e-04   3.2673037e-04   1.8053290e-48   2.1561019e-12   6.0894872e-10   2.5368722e-05
   2.6287030e-04   3.5742995e-14   1.2482125e-04   4.6101704e-03   2.6553689e-04   5.9670808e-15   2.0042009e-50   1.0648542e-08   4.1157990e-11   1.6218880e-03
   2.8566682e-04   1.8559646e-21   6.6803089e-05   5.4233253e-03   2.0432110e-04   1.1505707e-22   4.5845426e-72   4.4295062e-09   2.9915576e-17   8.4335569e-04
   2.1333130e-04   3.3709662e-06   1.0079902e-04   4.5492520e-03   1.3801781e-04   5.3855174e-19   3.6184886e-39   1.5267900e-04   5.2017029e-22   2.8722624e-19
   2.2509651e-04   1.1347808e-21   1.3247096e-04   2.9314865e-03   1.1338627e-04   1.5001060e-30   4.8359373e-35   1.3091091e-04   6.5730622e-19   1.0216991e-09
   2.6773050e-04   5.3165695e-18   1.1610412e-04   2.9524400e-03   1.5771087e-04   2.7318658e-33   5.7377594e-25   1.1889367e-07   6.8340690e-05   3.3219121e-04
   1.9623691e-04   1.4938344e-17   9.6499488e-05   3.3174980e-03   1.9543748e-04   4.4891997e-36   3.5448344e-18   1.1460802e-05   9.7321524e-10   1.4213429e-03
   1.0787703e-04   4.3994273e-22   6.2013351e-05   4.5401750e-03   2.4167983e-04   4.8061554e-54   3.8006493e-46   5.6114736e-06   7.1099637e-09   6.0306964e-04
   1.4371700e-04   3.2793091e-22   9.6684028e-05   4.2442696e-03   2.2860361e-04   7.1021200e-55   6.7665084e-37   4.7702453e-06   4.4028500e-25   2.3987451e-06
   1.3207892e-04   9.2793973e-36   1.0905315e-04   3.1661808e-03   2.4283696e-04   1.3489344e-50   2.6972128e-31   1.2131011e-04   9.8407800e-16   7.2041108e-07
   1.6591286e-04   2.0796267e-11   8.0435633e-05   3.5598919e-03   2.3440698e-04   4.2514662e-71   2.1570667e-61   6.0895797e-05   4.6534403e-06   3.6941956e-10
   1.2899983e-04   3.2269575e-10   7.0781287e-05   3.6006777e-03   2.4522061e-04   5.0221503e-52   4.6575662e-68   1.3212225e-06   4.2202876e-05   3.4765515e-04
   1.3573529e-04   5.7920529e-35   7.4931933e-05   3.0691504e-03   3.4600058e-04   1.2943923e-59   1.1962979e-39   3.8211093e-07   4.4683131e-11   2.2544223e-03
   5.0054092e-05   1.2759873e-17   7.4128101e-05   2.7898780e-03   3.5911491e-04   1.9521760e-47   2.1775682e-28   1.8355111e-05   2.3229718e-24   2.0786452e-03
   1.4252905e-14   7.2421954e-44   5.8042203e-05   2.7607441e-03   2.0793015e-04   5.2857689e-31   1.0654451e-38   3.6415068e-04   1.3353241e-37   4.2767724e-04
   1.1169272e-08   6.2359971e-54   7.0854689e-05   2.7696040e-03   1.4201737e-04   1.1677691e-17   8.4000127e-28   3.9127605e-04   4.7148045e-38   1.1464048e-03
   2.8145356e-11   2.8240428e-13   8.4444818e-05   2.3803038e-03   1.9211437e-04   1.7911872e-08   1.4570597e-25   3.7589894e-04   3.2085250e-40   2.7944623e-03
   4.7457794e-05   2.1405095e-50   8.4126756e-05   2.8508518e-03   2.1340079e-04   3.6749621e-10   2.1681317e-56   1.9488961e-04   9.7685535e-30   4.8022714e-03
   5.8150306e-07   2.4405878e-19   8.0529286e-05   2.8150747e-03   2.6752709e-04   8.7392999e-13   1.2234791e-43   1.0966984e-04   2.4388224e-31   3.8534314e-03
   1.6682228e-05   4.9313043e-43   5.5808353e-05   2.9953374e-03   3.2255550e-04   6.5367047e-23   4.6843926e-69   1.0001437e-05   1.2456643e-50   5.1455022e-04
   5.1720200e-10   6.2732383e-21   7.1161811e-05   2.9053687e-03   2.6631391e-04   6.7622080e-19   3.7224531e-76   2.0443410e-04   7.1667462e-43   8.7368542e-04
   5.6572423e-21   2.4252638e-10   5.3115756e-05   3.2715164e-03   2.0301743e-04   9.5112733e-11   4.2510066e-46   6.4556218e-04   9.8954736e-46   3.6894046e-13
   1.7466017e-20   9.4889142e-05   4.6019161e-05   4.0084362e-03   1.9771938e-04   2.6797456e-06   2.3567930e-33   3.7288333e-04   1.0842413e-36   8.6260936e-04
   3.0959834e-09   1.0793406e-05   4.2060743e-05   3.4842827e-03   2.6105007e-04   6.6775458e-14   1.6816428e-09   2.4057586e-04   4.9514263e-31   2.2878317e-03
   2.8907614e-08   1.2538400e-24   4.0600178e-05   2.6307195e-03   2.3257055e-04   6.4782743e-33   2.3626856e-06   2.9099254e-04   4.3787653e-20   2.7179324e-03
   5.1306976e-05   1.7203830e-04   6.2555131e-05   2.9758903e-03   1.2340912e-04   1.8984497e-25   2.3209122e-10   2.9399610e-04   2.4545422e-25   2.3318805e-03
   4.4616098e-05   1.7341436e-07   9.1436058e-05   2.3566466e-03   1.3969986e-04   7.5402745e-22   9.8278465e-04   1.3571965e-04   1.4718955e-37   1.5390751e-03
   4.2385734e-06   5.2365406e-31   8.0746893e-05   2.1295220e-03   2.2975497e-04   1.3355270e-09   2.0083405e-10   1.1423295e-04   6.2043208e-40   1.0573521e-03
   1.5010891e-08   1.1451142e-38   5.4396463e-05   2.8497696e-03   2.6682412e-04   9.6041883e-04   1.2014112e-23   5.0804194e-05   1.3103202e-45   1.2192893e-03
   3.0766284e-05   5.0196489e-06   3.1388089e-05   2.9439383e-03   2.3923418e-04   1.6409603e-03   2.0430764e-34   1.2855588e-05   3.5607434e-32   1.2256152e-03
   2.5473147e-09   9.0772461e-08   5.6212003e-05   2.3110604e-03   2.2601594e-04   1.7834007e-03   3.1261505e-28   8.0388788e-05   8.7406854e-40   5.7547209e-25
   3.1824644e-05   6.9065418e-33   6.8558955e-05   2.4121192e-03   2.3269177e-04   1.4503939e-03   1.4057216e-16   6.6850910e-05   8.3933802e-39   5.8271789e-05
   6.0556897e-10   1.9679083e-64   5.5338793e-05   2.9520415e-03   2.1251509e-04   9.3099908e-04   7.2464917e-31   9.2907351e-05   5.6134722e-20   5.6617987e-04
   2.7992773e-05   1.4956555e-17   4.6387624e-05   3.0629742e-03   2.5397296e-04   5.0889387e-04   3.0755090e-43   1.6722894e-06   1.2915071e-20   4.2793518e-09
   1.6124727e-08   5.2881387e-18   4.1922813e-05   2.7720162e-03   3.7487959e-04   6.5265564e-04   6.2605415e-29   4.7279523e-06   3.4111181e-34   2.7416281e-03
   3.1380520e-12   6.6294718e-27   4.0344597e-05   3.1172539e-03   3.4022063e-04   3.9892141e-04   4.9992161e-57   1.6645591e-06   1.2256069e-42   3.3765775e-03
   6.2459320e-09   3.7564638e-14   4.5010621e-05   3.9578041e-03   2.4131297e-04   1.3273116e-04   5.9452537e-34   3.7789317e-06   1.0737029e-33   2.2513129e-03
   3.0385589e-05   4.6142429e-18   4.0137246e-05   3.9118463e-03   1.1649920e-04   6.3018165e-04   1.9885526e-39   2.5165421e-05   1.1940530e-24   2.4689419e-03
   3.3677094e-05   8.7932846e-13   3.5075261e-05   3.4314181e-03   1.4900968e-04   6.8583681e-04   1.9242409e-86   2.4556316e-09   2.1158373e-30   2.3399651e-03
   9.2825942e-09   4.2722435e-12   4.9894989e-05   2.9061852e-03   1.5652422e-04   7.2841717e-04   2.9035440e-58   6.5604366e-08   7.0155172e-29   1.5827648e-03
   1.3345775e-06   1.4677750e-36   4.4631322e-05   2.7203538e-03   8.5066870e-05   6.7215874e-04   1.5176296e-52   2.8360178e-11   3.0895508e-25   1.0914169e-19
   2.2348241e-05   1.0081594e-17   6.1114281e-05   2.2156936e-03   1.1937838e-04   1.6589660e-03   1.2827408e-41   5.3861195e-09   1.9232429e-05   2.6275181e-10
   1.2058359e-05   7.6904314e-31   5.5039171e-05   2.8834798e-03   1.5997271e-04   1.9082829e-03   1.4966331e-56   2.6209768e-07   2.8714119e-04   4.0200753e-32
   6.2887530e-06   9.0662966e-58   7.4301375e-05   2.4878992e-03   1.4591943e-04   1.8118471e-03   5.9506372e-33   3.7138071e-05   4.5291374e-04   5.7461901e-06
   8.8900313e-07   5.0424398e-22   8.3057310e-05   3.0524846e-03   1.9513041e-04   1.1561558e-03   1.5658520e-30   3.4669584e-08   2.3440287e-04   8.5144135e-04
   5.7506349e-13   1.5294918e-14   9.5639503e-05   3.0530427e-03   1.7827027e-04   7.0800368e-04   2.3980809e-48   1.7448792e-09   5.6318056e-11   2.1853861e-03
   1.0044292e-10   2.2594828e-27   6.4396495e-05   3.2366024e-03   1.3584767e-04   8.7174111e-04   4.4711307e-92   5.4053076e-05   1.0790295e-09   2.8801527e-03
   1.3155846e-07   7.2070577e-26   1.1628048e-04   2.9018162e-03   8.4732594e-05   5.5359638e-04   7.5883925e-94   1.3069849e-06   1.2555318e-05   1.8747213e-03
   9.2541228e-05   6.2271154e-20   8.3887231e-05   2.2034261e-03   1.2084347e-04   9.0280782e-04   2.3254553e-58   1.5687526e-06   1.5153440e-04   2.0807742e-05
   1.7051768e-04   7.0056926e-57   8.0907287e-05   2.4733956e-03   9.1298849e-05   3.9677619e-06   5.1555293e-56   4.8980544e-13   1.4641025e-04   1.9850861e-04
   4.2247877e-05   2.4248839e-72   1.2494790e-04   2.4892428e-03   7.0689912e-05   2.1815265e-09   6.9811770e-36   1.1805489e-15   1.4538118e-04   8.9770346e-04
   9.5555428e-05   2.1092994e-36   1.1136657e-04   2.2471871e-03   9.2185900e-05   3.6506971e-19   9.8488440e-16   2.3457254e-11   4.5960571e-04   7.7941653e-04
   2.0770535e-05   6.5692607e-45   1.5374852e-04   1.6319550e-03   1.4750050e-04   2.6668365e-06   4.4494538e-14   7.7554625e-07   1.6830301e-06   5.7903874e-07
   4.8644469e-05   1.4310796e-52   1.5582178e-04   1.1398855e-03   1.3250151e-04   4.0565142e-04   3.0816235e-07   1.2950304e-05   1.3073462e-04   9.2141257e-15
   2.3647211e-04   3.2277806e-17   1.0783725e-04   1.6790529e-03   8.6064398e-05   5.2263040e-13   5.0163267e-04   3.1145436e-10   1.1297403e-03   2.2809595e-14
   2.7570599e-04   3.7721133e-37   1.0360490e-04   1.4297525e-03   8.8129970e-05   6.2984082e-06   4.7093888e-10   1.3171789e-07   1.5183653e-03   6.2426151e-33
   1.8790949e-05   4.7707014e-27   1.0300667e-04   1.6941389e-03   1.8048844e-04   7.1001814e-05   1.9172422e-16   1.7475609e-09   1.0032528e-03   2.5805628e-04
   2.4715369e-05   6.1300724e-38   1.4859743e-04   1.7626932e-03   1.8350113e-04   6.5015076e-04   1.9347913e-24   3.5469108e-08   4.3481091e-04   7.3257876e-04
   1.3185404e-04   1.0706195e-44   2.2767142e-04   1.4121238e-03   1.0510364e-04   8.2902989e-04   8.2126370e-35   5.3936036e-08   2.3742394e-05   6.7187399e-04
   1.3506107e-04   4.0040406e-29   2.1883605e-04   1.9339328e-03   7.4810059e-05   1.0714589e-04   4.9720672e-51   3.7398667e-12   2.2835077e-05   5.1519206e-11
   2.0266694e-04   1.1712856e-29   1.3396013e-04   1.9917758e-03   1.5080323e-04   5.8050489e-04   1.6867195e-70   6.9700148e-08   1.4580230e-09   1.3516089e-04
   3.7217335e-05   5.6060956e-50   2.3824227e-04   1.7010101e-03   1.0694898e-04   1.0125156e-03   2.6302549e-69   6.7754091e-14   2.0221007e-16   8.9130299e-04
   1.6861040e-05   2.0854770e-24   1.7532213e-04   1.8931251e-03   3.2734059e-05   8.0966780e-04   2.9988073e-52   1.6328736e-12   8.0479673e-04   9.6719795e-04
   9.8244889e-08   1.0228062e-20   1.7570331e-04   9.8269429e-04   3.9378585e-05   1.2529867e-03   8.4203055e-60   1.0822729e-05   4.7638054e-04   6.5081938e-04
   2.3662438e-05   5.0655044e-44   1.9201846e-04   2.1746084e-03   2.6811097e-05   5.6435479e-05   2.1617930e-72   2.5949118e-05   1.9698693e-04   2.4216682e-04
   1.8612517e-05   4.7075782e-34   2.2694387e-04   1.8265308e-03   3.0293616e-05   7.3619817e-04   9.0986121e-57   2.3579187e-06   4.5768382e-04   6.6649335e-23
   2.0719308e-05   1.2619545e-33   2.9738158e-04   1.6073200e-03   1.1864487e-05   5.7322897e-04   2.0492584e-38   5.9386029e-10   8.1214652e-13   5.6314825e-04
   1.4157879e-11   1.4588417e-19   2.6082985e-04   2.1772422e-03   2.7118526e-05   1.6778552e-04   5.2283802e-35   1.4874430e-10   3.8135882e-05   7.6528241e-04
   1.9649709e-06   1.1294097e-20   2.6190149e-04   2.8315218e-03   1.0557018e-04   1.2953318e-07   1.9227889e-36   3.5372248e-10   7.2347699e-05   4.0461826e-05
   4.3888409e-15   3.7242962e-15   2.5156911e-04   1.8915529e-03   8.8359398e-05   2.9031799e-04   2.8106306e-19   3.9878793e-07   3.3128237e-21   1.5000846e-12
   3.1759213e-25   1.4012327e-14   2.9227823e-04   2.9038431e-03   3.2260568e-05   1.0668842e-19   3.4491671e-22   2.6310070e-14   1.3265492e-22   4.4613436e-18
   2.4633518e-23   3.7786031e-28   3.1081509e-04   1.9757626e-03   3.7954034e-05   8.0267085e-29   3.7381670e-13   1.0815104e-20   1.1964470e-31   3.0879981e-11
   3.0980637e-15   2.0120585e-25   2.9579080e-04   3.3932880e-03   6.6604101e-06   1.7326112e-49   8.7313784e-20   3.5601341e-20   2.3399780e-17   7.4291280e-14
   4.2409974e-08   2.5053159e-04   2.7359371e-04   3.4609953e-03   3.0689726e-05   7.6673434e-41   1.1579733e-31   1.4831223e-09   8.6835049e-27   1.3630192e-04
   2.2666055e-22   1.6742097e-05   2.5797958e-04   2.6584353e-03   5.2553624e-05   9.1199532e-39   4.3571378e-46   2.5246530e-08   2.5438618e-22   3.0738177e-05
   1.5526703e-21   1.5975581e-04   2.7719592e-04   2.0284892e-03   5.4932868e-06   2.3170435e-32   7.2876316e-25   5.9148470e-17   8.4476297e-18   7.9799113e-27
   4.2762818e-21   6.2441689e-19   2.9664433e-04   2.0624122e-03   2.7983393e-05   5.1134923e-33   1.6090080e-30   1.2912428e-14   7.7077479e-32   5.7010525e-29
   3.4599545e-13   2.4403541e-11   1.7901900e-04   3.0767467e-03   4.0343045e-05   2.6162338e-42   3.8038064e-55   4.0850022e-17   7.3413668e-48   2.3113489e-09
   1.6266819e-13   1.7791981e-31   2.2103683e-04   3.7800199e-03   1.1718769e-05   7.8033935e-39   1.8011837e-92   7.1767561e-24   3.8771142e-37   4.5378337e-04
   7.2775363e-21   2.6573518e-37   2.5295596e-04   2.5445275e-03   1.4496201e-05   2.4516082e-31   2.9241827e-39   9.4993824e-20   2.3571911e-36   5.4903057e-04
   5.5740206e-25   1.2391558e-04   1.7995903e-04   3.3751945e-03   3.3963416e-05   7.1446457e-27   1.1213813e-21   2.0986192e-16   3.7416304e-24   1.0074807e-04
   1.8001602e-20   4.3633003e-04   1.3881322e-04   3.1792124e-03   4.7527809e-05   2.6996231e-28   1.6287188e-19   7.3298890e-14   3.1050332e-22   4.6063690e-05
   5.4770047e-20   3.0852957e-09   1.8321644e-04   1.8754950e-03   4.0375091e-05   1.8541843e-12   8.4965260e-36   6.5395398e-17   3.1772840e-27   1.6382155e-04
   4.8179396e-05   3.8551774e-10   1.7693210e-04   2.6467590e-03   4.0238122e-05   4.8794358e-15   6.2086600e-77   1.2733478e-05   1.3238475e-21   3.5281503e-04
   2.2892201e-05   2.4248908e-04   1.3860427e-04   3.2564618e-03   1.1407341e-04   1.2914972e-43   5.4564311e-99   1.5247398e-07   9.8868278e-29   9.9447524e-05
   1.4372200e-21   2.0592830e-04   1.6538546e-04   2.9876062e-03   1.2266311e-04   2.9772897e-32   2.4685450e-60   1.5426872e-07   1.5810870e-28   1.1391809e-29
   2.9353145e-13   2.3156289e-16   1.5453094e-04   3.9142156e-03   6.9893551e-05   5.4891240e-54   1.2198588e-27   7.7552310e-12   2.0400180e-14   3.9824093e-21
   3.0184828e-09   1.5015270e-04   1.7836357e-04   3.4065447e-03   1.1431417e-05   3.6520873e-68   3.2047837e-26   3.2318743e-12   2.0550631e-29   5.3768246e-34
   8.4640722e-05   2.3355157e-04   1.5809046e-04   3.0216372e-03   5.1256075e-06   4.3880302e-75   1.8113606e-82   6.1006666e-11   1.4119063e-25   1.1832761e-04
   5.5344286e-05   4.7269483e-04   1.2124094e-04   3.2604080e-03   2.2688450e-05   2.5593547e-78   6.7933211e-28   1.4247108e-12   4.0913070e-20   2.2098355e-04
   2.2066599e-05   1.0037171e-04   1.0917584e-04   2.6654547e-03   4.2983257e-05   1.9820522e-73   1.1825788e-16   1.8657876e-09   6.2053116e-34   5.7212229e-04
   1.9924624e-06   2.5607300e-04   1.0956813e-04   2.4703292e-03   1.0127582e-04   3.5402483e-51   1.0167554e-41   8.9034003e-06   1.0177565e-33   3.5610372e-04
   7.7416135e-20   2.3582692e-04   1.1242535e-04   2.8546596e-03   1.2756898e-04   1.4156972e-40   1.4286575e-34   1.0380330e-10   3.2599913e-35   2.5821084e-10
   7.9126585e-11   5.4609557e-11   1.7573042e-04   1.3466567e-03   1.3466629e-04   6.1022519e-34   5.5421303e-10   2.9737937e-10   4.0326391e-27   2.1096283e-04
   9.5152007e-12   1.2517133e-15   2.0683709e-04   2.5421041e-03   4.9490105e-05   1.2373698e-37   9.6431448e-33   3.1208219e-06   4.0468650e-16   6.2645147e-04
   4.9125284e-06   1.2221959e-09   1.3966412e-04   2.6861172e-03   7.2166041e-05   2.1230492e-38   8.3306058e-19   3.9459603e-05   1.1112894e-25   3.2884184e-04
   2.4834139e-10   3.2218519e-04   1.2380690e-04   1.8124577e-03   9.7863178e-05   4.3080289e-25   1.7786673e-03   3.0557411e-07   1.8466156e-43   2.3928466e-05
   1.8438435e-17   3.5354236e-12   1.6056926e-04   2.5576140e-03   8.6107287e-05   3.0898467e-23   1.2270314e-03   5.6639451e-11   1.2812430e-30   3.2139743e-08
   2.7431096e-06   6.8249705e-05   1.8420379e-04   2.2426687e-03   5.3617703e-05   1.1404880e-28   1.0871539e-26   1.5292759e-19   5.2132735e-35   2.9165782e-08
   1.2508800e-06   1.0454648e-05   1.9673502e-04   1.2612620e-03   6.2605955e-05   7.0697721e-04   5.3591779e-04   3.3202726e-06   1.1754089e-47   5.9741190e-05
   1.4792803e-08   9.3414142e-05   2.3021914e-04   2.1387226e-03   5.9459955e-05   4.2959575e-04   1.0696558e-03   1.7745160e-12   2.9637895e-29   4.3478315e-04
   1.1428097e-04   1.0874254e-24   1.4373118e-04   2.8205482e-03   1.0075508e-04   2.2195648e-04   9.4596378e-19   2.0254869e-07   1.2187479e-20   5.1298779e-04
   1.2609576e-07   8.2325672e-04   2.0870445e-04   2.3553851e-03   8.8729205e-05   7.1294014e-04   1.9582058e-21   2.7438297e-05   1.0731283e-31   5.5253707e-04
   1.7017827e-16   1.0030701e-04   2.0037063e-04   2.0438731e-03   8.1648286e-05   9.6872991e-04   8.1427405e-04   2.9345607e-08   7.7193443e-46   1.0160573e-04
   1.3768534e-12   1.7156366e-04   1.7450946e-04   2.3683725e-03   8.4043104e-05   5.4819147e-04   2.9421641e-31   3.4971518e-13   4.9311185e-21   1.0020838e-08
   4.9862880e-07   4.9538855e-06   2.3042173e-04   2.1309563e-03   1.0580388e-04   1.2372798e-03   5.7440703e-33   1.5281520e-09   7.0021821e-25   1.6754162e-04
   1.4209228e-04   2.6506164e-40   2.2690501e-04   1.8401964e-03   1.7603857e-05   2.5192818e-03   8.1903086e-23   8.4573518e-07   4.6988984e-18   4.8532770e-04
   6.0132431e-05   8.6300287e-06   2.2347966e-04   2.0222072e-03   6.2395811e-05   2.5080978e-03   4.5456824e-14   8.5730424e-12   6.6674548e-22   1.3005826e-11
   6.1149928e-05   2.3540955e-04   2.1115220e-04   2.3551232e-03   7.5739216e-05   2.4922306e-03   9.6682400e-10   3.7351726e-15   2.7953310e-28   1.4242140e-40
   6.8365387e-08   2.2328165e-07   1.7498713e-04   2.7284208e-03   6.0119135e-05   2.4485358e-03   2.4741654e-46   4.7861444e-15   3.8888204e-36   4.5646217e-59
   2.5101904e-08   4.5379744e-04   1.7238326e-04   2.3067646e-03   6.7100409e-05   2.0529636e-03   6.3235615e-18   1.1340805e-13   5.2639917e-29   6.0901163e-10
   4.8373643e-05   1.1611725e-05   1.5128990e-04   2.1805682e-03   6.8333480e-05   2.1993448e-03   1.0806709e-08   1.4514263e-15   4.8131516e-18   2.6099883e-04
   2.4743786e-05   7.7884679e-05   2.2741795e-04   1.6558048e-03   5.3593041e-05   3.1612492e-03   1.7297559e-14   2.6488915e-13   4.6363858e-38   1.6527656e-04
   2.2265560e-05   7.4553922e-05   2.6983115e-04   1.7862175e-03   3.4971181e-05   3.3353716e-03   1.9447263e-14   2.0125567e-12   2.4678565e-22   8.6659520e-11
   7.4255301e-07   9.5426584e-14   2.8390683e-04   2.9985767e-03   6.0768892e-10   1.7083797e-03   1.1530774e-25   2.4922720e-17   1.0414253e-13   3.5011568e-26
   3.3534655e-05   7.9589008e-17   2.5740563e-04   2.5504721e-03   1.4811144e-05   1.4915581e-03   1.0133966e-20   5.7686108e-14   1.0429156e-17   1.3366187e-37
   1.0226309e-05   3.6660619e-20   2.4311216e-04   3.0339039e-03   4.4391108e-05   1.4070981e-04   2.4115996e-25   3.7761863e-13   2.1246019e-24   3.8141190e-57
   1.8181142e-16   1.2987877e-12   2.1477829e-04   3.3216855e-03   3.9503312e-05   5.3366155e-04   9.3450551e-33   7.3366093e-10   3.2589076e-06   2.7972189e-33
   1.5078907e-11   1.7987792e-24   1.9288342e-04   2.8757688e-03   2.2304100e-06   6.5187982e-05   6.8512055e-22   4.3348761e-07   2.7717912e-05   3.0516044e-53
   1.5910814e-11   1.4845935e-05   2.0915007e-04   2.9154522e-03   6.6020560e-14   3.9621991e-10   6.9410884e-24   3.0800568e-14   9.9047051e-35   9.8166576e-38
   7.2421098e-05   2.2145848e-04   1.6397899e-04   2.1408497e-03   7.6941304e-09   9.3589163e-19   5.6670042e-19   4.0790266e-12   3.4292760e-21   5.0452450e-45
   5.1522846e-05   2.3203202e-09   1.7109089e-04   2.1093364e-03   9.9257163e-06   3.6614354e-18   5.4957406e-45   6.1257246e-13   2.7561412e-07   2.2650536e-23
   3.6060917e-05   3.7351526e-35   9.7162709e-05   2.4077467e-03   2.7968857e-05   6.8865391e-22   1.4786620e-47   1.8465483e-17   1.9975467e-20   2.2171169e-10
   9.4552694e-07   3.9880550e-16   1.0003776e-04   2.5760449e-03   1.8314199e-05   1.8885866e-29   1.4063520e-52   9.4254912e-18   6.4264276e-21   2.0814529e-23
   6.2740876e-05   3.0957791e-05   1.1827181e-04   2.2432546e-03   2.5516756e-05   1.1550625e-19   1.6898876e-61   1.7162509e-18   5.1008941e-45   6.9369682e-19
   9.1176092e-05   1.2342258e-21   1.2991948e-04   2.2796370e-03   2.9781749e-05   2.1673902e-23   6.7865980e-82   3.5580701e-16   1.0339923e-10   1.4799003e-20
   3.1640815e-05   7.9181242e-05   1.2297081e-04   1.6969476e-03   1.4734257e-05   6.6197343e-39   2.1628247e-53   7.1487248e-13   2.1045551e-05   3.9149729e-27
   6.3843256e-05   2.0435643e-04   1.2077372e-04   1.8522485e-03   3.4967360e-10   3.1904714e-29   5.6729784e-56   1.6553165e-13   3.8378876e-11   2.6684200e-27
   3.1112319e-05   3.1045363e-07   9.2691434e-05   1.8022949e-03   1.1452064e-05   1.0063174e-05   4.0073120e-38   7.3109335e-08   2.1609019e-24   7.7166369e-43
   2.8085435e-07   4.2602641e-12   1.0385659e-04   2.6572970e-03   1.1224124e-14   3.0061476e-34   1.6610591e-48   2.6041941e-15   1.5286574e-07   1.6854950e-77
   8.3255574e-05   7.5037914e-05   8.4491826e-05   2.2661711e-03   6.6862675e-08   3.2159794e-51   5.8045839e-37   2.7922530e-22   1.5102988e-14   3.7746443e-59
   4.7791789e-05   6.2196424e-05   1.0511705e-04   1.9776680e-03   8.0997854e-06   2.1340136e-27   2.0748636e-26   5.2713727e-18   3.1391614e-10   8.3116857e-89
   1.7205216e-05   1.3569657e-05   1.0655548e-04   1.7463511e-03   1.4612710e-05   3.0716291e-04   4.7788211e-28   1.0654276e-12   5.9402004e-09   7.9323764e-83
   1.3045906e-08   4.8802034e-05   1.3932303e-04   1.2934936e-03   4.2923167e-08   5.2723764e-04   1.3547240e-34   9.5298759e-16   4.5253019e-18   5.9075328e-29
   1.9725539e-05   1.9985204e-04   8.8623779e-05   2.3840998e-03   2.5588970e-18   1.9441559e-27   4.9563476e-42   1.2549635e-20   4.1665856e-08   1.4841240e-54
   4.0806983e-05   1.1569167e-04   6.4285845e-05   2.6281190e-03   2.2804430e-12   3.7185779e-44   9.8870110e-39   2.9013672e-26   8.2023583e-05   2.8305322e-50
   7.2703448e-05   5.0228147e-06   7.7542582e-05   1.9874033e-03   2.0041169e-14   1.8614261e-23   2.2200567e-29   2.8342926e-16   1.1974465e-05   2.8230337e-55
   5.3942667e-05   4.6124839e-05   9.8486969e-05   2.1115441e-03   3.1064678e-14   1.3816817e-24   1.8003808e-46   5.8147296e-18   1.5770571e-05   3.1693161e-59
   3.4735475e-05   3.9402011e-05   8.0026174e-05   2.3055068e-03   3.6822862e-15   6.0579268e-46   1.6628898e-54   1.4980547e-27   1.3665073e-05   2.4504634e-60
   5.0663968e-05   2.9851518e-15   7.9264793e-05   1.6067761e-03   9.4803357e-09   4.2976651e-38   2.9953961e-47   1.0477265e-21   1.0376565e-08   1.8170553e-45
   9.3553898e-05   3.1671457e-05   6.6255773e-05   1.4717573e-03   7.0081276e-11   5.3459649e-53   2.4780138e-70   1.6919835e-26   2.5546052e-06   5.6624911e-55
   4.2639644e-05   1.6177853e-04   7.3742788e-05   1.4045713e-03   1.3822182e-14   3.3940909e-40   2.6705953e-68   3.7988628e-19   4.6718628e-05   3.0093306e-61
   3.3426464e-05   1.2773472e-04   7.8173328e-05   1.3309804e-03   7.0892493e-07   6.4824132e-25   3.9891338e-70   1.3652951e-14   1.2206685e-09   1.0380817e-66
   6.7696225e-05   1.7322617e-04   7.0325453e-05   1.9367738e-03   4.1758104e-11   8.5681787e-26  1.0931799e-122   2.5464460e-22   6.2267751e-20   5.7179110e-61
   7.9774838e-05   1.0880821e-04   7.3524265e-05   1.4672630e-03   1.1769924e-19   1.4500313e-31  4.4689614e-100   6.1814228e-26   3.5367280e-18   4.9601200e-38
   6.1010783e-05   1.8245775e-26   8.4096548e-05   1.7442006e-03   7.9896995e-17   7.3756250e-53  1.1759793e-121   1.0560485e-25   7.0693560e-05   1.4975369e-33
   1.2998585e-04   2.9707743e-13   9.1444362e-05   1.4143420e-03   6.8502684e-10   7.5894958e-45   1.6380134e-59   2.2925257e-22   1.8543986e-05   2.7158868e-11
   1.6995135e-04   5.2992370e-11   8.6424862e-05   1.0583434e-03   1.7027647e-07   6.7153572e-30   3.1013800e-35   1.1810934e-17   7.4773823e-08   1.7288729e-16
   1.1803103e-04   1.2236170e-05   7.7383265e-05   1.0917083e-03   6.1735956e-11   8.7520307e-41   1.2455072e-39   3.0371955e-22   1.1245562e-04   4.2280315e-34
   1.2180516e-04   3.4834113e-14   6.7466869e-05   1.5738706e-03   2.0452840e-14   3.0267716e-70   2.3868775e-52   7.6795224e-27   1.3803094e-04   5.5837118e-23
   1.0670899e-06   6.0005926e-38   8.2406902e-05   1.4072616e-03   7.7553595e-08   2.4192712e-70   2.2130389e-41   4.6806576e-29   9.3519311e-05   2.0593403e-26
   3.6597382e-05   1.1779478e-43   8.5389191e-05   1.2909838e-03   2.5162570e-08   6.0951971e-41   1.3272875e-35   7.2874634e-27   5.9850316e-05   1.5354498e-49
   6.8307297e-05   1.3199085e-25   7.7814131e-05   1.3346724e-03   1.9118421e-06   3.9127448e-22   5.5727340e-55   2.3009654e-21   1.8838672e-05   3.7677521e-42
   3.0625981e-05   2.5796288e-08   7.6592944e-05   9.1032479e-04   7.4478817e-07   1.5743012e-10   2.0467921e-36   2.0614145e-14   9.8778674e-05   1.4132820e-20
   1.2386317e-05   9.1649862e-19   7.6911611e-05   1.0021052e-03   1.1167540e-15   1.6111976e-19   1.7515154e-29   8.1357725e-18   1.4847841e-06   2.9959793e-46
   8.5113417e-05   4.3983351e-27   6.4071032e-05   1.0087989e-03   6.7280821e-18   6.4680038e-20   2.4763421e-39   2.3701896e-21   9.5620186e-05   2.6662123e-63
   1.1168531e-04   3.1879362e-46   5.1883158e-05   1.0759547e-03   2.5454762e-12   2.8127294e-15   2.0393013e-59   3.7436208e-19   1.3875687e-04   1.3119982e-48
   6.4450050e-05   1.8171497e-20   4.4033963e-05   1.2514095e-03   6.2185191e-06   4.4205243e-27   2.5226001e-28   5.2626973e-19   3.9061301e-05   1.6771905e-23
   6.7790406e-06   7.3978726e-24   6.8615962e-05   1.1918386e-03   4.4662123e-06   6.3851390e-31   2.6359736e-23   1.8857672e-20   9.5211845e-06   1.1153547e-15
   3.1530136e-05   2.0255536e-30   8.3938480e-05   1.1467283e-03   1.3766442e-11   5.2361232e-35   1.4499721e-39   2.2905800e-21   2.7612283e-05   5.7460446e-26
   4.1075944e-05   5.9464529e-37   6.4367423e-05   1.1508078e-03   2.5961308e-13   2.5498348e-39   2.3485489e-40   5.1152133e-25   6.4880805e-05   2.4700060e-37
   2.0935269e-05   1.1933113e-28   6.1361644e-05   9.4720640e-04   2.7869798e-09   1.8119311e-32   1.0009092e-35   3.5440463e-21   8.9244576e-22   2.6849916e-22
   3.3617135e-05   4.5352148e-12   4.6077764e-05   9.1612492e-04   1.9025821e-06   1.5443781e-33   5.2922380e-29   1.8054264e-13   5.0365282e-05   3.5938097e-26
   1.0663493e-05   1.1260595e-14   4.1069566e-05   8.9759973e-04   4.5675615e-08   9.3671726e-45   5.0295432e-32   3.6654842e-11   5.6207742e-12   5.7087138e-36
   1.2280877e-06   8.9595034e-14   4.0853333e-05   6.5857266e-04   5.2487686e-06   5.2058319e-20   9.4878624e-40   1.1980672e-12   3.1454457e-05   9.2406159e-58
   2.4478535e-07   1.9668594e-48   5.2765708e-05   5.1755633e-04   8.3186125e-06   2.9682158e-23   4.8469763e-36   1.3428488e-10   4.6787862e-17   1.0997163e-54
   2.0335602e-05   7.8642038e-29   4.7895275e-05   8.3053455e-04   6.0156371e-06   3.3202597e-26   5.9967604e-41   2.8288157e-12   3.4599429e-05   9.4019025e-46
   2.4040041e-05   1.0670542e-29   4.6849589e-05   6.7739850e-04   4.2309008e-06   2.4234172e-26   4.0279691e-53   5.7876736e-08   1.7474972e-07   4.6834208e-64
   2.8897650e-05   3.8470288e-32   3.5053070e-05   5.4137570e-04   2.6889288e-06   6.2191712e-53   4.0437528e-60   9.5093643e-14   1.4867795e-06   2.1996493e-36
   3.7053325e-05   4.7324703e-24   2.9753184e-05   5.6442980e-04   3.9171698e-09   7.0729280e-42   5.7597214e-50   5.8905108e-12   2.2986620e-08   1.6925733e-29
   2.6308174e-05   1.2958958e-21   2.8944805e-05   6.7964890e-04   1.9615432e-06   1.1873107e-26   7.9712251e-52   2.0084869e-14   2.2523979e-07   5.9000021e-39
   3.8950907e-05   1.5664485e-09   2.1672566e-05   7.0460457e-04   3.4363885e-06   2.7124626e-19   4.4969185e-59   3.2085225e-12   2.0845982e-05   1.6926245e-60
   2.0140271e-05   1.1496877e-16   2.6304466e-05   7.0701284e-04   1.4925346e-07   4.6379398e-15   7.0111634e-60   7.5170841e-11   3.0611338e-09   5.9998616e-59
   1.6808147e-05   4.8785271e-39   3.3329856e-05   8.7170009e-04   3.8516559e-18   2.9318651e-29   8.1833966e-43   2.4715617e-14   1.1226395e-12   6.3338876e-52
   5.9952377e-06   4.7370180e-39   4.2734270e-05   7.4096543e-04   4.0982732e-17   9.0533978e-39   1.9781818e-30   1.4649418e-22   9.5311131e-25   1.0275574e-54
   1.0177284e-13   8.6330229e-30   4.1084384e-05   6.2522892e-04   2.9496410e-14   1.3937197e-22   1.2575565e-25   5.9398192e-14   4.7846583e-10   5.9291392e-81
   1.9002688e-05   5.2154071e-33   2.9408661e-05   6.3809867e-04   1.6667839e-07   5.0748156e-20   8.1287071e-31   1.9216824e-11   1.4436813e-24   6.7671105e-98
   2.3016168e-05   2.5641447e-31   2.3182519e-05   7.7276538e-04   7.5935114e-07   4.3617473e-24   1.9129713e-30   1.6799478e-16   9.6209022e-13   1.1707298e-71
   2.4396856e-05   3.2904532e-16   1.9773344e-05   7.8485153e-04   1.1363564e-09   9.4158623e-23   7.6357021e-28   3.2127217e-11   5.4841077e-17   5.3208866e-53
   1.7974419e-05   7.5004039e-39   2.6057430e-05   4.6234838e-04   2.2985014e-10   1.4142369e-24   1.5792858e-16   1.2796583e-11   1.8856677e-05   5.6571602e-45
   2.0682590e-05   7.8707300e-35   2.9891344e-05   4.5814027e-04   4.1487058e-20   2.3717817e-18   6.4926383e-23   1.1559853e-14   4.2097430e-24   2.6734028e-65
   2.8651089e-05   3.4642669e-42   3.3816022e-05   6.9242514e-04   1.7994266e-16   3.8233833e-21   7.7162423e-45   2.9781295e-20   6.6894883e-09   1.8049109e-76
   1.6710415e-05   3.2590706e-73   3.1963681e-05   1.1023944e-03   1.7565198e-18   1.6154392e-37   9.3351511e-62   6.1392174e-22   3.8451085e-16   8.3844674e-76
   5.3974517e-07   6.6243867e-52   3.8417567e-05   8.5085716e-04   4.3556979e-22   9.9359628e-25   7.1502617e-60   2.5880802e-15   2.5973120e-27   5.8871971e-81
   1.6562421e-05   2.2392348e-24   3.4198486e-05   5.8811328e-04   3.1331228e-10   2.0990479e-16   9.8393080e-55   7.3331039e-13   4.2577165e-18   3.9261510e-73
   1.2046713e-06   2.0603140e-22   3.4917163e-05   5.8066977e-04   2.0426192e-09   9.6633119e-19   4.8977455e-52   1.2804192e-14   2.0907595e-23   1.0600157e-63
   8.0565619e-06   2.8505455e-60   3.4725092e-05   5.9253699e-04   4.3692982e-13   4.8579221e-20   1.1070185e-60   4.8839675e-14   3.9032332e-29   1.9313499e-73
   1.1415431e-05   2.7660390e-27   4.1513050e-05   4.9137103e-04   1.3619235e-09   2.0412152e-06   9.3716761e-87   2.5601244e-08   7.0465919e-23   3.0960786e-80
   4.8160751e-09   2.1801192e-37   3.9874231e-05   6.8147027e-04   8.2199675e-22   2.4182306e-13  9.1827724e-105   2.2638295e-12   8.1401744e-14   8.4416413e-79
   1.4335544e-05   2.1257422e-70   3.9266839e-05   4.9895420e-04   4.9365838e-22   4.0650830e-16   1.5712205e-90   1.8255560e-17   1.9416267e-39   4.6660095e-55
   2.6349911e-05   7.8203226e-38   3.5643436e-05   5.3509271e-04   1.5484758e-21   2.8251620e-20  7.0606943e-141   8.2574761e-21   4.3146438e-22   3.7649827e-64
   4.4155685e-05   2.5737504e-40   2.4960110e-05   4.1394184e-04   7.3326295e-19   1.1614249e-05   2.0079047e-73   4.8956611e-14   2.5130903e-21  9.3307156e-102
   3.2790280e-05   9.2501226e-22   2.6627722e-05   3.9118255e-04   4.1076466e-21   3.9692019e-05   4.9577607e-62   3.9095394e-11   2.3615803e-16   4.3501640e-80
   4.2364901e-05   8.3526386e-26   3.0275700e-05   5.6870960e-04   2.4392064e-21   6.6969047e-16   5.8521665e-79   1.1866576e-18   2.0086546e-19  1.3519329e-105
   2.8320563e-05   1.0003118e-42   3.3724672e-05   4.8707423e-04   1.0980223e-13   4.2688253e-08   1.9386166e-95   1.5855090e-18   3.2978269e-25   4.0358937e-72
   3.3719890e-05   1.3922702e-28   3.3704854e-05   4.3348383e-04   3.0164003e-11   4.4157955e-09  3.0379895e-157   2.9775713e-10   2.2555201e-33   2.8968219e-75
   5.0473668e-05   7.8191234e-20   3.1761209e-05   4.3799582e-04   6.8898303e-09   1.5748722e-32  1.4590597e-129   3.1124436e-14   2.2679143e-27   2.5296937e-78
   3.5549767e-05   3.7877634e-41   3.7802924e-05   3.7271231e-04   5.7724596e-09   1.9680471e-33   1.4327889e-98   4.6487910e-11   8.3476465e-19   1.5483006e-55
   2.8819971e-05   3.3721573e-28   4.3353063e-05   3.9272743e-04   1.6830119e-15   1.1967890e-20  8.2696799e-102   5.0267609e-10   7.3561979e-24   1.2420102e-69
   5.1019769e-05   2.2202964e-09   2.8492540e-05   4.0111054e-04   6.2592878e-21   2.8581954e-20  7.4188529e-111   1.2200262e-10   8.4850097e-20  9.1239099e-115
