   3.5596726e-03   6.2272356e-04   5.5373064e-04   6.1953609e-04   1.2407591e-03   1.8752583e-04   4.0309241e-11   6.0707032e-23   3.8262046e-04   4.7631438e-03
   2.9365552e-03   1.6336430e-03   3.5367864e-04   3.4885094e-04   7.7518338e-04   3.1461615e-04   2.5876075e-12   5.7943157e-27   1.7326345e-04   7.0950962e-03
   2.1851033e-03   1.8299483e-03   1.0894482e-04   1.9557300e-04   3.3749626e-16   4.5944866e-04   3.3686833e-19   2.6681235e-43   8.0887451e-05   7.9224876e-03
   1.3620010e-03   1.4789857e-03   7.6976781e-05   2.5420889e-04   2.9137459e-43   1.7860338e-04   3.6223234e-13   7.0592466e-37   6.9760172e-05   6.5664072e-03
   6.4902521e-04   1.4165374e-03   7.1707487e-06   1.4729860e-04   8.2755854e-07   9.0237368e-05   1.8777603e-05   1.4449263e-40   3.1588383e-05   5.2537844e-03
   7.6419467e-04   1.1230328e-03   1.4511359e-05   1.3470188e-04   8.4706511e-14   8.2872747e-05   3.7675678e-05   1.1962313e-36   1.5805205e-05   3.2795538e-03
   5.6877710e-04   1.2794054e-03   1.8021082e-05   1.1731413e-04   8.0005703e-42   2.1469137e-05   1.9062081e-08   9.8598806e-38   2.0321979e-05   2.7362001e-03
   6.9017882e-04   1.0501919e-03   3.7794802e-06   1.6118358e-04   3.0158842e-21   2.8801770e-05   1.8640012e-20   1.6676240e-51   2.1756470e-05   2.5353340e-03
   5.1602495e-04   8.0458620e-04   6.4412048e-65   1.2390569e-04   5.4222790e-22   1.6595484e-05   1.6633596e-18   2.1023358e-49   1.9259602e-05   1.6941097e-03
   1.1983667e-03   3.7029274e-04   7.1263715e-06   2.9985473e-05   2.2132089e-05   1.7102626e-05   1.3917676e-11   2.3686284e-58   1.4540910e-05   1.1588149e-03
   2.1679544e-03   3.4777929e-04   1.3800042e-05   1.1924334e-04   1.4843717e-05   4.1050651e-05   1.6363508e-22   1.2768582e-59   1.2811784e-05   1.2454652e-03
   6.8180830e-03   3.3968811e-04   5.2287564e-06   1.7503962e-04   1.8687068e-20   4.9284575e-05   8.4826559e-34   1.8348697e-54   6.6787185e-06   2.3428725e-04
   1.6093191e-02   3.5910633e-04   3.6468189e-22   1.3484049e-04   7.8069336e-08   2.5200836e-05   4.0936416e-20   2.6462390e-53   6.9588893e-06   1.4487979e-14
   2.5256419e-02   2.4849860e-04   1.8388155e-07   1.6278511e-04   3.0978210e-21   9.6104076e-06   2.1294843e-35   2.4635347e-50   5.0721182e-06   4.1366142e-18
   3.0489069e-02   2.6671997e-04   6.0555753e-06   7.8441735e-05   1.2263766e-29   2.0185104e-05   3.3754678e-29   2.9259615e-38   7.3208086e-06   1.2777914e-12
   3.5828550e-02   9.4449071e-07   7.4315201e-06   3.4725550e-05   1.5326543e-22   1.0024138e-04   2.2196886e-28   3.2713907e-30   1.1431847e-05   4.3021796e-03
   4.9341633e-02   6.4099677e-08   1.1275813e-05   3.4909792e-05   8.9619468e-34   7.2624937e-05   5.8442461e-36   9.0273037e-36   1.0816888e-05   2.6722999e-02
   8.0576276e-02   5.9412050e-04   1.5134470e-55   4.3592764e-05   8.8661411e-05   9.2168938e-05   7.4521989e-22   2.8685526e-20   1.9491746e-05   3.4962232e-02
   1.2392073e-01   7.6387936e-04   3.3267355e-44   1.2707413e-04   1.1863245e-04   3.9030263e-05   3.9692048e-12   1.2953448e-27   3.6810001e-05   6.5542481e-03
   1.5194017e-01   8.1530309e-03   3.2117440e-04   9.5108614e-05   7.0833751e-07   4.4873803e-09   6.0071345e-07   2.2308597e-15   1.2392872e-04   2.3681752e-16
   1.3033290e-01   4.1257491e-02   2.8025208e-03   7.3009580e-07   3.8454918e-12   2.0237699e-09   4.9118664e-03   1.1175247e-23   3.9874091e-04   7.7111740e-18
   5.7081904e-02   9.1543548e-02   3.8082140e-03   5.4480297e-14   3.6255026e-04   5.4965361e-22   1.4208907e-02   1.4735047e-30   1.1780043e-03   6.6057800e-12
   1.4208362e-02   9.6628355e-02   7.9112375e-04   1.3774514e-04   3.7879490e-03   9.8470993e-14   1.0236671e-02   2.5016744e-27   1.6483383e-03   3.0878954e-08
   1.4122299e-03   9.2413557e-02   2.5073952e-20   2.2734835e-03   2.0976822e-38   2.8283428e-03   4.8270449e-21   7.1581804e-31   2.0428669e-03   3.1781135e-06
   9.9350162e-13   1.1988229e-01   1.0377825e-41   5.2688762e-03   2.5008296e-23   1.3258481e-02   1.0716425e-21   7.8490525e-27   1.3237186e-03   4.5080984e-04
   1.2335847e-06   9.3170270e-02   8.8834803e-64   1.1001124e-02   6.1484079e-41   1.8157648e-02   1.6750384e-24   3.1179679e-14   4.8739000e-04   1.3508466e-12
   6.6383763e-08   3.4245805e-02   5.3481750e-49   3.4234791e-02   1.1591235e-35   8.8175580e-03   1.6145495e-20   1.0135591e-31   1.7689182e-04   2.8918859e-21
   9.6191426e-04   5.9970894e-03   1.2607081e-18   4.8873589e-02   5.1693243e-24   2.2941871e-03   3.7301359e-17   9.2916760e-32   8.2658248e-05   1.0939867e-04
   1.7970163e-03   4.4130361e-03   1.1649311e-05   4.6063132e-02   6.5902882e-66   6.3357012e-04   2.8957074e-33   2.4498122e-35   5.3515356e-05   3.2735500e-07
   2.0260254e-03   2.5011498e-03   1.9020499e-06   3.1598718e-02   1.1443436e-45   2.3608540e-04   4.1833789e-18   9.7763753e-59   2.6484349e-05   4.6248136e-04
   4.2275564e-03   1.7027647e-03   7.6545384e-06   1.5478355e-02   5.5568860e-10   1.3252349e-04   6.4548174e-16   2.4801599e-71   2.2319272e-05   6.0434611e-04
   5.4674260e-03   2.0944393e-03   1.4773130e-18   6.2964740e-03   4.5672744e-25   8.6338160e-05   2.5019963e-22   4.8734872e-49   3.5735537e-05   3.7778944e-03
   6.2997287e-03   2.0350446e-03   3.1092891e-17   2.2145288e-03   3.3302667e-05   1.5906416e-04   1.8572855e-10   7.9930501e-54   4.3584185e-05   9.1414754e-03
   6.1873108e-03   1.6950284e-03   8.0459262e-52   2.1045119e-03   7.9426788e-09   1.2762527e-04   1.1851223e-04   2.4454661e-59   3.3485093e-05   7.6749206e-03
   6.1649341e-03   1.6393226e-03   7.8953383e-11   1.3353408e-03   1.1130345e-18   8.6515141e-05   2.1039046e-04   5.0602492e-54   2.6785512e-05   6.4922940e-03
   7.4714203e-03   1.4409504e-03   1.4388927e-06   7.1541350e-04   1.7646496e-60   8.9064309e-05   1.2345788e-04   7.5182040e-35   3.6305517e-05   6.7534807e-03
   8.6401314e-03   1.0882307e-03   2.6529383e-05   8.5726253e-04   1.5785888e-65   6.4901324e-05   2.6044428e-04   1.0356042e-25   3.1488608e-05   4.8448587e-03
   1.1948756e-02   1.1718293e-03   2.3877253e-05   9.6540786e-04   2.4574710e-17   2.6700457e-04   3.9327730e-04   1.3182040e-19   1.3580072e-05   4.1430029e-03
   1.5183790e-02   6.6845449e-04   1.0162277e-05   8.2964997e-04   2.2613398e-42   2.9150097e-04   2.0302922e-04   1.2988153e-19   4.9692699e-05   2.6644004e-03
   1.5689282e-02   1.8577464e-03   1.5517031e-04   1.3063039e-03   8.4996685e-58   1.3779833e-04   2.5016666e-03   2.9121226e-28   5.3842781e-05   1.2395121e-03
   1.4700745e-02   3.4023520e-03   2.5416923e-03   1.8112236e-03   5.1437754e-31   4.5945501e-05   5.8617567e-03   3.6768012e-29   2.1145310e-04   4.8825417e-08
   1.0962530e-02   4.9642503e-03   9.3567901e-03   1.2202366e-03   1.2264584e-35   2.8118809e-05   1.2481832e-02   2.5526158e-32   6.1833800e-04   2.6057780e-15
   6.0364268e-03   4.7743832e-03   8.5675361e-03   3.4003619e-04   1.2938210e-18   2.0462954e-18   3.0615713e-02   9.3038212e-34   1.4918948e-03   6.5043934e-13
   1.9271899e-03   6.0960340e-03   4.2368935e-08   6.5282386e-09   2.6608206e-11   1.0007139e-14   4.5407521e-02   6.9524076e-48   2.4514019e-03   1.4274883e-18
   1.4903568e-03   1.0663944e-02   3.9754038e-04   3.0022581e-04   8.2341182e-29   7.4477929e-12   3.5702020e-02   4.5766080e-43   2.3634096e-03   1.7766443e-20
   1.2586150e-03   1.9671684e-02   6.0025606e-28   1.0743540e-04   4.8228514e-34   9.1960696e-04   2.0574251e-02   1.7971081e-36   2.5821779e-03   3.2820255e-14
   1.0173766e-03   2.7351149e-02   8.8107515e-54   5.4423860e-04   7.5883805e-65   5.5603494e-03   8.9518144e-03   4.3265998e-31   2.2968316e-03   6.1178365e-13
   6.1400171e-04   3.5870902e-02   1.7354826e-74   8.9346355e-04   5.0006717e-38   8.8325638e-03   5.6540796e-03   6.0755834e-35   1.7229759e-03   3.9774278e-13
   1.3708458e-10   3.6290406e-02   1.6376015e-77   2.1037614e-03   2.5108259e-59   2.3295163e-02   1.8630795e-03   3.0560479e-37   1.3352365e-03   6.5629702e-25
   1.0084775e-12   2.7085221e-02   7.1479944e-48   5.7452447e-03   2.7444109e-52   3.2005725e-02   9.4202866e-06   9.3678109e-28   9.4757168e-04   8.2652694e-16
   3.2908228e-09   1.3558177e-02   2.3569876e-48   8.1969671e-03   5.3859914e-64   3.1345466e-02   2.5172460e-08   1.5100111e-17   5.6900078e-04   9.2530939e-05
   1.3153887e-12   5.1663155e-03  8.5604714e-107   2.1603676e-02   6.8608675e-39   2.2925030e-02   3.1428607e-05   3.0914405e-24   4.0541813e-04   4.8506908e-10
   4.9790272e-11   8.6207093e-05   7.7659053e-34   3.0142261e-02   2.4781395e-47   1.4831665e-02   1.0863173e-04   1.7974423e-16   2.6056899e-04   1.1169958e-10
   5.4042469e-21   8.6583015e-12   3.3479712e-05   5.3871530e-02   8.5896567e-18   4.4131318e-03   5.6513607e-04   7.8970247e-20   8.3107373e-05   6.6704392e-15
   4.1012047e-07   2.1692003e-15   1.0501579e-09   5.6213461e-02   5.1168545e-04   1.6621699e-03   2.1293177e-04   1.1324373e-14   8.6756014e-05   1.4032176e-09
   1.3980852e-03   2.1910901e-20   6.3879444e-12   4.3688995e-02   4.5286234e-04   9.5448963e-04   1.8824048e-06   2.4297093e-10   1.5180204e-04   1.9704280e-14
   2.7233906e-03   3.0827509e-15   4.1218757e-45   3.3855141e-02   2.4909534e-05   6.9793004e-04   3.9516931e-04   6.2619645e-21   1.1822059e-04   6.4531504e-16
   3.7750031e-03   3.3786260e-05   2.6003695e-05   2.5483255e-02   1.6689970e-23   3.8780246e-04   4.2661360e-04   2.2625401e-30   6.4488274e-05   8.5949853e-16
   4.6175940e-03   3.8431707e-07   5.1155245e-05   1.7070982e-02   9.9012924e-34   4.7266501e-04   2.3122811e-04   1.0949022e-30   9.5824671e-05   5.9645395e-10
   5.3568973e-03   1.2456347e-04   2.7097974e-05   9.1956551e-03   2.0418746e-25   6.9307165e-04   5.2786191e-04   6.1823414e-38   1.3790305e-04   5.5054169e-08
   4.4175383e-03   1.2568473e-03   4.7980381e-04   3.3442797e-03   3.7812793e-63   5.1228094e-04   5.8806517e-09   1.5084938e-41   6.9686237e-04   1.4867866e-10
   3.6979234e-03   8.2768991e-04   5.0292776e-03   1.6318284e-03   4.4076929e-43   1.0181376e-03   1.2862285e-03   5.8609648e-43   8.2585724e-04   4.4248284e-14
   1.8300186e-03   1.4156286e-03   1.3035692e-02   2.1659070e-04   6.3247895e-13   1.5679376e-09   5.9295852e-03   1.0097468e-54   1.6507238e-03   9.1022979e-05
   1.4730097e-03   1.0468442e-03   7.2894817e-03   5.7893077e-12   8.7420629e-18   3.6202507e-18   1.8190660e-02   5.8706443e-38   2.4625199e-03   2.6744727e-04
   6.4202735e-04   6.2382638e-05   2.2192482e-03   2.9675651e-33   6.7404145e-07   1.1503661e-17   3.9983843e-02   2.4502479e-41   3.3852076e-03   1.6487989e-08
   1.6078129e-04   2.3284289e-17   5.5405792e-47   4.2901067e-32   3.0926405e-02   2.0828798e-17   5.0358097e-02   1.0139651e-51   4.1524467e-03   4.8485015e-33
   9.2365389e-06   1.6795657e-08   2.5558312e-35   2.4039987e-22   7.3274636e-04   3.9105313e-06   4.8384689e-02   1.3289027e-41   5.4616099e-03   3.4113778e-45
   6.5290074e-11   1.3196640e-15   1.7113192e-50   3.5655113e-25   1.4036814e-04   1.3909745e-03   3.0955356e-02   2.1497822e-39   7.1342863e-03   3.2513371e-48
   1.3079617e-16   5.0414732e-15  2.4064835e-107   1.2084733e-19   2.0719388e-04   6.4522612e-03   1.0747911e-02   1.2200005e-33   8.0662695e-03   2.3620340e-47
   1.4673153e-20   2.0782939e-14   3.7645737e-91   1.2141949e-25   8.0046350e-10   1.0311266e-02   3.8038261e-03   1.4024123e-41   8.4640626e-03   1.1472480e-60
   8.6154115e-22   3.6967707e-18   4.0494412e-97   1.2996195e-15   6.5723877e-31   1.8007869e-02   4.1448403e-10   7.9303077e-29   8.5983681e-03   8.7648984e-50
   6.3213688e-30   1.5472042e-14   2.3452318e-84   2.1460583e-16   1.8813336e-52   2.3664652e-02   5.7674573e-28   3.2325517e-26   8.2141933e-03   1.2195742e-46
   2.4550299e-28   2.4524183e-19   2.2566812e-57   5.4153957e-09   1.0148536e-85   3.4623126e-02   1.5948871e-45   2.1911478e-22   7.3819623e-03   1.5365064e-40
   1.0304952e-24   4.7767103e-17   2.1027984e-27   9.2801429e-19   4.8372331e-82   4.9776484e-02   1.5262221e-49   3.7145363e-21   5.6923759e-03   7.1158925e-30
   5.2827346e-27   5.9405629e-23   2.4070970e-09   1.3825180e-11  4.6996305e-102   5.1861604e-02   1.2822381e-44   4.7268283e-09   4.0753736e-03   6.6767686e-26
   4.1574398e-15   1.7399929e-24   6.5697125e-05   1.9670818e-03   2.0612943e-72   4.1622765e-02   1.8375463e-38   5.7641879e-02   2.6518725e-03   7.3668981e-20
   9.4043666e-04   4.1668529e-30   8.3547895e-12   3.6277475e-03   1.3920492e-22   3.4772037e-02   4.8782529e-16   1.3991190e-01   1.5784546e-03   7.7260461e-12
   2.1416250e-03   2.6940217e-22   6.1014420e-04   8.0327523e-03   9.6789735e-04   2.8954908e-02   5.7870345e-09   2.6598369e-05   8.1137928e-04   2.3272069e-10
   2.4525212e-03   2.3211185e-15   1.0510128e-03   1.4279891e-02   4.9975496e-09   1.5706378e-02   9.3817382e-04   3.0941754e-09   5.7355440e-04   7.3757220e-07
   2.0140283e-03   1.5996155e-08   1.0673000e-03   1.8972976e-02   8.6849757e-29   9.6214893e-03   4.5778087e-08   3.0208165e-06   6.5704306e-04   3.4754575e-07
   2.4077706e-03   6.7253289e-10   6.3205255e-03   2.2305503e-02   1.2531788e-26   3.8609144e-03   1.9376792e-03   3.3886214e-16   5.1995530e-04   6.4748574e-05
   2.1301805e-03   5.5226742e-05   2.8668102e-02   2.0718792e-02   3.0363558e-68   1.8929338e-03   2.9762178e-03   1.0500523e-22   1.4442396e-03   1.6435117e-10
   1.0723769e-03   2.3182954e-04   7.6318441e-02   1.4852705e-02   2.3773672e-42   2.5123144e-09   5.5589053e-03   3.5405034e-24   2.4454821e-03   3.8070665e-20
   7.9113707e-08   1.6910502e-21   9.2670417e-02   5.2153953e-03   9.4097239e-19   2.1798343e-27   8.7992139e-03   8.5421582e-30   6.1547665e-03   1.4428847e-40
   2.0428061e-13   1.5438406e-20   2.0352381e-02   6.5835411e-10   2.2464918e-07   1.5016478e-46   1.9132850e-02   2.5281477e-50   9.7581862e-03   7.4163928e-42
   2.7869874e-25   8.6244412e-36   2.0350609e-02   1.4023226e-25   2.5960091e-02   3.5870959e-55   2.9803172e-02   1.4989035e-55   1.1993942e-02   9.9900904e-51
   3.8608424e-29   9.5040474e-32   4.2466842e-03   3.2626950e-26   8.8151301e-02   8.7731506e-53   3.0894776e-02   6.3625374e-50   1.1345913e-02   1.1108690e-49
   9.2104278e-34   2.6410672e-36   5.7457156e-04   5.2275648e-31   1.0331110e-01   2.9701532e-43   1.6464798e-02   8.9748366e-57   1.1423053e-02   8.7947832e-59
   1.5793051e-27   4.9017889e-44   3.3268880e-04   1.8424799e-39   3.7867388e-02   2.3907370e-35   5.1670033e-03   8.4166232e-60   1.1015479e-02   1.6699374e-60
   6.0381519e-24   2.0243880e-30   1.1049541e-51   2.4502288e-40   7.2618470e-03   5.8157824e-30   4.6572973e-03   1.9424142e-53   1.0090761e-02   6.6583710e-58
   7.7227703e-31   1.6135960e-34   1.3702180e-95   1.3777333e-44   1.4413470e-03   2.0863978e-20   2.8482866e-09   1.2657758e-59   1.0041519e-02   1.9141087e-65
   8.1063560e-19   1.0020866e-24   6.3318191e-33   5.1486759e-54   1.5983994e-29   3.2196753e-12   4.6363151e-27   1.0951580e-79   9.0359682e-03   5.9252113e-57
   3.3226473e-21   8.7573743e-28   9.6264152e-40   9.1813428e-45   2.0080340e-43   4.5489020e-14   9.4352086e-25   9.6833990e-69   8.0319072e-03   1.5316562e-47
   1.0492084e-18   4.8121232e-19   8.9637234e-76   1.8445833e-38   1.4956793e-59   1.0009321e-04   2.7992693e-31   1.2803800e-60   7.3553408e-03   5.1540500e-48
   3.7507878e-19   3.3768283e-13   1.9046255e-32   4.7765054e-39   1.9519871e-89   1.7397849e-03   1.2370701e-39   3.3710026e-59   6.5308079e-03   2.0434323e-45
   1.8865375e-12   1.3114463e-09   1.9326562e-21   4.0707206e-34   1.4704167e-72   5.2921217e-03   4.9537228e-43   1.7760658e-50   6.0275279e-03   1.4475580e-34
   1.3481060e-10   2.2921380e-16   1.8659239e-44   7.3490884e-30  1.4170672e-105   1.0365296e-02   2.4043694e-58   5.1009669e-41   5.3208607e-03   3.8907293e-32
   2.2735740e-13   5.1225616e-13   3.0913627e-45   2.1765093e-32   6.7847320e-62   2.5207986e-02   1.0956493e-50   8.5024367e-34   3.9070408e-03   2.1667892e-24
   4.2701087e-14   8.4411948e-19   2.9508610e-76   6.0962155e-16   1.1456052e-55   3.3155235e-02   1.4069039e-35   1.7015452e-33   3.2614220e-03   3.8684389e-21
   1.1879194e-08   2.5035206e-23   5.1187919e-06   1.3722681e-08   1.7708825e-37   3.1245697e-02   7.7232621e-32   7.0890905e-26   2.0792816e-03   2.8621601e-18
   3.5878124e-07   1.4050126e-10   7.6346237e-04   1.9534686e-05   8.7202183e-56   3.2160250e-02   1.7598033e-19   1.0734361e-17   1.2058732e-03   2.9576244e-04
   3.3022432e-04   2.9398944e-12   1.7571942e-03   1.6511406e-03   9.3932429e-37   2.8146773e-02   2.5206340e-03   5.3541660e-25   6.7965105e-04   8.0820698e-04
   9.0926167e-04   4.6939250e-09   8.4762895e-03   2.5173975e-03   6.6790030e-46   2.7980791e-02   4.9560146e-03   2.8856248e-20   4.8417511e-04   7.6306431e-04
   2.4482613e-09   1.5720005e-22   3.0772599e-02   4.9962517e-03   2.8582950e-30   2.0389548e-02   7.5379718e-03   2.5440106e-16   1.2959853e-03   7.6388572e-15
   1.2303197e-20   1.3926225e-20   3.7627284e-02   6.7617413e-03   1.4451341e-27   1.1936211e-02   1.4316326e-02   8.5133388e-11   2.7971964e-03   7.0134631e-14
   1.0351212e-27   9.0611012e-23   5.2821363e-03   1.2070036e-02   6.4089948e-13   4.9492881e-03   3.3718113e-02   1.0336511e-15   4.7938447e-03   3.0491031e-28
   1.1745208e-32   1.0782620e-23   7.8477745e-03   1.4718376e-02   5.3492096e-12   6.3610976e-04   5.7648276e-02   2.8192645e-11   5.3005659e-03   9.7895892e-38
   2.6824732e-33   1.1705082e-29   1.9061448e-03   1.3824491e-02   4.1169873e-02   6.0822331e-11   7.4838629e-02   1.5755005e-16   6.6168996e-03   8.3783752e-40
   3.0910739e-38   1.9492662e-35   1.3839180e-08   1.4341399e-02   7.9092224e-02   7.9540757e-13   6.7474830e-02   5.1921088e-19   6.5789646e-03   4.9420647e-40
   5.4922912e-39   2.3592291e-40   4.7626827e-17   1.1727417e-02   4.3421146e-04   2.0998367e-24   4.5696096e-02   1.8454280e-24   6.3424822e-03   2.2585390e-44
   9.1340933e-32   1.1657449e-31   6.3891827e-53   5.7124242e-03   7.8701773e-04   3.3027268e-13   1.5006689e-02   5.0256506e-30   8.5183451e-03   1.2230207e-48
   3.0023979e-31   1.1924433e-31   3.6674677e-25   2.8647022e-04   4.5920138e-03   1.9617094e-09   1.3571917e-02   2.0533744e-36   8.9056824e-03   1.0162428e-48
   3.5635152e-21   1.7629999e-31   3.1482316e-15   4.4038447e-08   2.0470603e-38   2.1463046e-08   4.7724742e-03   2.8701614e-42   8.3318881e-03   1.7909417e-40
   3.0804892e-22   2.4042268e-33   1.3375675e-51   1.0021985e-08   1.4303187e-19   1.7809012e-07   1.3096855e-03   8.6503577e-30   8.5838886e-03   1.2128925e-37
   1.9680950e-15   2.4791780e-35   3.2805653e-31   5.0279775e-05   3.5948568e-58   5.3022934e-05   4.3161936e-14   2.3747048e-22   8.1021357e-03   4.6284868e-29
   7.5030935e-07   3.0951134e-21   1.3283645e-04   1.1556009e-04   2.9003269e-61   9.7986133e-06   3.5081661e-21   3.5759465e-29   7.6490722e-03   5.2042142e-21
   6.5754256e-05   5.1190686e-24   6.8232016e-18   8.2745767e-04   1.8619346e-54   1.1466696e-04   4.8693735e-22   7.1021061e-22   6.7581662e-03   4.6717399e-23
   2.3709686e-04   1.3720537e-16   3.5821294e-28   2.5155755e-04   9.1282618e-75   6.5404844e-04   4.7324520e-34   4.2073404e-25   5.5714790e-03   2.0070683e-17
   3.5862757e-06   1.4452501e-19   2.2197136e-10   5.2419652e-08   3.4663156e-85   1.6230285e-03   6.5065020e-49   4.7442249e-35   4.7307510e-03   5.2932155e-20
   1.1910942e-08   5.7020829e-23   7.3902685e-04   1.1763369e-07   7.8045803e-41   2.9085415e-03   4.5467634e-37   3.7800787e-34   4.4961397e-03   5.9179880e-11
   5.3877313e-17   1.9993741e-22   5.1552320e-04   1.4386265e-08   9.8854951e-42   6.2833625e-03   8.4525569e-27   5.9295372e-26   4.1900966e-03   5.4866465e-17
   1.8449637e-22   1.0074303e-14   2.5363827e-03   7.0988688e-16   1.1749845e-48   1.1315595e-02   2.9042604e-36   5.1006516e-35   3.7612184e-03   6.6122531e-26
   1.8169281e-13   1.3159362e-15   8.8770480e-03   4.0674920e-13   5.2348987e-51   1.7544387e-02   4.9047609e-28   1.4862193e-29   3.1853226e-03   1.4201332e-23
   8.4375102e-20   5.2071502e-20   2.6644886e-02   3.7794121e-07   3.1312082e-32   1.9217020e-02   1.4406211e-16   1.1432351e-25   3.0567532e-03   3.3186524e-20
   7.7365294e-19   6.6996349e-24   4.9835264e-02   3.0419830e-22   2.4727687e-50   1.6626887e-02   8.2614623e-21   1.8094509e-32   4.2223562e-03   6.2447109e-22
   3.9706024e-35   3.2946294e-30   3.3494966e-02   1.1219297e-13   8.7512265e-22   1.3309078e-02   5.0298500e-19   2.8609349e-38   6.2134862e-03   5.5056851e-39
   1.1688406e-37   3.7875875e-32   7.3888471e-03   2.8519313e-18   1.5117108e-04   1.0079285e-02   1.7065832e-08   1.4036993e-31   9.0045866e-03   9.3674383e-48
   1.4389318e-40   1.7228293e-31   5.2025191e-03   1.1519074e-16   2.5592424e-02   9.5072686e-03   1.5535613e-03   4.4358586e-17   9.5822010e-03   3.0771464e-49
   3.7206205e-36   2.9767966e-30   2.2654942e-03   6.9570815e-10   4.8674121e-02   9.7534217e-03   3.6945356e-03   4.6869829e-13   1.0730089e-02   7.2508574e-48
   2.4303777e-35   3.6454584e-34   1.5413038e-04   1.5855996e-13   7.4798901e-02   7.3785184e-03   8.3159517e-03   1.9392977e-09   9.8318091e-03   3.4907149e-56
   7.0096371e-29   1.0908163e-39   5.4578813e-84   7.3164284e-04   6.0180276e-02   3.0440297e-03   4.7827541e-03   1.2366214e-07   1.0116744e-02   2.4503574e-41
   3.0189329e-32   1.6801211e-21   6.5890411e-86   1.1501172e-03   2.5882186e-13   6.2491437e-05   1.0638607e-10   2.6838335e-09   1.0103773e-02   7.9790481e-42
   3.3748430e-27   1.2373264e-27   2.4060545e-80   2.1943300e-03   1.1881193e-02   6.9227764e-16   8.9310445e-13   2.1809432e-02   8.6532394e-03   1.3769108e-43
   1.0200318e-33   1.3542149e-46   1.4228978e-51   7.8697257e-03   7.8137341e-12   1.2020975e-22   3.3809401e-16   7.2048398e-04   8.8447676e-03   2.9249273e-42
   8.2517855e-26   1.1768811e-37   2.9246721e-72   1.0928726e-02   1.4504386e-27   1.0621487e-17   7.9630322e-26   1.5827023e-01   7.4769202e-03   7.1846504e-35
   2.5123464e-16   3.3613826e-31   6.8983224e-51   1.0514755e-02   3.6703242e-30   8.6509323e-24   1.4366856e-27   4.4868777e-01   5.7902467e-03   2.1287331e-27
   1.4866747e-15   4.0611036e-30   1.3659692e-16   1.2577374e-02   3.7729976e-55   1.0171882e-22   5.1216633e-37   1.7287022e-01   5.3195974e-03   2.6812448e-29
   4.7792958e-27   2.9973273e-41   1.7041130e-57   1.2473163e-02   9.4727308e-75   1.3414053e-19   3.1194398e-53   1.9616416e-05   5.3981778e-03   1.1080918e-30
   1.6907116e-33   2.2447276e-38  1.2668685e-104   1.0012045e-02   1.5879720e-75   9.5997712e-21   2.3414561e-55   3.1914049e-14   4.6855666e-03   3.1848177e-26
   2.4262979e-27   2.4120671e-29   5.9213597e-51   9.0808288e-03   6.8702901e-89   4.6401127e-17   1.6784387e-58   1.4494876e-20   3.8360366e-03   5.5670230e-23
   2.4136959e-12   9.4372378e-15   2.2389827e-18   7.6628195e-03   1.8514388e-85   3.0849448e-15   2.0435322e-59   2.0303857e-24   3.1168960e-03   1.4269372e-14
   3.7901124e-09   7.3900753e-04   1.3100002e-05   7.4198905e-03   4.1701046e-88   1.6339627e-09   1.9669786e-62   1.0626562e-33   2.5784110e-03   5.7855260e-07
   4.2579699e-15   2.0343386e-03   6.1331897e-04   7.5691790e-03  3.9591269e-103   5.6672658e-05   1.4341979e-55   1.0823488e-31   2.1313065e-03   3.0467753e-15
   1.0508806e-10   2.4500329e-03   2.6130838e-03   5.1128246e-03  1.2515814e-106   1.3750337e-04   1.2938752e-54   7.6312152e-32   2.6990043e-03   1.4680524e-18
   4.1878152e-06   3.0515798e-03   7.9759979e-03   5.0497351e-03   1.0414351e-84   5.6181154e-04   5.0356081e-49   3.5350980e-29   2.9569177e-03   4.0478024e-05
   7.1966503e-17   2.6219475e-03   1.3367565e-02   3.8945207e-03  1.6684880e-163   1.5178125e-03   8.7902815e-56   1.5120991e-30   3.3603371e-03   1.5866003e-09
   2.1335415e-12   3.0447664e-03   7.8286308e-03   2.5011424e-03   2.9224590e-61   2.8741535e-03   5.8323489e-39   1.6365250e-21   3.0773815e-03   1.1295871e-12
   7.2171772e-12   2.2718682e-03   2.5811807e-03   5.7703380e-04   9.7253571e-46   2.6816853e-03   1.0925704e-34   4.7805176e-18   4.0008285e-03   3.4499492e-11
   6.3173671e-13   1.1363556e-03   1.1539387e-03   4.1692003e-04   5.1714724e-19   2.2000930e-03   1.7472781e-14   1.0827356e-14   4.3332111e-03   1.6863850e-12
   3.2306201e-09   1.2881554e-04   6.8665378e-04   4.3861384e-12   4.1336418e-04   1.6101648e-03   7.8978331e-06   3.7634117e-16   4.6259538e-03   5.8970014e-11
   6.0041398e-11   7.5927935e-08   4.7397215e-17   2.3223828e-08   7.3966979e-03   1.8694416e-03   2.2231995e-03   1.3758008e-10   4.2687237e-03   2.9883108e-10
   2.6582716e-09   5.9013156e-09  9.0884897e-100   7.9684044e-10   9.5877663e-03   1.1763781e-03   2.3793189e-03   8.4016657e-10   4.1595513e-03   5.0478043e-12
   1.4784027e-04   8.7913719e-13   2.9345031e-52   8.2728408e-06   4.6938775e-18   6.2501093e-04   2.2540852e-08   1.6713068e-10   3.9547668e-03   7.4307099e-15
   3.6683770e-04   9.4408610e-08   1.0432799e-88   1.3822024e-04   2.1658942e-03   3.8289895e-04   1.6217856e-18   6.3393487e-07   3.4375430e-03   3.6124122e-19
   6.9115971e-04   3.9675364e-08   1.0498092e-58   2.3505874e-04   5.8594344e-04   2.6897032e-04   2.4379473e-10   8.5727562e-10   3.2597612e-03   2.9152310e-11
   8.8082071e-04   2.5149832e-06   1.2286390e-79   3.1324980e-05   1.2098906e-39   1.8457636e-04   1.5032299e-23   3.8519838e-12   2.9528133e-03   5.2472743e-06
   1.4537863e-03   1.6669101e-04   3.2811588e-39   1.2005966e-03   5.8876634e-20   3.9891938e-07   6.7245251e-24   5.1009345e-13   2.5772548e-03   7.4603863e-07
   1.0664154e-03   4.2573987e-06   1.5689947e-17   1.0233382e-03   2.1953345e-46   1.1991447e-09   3.6026425e-36   2.8415249e-15   2.6172822e-03   2.0666802e-05
   2.9735555e-04   6.4675283e-10   2.5173138e-51   1.1954762e-03   2.0060614e-51   8.6574840e-12   4.7995743e-40   2.1227019e-25   2.5674041e-03   1.0167495e-04
   2.0382690e-04   2.5434989e-04   1.9548130e-46   2.7642844e-03   2.2179549e-61   2.9898743e-15   2.0106232e-38   1.3678551e-23   1.9743443e-03   7.3324586e-04
   7.5434680e-04   2.1222830e-04   4.9922813e-55   3.1305938e-03   8.9801040e-54   1.5964190e-12   1.3085794e-40   2.1833471e-20   1.7355053e-03   1.7383070e-03
   6.8258384e-04   1.6140213e-04   5.6113698e-05   4.1396726e-03  8.2331206e-107   3.3368005e-13   4.3904434e-52   2.1702937e-21   1.6475097e-03   2.2303041e-03
   7.9613531e-04   2.9294076e-04   2.5162399e-04   3.9153187e-03   2.5124463e-63   1.5036562e-10   6.5316228e-43   2.1801815e-20   1.5921997e-03   1.4429122e-03
   8.5182698e-04   6.5116215e-04   7.6521085e-04   3.7335139e-03   7.3518616e-75   1.4160242e-09   5.6765279e-37   1.4978034e-24   1.4001991e-03   1.8194028e-03
   9.4717118e-04   1.1163374e-03   2.6592821e-03   2.3075038e-03  1.0424060e-117   1.0140162e-10   1.2035582e-40   1.2702757e-30   1.4249322e-03   4.6064196e-04
   9.1219983e-04   1.9947351e-03   6.5462882e-03   1.5084621e-03  2.8030578e-102   6.0519517e-14   5.1294504e-35   3.8879045e-36   1.2858451e-03   1.5191082e-03
   8.2655579e-04   3.0228648e-03   8.7945854e-03   1.3588574e-03   1.8529033e-92   2.4866815e-15   1.5585365e-29   3.2811443e-25   1.3275062e-03   1.4338220e-03
   6.8848167e-04   3.8910269e-03   2.7547150e-03   1.0561696e-03   5.5369113e-59   3.9788571e-13   6.9476901e-23   6.5301091e-23   1.3557787e-03   1.3770179e-03
   7.2241982e-05   3.7788385e-03   3.2128365e-03   1.6178083e-03   4.5550967e-38   2.2551429e-13   7.5348783e-19   1.0843172e-12   1.9703440e-03   1.5581589e-03
   1.1148240e-08   5.7504360e-03   9.2264171e-15   1.1039953e-03   3.9141160e-14   1.5224301e-10   2.5707111e-07   2.6005881e-13   2.4680104e-03   1.0060003e-03
   3.4075635e-12   6.5721417e-03   6.0182379e-04   1.6304430e-03   2.7230141e-03   1.4132996e-04   8.8366632e-04   6.9740308e-12   2.5746150e-03   2.2613139e-04
   6.2575267e-06   5.3717236e-03   2.4007723e-04   1.4861272e-04   7.1636644e-03   5.9179488e-04   1.6699588e-03   8.2482739e-08   2.6682562e-03   4.2059895e-05
   6.3573187e-04   3.0731696e-03   4.1409177e-43   1.3855622e-03   1.2627511e-02   6.6518232e-04   2.5264453e-03   1.6295070e-10   2.4257690e-03   5.6848710e-05
   8.7419751e-04   1.5798908e-03   4.1121578e-42   1.9331903e-03   8.3669177e-03   7.7235981e-04   1.2403900e-03   9.3501743e-14   2.5113384e-03   5.4671718e-04
   8.9768044e-04   1.4554399e-03   6.5947594e-55   1.9020023e-03   4.0245867e-58   8.9202569e-04   1.4366839e-23   1.1029070e-11   2.2157248e-03   1.8524714e-04
   4.1757558e-04   8.7661965e-04   1.4826928e-63   1.2778780e-03   4.7990301e-03   7.8840413e-04   3.9187408e-10   2.9032921e-10   2.4756230e-03   9.9347582e-20
   2.7683739e-04   4.5160865e-04   7.4047483e-64   1.4566766e-04   5.7061371e-12   8.1277313e-04   4.6945150e-13   1.7609416e-07   2.5358463e-03   2.0554364e-06
   1.7810909e-12   7.3413128e-04   3.6358801e-07   1.3608403e-03   2.7627028e-08   7.8773626e-04   1.0227917e-16   1.5265931e-15   2.0634233e-03   3.2382563e-05
   5.4246598e-15   9.1682278e-04   2.4858886e-06   6.5616244e-05   3.6497406e-12   8.1427465e-04   2.0084850e-23   8.3266891e-22   2.3682855e-03   9.8422043e-05
   1.4387012e-06   1.9210206e-04   1.7616063e-27   1.0963318e-03   4.6894974e-36   6.7324069e-04   5.3922542e-33   1.8285984e-26   2.2059357e-03   1.3027627e-03
   1.1329485e-04   2.4862413e-04   2.3292740e-48   1.2167564e-03   7.6793509e-43   1.0820931e-03   6.9460248e-30   1.5032380e-22   1.9462897e-03   2.1059087e-03
   9.2285994e-05   2.6876880e-04   1.0742345e-11   1.6608768e-03   2.9745270e-57   6.8891687e-04   1.8843882e-45   6.0820022e-20   2.4332123e-03   9.8883863e-04
   3.9643167e-04   3.4970670e-07   2.4340158e-04   5.4932074e-04   9.6953141e-65   4.4837203e-04   5.3020915e-53   2.0332825e-18   2.3032322e-03   1.3035170e-03
   1.8667486e-04   1.2771032e-03   3.7766332e-04   1.5564576e-03   3.1683821e-55   2.4455643e-04   2.8729224e-42   5.0699014e-29   1.7501871e-03   2.1979302e-03
   3.6469493e-11   1.9995137e-03   1.4356954e-03   1.6547957e-03   8.2116233e-67   1.3978935e-06   1.0128886e-31   6.5792966e-28   1.9177768e-03   1.8799529e-03
   9.8430364e-06   1.0337438e-03   5.0777444e-03   1.2245984e-03   4.7522482e-68   1.7076732e-04   8.4028635e-25   2.0349731e-15   1.9936476e-03   1.5620707e-03
   6.2268849e-07   1.7015025e-03   1.0691923e-02   3.1599453e-03   4.7593971e-77   2.4902945e-10   2.2017099e-25   3.2307143e-16   1.9994329e-03   9.7768497e-05
   1.5578328e-09   1.4516209e-03   1.1667296e-02   3.0273138e-03   1.4523790e-82   4.6008850e-08   8.6172358e-22   5.7637078e-17   1.9080695e-03   1.0295765e-03
   8.9054492e-08   5.0313285e-04   8.5805023e-04   3.7216322e-03   3.6936872e-74   2.8542105e-11   2.9952649e-19   2.2519509e-10   2.1400645e-03   5.6875140e-04
   3.2298931e-13   1.1092244e-03   5.0723528e-03   5.0789355e-03   1.6311262e-33   2.6192610e-13   1.0664029e-13   4.7787652e-10   2.5838202e-03   6.0905749e-08
   2.7812143e-14   1.8554185e-03   7.7564431e-04   4.5405943e-03   7.4490207e-21   4.5553900e-15   1.0715996e-03   2.7234670e-13   3.0832203e-03   6.6003058e-07
   8.7768074e-18   2.4119103e-03   2.2411343e-04   3.2417171e-03   1.0740534e-08   3.4512397e-09   3.9419480e-03   9.4168579e-15   3.6339030e-03   1.4213170e-08
   2.3825748e-17   2.7792123e-03   6.0740000e-04   5.2162833e-04   3.9330901e-03   4.2508176e-08   5.4759455e-03   3.2619564e-18   3.9566219e-03   1.1131584e-13
   9.0796249e-09   2.8355050e-03   1.7532733e-04   2.5718224e-04   1.1024125e-02   1.1050242e-04   7.0963150e-03   6.3679521e-17   3.8663415e-03   3.0590799e-06
   2.6318536e-10   2.1326500e-03   1.2541576e-41   1.1155767e-04   1.3387197e-02   6.5849630e-04   6.2179039e-03   2.4666560e-23   3.9471239e-03   3.9324502e-04
   3.6643713e-09   1.4566158e-03   3.7871453e-50   8.4831577e-04   1.5525386e-19   1.9519314e-03   2.3742202e-03   1.8083070e-15   3.3673691e-03   2.4329507e-06
   5.0635309e-12   1.0123614e-03   2.3326669e-54   1.0179803e-04   7.9491739e-03   2.0270554e-03   2.5648272e-08   6.3567224e-21   3.5823817e-03   2.2768673e-04
   1.8833865e-22   6.8148904e-04   3.2573485e-16   3.7835496e-06   3.7339315e-03   1.8067438e-03   4.2879858e-04   3.7588477e-44   3.8407814e-03   8.0438318e-04
   1.5830871e-14   5.2141564e-04   2.9998303e-04   9.7421139e-05   8.9454397e-13   1.7965167e-03   8.2103179e-04   1.1229469e-24   3.0961053e-03   1.7910725e-03
   1.2897622e-10   1.8505692e-09   8.8125801e-06   2.1349404e-08   3.6873917e-05   1.7069835e-03   8.4147906e-12   1.2226246e-39   3.6462888e-03   1.7944923e-03
   1.0612537e-06   2.2278009e-12   2.1852484e-15   1.9010024e-03   1.8440671e-20   1.6727810e-03   4.0354960e-19   5.7195604e-31   3.2746247e-03   1.7764203e-03
   5.2097855e-10   3.8299299e-06   1.6750523e-30   7.8795416e-04   1.6416033e-23   1.6612945e-03   6.1837574e-21   5.9774198e-50   3.7943596e-03   4.4607712e-04
   4.0691554e-11   3.4606061e-07   7.9820901e-13   1.9510783e-03   4.2392267e-46   1.6680868e-03   7.9432909e-27   6.5781099e-34   3.4123959e-03   4.4013830e-10
   5.0724428e-05   2.7214563e-06   1.8902850e-04   1.3178523e-03   1.2586945e-50   1.4223525e-03   2.0678635e-28   7.8939531e-33   3.3952010e-03   2.4432874e-04
   9.1887092e-05   3.5497027e-05   5.0413945e-04   1.2768574e-03   3.5581729e-56   1.6666693e-03   2.8658785e-40   4.5207075e-29   3.9875872e-03   9.4204146e-04
   3.0962098e-04   1.7864908e-05   4.1041054e-03   4.4530368e-04   5.4520888e-47   1.8423095e-03   7.0494276e-20   6.0298933e-32   4.2557787e-03   2.1353164e-03
   8.3770745e-04   4.2233017e-05   1.2746020e-02   6.4286644e-04   5.0602814e-60   1.7344036e-03   3.7350858e-10   2.8616460e-25   3.7584701e-03   4.0940253e-03
   1.5709941e-03   1.5932086e-05   2.1054764e-02   1.1463291e-03   1.1870951e-77   1.4188703e-03   5.5912933e-15   5.4903103e-29   3.0741390e-03   4.4936864e-03
   1.4162417e-05   1.2852385e-04   1.4527884e-02   7.9628586e-04   2.2786568e-71   2.2035044e-04   8.9305736e-13   1.8221852e-27   4.0913569e-03   2.8484086e-03
   1.9373088e-08   1.2903275e-05   4.6984355e-03   2.3733545e-05   5.3915788e-74   2.4611024e-10   3.9190473e-18   8.8236948e-20   4.5557797e-03   3.1554076e-03
   7.3260251e-06   1.5003838e-06   6.0209156e-03   2.2205883e-05   8.1820404e-78   5.4605475e-17   1.8494124e-16   1.0358569e-24   4.9001028e-03   3.0047744e-03
   5.7006861e-10   1.2063930e-03   4.0477812e-03   1.0266267e-05   2.0892870e-21   4.6294352e-19   1.2892476e-05   3.0859749e-24   5.2636892e-03   6.7279154e-04
   5.5843908e-18   2.0947358e-03   2.5792450e-32   2.5773781e-19   4.5560139e-07   1.3071530e-22   6.0522605e-03   1.8119257e-32   4.7597506e-03   3.4665731e-03
   4.1500984e-15   1.0674125e-03   5.1091667e-04   2.6351570e-11   1.0244307e-02   3.4021790e-22   8.2879895e-03   3.9236634e-25   4.9272218e-03   1.6737449e-03
   3.5346885e-15   3.8880264e-04   7.6694655e-04   2.3414232e-04   1.7530302e-02   5.3117644e-13   6.7763027e-03   4.6766794e-22   5.9263293e-03   2.7561184e-03
   9.2973107e-14   4.3842920e-04   9.4298825e-65   2.2285309e-04   2.5136316e-02   1.6491943e-08   7.9397307e-03   1.9085610e-19   4.7993843e-03   4.7608143e-03
   2.4956860e-16   5.1397317e-04   2.0799260e-24   4.6076874e-04   1.8709930e-02   1.0685352e-04   5.0457666e-03   3.3735943e-21   4.9059228e-03   9.0121178e-04
   2.3348686e-17   5.7662869e-05   3.1346124e-08   6.3968741e-04   1.2131613e-50   3.8082148e-04   3.5443700e-14   1.1500208e-22   4.9363083e-03   3.1500898e-03
   1.1815411e-21   3.0793183e-08   2.9906649e-04   6.0856438e-04   1.2842167e-02   7.2295550e-04   8.1667269e-06   1.0944759e-28   4.3198781e-03   2.7093713e-03
   2.4364223e-21   6.7556631e-09   3.5376764e-04   5.5610256e-07   1.8767509e-03   5.8796661e-04   1.4784546e-07   2.1759634e-50   4.6062194e-03   1.1554363e-03
   1.4268275e-13   1.0372153e-12   1.5930484e-04   1.4869559e-07   1.1837325e-03   2.7332132e-03   5.9916952e-09   9.9118562e-37   3.2015271e-03   1.7760287e-03
   7.3277416e-13   1.9645016e-15   4.8402589e-19   1.1908420e-13   3.0992185e-03   3.0065691e-03   1.5483910e-20   5.0040136e-43   3.1709817e-03   1.3750530e-03
   4.1728095e-05   9.1986201e-17   4.3765379e-08   1.2644591e-05   1.1953712e-03   3.1357061e-03   7.5851959e-13   1.4110475e-32   2.2600491e-03   3.0266371e-03
   2.9253674e-09   1.5387089e-11   7.3505548e-04   5.5021820e-06   6.2190480e-13   3.3027069e-03   2.2187575e-22   4.4179777e-49   2.5525436e-03   4.2532074e-03
   9.0779489e-06   6.4816176e-07   8.9690835e-04   2.8179965e-04   9.6339083e-27   3.3243251e-03   1.1719262e-32   9.8896515e-40   2.0486894e-03   4.5556402e-03
   5.3153575e-08   4.9743928e-11   2.2325700e-03   9.3170722e-14   3.3195537e-35   1.7116383e-03   1.7392024e-42   1.3636765e-52   2.4987245e-03   3.2995999e-03
   5.2249597e-10   2.0847520e-15   7.4723566e-03   9.5824054e-06   8.8735449e-58   2.4208370e-03   6.8945549e-46   3.2297334e-31   2.3365881e-03   3.6987362e-03
   3.7800929e-13   3.2318519e-20   1.4911540e-02   6.9450388e-12   5.8308218e-28   2.2055819e-03   1.1277874e-39   7.6090309e-33   2.6031473e-03   1.9248294e-03
   3.9471956e-12   4.3918432e-10   1.7858287e-02   6.7387848e-08   5.8661443e-75   1.7208652e-03   5.6074097e-35   7.1970204e-31   2.6179228e-03   1.4186942e-03
   2.1979147e-18   1.9183386e-17   7.3246805e-03   9.6602099e-09   3.1965951e-51   1.6038741e-03   3.0866320e-33   7.6218472e-28   3.0033194e-03   1.3936726e-03
   1.0821986e-21   9.4479592e-23   6.3777186e-03   3.6397617e-10   3.3828725e-85   3.5733921e-04   5.2971748e-43   5.5196615e-32   4.0550146e-03   1.4806495e-03
   4.1926612e-22   1.5503699e-19   2.4982288e-03   4.1082982e-10   2.1983180e-66   2.2371583e-04   1.9125858e-37   7.1451965e-32   4.0948201e-03   1.0427631e-04
   2.3959927e-25   2.9677336e-20   3.4624291e-03   1.3007116e-09   7.3323184e-46   7.4423803e-05   3.6409647e-25   1.0047633e-28   4.0120108e-03   8.3081009e-10
   1.5003202e-24   6.6945360e-21   4.1098377e-04   1.7938143e-16   5.8984455e-26   4.4945324e-10   2.2073942e-18   7.9902856e-37   4.2957597e-03   3.9770514e-05
   1.1701898e-22   5.6832671e-24   9.6189386e-23   3.2260456e-20   2.0005607e-08   1.1388589e-20   4.8431475e-09   3.3137344e-33   4.0235558e-03   2.8011814e-04
   2.2447772e-23   3.9353469e-20   8.4895966e-04   3.8474707e-28   5.7862369e-03   8.2503265e-22   5.7666352e-05   5.7642347e-38   3.4190990e-03   4.8719939e-15
   1.3862062e-20   1.0725420e-16   1.0145459e-40   6.3861883e-28   1.0150107e-02   8.4763307e-20   1.7438133e-03   8.7809323e-36   2.8584437e-03   2.0674926e-04
   1.6790925e-24   3.8484383e-16   2.9642528e-04   2.2545766e-17   1.0166356e-02   3.1338768e-25   1.5908473e-03   1.2271345e-32   2.6295474e-03   4.5979873e-04
   1.1434846e-19   2.6971033e-14   2.1098170e-10   4.8003577e-09   1.2275887e-03   3.1501594e-16   6.4751310e-06   3.2751433e-26   2.5619393e-03   2.2890481e-04
   8.2323683e-26   6.2366869e-13   2.2915657e-04   3.1030466e-31   3.9701624e-20   2.9064255e-14   5.2134365e-21   1.7745641e-40   2.8829987e-03   1.6200326e-20
   2.9154552e-28   1.6361103e-13   2.7826252e-04   1.4127166e-17   1.2326048e-03   1.8673215e-08   5.0171334e-12   7.8251223e-30   2.9062525e-03   6.2003058e-20
   2.3807685e-23   1.4096302e-10   7.2717755e-06   3.4756330e-14   1.4953320e-11   3.8592091e-05   1.4266185e-17   1.1850378e-31   2.5407837e-03   1.0721086e-04
   1.2035736e-16   6.2884087e-08   1.0481653e-32   2.3025885e-10   2.7245735e-13   2.3837389e-04   2.6094255e-19   1.2622090e-24   2.2340004e-03   1.1191444e-03
   2.8838099e-10   1.9791986e-13   1.5185740e-04   1.6631525e-20   8.8361208e-04   7.5345502e-04   1.3865196e-19   3.3416285e-31   1.9967681e-03   7.2389762e-04
   6.8760815e-18   1.3357852e-10   8.9363109e-04   1.5897234e-14   1.6928573e-15   1.2760429e-03   4.0002458e-25   1.0078197e-37   2.2691243e-03   1.0993774e-09
   3.5636150e-11   3.9461012e-04   1.2718531e-03   1.5341878e-05   1.1108221e-13   2.3318222e-03   1.9149821e-20   1.1093993e-30   1.2987370e-03   5.9167703e-04
   3.0780212e-16   2.4271345e-17   3.1775958e-03   1.8321458e-16   4.7302519e-36   1.4884780e-03   9.0648360e-34   5.8460932e-34   1.9978692e-03   1.4677048e-05
   2.7347346e-17   9.9838577e-16   8.8514796e-03   1.8463160e-07   1.1391586e-30   2.0123533e-03   6.3714355e-43   9.3951454e-32   1.8070551e-03   4.0926082e-04
   8.0607132e-15   4.6364540e-08   1.5188113e-02   1.2929483e-04   1.0019465e-38   1.0620944e-03   9.9795663e-32   5.6038458e-24   1.9393703e-03   1.2253738e-03
   7.7320025e-13   1.9306442e-17   1.4458842e-02   1.4335452e-06   1.1307305e-46   1.2221146e-03   4.3564307e-23   1.2673928e-40   1.8091965e-03   1.7157053e-03
   8.0014873e-13   5.2745037e-22   1.4976267e-03   1.2226381e-12   3.4470983e-55   8.4200364e-04   5.4908745e-31   7.0583047e-28   2.3091069e-03   1.9645859e-03
   1.4255294e-15   9.8924853e-16   6.8433983e-03   1.6969531e-12   5.5467099e-72   4.0523317e-04   1.5016807e-23   2.8529581e-34   2.3523198e-03   2.0807291e-03
   7.1756997e-22   3.1330910e-20   6.8484179e-04   2.1493981e-15   5.2203562e-67   3.9867831e-05   9.4785043e-23   1.3631298e-21   2.4761149e-03   1.2998722e-03
   3.2276193e-27   4.1594314e-21   2.5136438e-03   1.8972260e-09   2.9465796e-41   8.7649357e-05   2.4594546e-16   2.0395810e-19   3.3133857e-03   7.7493705e-09
   1.6440609e-23   3.2179707e-21   1.5504833e-03   1.5268719e-11   7.7278197e-22   4.2513291e-05   9.0652793e-13   1.1867505e-23   3.5554097e-03   6.1938670e-06
   3.9929245e-30   6.2817804e-23   3.6258806e-09   4.4332207e-22   3.0693531e-04   2.0321896e-14   1.0208736e-07   2.4266015e-44   3.8614042e-03   6.2455961e-17
   1.4139085e-19   7.6303356e-16   3.2758802e-04   3.1577267e-20   5.1709643e-03   2.3816428e-14   1.5836268e-03   1.1582423e-33   3.3819827e-03   1.9309551e-09
   1.2673591e-13   3.5110490e-18   1.1417497e-86   3.6360373e-10   7.3675131e-03   3.7444823e-10   2.2854610e-03   8.9518798e-26   3.3417021e-03   1.8460698e-09
   3.0849650e-15   1.3768441e-21   1.3292991e-04   1.9288974e-04   9.7477512e-03   9.0442755e-12   1.9633481e-03   3.7056716e-21   3.4008450e-03   5.4187429e-08
   1.5643894e-21   3.7506835e-15   2.9774740e-07   1.3293091e-04   3.3921380e-03   1.9099604e-13   5.2816660e-05   9.9699251e-28   3.5720537e-03   6.4711083e-15
   4.7404942e-13   5.2030147e-06   1.2160432e-04   3.4267489e-04   9.3537795e-05   1.1191831e-11   1.1095532e-13   1.5118467e-21   3.2082269e-03   4.1264187e-11
   1.6945607e-05   7.9035055e-05   2.1139934e-04   3.7082785e-04   2.1854520e-03   1.9098296e-10   2.2700375e-09   1.4582342e-17   2.5138016e-03   2.5973469e-06
   5.0745640e-10   1.2333622e-12   9.0601497e-05   7.2043203e-05   6.1946500e-17   1.2590313e-10   1.0584887e-12   1.5620032e-18   2.8462456e-03   3.3059894e-16
   8.1006507e-05   3.8840161e-04   4.1420173e-06   6.1967525e-05   3.6854017e-03   2.6059234e-05   6.1330807e-09   9.0469463e-15   2.4438939e-03   1.7747888e-09
   2.2431759e-06   5.9091623e-04   8.2917343e-08   1.0372637e-04   1.2513116e-03   3.5909453e-05   6.3420690e-18   4.9494582e-14   2.1543427e-03   1.9739406e-04
   4.0436229e-06   2.0288870e-04   1.6799221e-04   4.4168413e-07   4.1827563e-12   1.9235235e-04   3.4968062e-27   8.8918103e-14   2.3884996e-03   3.6312847e-04
   3.1170888e-04   3.8558325e-04   7.6865162e-04   3.3526306e-09   1.4618121e-03   1.4000032e-03   7.2052172e-14   5.9036888e-07   1.4501497e-03   7.3833485e-04
   2.6307178e-04   3.6088834e-04   3.7431092e-03   1.9690421e-18   5.9721956e-14   1.1315459e-03   1.2201713e-22   4.5321745e-19   1.9575870e-03   9.3779580e-05
   6.5515327e-04   4.2730695e-04   9.2352203e-03   4.9752675e-10   2.4043702e-17   1.2995291e-03   1.1730406e-31   1.3790445e-15   1.5833135e-03   5.4628971e-04
   4.7151314e-04   6.0222552e-04   1.2627599e-02   1.9277058e-05   1.7244198e-30   2.2083354e-03   3.5231787e-25   5.6877707e-12   1.5455191e-03   6.3366766e-04
   3.9736189e-04   1.8478803e-04   8.2339274e-03   5.8149548e-15   1.5286571e-28   2.0313401e-03   1.5236014e-19   3.1002230e-19   2.0872176e-03   5.8477872e-04
   5.7889175e-04   7.9538619e-05   2.0138303e-03   1.0263383e-33   2.8818964e-39   1.1812332e-03   4.5159063e-18   6.0424657e-28   1.8475545e-03   8.9408677e-04
   8.4696572e-04   3.4382305e-05   5.5036885e-03   1.5243777e-11   4.0333986e-48   8.6264920e-04   1.3246512e-22   2.6958064e-17   2.0120121e-03   3.6663087e-04
   7.0862037e-04   1.6365645e-06   1.5399666e-03   4.5087876e-12   4.4546878e-75   7.6969296e-04   1.1794489e-27   3.4653399e-25   2.1263611e-03   9.6520984e-21
   9.0620369e-04   1.3389269e-04   1.4907865e-03   6.7741218e-05   1.7432113e-68   3.7641521e-04   1.4560241e-27   3.3535405e-09   2.5030872e-03   2.2378069e-04
   8.2279724e-04   3.2808311e-04   1.6956374e-03   9.3498910e-05   1.2672697e-14   7.1852235e-05   1.4574642e-10   1.7271460e-11   2.2931418e-03   7.9780299e-04
   8.5016197e-04   2.5512354e-05   2.0985844e-04   7.2996919e-37   2.4149896e-08   3.0143235e-06   3.0255437e-09   3.3294073e-24   2.3860574e-03   2.0585935e-04
   3.3641105e-04   6.2659501e-12   2.1319646e-04   1.9565681e-18   2.7728846e-03   5.4806087e-08   3.3893553e-04   4.7289612e-19   2.5906463e-03   6.5221657e-10
   8.1165365e-04   8.3899422e-05   7.8845760e-30   7.5003369e-08   1.2261867e-03   1.1141278e-06   1.5133182e-03   1.0318708e-12   2.3492149e-03   3.0734186e-07
   8.1369628e-04   2.5444229e-04   2.6139890e-04   1.2304124e-06   1.3931415e-03   1.3800497e-09   2.5196292e-03   5.6711411e-12   2.1423757e-03   2.3020227e-10
   7.9250505e-04   1.8101487e-04   1.1495437e-39   2.2205912e-08   4.1303254e-07   1.7901057e-05   2.8932769e-03   6.6454047e-12   1.7888242e-03   4.4424948e-07
   4.5576905e-04   1.1137362e-04   4.6441827e-19   2.2873033e-05   2.1299050e-03   2.8283682e-05   1.2716917e-03   1.0223973e-06   1.8138392e-03   3.1186845e-04
   8.7457326e-04   3.0180731e-06   1.2723004e-49   1.2198658e-14   9.8068050e-03   1.3189674e-10   4.0051680e-12   4.0524316e-18   1.8413560e-03   7.5811614e-05
   1.0298109e-03   8.1420115e-05   9.6523306e-08   1.4896577e-04   8.4824086e-04   3.7003274e-15   9.7480179e-07   1.8872556e-09   1.8865229e-03   3.4186566e-09
   1.1114476e-03   3.7457819e-11   2.2021631e-11   3.6506860e-04   9.1033864e-04   4.4197187e-15   4.2962993e-04   5.7472516e-09   1.9541842e-03   3.0227141e-14
   1.3311003e-03   2.7039514e-04   5.9671637e-18   2.8299363e-04   9.7924053e-04   5.3087975e-12   3.7676664e-06   1.3727314e-07   1.8213631e-03   2.6157508e-13
   1.4409778e-03   4.8368990e-04   2.3676372e-04   2.7930306e-04   4.9802496e-13   2.5196374e-11   8.8893097e-13   2.7028394e-09   1.3886792e-03   8.7608094e-04
   1.4113333e-03   7.4034613e-05   7.5355515e-04   3.0263751e-04   1.0510143e-03   2.3643243e-06   3.7407744e-05   1.0081966e-06   1.3294226e-03   1.2644305e-03
   1.4985097e-03   3.4961123e-04   2.6894266e-03   9.6628910e-04   7.4268476e-23   3.5555220e-07   1.0885990e-08   8.8362768e-14   1.2309618e-03   6.4357295e-04
   1.4211567e-03   1.1108057e-03   5.6837708e-03   8.8582592e-04   6.5662163e-07   3.6950099e-07   9.8820804e-15   1.3616799e-10   1.0503532e-03   5.2174992e-04
   1.0657017e-03   1.9893498e-03   6.8184520e-03   2.1021832e-04   5.7907543e-18   7.0730834e-05   1.0772706e-18   3.1667258e-31   9.6266455e-04   4.4862332e-04
   1.7146858e-03   1.7415808e-03   3.4133973e-03   8.3206385e-04   1.6829137e-90   6.0283755e-10   1.1954286e-20   6.1113335e-16   1.3914507e-03   8.5832891e-06
   1.6647933e-03   1.7885420e-03   1.9700299e-03   1.1878110e-03   1.0486199e-07   1.3520131e-04   9.4774313e-04   8.9415091e-23   9.4298776e-04   5.2297591e-04
   1.0259349e-03   1.6749472e-03   2.4856627e-03   3.1556301e-04   4.1288945e-48   3.7388533e-05   5.7597832e-15   8.4974344e-08   1.5002711e-03   1.0106579e-04
   1.3552998e-03   1.6750965e-03   1.5143343e-03   6.2115581e-04   2.6223335e-18   1.2296933e-04   8.3993552e-14   2.7969648e-16   1.2535818e-03   8.2671938e-16
   9.8032549e-04   7.8739508e-04   8.4357762e-04   1.1201790e-03   3.1455783e-29   1.0844613e-04   9.1585738e-15   1.7932646e-20   1.0058810e-03   6.3897479e-05
   6.7796683e-04   7.1841683e-04   7.3712271e-04   8.8930434e-04   8.2991282e-40   7.7881678e-08   1.2507379e-23   8.9122961e-15   1.4588229e-03   2.2821925e-16
   9.8818087e-04   1.1781083e-03   4.2191089e-04   2.7828757e-04   3.2296575e-09   4.4446538e-09   7.6654745e-09   4.1888677e-22   1.2019035e-03   7.0942477e-04
   1.1260566e-03   9.8190285e-04   3.5246756e-04   5.2172392e-04   1.1551836e-03   1.4964690e-15   2.8332799e-04   8.1154747e-27   1.1356046e-03   9.5326732e-04
   7.3917278e-04   5.9505006e-04   1.7942519e-10   8.4784740e-04   3.0269798e-03   6.9521633e-23   2.6623495e-04   2.2325890e-21   1.3437323e-03   5.8204633e-04
   9.6601792e-04   8.4614087e-04   5.0458128e-34   1.2729936e-03   5.3227274e-03   2.3246468e-26   4.6711671e-04   5.0765502e-24   1.1643414e-03   2.7301546e-06
   1.0742831e-03   1.1204823e-03   2.0341170e-11   1.4358108e-03   5.8942255e-03   1.1893752e-27   4.1581049e-04   6.1222834e-25   1.0542572e-03   4.6282999e-05
   7.8547212e-04   1.1825259e-03   3.2517761e-07   1.0529392e-03   5.2924121e-03   1.6158971e-25   5.8556154e-04   1.8985938e-18   1.0375520e-03   7.4445076e-04
   6.7824395e-04   9.1660518e-04   4.6451350e-11   9.4536020e-04   1.5379776e-08   8.3792301e-23   5.2544547e-04   2.3069884e-13   9.4100609e-04   6.3592830e-04
   9.4829340e-04   7.6310176e-04   2.8524869e-28   6.0221604e-04   4.6087504e-03   9.5548561e-25   2.9079619e-05   6.0504086e-21   1.1757174e-03   3.7195845e-04
   1.1337874e-03   1.6208659e-04   2.3677512e-17   1.0632059e-04   2.3653628e-03   1.0342301e-28   2.4818120e-04   6.2174843e-20   1.1307580e-03   1.0923517e-03
   8.6537755e-04   2.8923518e-04   1.2446430e-04   2.3267985e-04   1.4925260e-08   2.7059399e-28   1.8103378e-13   1.6275785e-16   1.0636438e-03   1.6201930e-03
   5.9377748e-04   5.8403427e-04   3.1379399e-04   2.4853573e-04   1.2538842e-03   8.2664428e-31   1.3431344e-13   1.0155414e-16   1.3229832e-03   1.9400827e-03
   3.9792771e-04   6.9537398e-04   8.0836421e-04   9.8048982e-06   5.3691346e-16   1.3189104e-21   1.7234345e-28   2.2531388e-28   1.0804365e-03   1.1426534e-03
   7.0798762e-04   1.2309743e-03   2.3231903e-03   6.7049905e-04   1.7376308e-03   1.6575777e-07   4.5472531e-05   1.2103932e-10   5.1642913e-04   6.9473743e-04
   9.4520513e-04   1.4214900e-03   4.0757456e-03   3.9985204e-04   1.0756255e-23   1.2594466e-15   1.4819825e-18   1.7336461e-17   7.9582031e-04   1.1128293e-03
   1.5701662e-03   8.0936255e-04   3.8759732e-03   5.4555604e-04   1.5044813e-10   6.6028042e-18   2.6047753e-26   2.1687049e-27   8.8822846e-04   1.7261846e-03
   1.3376311e-03   1.1023159e-03   6.3607177e-04   6.4484687e-04   6.2042760e-24   1.9594544e-15   9.1420794e-24   2.4402179e-17   8.5458608e-04   1.8198749e-03
   5.2826628e-04   1.9316256e-03   2.0509104e-03   1.0310980e-03   5.9506081e-29   2.4824308e-18   7.8698955e-17   6.0653540e-24   8.1820596e-04   1.8685292e-03
   9.9854539e-04   2.5408230e-03   5.1141853e-04   8.0890125e-04   7.8540811e-08   2.3848473e-12   2.3337242e-10   1.4015270e-16   8.9299546e-04   1.2378173e-03
   7.4662007e-04   2.4714169e-03   1.2646257e-03   5.7923687e-04   5.6038204e-52   8.1123358e-08   2.4859021e-29   3.0201512e-17   1.0043915e-03   7.6671739e-04
   6.2173809e-04   2.3295550e-03   2.3506881e-04   3.6906443e-04   1.5059504e-14   6.8667769e-09   7.0235366e-17   6.9810119e-26   9.0890162e-04   1.2617400e-03
   4.9859337e-04   2.3173901e-03   3.1689177e-04   3.4642247e-04   3.0072171e-51   1.2328931e-05   2.6153793e-26   2.2171780e-13   1.0499636e-03   1.4867023e-03
   5.3328282e-04   2.3656436e-03   4.2758922e-04   5.5743738e-04   1.3247068e-21   4.7546046e-10   5.6440637e-25   2.8211162e-21   1.1779568e-03   1.5474763e-03
   5.4571584e-04   1.9348972e-03   3.0589258e-06   9.7093047e-05   2.4130899e-03   1.1412909e-08   1.7232011e-15   1.0737174e-30   9.6688024e-04   3.4410121e-03
   4.8843200e-04   1.4585990e-03   2.4090645e-31   1.5164279e-04   4.3807013e-03   6.5368283e-09   3.6779888e-15   1.0764743e-21   9.9110752e-04   1.7162167e-03
   4.0202691e-04   1.1294839e-03   1.2041538e-34   3.1771349e-04   6.3255696e-03   2.4771694e-09   1.3053036e-11   9.5376611e-13   1.1000421e-03   8.3303565e-04
   4.0565315e-04   9.6525731e-04   1.2696673e-04   7.0951613e-04   7.4490297e-03   2.7040140e-15   6.8993886e-13   6.0638466e-16   1.0010725e-03   7.6545239e-04
   5.1305277e-04   8.3679325e-04   6.6024268e-05   3.3305635e-04   6.9610195e-03   4.1463479e-26   1.8791270e-13   4.2724814e-21   9.2821434e-04   1.0399030e-03
   4.6321159e-04   3.3125877e-04   3.1480672e-48   9.2753283e-08   3.3319708e-03   2.9167547e-16   8.3783163e-15   6.9328662e-23   1.0805164e-03   6.8240247e-04
   4.0806632e-04   6.7691220e-04   4.6280970e-16   2.0755793e-04   9.7238774e-04   1.0875249e-12   2.9882588e-17   3.3317693e-19   9.7001373e-04   5.4896403e-04
   6.2537925e-04   1.3502829e-03   2.8961355e-05   4.8763575e-04   4.3503231e-03   1.7557068e-14   4.5182192e-12   6.3847994e-17   7.5336928e-04   3.1505644e-04
   3.0650376e-04   1.4108400e-03   1.2490754e-04   5.1437761e-04   1.6345483e-03   7.5165944e-14   8.9902979e-20   3.1172438e-27   9.7955802e-04   1.4299703e-03
   1.1081676e-04   1.3115729e-03   2.5808646e-04   5.8984714e-04   1.2438404e-03   8.1552962e-09   2.3011858e-24   4.9467298e-19   9.4795257e-04   1.6730056e-03
   4.7559823e-04   1.0601152e-03   8.1340848e-04   4.9896713e-04   1.7955947e-03   5.3409125e-05   7.4855043e-22   3.4950017e-05   8.0777419e-04   2.0684325e-03
   3.0082350e-04   5.1826071e-04   2.2785940e-03   4.1288323e-04   1.3278590e-05   1.2231426e-05   3.4733524e-30   7.9422935e-24   1.0645853e-03   2.1759793e-03
   3.2563916e-04   6.7516769e-04   3.7479342e-03   4.9678757e-05   6.0423026e-07   2.4946442e-08   7.3187099e-32   1.2235144e-44   1.0421184e-03   2.7935354e-03
   4.1002492e-04   1.2693169e-03   3.1086389e-03   1.4508228e-04   5.5377050e-04   6.7015448e-05   1.9337664e-26   1.2117916e-34   5.9360731e-04   3.7415202e-03
   2.0003336e-04   1.2188485e-03   6.5011278e-05   7.2551898e-04   3.6981690e-09   7.5898497e-07   2.0895190e-22   8.4186211e-33   7.2810076e-04   3.0048776e-03
   1.6260599e-04   8.8187307e-04   2.5060250e-03   7.7463720e-11   4.0302034e-35   2.9169077e-09   1.1812985e-35   1.7448584e-36   9.6982125e-04   2.4345094e-03
   1.9746377e-04   7.6195707e-04   5.2647824e-04   6.4720518e-04   3.5190345e-30   5.7641737e-07   1.0298413e-25   2.8321077e-37   7.5888070e-04   1.5395640e-03
   8.0701514e-05   3.1585749e-04   1.4393408e-03   6.3111910e-04   4.6845786e-31   4.9178007e-06   2.7214744e-27   4.2445916e-20   1.1153528e-03   1.7616272e-03
   6.7555522e-05   3.1189155e-04   7.4695137e-04   5.4100298e-04   3.2909814e-50   6.9081311e-12   1.3968401e-30   1.8393539e-17   1.1935432e-03   2.1765168e-03
   1.6423597e-05   7.2954339e-04   2.3169549e-04   4.6936383e-04   5.9043156e-41   3.7872489e-12   1.1831783e-25   2.5890839e-21   1.1286571e-03   1.6094929e-03
   2.2234453e-12   8.2119092e-04   7.4546724e-04   4.5595899e-04   1.2727381e-87   6.5625016e-09   1.8272367e-36   1.3152905e-35   1.1885186e-03   1.7156622e-03
   9.0357833e-22   8.0021148e-04   1.6004476e-04   5.9696329e-04   5.1121830e-32   1.5644844e-08   2.0355067e-24   9.1723655e-22   1.3545058e-03   1.2998166e-03
   2.1433975e-12   5.9390479e-04   2.4167184e-09   7.1222399e-04   1.8893799e-11   4.3776237e-06   3.3287065e-16   1.0736560e-24   1.2900700e-03   1.6075244e-03
   1.2981989e-13   5.3512778e-04   2.5067208e-07   5.9840530e-04   8.3174778e-05   4.3842674e-06   1.3695128e-12   1.1274797e-32   1.1815636e-03   1.5855890e-03
   1.1261357e-14   2.6594315e-04   3.1789154e-04   8.0945148e-04   9.9640045e-04   1.8100366e-17   6.9833195e-19   2.6109695e-44   1.2462308e-03   5.8229034e-04
   1.6174880e-20   4.0227711e-04   9.0729789e-05   7.9120619e-04   9.5193444e-04   5.1475141e-06   1.5051984e-18   2.4853493e-29   1.3585403e-03   7.3050392e-04
   1.4391808e-12   3.3377358e-04   1.3266784e-37   1.0166295e-03   4.4590911e-04   2.4019663e-07   4.1634381e-19   1.5804888e-26   1.1659618e-03   1.4855263e-03
   5.9409050e-16   4.0655998e-04   1.0293728e-06   1.4300796e-03   3.2865660e-13   3.2400759e-10   1.1436804e-26   1.8184200e-36   1.0632062e-03   1.8689214e-03
   2.4925307e-09   3.7583256e-11   9.3435534e-05   1.4141712e-03   1.9474617e-11   1.8860967e-21   3.8538232e-30   2.6851176e-33   1.0556376e-03   2.1443603e-03
   3.4326896e-07   2.7978942e-10   5.6092496e-04   1.3986194e-03   1.0353363e-08   2.8960718e-26   6.2630575e-26   3.5120946e-19   9.0631562e-04   1.8590474e-03
   6.9550931e-09   7.2655230e-05   1.0147620e-03   1.3932082e-03   4.1709889e-14   2.6766967e-23   1.9640752e-31   4.9118650e-17   8.3831324e-04   1.2550898e-03
   2.8926397e-09   2.9501686e-04   2.7743778e-03   8.1288136e-04   4.7798989e-22   1.0417709e-29   3.5705651e-36   4.2599118e-20   1.0169019e-03   3.5988292e-04
   7.6320115e-07   2.5098018e-04   6.0224041e-03   4.0445008e-04   1.7036890e-17   2.4397939e-25   4.6310682e-28   4.3123754e-12   8.4247112e-04   1.4674428e-03
   9.7143303e-14   3.9565654e-04   7.4033893e-03   5.3261956e-04   4.0207822e-14   5.9319446e-18   1.0962797e-21   1.4557956e-19   6.9139265e-04   2.2729158e-03
   4.8245477e-12   3.6292379e-04   3.8026121e-03   6.5222379e-04   1.2362731e-28   1.3417617e-23   2.0681539e-30   5.7418015e-26   9.0627703e-04   2.1218961e-03
   3.4973271e-08   1.8824257e-04   2.0501866e-03   7.1772596e-04   1.5347232e-23   9.1710966e-14   1.9375855e-18   1.3851843e-46   7.0264041e-04   1.2404708e-03
   1.4104156e-05   1.4383610e-06   3.2586933e-03   1.7715058e-04   5.7210310e-40   7.9279588e-17   2.0539736e-21   2.2143197e-28   8.0088864e-04   1.0035989e-03
   1.1719759e-05   3.0822078e-07   1.4094482e-03   5.5048667e-04   2.1249636e-42   5.6196480e-05   1.6622276e-10   3.1072293e-30   6.1136139e-04   1.9456124e-03
   4.1941254e-08   8.5898839e-16   1.4638589e-03   3.6363647e-04   3.6200629e-57   1.7306506e-15   3.2702857e-24   4.2522306e-18   9.5803959e-04   1.7594470e-03
   1.4875810e-10   2.7470818e-10   1.4864565e-03   4.0415114e-09   3.3400864e-81   2.2582731e-19   1.5097273e-25   1.2271818e-16   1.0441642e-03   1.8444694e-03
   1.5109919e-05   8.5810896e-06   1.3953233e-04   6.1522529e-10   4.0168596e-65   3.6858004e-14   2.1324478e-21   7.2467477e-26   8.5548439e-04   1.4015845e-03
   1.1649521e-05   3.0547726e-05   5.1690075e-04   3.8771536e-10   4.1563086e-71   4.6501367e-27   1.6441820e-25   2.4498779e-38   8.0296026e-04   1.5296756e-03
   4.0654436e-06   1.0371748e-04   4.3825436e-04   1.4497793e-10   1.0250755e-93   4.2808743e-20   6.5143382e-28   1.3825466e-22   8.5774688e-04   1.2361135e-03
   4.3584091e-06   5.6164079e-05   2.8892756e-04   2.1918103e-09   1.7983348e-68   1.7580753e-21   8.1995927e-29   2.1103169e-22   8.6460504e-04   1.4517493e-03
   2.9265459e-05   1.4602848e-04   2.5971938e-04   4.1062914e-05   7.7180502e-54   3.3906034e-15   1.4718783e-29   2.5773195e-19   7.7902618e-04   1.2848309e-03
   1.9157257e-06   2.1086793e-04   2.9652401e-04   1.6742490e-04   2.3344118e-48   1.2724631e-09   2.2338640e-27   1.7736793e-13   7.3449233e-04   1.1643850e-03
   1.6457813e-05   1.5533708e-04   5.9427245e-05   1.7842369e-04   8.0756302e-37   7.3487783e-08   6.4957493e-28   6.4654551e-11   7.0226690e-04   9.6626280e-04
   4.9119117e-08   3.0313913e-04   4.2349663e-43   1.2711373e-04   1.9584615e-34   4.8458306e-10   3.6151667e-33   2.0982562e-11   6.1104146e-04   1.5819238e-03
   7.0575145e-13   3.0740058e-04   1.7910657e-04   2.1520697e-04   4.7888211e-47   1.2953343e-05   3.1771089e-40   4.8706017e-09   5.3835417e-04   1.8687761e-03
   2.3352077e-10   2.4866630e-04   3.4065450e-04   3.2113796e-04   1.7205696e-58   4.4229541e-06   7.2599154e-44   1.1606875e-14   5.1209825e-04   2.0623751e-03
   1.8631064e-07   1.1809345e-04   5.8256095e-04   2.0653106e-04   5.1937987e-54   2.2124125e-06   8.9909948e-46   1.5268743e-17   5.2789765e-04   1.9840707e-03
   6.1609674e-05   1.4380641e-04   8.9589986e-04   1.9594445e-04   6.0810479e-44   3.7846972e-09   3.5050236e-41   1.3547198e-16   4.3740949e-04   2.1356346e-03
   1.7212158e-04   3.4801155e-05   1.7590549e-03   2.7113170e-04   1.0887076e-62   7.8400877e-19   1.0455077e-53   2.5124846e-11   4.2208842e-04   2.3929202e-03
   1.4054334e-04   5.4194525e-09   2.6388785e-03   4.2108469e-04   1.4623542e-61   3.0060639e-26   8.0851076e-47   3.8115177e-15   4.4656206e-04   2.4902583e-03
   2.1878436e-04   4.5812027e-05   2.3149209e-03   4.9858141e-04   6.3898661e-51   1.2230722e-27   2.8021759e-39   3.9998497e-22   3.0918482e-04   2.0839896e-03
   1.6471891e-04   7.8323836e-06   7.0636542e-04   2.3750076e-04   7.7244444e-57   3.4239263e-18   1.2521612e-48   1.7152215e-26   3.6139467e-04   1.6638396e-03
   1.2649815e-04   5.2616571e-05   7.9891910e-04   4.7655682e-04   2.2806112e-44   2.5650881e-08   1.7968684e-30   3.8645373e-32   2.1439875e-04   1.7639250e-03
   2.0591381e-04   7.4641249e-05   7.5676685e-04   4.9729002e-04   6.0819419e-81   2.4005248e-20   2.9439733e-42   1.2320048e-23   2.5466854e-04   1.7010367e-03
   3.1632224e-04   6.3424757e-05   4.0877592e-04   4.3584088e-04   9.7980779e-56   3.0368185e-10   4.6723131e-33   2.1729231e-27   2.0929467e-04   2.6509417e-03
   4.1141130e-04   1.1931646e-04   3.7448814e-04   4.2092677e-04   1.1179147e-37   3.2825792e-05   5.3561246e-31   3.9429131e-34   1.3733512e-04   2.9323062e-03
   2.8131673e-04   6.1248668e-05   2.6559669e-04   1.1960749e-04   3.1369206e-97   2.0842106e-08   4.2797428e-60   3.4365080e-22   2.9953572e-04   4.2679070e-03
   2.4494712e-04   2.0702105e-08   1.8900376e-04   1.2167612e-05   1.0319054e-70   7.9886929e-11   7.9126347e-53   1.5147017e-21   3.3211161e-04   3.7118100e-03
   1.8079705e-04   6.1506553e-05   1.8051746e-04   3.6934552e-05   8.6102669e-67   3.5928565e-18   1.1645572e-46   6.9222386e-27   2.2693229e-04   3.9706246e-03
   9.3534221e-05   1.7384436e-04   5.1089379e-05   5.8081326e-05   1.4761170e-80   6.7109464e-06   6.0560827e-43   3.2153470e-17   1.8557883e-04   4.3270703e-03
   7.4837768e-05   2.3406535e-04   6.3988884e-05   7.6331869e-05  1.4192493e-106   7.2219921e-08   2.9205176e-43   1.6326264e-13   2.0631247e-04   4.1273597e-03
   3.6570983e-05   8.6599976e-05   4.7264247e-35   6.3658254e-05   2.0789856e-43   2.7725806e-05   3.6810422e-29   4.6080158e-11   1.8382653e-04   3.5055580e-03
   9.8951820e-05   1.0354375e-05   2.2875687e-05   7.7791553e-05   5.3764914e-29   3.8379352e-05   6.7870433e-22   4.1974867e-27   1.5505910e-04   2.8963425e-03
   8.8966616e-05   3.7070219e-05   6.4490450e-07   1.6126088e-05   6.0522260e-36   7.4187497e-05   1.3421436e-30   1.1322969e-34   1.7455261e-04   3.9169498e-03
   1.2203778e-04   2.4699403e-05   5.7307155e-46   1.7855507e-05   3.5959306e-42   7.2962104e-05   7.5139552e-33   2.5566250e-36   1.7960491e-04   5.3755577e-03
   2.1450623e-04   5.1285789e-06   1.2368940e-05   2.2808605e-05   1.6402202e-34   5.3483628e-05   3.7669114e-36   1.6393491e-36   1.4320206e-04   6.0294483e-03
   2.4647428e-04   2.6246871e-05   4.3393544e-05   1.8389895e-05   1.3540581e-31   8.7616131e-06   1.0307969e-32   6.2639707e-29   1.0935486e-04   5.6331291e-03
   2.8034685e-04   4.1264569e-06   1.0090476e-04   2.9950776e-05   5.8260158e-21   3.8830830e-05   1.8802515e-33   5.5680419e-20   1.0369547e-04   3.7815455e-03
   1.2854053e-04   7.5423020e-06   2.5361529e-04   4.3595136e-05   3.9918183e-27   1.6338549e-05   4.6786330e-36   7.2840374e-20   1.1507354e-04   4.0510912e-03
   1.1737975e-04   5.1935369e-05   5.0470917e-04   6.7195473e-05   2.3533294e-09   3.5668752e-05   1.4532736e-31   4.5328513e-25   8.2731388e-05   4.8882529e-03
   1.1443974e-04   8.8199316e-05   6.8162177e-04   3.7734570e-05   9.7666781e-23   2.4412298e-05   1.5183037e-17   1.4376732e-23   9.9835115e-05   4.7682895e-03
   1.5457620e-04   5.8919949e-05   5.1769604e-04   6.4317408e-05   1.0544850e-07   2.2806346e-05   6.3296092e-06   6.1064728e-32   6.6591552e-05   4.6220913e-03
   1.9115192e-04   8.1309292e-05   1.1613296e-04   2.2074562e-05   3.5942123e-32   7.4738584e-06   1.1089449e-20   3.3771928e-21   8.3011258e-05   5.2988042e-03
   1.2884724e-04   9.8191255e-05   3.3969692e-04   2.5801979e-05   1.6793476e-18   1.0794303e-06   1.8864749e-11   5.5631030e-38   8.4619545e-05   6.0036067e-03
   4.5683699e-05   8.6230388e-05   1.7015315e-04   2.1829042e-04   5.8524838e-16   2.0990729e-07   3.9279204e-22   3.5514416e-42   8.1962704e-05   6.6549393e-03
   3.8393943e-05   4.9081800e-05   2.2295949e-04   3.3385717e-04   6.4993933e-35   9.8123638e-14   2.7995807e-19   8.9501715e-50   1.0023605e-04   8.0323903e-03
   8.8642873e-05   1.0130652e-05   1.4078041e-04   3.1333428e-04   4.3463905e-18   6.7147926e-23   3.5445886e-16   1.2357778e-46   8.6228369e-05   6.1575579e-03
   2.8831862e-05   3.8924681e-05   1.0176224e-04   9.9482672e-05   1.3866663e-76   6.5052421e-06   3.4509143e-20   9.9901353e-32   1.1840428e-04   7.2147531e-03
   4.6198050e-05   4.8882814e-05   1.0079066e-04   1.7160831e-04   1.4115506e-50   3.0794057e-05   6.1436345e-19   4.9470818e-29   1.1540469e-04   5.1124853e-03
   4.1555789e-05   1.3225926e-05   4.8543418e-05   2.5366599e-04   8.7919890e-26   2.5098225e-05   2.6604221e-13   4.4393116e-31   1.2344031e-04   5.3440731e-03
   3.1422532e-05   1.1794628e-05   4.2466792e-05   3.0246899e-04   1.1354081e-66   1.5088686e-05   8.6783864e-26   1.2278198e-41   1.3006085e-04   5.8990327e-03
   6.2983129e-05   7.5388711e-05   8.4577228e-06   3.6639512e-04   4.3062699e-74   1.5321197e-05   3.7836179e-27   1.4867895e-39   1.1836114e-04   5.2830600e-03
   8.5479210e-05   5.6775040e-05   1.2279914e-05   3.7674935e-04   4.0598808e-65   2.2923836e-05   4.3348967e-09   6.3204084e-30   6.8397038e-05   6.2321133e-03
   1.0397715e-04   1.4663525e-07   2.1400778e-05   1.8463232e-04   1.0940143e-14   4.7982224e-05   3.6342294e-05   2.4993462e-42   6.0638873e-05   8.0219740e-03
   1.2031876e-04   2.9229154e-05   2.4357709e-05   2.0421221e-07   2.9110386e-25   5.0331035e-05   3.6146464e-05   2.3248472e-43   5.3317602e-05   8.2431014e-03
   9.7860691e-05   6.1176597e-05   2.5695459e-05   2.2243912e-12   1.8437215e-09   4.5563135e-05   1.9357025e-05   6.5719146e-35   5.1559749e-05   7.8751609e-03
   2.1867142e-05   8.5653358e-05   1.8419901e-05   2.7278307e-05   9.2624848e-16   2.0280452e-05   4.0729318e-05   1.0085435e-36   4.9859140e-05   7.4540405e-03
   1.8015233e-05   5.4717147e-05   1.2129220e-05   7.3410799e-05   7.6138835e-10   2.4137959e-05   1.7833921e-08   3.0833694e-42   6.0188556e-05   5.9524752e-03
   3.5182688e-05   3.8729974e-05   2.4983936e-05   1.0058260e-04   1.1838800e-15   4.3911283e-05   7.8105458e-08   1.1502226e-47   6.7328349e-05   5.8494840e-03
   7.2606222e-05   3.1717274e-05   1.0526621e-04   1.0651973e-04   5.7580342e-21   6.3893215e-05   1.9827809e-12   9.6523018e-37   6.3217306e-05   4.9170079e-03
   5.1591802e-05   6.9981765e-05   2.0769099e-04   8.3420780e-05   3.5558171e-09   5.2372788e-05   6.3495708e-06   2.7863102e-32   5.6666021e-05   4.7445853e-03
   4.3077481e-05   1.2100914e-04   2.5594584e-04   4.9701313e-05   3.7650029e-21   2.4035364e-05   2.3549078e-05   6.8080127e-37   6.7451889e-05   4.7960063e-03
   1.3449334e-04   1.5476732e-04   1.4648800e-04   1.9510629e-05   3.6114754e-18   2.7446524e-05   1.4323985e-29   8.4230293e-45   5.1403303e-05   4.4457513e-03
   8.8496127e-05   1.5525360e-04   6.5613787e-05   8.6780354e-06   8.6859375e-25   1.1402955e-06   3.4997505e-05   1.4202048e-32   8.6522613e-05   5.7496245e-03
   2.7883021e-05   2.2646551e-04   1.3732779e-04   1.5552240e-05   3.8128094e-16   2.7796653e-05   2.1692348e-25   2.3262162e-33   7.3796601e-05   6.7144240e-03
   3.6378678e-05   2.0410021e-04   4.0955497e-05   3.9746980e-05   1.0803909e-18   3.7912526e-05   3.8571702e-05   1.2697701e-45   5.5447847e-05   5.5848799e-03
   2.3348810e-05   2.0802504e-04   5.0543713e-05   3.4027845e-05   2.9290531e-10   1.8566438e-05   3.9149642e-13   3.2605446e-35   8.4513348e-05   5.5344562e-03
   8.4585318e-05   1.9530005e-04   4.6770827e-05   6.4569876e-05   1.1537418e-56   5.4143847e-05   1.7819233e-33   3.1758475e-33   4.4161448e-05   5.0894108e-03
   1.7928049e-04   1.1700743e-04   3.2889118e-05   2.7725655e-05   1.6972209e-40   3.5316489e-05   6.7757615e-22   2.9416877e-38   8.8612613e-05   6.0858668e-03
   1.1130514e-04   1.4866488e-04   3.6409036e-05   1.2571040e-05   1.8462995e-35   1.8774021e-05   8.0134634e-12   1.6589623e-25   7.1032616e-05   6.4219709e-03
   1.0994604e-04   2.3531193e-04   2.0960329e-05   5.3473262e-05   2.4134983e-14   4.5990009e-06   1.4796186e-10   3.4344501e-32   4.2544262e-05   5.3357279e-03
   5.2130605e-05   2.3584769e-04   1.7316459e-05   1.4834210e-04   6.5794835e-31   2.7696206e-05   4.6126820e-16   9.4832029e-31   3.5057318e-05   5.4853026e-03
   5.0162397e-05   1.5081805e-04   9.3600073e-19   1.3804720e-04   5.1323729e-42   2.5176212e-05   2.2170581e-13   8.5672600e-26   6.9695348e-05   7.7243126e-03
   3.7622609e-05   1.2515302e-04   1.2489193e-17   4.6923288e-05   5.7650746e-72   3.0687299e-05   1.2863334e-23   2.5796353e-19   8.2155553e-05   8.2449878e-03
   3.5641809e-05   2.5335469e-04   3.9713302e-21   8.2415817e-05   2.0954645e-31   3.5552946e-05   2.7061347e-25   7.7228115e-15   5.6936730e-05   6.8835072e-03
   1.0540362e-04   2.5066556e-04   5.9338171e-06   7.3291570e-05   2.1279716e-18   4.1104163e-05   4.9602474e-06   3.9425221e-25   6.1149841e-05   6.3876628e-03
   9.7388283e-05   2.0929490e-04   7.8871597e-06   3.5706981e-05   4.4718665e-50   5.0691847e-05   6.4385695e-14   2.0022015e-25   5.2586410e-05   5.0002652e-03
   4.1271272e-05   2.6589416e-04   4.0648142e-06   6.4124849e-05   3.6689269e-55   4.4712394e-05   1.8342526e-07   5.0633142e-44   4.8702584e-05   6.0084803e-03
   7.7165482e-05   2.9428577e-04   2.1296751e-05   1.1415556e-04   3.3291100e-26   2.9318711e-05   5.7055745e-13   4.2791432e-35   3.4031919e-05   7.6054476e-03
   7.7679881e-05   4.9124895e-04   4.4189715e-05   1.0506566e-04   1.4534362e-09   2.6273564e-05   3.6806481e-05   7.2101809e-34   4.2240175e-05   7.8677007e-03
   3.4679751e-05   4.5738703e-04   6.2356846e-05   8.4100238e-05   3.2876853e-59   3.4369535e-05   3.1964371e-11   1.1285711e-27   5.0280917e-05   6.7105651e-03
   3.3540063e-05   3.2354599e-04   5.9260358e-05   3.9907305e-05   1.5062802e-14   1.7442626e-05   3.5258352e-05   2.4759209e-29   5.5789535e-05   4.6219022e-03
   1.9882996e-04   3.0400626e-04   2.0968342e-05   1.0673649e-04   1.0235089e-12   1.7217917e-05   8.5226641e-07   1.3085206e-39   4.7790762e-05   2.2674950e-03
   1.4855850e-04   2.8523165e-04   5.3797364e-05   1.5680112e-04   8.7635486e-05   3.8010249e-05   1.0657393e-07   1.6738726e-40   4.5125607e-05   2.8726077e-03
   1.0941203e-04   2.4194835e-04   2.8235106e-05   1.5633473e-04   2.7850853e-07   6.1522059e-05   5.3845562e-05   2.7467128e-40   6.0768197e-05   3.6433184e-03
   1.0801676e-04   2.8624419e-04   4.0485151e-05   1.5254963e-04   7.6023191e-11   4.8134435e-05   1.5144857e-05   6.0215968e-30   6.2517924e-05   4.1629482e-03
   5.7097332e-05   2.5501088e-04   4.1121855e-05   1.8182433e-04   3.8120592e-05   5.1169887e-05   6.3613892e-09   1.9824848e-24   5.9571593e-05   3.7026326e-03
   9.4146024e-07   4.1180163e-04   3.1975205e-05   9.0451610e-05   2.1990145e-22   2.3831068e-05   1.2216943e-15   1.9679655e-43   5.1901826e-05   3.4978845e-03
   6.5103316e-05   4.2820157e-04   2.0286326e-05   5.0904382e-05   2.1903317e-05   5.8768413e-05   4.6958816e-07   1.2132777e-22   5.0661683e-05   2.5888989e-03
   1.3019113e-04   2.4865286e-04   3.6641652e-05   1.2306528e-04   3.5344232e-22   8.5069397e-05   8.1765908e-05   8.0884086e-39   2.4801447e-05   2.6225037e-03
   6.1362132e-05   3.5902804e-04   2.9287560e-05   1.2685345e-04   1.8333312e-08   4.3478120e-05   6.8608379e-06   1.0468806e-24   4.3422470e-05   3.2681536e-03
   1.1608719e-04   3.3122503e-04   4.6963313e-06   9.5699732e-05   3.6786423e-76   4.9566669e-06   4.8807881e-10   3.7109934e-30   5.8823886e-05   3.4436702e-03
   1.1587763e-04   3.3571349e-04   4.6145777e-06   1.1338396e-04   2.0488151e-53   1.0136357e-07   4.4334876e-07   3.0385990e-31   5.8874997e-05   5.0326393e-03
   1.2979152e-04   1.2393788e-04   1.6348390e-05   1.5494655e-04   8.2747261e-36   3.6728387e-06   5.5347760e-05   1.3352600e-33   2.6719050e-05   5.3263983e-03
   8.6765683e-05   2.4194029e-04   2.6254643e-06   1.0775036e-04   2.0799132e-54   6.8727646e-06   2.5545660e-07   1.9166539e-44   5.1138673e-05   3.1734879e-03
   1.1803610e-04   1.3595578e-04   2.2558213e-81   1.2825596e-04   1.3209348e-49   9.1841015e-06   4.2245552e-05   3.6908895e-34   4.4360053e-05   3.2577428e-03
   1.5698948e-04   2.7964572e-04   4.9448797e-45   1.1966466e-04   1.1563999e-58   5.1035353e-06   3.6119917e-08   1.8862086e-44   5.0822831e-05   3.5290172e-03
   1.5210756e-04   1.3636307e-04   2.6760019e-15   6.9319246e-05   4.3209498e-48   1.2010475e-05   1.4723876e-06   6.2434011e-37   4.5434355e-05   3.5335840e-03
   7.7372276e-05   2.4328005e-04   8.2472259e-08   1.6197308e-04   4.8746592e-29   1.7859496e-05   4.5838262e-05   2.9669469e-38   5.5042160e-05   3.9165440e-03
   6.7626066e-05   1.6060103e-04   4.4027591e-14   1.9911980e-04   3.2898796e-09   2.4276598e-05   9.1096539e-05   2.0809635e-33   4.4525213e-05   4.6182864e-03
   7.0512802e-05   1.9799187e-04   1.8276376e-19   1.0477271e-04   6.0498785e-05   3.9043494e-05   3.7459893e-05   7.4965349e-43   4.0571930e-05   4.1227189e-03
   6.4289172e-05   5.1573305e-04   1.8644890e-05   1.1911672e-04   7.2702690e-05   4.0057437e-05   2.4326607e-05   4.5697451e-49   2.5820911e-05   3.8877362e-03
   2.5128097e-04   4.4143725e-04   3.1803486e-05   2.1825823e-04   1.6412852e-06   1.5611287e-05   4.1793304e-05   9.9559051e-40   3.2576911e-05   2.9527483e-03
   1.7697660e-04   1.5034637e-04   4.7264303e-05   1.6290221e-04   4.6894513e-15   6.5847890e-06   7.4931325e-13   2.8173897e-34   5.2875727e-05   2.8463098e-03
   1.5385754e-04   2.8397469e-04   5.5169285e-05   2.2246332e-04   1.6418163e-07   1.8634698e-05   2.6565426e-05   5.2729939e-22   4.1322753e-05   3.4010838e-03
   1.4367737e-04   1.4945955e-04   5.0828578e-05   2.7501479e-04   1.8582375e-05   2.5088150e-06   9.3103680e-14   1.3142336e-24   4.0386892e-05   3.4490675e-03
   1.7558133e-04   6.5380663e-05   7.0448468e-05   2.0790337e-04   3.1954877e-10   7.8367939e-06   2.2578806e-07   1.7744223e-35   3.9939825e-05   2.6205686e-03
   1.9549756e-04   1.0008550e-04   5.6592937e-05   2.4211621e-04   2.0875685e-29   2.5799945e-05   1.0603964e-04   1.2206552e-51   1.9650193e-05   2.2655140e-03
   2.5261167e-04   2.1350073e-04   6.3900240e-05   2.3823069e-04   3.2372377e-22   1.7056280e-05   2.4602157e-05   1.3294811e-46   3.2993805e-05   2.0504966e-03
   1.2355664e-04   1.1972915e-04   5.4497228e-05   1.6232443e-04   7.8879826e-36   2.9502523e-06   1.0159722e-04   8.9773547e-59   3.1750753e-05   3.0576409e-03
   4.5184275e-05   3.5424941e-05   5.4525067e-05   1.5167039e-04   2.4557015e-33   2.2201125e-05   1.8040123e-04   5.0568412e-47   1.3343354e-05   3.6582651e-03
   1.0214793e-04   1.0752788e-04   4.6587357e-05   2.1109727e-04   2.1632023e-33   5.4210395e-05   1.7294859e-04   7.3755281e-38   1.5058734e-05   2.7363329e-03
   1.9667701e-04   1.1574853e-04   8.5558099e-06   2.7323629e-04   1.8320137e-36   2.5640743e-05   1.5716211e-04   3.3816704e-47   3.9646435e-05   1.9012886e-03
   1.4102696e-04   1.6625591e-04   4.1871840e-06   2.1107791e-04   2.2234072e-42   8.1260145e-07   1.7607615e-04   5.8632063e-66   4.3113860e-05   2.2818329e-03
   1.4560193e-04   4.0118888e-05   5.6039504e-06   1.8935563e-04   1.7971572e-45   4.2912865e-05   1.3381364e-04   4.3948713e-50   3.9549501e-05   2.6198125e-03
   6.6578866e-05   6.1538211e-05   1.2876332e-65   1.8192438e-04   4.7557086e-44   7.8792602e-05   1.4488568e-04   2.6066523e-41   2.5731233e-05   3.0452785e-03
   6.5311185e-05   1.0769614e-04   1.8836991e-05   2.5075333e-04   2.8045555e-58   5.3144080e-05   2.9946589e-04   7.8758302e-45   4.3307656e-06   2.8556784e-03
   6.6574161e-05   9.2456390e-05   2.5482712e-05   1.9310161e-04   3.4826564e-59   5.0069987e-05   2.6857166e-04   3.1218751e-33   1.3195166e-05   3.2066074e-03
   9.6280154e-05   6.6936276e-05   1.6649807e-05   9.3554951e-05   4.3135377e-47   4.3391629e-05   1.6298975e-04   7.0890761e-29   1.3246704e-05   2.7497217e-03
   3.8512200e-05   3.9833883e-05   4.9164074e-06   1.5062855e-04   5.2428178e-16   4.8194179e-05   9.0110883e-05   2.2333169e-35   1.1725851e-05   2.9662908e-03
   6.2017359e-05   4.8869597e-05   2.8532453e-05   1.8018558e-04   6.0400175e-12   5.9762394e-05   1.6575262e-04   6.8274934e-37   1.0345346e-05   3.8945565e-03
   5.8831247e-05   9.6159136e-05   5.6436354e-05   1.2897745e-04   6.3370309e-11   2.0104989e-05   1.5980452e-04   8.3628883e-42   8.9208210e-06   3.9666763e-03
   5.8311850e-05   5.1925121e-05   1.0569524e-04   7.8313750e-05   2.9087829e-16   6.3063152e-05   1.1872708e-04   5.7701332e-53   1.1064331e-06   3.9005967e-03
   2.9425633e-05   5.7016149e-05   1.4706616e-04   3.3966944e-05   2.9383914e-36   4.4466869e-05   4.4669080e-05   6.3146212e-37   9.7844807e-06   3.8313957e-03
   4.9127373e-05   1.0953359e-04   1.5265974e-04   1.1792734e-04   5.5176932e-11   1.7562288e-05   3.9498937e-05   4.4663538e-30   9.3686221e-06   2.7282301e-03
   8.2742783e-05   3.8041417e-05   1.4046694e-04   9.8463874e-05   4.0735708e-25   2.5705988e-05   9.6947321e-05   4.4135379e-35   1.1268113e-05   2.5432384e-03
   2.8335639e-05   1.2270801e-04   1.1913370e-04   4.5743543e-05   4.8541981e-37   1.3291605e-05   7.6416173e-05   4.7517739e-30   1.5322125e-05   3.3218377e-03
   2.6609132e-05   1.1549100e-04   8.1882925e-05   9.9491867e-05   1.2458707e-52   1.5033911e-05   1.0172849e-04   3.7794755e-26   7.5244163e-06   2.9109303e-03
   1.6351829e-05   2.5497210e-05   6.0066214e-05   1.0046534e-04   1.0472866e-26   3.0644502e-05   8.7616060e-05   3.5843887e-24   8.4774048e-06   3.8071285e-03
   1.8800525e-05   1.0258108e-09   3.9550749e-05   3.0013260e-05   3.9929956e-28   6.6084149e-05   1.0495036e-04   6.2335776e-20   1.4088878e-05   5.7250401e-03
   2.3454070e-05   1.5683744e-08   2.7796545e-05   3.1229162e-05   8.0389689e-15   4.9594491e-05   5.6545875e-05   2.6190146e-24   1.1358178e-05   5.2547745e-03
   1.6424779e-05   1.5022125e-05   3.4799178e-05   4.7509005e-05   1.3033182e-23   4.5384517e-05   9.9985606e-05   9.5354707e-43   7.5367683e-06   4.1578598e-03
   3.1755177e-05   8.4353528e-05   1.3594519e-05   1.5379498e-05   3.1887204e-16   1.5654778e-05   5.3690407e-05   1.0264410e-48   1.4196000e-05   3.3357163e-03
   5.0935967e-05   5.5063899e-05   1.1888812e-05   8.1082370e-05   1.8370636e-19   1.2722469e-05   5.7387316e-05   1.0466738e-39   8.6189987e-06   2.2727358e-03
   4.5128354e-05   3.0978829e-05   8.1640006e-06   8.9518053e-05   2.0746932e-39   1.2542543e-05   7.8777048e-05   1.6812256e-39   5.2845253e-06   1.9559424e-03
   4.3244335e-05   8.8065581e-05   1.5311916e-05   4.3836507e-05   8.6881815e-56   3.0507949e-05   5.7155868e-05   1.5153497e-31   5.8496618e-06   1.5143895e-03
   2.9618945e-05   4.1495371e-05   8.7359251e-06   4.1320709e-05   3.8666068e-16   3.3400786e-05   5.2345250e-05   3.7926727e-33   6.0330647e-06   3.0182720e-03
   3.5985893e-05   2.4856537e-05   5.2884618e-39   3.1245719e-05   5.3155982e-05   4.1293116e-05   2.1932211e-05   1.9936658e-29   6.0710982e-06   4.3021946e-03
   4.9092089e-05   7.8401005e-09   4.9955100e-06   3.5326300e-05   4.5072514e-05   6.7367106e-05   6.7926022e-05   1.2554514e-47   4.5895760e-06   3.6366206e-03
   3.6512069e-05   8.5113428e-11   3.7609702e-06   3.1103547e-05   4.9184684e-05   6.8717107e-05   3.7642052e-05   4.9180067e-43   6.1009062e-06   3.2178918e-03
   2.4347180e-05   6.9308919e-05   4.8131430e-06   2.8108388e-05   2.5592179e-05   4.5994522e-05   4.8264721e-05   4.3523740e-31   5.5944714e-06   3.7663662e-03
   1.9967851e-05   4.8103503e-05   9.6304222e-06   4.0186431e-05   5.7153819e-05   2.9838742e-05   3.6071471e-05   3.2270270e-29   3.0711901e-06   4.0604637e-03
   1.8895492e-05   4.2387790e-06   7.4603175e-06   2.4399731e-05   5.7432530e-05   3.4722475e-05   2.5873975e-05   3.5845423e-25   2.3865731e-06   4.2532231e-03
   1.6686785e-05   3.1872294e-05   9.8108281e-06   9.2662456e-06   2.3079078e-05   1.7818604e-05   1.9838389e-05   3.5288908e-22   4.4169057e-06   3.7746364e-03
   1.6357233e-05   3.5546339e-05   1.2440052e-05   1.3494478e-05   1.6743845e-05   8.5015985e-06   1.8475373e-05   2.1933024e-20   5.2195598e-06   3.6794808e-03
   1.8298136e-05   1.8967610e-05   6.6039077e-06   4.3134995e-06   9.6962913e-13   1.3354261e-05   1.7074622e-05   5.6557040e-17   6.2795641e-06   4.0620016e-03
   8.2289870e-06   2.0804230e-05   6.8236087e-06   1.0484240e-06   3.8761165e-07   1.7489637e-05   3.1504688e-05   4.2191872e-15   6.2681234e-06   4.2534756e-03
   3.6994571e-06   2.6540953e-05   6.1470870e-06   9.9201251e-06   3.0380661e-05   5.2098979e-06   2.4970895e-05   8.9026885e-27   6.0291276e-06   3.4518844e-03
   2.0290449e-05   1.7458468e-05   6.9057886e-06   5.1165228e-06   1.1963010e-05   6.3535446e-06   2.1340648e-05   1.3036260e-19   8.2423158e-06   2.7298211e-03
   1.6857980e-05   1.2061481e-05   2.6830834e-06   5.0500345e-06   1.1301836e-05   1.0477758e-05   9.6451628e-06   7.5897177e-23   9.5985127e-06   2.7187329e-03
   6.2908393e-06   2.3128928e-05   6.7249334e-06   5.2212168e-06   9.6214097e-06   1.1496582e-05   2.5672151e-05   2.5607164e-24   5.9473502e-06   2.8546014e-03
   6.0650239e-06   1.9354010e-05   3.7359203e-06   1.1031630e-06   1.4952421e-08   1.3092002e-05   2.7429245e-05   7.7354156e-27   5.2307048e-06   2.7468628e-03
   4.5686737e-06   2.0459824e-05   9.4491198e-06   1.6558550e-11   1.8744473e-14   1.7290259e-05   2.2291787e-05   3.0781214e-32   5.1485251e-06   2.1028421e-03
   8.1638723e-06   3.1119258e-06   5.0393694e-08   6.7745182e-13   4.0556301e-13   1.3764665e-05   1.1206103e-05   2.1520632e-29   7.4524382e-06   1.8173348e-03
   8.6332136e-06   2.0220864e-06   1.1021123e-05   1.4149736e-12   5.4169279e-16   1.1513480e-05   9.5659238e-06   6.0851233e-24   8.3332785e-06   3.4937208e-03
   1.2017588e-05   5.1999329e-06   8.3232040e-06   4.6187504e-08   1.3695646e-63   1.1381393e-05   4.5803386e-07   4.3094074e-28   8.1727070e-06   4.1504771e-03
   9.6645121e-06   1.7452640e-05   6.2355889e-06   5.0819522e-14   2.1774592e-32   6.8089978e-06   2.6068034e-05   5.7448175e-28   6.5124433e-06   2.9196517e-03
   1.6864158e-05   8.9614821e-06   3.9408959e-06   8.9847221e-14   1.6010886e-14   4.3848828e-06   2.5418496e-05   1.7158612e-30   6.5206290e-06   2.2109609e-03
   9.7169931e-06   6.7729382e-06   1.1913546e-06   6.2482246e-07   2.0496629e-05   4.0871731e-06   1.1161408e-05   1.0456418e-20   5.5724360e-06   2.8031414e-03
   4.4312168e-06   4.5443439e-06   4.1998665e-08   2.2688669e-25   2.8134281e-05   3.2271737e-06   2.2151218e-05   6.1681860e-33   1.8453477e-06   3.4877835e-03
