   2.1272546e-03   1.6664737e-04   2.9295928e-03   6.0182452e-03   9.8330386e-02   1.7978051e-03   2.9609100e-03   8.4042212e-08   3.4401774e-04   7.1588294e-04
   1.6516026e-03   3.4270744e-04   2.4145506e-03   4.6244075e-03   9.4004621e-02   1.5611343e-03   1.7774101e-03   1.8940980e-03   3.4938365e-04   5.1715969e-04
   8.4889911e-04   1.3527166e-04   1.6619027e-03   2.7996867e-03   6.0621301e-02   1.0597029e-03   3.5100767e-04   1.9296081e-03   3.1870015e-04   3.8533260e-04
   5.1936283e-04   9.8414062e-05   9.3407193e-04   3.6208372e-03   6.3059709e-02   1.0613257e-03   3.8328095e-04   7.8495189e-04   2.6044636e-04   1.6743353e-04
   5.5494616e-04   2.6336531e-05   5.8763026e-04   8.1527356e-03   5.2340382e-02   6.9791319e-04   3.5105588e-04   1.5379111e-03   1.4330992e-04   1.5025865e-04
   6.4770751e-04   5.5907177e-05   3.0416532e-04   1.0779659e-02   3.4318694e-02   2.9850541e-04   3.6031545e-04   2.0804544e-03   3.0967707e-05   1.2295888e-04
   8.2774883e-04   1.1637406e-04   9.0834433e-04   1.1340155e-02   3.0910920e-02   5.8894819e-04   1.8930611e-04   1.4752867e-03   1.0874953e-04   1.0339734e-04
   1.2322913e-03   9.3731455e-05   1.5661388e-03   1.5446060e-02   2.5865176e-02   4.2443988e-04   2.1558361e-04   8.5229177e-04   8.6524289e-05   1.7890113e-04
   2.8640404e-03   5.5289933e-05   7.6138757e-03   6.0344009e-02   2.5718879e-07   3.7368965e-04   6.9044873e-09   1.9871973e-05   6.5665922e-06   2.1034574e-04
   3.3088983e-03   1.4838246e-07   4.2185679e-02   1.8133070e-01   1.0242086e-16   9.8008706e-14   2.7850526e-04   4.7801011e-04   6.0087132e-05   6.3573892e-05
   8.4233067e-03   5.3526351e-05   5.5645183e-02   1.5654459e-01   6.1137369e-15   3.5140983e-05   1.4220331e-03   1.1925391e-03   1.4825918e-05   1.0414617e-04
   1.9333367e-02   2.3105729e-04   2.5184377e-02   5.3989984e-02   1.5240060e-02   1.1321863e-03   3.2941207e-03   1.6324400e-02   9.2005092e-05   1.1026428e-04
   1.1438411e-02   1.4826233e-04   1.9528242e-03   9.3621826e-03   2.9109151e-06   9.1950148e-03   3.1049075e-03   1.0421778e-01   3.9691301e-04   3.9689006e-04
   3.3003313e-03   1.1302033e-19   2.4986444e-04   3.2955091e-08   1.7608370e-17   9.7996435e-02   1.0190820e-03   8.0231902e-02   2.0819746e-03   1.0318093e-03
   7.0328833e-09   4.2501739e-03   4.4713571e-30   2.4317396e-13   1.7366662e-23   1.6596584e-01   5.9051450e-05   1.7684302e-02   1.3824134e-02   5.3268576e-03
   1.0152063e-31   3.8835894e-02   4.6809820e-30   9.5996838e-03   1.7350593e-20   9.1397656e-02   1.8720330e-03   3.7055627e-26   1.3507931e-02   2.6891524e-02
   3.3846485e-32   8.7930773e-03   2.0084137e-05   2.6313987e-02   4.1950896e-17   8.2758256e-03   2.2325369e-14   2.0332785e-09   1.3823961e-03   8.8449257e-02
   4.3735773e-15   2.1858004e-25   7.1067091e-04   5.3912727e-02   3.3264910e-17   3.5910782e-03   4.0422892e-22   7.1326174e-11   7.1399631e-05   6.6435330e-02
   1.6850399e-03   3.1856671e-26   1.9401518e-02   1.1465672e-01   1.4726541e-19   4.8492550e-03   2.7714030e-08   4.3620226e-07   3.7986260e-07   2.2148471e-02
   2.8137671e-03   2.9580237e-21   5.0155068e-02   1.2945492e-01   4.2494901e-24   4.0465391e-03   4.0587662e-14   3.1065319e-06   5.0586093e-04   3.3999068e-03
   4.2924885e-03   5.2676706e-05   4.5497360e-02   6.7332250e-02   1.8608874e-27   2.8472300e-03   1.0848927e-11   1.0862489e-09   4.5371601e-04   1.5021450e-03
   7.6684206e-03   3.3549197e-07   1.8268031e-02   1.1400081e-02   4.7880383e-03   1.8539392e-03   1.0735664e-04   7.3158528e-04   3.3362908e-04   9.7287702e-04
   1.0676739e-02   5.0956981e-07   9.1884720e-03   7.4938919e-04   2.2436278e-02   2.6334709e-03   1.7513094e-04   3.5890950e-03   2.4245907e-04   7.4692762e-04
   9.8738438e-03   3.2635476e-04   5.0762936e-03   1.5140278e-03   1.3204550e-04   2.4031879e-03   1.7820396e-05   1.2728480e-02   2.7959294e-04   8.7933813e-04
   7.3418595e-03   3.9104190e-04   1.7342468e-03   7.9792257e-04   1.0586492e-20   3.2556292e-03   1.3019424e-05   3.1037078e-02   1.6179043e-04   1.0127012e-03
   2.4020004e-03   8.2157402e-04   1.4368978e-03   7.8494251e-04   1.5455986e-22   6.2509812e-03   9.9053750e-05   7.0528553e-02   5.9255320e-04   1.0289770e-03
   2.4828932e-13   7.2716964e-04   2.2222528e-03   1.3217423e-11   2.4842422e-31   2.0689968e-02   7.3604882e-12   8.1341523e-02   1.1591307e-03   1.0089197e-03
   1.2853765e-03   1.1649949e-03   6.1162726e-03   2.6662823e-26   2.1585748e-32   6.5264370e-02   3.0214101e-18   2.9443191e-02   2.1634113e-03   8.9919332e-04
   5.6055289e-16   1.0478615e-04   3.2749108e-02   3.6990262e-22   4.8280969e-37   7.5913419e-02   4.7443436e-42   3.6690502e-15   1.2505722e-02   1.3785547e-03
   5.7349507e-20   2.7617231e-02   5.4559456e-02   2.0906465e-16   2.1752495e-39   3.8843752e-02   6.7492785e-35   1.1952213e-19   2.6407415e-02   6.8002767e-04
   4.3388654e-12   8.1005402e-02   3.4982800e-02   4.8422067e-17   3.9808880e-27   1.5068376e-02   6.7241097e-16   8.3375283e-18   2.0733996e-02   7.7135521e-03
   2.8445793e-03   1.4276621e-01   8.8120343e-03   4.3574720e-16   1.7920967e-21   6.6643072e-03   2.8467929e-10   2.5749239e-15   7.0744894e-03   1.9124957e-02
   2.1126462e-03   1.0947268e-01   5.7001102e-27   2.0595849e-34   9.6523454e-47   7.4002688e-04   9.8346737e-05   3.3725676e-18   6.1289017e-04   5.5804177e-02
   3.1413210e-03   2.9697548e-02   3.3893659e-21   6.6722933e-40   1.4690088e-48   2.2167853e-15   1.4116277e-21   1.6737269e-21   8.5539557e-23   7.6851215e-02
   5.8681692e-03   1.8153477e-07   3.6726299e-05   1.0507574e-27   2.2892747e-30   1.4411635e-14   5.3775451e-06   4.9251979e-04   4.1209935e-05   4.8623238e-02
   7.9227468e-03   4.2041438e-17   1.7461931e-04   1.8207610e-07   5.7194033e-18   9.4682006e-04   1.9524716e-04   3.1791600e-03   2.8769814e-04   1.7099798e-02
   7.0391361e-03   1.8184347e-03   6.2289920e-04   1.7152868e-03   9.0984058e-03   2.2190916e-03   1.4694053e-04   7.6592521e-03   3.2384096e-04   3.3619568e-03
   5.9505341e-03   1.2565710e-04   1.3572263e-03   8.0973886e-04   3.4769961e-03   1.4134290e-03   1.5605941e-04   2.0188779e-02   9.4161544e-04   1.5234448e-03
   4.2165083e-03   9.6904368e-04   2.5609655e-03   1.0692784e-03   5.6253578e-13   1.4906336e-03   4.1914481e-04   4.5322998e-02   1.0122188e-03   4.5751969e-04
   4.2121333e-03   6.7259095e-04   1.9645637e-03   7.2415316e-05   1.5404921e-25   2.2732055e-03   1.4577097e-20   6.4623323e-02   2.2032371e-03   2.6131156e-04
   4.3331368e-03   1.0426282e-05   1.1550647e-03   2.6337939e-22   5.4982008e-30   1.1345965e-02   1.8287067e-30   5.0949445e-02   1.9389684e-03   3.7171731e-04
   4.1432787e-03   5.4281129e-44   1.2916512e-04   2.1787637e-30   2.2930685e-27   2.2410546e-02   3.8482612e-33   1.9705190e-02   6.6940287e-03   2.3726570e-04
   3.7023132e-03   5.8529627e-10   1.2854452e-42   5.5608391e-49   5.1814603e-37   2.0295348e-02   1.4914572e-47   4.2177087e-03   1.8916573e-02   2.2984551e-04
   3.0569880e-03   1.1871058e-12   9.3289100e-54   2.2137545e-34   1.2553568e-33   6.1082581e-03   1.3510737e-39   3.4764069e-09   3.8589680e-02   6.4702875e-05
   4.8133105e-03   2.4801336e-04   4.2720159e-52   1.3603479e-11   5.9306289e-27   7.5539007e-12   2.8326816e-26   2.4855013e-20   3.9163732e-02   1.8629800e-05
   8.4072486e-03   5.4361491e-03   5.7675463e-62   8.6226729e-26   2.3084519e-22   4.1532567e-26   2.6055531e-23   4.6497073e-18   2.8637362e-02   1.1724034e-05
   1.2323386e-02   1.1905332e-02   2.1035674e-44   1.0261636e-28   1.2655977e-22   3.0365847e-15   6.5500011e-14   6.4246980e-05   1.0387768e-02   2.8120169e-04
   1.0590652e-02   1.0337119e-02   4.0918288e-04   8.1554570e-16   2.4822150e-10   5.5572280e-11   1.5490074e-20   1.0780080e-04   3.3972316e-03   9.8871099e-04
   9.7909899e-03   3.4845879e-03   9.4216885e-04   1.1115473e-34   1.4323511e-13   2.7417253e-05   4.0965978e-06   1.0301164e-06   7.9339227e-04   2.1543011e-03
   6.9130903e-03   1.8734684e-04   8.2779733e-04   4.3750068e-17   2.1579279e-08   8.7643631e-10   3.9504633e-20   2.2067885e-03   9.6990107e-04   3.3999038e-03
   9.5097897e-03   6.2300737e-18   3.2262619e-04   5.7132648e-15   3.7777992e-21   2.0463918e-12   1.2155108e-16   7.8997388e-03   6.0336198e-04   3.1774686e-03
   7.8204769e-03   5.5427370e-44   8.0503712e-05   2.8907456e-10   5.5840919e-19   1.1842578e-04   2.8128105e-20   1.4549218e-02   4.1684022e-04   2.2569284e-03
   9.3559878e-03   2.1241355e-50   7.3742853e-06   2.2496395e-04   8.5618330e-21   2.0231366e-04   4.8163921e-28   1.1734882e-02   3.0217948e-04   1.0367125e-03
   1.1551240e-02   2.7105738e-26   1.0263668e-05   4.2260035e-04   1.0363543e-18   2.5909953e-04   1.0542041e-18   5.5461066e-03   2.5783663e-04   3.6089452e-04
   1.2824694e-02   9.7298151e-07   6.6553723e-08   9.3941913e-04   2.7396221e-16   1.2312616e-03   3.6252308e-10   6.1097757e-04   6.1782789e-04   1.2403519e-04
   1.5262920e-02   1.2339590e-16   1.4398974e-05   1.3695469e-03   2.5396492e-23   2.7668693e-03   6.4028356e-08   9.8102411e-10   1.4327147e-03   8.7827360e-05
   1.4885433e-02   7.3940426e-53   3.1519910e-17   2.5714465e-03   1.0419160e-29   2.2779604e-03   5.3231709e-13   7.2665836e-26   6.3629696e-03   1.0698875e-05
   1.1865289e-02   4.7635679e-11   1.4577338e-13   3.0865705e-03   5.5012228e-19   4.4258757e-04   3.3395369e-28   1.0169741e-23   1.1844092e-02   3.9300678e-11
   1.3157708e-02   2.7134317e-04   1.7484494e-12   1.1365315e-03   5.6492997e-13   5.3625166e-17   1.4194302e-04   2.3423088e-21   1.0648006e-02   3.0129096e-05
   1.3007440e-02   1.7247299e-03   3.3513371e-12   1.2644932e-04   2.2481623e-10   3.8862295e-15   4.7746750e-04   1.0041227e-05   5.4116929e-03   8.2847597e-05
   1.2234836e-02   4.5860280e-03   9.8026825e-19   6.7104755e-05   2.0713288e-12   1.7250176e-09   2.1797621e-04   9.9814001e-08   3.2374608e-03   7.9714198e-05
   1.0537124e-02   6.2132517e-03   2.3474491e-29   1.1953134e-04   2.0451188e-05   5.0275801e-08   5.8061467e-04   1.4457624e-04   1.8247150e-03   5.6585194e-05
   9.0927200e-03   5.4876163e-03   3.0283969e-22   1.4558440e-04   7.0380618e-11   4.1471388e-05   4.9699135e-04   3.1297738e-04   8.9302306e-04   2.4017599e-04
   8.8638223e-03   2.9171645e-03   6.1562289e-18   1.0729083e-10   1.4686346e-10   2.2410327e-04   4.9564974e-04   1.5729167e-05   1.9450921e-04   3.8481447e-04
   9.8657094e-03   9.4724720e-05   4.0693608e-06   1.1078152e-28   7.4849756e-25   2.8609069e-06   5.9586254e-05   6.8650812e-03   1.0524884e-04   1.3038823e-03
   9.5518573e-03   1.3920753e-04   3.3969552e-09   4.4288547e-52   4.9869036e-32   2.2529034e-08   1.3658606e-04   1.2562388e-02   9.7364113e-05   1.9245901e-03
   8.8466030e-03   4.2142436e-21   2.7592439e-04   1.4196653e-39   4.4068139e-22   1.5891071e-04   3.0750032e-04   1.2043005e-02   9.4610829e-05   1.7832115e-03
   8.1497183e-03   7.5107760e-37   5.4444264e-04   4.7316791e-52   1.9781076e-18   4.8352543e-04   2.8762163e-04   4.6718651e-03   1.3873145e-04   1.8326950e-03
   7.8020953e-03   5.5481339e-51   4.4231394e-04   9.2298212e-46   1.8406759e-18   1.8050272e-03   3.1323598e-04   2.2702204e-03   1.8493772e-04   1.3620680e-03
   1.0305162e-02   3.7105380e-25   3.2978838e-04   3.0605460e-34   3.0951328e-18   3.4520163e-03   1.0455775e-04   8.6745668e-05   7.4184719e-04   6.6015499e-04
   7.3798830e-03   7.7946579e-11   8.9758666e-06   7.2447426e-25   1.5160049e-08   2.7676680e-03   1.1774346e-04   7.8017888e-05   3.3434253e-03   2.3152862e-04
   6.5873327e-03   3.5926048e-17   1.6241624e-22   4.5950994e-14   1.2076031e-10   5.9095821e-04   8.2791860e-12   1.9402593e-04   7.0797179e-03   1.6139928e-04
   7.4648747e-03   1.3795666e-14   4.8916560e-34   3.0839449e-14   9.8772953e-14   1.8754640e-12   1.1903571e-04   1.8174860e-05   7.1861132e-03   1.3467569e-04
   6.4233171e-03   6.2076437e-04   4.8028653e-26   2.4069689e-07   9.9900998e-15   1.5238802e-09   4.0715567e-04   3.0110978e-04   5.4065918e-03   1.4720975e-04
   8.0197479e-03   2.1342524e-03   1.5527807e-04   2.8693176e-12   6.9081490e-17   6.8016822e-05   6.4044917e-04   5.5325936e-05   2.5996555e-03   1.9124330e-04
   8.4231930e-03   3.4101642e-03   3.5066852e-04   1.7472095e-17   1.1359160e-12   1.2714549e-05   7.9758357e-04   1.6962011e-05   2.0289764e-03   2.1406144e-04
   9.0681701e-03   4.5134964e-03   7.6165398e-04   4.8732061e-31   1.7395519e-13   6.8703523e-07   6.4221086e-04   2.1470181e-05   1.2695754e-03   1.6721910e-04
   1.1040990e-02   5.0971360e-03   6.8082681e-04   4.7656317e-32   5.0736064e-20   3.7519228e-08   5.3780922e-04   2.0347901e-03   5.5762814e-04   1.5191704e-04
   1.0136582e-02   4.8670552e-03   3.1917897e-04   4.3806206e-30   4.9171951e-23   7.4014606e-05   1.9678258e-04   5.1414813e-03   1.7107372e-04   2.9989132e-04
   7.8515709e-03   3.3414099e-03   2.5118516e-04   1.0167905e-21   2.4580035e-15   6.1715833e-05   1.2778371e-04   4.0602512e-03   1.0690076e-04   7.7051771e-04
   9.4082041e-03   1.1597666e-03   3.7434074e-04   1.4208315e-26   8.2209056e-07   3.1226762e-05   1.1579788e-04   1.6883688e-03   1.4323938e-04   1.2992925e-03
   9.5488525e-03   1.4344154e-04   3.0065865e-04   1.0093035e-16   8.6932980e-09   2.3894833e-05   3.0603473e-04   7.9358581e-04   1.6808702e-04   1.7751913e-03
   1.2772953e-02   2.0026950e-25   3.4577457e-04   1.1376873e-17   1.4835067e-15   9.2105256e-04   4.2995494e-04   8.9731944e-05   4.6664817e-04   1.7899887e-03
   1.4592471e-02   4.0277511e-50   1.1035783e-04   1.0650250e-24   5.7960232e-24   3.0856107e-03   1.4590153e-04   4.4138174e-05   7.0964175e-04   1.5553967e-03
   1.3654985e-02   3.5846540e-40   4.9007546e-06   9.1292055e-12   1.5024895e-30   2.5183687e-03   1.2941662e-11   2.5488846e-04   2.1558893e-03   1.8217662e-03
   1.2056442e-02   7.4740434e-34   4.1108416e-04   1.7459015e-11   5.1042647e-37   7.1650452e-04   1.0185625e-04   2.0620488e-06   5.8928961e-03   1.3538760e-03
   9.9031864e-03   2.5899895e-36   5.4497877e-04   1.5496932e-08   7.4325140e-25   2.4814275e-05   1.0709201e-04   2.0191875e-06   6.8648574e-03   5.8849720e-04
   1.0067983e-02   1.8383339e-04   5.2603095e-04   3.8653558e-14   1.8430142e-23   1.2897075e-04   5.0582638e-12   6.3355473e-06   4.5803384e-03   2.7888046e-04
   7.1912609e-03   8.5739942e-04   2.7467620e-04   3.0416317e-14   4.1414059e-14   3.9824742e-04   1.2832203e-04   2.4137816e-04   2.5657894e-03   1.6995900e-04
   1.9631653e-03   1.5133584e-03   1.7932491e-04   6.7726302e-05   4.6885689e-03   8.2433208e-04   5.4254443e-04   3.1314176e-03   1.5530609e-03   1.9360725e-04
   8.6598379e-03   2.8057081e-03   6.4025620e-05   1.2719613e-07   4.3086569e-15   8.7373884e-04   3.0206910e-04   2.6303836e-03   1.3466888e-03   3.2763852e-04
   1.3018390e-02   4.5641242e-03   3.3499866e-14   3.0444781e-27   1.0169968e-17   5.4220315e-04   1.6046622e-04   3.9874431e-03   6.3586232e-04   3.7257202e-04
   8.7782910e-03   5.6436979e-03   1.6051890e-04   5.8027750e-04   3.6590550e-13   2.6107307e-04   1.3883247e-04   7.1757403e-03   7.6342670e-04   3.7861914e-04
   1.2182238e-02   5.8459840e-03   1.1570164e-04   2.2892451e-03   1.5421249e-20   3.4239764e-04   3.4115790e-04   3.1919973e-03   2.7291173e-04   3.5903461e-04
   1.5794581e-02   5.3359674e-03   3.4741381e-04   2.9888106e-03   9.8581828e-22   1.0000711e-03   6.3664247e-04   3.8436093e-05   1.6758009e-17   7.1139549e-04
   1.4498968e-02   4.2487021e-03   6.3331956e-04   1.9208459e-03   3.8245646e-23   2.0041939e-03   3.6648260e-04   2.1068637e-04   3.4430650e-04   1.4089842e-03
   1.0951363e-02   2.0221232e-03   6.2564157e-04   5.9841202e-04   4.4397625e-20   6.1593746e-03   2.1434995e-04   2.8514933e-07   8.6410484e-04   2.1409289e-03
   1.1064608e-02   5.3042571e-14   4.0318484e-04   4.6400110e-11   1.2390449e-27   7.5322503e-03   2.3361717e-07   1.0858285e-10   1.8765421e-03   3.1790849e-03
   1.0299793e-02   3.8000749e-31   1.0157243e-04   1.8877910e-04   6.3134273e-27   5.4831643e-03   8.6240699e-17   5.9480812e-06   5.2360052e-03   3.2224290e-03
   6.0542801e-03   2.8157603e-42   1.0085483e-11   4.7938296e-04   8.5452230e-29   1.2941779e-03   4.1303551e-14   1.9607030e-04   1.1773035e-02   3.2743531e-03
   2.7719206e-03   1.8532352e-45   1.8811660e-16   1.1698422e-03   1.5822447e-22   6.3039558e-06   6.1172044e-10   5.7986278e-20   1.4226751e-02   2.4054841e-03
   5.5911348e-03   8.2593832e-50   1.9341858e-10   1.2567938e-03   1.7378290e-21   7.3631660e-04   1.5503371e-05   2.2488295e-10   9.9397968e-03   2.9991660e-03
   5.4975786e-03   3.1494538e-38   1.8922167e-12   9.6997233e-04   2.9430539e-17   6.5758999e-04   1.1981091e-04   1.5814785e-04   6.6226243e-03   2.6823556e-03
   2.8549738e-03   4.7684722e-11   3.5915683e-04   1.6401399e-03   7.6247069e-08   1.0115918e-03   9.0489182e-05   1.0262873e-03   3.5449313e-03   1.5623598e-03
   2.9719195e-03   8.1687866e-04   8.3528067e-04   1.6963467e-03   3.0182348e-09   1.0455235e-03   2.1457304e-04   1.8536177e-03   2.2774763e-03   8.2001865e-04
   3.6045158e-03   2.0570251e-03   1.2309059e-03   1.0551459e-03   2.9249575e-11   1.2139070e-03   5.0589061e-04   8.9414346e-04   1.7065020e-03   3.0748756e-04
   2.2705445e-03   3.1110033e-03   1.0097485e-03   8.8332371e-04   4.0146347e-13   1.2902016e-03   8.9814761e-04   7.9402356e-04   1.1141863e-03   4.2441173e-04
   1.9127333e-03   3.8768308e-03   7.3409494e-04   9.4312952e-04   1.2203170e-13   9.7814267e-04   1.2653574e-03   2.0708521e-03   5.9769602e-04   4.4191889e-04
   2.5246799e-03   4.3470126e-03   6.4251775e-04   4.4578928e-04   1.1499964e-07   1.9416558e-03   1.9149645e-03   1.1018922e-03   6.1454463e-04   5.3134499e-04
   2.2040677e-03   4.1986061e-03   5.6656214e-04   2.4962651e-11   1.1473584e-07   2.8378531e-03   1.8166665e-03   3.9554243e-04   8.7957771e-04   7.4670591e-04
   1.1042537e-03   3.3644439e-03   6.7156172e-04   6.3429835e-24   1.7811943e-06   5.5191461e-03   9.3056365e-04   4.2189757e-05   1.7469915e-03   9.8225825e-04
   6.8620875e-04   1.7118287e-03   5.7342896e-04   1.6679894e-24   2.3079566e-10   7.6854132e-03   3.1464476e-04   1.4241608e-18   2.0675191e-03   1.6895376e-03
   1.8590963e-04   6.2600915e-04   4.8331502e-04   1.4173450e-07   1.2268441e-22   6.1020149e-03   2.9000583e-04   8.7993593e-19   5.7568612e-03   2.0459449e-03
   3.8648226e-12   1.6471085e-20   4.4080252e-11   2.2090520e-04   9.1196118e-40   1.6263760e-03   3.7882119e-04   3.8065746e-22   1.5442698e-02   2.3730945e-03
   8.3531220e-22   8.1100412e-34   2.7682274e-10   2.8253523e-17   1.5457946e-48   2.2314916e-07   1.2043127e-18   1.1686155e-31   2.1347370e-02   2.8117571e-03
   2.1091267e-16   1.0078596e-42   1.1552908e-04   7.1172269e-31   2.8465977e-42   1.0870010e-10   5.0311799e-07   2.6782753e-34   1.8421664e-02   3.0832694e-03
   4.2025359e-18   1.2473950e-46   4.0528690e-04   1.8575139e-15   1.2942954e-33   9.4795522e-05   9.5660547e-04   2.3243597e-14   1.2745056e-02   3.9785192e-03
   1.7285114e-24   4.3048004e-37   5.1913123e-04   9.3491227e-15   1.7645003e-27   2.6215116e-04   1.1082052e-03   9.2001757e-07   7.8990882e-03   4.1139353e-03
   8.2686456e-30   2.3429787e-30   5.3089833e-04   1.1194101e-25   1.0181765e-32   1.4261650e-04   7.7842356e-04   2.4878127e-19   4.9578321e-03   6.6358746e-03
   3.7690535e-09   1.9277661e-15   5.8828865e-04   3.6995664e-32   2.4867147e-24   4.7274504e-04   1.1402779e-03   4.7804933e-13   2.8320641e-03   6.1758862e-03
   3.0925196e-04   1.1138331e-03   7.7469378e-04   1.5063145e-18   1.4279344e-16   8.1991813e-04   1.3474809e-03   1.5112849e-10   1.4643136e-03   4.0684101e-03
   5.7956515e-04   4.5816822e-03   7.7991486e-04   3.7189679e-14   8.6195481e-15   1.3398460e-03   8.1991048e-04   9.6482990e-05   1.3041054e-03   1.7591812e-03
   6.1724057e-04   5.7991832e-03   1.3199615e-03   8.2490146e-13   3.1844217e-09   1.7792331e-03   9.6086525e-04   2.4067842e-04   4.0896998e-04   1.2746932e-03
   5.5845686e-04   5.8328917e-03   1.4459272e-03   4.4799003e-30   3.4054238e-14   1.8583197e-03   8.1616551e-04   3.4991990e-05   1.3434980e-04   1.9153499e-03
   4.9996590e-04   6.5233063e-03   1.5762308e-03   3.3871491e-35   1.3693902e-10   4.7707022e-03   4.1136001e-04   7.0902762e-15   3.4300235e-04   1.7678291e-03
   3.1102762e-04   6.6193531e-03   1.0868410e-03   1.3145319e-40   3.0984438e-06   7.2165068e-03   1.6383937e-04   2.8248349e-23   4.5206580e-04   3.1543447e-03
   3.0830529e-04   8.5855211e-03   6.5920224e-04   4.6195681e-37   8.1048762e-10   6.1666062e-03   2.2043251e-04   4.0784635e-23   1.1255881e-03   3.2417973e-03
   2.5449747e-04   7.6159039e-03   6.8845013e-04   2.8964700e-33   8.9682474e-29   2.2968330e-03   3.3686845e-04   1.8423377e-31   2.0369403e-03   6.4171936e-03
   4.3012589e-12   5.0516526e-03   2.9978498e-07   1.9891779e-32   3.7293607e-33   5.7506224e-05   4.1383480e-04   2.1312654e-26   5.0325889e-03   6.8331540e-03
   1.0293678e-20   4.9224909e-04   4.9439674e-04   1.4263691e-44   8.0225564e-38   5.2421639e-21   1.4986804e-04   3.2875733e-29   6.0384767e-03   8.6289291e-03
   1.3481856e-31   1.2177431e-14   5.1314879e-04   2.9962777e-39   4.2243432e-38   7.9860974e-22   1.1943423e-04   1.8205278e-27   4.8805899e-03   9.9409098e-03
   1.9711055e-37   2.8144709e-20   6.0080296e-04   5.2451235e-25   1.4908546e-43   2.4430881e-17   2.5128704e-04   5.1644156e-26   4.4361676e-03   1.0734559e-02
   2.4684791e-15   5.9130935e-30   9.5186231e-04   2.4169106e-31   5.6412849e-36   4.6881620e-18   1.3663633e-08   4.9542042e-27   4.3460001e-03   9.3986785e-03
   4.9679457e-07   4.4246571e-27   1.1645105e-03   5.1884016e-41   9.9828807e-39   5.5365929e-18   3.6624626e-04   2.7222924e-34   4.0230316e-03   7.6941658e-03
   4.9523710e-05   5.1094805e-06   2.0180445e-03   1.9863472e-37   3.2983351e-32   4.1096878e-16   4.2360226e-04   4.9581344e-25   3.7619683e-03   6.9387229e-03
   4.6855728e-11   2.5107703e-04   2.0695195e-03   2.5658262e-26   6.1434954e-41   1.0265468e-08   5.3837736e-04   5.5834106e-20   3.0687487e-03   6.5188107e-03
   2.9454743e-09   4.5846571e-03   1.1639996e-03   1.8909287e-25   3.3092628e-20   8.4044516e-05   5.7836023e-04   1.4809976e-18   2.3526802e-03   5.6158515e-03
   2.6002197e-04   7.7893036e-03   2.0309553e-03   7.1261582e-33   1.1021781e-13   5.6327485e-04   5.2539848e-04   2.4381318e-10   1.3071742e-03   2.8780672e-03
   6.5743361e-04   1.1099631e-02   2.0744859e-03   3.1723535e-31   7.6105709e-05   2.3507129e-03   2.3023714e-04   2.2280729e-12   7.5995803e-04   9.9349204e-04
   8.3493857e-04   1.1426105e-02   2.0564174e-03   7.8576785e-31   2.1872229e-07   3.1259788e-03   2.6786634e-04   2.0211683e-07   9.1175506e-04   5.6525137e-04
   3.5967863e-04   1.0084286e-02   3.0134485e-03   2.6743054e-22   1.4854562e-05   2.2610508e-03   9.4064587e-04   2.3538461e-04   1.4218052e-03   5.3604693e-04
   4.1098219e-17   8.1274964e-03   2.7386849e-03   3.4760298e-12   5.4699193e-12   8.8619731e-04   1.2307113e-03   5.1737193e-04   2.2654302e-03   1.0562817e-03
   2.6366565e-19   7.0330398e-03   3.3248126e-03   5.9591665e-17   8.3474095e-19   2.2708397e-04   9.2194280e-04   5.9063221e-04   4.1247969e-03   8.0095850e-04
   1.9189578e-04   6.0601415e-03   3.0773661e-03   4.7543573e-25   1.6757068e-24   1.4648727e-06   3.8567312e-04   2.3628344e-06   6.3108434e-03   1.9189039e-03
   1.5719106e-04   4.7601806e-03   3.5069081e-03   1.2215033e-16   8.1199007e-26   2.1773695e-04   5.4219071e-04   2.9323510e-04   6.5423705e-03   2.1431168e-03
   1.3194378e-15   1.9610003e-03   2.3249792e-03   4.2702913e-09   2.7119561e-14   1.6863730e-04   2.6895814e-04   1.8501366e-10   5.5194841e-03   2.7697139e-03
   2.3136065e-07   7.3746630e-07   3.9292868e-03   1.5106641e-14   4.7557127e-12   1.2329852e-13   3.8576351e-04   1.6319209e-05   4.1273751e-03   3.1587149e-03
   9.6771338e-14   2.0898025e-04   5.3848423e-03   1.4378845e-15   1.6444965e-09   1.7689037e-04   5.3686441e-04   9.3462560e-05   3.4017271e-03   3.4326701e-03
   5.5620942e-04   2.8669433e-04   3.6634907e-03   3.4311364e-12   2.2035430e-08   6.5904672e-04   9.2105540e-04   6.9140613e-05   2.4271063e-03   3.0703590e-03
   1.2841641e-03   6.4947496e-04   5.7738330e-03   7.7748168e-15   1.7127878e-24   1.0406523e-03   4.2026554e-04   2.7959080e-09   2.0761605e-03   2.5704802e-03
   1.1458349e-03   2.2220036e-03   5.9414112e-03   2.0960094e-13   2.3596599e-28   9.1072091e-04   8.6607285e-04   4.6683345e-08   2.2037233e-03   2.6211701e-03
   5.2491957e-04   2.8712154e-03   6.6913177e-03   5.1099444e-18   1.9101338e-21   1.7511153e-03   1.2753928e-03   5.3118735e-05   1.4040748e-03   2.8419073e-03
   3.8908039e-04   3.3957324e-03   7.4385838e-03   5.9476749e-35   6.9704177e-22   3.0564896e-03   1.0596758e-03   2.4173841e-04   1.2563064e-03   3.6025694e-03
   1.0768253e-03   4.8135889e-03   9.2349187e-03   4.2023431e-37   4.3090202e-28   3.1407108e-03   6.0090429e-04   5.4206695e-05   1.1009785e-03   3.0646337e-03
   1.7002503e-03   5.6394511e-03   8.1108348e-03   1.5526185e-25   3.3368814e-26   1.8339670e-03   3.0577845e-04   4.8992884e-04   8.6339214e-04   1.6037745e-03
   1.8966564e-03   5.6791423e-03   5.1116998e-03   8.0184674e-19   1.0994952e-26   8.1618858e-04   5.0576361e-04   1.4409428e-03   2.8012102e-03   6.8037727e-04
   9.6203367e-04   5.6425002e-03   7.0442179e-03   2.8181153e-13   1.7212757e-26   4.2970493e-04   7.7228104e-04   2.6895418e-03   3.3858521e-03   7.1857561e-04
   2.2297250e-04   5.2616149e-03   5.0047894e-03   1.6745176e-10   2.8959714e-30   1.9862563e-05   6.3012113e-04   1.8743513e-03   6.3964021e-03   1.2943610e-03
   3.6002704e-04   5.1132774e-03   5.7868617e-03   2.1654225e-05   3.0334280e-26   2.6428100e-04   7.6825865e-04   5.5741933e-04   7.7568505e-03   1.2492111e-03
   8.0012128e-04   3.3120390e-03   7.3013732e-03   9.3050081e-07   9.0336164e-28   1.9461263e-04   7.3176607e-04   3.8102662e-04   7.4684977e-03   1.9780198e-03
   1.6746976e-03   2.3907538e-03   5.0223399e-03   1.4957685e-04   4.0931307e-30   1.5874998e-04   4.5149077e-04   2.4031473e-04   6.8009220e-03   2.7225166e-03
   1.7550309e-03   3.9546928e-04   6.7767658e-03   1.7176817e-15   5.8704068e-26   6.7140161e-11   5.0496954e-04   8.0721254e-04   6.0145504e-03   2.9107178e-03
   1.0196673e-03   1.0110947e-03   6.1241214e-03   7.4333235e-33   2.6199968e-27   1.9837499e-04   8.1360104e-04   1.8770040e-05   5.1477591e-03   3.9613154e-03
   1.2010586e-03   4.1379503e-06   6.0746766e-03   1.6524854e-28   1.9962275e-25   5.0527908e-04   7.0952199e-04   1.8902163e-21   4.4796854e-03   3.9446850e-03
   1.8095475e-03   2.7968167e-03   4.7323942e-03   1.8307681e-15   2.4062989e-36   2.0312877e-04   6.2371600e-04   7.4761020e-04   3.8420364e-03   3.8633144e-03
   3.1179221e-03   3.1276308e-03   4.8213307e-03   2.1754718e-13   9.5039668e-36   1.5062390e-03   3.4278853e-04   9.0518527e-04   3.3971190e-03   3.2738021e-03
   3.0336615e-03   3.9393765e-03   6.4825411e-03   4.9580509e-18   3.9826789e-35   3.3446409e-03   2.2917992e-04   6.5506110e-04   2.7523253e-03   2.7102298e-03
   2.3167712e-03   6.3018304e-03   6.5573884e-03   1.0669243e-20   2.8947025e-20   3.6442959e-03   6.9315408e-04   6.3980033e-04   1.3456784e-03   2.0073632e-03
   3.0682416e-03   6.5477416e-03   6.1327812e-03   1.3655706e-20   1.5218129e-27   2.4424983e-03   3.4050300e-04   9.4539880e-04   1.9060552e-03   2.9403495e-03
   3.7430790e-03   8.2400513e-03   6.2155205e-03   8.7220730e-05   5.4467463e-30   1.6367531e-03   8.3233996e-05   7.8494512e-04   3.3756912e-03   2.8959023e-03
   4.4794527e-03   9.4790202e-03   5.6791158e-03   1.3974194e-04   1.8565248e-34   4.2005569e-04   4.9723764e-04   4.1654191e-04   5.2111106e-03   2.6403091e-03
   5.6240464e-03   9.4726957e-03   3.5331849e-03   9.6469775e-16   2.3976853e-45   1.9478322e-04   6.0446024e-04   3.7022716e-04   4.8870658e-03   2.2279501e-03
   4.4486903e-03   9.5063475e-03   4.9077230e-03   4.2691026e-04   4.9823508e-30   1.9097591e-04   5.3651491e-04   2.5813894e-04   7.9270974e-03   8.1941650e-04
   1.7638743e-03   6.2920184e-03   6.3402911e-03   1.6088321e-04   2.0919636e-29   3.2730781e-19   2.2132551e-13   2.8107947e-19   1.1782340e-02   2.4934775e-03
   5.1312621e-03   9.3392604e-03   5.8672968e-03   2.9875339e-24   9.2445163e-40   8.0562300e-11   3.5061392e-06   2.0621762e-07   1.1840157e-02   2.2749103e-03
   7.0963917e-03   6.4983867e-03   4.3101203e-03   9.2286642e-28   2.0303286e-42   1.1165466e-13   2.5381872e-07   1.7948211e-05   1.1748473e-02   3.1624493e-03
   6.8086829e-03   3.7175809e-03   3.1496827e-03   1.0420613e-24   6.7106481e-44   7.0329851e-11   6.8399698e-04   4.6538914e-05   8.9243318e-03   4.8787224e-03
   6.8585367e-03   1.9150895e-05   6.5028319e-03   7.0431458e-19   2.5794302e-36   5.6020441e-10   7.8951632e-04   8.7426658e-04   6.2005909e-03   3.9208555e-03
   6.7758124e-03   1.4109717e-03   7.3684250e-03   7.1475583e-18   3.1957553e-31   1.9852951e-16   4.3600631e-04   1.4461403e-03   4.5794763e-03   4.3855149e-03
   5.3194713e-03   8.1997974e-04   7.0849787e-03   1.7835328e-15   2.8764891e-31   1.0556919e-08   8.8910113e-04   1.7107854e-03   3.4739164e-03   5.3616037e-03
   3.4249546e-03   1.8988585e-03   6.5126764e-03   4.8026196e-23   2.4614739e-28   4.0623352e-04   4.0813604e-04   1.8775989e-03   2.7273398e-03   5.6314301e-03
   3.2303094e-03   2.2633366e-12   7.4251326e-03   6.9554026e-26   2.2204904e-29   1.6521851e-03   1.0293620e-04   2.0640630e-03   2.4235570e-03   3.9866314e-03
   3.1855616e-03   4.6246155e-04   7.1628815e-03   6.3915167e-41   1.0234564e-27   1.2316336e-03   2.5234410e-04   1.9940199e-03   1.6610440e-03   3.1213636e-03
   2.5590395e-03   3.7008910e-03   4.3345891e-03   1.4223507e-28   4.5892392e-17   7.9086171e-04   6.3182808e-04   2.0212735e-03   2.0564458e-03   2.6009109e-03
   3.0830638e-03   4.4518493e-03   3.2289614e-03   2.0489956e-16   2.3570222e-15   5.6934906e-05   1.2362117e-03   1.6404629e-03   1.9023439e-03   1.8838120e-03
   2.9523568e-03   2.5528866e-03   2.3968214e-03   4.6899136e-22   2.8847979e-21   3.6973236e-05   1.7249165e-03   4.1550063e-04   2.7064365e-03   3.1863668e-03
   1.5605679e-03   1.3618749e-03   1.3631053e-03   5.0876217e-16   8.2946829e-16   8.0510575e-09   1.0957544e-03   3.3219775e-04   3.4590340e-03   3.5759320e-03
   9.2764546e-04   9.0769653e-04   1.7310516e-03   4.6359421e-17   5.5762279e-14   4.7065327e-16   1.0245363e-03   1.2830616e-03   2.8241057e-03   2.6817326e-03
   1.9891892e-03   9.1722113e-04   2.2370111e-03   4.4416869e-14   2.0228486e-08   1.3822681e-04   8.7156945e-04   1.1328968e-03   1.6973832e-03   1.7237140e-03
   2.1997190e-03   1.0281061e-03   1.2667676e-03   7.4608980e-18   1.0394658e-04   2.9289572e-04   1.3806172e-03   9.9196552e-04   1.6265225e-03   1.0242849e-03
   1.7502944e-03   8.4592758e-04   3.1599305e-03   4.2915259e-26   2.0053734e-04   3.4089500e-04   1.8108961e-03   2.4484024e-04   1.6180155e-03   7.1149467e-04
   2.0759663e-03   7.2183121e-04   3.5992088e-03   1.6371850e-29   4.1225049e-04   8.2973690e-04   1.3868306e-03   4.0459436e-05   1.2090549e-03   6.4550439e-04
   2.0244835e-03   3.0954360e-04   2.4530250e-03   2.8568017e-36   1.1629079e-05   4.9273869e-04   1.2576200e-03   9.2215924e-04   6.4430195e-04   1.0550551e-03
   1.4027082e-03   1.6134249e-04   2.9734375e-03   4.3666192e-37   5.1369020e-09   1.3531433e-03   6.2626571e-04   1.7480668e-03   1.5234493e-04   1.4713557e-03
   1.0829433e-03   1.5096045e-30   2.3424614e-03   4.1715184e-36   6.9033268e-04   1.8774127e-03   8.7314558e-04   2.1020492e-03   2.4500032e-04   9.3037938e-04
   1.4192156e-03   1.4633398e-04   1.9200585e-03   1.1603937e-45   4.3912628e-06   1.4788346e-03   9.5430432e-04   1.8446838e-03   3.3534421e-04   1.2233470e-03
   1.7457821e-03   5.1484357e-12   1.3618314e-03   3.9151156e-41   8.6899878e-13   7.0639596e-04   1.1206111e-03   1.7896970e-03   1.7016641e-04   1.1526047e-03
   1.6301769e-03   7.6590621e-07   1.8758274e-03   6.5314358e-35   1.0955306e-06   3.9830317e-04   9.1682433e-04   1.1821437e-03   6.3918816e-04   1.0365901e-03
   1.6097858e-03   2.0219113e-05   2.0811976e-03   3.5109461e-39   1.5640371e-06   2.3378537e-04   8.3556047e-04   3.1406161e-04   1.2359392e-03   1.0723194e-03
   1.5634961e-03   1.7292177e-04   1.4212835e-03   2.3400346e-26   5.6991884e-05   6.3877219e-05   5.6829718e-04   4.2308390e-04   1.4616820e-03   1.0930372e-03
   8.0270490e-04   1.1375224e-03   1.1607118e-03   9.6119182e-25   5.4429010e-08   5.6622310e-07   8.0377268e-04   3.4586304e-04   2.1271382e-03   1.0718504e-03
   9.6613329e-04   1.7265417e-03   9.3021930e-04   3.9242366e-23   7.5839773e-06   1.1830972e-05   1.3659512e-03   2.4343317e-04   2.2463197e-03   8.2525760e-04
   1.4169668e-03   1.3650567e-03   3.6113027e-04   2.1311299e-19   5.4534072e-11   6.0797681e-05   9.0713824e-04   5.9406742e-04   1.9327194e-03   7.1722264e-04
   1.5812178e-03   9.7232990e-04   3.5260777e-04   3.4803090e-22   1.0432589e-03   5.0732910e-04   1.1500360e-03   8.5523534e-04   1.2261123e-03   3.6793117e-04
   4.9109989e-04   5.8810082e-04   5.8151072e-04   5.0172013e-17   1.9498733e-03   5.6048340e-04   1.5867161e-03   1.0901032e-03   1.0935136e-03   4.0379964e-04
   8.3942058e-04   9.9352314e-04   8.8816394e-04   1.8953065e-19   1.8377193e-03   4.8580243e-04   1.2076294e-03   5.6200243e-04   8.5298009e-04   5.3082062e-04
   1.5593820e-03   1.0199781e-03   1.0171021e-03   8.8719067e-19   2.7359202e-03   5.4854167e-04   7.0093368e-04   7.8860119e-04   5.6672277e-04   7.8134041e-04
   1.4031022e-03   1.0721224e-03   1.7096268e-03   1.9818807e-26   3.7462186e-03   1.5699283e-03   9.6494212e-04   8.1697396e-04   6.9956191e-04   2.2363718e-04
   9.0587127e-04   8.7350345e-05   1.2752238e-03   7.6545676e-31   2.4315477e-03   1.5582227e-03   8.5179515e-04   1.4778812e-03   9.5488787e-04   8.0825200e-04
   7.2415172e-04   7.6830998e-04   1.8317126e-03   1.0094743e-34   1.0654273e-07   7.2816604e-04   1.0972825e-03   2.7773362e-03   7.8523911e-04   9.1597830e-04
   7.5869480e-04   4.2643719e-04   1.9932837e-03   2.0038179e-29   2.9962472e-05   4.2939395e-04   1.3570596e-03   1.6879980e-03   8.2265031e-04   7.4242409e-04
   7.7242707e-04   2.0618238e-04   1.1989742e-03   1.2833059e-14   2.8140964e-03   5.3416741e-04   9.7281281e-04   6.2884349e-04   8.1199985e-04   1.0338809e-03
   5.4384272e-04   6.1108186e-05   9.5639234e-04   3.7911193e-05   1.8541390e-03   4.3320260e-04   7.1291745e-04   5.4398575e-04   1.1329065e-03   1.2732832e-03
   1.2029390e-03   3.8806150e-04   5.5732776e-04   6.6730877e-06   1.3155949e-03   3.2437542e-04   8.2063045e-04   2.6460076e-04   1.2606990e-03   1.2908447e-03
   7.4986725e-04   7.0885171e-04   3.0646965e-04   2.1352107e-04   2.5857438e-03   3.7975845e-04   9.0628807e-04   7.1122820e-04   1.5307422e-03   1.1715569e-03
   9.5109012e-04   7.4274209e-04   7.7067042e-04   1.7730430e-06   4.3608787e-03   3.3167295e-04   6.8815149e-04   1.3049594e-03   1.1432423e-03   1.3082745e-03
   9.3950283e-04   1.9763494e-04   5.6186118e-04   3.4242609e-07   1.6458343e-03   8.6083227e-05   3.3295780e-04   1.7135100e-03   1.6050346e-03   1.5240694e-03
   7.9854619e-04   1.6516426e-04   9.4671636e-04   2.2368440e-04   3.2586683e-03   2.2754126e-05   4.6974128e-04   1.5214947e-03   1.7439510e-03   1.1321846e-03
   4.8302712e-04   3.3025929e-08   1.0778749e-03   2.0093689e-04   3.5754765e-03   2.5664755e-04   6.4801897e-04   1.1402263e-03   1.3798787e-03   1.4904826e-03
   7.1492020e-04   3.6599974e-07   1.8595955e-03   6.8597553e-20   1.0879881e-04   6.5333860e-04   4.5837796e-04   1.2940770e-03   9.1874645e-04   1.7508125e-03
   9.5223946e-04   1.7820701e-08   1.9236702e-03   1.3364391e-22   8.8203962e-04   1.1233607e-03   6.5639388e-04   7.2962432e-04   7.5103380e-04   1.5065665e-03
   6.5842146e-04   1.8576409e-04   1.7683544e-03   1.0724744e-07   3.4550650e-03   2.6337101e-03   5.2483996e-04   1.8269602e-03   6.0853235e-04   9.8598554e-04
   5.0956150e-04   7.3195555e-04   1.1942073e-03   4.2994999e-04   5.7607932e-03   2.7580307e-03   3.4327437e-04   2.2194250e-03   5.4739299e-04   5.1246330e-04
   1.0250324e-03   2.8029671e-04   1.1486561e-03   1.5886595e-13   4.1115110e-03   2.0148097e-03   9.4217541e-05   1.8935237e-03   5.4351177e-04   5.9429304e-04
   1.5129665e-03   1.0641038e-03   6.0813625e-04   5.1873446e-04   1.5377305e-03   1.2794203e-03   5.6073725e-04   9.1019432e-04   4.8573459e-04   5.6772724e-04
   1.4831120e-03   6.1410496e-08   1.1367897e-03   8.8338899e-04   6.5303961e-05   6.4409315e-04   8.5711762e-04   7.8698331e-04   5.8295661e-04   9.8843074e-04
   1.3966600e-03   6.3425538e-04   1.3542899e-03   9.0875071e-04   2.6181604e-03   6.2297078e-04   4.6706826e-04   5.8110093e-04   8.0998555e-04   9.7417010e-04
   8.8691187e-04   8.0541218e-04   1.4274419e-03   2.5125116e-04   1.5268918e-03   8.0788496e-04   3.3594790e-04   1.8418513e-03   1.3043884e-03   6.3124621e-04
   1.0014928e-03   1.0677136e-03   8.5454245e-04   2.9911847e-04   3.2582004e-04   9.2436241e-04   3.2659626e-04   2.4016989e-03   1.4439678e-03   7.4726293e-04
   9.3423697e-04   7.7876347e-04   9.4190375e-04   3.7483792e-04   1.4191616e-03   6.5345953e-04   2.9850296e-04   3.4998908e-03   1.8299427e-03   8.4876704e-04
   7.8071675e-04   3.5309090e-04   1.4305512e-03   4.2971247e-04   1.2805070e-04   5.0861465e-04   3.4003204e-04   4.6463911e-03   1.7001509e-03   9.9953020e-04
   1.0751306e-03   5.5177291e-04   1.2461003e-03   3.7925637e-04   8.5686916e-04   6.3426055e-04   4.8425107e-04   3.7446950e-03   1.1719450e-03   1.2029859e-03
   1.2760873e-03   3.2751739e-04   1.4324835e-03   6.5456349e-04   5.1720251e-07   7.5726716e-04   5.3451717e-04   4.2491692e-03   8.6671687e-04   1.3505767e-03
   1.2112164e-03   1.6713628e-05   1.1591065e-03   4.7144311e-04   8.8496123e-06   1.4582094e-03   6.4964558e-04   2.2523011e-03   7.7460892e-04   1.7289352e-03
   1.4629895e-03   1.3734405e-04   1.7528381e-03   1.2436916e-12   2.2327511e-08   1.9972424e-03   4.8893210e-04   1.6993839e-03   8.1476324e-04   1.8562701e-03
   1.6758308e-03   7.6703405e-04   1.7840832e-03   1.0734070e-19   7.9155697e-08   4.3160113e-03   3.1034041e-04   2.1399533e-03   8.0263557e-04   1.7571829e-03
   1.1320846e-03   8.2787390e-04   1.1392283e-03   7.7484839e-16   9.2999678e-07   4.9041068e-03   2.9018394e-04   2.2999216e-03   1.0854006e-03   1.5694321e-03
   1.5813710e-03   1.5444018e-03   1.8594274e-03   6.4548241e-12   4.2710314e-05   3.8575674e-03   4.9418773e-04   2.1383101e-04   1.1453458e-03   1.0146380e-03
   8.6304863e-04   4.4925516e-04   2.7495097e-03   1.0647277e-09   1.6468728e-03   2.1497095e-03   6.6950962e-04   1.0775081e-03   1.1011602e-03   1.7233857e-03
   1.9078379e-03   1.6198756e-03   3.4043884e-03   3.9921531e-14   1.8379910e-04   9.0251671e-04   4.8033103e-04   8.9804151e-04   1.6209017e-03   1.7221604e-03
   1.6166142e-03   3.9215475e-03   2.5448715e-03   1.0791838e-11   2.0227320e-04   4.9709192e-04   4.8081470e-04   1.3341665e-03   2.0754785e-03   8.7997321e-04
   1.7736366e-03   1.3795139e-03   2.6125515e-03   1.0057823e-22   2.2419239e-15   3.1801064e-04   4.2312313e-04   1.6586206e-03   2.2604384e-03   2.0604339e-03
   1.8562520e-03   1.5294363e-03   3.0256621e-03   3.8089457e-32   3.7261790e-17   3.7497406e-04   2.9462716e-04   1.4270731e-03   2.2022726e-03   2.6880464e-03
   1.5292597e-03   1.2662908e-03   2.3685689e-03   1.1776829e-25   8.4616909e-12   3.4170034e-04   2.4168184e-04   1.2773569e-03   3.2239628e-03   2.3230563e-03
   2.0523655e-03   2.5167413e-03   1.2888132e-03   1.3680468e-13   4.6930683e-22   7.3802738e-04   3.2960005e-04   2.4582860e-05   4.3070352e-03   1.6597598e-03
   1.2331687e-03   3.1303331e-03   2.6607536e-03   1.9795884e-18   5.0166556e-30   6.4422666e-04   3.1881247e-04   1.2718278e-03   4.7102369e-03   1.3608907e-03
   9.7457662e-04   3.0089316e-03   3.6574082e-03   1.2685796e-22   1.4175583e-22   4.1525075e-04   1.8560477e-04   1.8049049e-03   4.8224266e-03   1.2179166e-03
   1.1689585e-03   2.0198770e-03   4.5460722e-03   1.6857512e-34   4.1205109e-15   5.7697732e-04   2.7887122e-04   1.6897773e-03   3.5841846e-03   1.2562374e-03
   3.6120576e-04   9.7575595e-04   5.9490846e-03   5.3179564e-35   6.2642988e-11   1.0911125e-03   3.5314982e-04   2.2058973e-03   2.8681075e-03   1.0378538e-03
   7.7376747e-04   5.3025757e-04   5.8072105e-03   1.3610098e-41   2.2220668e-09   3.4653694e-03   3.8846648e-04   7.0529588e-04   2.1861118e-03   9.1831016e-04
   4.5264545e-04   7.0305817e-04   5.1981642e-03   9.9007036e-20   2.2981545e-07   3.9064856e-03   2.9271123e-04   3.6960158e-05   2.0512966e-03   7.6538977e-04
   5.7654099e-04   1.8383367e-03   4.1694398e-03   8.3475198e-15   4.6644031e-05   2.7027251e-03   3.5119571e-04   1.7932774e-08   2.1615751e-03   6.9521724e-04
   7.2589232e-04   2.6638752e-03   3.6226979e-03   3.3541913e-19   1.7372116e-04   1.1326696e-03   5.1306834e-04   1.1754750e-04   2.4844906e-03   5.4436660e-04
   6.3003429e-04   1.3863694e-03   2.8602624e-03   3.1927704e-04   1.4933644e-03   7.8633275e-04   6.2935864e-04   2.1067069e-04   2.0289423e-03   5.0767492e-04
   7.9175639e-04   2.4054813e-03   2.8829934e-03   5.3703253e-04   2.8230783e-04   4.0770817e-04   7.4844951e-04   6.3356980e-05   2.4716444e-03   8.5929636e-04
   5.1725247e-04   5.7321064e-04   3.3837356e-03   2.3498027e-04   2.3036379e-03   5.9752092e-04   6.2566020e-04   1.3619356e-04   2.3405464e-03   9.3471358e-04
   2.1806991e-04   2.0686341e-03   3.4664219e-03   2.7418470e-08   1.7057930e-03   7.2198639e-04   4.1673198e-04   4.2394668e-04   2.2723335e-03   6.5850358e-04
   4.4670669e-13   1.9651548e-03   4.7919775e-03   9.0742587e-11   2.5630330e-03   5.1510273e-04   4.8679609e-04   5.0273955e-04   1.4962643e-03   8.1121637e-04
   9.9172519e-23   2.6881973e-03   4.3687108e-03   1.3864936e-04   1.8694036e-03   3.4294547e-04   3.1038453e-04   1.8606647e-06   2.1889022e-03   1.0047588e-03
   3.0116701e-09   3.1057971e-03   3.1421125e-03   1.8136028e-04   8.2070403e-03   6.3190582e-04   8.4390832e-04   1.6450900e-04   1.1497991e-03   9.3539769e-04
   4.5910526e-05   2.1786437e-03   4.5781979e-03   4.5799443e-04   8.1009925e-03   8.9014847e-04   9.6853272e-04   4.4352521e-07   1.9998459e-03   4.9753591e-04
   1.6943026e-04   5.8695913e-04   3.7967600e-03   7.8040904e-04   6.6069036e-03   1.4082812e-03   1.0283761e-03   3.1639273e-04   1.6706019e-03   4.4549326e-04
   1.5414245e-04   5.5822598e-04   2.8350813e-03   5.5440931e-05   7.4147939e-03   2.0247753e-03   1.0935247e-03   5.5924639e-06   1.2221321e-03   6.6616847e-04
   1.0076543e-04   9.4530634e-04   2.0016856e-03   3.1037510e-04   8.3433496e-03   2.7835008e-03   8.1547339e-04   8.4648597e-07   8.1646139e-04   5.4724127e-04
   3.0028989e-04   7.3291727e-04   1.4230747e-03   2.5986150e-06   8.5009357e-03   2.4473998e-03   1.0935011e-03   6.8261324e-09   7.0658788e-04   6.2654108e-04
   3.4764508e-04   8.2789553e-04   1.4855329e-03   3.8297608e-04   8.6185798e-03   1.5379393e-03   1.0036236e-03   8.0073349e-05   7.1727108e-04   6.3257877e-04
   2.8485172e-04   7.4655485e-04   1.5700553e-03   8.2060775e-04   1.1624537e-02   8.8151828e-04   8.7697130e-04   1.1024943e-04   6.1977834e-04   6.5267068e-04
   2.2506798e-04   1.0590583e-03   2.0016591e-03   6.0725028e-04   1.0171841e-02   7.9715569e-04   8.8405504e-04   9.7477722e-05   5.9615412e-04   4.7485237e-04
   6.9430708e-05   1.7754926e-03   1.8459333e-03   3.3332398e-14   9.4948062e-03   1.0064696e-03   7.5263179e-04   2.0673466e-04   6.7440988e-04   3.8140795e-04
   3.1605553e-08   6.3429370e-04   1.7539426e-03   5.1497717e-04   9.0547032e-03   4.2974062e-04   1.5309746e-03   1.8193305e-04   6.8488692e-04   9.4303014e-04
   1.5570587e-08   4.4389171e-04   1.8720764e-03   5.4347384e-06   6.1335174e-03   5.9043482e-04   2.2153987e-03   1.0398458e-04   5.9146272e-04   9.8261802e-04
   3.7410450e-17   8.7211999e-04   1.2442348e-03   3.7247595e-04   5.9233227e-03   3.3056601e-04   2.5660241e-03   4.5130698e-05   7.1643841e-04   1.5786053e-03
   2.0525565e-05   1.3803580e-03   1.9114444e-03   4.2882475e-04   6.2539922e-03   2.6539029e-04   1.5769513e-03   1.0336353e-04   7.5663500e-04   1.4238638e-03
   3.4274639e-05   8.0388387e-04   8.6960174e-04   1.4900051e-05   6.8569074e-03   5.2761490e-04   1.2326069e-03   2.8500517e-05   8.3759605e-04   1.1644217e-03
   1.4527264e-13   4.8607173e-06   8.8012647e-04   2.9121663e-05   5.4140110e-03   5.9915876e-04   2.0158220e-03   1.5966225e-06   6.7152901e-04   1.6027297e-03
   1.9443506e-22   2.0048371e-04   8.6600840e-04   4.0565833e-04   2.8522386e-03   5.6439502e-04   2.5676990e-03   9.0987256e-07   7.3141099e-04   1.9442022e-03
   1.6654210e-04   8.7945621e-04   1.0253876e-03   3.8801414e-04   2.0538591e-03   1.0938930e-03   2.0625952e-03   4.4783879e-12   4.7940346e-04   1.2825707e-03
   2.5462222e-04   2.1714511e-03   8.0174971e-04   4.1592288e-05   1.5253328e-03   1.6515123e-03   2.6509003e-03   4.7257487e-17   5.5958760e-04   8.7689707e-04
   2.1975568e-04   1.6813366e-03   9.8718795e-04   3.2875336e-04   3.0819064e-03   1.1959426e-03   2.5414918e-03   1.5460807e-05   5.3889953e-04   9.6450608e-04
   2.0881041e-04   8.1481598e-04   1.1644833e-03   5.8309927e-05   7.0163369e-03   4.8274885e-04   1.7093499e-03   8.2032033e-05   4.1300668e-04   1.2994934e-03
   2.1959227e-04   2.4046437e-04   8.6673827e-04   4.7338585e-04   5.6113537e-03   1.9671722e-04   2.2464712e-03   8.1924670e-06   3.8718015e-04   1.5734609e-03
   3.1026161e-04   4.5521662e-04   1.0845247e-03   3.9463171e-04   8.7767516e-03   2.9669358e-04   2.0590845e-03   2.3148580e-05   4.1011860e-04   1.1278263e-03
   3.8997786e-04   3.8382250e-04   1.2791633e-03   5.4486899e-04   9.5815509e-03   5.0520623e-04   1.4050338e-03   1.2306250e-05   4.2373468e-04   1.1015927e-03
   2.6310573e-04   1.0039119e-03   5.8712901e-04   3.0809851e-04   9.4251663e-03   4.4505402e-04   1.6147144e-03   1.0665949e-04   6.6050192e-04   1.2231263e-03
   5.5830528e-05   4.2729670e-04   1.1716038e-03   2.1920343e-04   8.3673326e-03   1.7882730e-04   1.5802924e-03   1.8435715e-04   6.7377243e-04   1.1340262e-03
   6.8046628e-05   1.1707712e-04   1.1927909e-03   2.4521355e-04   6.8921648e-03   1.8568668e-04   1.4483170e-03   1.1671346e-06   5.5485333e-04   1.8872034e-03
   1.7852598e-04   1.3012901e-03   1.1288427e-03   6.4131599e-04   7.3243306e-03   2.7459588e-04   1.2380411e-03   1.2143602e-05   8.2478156e-04   1.1768348e-03
   2.1552918e-04   9.1965796e-06   1.4763622e-03   1.0442397e-03   5.3253530e-03   3.5065450e-05   9.9321722e-04   3.0208669e-05   5.8091261e-04   2.6547349e-03
   2.3359475e-04   7.4834123e-07   1.2050324e-03   5.6874718e-04   6.2282463e-03   1.2435607e-04   6.3228310e-04   2.1270383e-04   8.1268907e-04   3.1022333e-03
   3.0479337e-04   6.9804371e-07   1.3405442e-03   5.7694775e-04   7.4136183e-03   3.7507023e-04   1.0084835e-03   1.8321943e-04   8.2733436e-04   2.3227204e-03
   3.2087303e-04   4.6991944e-04   1.5387769e-03   1.3276590e-04   6.8765767e-03   8.5694099e-04   1.0802312e-03   4.6335169e-05   1.1182309e-03   1.7763882e-03
   2.5325963e-04   1.8394377e-03   8.3305595e-04   3.9098221e-04   5.4943258e-03   9.2257627e-04   1.0994142e-03   9.1718432e-05   7.8552817e-04   1.5723426e-03
   2.7853481e-04   1.3706424e-03   1.4040928e-03   2.0698080e-04   4.3400629e-03   8.2039299e-04   8.3556077e-04   1.3346100e-04   6.8604162e-04   1.5767328e-03
   3.1552866e-04   1.6533137e-04   6.7637358e-04   4.7367985e-04   5.3950541e-03   3.8750049e-04   8.3487331e-04   9.3554078e-05   8.6687177e-04   1.7306206e-03
   1.0666129e-05   3.8262043e-04   8.7930714e-04   6.9359679e-04   8.1864135e-03   4.5531502e-04   4.1345077e-04   5.7434721e-05   9.8189134e-04   1.7485218e-03
   5.4718174e-04   1.0485039e-05   1.0378834e-03   2.9703246e-04   9.4057145e-03   6.8586961e-04   2.2519606e-04   1.2382511e-08   1.0271439e-03   1.6104286e-03
   3.5007935e-04   2.2578036e-05   1.3965188e-03   1.7301711e-04   1.2638263e-02   6.9838904e-04   3.0432538e-04   1.0713696e-04   1.0640952e-03   1.3911586e-03
   2.4261932e-04   8.5465344e-04   1.2748210e-03   3.1027572e-04   1.2074479e-02   7.4267658e-04   9.4309092e-04   7.0760773e-05   1.4904592e-03   1.4683235e-03
   1.9719789e-04   5.6953292e-04   1.0057153e-03   3.9420681e-04   1.4545836e-02   5.0349633e-04   9.9339906e-04   1.9615261e-10   1.8125280e-03   1.3367686e-03
   2.3240690e-04   9.4330522e-04   1.3650191e-03   5.6443031e-07   1.2756350e-02   3.5612252e-04   1.1391389e-03   1.3345826e-04   1.9267574e-03   8.6264429e-04
   2.7730889e-04   8.3874813e-04   1.2581257e-03   6.9793980e-13   1.1061238e-02   8.3124446e-05   1.1910942e-03   1.1511669e-13   2.5913369e-03   1.6338325e-03
   4.6765029e-04   1.0380257e-03   5.3340665e-04   7.3150561e-05   1.1171423e-02   9.1858204e-04   6.1558814e-04   2.9482267e-09   3.0719564e-03   1.1876551e-03
   9.4602458e-04   1.9152964e-03   1.6427545e-03   2.3210486e-04   8.3933404e-03   9.5903818e-04   1.1648687e-03   4.5106162e-07   1.9174130e-03   9.1923183e-04
   7.1999330e-04   1.5208420e-03   5.3275482e-04   3.8771034e-04   8.8387915e-03   1.7861063e-03   1.3005132e-03   3.5304821e-15   2.0742457e-03   3.8950693e-04
   8.2854367e-04   2.7780413e-04   1.2667137e-03   7.6854609e-07   3.0036054e-03   2.5220494e-03   1.4792267e-03   7.0981235e-14   1.7813094e-03   1.5306039e-03
   3.9571047e-04   8.0679712e-10   1.5770446e-03   6.3327782e-14   1.4252396e-03   2.2832240e-03   1.6778904e-03   2.6033628e-08   1.7927990e-03   2.0630945e-03
   6.4254839e-04   1.4913919e-03   1.2091873e-03   3.8892968e-05   2.3096349e-06   1.3248018e-03   1.2790382e-03   5.3537061e-05   1.4955956e-03   2.4558171e-03
   8.0715861e-04   2.2625499e-03   1.2665405e-03   3.0209390e-04   2.4378590e-03   6.3214729e-04   1.4303579e-03   3.6054945e-06   1.9817328e-03   1.5267589e-03
   6.1037893e-04   6.0900561e-05   1.7625811e-03   1.6031137e-05   6.6940702e-03   4.0900555e-04   1.2986619e-03   2.3068635e-04   1.7829027e-03   1.5790102e-03
   3.7248078e-04   2.5028988e-04   1.4626975e-03   5.2563711e-14   9.7623859e-03   5.4989010e-04   1.0967138e-03   4.4025151e-04   1.7201787e-03   1.7970030e-03
   4.8952695e-04   7.2327453e-04   7.8866860e-04   8.5078673e-05   9.3901268e-03   3.5721032e-04   1.6590040e-03   1.7677212e-04   1.5489479e-03   2.0365007e-03
   5.3105916e-04   4.4699634e-04   6.6405700e-04   1.9311134e-04   6.8341580e-03   3.1517940e-04   1.9034296e-03   3.0821767e-11   1.9397667e-03   1.5526627e-03
   6.3213229e-04   5.0968135e-04   1.3269465e-03   1.6035337e-06   4.5022778e-03   4.7320126e-04   1.7225913e-03   3.4337340e-05   2.3525277e-03   1.3390668e-03
   1.2194158e-03   1.4272983e-03   1.1140424e-03   1.0644263e-16   2.6492293e-11   2.6575642e-04   1.5150836e-03   5.6033724e-12   2.7156384e-03   1.4434606e-03
   1.0908889e-03   8.3178843e-04   9.9431438e-04   9.9380159e-17   3.2137573e-14   3.9499856e-04   1.8587799e-03   1.3815248e-09   2.8361205e-03   1.6344655e-03
   7.1502571e-04   1.0599327e-03   1.0181282e-03   3.2703458e-23   7.1772558e-09   5.4334131e-04   1.3396900e-03   6.2954430e-14   4.0809661e-03   1.3377873e-03
   6.2539512e-04   3.3006964e-06   9.3171975e-04   4.5834555e-20   1.1797726e-03   5.4740397e-04   1.1176289e-03   7.2074141e-05   3.1370370e-03   1.4199006e-03
   4.8330891e-04   1.6689890e-03   7.5210520e-04   2.4101574e-26   3.1876703e-03   6.6958915e-04   1.4650250e-03   5.4517641e-04   2.0666930e-03   1.3412758e-03
   3.7376105e-04   9.2766118e-04   5.9428287e-04   1.1428727e-20   6.4791088e-11   1.5834663e-03   2.4188597e-03   6.6195404e-04   1.7529228e-03   1.5669305e-03
   6.3132766e-04   2.9719710e-06   7.3359072e-04   9.1417468e-12   3.7416374e-08   1.5865294e-03   2.7300749e-03   5.5096989e-04   1.4021058e-03   1.3793703e-03
   8.1869954e-04   9.6788829e-04   4.3902611e-04   3.2389363e-15   1.4991217e-03   1.2856048e-03   2.7792519e-03   2.5769546e-04   1.2806150e-03   9.2462877e-04
   5.6624829e-04   6.4805074e-04   3.9792268e-04   6.2715284e-05   3.3157951e-05   9.0241331e-04   2.4583220e-03   9.5257061e-04   1.3521336e-03   1.2660406e-03
   3.2531924e-04   4.6598253e-04   7.1872102e-04   1.3077376e-04   4.7581601e-05   3.2383474e-04   2.8862385e-03   1.2399580e-03   1.0791082e-03   1.4864477e-03
   8.1265012e-04   4.2531490e-09   4.9136936e-04   1.1012876e-16   2.7740162e-04   2.3857637e-04   2.2635715e-03   1.2703487e-03   8.1471034e-04   1.6712411e-03
   1.0322857e-03   1.3834561e-04   9.1109579e-04   3.9520203e-10   7.0790510e-04   2.0548275e-04   3.2311733e-03   6.1955773e-04   5.2354576e-04   1.5783009e-03
   8.3531712e-04   2.9621617e-04   8.1404326e-04   1.5770454e-04   4.9246605e-09   1.7881539e-04   3.6681625e-03   1.5177164e-03   7.1591449e-04   1.0779224e-03
   5.7342322e-04   4.8558529e-04   6.8556071e-04   4.7531579e-05   1.1444051e-11   2.6627902e-04   2.5917713e-03   1.3237843e-03   8.8613272e-04   6.4225394e-04
   3.8438426e-04   4.2643105e-04   6.1132275e-04   4.9903770e-12   4.4813588e-11   4.7876725e-04   1.3845230e-03   1.8210605e-03   8.4137143e-04   8.8852224e-04
   4.3069328e-10   4.7101751e-04   7.2998899e-04   2.1127930e-20   1.6422960e-15   3.2173135e-04   2.1998226e-03   2.5531279e-03   1.3520515e-03   1.2274745e-03
   1.8425243e-04   7.1559714e-04   5.3822799e-04   2.6114391e-43   2.9635652e-10   1.8427344e-04   2.2028672e-03   3.2061501e-03   1.5725005e-03   1.0249945e-03
   3.6592705e-04   3.0180264e-04   3.0690423e-04   5.9326725e-12   6.9097521e-11   8.6525077e-05   2.0934149e-03   3.8263185e-03   1.3148906e-03   1.0643673e-03
   4.1099083e-04   1.2136525e-15   4.7972877e-04   1.0416260e-07   1.3470045e-05   2.3793928e-04   2.4393846e-03   4.0396396e-03   1.1290758e-03   1.2546673e-03
   3.4991757e-04   4.8726084e-10   5.7840717e-04   1.3503968e-24   7.5431115e-09   6.1570961e-04   2.4960687e-03   3.1836796e-03   9.2144712e-04   1.3544663e-03
   3.0040283e-04   8.7687938e-06   4.7029777e-04   1.0184973e-13   4.7480424e-07   4.5179928e-04   2.2639424e-03   2.6712699e-03   7.2046926e-04   1.4982212e-03
   3.2511976e-08   2.6803108e-09   3.2789162e-04   2.9562966e-10   5.5073825e-14   2.7408866e-04   2.8380469e-03   3.5593303e-03   6.8570522e-04   9.6656821e-04
   2.8049150e-14   8.8576613e-15   3.4984292e-04   1.1567026e-22   1.0569521e-13   1.2152995e-04   2.7637698e-03   2.8579857e-03   7.7776947e-04   1.0355641e-03
   3.1939581e-04   7.7153656e-05   3.4862247e-04   7.3544059e-25   2.2412619e-16   3.9118388e-05   2.7215821e-03   3.0061946e-03   7.4537406e-04   7.5440687e-04
   2.5900422e-04   6.6546186e-05   3.8700619e-04   4.7179656e-17   2.4629449e-10   1.8098521e-04   1.8676472e-03   2.0456434e-03   6.2572275e-04   7.1638676e-04
   1.4220591e-04   2.7287446e-05   5.1275667e-04   7.7839689e-28   7.9114757e-10   1.9260088e-04   2.8529137e-03   2.3257989e-03   4.1619822e-04   3.9913314e-04
   4.8413503e-05   1.6393057e-13   2.2136219e-04   2.7643582e-28   1.9292557e-04   8.5660141e-05   2.6852447e-03   2.3544098e-03   5.9149880e-04   6.9822020e-04
   1.4625537e-04   2.9245911e-33   2.2361570e-04   1.0616309e-27   5.7587602e-05   1.0690377e-04   2.5998859e-03   1.8374676e-03   7.3176534e-04   4.8905348e-04
   2.6512897e-04   6.6005786e-18   3.1543044e-04   9.7641851e-29   5.2102356e-07   1.6490510e-04   2.4790971e-03   1.1553641e-03   5.0551575e-04   5.2238439e-04
   3.4108608e-04   2.1724710e-19   2.6894934e-04   4.8899365e-28   9.5749411e-21   1.2177836e-04   3.6179756e-03   1.0252124e-03   5.5227655e-04   3.9327525e-04
   4.5222680e-04   2.9183022e-17   2.9420576e-04   1.2246187e-15   1.4301832e-17   3.2260280e-05   3.4819456e-03   7.4763570e-04   6.2701530e-04   3.5262962e-04
   4.1756023e-04   2.3091105e-10   3.4972576e-04   5.0831133e-22   1.9540792e-09   2.9143952e-05   3.9919945e-03   8.3152856e-04   8.5067288e-04   2.4298384e-04
   2.2348572e-04   2.1168499e-13   2.0710481e-04   2.1257024e-23   7.7160592e-05   1.6084297e-04   4.0140755e-03   1.0370721e-03   6.4868532e-04   3.1981095e-04
   3.0060619e-04   1.1743841e-12   2.6828218e-04   5.1727430e-31   1.0810701e-04   3.9404799e-04   3.7802150e-03   5.8368609e-04   2.4101559e-04   4.8195599e-04
   1.1163506e-04   1.2119545e-10   2.0306650e-04   1.7507180e-29   2.6119228e-12   2.9411374e-04   4.8777280e-03   9.7884831e-04   3.1003352e-04   3.3403906e-04
   1.5970858e-04   1.2147697e-10   7.3302666e-05   3.0005218e-23   3.3024827e-18   1.4623674e-04   5.1354429e-03   1.3503830e-03   2.1787081e-04   2.1773801e-04
   1.5194628e-04   8.9315562e-06   4.2765043e-05   2.6845921e-06   2.5940110e-32   1.7856479e-04   6.5051846e-03   7.0297798e-04   1.7956128e-04   1.1800916e-04
   1.7623665e-04   8.3496656e-08   5.1045881e-05   1.2629321e-10   7.3590663e-32   9.3663860e-05   6.2745428e-03   6.4404837e-04   1.3383891e-04   1.0242281e-04
   1.1814441e-04   5.7489292e-22   1.1123762e-04   7.5259398e-08   1.2301734e-15   1.2710504e-04   4.7369171e-03   7.0399861e-04   1.4848925e-04   1.3531545e-04
   1.2980729e-04   3.5747550e-11   1.6028889e-04   6.4777047e-25   7.7551546e-04   1.7356243e-04   3.0314522e-03   9.4372254e-04   5.2348583e-05   1.6281664e-04
   2.5057764e-04   9.9597527e-07   1.4630597e-04   1.1573207e-24   1.7995196e-05   1.0466903e-04   4.5242416e-03   7.6176244e-04   1.1353533e-04   1.4725656e-04
   2.6345461e-04   3.5742290e-15   1.3440885e-04   2.0769182e-20   4.0092843e-11   9.1636181e-05   4.5518025e-03   7.0701838e-04   1.1444269e-04   2.1593605e-04
   2.5472791e-04   2.1248571e-05   1.1668337e-04   9.2077896e-21   4.0862445e-13   1.2795699e-04   4.5767584e-03   7.0757787e-04   1.5295772e-04   1.6264454e-04
   3.6171061e-04   1.1957678e-09   7.6893003e-05   4.4764197e-27   1.7026917e-25   1.2539155e-04   6.0128632e-03   4.6760999e-04   1.3953184e-04   2.3444285e-04
   2.0733846e-04   5.6996483e-22   6.9146565e-05   7.6976300e-30   5.6390726e-35   6.2408308e-05   5.0979401e-03   2.3854940e-04   1.6773015e-04   3.5990330e-04
   1.9888436e-04   1.3031795e-18   8.2572639e-05   7.4948087e-13   4.6255208e-22   3.0667500e-05   3.6161106e-03   2.9815367e-04   1.5780560e-04   3.4731673e-04
   3.5756954e-04   1.6928101e-04   5.8855156e-05   4.0574587e-09   3.8490568e-04   9.3775637e-05   2.5259760e-03   4.1892974e-04   1.4889182e-04   2.4636381e-04
   4.0339101e-04   2.1251082e-04   8.1763948e-05   8.2692363e-14   1.0770043e-03   2.4943429e-04   3.3274361e-03   7.1384081e-04   6.9991090e-05   3.4744353e-04
   2.4394636e-04   1.2255641e-04   9.0738052e-05   7.6694693e-29   1.0627280e-08   2.5631680e-04   4.8958567e-03   4.3603947e-04   6.7990938e-05   4.5321119e-04
   1.7206874e-04   4.2609356e-05   1.1679913e-04   3.9532608e-26   1.8333193e-17   1.1742500e-04   6.3663793e-03   1.9462406e-04   4.6939180e-05   5.1597055e-04
   1.6038941e-04   3.7985746e-04   3.3757407e-05   1.0645394e-17   3.2765969e-21   9.7297528e-05   6.0982797e-03   1.4685250e-04   4.7433984e-05   3.9433481e-04
   1.6697680e-04   7.5664415e-04   7.5025345e-06   3.7778361e-17   1.1873426e-14   7.6530996e-05   4.8217338e-03   1.8163276e-04   8.4479650e-05   4.1329770e-04
   1.6500582e-04   5.1137265e-04   5.8450850e-06   5.0888017e-15   1.6535867e-14   1.5887417e-05   5.5620682e-03   1.9995301e-04   4.0513971e-05   7.3008198e-04
   1.2824516e-04   2.1896053e-04   5.4078290e-12   6.2039034e-21   7.2758995e-20   5.8680420e-05   8.3125495e-03   1.8226258e-04   7.1879453e-05   1.8706733e-04
   1.6573827e-04   6.7583072e-05   1.1148041e-16   2.8555681e-34   5.0480488e-18   1.2944206e-04   5.8387909e-03   1.9230571e-04   5.7697584e-05   7.0675534e-04
   2.0089798e-04   6.5006882e-05   6.4845628e-13   1.1202098e-31   8.7454601e-21   1.8761438e-04   4.3989849e-03   2.6697446e-04   8.1323512e-05   6.1513626e-04
   2.2807116e-04   2.0100713e-05   4.4751529e-05   3.2698429e-11   1.3213754e-07   2.8572314e-04   3.0046329e-03   2.1740777e-04   2.9599836e-05   3.1164489e-04
   7.3841406e-05   1.7931466e-05   2.0342050e-05   4.6703247e-13   1.5188947e-08   1.2547924e-04   3.7778222e-03   2.7816403e-04   1.2348075e-07   8.2212510e-04
   1.0976783e-04   1.5891883e-04   3.2272795e-12   4.0255451e-15   3.8180203e-17   3.5251195e-05   4.8446062e-03   1.9825653e-04   1.2354228e-05   9.4054082e-04
   9.4004867e-05   9.1921659e-10   1.2046002e-05   5.4252392e-28   1.5652747e-20   2.2092335e-05   4.4499489e-03   1.6242344e-04   1.1834800e-05   1.1001861e-03
   7.0697325e-05   1.3181122e-06   2.7534027e-05   3.6351901e-20   4.1353357e-19   5.4310180e-05   3.8224460e-03   2.1738988e-04   1.2854975e-06   1.1662228e-03
   7.3028036e-05   3.3589335e-04   1.7763646e-06   1.9558187e-24   1.4213038e-14   1.3962170e-04   3.2337135e-03   3.1304249e-04   2.6212972e-05   9.2860303e-04
   6.6576083e-05   5.8372387e-04   1.2620192e-14   1.0382361e-12   9.1036393e-06   1.1798948e-04   2.0019116e-03   4.5384364e-04   5.2278738e-05   8.1297202e-04
   1.8133048e-12   7.1248174e-04   3.1438364e-05   1.9700504e-05   1.0413739e-09   5.4154158e-05   3.4092106e-03   4.8403174e-04   8.1968827e-05   6.3708085e-04
   6.0982362e-05   3.4111107e-04   3.4395135e-05   1.7556238e-16   8.6460723e-17   8.4863874e-05   4.1388186e-03   5.1871558e-04   7.4934350e-05   5.1877609e-04
   1.0594655e-04   1.9816562e-04   3.1624325e-05   2.7594576e-05   9.8356548e-26   3.8812224e-05   4.7229893e-03   5.3123972e-04   5.2358497e-05   3.4389753e-04
   1.5574429e-04   3.8270336e-04   2.4189243e-05   4.5095337e-05   1.3541375e-12   3.2547064e-05   3.9840886e-03   3.2868312e-04   1.1855292e-04   2.4736531e-04
   6.8531858e-05   5.3777967e-04   2.5578241e-05   6.3170297e-05   1.0908325e-17   1.1648946e-04   5.4764723e-03   1.4701546e-04   9.5861463e-05   9.6257542e-05
   3.8031174e-05   1.8176221e-04   8.0874817e-05   2.6830057e-17   1.2830298e-14   1.6447355e-04   4.8465642e-03   1.7389142e-04   6.1370801e-05   1.8280434e-04
   6.7298977e-05   7.1777591e-07   7.7498785e-05   1.4484794e-12   1.4474514e-17   1.3444672e-04   5.1407423e-03   2.0734004e-04   1.0972348e-04   2.7386516e-04
   1.0472540e-06   1.1402233e-04   7.1661305e-05   8.0685469e-06   1.3477657e-08   1.3756320e-04   3.9628653e-03   2.4581343e-04   1.3510928e-04   1.8637789e-04
   4.8677213e-05   2.0440489e-05   8.1863452e-05   1.3291091e-06   1.3807483e-05   5.6844797e-05   4.3372171e-03   1.2499259e-04   4.6290566e-05   2.0392146e-04
   2.0077651e-12   1.0546899e-04   3.4666979e-05   6.1811845e-05   5.0852598e-18   2.3466980e-05   4.6863132e-03   1.5295959e-04   1.2383962e-04   1.9902012e-04
   5.3673811e-07   1.5872491e-05   6.7190728e-05   1.5104385e-05   2.0394002e-15   2.1226691e-05   4.1488592e-03   2.1516937e-04   1.9940786e-04   1.5422392e-04
   1.4703906e-04   2.4009106e-04   1.3973221e-04   5.9597351e-05   2.7564550e-14   7.3086915e-05   3.1474134e-03   5.1184676e-05   1.2592921e-04   1.2203068e-04
   1.7698216e-04   1.5159884e-05   1.7563001e-04   2.9689554e-05   3.2689365e-06   1.3240292e-04   2.2427484e-03   1.9496980e-05   2.3527378e-04   2.2071131e-04
   9.5854772e-05   8.8321784e-05   1.4174923e-04   1.3065554e-05   5.4942959e-04   1.1436688e-04   2.4316186e-03   1.7258158e-04   2.2076507e-04   2.1162146e-04
   1.6492992e-04   1.8787617e-04   1.3769337e-04   6.6079383e-06   8.9624397e-04   3.2753273e-05   2.2134048e-03   1.1057733e-04   6.0241862e-05   2.5871611e-04
   1.1148334e-04   2.1143348e-04   1.2192439e-04   3.0147824e-24   1.0069560e-08   6.9920457e-05   2.8363407e-03   1.2665144e-04   1.6506734e-04   3.7650886e-04
   1.0827991e-04   4.5174256e-04   2.0234378e-04   6.8976025e-26   5.7043133e-19   1.2090331e-04   4.1673483e-03   6.3897932e-05   1.2511311e-04   1.3284302e-04
   5.0653498e-05   6.0788869e-04   1.4808884e-04   8.8633629e-16   2.9492296e-14   1.1397206e-04   4.5736395e-03   1.1788316e-04   1.0820542e-04   2.2328050e-06
   1.5131632e-04   4.4000570e-04   1.9503509e-04   1.5106653e-09   3.9511885e-21   1.8564910e-05   4.4734603e-03   2.1166829e-04   1.9872258e-04   1.0442620e-04
   1.8394461e-04   2.1818421e-04   2.1295550e-04   1.3285407e-05   3.9551092e-18   6.3087993e-05   4.4669036e-03   4.8176336e-05   1.9973501e-04   7.3431784e-05
   1.3676720e-04   1.3127644e-04   2.5398066e-04   1.4534991e-11   1.3372722e-16   1.8932537e-04   5.2033263e-03   7.5344174e-05   1.2117239e-04   4.4061332e-05
   1.6122184e-04   1.3439048e-04   3.0323588e-04   4.1872098e-23   6.2619745e-15   1.7995079e-04   4.4516598e-03   1.2907526e-04   3.6097850e-04   8.8454247e-05
   1.4235550e-04   4.0843262e-04   3.8103231e-04   2.5539276e-17   1.4314977e-06   1.7201823e-04   3.4555053e-03   2.1014489e-05   4.3728493e-04   7.8594618e-05
   1.0625268e-04   4.1264742e-04   3.7722385e-04   1.6944921e-13   3.9080960e-07   1.6517139e-04   4.0371103e-03   6.5186811e-05   2.8385931e-04   8.3442358e-05
   1.2917683e-04   1.8783077e-04   5.3283342e-04   3.2479779e-19   3.0772016e-09   2.4690275e-04   4.7874982e-03   1.2284037e-04   2.5823056e-04   1.2284080e-04
   1.5944308e-04   2.3192545e-04   5.0308485e-04   1.4730696e-25   4.9966908e-14   3.3648142e-04   4.9678879e-03   1.7120456e-14   2.8217126e-04   9.2388080e-05
   1.1591675e-04   2.0680203e-04   4.2790770e-04   3.5592623e-25   6.6295308e-16   4.3240373e-04   5.2161940e-03   4.8376184e-07   2.2455125e-04   9.3655314e-05
   1.8751913e-04   7.8503914e-09   4.9979263e-04   2.8958380e-31   1.2404589e-21   2.9233368e-04   4.6811106e-03   1.2037366e-17   4.4405084e-04   9.2878205e-05
   2.2848354e-04   1.1568752e-04   6.8858501e-04   8.3004393e-27   4.9299453e-18   1.5130019e-04   4.2144292e-03   1.5132323e-07   2.3762656e-04   6.3413879e-05
   2.1001717e-04   3.9472545e-04   5.7035712e-04   2.3761170e-35   3.6834069e-17   1.5073171e-04   3.8875370e-03   1.2086606e-07   3.6659045e-04   1.0964370e-04
   1.8145397e-04   3.9107580e-04   4.5475309e-04   5.3119626e-32   1.0654095e-24   2.3851045e-04   4.5270095e-03   3.9396624e-06   3.5641244e-04   4.6005432e-05
   1.1907891e-04   2.9362960e-04   4.4429050e-04   2.6944991e-29   4.6289027e-26   2.0787537e-04   5.7057051e-03   1.1175243e-05   3.0182252e-04   1.1310248e-04
   1.4782516e-04   3.3636935e-04   4.9495130e-04   1.0718268e-27   1.5876331e-19   1.3077971e-04   4.7777421e-03   3.7316685e-05   2.2953328e-04   1.3967763e-04
   1.6277327e-04   2.9265142e-04   5.7824656e-04   3.9448768e-26   6.8757845e-20   7.1546404e-05   5.8501764e-03   3.4078191e-05   3.0255558e-04   1.0808440e-04
   1.2951443e-04   7.2233182e-05   6.5605543e-04   4.0083995e-27   1.1766372e-20   7.0974790e-05   5.8315352e-03   3.0692978e-05   2.8187367e-04   8.9403420e-05
   8.6016148e-05   1.9276715e-04   5.4115315e-04   4.4609484e-24   6.8901992e-25   1.5342121e-04   6.4439379e-03   7.5898135e-18   3.4425602e-04   6.0800967e-05
   1.9266090e-04   1.8369724e-04   3.7438533e-04   5.0546184e-23   2.0636179e-28   2.0391519e-04   5.9753620e-03   5.2380606e-20   2.2954064e-04   1.1554447e-04
   1.5568237e-04   1.6601807e-04   4.7615210e-04   6.0039548e-24   3.0837078e-08   1.6566092e-04   3.1575486e-03   2.8434338e-06   2.0277375e-04   1.3514417e-04
   1.3623988e-04   1.2088046e-04   6.5571780e-04   1.8789368e-15   4.5952539e-07   8.1094596e-05   2.9616972e-03   1.0853290e-13   2.2750344e-04   1.3079914e-04
   1.7648574e-04   2.4808492e-04   5.9179600e-04   5.4592403e-17   1.0324151e-09   1.6580538e-04   3.0384040e-03   3.5883810e-07   3.0212690e-04   7.7745593e-05
   1.1678971e-04   2.0582752e-04   4.7121289e-04   3.7935711e-17   1.7593102e-18   1.5058197e-04   4.5401673e-03   2.5521185e-10   2.3591043e-04   8.2921031e-05
   1.3396103e-04   1.1235625e-04   3.2425299e-04   5.7382216e-17   4.2126614e-33   1.3883242e-04   7.2819702e-03   1.3593254e-06   1.0865753e-04   2.8997626e-05
   1.3184265e-05   3.4801656e-09   2.0466346e-04   2.0350147e-30   7.1186268e-44   7.7218563e-05   1.2364889e-02   6.6359818e-21   2.6157522e-04   1.4384811e-05
   7.0302400e-05   7.8403846e-05   1.7230213e-04   3.9831967e-20   4.0523266e-30   4.6853041e-05   8.7656393e-03   1.3234401e-09   2.4025149e-04   3.7738118e-05
   6.1151405e-05   5.0362204e-05   2.2313969e-04   5.4848612e-15   6.1313304e-24   6.0791635e-05   7.5019087e-03   1.5559278e-07   1.6110876e-04   2.5688633e-05
   7.3735438e-05   8.8468902e-05   2.2619466e-04   2.0411205e-18   4.6199921e-28   4.7331801e-05   8.6917371e-03   1.1225192e-11   1.8401356e-04   3.4392530e-05
   4.7729871e-05   5.0404781e-05   1.1091448e-04   7.6767946e-26   7.0155326e-33   7.0414484e-05   7.9560130e-03   3.1003300e-09   2.5345081e-04   4.0401694e-05
   1.3316475e-04   4.8277140e-05   1.4993401e-04   1.1821436e-19   1.0407012e-39   4.2692672e-05   8.2231392e-03   4.3474869e-07   3.2919435e-04   2.0188280e-05
   1.8404430e-04   7.9666021e-05   1.4804435e-04   3.2947489e-07   1.4405735e-17   5.8628901e-05   5.0896644e-03   3.1296777e-06   2.0984373e-04   4.3878771e-05
   1.8575136e-04   8.2890044e-05   1.5405677e-04   7.5833352e-06   1.3428681e-07   3.1593491e-05   3.4488710e-03   1.8014627e-06   1.6790150e-04   1.0714720e-04
   1.3168259e-04   9.8638847e-05   1.4239390e-04   6.2636158e-06   1.5575846e-12   3.6669404e-05   4.4625883e-03   5.6105205e-07   1.6361609e-04   4.4296234e-05
   7.9015148e-05   5.6405228e-05   1.8850969e-04   9.9239846e-05   1.4031663e-10   7.1260001e-05   4.0339433e-03   9.3486909e-06   3.8291551e-05   2.6062628e-06
   1.2581473e-04   5.6813288e-05   1.3829175e-04   5.1611010e-05   1.0483841e-03   4.5202214e-05   3.0377329e-03   5.6098790e-08   8.6637089e-05   4.7197042e-05
   1.7155412e-04   5.3684383e-05   9.1718661e-05   9.9508903e-06   2.5206434e-03   5.4229220e-05   2.1793378e-03   9.4884121e-07   1.2717382e-04   6.6472165e-05
   1.2979268e-04   7.2819272e-05   1.3267404e-04   2.9367745e-05   4.6412114e-04   4.1552113e-05   3.4884084e-03   4.7584155e-07   8.6285228e-05   5.7718152e-05
   1.7655456e-04   3.1258002e-05   2.0234962e-04   2.3360721e-05   4.9929802e-12   2.0888655e-05   4.0530745e-03   6.7365902e-09   9.3609309e-05   7.4551387e-05
   1.4199485e-04   2.6531387e-05   2.0924219e-04   1.6064691e-12   7.6280267e-15   2.4295059e-05   5.8468944e-03   1.3210573e-08   3.2503001e-05   1.0938032e-04
   5.4974671e-05   1.3305480e-05   8.5390584e-05   1.3667960e-13   1.8861375e-11   1.4772183e-05   5.8651478e-03   2.8194914e-05   5.4226529e-05   1.2546350e-04
   8.0451265e-05   7.2788077e-10   2.3553383e-04   3.9783203e-10   4.4574084e-16   1.0507596e-05   4.9707386e-03   8.7529649e-06   4.5821406e-05   7.2918467e-05
   1.3573865e-04   4.6365387e-05   1.7947997e-04   1.6021359e-16   3.8113082e-12   1.1657036e-05   4.6017282e-03   1.3537315e-05   5.1255710e-05   6.7920808e-05
   7.1423120e-05   1.6274954e-05   1.1205786e-04   2.1443656e-09   4.3653385e-15   2.3947307e-05   4.9615330e-03   1.0363067e-05   2.6876915e-05   1.3978195e-04
   1.0424766e-04   2.8645063e-07   1.0500982e-04   1.9554842e-06   4.6741973e-24   3.6408966e-05   5.3831657e-03   9.1376121e-06   2.5618874e-05   1.1695043e-04
   8.6019390e-05   2.0454645e-08   1.0084950e-04   2.1369952e-07   9.9631640e-28   4.1196235e-05   5.1478974e-03   2.0997839e-09   4.3386582e-05   9.8374121e-05
   7.3652678e-05   6.9629479e-30   5.8178943e-05   4.4484179e-05   1.7600342e-13   2.6741205e-05   4.4633729e-03   3.7046410e-06   4.9681540e-05   8.0914355e-05
   5.7162750e-05   2.1918544e-07   6.1731576e-05   1.2284101e-12   9.1654778e-15   4.8688264e-05   4.4437740e-03   6.2362324e-06   1.8268908e-05   9.5096352e-05
   6.3360483e-05   2.4136236e-05   3.3714866e-05   7.5280467e-27   3.8467014e-25   1.0950684e-05   6.9979549e-03   1.2326687e-05   3.8430212e-05   9.1947978e-05
   7.3173661e-05   1.7842716e-16   2.1243220e-05   6.5080306e-31   6.3483114e-34   8.2820373e-06   8.9908574e-03   3.8450615e-07   3.1963370e-05   1.1645933e-04
   3.1570126e-05   6.2389693e-14   2.8343913e-05   6.8153246e-15   1.7695442e-25   5.7973327e-05   6.2279551e-03   3.3187544e-06   2.5910312e-05   1.1046904e-04
   8.4344300e-05   2.1537461e-16   4.1407321e-05   9.8464492e-06   7.7396786e-12   1.2265628e-04   3.7709658e-03   7.8278551e-06   8.9113451e-06   1.0992911e-04
   1.0107530e-04   3.5479823e-11   4.1883001e-05   1.4910569e-06   5.0838767e-21   6.7279448e-05   3.8538495e-03   2.5645439e-05   1.7874562e-05   9.8858781e-05
   7.8958946e-05   1.5154500e-19   4.6449340e-05   4.2957020e-08   2.5276286e-25   2.4703075e-05   4.4713695e-03   4.0076875e-05   2.2540794e-05   1.2164074e-04
   2.6676212e-05   4.0289642e-17   3.7315944e-05   9.8304024e-06   5.8378630e-23   1.8770453e-05   5.2924237e-03   4.5338630e-05   2.9761913e-05   1.6169727e-04
   5.5958611e-05   5.5306266e-13   3.3066302e-05   5.0853253e-06   3.8381943e-22   1.5038370e-05   4.6092507e-03   6.6954257e-05   3.7556918e-05   1.3383486e-04
   5.8931833e-05   1.8613229e-29   2.2078443e-05   1.7696781e-05   3.3649855e-19   7.9155558e-06   4.1427115e-03   5.5517440e-05   2.5252321e-05   1.4490454e-04
   1.0019363e-04   3.5648217e-12   1.5877617e-05   1.2674415e-05   7.5039684e-24   6.7809442e-06   4.4912307e-03   1.5295843e-05   1.6817583e-05   1.3342372e-04
   1.4559858e-05   2.2776405e-12   1.5849849e-05   4.8482897e-07   7.5783050e-27   1.4264302e-05   6.3906977e-03   2.7011835e-05   3.1067081e-05   6.2654087e-05
   2.9312349e-05   1.9090649e-05   1.3064856e-13   7.1796285e-06   6.3280276e-34   8.4274804e-06   6.3558522e-03   4.1345605e-05   2.6904262e-05   6.5633940e-05
   2.5636174e-05   2.6764974e-05   5.8398123e-16   1.5653255e-11   1.9559622e-48   1.6259712e-05   6.9084468e-03   8.4899623e-06   3.9635444e-05   5.4747302e-05
   2.4526000e-05   1.5959162e-19   3.7624686e-10   1.3496921e-05   2.5405958e-35   1.3417673e-05   7.0433930e-03   1.3677157e-06   3.8894977e-05   5.2521755e-05
   4.3806903e-05   1.2727856e-06   2.6768126e-18   1.5069612e-11   1.9597564e-33   1.3336361e-05   6.8373781e-03   2.1111444e-05   3.7471220e-05   8.3040841e-05
   6.0951962e-05   2.9698106e-10   1.4413419e-19   2.1888798e-05   1.3321633e-15   7.7069014e-06   3.7286991e-03   5.9350347e-05   3.2180851e-05   1.2954741e-04
   6.4821338e-05   3.0714467e-09   1.1072292e-05   4.0944150e-05   1.3505287e-14   1.9459315e-05   4.3670729e-03   3.8360225e-05   3.9606467e-05   6.6417034e-05
   1.1346624e-04   4.4122656e-07   1.9196454e-05   4.6066636e-05   1.1671426e-11   3.3412541e-05   2.6460436e-03   1.4569920e-05   3.4121552e-05   8.3349934e-05
   9.4810500e-05   3.7849181e-29   7.4844417e-06   3.6423605e-05   1.8275959e-14   1.2923291e-05   3.2114264e-03   1.9062436e-05   2.1073593e-05   1.5725793e-04
   2.3886932e-17   1.7541090e-10   1.3259593e-23   8.5708551e-06   1.5315563e-31   1.8199325e-05   6.4493803e-03   5.8262594e-05   1.0666117e-05   6.9041626e-05
   1.8195530e-05   2.7569612e-16   1.7901423e-25   2.6515651e-05   1.6527109e-42   5.9601881e-06   6.5763783e-03   5.7325732e-05   2.2890581e-05   5.4162691e-05
   6.1396541e-11   4.4568393e-14   8.0677104e-26   2.7790598e-05   2.7346711e-33   1.3790591e-05   5.8176965e-03   4.8748490e-05   2.1258844e-05   6.3918368e-05
   3.4948016e-05   3.0983112e-12   7.0260297e-21   1.9909404e-21   3.8573203e-31   9.3216953e-06   6.6937518e-03   5.4860112e-05   1.3766650e-05   9.1668578e-05
   3.9908441e-05   3.0790940e-14   1.6530307e-13   5.2464605e-06   1.6570608e-29   7.5907491e-06   5.9426204e-03   6.1585172e-05   1.8809758e-05   6.2041993e-05
   1.8211043e-07   1.5170305e-05   7.6280355e-20   1.5777296e-05   3.4704155e-32   1.4843150e-05   6.0242539e-03   4.2000526e-05   2.5572676e-05   3.6078190e-05
   4.5513197e-10   1.9617612e-05   4.1830403e-08   2.0638207e-05   3.2971108e-29   2.3778914e-05   4.9060514e-03   6.1662255e-05   1.9261247e-05   6.1010507e-05
   3.8966427e-05   4.9203478e-07   8.4070151e-06   1.7400268e-05   4.8114315e-22   3.1007538e-05   4.1545157e-03   6.5707489e-05   2.3406541e-05   9.5231517e-05
   5.7728616e-05   6.3665570e-16   6.2228172e-06   2.3316320e-05   1.1344874e-13   5.3205982e-05   3.1765479e-03   5.9970941e-05   2.6320781e-05   9.5112389e-05
   6.6444198e-05   2.8155365e-22   3.4398849e-06   5.0810004e-06   1.7985262e-28   5.1019972e-05   3.3337847e-03   4.9197921e-05   2.3921180e-05   5.3311553e-05
   5.6534539e-05   8.1604787e-06   4.2630021e-08   2.3496893e-05   2.5287166e-28   2.8699985e-05   4.6956169e-03   6.1107077e-05   2.1393919e-05   8.4690338e-06
   2.9765397e-05   6.1286632e-22   1.8454586e-08   1.7519036e-05   1.1469925e-26   1.9143977e-05   4.9945551e-03   4.5682950e-05   2.7839611e-05   5.2288026e-05
   4.5894731e-05   2.7506041e-21   3.8438232e-09   5.1289815e-08   2.6607129e-26   8.3268157e-06   3.6568709e-03   5.6389776e-05   3.1100832e-05   1.0448470e-04
   4.6864968e-05   1.2177826e-05   1.2304390e-07   1.8095926e-05   1.5973061e-28   1.0111072e-05   4.6699147e-03   5.6047134e-05   2.5719468e-05   3.7109154e-05
   7.9002244e-05   9.4119009e-35   2.1594135e-22   2.2228686e-05   5.2276745e-31   6.7648513e-06   5.2408389e-03   5.2793585e-05   2.3076236e-05   3.8118824e-05
   4.8309968e-05   1.3733378e-17   1.4521306e-13   1.4767807e-05   1.7987089e-35   1.3738082e-05   4.0549765e-03   6.7592321e-05   2.1690077e-05   3.2980918e-05
   9.7431512e-18   6.6368958e-21   4.5138223e-06   9.3464840e-06   1.8876945e-28   1.2565249e-05   4.4986156e-03   2.1868330e-05   1.8076035e-05   7.6733047e-05
   4.8682252e-05   9.7509922e-32   2.0739102e-08   9.6990374e-06   5.3853237e-18   3.2274434e-06   3.0377750e-03   3.6738578e-05   2.1963112e-05   1.1555237e-04
   5.3150565e-05   3.3522693e-14   7.5188343e-18   1.3493898e-13   9.1729826e-26   2.2359806e-06   3.4107908e-03   5.0292148e-05   2.0481800e-05   8.5135572e-05
   8.4150687e-05   4.0538223e-07   6.7058235e-07   9.8389349e-06   2.2050256e-26   3.0093875e-06   3.0888382e-03   2.4976943e-05   1.7171305e-05   5.4811888e-05
   6.8264027e-05   3.6354328e-10   1.0124217e-05   2.0917185e-05   3.4159326e-20   9.6309585e-06   2.3126825e-03   6.0263857e-07   2.1378245e-05   4.4916127e-05
   3.0153292e-05   4.3509114e-05   1.2476942e-05   2.8904903e-05   3.1331733e-15   2.1881933e-05   2.1060325e-03   1.9517481e-05   2.0006570e-05   2.5409121e-05
   4.7098101e-05   3.3754219e-05   2.7579247e-06   1.7391741e-05   6.9510752e-31   7.6565136e-06   3.3863917e-03   9.6541124e-06   2.3113769e-05   1.8685231e-05
   3.9689443e-05   2.8180993e-05   2.7216552e-16   2.7143918e-06   9.5825466e-36   1.0027775e-05   3.1806195e-03   8.8471063e-06   1.3982332e-05   3.1680993e-05
   1.9678747e-05   1.9112011e-05   5.0050765e-13   9.0475579e-06   9.2785446e-35   1.2494680e-05   3.6468818e-03   7.5140056e-06   1.9712248e-05   2.8803542e-05
   2.0588745e-05   2.5259588e-05   3.8392176e-12   9.8267023e-06   1.1298864e-31   2.0837660e-05   3.9231695e-03   8.9423920e-06   1.7178925e-05   8.1692115e-06
   1.3466921e-27   3.1051786e-05   1.2298450e-08   2.0015194e-05   3.4025314e-37   1.6012483e-05   4.4297343e-03   2.8729071e-05   2.0509227e-05   2.4811553e-05
   2.4162263e-05   1.2990452e-05   3.7416054e-06   6.2943141e-06   2.3603297e-26   1.3994576e-05   3.3875714e-03   2.5032581e-05   1.8374681e-05   4.2397816e-05
   5.8725436e-05   1.5384544e-05   7.6505898e-06   8.8662566e-06   3.2586319e-23   9.3864025e-06   2.7730825e-03   1.0841153e-06   1.6088398e-05   5.9664163e-05
   4.5754526e-05   6.8312975e-16   1.2526273e-05   1.2947520e-05   1.0095661e-27   7.3219856e-06   3.1074283e-03   4.1873665e-06   1.3322664e-05   1.1591829e-04
   3.4027790e-05   7.9398722e-14   4.2154623e-06   1.2598202e-05   2.8699226e-29   4.4343453e-06   2.9312363e-03   2.1169047e-05   1.3068246e-05   7.3997617e-05
   3.1082273e-05   3.9414844e-07   6.8961301e-06   1.6432356e-05   1.2061949e-18   2.5088930e-06   2.2007134e-03   9.3974683e-06   1.6090584e-05   4.7248343e-05
   3.0750558e-05   1.0292739e-16   6.9723562e-06   6.1782655e-20   3.3925977e-10   4.5477094e-11   1.4716426e-03   1.8970441e-05   1.0466799e-05   9.2394416e-05
   4.9865234e-11   1.5376414e-05   9.6895924e-06   4.2495697e-06   6.6557440e-14   2.9621570e-06   1.9808505e-03   2.5814143e-05   1.8948399e-05   3.3934325e-05
   4.9775245e-08   1.1527017e-05   9.1170745e-06   2.3310176e-08   1.3215134e-19   6.6924630e-06   2.3489298e-03   1.7626973e-05   1.5461277e-05   3.5417130e-05
   2.3051701e-20   1.7272862e-05   1.7469143e-05   8.2515610e-15   2.8208354e-19   1.0879070e-05   2.2651202e-03   1.0909741e-05   1.4523855e-05   2.7318161e-05
   1.0905826e-05   3.1001350e-05   1.9205406e-05   2.9518059e-09   7.3342671e-18   6.3739720e-06   1.5791288e-03   1.7864224e-05   1.2026022e-05   3.4730972e-05
   2.0691714e-05   3.0626384e-05   1.7047934e-05   4.4356969e-09   1.0372235e-16   1.4073014e-05   9.9101051e-04   7.7160875e-06   1.4542283e-05   5.0715111e-05
   3.5854713e-05   3.6799749e-05   2.2365883e-05   5.6640187e-06   5.5473562e-08   1.6787553e-05   1.1024329e-03   1.1007816e-05   1.1278416e-05   2.2099505e-05
   1.2341862e-05   2.4363108e-05   2.3727330e-05   3.0495188e-09   6.5392767e-22   1.1473719e-05   1.6972041e-03   2.2370357e-05   1.1999318e-05   3.8943224e-05
   3.9826076e-13   2.1058017e-05   2.1268987e-05   4.4969357e-06   3.4971517e-33   5.0603194e-06   2.1532847e-03   9.8659629e-06   1.8704019e-05   1.5453160e-05
   8.1363124e-18   2.6877575e-05   8.5043492e-06   1.2725821e-09   5.3018463e-33   7.5202788e-06   2.3246393e-03   9.6213540e-06   1.3282921e-05   2.1466236e-05
   1.2839617e-27   5.6142390e-06   7.9751162e-06   3.5206777e-12   3.4193072e-25   4.5606031e-06   1.9759616e-03   1.9594983e-06   1.0382789e-05   4.5204861e-05
   4.0617281e-23   1.9490130e-16   1.6798986e-05   1.3852302e-07   3.9044107e-23   8.3497074e-06   1.5715009e-03   1.7647967e-06   9.7281608e-06   3.3753223e-05
   3.5222050e-13   2.9435044e-05   2.6637662e-05   7.4467183e-23   7.7570707e-12   1.1997869e-05   1.2048502e-03   1.5060772e-06   7.9926537e-06   2.8605905e-05
   1.8775507e-17   2.1568350e-05   2.6930807e-05   8.3691859e-08   3.9869903e-14   9.9823944e-06   9.9983966e-04   1.2258436e-10   9.0059554e-06   5.3769846e-05
   5.9565682e-11   1.9261786e-05   1.3933498e-05   8.9092051e-11   5.5252774e-21   1.6012347e-05   8.0047994e-04   4.7639359e-06   9.9150419e-06   2.9960328e-05
   1.5445500e-22   2.4573002e-05   1.1547938e-05   6.2802788e-06   3.4408934e-15   1.4046804e-05   8.8488688e-04   1.0403650e-05   1.0861143e-05   3.6944361e-05
   9.2475945e-17   1.7711696e-05   2.7928607e-05   3.7258579e-06   1.3784065e-16   2.2634329e-05   9.8007107e-04   5.7521271e-06   1.4356487e-05   3.8306128e-05
   9.5210154e-14   2.8418099e-05   3.2485516e-05   1.4801115e-17   1.3115320e-19   1.7876935e-05   9.6622954e-04   4.3823535e-06   1.4300463e-05   1.4592628e-05
   7.5490438e-18   1.1394037e-05   2.5392185e-05   2.1595085e-09   1.3922755e-15   1.0975043e-05   8.3783243e-04   1.0821842e-05   1.0492838e-05   4.5416212e-05
   1.5486628e-21   8.8243986e-08   1.5956808e-05   5.6134399e-06   1.3896441e-14   2.5707473e-05   9.3452925e-04   1.1392993e-06   7.9247312e-06   5.2965013e-05
   5.1690009e-29   2.7961780e-32   2.9459916e-06   1.2949230e-05   1.6923615e-10   2.8464873e-05   8.7261701e-04   5.4767695e-09   1.1515423e-05   3.6876485e-05
