   4.5960004e-03   3.2262601e-10   4.8708208e-08   3.5652990e-03   8.9415462e-03   1.9467999e-02   3.6226539e-03   7.7549962e-03   3.8671811e-01   3.5952890e-03
   3.5761618e-03   1.3447498e-10   2.0507327e-14   3.0264340e-03   6.8899817e-03   1.6999881e-02   1.4258148e-02   4.7904056e-03   3.0578945e-01   2.5714439e-03
   2.2437389e-03   1.0400334e-18   1.2087982e-04   1.1921245e-03   2.0463936e-03   4.5895001e-03   9.7678375e-03   2.6173258e-03   9.3514719e-02   1.2887330e-03
   1.1949944e-03   1.1180873e-02   1.8591169e-13   6.9577068e-04   8.2544096e-04   3.4982235e-03   7.7029538e-03   2.1594535e-03   5.1103958e-02   1.7059054e-03
   1.2789280e-03   1.3183593e-02   9.0476627e-04   6.0852937e-04   6.4639474e-04   1.8248119e-03   7.9798574e-03   3.2479467e-03   4.2679665e-02   6.5456720e-04
   9.8313763e-04   6.5480595e-03   1.7524023e-04   7.3733517e-04   7.4645834e-04   1.5930527e-03   4.9573961e-03   3.4777953e-03   3.7975968e-02   6.2314658e-04
   2.6477790e-04   4.5883000e-03   4.1254008e-05   5.6295195e-04   5.0851823e-04   2.6654136e-03   1.9729554e-03   3.5556009e-03   2.5099672e-02   4.9763590e-04
   7.9004924e-04   5.3682027e-03   2.6307815e-08   2.4927450e-04   4.4702806e-04   7.0042487e-03   5.7224087e-04   4.2118855e-03   1.8660848e-02   5.3687101e-04
   1.4683016e-03   2.0470180e-16   1.2642246e-04   5.4255020e-33   2.7287412e-04   5.2906323e-02   7.1989028e-04   4.2639190e-03   4.6626265e-03   4.0523123e-04
   2.9164316e-03   1.6483014e-38   4.9531602e-04   1.0973572e-18   2.5246846e-04   1.2765844e-01   4.0705819e-10   3.9819108e-03   1.8899285e-20   7.8838814e-05
   9.0588350e-03   2.1068562e-20   1.8789410e-08   1.2431774e-04   2.9311440e-04   1.1119683e-01   6.4803734e-05   5.4316329e-03   5.4257110e-20   6.9344113e-04
   1.4746918e-02   9.6417988e-03   5.0299269e-10   3.7797556e-02   8.9630458e-04   3.7517519e-02   8.3413194e-03   5.6256220e-03   1.4639611e-17   8.7281031e-03
   9.7277774e-03   1.3418378e-04   9.8547479e-20   1.2912735e-01   2.5310640e-03   6.5662403e-03   8.6926392e-03   1.7754063e-03   7.9968118e-17   4.8122768e-02
   1.3346244e-03   5.2489497e-12   6.8993766e-05   2.9813404e-01   8.7430349e-03   4.8820875e-04   5.8999513e-05   1.4501094e-04   5.1883451e-10   1.0159188e-01
   7.3938961e-08   1.6760191e-08   3.5270448e-02   2.7913276e-01   6.1098251e-02   1.7217996e-19   4.2466223e-15   3.9424139e-03   3.1111766e-18   3.7570897e-02
   2.9380094e-15   8.2162460e-22   6.0728608e-09   5.6935561e-02   1.3441254e-01   2.3969365e-26   4.1847835e-29   5.4275003e-06   5.9356638e-23   4.0081720e-04
   1.0522562e-07   2.8913834e-27   2.3415571e-26   3.1810463e-04   9.2094940e-02   4.4416271e-03   1.3535035e-16   6.9528627e-04   4.5274171e-12   3.0293692e-09
   5.9298735e-04   1.3146600e-05   1.9614021e-27   3.2685309e-03   2.5129525e-02   3.3361010e-02   3.0278816e-03   8.8988789e-03   2.1496094e-05   7.3548465e-05
   3.3338365e-09   9.8809562e-15   2.5069128e-16   3.6034231e-03   5.1900478e-03   1.0325903e-01   9.4507538e-09   1.1254245e-02   2.5343513e-11   5.0128560e-04
   5.8764913e-15   7.1525652e-17   6.1827803e-08   2.7772625e-04   1.2962417e-03   1.2049184e-01   4.9762139e-16   4.2458971e-03   3.7691779e-16   9.4842456e-05
   1.0536267e-07   1.8743434e-04   4.5053913e-04   6.5464431e-04   1.7141489e-03   7.0645513e-02   9.4719204e-07   3.7596279e-03   1.6898866e-10   3.7049637e-05
   1.1396218e-10   4.5512782e-03   1.7619734e-04   2.5438229e-03   1.7151026e-03   3.4618780e-02   1.1296355e-02   4.8604225e-03   1.2882821e-09   1.3927448e-03
   1.2653317e-10   1.0419706e-02   1.7859284e-09   3.7636274e-03   1.6568443e-03   2.4138766e-02   1.4542819e-02   3.7464319e-03   2.2827057e-12   2.7101841e-03
   2.3608048e-04   5.7094449e-03   1.0237912e-25   3.4493980e-03   1.9707191e-03   1.3635270e-02   1.7105289e-02   5.2416425e-03   5.2387039e-12   5.0749652e-03
   1.1033740e-03   9.9535487e-04   2.5629634e-08   5.0997506e-03   2.7643690e-03   7.9990051e-03   1.6424953e-02   7.1079686e-03   2.1955701e-08   1.2591335e-02
   8.9532953e-04   9.7952109e-08   4.2365393e-04   1.2138420e-02   2.5645464e-03   6.4953506e-03   1.2336530e-02   8.0958375e-04   1.5091808e-08   3.3880153e-02
   3.0411422e-04   3.3559896e-30   7.6204728e-03   3.3329410e-02   4.4484007e-03   6.8447466e-03   5.0837797e-03   2.9100032e-03   2.2915752e-18   5.4425016e-02
   3.1339075e-10   2.1798616e-28   6.5630786e-02   4.2072841e-02   5.2169577e-03   1.7038626e-02   1.4904068e-14   4.0094458e-03   2.0409080e-18   5.8068450e-02
   2.4516455e-20   7.7765037e-08   1.2825642e-01   2.2237951e-02   1.3494643e-02   3.6096847e-02   9.5355917e-23   6.1335193e-03   4.4120877e-26   1.6543721e-02
   3.0690192e-18   2.7844655e-03   9.1519712e-02   6.6752646e-08   4.9584313e-02   2.3895916e-02   1.6177898e-20   4.4980203e-08   1.1402757e-30   1.0708740e-03
   1.3829279e-31   6.0629402e-17   5.8942522e-07   8.0469748e-36   1.0299864e-01   1.3614341e-12   1.4464664e-27   4.9823354e-24   5.1715772e-46   1.3674337e-20
   3.8753014e-38   1.5164864e-24   2.5393862e-23   1.7396467e-50   8.7023288e-02   1.0792908e-26   7.8410249e-33   3.7524792e-23   3.2561988e-40   2.4653913e-25
   8.9660547e-15   1.9139209e-19   1.0666891e-16   2.2401027e-31   3.5497443e-02   1.3292963e-09   4.9328952e-13   1.2979544e-03   3.0193574e-18   7.1452314e-15
   8.8668386e-14   4.2145913e-79   6.7867863e-03   5.0155402e-10   9.9095853e-03   9.7529774e-04   8.6613647e-03   7.5184624e-03   2.3062492e-12   2.7312001e-08
   8.4208001e-18   5.0197325e-44   1.4144619e-02   3.5067593e-04   2.7830872e-03   7.5016028e-04   1.3601494e-02   9.9636685e-03   2.3336437e-22   1.6527332e-03
   1.6262641e-14   1.4230200e-46   9.4346059e-03   4.4183906e-09   1.6465628e-03   1.3731997e-03   1.5942459e-02   1.0620745e-02   6.5104554e-15   4.5144643e-03
   2.9658949e-09   1.4673272e-05   1.3242531e-03   4.3379408e-12   1.1050888e-03   2.2501213e-03   1.3306919e-02   7.8836467e-03   1.3899588e-15   1.1171919e-02
   9.8155597e-04   1.5094174e-11   4.4901699e-04   3.0313438e-22   9.7056529e-04   4.7048606e-03   6.9163830e-03   2.6890885e-03   3.4862838e-11   2.0689849e-02
   6.9765084e-04   1.4680868e-17   7.3844506e-05   1.2887103e-25   5.7729810e-04   4.4749588e-03   2.1942252e-03   2.1412997e-03   4.8637436e-15   4.5491757e-02
   1.5264558e-06   5.4540247e-18   4.5837748e-06   1.5665419e-25   6.5731379e-04   1.4904364e-03   6.5123661e-04   1.2311827e-04   1.5313683e-21   7.8076884e-02
   1.7688151e-09   1.3199402e-26   1.0691432e-06   3.7100040e-18   8.3410116e-04   2.0611832e-04   6.8647768e-09   1.0787204e-06   5.3674206e-14   1.0167288e-01
   1.9629903e-10   1.9708296e-11   4.6118787e-02   6.6265521e-14   6.0966844e-04   1.3141822e-17   3.3266747e-16   3.6947807e-03   1.5586912e-18   7.2422016e-02
   5.9483129e-15   4.9935770e-02   7.8841853e-02   4.2403656e-10   4.0404067e-04   1.9706641e-11   3.0349808e-24   1.1729710e-02   1.7233426e-25   2.4620350e-02
   1.6248284e-09   8.5113649e-02   5.6564633e-02   2.1376350e-09   9.5594877e-04   7.2307717e-15   1.7014900e-16   2.2249191e-02   3.9705154e-31   5.2971486e-03
   1.2478368e-21   1.0209171e-01   2.6953936e-02   1.1843473e-20   2.3771160e-03   1.8262648e-16   2.6637006e-21   1.8669961e-02   6.1991026e-25   1.9476726e-03
   1.1856697e-04   1.0315434e-01   7.4841519e-03   4.9392697e-30   3.7512570e-03   1.0407911e-21   6.6323317e-18   1.5254178e-02   1.4104137e-21   1.4159144e-03
   2.2960415e-07   7.6024721e-02   3.4250721e-03   7.7702450e-30   4.1840171e-03   1.6751999e-04   6.2911797e-25   1.7066767e-02   8.3804919e-26   3.2003206e-04
   8.8436678e-05   2.9832643e-02   3.4603011e-04   5.5758824e-20   2.7013298e-03   5.7683701e-04   3.9046480e-14   1.7028094e-02   1.1790568e-22   1.9449115e-04
   6.4580471e-06   1.9187091e-99   1.7279698e-04   1.0151744e-13   1.0703979e-03   4.4424937e-04   1.2047520e-09   1.3918024e-02   7.0602020e-17   6.4813000e-04
   5.4330813e-15   9.5662255e-03   9.2588724e-10   3.1004725e-11   2.6936463e-04   7.4723156e-05   3.9099076e-09   1.2790783e-02   2.7574155e-04   1.1793619e-03
   1.0182777e-04   1.6549086e-06   2.4040681e-04   3.2369195e-09   1.5543107e-04   7.1901404e-16   4.6289414e-04   1.7088079e-02   2.0861160e-17   4.7439191e-04
   7.6980542e-06   6.6515703e-89   2.8362704e-04   3.5015899e-14   1.5481999e-04   2.3018229e-30   1.0122036e-05   1.7718138e-02   9.9896772e-25   2.0609394e-03
   1.0604510e-06   1.7928167e-15   7.0928769e-08   1.5697092e-21   1.5791949e-04   3.1436582e-31   1.6251406e-09   1.3457536e-02   4.4710986e-23   7.7493818e-03
   5.3625807e-09   6.5310583e-10   1.1769974e-07   4.0502036e-19   1.6241849e-04   3.4728815e-35   2.7529864e-24   1.3627060e-02   1.0530341e-32   1.2013891e-02
   2.3074550e-06   1.1521747e-26   3.8093965e-03   5.3880492e-15   1.7508088e-04   1.2612774e-24   2.4831529e-23   1.6367320e-02   4.2674756e-25   8.5343577e-03
   4.3563430e-05   7.0308780e-29   1.1299700e-02   1.1783271e-05   2.6640215e-04   2.1541816e-04   5.3614374e-18   1.8420382e-02   3.9200297e-22   2.4762901e-03
   2.5992421e-04   1.0157494e-02   1.6463818e-02   1.5478893e-04   2.1005860e-04   3.8781301e-04   1.6878695e-10   1.4718427e-02   3.8493577e-18   7.9229126e-04
   3.5487433e-05   2.3997553e-02   1.2978523e-02   2.2881367e-04   3.7088778e-04   3.4022606e-04   2.1653106e-05   1.3905302e-02   3.1813545e-18   1.5573015e-05
   2.4946026e-04   4.1432919e-02   8.3189853e-03   2.2899921e-19   6.7000120e-04   2.3046622e-04   1.5308088e-03   7.4831275e-03   2.6753763e-05   1.6314387e-04
   8.2503482e-06   5.2690456e-02   2.7694559e-03   3.0409470e-27   1.1444882e-03   1.3915387e-04   2.8692126e-03   7.1146457e-03   4.8783158e-05   1.8592813e-04
   4.0390643e-04   5.0516085e-02   1.8452901e-04   1.5056682e-16   1.4746132e-03   1.2552606e-09   1.8937134e-03   1.1022667e-02   2.1035126e-07   3.6481748e-05
   1.3124632e-06   2.7323092e-02   1.1872826e-08   4.3082062e-15   1.6713711e-03   1.7105884e-24   8.5131454e-10   2.0725986e-02   5.5000629e-23   6.3431501e-14
   1.0640279e-04   5.2898816e-03   2.3272384e-22   4.2446385e-08   1.3357830e-03   3.8379808e-10   2.9120627e-08   2.1845784e-02   6.2623688e-25   6.9851099e-05
   3.8327048e-04   2.6126936e-20   5.6163766e-06   8.5993326e-14   7.7192384e-04   2.2771281e-04   1.2757746e-03   1.4689067e-02   1.0167000e-11   5.2289587e-04
   9.1237142e-05   4.2915130e-25   7.1117900e-04   3.2453456e-04   2.9811958e-04   4.1854528e-04   1.4718715e-03   1.0753006e-02   3.4558426e-05   1.6869888e-03
   5.5139610e-05   8.2833123e-07   7.8231344e-04   1.2616957e-03   1.1014148e-04   7.0138907e-04   2.1483321e-04   8.7030183e-03   9.1693087e-07   3.8825635e-03
   5.7204421e-18   7.0342651e-24   4.0028404e-06   2.1503687e-03   1.8018561e-04   4.9144757e-04   2.0502221e-03   6.0688641e-03   5.3179098e-07   6.0569713e-03
   4.3029025e-05   3.2676544e-59   2.9317810e-04   2.7006726e-03   1.7650300e-04   1.4396192e-04   1.3844444e-04   1.2875691e-02   5.1297752e-13   5.8201041e-03
   2.5081623e-04   1.4451576e-48   1.9084226e-03   2.7005634e-03   2.0268407e-04   5.2141159e-05   2.8769844e-08   1.6069237e-02   5.1250331e-16   2.6014856e-03
   1.1317065e-06   2.8484865e-38   5.0447527e-03   1.6442830e-03   2.4778260e-04   1.6109525e-06   9.9153846e-10   1.7420552e-02   1.2979033e-13   5.6410074e-04
   1.6236097e-04   2.8776267e-28   9.5494242e-03   4.8469704e-04   2.6520941e-04   2.0607668e-12   3.5308216e-07   1.6375200e-02   1.6711356e-19   2.5383658e-04
   1.9097152e-04   5.8392862e-33   8.1588090e-03   2.0884378e-04   3.7611154e-04   3.7754742e-07   2.1447752e-06   1.5488474e-02   2.9601226e-11   9.6532938e-05
   1.0536504e-04   1.1179542e-30   4.0479177e-03   2.3432127e-10   4.4718700e-04   4.3685172e-05   4.5149314e-08   1.5726080e-02   7.5927340e-11   2.0932448e-04
   1.5840504e-04   4.7688219e-03   1.2360604e-03   3.0380363e-07   6.5902020e-04   8.9566665e-05   5.4554990e-05   1.3695379e-02   1.7165401e-10   2.0389874e-04
   1.9650516e-04   1.1799004e-02   5.7446539e-07   1.9091509e-04   7.9148315e-04   1.6983094e-04   3.5537827e-06   1.4789720e-02   3.9993718e-15   1.7846230e-04
   5.0598944e-04   1.1729629e-02   5.0981226e-15   3.2477096e-19   1.1264353e-03   2.3611213e-04   5.9991159e-08   1.3540598e-02   9.0591875e-23   5.8270049e-04
   3.4579023e-04   5.9483174e-03   1.0525889e-11   9.4712313e-30   1.5543605e-03   8.9457298e-05   9.0047144e-05   8.3639297e-03   2.4860978e-08   1.1908573e-03
   1.9283577e-04   3.7147541e-19   3.2422125e-10   8.8857464e-20   1.6387742e-03   9.5047710e-12   1.0163061e-03   7.0140151e-03   3.3996279e-10   1.2997689e-03
   9.9236992e-07   1.9924442e-63   5.3581774e-16   1.8902914e-04   1.0507445e-03   1.0441454e-17   2.6535917e-04   1.1644426e-02   1.6138431e-20   2.8169907e-03
   1.2074589e-11   3.9208678e-53   1.8329730e-23   6.0081652e-04   3.3812221e-04   2.0465853e-18   9.5733227e-18   1.4667038e-02   5.9809024e-17   5.0392054e-03
   7.6333363e-12   1.9307536e-65   4.1932903e-21   7.0376481e-04   1.5629735e-04   5.8506385e-14   4.6319970e-22   1.2851791e-02   8.5344077e-16   6.4413667e-03
   2.1986687e-04  8.8677146e-116   3.8060649e-04   1.0567795e-03   1.9569734e-04   1.0274912e-12   2.6872158e-11   9.9673000e-03   1.1831997e-10   4.1650008e-03
   9.7006191e-05   3.3536152e-90   2.1598348e-03   1.9586792e-03   2.1205545e-04   7.9557966e-06   1.9696484e-06   1.1220446e-02   5.3066804e-06   7.9660184e-04
   6.1355045e-05   9.2212396e-43   2.2624224e-03   2.1151462e-03   1.8322382e-04   1.5572189e-04   8.9162549e-04   1.0318247e-02   7.5039457e-06   7.6678431e-04
   2.0651849e-14   1.5568272e-09   2.6182722e-03   2.0819464e-03   2.1894283e-04   1.1770595e-04   4.8203314e-04   1.1126463e-02   3.5982924e-10   3.2897280e-04
   1.6071831e-04   1.2250538e-10   2.6391598e-03   9.7231026e-04   2.9119092e-04   4.9447088e-07   1.6260287e-14   1.4265571e-02   3.1654506e-17   4.1887758e-04
   3.4984040e-04   5.0847659e-28   3.6771075e-03   7.0518513e-04   2.8032329e-04   3.0344247e-10   9.6011663e-08   1.2486670e-02   1.1389222e-18   3.4394292e-04
   2.0032306e-04   3.3778271e-03   2.3318422e-03   7.5704496e-04   4.0806685e-04   1.3890332e-04   2.6376467e-03   4.5856667e-03   3.2106361e-04   6.8968188e-04
   9.9350774e-09   1.3930942e-02   1.7626077e-05   9.9308739e-04   5.1425715e-04   7.5008866e-06   1.8498764e-03   8.2872586e-03   4.4679871e-10   1.1547765e-03
   2.9263927e-09   1.8849250e-02   5.3468361e-27   1.8292225e-04   5.1919636e-04   3.4980971e-06   3.5762204e-04   9.0457018e-03   4.0810754e-05   1.8817290e-03
   2.1468709e-04   1.3339498e-02   3.9732063e-12   3.3077297e-17   7.6203448e-04   1.9184040e-04   2.8870259e-04   7.0852708e-03   4.4345061e-06   3.1739990e-03
   9.6626397e-05   3.4922802e-03   6.6461280e-20   1.1019076e-13   1.1676827e-03   3.2455170e-04   5.3060019e-04   5.0173052e-03   3.2649410e-04   4.7185132e-03
   4.4532235e-05   1.7832203e-26   1.1636637e-28   2.4022894e-09   1.3860282e-03   2.6476583e-04   3.9397712e-05   3.6491116e-03   7.1846701e-04   7.3628004e-03
   6.1016512e-08   3.7176485e-31   5.3170057e-25   1.0747105e-09   1.1482091e-03   1.7977885e-04   7.4481495e-04   1.2316791e-03   1.9486959e-03   8.5783805e-03
   1.7943215e-14   7.2043398e-37   1.3535842e-06   8.9828789e-04   6.4668244e-04   6.8314951e-05   1.6830598e-03   1.7589679e-03   2.1277332e-03   6.0085928e-03
   1.2989726e-05   2.9037952e-86   3.1589753e-03   7.7188307e-04   3.3834335e-04   1.2333075e-04   2.3169802e-03   3.9009487e-03   2.2495802e-03   1.0627304e-03
   1.7755597e-10   4.5767072e-32   3.8109609e-03   1.0675953e-03   4.2209651e-04   1.3744683e-04   2.1321139e-03   4.1776289e-03   2.2661736e-03   1.7142074e-03
   1.0042881e-17   3.0496526e-43   4.7862889e-03   8.3079037e-04   4.2332426e-04   4.8391641e-05   2.5002965e-03   3.9896957e-03   1.1731959e-03   1.4484328e-03
   1.6401065e-04   1.2962131e-05   8.6593447e-03   8.1823562e-09   4.0321210e-04   1.1110050e-04   3.1184496e-03   2.2772336e-03   2.6717033e-04   7.5657516e-04
   4.8287074e-04   4.6599091e-03   1.2499805e-02   4.3792244e-18   4.6334560e-04   1.7024437e-04   2.6065843e-03   1.1787433e-03   7.0054293e-04   1.1796288e-03
   3.7473270e-04   4.7351060e-03   1.1013592e-02   6.6364316e-11   5.5778871e-04   2.7509738e-04   2.0302062e-03   1.3005854e-03   8.2197297e-04   1.1423211e-03
   1.0317263e-12   5.1370481e-05   7.3805198e-03   6.0474930e-12   7.7565589e-04   2.7871229e-04   3.9799081e-03   1.7094130e-03   2.9664099e-06   1.7140472e-03
   1.6624299e-04   1.5405117e-03   1.4543754e-03   1.4395654e-09   1.1190772e-03   2.1466391e-04   3.7410650e-03   1.9835076e-03   1.3803592e-04   2.6773260e-03
   3.0922018e-09   6.2784072e-03   3.4048016e-03   1.9633745e-18   1.1662256e-03   2.7906850e-04   1.4302999e-03   1.3800950e-03   9.7938662e-04   3.1355915e-03
   1.5429957e-04   6.3249774e-03   3.2486718e-03   2.3282651e-19   1.2257576e-03   1.8566161e-04   3.3554480e-04   1.4694106e-03   8.4277657e-04   5.1639045e-03
   8.5866859e-05   2.7427917e-03   1.6479139e-06   1.4899190e-23   1.7141094e-03   1.0034079e-04   1.3494517e-04   9.2503988e-04   1.1909591e-03   7.6973619e-03
   1.6843867e-04   8.3265624e-13   2.5554364e-14   1.4687824e-21   2.0881917e-03   1.7291922e-05   1.8569867e-04   3.6940997e-04   1.8459484e-03   7.1129152e-03
   3.0783992e-04   8.7060872e-39   4.9968513e-07   8.6918515e-26   2.4946657e-03   3.0539194e-11   9.0916357e-04   7.1535153e-04   8.8043803e-04   4.0971500e-03
   4.4462988e-04   1.9221629e-58   3.2366167e-03   5.1268105e-10   2.3192581e-03   1.4438002e-05   1.4474179e-03   8.8372719e-04   1.0195913e-03   1.3861041e-03
   4.1853713e-04   1.7300081e-41   5.6172463e-03   6.7401302e-15   1.2477859e-03   4.0011236e-05   2.1142863e-03   8.2683359e-04   1.1033298e-03   1.3503250e-03
   6.2230047e-05   7.4209195e-27   5.2422918e-03   4.3324437e-04   9.2633064e-04   8.2942715e-05   3.9633824e-03   3.8405894e-04   8.5788795e-04   4.2686535e-04
   3.8187024e-04   2.4228143e-15   7.0374357e-03   9.6658284e-09   8.0830674e-04   1.2333179e-04   4.8290205e-03   5.2960860e-04   4.3686406e-04   9.0708231e-05
   5.0556982e-04   8.8259985e-51   1.2798582e-02   5.8821497e-19   7.1803799e-04   1.6170203e-04   4.0278002e-03   9.2230747e-04   3.6475741e-04   2.5438530e-04
   3.6362559e-04   1.7263916e-61   1.7728943e-02   2.5459719e-13   7.0382751e-04   1.7416466e-04   3.5463384e-03   5.4184095e-04   4.9082296e-04   1.1873322e-04
   8.3436433e-04   1.5337342e-23   1.7016134e-02   2.3355338e-15   8.0776472e-04   1.6560638e-04   5.9897630e-03   8.5825825e-16   7.8700255e-18   9.8586668e-05
   5.5055794e-04   4.6857865e-23   1.5637001e-02   3.7210287e-11   1.0205011e-03   1.1615461e-04   4.9671143e-03   4.0818459e-04   9.4237292e-10   7.2839679e-04
   6.7809897e-04   2.9490050e-08   5.2714710e-03   6.3623255e-10   1.5002221e-03   3.4246508e-05   1.8188599e-03   4.1137471e-04   7.5361927e-04   6.2354724e-04
   1.1082156e-03   7.7474324e-04   3.7885854e-03   2.9058433e-04   1.7703691e-03   1.2206346e-04   2.0209698e-03   3.7669672e-04   9.5252067e-05   1.2750029e-04
   1.3942154e-03   6.0990995e-11   4.9228802e-03   2.0949353e-04   2.2742977e-03   2.5280783e-05   2.5459955e-03   1.5625365e-04   1.1794298e-04   9.5563040e-04
   1.3072793e-03   1.4324520e-19   1.6801196e-03   2.5136448e-12   2.2793075e-03   4.4242452e-05   4.1208969e-03   7.3071544e-21   4.7961022e-11   2.3181960e-03
   7.2928287e-04   1.4961549e-31   2.1073757e-04   3.7798397e-19   2.8520824e-03   3.6209974e-06   3.5563338e-03   3.8406131e-20   7.5519656e-11   2.6671116e-03
   6.5292564e-04   4.4337239e-46   9.4943183e-07   5.4375043e-18   4.3108605e-03   1.1710664e-21   2.0670534e-03   1.1784183e-27   7.4875185e-10   1.0884302e-03
   8.8602802e-04   5.2962366e-69   4.2931579e-10   7.9725847e-31   4.7673117e-03   5.5982389e-22   1.0169646e-03   9.6163674e-13   3.9413927e-09   3.8272181e-04
   4.1530024e-04  5.3064688e-125   1.8561952e-16   1.6898381e-27   4.4159342e-03   1.1837801e-15   2.0126630e-03   1.7543861e-08   7.7990015e-11   1.9286432e-04
   4.5679928e-04   9.9115440e-81   1.9528040e-20   4.7003344e-28   3.2428322e-03   2.2535425e-09   3.0288632e-03   4.3263711e-07   1.2865786e-08   1.4461864e-05
   7.1309065e-04  2.3052158e-103   6.6794056e-04   1.0220316e-18   2.1143927e-03   2.3653595e-05   2.8956708e-03   1.0098963e-07   4.0938148e-07   1.8524237e-05
   9.7412256e-04   2.3973088e-67   1.1783198e-03   5.0328286e-37   2.0936284e-03   7.1833619e-05   1.8698792e-03   3.9423067e-06   5.2893405e-05   3.8031917e-06
   1.0569312e-03   1.5336058e-73   2.1689650e-03   2.6679824e-21   1.7222593e-03   4.0266009e-05   2.4173657e-03   9.6778036e-10   5.6879576e-09   6.4252082e-05
   1.0677224e-03   2.0672570e-71   4.0884494e-03   3.9972941e-24   1.3128963e-03   1.1118694e-04   1.7994290e-03   4.8867014e-11   3.3582544e-06   6.1556167e-05
   1.2102096e-03   3.9980195e-45   3.9785385e-03   3.1894568e-28   1.0776342e-03   1.6448066e-04   1.3538762e-03   1.0134917e-04   3.6042800e-05   5.4232219e-05
   1.0572254e-03   7.2141986e-42   1.1643432e-03   4.3101369e-26   1.8002721e-03   1.2516167e-04   2.2962277e-03   1.6937116e-07   8.4696087e-07   6.3730657e-05
   6.3945025e-04   1.2385615e-40   7.5860892e-07   2.0568363e-20   2.0488705e-03   1.8851849e-04   2.3551505e-03   2.6073339e-18   2.3261836e-07   2.3272002e-04
   2.8097650e-04   7.9616750e-27   7.3669759e-04   1.4311411e-07   1.6242707e-03   1.1489451e-04   2.3949700e-03   6.6816589e-06   1.6484838e-04   2.0942229e-04
   3.9968043e-04   2.4039207e-25   6.8281328e-05   1.1328110e-12   1.6935250e-03   3.9380812e-05   2.1146681e-03   5.7947752e-10   1.9292836e-04   3.2722766e-04
   3.8360420e-04   1.6920668e-26   2.1952260e-14   6.5625432e-24   1.7325051e-03   3.8546521e-05   1.4398411e-03   5.8838941e-19   2.0563450e-04   2.9588136e-04
   3.7605570e-04   5.5302001e-36   9.0761253e-17   3.6719916e-12   1.8294419e-03   7.2933093e-05   1.5011902e-03   4.5227227e-08   3.3323642e-04   1.9286416e-04
   2.5204150e-04   4.5828826e-58   4.0251049e-28   9.2837092e-22   2.3761167e-03   2.7604290e-05   1.6093249e-03   1.4632236e-08   3.5433486e-04   5.1301017e-16
   3.6216511e-04   1.2392907e-77   4.1740870e-33   2.3285793e-43   2.9206627e-03   1.0517546e-09   1.6825963e-03   8.3225257e-20   5.6788124e-05   1.0491548e-11
   4.8274540e-04   2.3506386e-87   6.4769767e-29   4.2251779e-31   2.9044665e-03   4.6137594e-05   2.3060679e-03   4.4641386e-44   2.1017433e-07   1.5990368e-22
   3.4245417e-04   5.4525439e-93   1.8870069e-26   1.2888244e-28   2.8694753e-03   1.1677964e-04   2.3471989e-03   9.0601216e-26   7.4394212e-05   2.2510988e-18
   1.7365711e-04   4.9060908e-80   1.1188813e-16   1.0539817e-29   2.3565581e-03   2.1364865e-04   2.0774575e-03   2.2155033e-11   1.1177431e-04   8.5442213e-12
   6.8587652e-04   4.8659922e-79   1.9891743e-04   3.7521571e-30   1.4872493e-03   3.8796841e-04   3.0800960e-03   8.7406503e-10   6.1139264e-06   6.5877789e-06
   1.0560646e-03   3.3715290e-60   1.4567332e-03   1.2281062e-24   1.0103125e-03   4.3951020e-04   3.3924784e-03   1.1423755e-17   4.8801485e-06   7.8611245e-08
   6.5226507e-04   4.3308426e-33   1.1538014e-03   3.1787579e-12   8.6472878e-04   4.4451088e-04   3.1637200e-03   3.1130874e-18   6.1594373e-05   3.1928159e-05
   9.1539596e-04   3.0785542e-14   3.5007765e-04   1.5512261e-04   8.2984002e-04   3.0900848e-04   2.8124014e-03   8.2168777e-10   6.4100158e-05   5.1037445e-05
   5.2217382e-04   1.3213970e-24   2.1147957e-04   9.0361866e-05   1.2974597e-03   2.4900823e-04   2.4768987e-03   7.3304820e-15   3.0535919e-06   1.1246095e-04
   4.4103680e-04   3.3859095e-30   2.1041381e-08   1.2364349e-04   1.4860712e-03   5.4339849e-04   1.0452694e-03   6.6841428e-12   3.7758509e-04   2.5341611e-04
   1.0683437e-03   8.8159316e-34   6.9513014e-16   1.5199995e-04   1.7645507e-03   7.6746910e-04   5.3293249e-04   7.0445936e-13   4.2939678e-04   2.9727462e-05
   8.4425510e-04   7.1224963e-30   1.7648219e-19   1.6835524e-04   1.4352478e-03   6.8290683e-04   1.6094797e-03   6.5569573e-06   2.2601097e-04   1.9872243e-04
   8.2082882e-04   4.6540193e-38   4.0331733e-36   7.3948590e-05   1.5052961e-03   8.5609638e-04   2.0388230e-03   1.5085923e-15   8.0148564e-06   1.1625883e-04
   8.8566054e-04   4.0733083e-53   4.4320334e-26   2.6950672e-14   1.7663389e-03   1.5247510e-03   1.1058101e-03   2.4364286e-06   2.0924291e-04   6.8699653e-14
   5.9624228e-04   2.2012661e-59   1.4557232e-14   7.2770076e-08   2.2319390e-03   1.1625411e-03   1.3252767e-03   4.9288299e-10   1.0738756e-04   9.6919332e-05
   5.7862086e-04   7.1690496e-60   7.9742128e-18   9.3312368e-13   2.7201693e-03   1.3029550e-03   1.3189972e-03   4.4901777e-17   5.9160725e-05   1.9177238e-04
   8.5673688e-04   5.7651512e-63   2.4485025e-25   5.9060642e-17   2.6746045e-03   1.4314390e-03   1.2692092e-03   1.1774247e-20   2.7281255e-05   9.8826865e-05
   9.6838094e-04   2.4500836e-59   7.0303272e-22   1.6775767e-16   2.7164970e-03   8.6035663e-04   2.0410058e-03   2.4954764e-32   3.9288280e-07   2.2794102e-06
   3.4346139e-04   1.0308654e-50   1.4850389e-06   4.3065226e-26   2.3771658e-03   1.2002147e-03   2.7633054e-03   2.1314042e-20   5.6681622e-05   1.2893083e-04
   5.5187764e-04   1.4454810e-51   7.4611637e-04   6.1163771e-09   2.1596333e-03   9.6093825e-04   2.9675573e-03   4.3008278e-13   1.9963410e-04   2.5919841e-04
   4.0253599e-04   4.5846711e-55   5.1192248e-04   2.0054803e-04   1.7481359e-03   1.1776546e-03   4.1677446e-03   4.6562355e-11   1.3933218e-06   3.1554555e-04
   9.5746073e-06   1.7715187e-45   8.2273740e-05   4.7676488e-04   1.7967920e-03   1.9366486e-03   3.8122809e-03   1.0887512e-05   2.6281826e-09   4.2977244e-04
   3.7017746e-04   8.9966758e-27   8.1298201e-08   4.1893049e-04   1.4454123e-03   1.6429442e-03   2.6985033e-03   1.2803741e-14   1.0983717e-09   9.4369307e-04
   5.7595766e-09   3.2012308e-18   9.2690479e-11   4.6286674e-04   1.5893179e-03   9.3977941e-04   3.7115372e-03   6.8359693e-16   1.1842433e-06   8.9942860e-04
   7.5927263e-06   3.0614448e-22   6.1530894e-21   5.6692040e-04   2.5639407e-03   6.4378393e-04   4.4332481e-03   3.9392419e-21   1.4246188e-09   3.2095015e-04
   5.7088112e-04   4.9254233e-22   5.6388581e-25   3.4797096e-04   2.2811109e-03   7.2943801e-04   4.6675345e-03   3.7139176e-19   8.2692194e-11   2.4186470e-04
   6.6819449e-04   3.2817265e-33   6.7716159e-08   2.9555239e-05   2.0405312e-03   7.2331685e-04   4.1666908e-03   6.3293874e-16   2.1727669e-05   8.3987312e-05
   6.4864005e-04   1.7762446e-73   2.0451588e-24   4.2863375e-04   2.3522136e-03   8.8805677e-04   1.4741125e-03   1.1625915e-16   5.4753754e-04   3.8567247e-04
   5.2747633e-04   3.9578061e-62   1.4273006e-12   5.6900280e-04   2.4248319e-03   8.8073315e-04   1.8201125e-03   4.6987658e-22   9.7225765e-08   7.8759099e-04
   2.6506751e-04   8.1608236e-61   7.0755817e-13   3.7986310e-04   3.5419145e-03   1.0415636e-03   3.2837658e-03   1.3627982e-11   9.0770219e-11   4.8505342e-04
   2.3599997e-04   1.9797713e-73   1.3501801e-04   2.9032731e-11   4.6641111e-03   9.7767503e-04   3.1403366e-03   5.1062387e-28   2.9188025e-06   3.1334899e-05
   4.4575794e-04   6.1591352e-94   2.2797807e-04   3.6582728e-28   5.5553583e-03   6.3343305e-04   3.8857292e-03   3.3395863e-22   9.8294988e-09   2.7591610e-10
   4.5816195e-04  5.3800235e-109   7.4492045e-04   1.3422388e-32   5.7246763e-03   5.2449106e-04   2.8649281e-03   1.7432794e-16   8.2164583e-05   4.5142683e-04
   8.2784513e-05   7.5961312e-85   3.6648446e-04   2.2011644e-06   5.4759225e-03   4.2023530e-04   1.6919162e-03   1.6569307e-10   6.0206136e-04   1.1578710e-03
   5.9414498e-04   6.3908361e-63   3.8978862e-13   3.5157659e-04   5.3541372e-03   5.7593821e-04   2.8682588e-03   5.0801922e-14   1.8468558e-05   1.3886109e-03
   6.3224119e-04   8.9133046e-49   5.4516500e-20   2.5090800e-04   3.5692884e-03   6.0500487e-04   2.2452682e-03   1.8375086e-21   4.6421538e-07   2.0884954e-03
   7.0027687e-04   9.0046040e-43   1.4097148e-16   3.0816054e-04   1.8675478e-03   7.8335962e-04   2.4789718e-03   3.1667037e-06   6.9014033e-06   2.0636553e-03
   1.2144935e-03   9.7062238e-50   1.0866901e-03   5.0563495e-04   1.0773582e-03   7.2795190e-04   4.1276754e-03   1.9008268e-04   1.1842597e-08   1.4176772e-03
   1.5802729e-03   1.6839795e-50   8.7081810e-11   3.3261689e-05   7.7412749e-04   5.4619243e-04   5.7591280e-03   2.6299024e-04   8.6846753e-10   1.5298093e-03
   6.7666710e-04   1.5117909e-26   6.6369082e-06   3.1575999e-19   1.0828918e-03   5.5809710e-04   6.7865716e-03   1.2660950e-04   1.0333697e-11   9.6570387e-04
   1.2387474e-03   5.6338190e-25   6.5910287e-05   4.0592926e-13   1.6459223e-03   4.7852886e-04   4.9005105e-03   2.0939764e-04   7.4231699e-09   6.4500744e-04
   2.2702258e-03   1.8655902e-32   4.7273421e-05   8.3872196e-14   1.4369001e-03   4.2635921e-04   5.6711023e-03   3.6364402e-04   5.4704783e-15   6.7291914e-04
   2.5397396e-03   1.0576807e-42   2.5362283e-04   4.3409969e-13   1.4158034e-03   3.8974263e-04   6.8970089e-03   5.4769231e-04   1.2300284e-14   6.2767539e-04
   1.8000202e-03   1.5704072e-41   1.2961587e-03   4.5420667e-12   1.5794281e-03   3.4181418e-04   7.0833582e-03   4.1480040e-04   5.7867267e-17   5.4940791e-04
   1.7650950e-03   4.4250584e-44   2.9051779e-03   2.6882527e-19   1.4129428e-03   6.0488233e-04   6.9744892e-03   2.1370858e-04   1.7298856e-15   4.9306067e-04
   1.7136926e-03   2.4771276e-57   2.0664191e-03   4.7534618e-37   1.4942863e-03   5.7952579e-04   6.2975359e-03   2.0273361e-04   4.0770064e-15   4.0292596e-04
   1.8080396e-03  4.3559393e-139   1.7176337e-03   1.0635182e-30   1.9430631e-03   2.5123739e-04   6.4846564e-03   1.0283135e-17   4.9330525e-18   4.0746255e-04
   1.6148175e-03   3.9110120e-74   4.5389243e-05   1.5599049e-37   2.3396525e-03   1.7899115e-04   8.7833483e-03   1.2551732e-14   6.3896711e-23   6.2719650e-04
   1.2811442e-03   1.6223506e-75   7.4605762e-07   2.6791414e-31   1.9895004e-03   3.3101761e-04   7.8966816e-03   5.1508787e-14   2.2432314e-18   7.1762302e-04
   1.1169933e-03  7.4933916e-144   9.8080243e-04   7.3817137e-32   1.5175699e-03   5.0641802e-04   5.5232538e-03   4.6270434e-05   1.7670691e-15   7.1130530e-04
   1.4128777e-03   1.0041013e-58   1.2759187e-03   4.4005638e-37   1.2944676e-03   2.8019122e-04   3.8158512e-03   1.3429709e-04   2.0165384e-17   5.5535470e-04
   1.3205853e-03   1.5992006e-33   8.2087258e-04   7.2887688e-35   1.2574170e-03   4.6442726e-04   4.5544486e-03   1.0488559e-04   9.0932834e-19   8.8000434e-05
   8.0073596e-04   1.3578584e-21   3.3179658e-05   3.1615426e-29   1.0793717e-03   5.2055346e-04   5.2834215e-03   9.2774306e-05   1.6581732e-12   4.6257837e-05
   9.3702859e-04   5.7810056e-22   3.4411626e-08   2.9510243e-25   1.0031356e-03   3.1546084e-04   6.0223578e-03   1.9195104e-04   2.7374193e-12   9.9116512e-05
   1.0099047e-03   6.7826598e-13   3.5092287e-09   9.5163683e-24   9.0294115e-04   3.7187610e-04   5.4469589e-03   4.1211867e-04   1.8787132e-11   5.2504646e-05
   1.2398062e-03   1.2581118e-05   1.1316442e-18   9.2778459e-30   8.0040835e-04   4.5113271e-04   5.4656093e-03   3.5660339e-04   2.3622296e-16   1.2743091e-04
   1.3326564e-03   9.1461225e-05   5.4971400e-10   1.5801635e-30   8.1917282e-04   2.5297895e-04   5.0779578e-03   1.0379052e-04   2.5837516e-12   2.8289083e-04
   1.5437395e-03   1.2246049e-09   2.9114270e-08   8.6336274e-29   7.3934797e-04   4.0592654e-04   4.0868180e-03   3.0792177e-04   9.5750741e-09   7.4658118e-05
   1.4843972e-03   3.7208728e-09   5.1555172e-04   4.5509222e-30   6.4184458e-04   3.7951539e-04   4.8417185e-03   2.0218223e-04   5.3875148e-14   7.6703870e-05
   1.0203642e-03   6.5262624e-20   4.5797525e-04   3.3295913e-31   6.2519665e-04   2.5873381e-04   6.0698806e-03   3.6423519e-04   1.8041092e-18   9.7587115e-05
   7.4518271e-04   1.2790823e-54   1.4795400e-04   1.4301831e-31   8.3118641e-04   3.1219586e-04   7.1190855e-03   4.8400348e-04   3.9986983e-19   2.1328556e-04
   1.5267441e-03   5.9855913e-71   3.1791877e-04   9.9248567e-37   9.1862439e-04   2.8963555e-04   5.9028801e-03   4.9281829e-04   3.6527555e-20   2.3389123e-04
   1.6059665e-03   1.1579986e-37   1.1091660e-04   2.5008040e-36   1.1347631e-03   2.1275114e-04   4.2895352e-03   3.2228323e-04   1.0048785e-11   2.7156557e-04
   8.8778105e-04   1.1245035e-30   4.9465829e-04   3.5970521e-32   7.7882038e-04   1.2764462e-04   4.0035507e-03   5.1241272e-05   2.5081031e-10   4.6518981e-04
   5.6386286e-04   2.9536751e-93   1.6406037e-04   3.5376058e-42   8.4710904e-04   1.1633476e-04   5.9656216e-03   2.3301998e-04   1.0369645e-17   2.5708029e-04
   6.7788636e-04   2.5765639e-18   4.8208191e-05   9.1075294e-27   7.1344591e-04   9.6676547e-06   7.3722348e-03   2.2759859e-04   2.9326734e-20   1.1291427e-04
   7.4357236e-04   4.9708106e-04   9.3199204e-05   4.9368929e-24   5.0361006e-04   1.5573787e-04   6.4365392e-03   2.1420579e-04   1.7634794e-11   2.9352225e-08
   5.7163052e-04   7.0064813e-04   1.6744819e-05   2.2395779e-36   5.0626841e-04   5.6480565e-05   4.8486070e-03   1.8377714e-04   1.4279926e-04   3.1644215e-08
   2.8191433e-04   7.2864882e-04   5.6423465e-05   4.5321873e-34   4.4307179e-04   2.0784041e-04   3.8809913e-03   1.6270893e-04   5.5908409e-04   1.1776164e-04
   5.0424608e-04   6.4274643e-04   6.2925640e-06   1.7611819e-23   5.1237404e-04   1.8670683e-04   3.8454082e-03   3.7280729e-04   1.7971599e-04   1.0082743e-04
   6.9500962e-04   3.1871535e-04   8.1040982e-06   3.4097948e-30   5.7967359e-04   2.0858865e-04   3.3255812e-03   6.4801233e-04   1.4829934e-09   1.8181150e-05
   1.1573444e-03   3.3742720e-04   9.8813069e-05   1.0820476e-26   4.9867324e-04   8.2958948e-05   4.1567333e-03   5.5083339e-04   7.6603834e-09   1.6685359e-11
   1.1432581e-03   3.6096688e-04   2.5897675e-04   4.0439969e-23   5.1820725e-04   6.4492073e-05   3.7730646e-03   4.1408677e-04   9.8401761e-06   1.1119121e-05
   9.8671904e-04   7.6974176e-04   3.8739740e-04   8.8930668e-29   5.0264407e-04   1.2317366e-04   3.5611484e-03   3.4095785e-04   6.0097728e-08   9.2518136e-05
   7.9950768e-04   9.8534392e-04   6.8783361e-05   4.6412885e-31   4.6371380e-04   1.1027051e-04   3.6535249e-03   1.9207267e-04   4.6356361e-05   1.7901475e-04
   7.4645592e-04   3.8211130e-04   1.2380006e-06   2.7509386e-24   5.2628945e-04   7.3063130e-05   4.4147318e-03   2.4946943e-04   1.5420961e-05   1.6135217e-04
   5.6404431e-04   6.1317994e-28   1.5214009e-07   1.5238345e-24   5.8095451e-04   8.0031330e-05   5.1752822e-03   3.4455596e-04   8.4993190e-12   1.6064748e-04
   6.3643684e-04   4.0547368e-42   2.2381636e-10   1.0268896e-32   5.6518551e-04   5.7352428e-05   4.9107866e-03   4.5917082e-04   4.6670767e-16   6.9076953e-05
   7.7125818e-04   1.1045224e-41   1.6000565e-10   1.4305805e-26   4.4762469e-04   1.0556194e-04   4.8283575e-03   5.7560530e-04   8.5921490e-15   6.9989361e-05
   1.0028243e-03   4.8562374e-07   6.4075512e-13   2.5119762e-22   2.9772528e-04   1.3251079e-04   3.8257837e-03   4.6715995e-04   3.6836370e-07   8.3314643e-05
   9.2101768e-04   5.3226648e-04   4.2322768e-14   1.3669690e-22   2.3551959e-04   1.6397820e-04   3.1552194e-03   5.3469982e-04   6.3328462e-06   7.0200657e-05
   6.6017492e-04   6.4673950e-04   4.0586789e-15   1.4210302e-23   2.7188691e-04   1.3931663e-04   3.5937996e-03   6.3879782e-04   6.3403860e-09   4.4533068e-05
   5.6620539e-04   6.4226137e-04   8.2053417e-09   1.1579234e-20   2.8596545e-04   1.4546613e-04   4.3652611e-03   5.6017151e-04   4.2442658e-06   2.2387708e-05
   9.4514137e-04   7.5675374e-04   1.8718460e-06   2.4252248e-16   1.9490070e-04   1.1819624e-04   4.5891159e-03   4.8235039e-04   6.2862413e-06   5.0928587e-05
   1.1376550e-03   9.4373281e-04   7.9768956e-06   2.3370597e-19   1.6560055e-04   1.3285972e-04   5.0093354e-03   4.2966437e-04   2.2661391e-05   7.2261993e-05
   1.0109555e-03   1.2136846e-03   4.0158263e-05   2.5558048e-16   2.0535708e-04   9.8728832e-05   4.5366992e-03   4.6460617e-04   5.1178352e-07   6.7343795e-05
   9.2970622e-04   1.6568510e-03   5.2858102e-05   6.9854734e-16   2.0868144e-04   1.4046702e-04   3.7392920e-03   3.1805515e-04   4.4710933e-05   8.1365383e-05
   8.7282520e-04   2.0175590e-03   1.0962924e-07   4.9871367e-21   2.6223348e-04   1.5799813e-04   3.5065423e-03   4.8968673e-04   7.0360087e-05   5.2342716e-05
   6.7018523e-04   1.9047691e-03   2.2388289e-10   9.7465875e-14   2.7879229e-04   1.4623201e-04   3.0270784e-03   1.0889083e-03   9.2306933e-09   5.9232636e-05
   3.3702686e-04   1.7880522e-03   4.9815799e-05   1.2067737e-08   3.2292971e-04   8.1664860e-05   2.9405168e-03   9.7359652e-04   9.3854673e-05   1.3548152e-04
   3.9379875e-04   1.3371304e-03   2.3551734e-05   2.5562330e-10   3.0492026e-04   8.4287491e-05   3.0250189e-03   5.6162529e-04   2.8111318e-04   1.7583460e-04
   4.5498269e-04   2.8227025e-04   5.0789866e-07   1.2052220e-15   3.8640439e-04   5.8042130e-05   3.0863079e-03   7.5218025e-04   3.9100048e-04   1.0737684e-04
   9.7825102e-04   4.8182196e-15   1.5556326e-15   1.0640037e-11   4.4971971e-04   1.0680787e-04   2.9786670e-03   8.1048148e-04   8.0536023e-08   5.0641823e-05
   1.0944170e-03   2.8674289e-08   2.8765374e-20   2.0886216e-15   3.4431708e-04   2.0507702e-04   2.6832273e-03   8.7729372e-04   1.8698364e-04   1.1954687e-07
   1.3758249e-03   6.8097725e-04   4.2896181e-08   1.6063552e-19   2.4399855e-04   1.7111522e-04   2.9083199e-03   1.0530006e-03   6.5984914e-05   2.2894134e-05
   9.0863233e-04   1.0153486e-03   1.4898521e-05   6.3912289e-15   2.3704701e-04   1.8407563e-04   3.5369297e-03   1.2501955e-03   4.4431022e-08   6.5795659e-05
   1.3363547e-03   1.0577793e-03   3.5441150e-08   6.8325463e-24   3.5012560e-04   1.0311921e-04   3.3031198e-03   1.2610748e-03   1.3696173e-08   3.8375474e-05
   8.6758819e-04   9.1834280e-04   1.0392315e-08   1.5796936e-22   3.6009696e-04   5.1452740e-05   3.4627278e-03   1.1583109e-03   2.0875396e-04   1.3368429e-05
   7.4012511e-04   1.8116675e-04   6.1204257e-05   3.2075015e-28   2.6737428e-04   2.6487925e-05   3.1128561e-03   1.6251525e-03   4.2096573e-05   5.8111961e-05
   1.3878379e-03   4.7795514e-04   9.2431741e-05   2.7538209e-23   1.6105827e-04   4.4974367e-05   2.9879856e-03   1.9309894e-03   4.2844706e-09   3.7713948e-05
   1.4188704e-03   2.3900144e-03   1.1702798e-04   4.0928795e-18   1.5051152e-04   7.9316463e-05   2.1811142e-03   2.0992272e-03   2.8529729e-05   1.0458834e-04
   9.0880956e-04   5.4817873e-03   1.6489165e-05   3.9411158e-09   1.4350519e-04   1.0318184e-04   2.3857494e-03   1.8805820e-03   8.7226599e-05   9.0665553e-05
   1.0564250e-03   6.7886761e-03   7.8744779e-05   9.3582083e-13   1.6028408e-04   1.5513002e-04   3.2207673e-03   2.0145925e-03   5.8323007e-08   1.1115452e-04
   6.3633874e-04   6.6559741e-03   3.0620088e-04   5.0848305e-18   1.7312765e-04   2.3187771e-04   3.7030759e-03   1.5962596e-03   1.0981131e-04   1.7367429e-04
   8.4635922e-04   4.5517241e-03   8.3245684e-05   4.2398942e-26   1.8854406e-04   2.1446493e-04   4.1028875e-03   2.3255144e-03   4.9437923e-09   7.9643873e-05
   8.5888328e-04   3.0374690e-03   2.3482723e-04   4.4696725e-24   1.4675945e-04   7.3565240e-05   4.3301302e-03   2.0714961e-03   1.9948068e-06   6.1584274e-05
   1.0227494e-03   8.5060954e-04   2.8613774e-05   4.3591104e-24   1.2590887e-04   3.7706481e-06   3.6336786e-03   3.2206937e-03   1.0357217e-07   6.0270907e-05
   1.7578717e-03   1.4924916e-03   2.1477418e-04   3.1370959e-16   1.1815087e-04   3.4188381e-11   3.5826019e-03   2.4451508e-03   2.0427488e-15   3.5270216e-05
   1.8609844e-03   2.4600334e-03   1.7169030e-05   8.0130954e-24   9.4006784e-05   1.6795141e-24   3.7455186e-03   1.7429946e-03   9.1413653e-15   1.8399380e-04
   1.1943625e-03   2.3616958e-03   1.3740295e-03   1.0127090e-18   6.1910035e-05   2.5694775e-11   4.0438114e-03   1.7822882e-03   8.0437957e-14   1.8362263e-04
   8.1383524e-04   3.2970365e-03   1.2286604e-03   1.2293070e-26   1.0335980e-04   3.3668291e-05   4.3671724e-03   8.5063177e-04   1.1011760e-06   2.4295161e-04
   1.2644116e-03   2.7287002e-03   3.7891378e-04   2.0677545e-30   1.1348771e-04   5.5226587e-07   3.5795549e-03   1.5235321e-03   2.0580891e-09   1.8848144e-04
   1.2289519e-03   1.1539393e-03   1.1321790e-03   2.6438814e-11   1.6229046e-04   1.3779921e-05   2.1039782e-03   2.3330815e-03   4.4722022e-08   1.4063273e-04
   3.3615339e-04   4.0524271e-04   9.4653479e-04   6.4719050e-15   1.6811442e-04   9.7392549e-05   2.6979398e-03   1.9817448e-03   6.5947026e-06   4.1799824e-04
   1.0153985e-03   1.5262152e-09   1.6910865e-03   2.9801068e-22   9.3201500e-05   4.2115469e-05   3.0371523e-03   1.8388412e-03   3.5086262e-07   2.4905260e-04
   1.2852481e-03   2.2550950e-16   1.2407179e-03   7.2616829e-31   1.0282595e-04   1.1155619e-05   2.6974926e-03   1.6399199e-03   4.0021124e-11   1.9308946e-04
   1.7562932e-03   2.5153233e-04   1.3115989e-03   3.3259399e-22   1.0462922e-04   4.9488684e-10   1.5463704e-03   1.3075638e-03   8.8553408e-05   1.6623395e-04
   1.4331671e-03   1.3958423e-03   1.7433123e-03   5.7998022e-19   1.1592286e-04   4.6338856e-08   3.1268298e-03   8.2911152e-04   6.8569134e-07   2.1913423e-04
   1.5921512e-03   1.6263386e-03   1.7641384e-03   8.1553008e-17   9.4291644e-05   1.4331980e-15   3.6440151e-03   1.1011764e-03   1.5656138e-10   2.1364187e-04
   1.7419363e-03   9.9692613e-04   1.8119528e-03   1.5856415e-21   1.4102447e-04   2.4089814e-16   3.3094635e-03   1.5657511e-03   8.1422658e-11   1.2264153e-04
   1.3119122e-03   1.8623621e-05   1.1600612e-03   3.1835775e-28   1.7081556e-04   2.6720448e-15   3.9255969e-03   1.5277778e-03   2.2499554e-15   1.7712213e-04
   7.6659699e-04   4.0121097e-08   1.9552231e-03   2.9715826e-10   2.7534673e-04   2.0761687e-09   3.7022810e-03   1.4251799e-03   3.1771923e-13   2.0356032e-04
   1.8298024e-03   7.9600742e-04   1.0577963e-04   3.9433389e-09   2.5410583e-04   4.4563755e-12   2.4726590e-03   2.2585838e-03   1.9072469e-17   1.5173270e-04
   1.8688061e-03   7.9914682e-04   2.7520646e-03   1.3590144e-11   2.0293357e-04   4.8255715e-20   3.2560569e-03   2.2097431e-03   4.2228923e-18   7.9516052e-05
   2.1793439e-03   1.4378821e-03   3.2368636e-03   6.0600270e-10   2.5637499e-04   8.6122018e-24   3.4046046e-03   1.7840696e-03   1.0047688e-14   1.5109003e-04
   2.1629906e-03   3.7347467e-03   1.0751580e-03   8.9258536e-14   2.5244050e-04   5.5626674e-13   3.5745582e-03   1.1510927e-03   5.0835637e-11   1.9712925e-04
   1.8094802e-03   4.8164277e-03   5.1064155e-04   1.6502954e-13   3.6773801e-04   1.7410855e-07   3.7886230e-03   5.7822380e-04   1.5257072e-05   4.2386941e-04
   1.0769084e-03   3.4325362e-03   5.6232931e-04   1.9970897e-04   4.9524759e-04   5.9913198e-18   3.3974400e-03   1.4742749e-03   1.0973428e-05   1.0279648e-06
   1.9190286e-03   1.2230567e-03   1.3434642e-03   1.1482323e-04   4.1092686e-04   1.8991058e-20   2.5166590e-03   1.6789802e-03   1.0983643e-06   3.6942582e-04
   1.5142730e-03   5.1609124e-04   1.8821060e-03   6.1830675e-13   4.3964823e-04   3.8896748e-13   2.3312340e-03   1.2491349e-03   6.0689794e-05   4.9816602e-04
   1.4397473e-03   1.4813778e-03   2.0718209e-03   3.4066122e-17   4.5141358e-04   4.1145453e-08   2.3896818e-03   1.2538791e-03   6.4902795e-07   5.2610885e-04
   2.2966074e-03   2.1983506e-03   2.1227630e-03   2.6356748e-04   3.9013216e-04   1.3215546e-06   2.2654787e-03   1.9481352e-03   1.6799614e-11   2.3961679e-04
   2.1930238e-03   2.5434398e-03   2.5594482e-03   3.6241359e-04   4.9870120e-04   1.2997888e-07   1.6563645e-03   1.8385580e-03   2.9200492e-10   6.3917270e-05
   1.1897652e-03   2.5024832e-03   1.7053075e-03   6.3228795e-05   6.0070893e-04   4.1971532e-07   2.5032467e-03   1.6324568e-03   1.3121765e-07   1.9275063e-05
   2.0844262e-03   1.7097618e-03   1.3903076e-03   4.5866838e-09   6.5939792e-04   2.7143918e-08   2.9124307e-03   1.3043749e-03   8.9443169e-15   2.8597643e-04
   2.9612255e-03   1.1650616e-03   9.3359782e-04   1.4867963e-18   5.1313246e-04   3.1664354e-05   2.6197163e-03   7.7014420e-04   9.9918738e-22   3.9360184e-04
   3.0442171e-03   6.3291958e-04   5.0035226e-05   9.0232058e-05   5.5634771e-04   2.1214709e-05   2.5208437e-03   5.2343001e-04   1.3538883e-16   3.7085893e-04
   2.1028041e-03   2.0428493e-04   3.8345938e-04   2.8439679e-05   7.0109456e-04   4.2665659e-05   3.1019531e-03   6.1681153e-04   1.5668625e-20   4.4464220e-04
   1.8377697e-03   1.1422674e-03   1.0010302e-03   1.0263734e-04   4.4866629e-04   9.1235680e-05   3.0799373e-03   5.5811901e-04   6.3410980e-15   5.9279177e-04
   2.1300004e-03   1.4686955e-03   6.5562464e-04   2.9302070e-04   6.5969324e-04   5.3571185e-05   2.7758392e-03   1.2818305e-03   7.2455257e-12   3.1024284e-04
   2.2482527e-03   1.3655549e-03   7.0283852e-04   6.6397113e-04   7.5839737e-04   3.4686281e-06   2.0039776e-03   1.3057503e-03   2.6485927e-16   3.5233155e-04
   3.3173408e-03   1.2859849e-03   2.9254279e-04   2.2994131e-04   6.3314894e-04   2.8970917e-05   2.5544096e-03   7.4361317e-04   7.2869781e-19   5.0943639e-04
   2.0868179e-03   2.9366934e-04   3.1721055e-04   2.0843066e-04   6.2708544e-04   1.4598703e-04   4.5127970e-03   6.7280155e-04   5.1202048e-17   4.1402766e-04
   1.1531581e-03   1.1781798e-21   2.7881852e-04   5.0249901e-04   6.8732001e-04   2.3339290e-04   5.2920413e-03   6.0106375e-04   7.6312503e-15   3.6158056e-04
   2.0096945e-03   4.9920924e-16   2.3216337e-05   4.9587419e-04   5.9996189e-04   2.2148493e-04   4.9335575e-03   2.5317567e-04   1.3990300e-13   2.4039048e-04
   2.9195147e-03   3.9642506e-25   1.5882052e-04   6.2832225e-04   5.8101255e-04   2.1872076e-04   4.0565968e-03   2.4142733e-04   2.6009589e-19   5.6482354e-04
   3.1789746e-03   2.4842427e-33   4.4575828e-04   5.5201941e-04   5.6366012e-04   2.3013273e-04   3.6058535e-03   3.4144705e-04   9.3209599e-20   4.9493199e-04
   2.4813494e-03   6.5054513e-24   5.2314144e-05   4.2084811e-04   3.6039428e-04   3.6376761e-04   3.8587734e-03   6.3527914e-04   6.4996286e-14   1.4429886e-04
   2.1221099e-03   9.0967385e-13   3.3218372e-09   1.5970312e-04   2.4924881e-04   6.7731841e-04   4.1958641e-03   5.5720009e-04   6.9162471e-16   4.3119910e-04
   1.7783436e-03   2.9591698e-04   1.0062827e-05   4.4410034e-04   2.9031397e-04   5.0811816e-04   3.8806804e-03   1.5029377e-04   5.2580574e-15   4.6395536e-04
   1.5290714e-03   5.0376528e-13   1.2115679e-03   4.9367411e-04   3.7365483e-04   3.2322451e-04   2.9322281e-03   3.5386045e-04   1.2135247e-14   4.5439123e-04
   2.9490153e-03   7.8833410e-10   1.5768784e-03   1.1237830e-05   3.6210518e-04   3.6239608e-04   2.3342081e-03   2.4828875e-04   7.2735491e-13   3.8033820e-04
   3.8561844e-03   1.0445389e-04   2.0919693e-03   2.5400174e-07   3.0128028e-04   3.5181049e-04   1.6092689e-03   2.4687321e-04   7.9699761e-13   8.7836115e-05
   3.4974239e-03   7.3806292e-10   1.8857595e-03   1.5059295e-04   3.2688306e-04   4.4330253e-04   1.2368592e-03   3.9260609e-04   2.1564460e-12   1.7587907e-04
   1.8738548e-03   9.3655547e-17   1.1547397e-04   2.9716775e-04   4.5204388e-04   5.5422107e-04   1.2331444e-03   3.1870328e-04   3.1647242e-08   2.3239201e-04
   4.8779968e-03   5.8706962e-29   6.7848542e-04   1.4821308e-04   3.3185292e-04   2.8382199e-04   1.5892819e-03   6.6938409e-05   2.5783419e-14   2.3532141e-04
   5.1570127e-03   2.6069256e-10   8.6904015e-04   8.0361329e-05   2.5546854e-04   1.4968518e-04   1.7304180e-03   1.1264487e-04   1.2367148e-16   3.0538358e-04
   5.0809139e-03   1.8062505e-05   1.6383687e-03   7.6650041e-05   2.1202361e-04   1.5130399e-04   1.3430566e-03   2.7558624e-04   3.3984323e-19   3.0652001e-04
   5.7019202e-03   3.1185117e-04   9.7847156e-04   3.6400590e-22   2.3676014e-04   1.6694181e-04   1.3798277e-03   2.3989043e-04   2.5724822e-19   2.5870334e-04
   7.3765498e-03   2.4580329e-04   7.4498375e-04   1.4716216e-25   2.5217273e-04   1.2990496e-04   2.1229863e-03   1.7982360e-04   3.6819173e-26   1.3040218e-04
   4.9111634e-03   2.7618930e-35   2.3991267e-03   4.3761512e-05   3.1858927e-04   7.7562771e-05   2.6367376e-03   2.5925060e-04   1.0875717e-21   5.9001752e-05
   3.1839326e-03   1.2561316e-66   2.6737206e-03   1.9908581e-04   1.9756484e-04   4.4581633e-04   2.4557412e-03   1.5983552e-04   3.0099800e-17   1.1233126e-04
   2.8457476e-03   1.4923943e-48   1.5274214e-03   1.0133216e-04   9.8508904e-05   3.0973081e-04   2.4907961e-03   6.3186506e-05   1.0578148e-12   3.1160826e-04
   3.0707909e-03   1.7562569e-60   1.0109991e-03   6.5607195e-05   1.1851798e-04   1.1946032e-04   2.2487863e-03   9.9317739e-05   2.4774807e-18   2.1597692e-04
   2.7231342e-03  1.2669971e-123   3.4680206e-04   1.5919860e-04   1.0068985e-04   2.0587751e-04   2.8649940e-03   2.1481648e-04   2.6712422e-18   1.6102767e-04
   2.8008661e-03  3.2137842e-111   4.8910371e-04   8.0095382e-09   1.5189859e-04   7.1835088e-05   3.4443610e-03   2.3629751e-04   1.8641032e-17   3.4287102e-04
   3.3417010e-03   1.7324920e-77   5.8392327e-04   5.1464770e-12   1.5597999e-04   7.4330054e-05   3.3744000e-03   1.1007966e-04   8.4795425e-21   4.3102660e-04
   3.2466319e-03   8.3854380e-51   1.4256781e-03   3.4824190e-19   7.7364459e-05   1.2751668e-04   2.6512231e-03   8.6849120e-05   2.5415757e-25   3.2367462e-04
   2.2195401e-03   2.4357604e-39   9.6697344e-04   7.9526119e-16   1.6611585e-04   9.8651401e-05   2.1535135e-03   1.6053344e-04   4.8710968e-15   4.0707803e-04
   2.0295564e-03   7.7467585e-52   1.3823207e-03   1.0083756e-17   1.3981411e-04   4.9801632e-05   1.8417339e-03   1.7018584e-04   9.1117135e-07   4.6358401e-04
   3.7539792e-03   2.3168125e-51   1.2260441e-03   3.5448181e-12   1.7544480e-04   2.8072295e-05   1.3146721e-03   1.4192134e-04   6.7490833e-12   2.5752947e-04
   4.8543238e-03   2.9743837e-37   1.5247176e-03   2.7729212e-09   1.3774530e-04   4.7753245e-05   9.1953789e-04   1.6338175e-05   7.2475876e-17   2.4378812e-04
   4.6379276e-03   6.2195783e-33   2.0740246e-03   8.8512321e-13   4.9706228e-05   3.4579505e-05   6.4363641e-04   1.7026556e-11   4.0416903e-13   2.0332588e-04
   1.5863316e-03   5.1614803e-58   2.4424797e-03   1.3182256e-11   1.3986948e-04   7.0021182e-05   1.1969388e-03   1.0768292e-04   1.3253161e-04   2.3675766e-04
   2.8930828e-03  5.2861262e-101   1.6093034e-03   1.2292546e-26   1.8067205e-04   5.3592387e-05   1.0426778e-03   1.2804819e-04   2.5874835e-13   1.8162925e-04
   1.2563335e-03   2.0330368e-78   1.7457255e-03   3.2870360e-20   3.5227004e-04   1.1547685e-04   1.4379233e-03   1.0517028e-04   4.7696578e-06   1.0807548e-04
   3.4432363e-03   5.1399077e-68   8.3339751e-04   1.4946886e-21   1.5562229e-04   5.1666340e-05   1.6353970e-03   1.3520188e-04   6.6616570e-13   2.3939356e-04
   2.7288123e-03   9.3191953e-58   3.9977391e-04   5.2215774e-35   1.5406935e-04   4.8561610e-05   1.7699388e-03   2.3432289e-04   1.3768064e-12   2.5943331e-04
   3.2777842e-03   2.4787961e-35   3.8589171e-04   7.4325079e-23   9.6595058e-05   5.0195802e-05   1.6543690e-03   1.7470441e-04   1.6531422e-13   3.1268631e-04
   3.2820395e-03   4.2824674e-36   1.1127192e-03   2.2707389e-32   2.1194236e-04   1.0515843e-04   1.9109941e-03   6.5331438e-05   1.3610437e-15   2.0259129e-04
   3.9063938e-03   9.6128003e-41   1.3031949e-03   8.3166054e-06   1.9841859e-04   8.5688422e-05   1.4098678e-03   7.3888115e-05   5.1401459e-15   1.9922108e-04
   1.8430000e-03   2.1294447e-32   1.0505793e-03   1.8940965e-04   1.4690812e-04   4.9985639e-05   1.0771237e-03   9.2385643e-05   3.2568916e-10   1.3913161e-04
   2.0753037e-03   8.6796847e-28   5.7862820e-04   7.3066687e-16   1.3329244e-04   6.2509154e-05   1.5730824e-03   8.1625772e-05   1.1704236e-07   3.1219609e-04
   2.2550848e-03   1.5760667e-35   1.4286252e-03   3.4347606e-10   1.4131207e-04   9.5492042e-05   1.7206122e-03   5.2080579e-05   4.9687265e-06   2.4367925e-04
   2.8987715e-03   8.3150256e-54   1.3224655e-03   1.4310674e-12   1.7159670e-04   7.5857158e-05   1.2910059e-03   1.7485871e-04   8.1047272e-10   1.6168615e-04
   2.2722422e-03   1.3669262e-77   1.2530321e-03   4.8788601e-06   2.1370051e-04   1.5301925e-04   1.2356619e-03   1.3972564e-04   3.7615076e-09   2.0386666e-04
   2.7857360e-03   2.5118316e-72   1.4293611e-03   1.0127977e-04   1.6155371e-04   1.2741655e-04   8.7898966e-04   9.1525088e-05   6.4176454e-12   2.9399113e-04
   2.6911543e-03   1.1382113e-65   1.4780176e-03   1.2881543e-04   2.2682503e-04   8.5444116e-05   5.4444987e-04   5.8355456e-06   3.1681183e-10   3.4075256e-04
   2.8122431e-03   3.7422252e-52   3.1361180e-04   5.1330451e-05   1.4802728e-04   8.1159381e-05   3.9542702e-04   5.5002589e-05   3.5980959e-05   4.1157951e-04
   4.0095799e-03   2.7227497e-29   2.4937007e-04   7.4050674e-05   1.7456043e-04   3.8409862e-05   1.5307105e-04   7.5788893e-06   1.0030314e-05   1.5033385e-04
   4.0139257e-03   5.5388922e-23   3.1970340e-05   5.3658710e-09   3.1683329e-04   1.9020804e-05   1.9009244e-04   1.3429105e-08   5.9409665e-11   1.8377594e-04
   3.8606962e-03   5.2130082e-15   4.5689208e-04   7.6852972e-07   2.5288680e-04   5.3150994e-05   3.5762476e-04   1.1092680e-17   1.6917621e-09   2.0025042e-04
   3.6297124e-03   1.7956550e-12   4.2344703e-04   4.6410355e-11   1.7517891e-04   5.3910663e-05   5.5126068e-04   3.6165808e-05   1.5416472e-11   3.6863712e-04
   4.1207954e-03   2.5912050e-29   9.1154102e-04   3.7759802e-09   1.3672421e-04   7.5242256e-05   7.1575092e-04   8.1600423e-05   5.4451428e-12   4.0880422e-04
   4.4416864e-03   1.2870258e-31   3.1189307e-04   4.8396212e-14   9.0663457e-05   1.0339613e-04   1.0916077e-03   1.2238707e-04   9.1143634e-15   3.0167794e-04
   6.0211658e-03   8.3791349e-46   1.9098664e-04   5.2424575e-11   1.4397786e-04   8.6053027e-05   1.0965126e-03   4.9742596e-05   9.4525926e-19   1.9960415e-04
   5.4688694e-03   1.5242377e-25   1.7202538e-08   2.1070669e-05   2.9061879e-04   1.0720136e-04   1.0966088e-03   7.0624521e-05   9.0971169e-29   1.2172927e-04
   5.5198887e-03   1.0434383e-13   1.5133815e-04   1.2717285e-04   2.4893051e-04   1.2783539e-04   1.1120181e-03   5.0495714e-05   3.4388906e-28   5.0602401e-05
   7.0223938e-03   2.7909310e-15   3.5769728e-04   5.9021172e-05   1.6776390e-04   8.7304434e-05   7.6878174e-04   2.8762561e-05   2.4615612e-27   5.0240219e-05
   8.2961135e-03   5.3140600e-20   4.9656180e-04   1.1631447e-04   1.1130324e-04   3.6438321e-05   5.0852604e-04   7.4470655e-05   1.3862176e-28   8.7549155e-05
   6.3046398e-03   1.5251675e-53   6.7818779e-04   8.6874717e-05   1.9816809e-04   9.5551021e-05   7.8503219e-04   1.9309972e-04   1.5963416e-21   1.2897757e-04
   2.5280397e-03   1.4363895e-63   9.0147961e-04   1.1456518e-04   2.8583090e-04   1.6157694e-04   1.3249771e-03   1.2266979e-04   2.1443996e-07   3.1450792e-04
   4.1022194e-03   4.5797945e-30   4.9643366e-04   1.4378813e-05   3.0150003e-04   1.5249380e-04   1.2230265e-03   1.9147839e-04   4.3913541e-18   8.3791667e-05
   4.3521503e-03   4.5351433e-11   4.6022420e-04   2.2698823e-09   2.0564060e-04   1.4666524e-04   1.2198543e-03   1.9130365e-04   5.9091206e-12   6.7127900e-05
   4.8993061e-03   5.5980009e-07   1.9038812e-05   6.8650017e-05   4.0010752e-04   6.4848267e-05   9.3301765e-04   7.2501311e-05   1.0160975e-16   9.7306855e-06
   5.6813095e-03   1.6146983e-16   4.3894506e-04   1.7773046e-04   4.7416560e-04   6.5719903e-05   7.7733335e-04   2.7168332e-10   1.3929433e-19   1.8354155e-04
   5.0180321e-03   6.4698687e-11   3.8817134e-04   3.2830358e-04   4.1673651e-04   9.0292895e-05   9.0851662e-04   4.4448787e-09   2.4118478e-17   2.8964779e-04
   2.8426573e-03   3.3508163e-06   1.6121990e-04   3.1010391e-04   3.4351768e-04   1.8476115e-04   1.0386192e-03   1.0182572e-12   2.7003467e-07   3.9179450e-04
   5.2193447e-03   1.2361780e-21   8.2744881e-04   3.3840588e-05   2.0242706e-04   6.3470605e-05   4.1400860e-04   1.6567937e-04   2.2105112e-13   3.5635636e-04
   3.3861381e-03   4.6309563e-56   1.0229086e-03   4.2249328e-05   1.6272856e-04   1.3168697e-04   6.0363474e-04   3.1851584e-04   1.5627933e-09   2.2334096e-04
   3.6347338e-03   4.8125754e-08   2.9861732e-04   1.9657033e-04   3.1674913e-04   9.3164629e-05   6.0830641e-04   2.8622067e-04   2.5269339e-15   1.3629515e-04
   4.3002310e-03   4.7115878e-04   4.4860741e-04   7.1962303e-05   3.0599556e-04   7.0292332e-05   4.8246298e-04   1.7551185e-04   1.4941596e-15   1.0661010e-04
   3.3052291e-03   4.5239329e-04   3.9807864e-04   3.5776734e-19   2.1275650e-04   1.3571489e-04   2.8401552e-04   2.3831594e-04   2.9934000e-15   1.2050122e-04
   3.0702500e-03   5.9426228e-07   5.4669493e-05   8.6787812e-06   2.7484894e-04   1.3559129e-04   2.2070221e-04   2.2121287e-04   8.0099308e-09   3.5509343e-04
   3.7850980e-03   9.4166216e-20   2.4191780e-04   1.4043631e-05   2.3796541e-04   1.5725713e-04   1.6162572e-04   1.2179656e-04   3.3336574e-05   2.8243798e-04
   4.1834230e-03   2.8410256e-22   9.4839676e-05   6.9187972e-10   2.6324593e-04   1.7081112e-04   6.9526179e-05   2.8068985e-04   1.3658884e-11   1.4198679e-04
   3.6269402e-03   3.2212331e-04   8.0428264e-10   9.4389292e-05   2.6336065e-04   1.2011696e-04   2.6315523e-05   3.5026863e-04   7.4441732e-09   1.0348880e-04
   1.7782339e-03   5.5698116e-04   6.9020110e-34   7.9234075e-06   4.6212177e-04   1.5415141e-04   3.0609593e-04   2.0409500e-04   1.2185925e-04   4.5456174e-05
   3.8526119e-03   6.3065079e-04   1.4223172e-19   9.4713943e-05   2.7674170e-04   2.0505211e-04   1.8690152e-04   3.2934991e-04   3.3341159e-10   1.1902950e-04
   3.3983265e-03   9.1249139e-04   8.3078263e-10   1.0404847e-04   3.5133391e-04   1.7137229e-04   1.7485657e-04   3.0536031e-04   4.1808198e-11   2.1145643e-04
   2.5470119e-03   1.3540713e-03   1.8121337e-06   1.9216485e-04   3.6512648e-04   8.9491381e-05   1.5317393e-04   2.1550357e-04   1.1724279e-05   2.9422670e-04
   2.6830133e-03   1.5363268e-03   7.2430556e-11   2.1473183e-04   2.9697267e-04   1.1532535e-04   3.9045030e-05   3.7551859e-04   8.0152401e-05   2.6357493e-04
   2.8353530e-03   1.6109386e-03   2.7275227e-05   1.6244288e-04   1.8194994e-04   1.2927213e-04   8.2031090e-05   3.0967428e-04   1.2357182e-06   2.9547599e-04
   4.3854894e-03   9.8929158e-04   5.5010957e-05   1.8653358e-04   1.2195001e-04   9.8575292e-05   5.2617155e-05   4.4498369e-04   3.5629600e-12   7.6949596e-05
   4.8863379e-03   2.6066579e-04   1.9355866e-04   1.6628721e-04   1.9140468e-04   6.5198356e-05   2.7616998e-05   2.4045603e-04   2.9848293e-08   6.5628237e-05
   4.2078508e-03   8.8988240e-04   1.2213392e-08   9.8033735e-05   2.8392873e-04   7.6803291e-05   5.2313977e-05   4.4249181e-04   3.7968030e-09   1.5871200e-04
   3.6110142e-03   2.0830435e-03   2.1147154e-10   7.9146613e-05   2.3016654e-04   7.3718685e-05   1.0665561e-04   3.0264549e-04   6.0953548e-10   2.8282219e-04
   3.3944487e-03   2.0874979e-03   9.2860783e-18   1.1166591e-04   1.6204095e-04   1.3067648e-04   1.2039467e-04   7.4112119e-04   5.4656304e-21   2.4770255e-04
   3.1163339e-03   1.6374037e-03   1.1822113e-09   1.7801499e-05   2.5786949e-04   1.2482155e-04   1.5768536e-04   6.3070872e-04   2.1198038e-12   2.4000456e-04
   2.2684168e-03   9.3650572e-04   1.8712575e-15   7.6049405e-20   2.5019432e-04   1.0815225e-04   2.0559325e-04   5.3541791e-04   1.6204973e-07   1.5470812e-04
   4.1341248e-03   7.5170874e-05   4.9069977e-11   9.8300087e-05   1.5239705e-04   8.2946239e-05   1.4091197e-04   5.4958529e-04   2.7986772e-12   5.2978412e-05
   4.1779649e-03   8.9701866e-06   1.6676092e-15   9.6693729e-05   1.7569050e-04   1.2946426e-04   1.1831898e-04   4.8891741e-04   8.2231896e-12   4.9518779e-05
   4.3933091e-03   6.9667155e-04   2.2219133e-15   1.5587217e-04   1.4032429e-04   1.1604413e-04   5.3872877e-05   3.9564423e-04   4.1919880e-16   1.0682571e-04
   4.3309974e-03   9.1919806e-04   1.4488410e-04   6.1447278e-05   1.9664760e-04   7.6379817e-05   1.5121207e-05   2.8870664e-04   6.3895591e-13   1.7087169e-04
   4.7871988e-03   8.5510442e-04   6.8769229e-06   2.3308143e-10   2.7813697e-04   6.4349823e-05   3.8555039e-06   4.9882202e-04   1.8520379e-16   1.3029258e-05
   4.6711896e-03   7.1355386e-04   2.3170727e-05   1.4248788e-17   2.5801641e-04   4.9441110e-05   3.1813641e-06   4.0379238e-04   1.7674367e-08   6.1280263e-05
   3.9604972e-03   2.7721584e-04   4.2964741e-11   1.9866719e-04   1.5938302e-04   1.3122067e-04   4.2018936e-06   4.7224662e-04   6.1314035e-09   8.3180450e-05
   3.8203343e-03   1.2197213e-28   1.6672666e-04   4.5947890e-04   1.8150539e-04   1.0685557e-04   1.2160386e-04   4.1794403e-04   5.6634545e-12   4.6079439e-05
   4.6483647e-03   8.1183028e-45   3.4895494e-05   2.2908358e-04   2.0655797e-04   1.2659309e-04   1.9953674e-04   2.1021695e-04   1.6964118e-12   2.0167869e-05
   3.7526480e-03   6.3898003e-32   1.9754160e-08   2.6418691e-04   2.3202579e-04   1.3893607e-04   1.2251730e-04   5.0164731e-04   1.1212729e-10   2.9766036e-06
   6.1576760e-03   2.8638991e-33   2.8393506e-07   1.7250221e-04   1.9279674e-04   8.3180001e-05   1.2269799e-05   3.6442121e-04   6.9770223e-21   2.5552912e-05
   7.4361696e-03   1.2062872e-51   4.0947753e-05   1.3912900e-04   2.3186670e-04   1.0185439e-04   6.4009141e-07   2.3468105e-04   4.3166880e-23   2.8336708e-05
   4.1109030e-03   8.2807928e-57   5.2142924e-05   2.4735901e-04   2.1312523e-04   8.6887864e-05   1.8711526e-06   3.4670204e-04   1.4752350e-11   5.8434582e-05
   2.2986269e-03   1.9969859e-55   1.5508166e-05   9.4261204e-05   1.8722719e-04   1.0931284e-04   4.4323564e-05   6.4235937e-04   2.2475174e-05   5.6103792e-05
   2.8534817e-03   2.3652710e-67   1.6938339e-06   1.0945308e-04   3.5175341e-04   1.2499236e-04   2.3213595e-05   4.8690207e-04   1.3796568e-09   2.6430605e-05
   4.4682565e-03   1.4468047e-38   3.6617503e-14   6.2577225e-05   2.9673424e-04   1.3128785e-04   5.0589692e-05   3.4433308e-04   5.2889999e-18   4.2573263e-05
   4.8597266e-03   1.0456009e-11   2.6428090e-18   4.0632502e-05   2.1843005e-04   1.2211239e-04   6.8897703e-05   2.1636820e-04   2.2483133e-18   1.5176333e-07
   3.9857705e-03   5.1409877e-25   4.3462760e-10   1.6293861e-04   2.7289892e-04   1.5215408e-04   1.3599518e-05   5.2289042e-04   8.1624453e-16   3.1355067e-07
   4.1926315e-03   4.3264482e-26   1.0780269e-08   1.3131273e-04   2.6537680e-04   1.1221561e-04   1.0705913e-04   4.3200210e-04   6.6067209e-10   2.1009401e-05
   4.0028107e-03   6.3765851e-24   9.1000431e-11   1.3334812e-04   2.8518462e-04   1.0786196e-04   1.2618606e-05   3.5350870e-04   3.9840208e-07   1.0635005e-05
   3.3302865e-03   3.3825288e-17   1.0938617e-07   1.2426372e-04   2.5300237e-04   1.4275152e-04   5.5734539e-06   4.1377225e-04   1.8571797e-07   3.5254491e-05
   3.1616800e-03   2.5731559e-16   1.6855841e-05   1.1313659e-04   2.2271720e-04   1.6437212e-04   1.9081145e-04   3.1290303e-04   1.3561483e-06   1.6744272e-10
   3.1638901e-03   4.4167459e-33   2.1374154e-06   1.8490700e-04   2.7645291e-04   4.1603626e-04   2.7981829e-04   1.3791632e-04   3.6847318e-10   2.4409975e-05
   6.2930485e-03   3.8650085e-41   2.3025150e-06   1.6907406e-04   2.9175067e-04   3.2564600e-04   1.1281793e-05   3.0892825e-04   1.2738814e-21   1.1531971e-06
   5.6930772e-03   7.0640155e-38   8.0678098e-05   1.3821470e-04   2.4963906e-04   2.3667374e-04   1.3463947e-05   3.4341348e-04   2.4615557e-17   5.2333794e-07
   3.6570437e-03   2.9856501e-31   8.1742057e-05   3.8831513e-04   2.5350322e-04   2.9831457e-04   1.8327607e-04   2.6689239e-04   3.2472197e-17   2.6500028e-06
   3.5799239e-03   3.6920840e-43   1.9546134e-04   1.0730980e-04   3.0394111e-04   5.0728928e-04   8.1678801e-05   1.8191011e-04   7.0892071e-16   3.0447798e-05
   3.4954631e-03   6.5381721e-24   1.9159218e-10   2.2193257e-10   3.4451368e-04   3.6112856e-04   2.8707115e-05   2.8588930e-04   3.6332915e-16   5.3506978e-06
   3.6019468e-03   2.9969918e-09   3.0154231e-08   1.2910581e-05   4.3526079e-04   1.9295802e-04   1.1619448e-04   1.3959040e-04   3.9215318e-12   8.5863077e-07
   4.1542098e-03   1.2736198e-14   1.3471421e-04   8.7000457e-05   4.5543953e-04   3.6735265e-04   6.4898651e-05   1.7291188e-04   1.8988361e-22   2.5962303e-05
   3.9911901e-03   3.1358198e-18   2.8545736e-05   8.4804518e-12   5.6042560e-04   2.7559100e-04   5.4700454e-05   3.4956777e-04   8.5497754e-19   2.2632425e-05
   3.1844038e-03   3.4115221e-11   2.3291209e-07   7.3400001e-05   5.6785470e-04   3.8371094e-04   2.2871388e-04   1.6417492e-04   3.7150747e-13   6.6604060e-07
   3.4657602e-03   1.9978089e-11   2.7640817e-05   9.5014930e-05   4.9012243e-04   4.3992736e-04   2.7566090e-04   1.8703107e-04   5.4467050e-17   6.2895839e-07
   5.0368633e-03   1.8875563e-19   1.6234801e-07   3.8560522e-05   5.1573379e-04   2.1617419e-04   2.3099494e-04   2.6410512e-04   9.2493754e-20   1.2638786e-07
   5.3987048e-03   6.7601610e-18   3.4734116e-08   9.7973036e-13   5.1903939e-04   9.1857724e-05   1.3886673e-04   2.3100095e-04   1.1042234e-22   7.1996071e-08
   4.7275588e-03   3.1284201e-25   5.2052766e-05   1.8019659e-06   5.1816962e-04   2.2661836e-04   1.6800911e-05   2.7320821e-04   5.1835272e-16   1.6942155e-05
   4.0890255e-03   1.2512085e-43   1.5408325e-04   6.5422331e-05   4.3490663e-04   4.4601897e-04   1.4485658e-04   2.5074716e-04   1.6562341e-18   1.5296075e-05
   4.5421281e-03   5.7442232e-56   8.8908788e-05   8.1910343e-05   3.9026645e-04   2.2832311e-04   2.4773509e-04   2.6576830e-04   4.4975426e-22   1.6341913e-05
   4.6666152e-03   1.1190984e-24   7.0733636e-06   1.0792419e-04   4.4572884e-04   3.5337377e-04   7.0940114e-05   2.0805691e-04   1.1764756e-26   3.1243820e-07
   3.7846015e-03   4.6229959e-14   3.0895408e-06   1.7492178e-04   3.5430239e-04   5.6471710e-04   4.4929743e-05   1.4200977e-04   1.4947446e-14   1.5079911e-08
   2.8303088e-03   3.9561079e-22   9.3514714e-05   9.6844331e-05   3.7983916e-04   3.9670571e-04   1.6344031e-04   1.8332442e-04   2.9302303e-08   2.1267858e-06
   3.4511185e-03   6.5164225e-16   2.1791870e-06   7.9415807e-05   3.9237000e-04   3.0640686e-04   1.4359246e-04   2.4190323e-04   3.5261213e-09   7.8481319e-06
   4.3316174e-03   1.6850024e-04   4.0570111e-07   4.1606645e-04   2.9011049e-04   1.5702609e-04   1.5857103e-04   2.1045866e-04   3.3862812e-10   2.8351490e-05
   4.8167651e-03   7.5534754e-09   1.2229629e-04   2.0610828e-04   2.5998916e-04   1.3400157e-04   1.0580443e-05   1.8891095e-04   5.9314764e-10   4.6561100e-08
   3.6507509e-03   8.4296848e-32   5.0817484e-05   1.6206212e-04   3.0895938e-04   1.7602705e-04   2.2826260e-05   3.4265409e-04   8.3865911e-08   1.6576355e-09
   2.6238881e-03   3.8587362e-10   9.2566022e-06   3.2240229e-04   3.6495008e-04   2.6954540e-04   1.1954219e-04   4.0605881e-04   1.1144078e-06   1.3968467e-12
   4.9047756e-03   7.1571194e-04   2.9127989e-08   1.3181183e-04   3.7802374e-04   1.2307212e-04   3.6356666e-06   6.8810078e-05   1.4243136e-16   9.8659134e-12
   5.3138236e-03   1.0632002e-03   1.4998085e-19   2.2720550e-04   2.6646074e-04   6.7588879e-05   7.5118364e-06   1.2302876e-04   1.2515765e-15   1.8055217e-10
   3.9372510e-03   1.0016476e-03   1.5571330e-08   9.5047427e-05   3.0965455e-04   1.8039232e-04   1.0888886e-04   3.0554876e-04   9.8376940e-11   1.8969554e-07
   2.0016626e-03   8.0419591e-04   2.4126370e-04   3.4413039e-04   2.2405301e-04   3.7900411e-04   3.5362640e-04   2.2110679e-04   1.0604102e-04   4.0276316e-05
   2.9080503e-03   4.1011219e-04   2.4205178e-04   4.0862598e-04   2.1156226e-04   2.7242539e-04   4.9216572e-04   8.5913162e-05   3.1830590e-06   1.3376641e-05
   4.4831561e-03   4.7906366e-99   1.4095690e-04   1.5256987e-04   2.5086421e-04   6.6682277e-05   2.2111059e-04   3.1718220e-04   3.9906951e-10   6.1889190e-06
   5.5303469e-03   9.9798420e-05   7.1715976e-05   2.1693451e-04   2.2694007e-04   9.2811336e-05   7.9880342e-05   2.4522944e-04   1.0735758e-10   4.7040798e-05
   6.5425732e-03   4.6454225e-04   1.8895983e-09   2.8435518e-04   2.0246591e-04   1.3082204e-04   9.9413671e-05   1.2888616e-04   1.7399115e-16   5.7093834e-07
   3.8969157e-03   4.0513988e-04   4.5749874e-07   2.2415981e-04   1.8965425e-04   2.1145438e-04   2.9098623e-04   1.9287394e-04   2.3549418e-10   1.1833679e-07
   3.3932214e-03   7.7276196e-04   4.4405283e-08   3.3810237e-05   1.9388421e-04   1.1644915e-04   1.4248187e-04   1.8892630e-04   4.7875894e-05   5.3126371e-06
   3.9294065e-03   8.3555740e-04   1.0093621e-08   1.4847271e-05   2.5290647e-04   7.9991914e-05   3.1394137e-05   2.1857519e-04   2.0068936e-09   2.3797585e-07
   3.4365482e-03   5.1925717e-04   4.8184952e-06   8.4635993e-05   2.3703288e-04   1.1613565e-04   1.1220953e-04   3.4365293e-04   1.6842015e-07   3.0184021e-05
   4.3006860e-03   4.4863119e-04   5.8888246e-05   1.5151034e-04   1.6309111e-04   1.5792138e-04   1.3860952e-04   2.9997548e-04   3.2884801e-12   5.9560666e-05
   3.8622328e-03   5.2140526e-04   1.6687873e-08   2.3759959e-06   2.9322803e-04   9.7132545e-05   2.2951192e-04   1.2905791e-04   3.7994621e-08   4.5209954e-05
   3.2517729e-03   3.0535710e-04   4.9389289e-07   5.4047864e-11   2.0690869e-04   8.0011315e-05   3.0331879e-04   1.5604790e-04   4.1284915e-09   8.5007617e-05
   3.2717348e-03   1.7129165e-11   9.3664311e-08   4.7873676e-10   2.4853330e-04   1.8482140e-04   3.9771951e-04   7.1747015e-05   5.7282781e-11   9.6130747e-05
   2.9386065e-03   6.8194366e-11   4.0369869e-09   7.6636048e-08   1.9789190e-04   2.2391914e-04   6.1081466e-04   2.2042546e-04   9.0267287e-09   7.7647994e-05
   4.4194676e-03   3.5348293e-04   2.2595471e-04   8.8428654e-06   1.8718149e-04   1.2721609e-04   4.5653921e-04   3.1594599e-04   7.7078790e-21   3.5189733e-05
   4.8419502e-03   5.6505147e-04   2.6991390e-04   8.1147701e-18   1.8339653e-04   7.3112953e-05   3.7801780e-04   1.6694842e-04   3.7192150e-24   8.4068002e-05
   2.7037452e-03   1.3244849e-04   4.0893722e-04   1.3126801e-16   1.3171376e-04   1.0700709e-04   5.8054192e-04   1.8451401e-04   3.8555146e-09   1.1011460e-04
   3.3835916e-03   6.2513335e-05   6.5321986e-06   6.0650770e-12   1.7104933e-04   7.7073160e-05   3.0349138e-04   2.2304101e-04   4.9649067e-09   2.5484495e-05
   3.4354845e-03   2.3919253e-04   3.6325478e-06   3.1414484e-17   2.8409547e-04   4.3179293e-05   2.1027486e-04   1.5227640e-04   1.2213079e-09   9.5695671e-05
   4.1010084e-03   3.3209615e-04   8.9836222e-05   4.0716141e-27   2.1061065e-04   4.3678383e-05   1.8343849e-04   1.8265497e-04   4.4524326e-19   1.4137564e-04
   3.8204436e-03   4.1150203e-04   5.4941400e-05   1.5389854e-23   2.1555607e-04   2.3155538e-05   1.3034865e-04   2.5456296e-04   1.2545383e-15   1.1320175e-04
   3.0919685e-03   3.4253919e-04   1.4057420e-04   8.1126901e-16   2.7754714e-04   8.1394383e-05   7.8749454e-05   2.5944141e-04   2.8638247e-08   5.9488155e-05
   2.8515313e-03   1.2989561e-04   2.6067370e-04   4.8189372e-23   2.3570287e-04   1.0287257e-04   3.7455474e-04   2.9221947e-04   2.0512227e-09   8.1327919e-05
   2.0277467e-03   2.1220027e-04   5.0066016e-04   5.6414035e-22   2.5575767e-04   6.0780807e-05   6.4234244e-04   2.3203667e-04   2.3878052e-07   9.9329717e-05
   2.2376711e-03   2.7947929e-04   2.0790985e-04   1.6618062e-20   2.1505509e-04   4.1249978e-05   8.2500020e-04   1.2912131e-04   4.9220617e-09   1.9122570e-04
   3.2157548e-03   3.1581061e-04   2.7391494e-13   1.9296556e-23   2.0740225e-04   2.0529096e-05   5.2815977e-04   4.6991610e-05   4.3521974e-09   1.5069789e-04
   4.3512416e-03   1.7965919e-04   7.5061781e-05   1.4728275e-23   1.6885361e-04   1.6954548e-05   2.6775367e-04   7.0797662e-05   2.5050854e-12   1.8700316e-04
   3.6968623e-03   5.7497159e-26   2.3586670e-04   1.4722033e-31   2.4248029e-04   7.0054831e-06   1.3397908e-04   1.0798645e-04   2.0222253e-07   1.6525006e-04
   4.2057921e-03   4.8441157e-30   2.6991738e-04   8.8231054e-44   2.0642347e-04   2.6194970e-06   1.1089629e-04   1.0256716e-08   3.5870042e-13   1.7172904e-04
   4.7428053e-03   2.9231577e-49   1.8476364e-04   4.6778971e-56   2.4511878e-04   5.7136628e-06   2.5638058e-05   9.5445541e-05   4.9417256e-17   2.6305050e-04
   4.1039217e-03   1.7922406e-98   2.4353659e-04   8.6628949e-35   2.3108607e-04   1.7817259e-05   1.6715435e-04   1.5202106e-04   3.7372226e-07   2.4855224e-04
   1.7053641e-03   5.9194020e-35   1.1036641e-04   2.9165767e-28   3.3979410e-04   1.4151233e-04   4.2014966e-04   1.2834989e-04   2.9485562e-04   1.4600699e-04
   2.5699296e-03   1.9469071e-04   3.2804207e-04   5.4427378e-23   2.7581323e-04   3.1032385e-05   9.6575068e-05   2.6792553e-05   6.1983644e-05   4.9691576e-05
   2.1794840e-03   2.7599892e-04   2.2507417e-05   2.9257144e-23   3.0270857e-04   4.7698945e-05   5.5589009e-05   1.0379902e-04   1.9268400e-04   1.3192234e-04
   2.6426495e-03   4.4347959e-04   8.8466900e-05   4.1122395e-21   2.5518986e-04   8.7199877e-05   3.2395940e-04   5.5387473e-05   2.3731172e-07   6.4170678e-05
   2.2940333e-03   1.7145076e-04   4.4517032e-04   3.4782978e-27   2.7858633e-04   1.6699187e-04   4.4511630e-04   4.5111740e-05   2.6698721e-07   9.0579632e-05
   3.2095914e-03   6.5818972e-26   6.7343566e-05   6.5955572e-34   3.7726321e-04   1.8740745e-04   3.1320666e-04   1.5548566e-04   7.7194983e-16   6.8189427e-05
   3.3092902e-03   7.7343249e-21   1.5753036e-05   1.8161385e-26   3.5564873e-04   3.2555258e-05   1.5009267e-04   1.1630852e-04   1.0083688e-20   3.4906457e-05
   3.0453070e-03   9.9828467e-21   1.9970371e-08   1.2706025e-20   3.5277539e-04   3.3734869e-06   9.6455240e-05   3.3482410e-06   5.8284092e-08   6.0540343e-05
   3.3046371e-03   2.3413910e-25   3.3510655e-11   1.1613564e-22   2.3702600e-04   4.7194684e-05   1.1117198e-04   1.5859718e-04   1.8465949e-07   4.2943228e-05
   3.6975319e-03   8.0194062e-30   1.2460835e-04   4.3971420e-18   2.0116151e-04   3.0837194e-05   1.2389695e-04   2.1095441e-04   5.1849677e-12   6.0095053e-05
   2.7629795e-03   9.9225515e-30   2.0451683e-04   1.1544705e-29   2.5184147e-04   2.3086161e-04   2.3566454e-04   2.0551388e-04   1.0639292e-13   8.4718678e-05
   2.8685424e-03   8.7055995e-18   2.1765791e-04   6.6321962e-28   2.5440677e-04   2.9137759e-04   2.7010567e-04   1.8207922e-04   9.4204457e-15   1.2920321e-10
   3.0907173e-03   9.7415823e-35   3.7038908e-04   5.9903862e-27   2.5993560e-04   9.7354760e-05   6.6067998e-05   2.2594288e-04   2.0840783e-11   4.5704544e-05
   3.6382794e-03   1.2942538e-67   2.8750650e-04   2.0729066e-23   2.2987895e-04   1.4610606e-04   9.8661100e-05   2.1248863e-04   2.2596357e-13   1.0726979e-05
   3.0099267e-03   8.0770916e-27   2.3438004e-04   6.7420457e-12   2.2612236e-04   2.9991867e-04   2.1410532e-04   8.2248281e-05   8.1961018e-11   7.6821307e-06
   3.1300572e-03   4.4226084e-18   4.1211802e-04   3.1572319e-09   1.8104923e-04   1.9299685e-04   1.0972633e-04   1.3218234e-04   1.1974369e-10   8.9953038e-05
   2.4505603e-03   6.2676536e-12   1.3512672e-04   5.1760768e-14   2.1379775e-04   1.9208125e-04   2.0500206e-04   2.9854930e-04   1.1932008e-11   6.9093728e-05
   1.8745538e-03   1.9155696e-04   2.7952655e-06   1.5980667e-18   2.2195502e-04   2.1990531e-04   2.2419892e-04   2.4081122e-04   1.3226696e-10   7.5375876e-05
   1.8966975e-03   2.7165923e-04   4.3758859e-07   1.4095897e-13   1.6976851e-04   1.7659268e-04   3.1900876e-04   2.7661674e-04   2.1032950e-10   1.1841667e-04
   1.7597019e-03   2.5538135e-04   1.3235155e-04   6.5573544e-13   1.5324205e-04   1.7912135e-04   3.5163051e-04   2.4858677e-04   9.2888504e-06   2.4875445e-05
   2.2279055e-03   2.7239915e-04   1.7895197e-04   2.2544713e-10   1.1396269e-04   2.6782664e-04   2.8770982e-04   1.2394456e-04   2.0210333e-05   2.3698487e-05
   2.7746237e-03   2.1813621e-04   1.8227003e-04   4.0313798e-23   1.0082642e-04   3.5123811e-04   2.3734620e-04   1.3859643e-04   3.9331174e-11   2.5868022e-05
   2.8203408e-03   1.0546791e-04   1.5404169e-04   1.1167953e-22   1.2201037e-04   1.7556249e-04   7.9771665e-05   2.8144768e-04   7.1271463e-15   2.4011643e-05
   3.3405976e-03   2.0827806e-04   1.8106022e-04   2.4014742e-10   7.9797432e-05   8.1142445e-05   8.5095405e-05   1.1289932e-04   1.8674917e-09   2.4368958e-05
   2.9437975e-03   4.2771116e-05   5.0622036e-05   1.0766009e-22   1.1263189e-04   1.0940658e-04   2.3552825e-04   1.1087875e-04   2.6479467e-15   3.7985827e-05
   1.7297703e-03   3.2478161e-38   6.4894030e-07   1.5548499e-24   1.2861520e-04   1.4900492e-04   2.7654852e-04   2.0470620e-04   3.4939008e-10   3.9332330e-05
   1.8025418e-03   1.9579346e-40   2.8094184e-09   1.9741999e-20   9.0750871e-05   1.3917776e-04   1.1347742e-04   3.2138197e-04   2.7195225e-09   3.7656059e-05
   2.4193887e-03   1.0347721e-41   9.7496521e-05   6.4729557e-20   6.8116420e-05   9.1488644e-05   4.4177075e-05   2.4613633e-04   1.4901618e-13   4.2775146e-05
   2.6568148e-03   1.2982975e-29   3.3137572e-05   1.8182032e-16   9.2753360e-05   3.5614391e-05   1.1400732e-05   2.3010770e-04   6.3378630e-08   1.6062497e-05
   1.9456901e-03   4.1797175e-28   1.7858982e-04   2.3591587e-24   1.1355251e-04   4.2007386e-05   4.2498604e-05   9.0600561e-05   8.2725520e-06   9.3716360e-05
   1.8025817e-03   1.1381050e-24   1.7308693e-04   5.2730758e-31   1.0318247e-04   1.0081667e-04   5.6346948e-05   3.3292729e-05   1.8095774e-07   7.7923009e-05
   2.0344658e-03   1.9912357e-21   1.6924630e-04   1.3287062e-33   1.2324560e-04   9.5919188e-05   3.1739071e-05   1.0300395e-05   3.5061258e-11   5.6179471e-05
   1.5886700e-03   4.3059221e-25   1.0733762e-04   2.1171723e-22   1.2658237e-04   7.2065212e-05   1.0323027e-04   7.5853273e-05   9.1197492e-06   4.1788397e-05
   1.7181876e-03   1.6820500e-12   1.4376217e-06   2.0383227e-23   7.4495293e-05   8.7254611e-05   1.3575959e-04   7.8191135e-05   2.0827124e-06   9.4434600e-05
   1.4907051e-03   3.1318651e-06   2.5102188e-04   2.1482085e-20   4.7845696e-05   4.6531539e-05   2.5886953e-04   5.4926666e-05   7.0145684e-07   5.5860261e-05
   1.5854208e-03   8.5948800e-05   2.2773026e-04   8.0368510e-27   4.4843361e-05   4.9270357e-05   2.3858344e-04   7.1515344e-06   6.6256560e-07   2.4431815e-05
   2.0811469e-03   1.4319215e-04   3.0912703e-05   3.1808483e-32   6.6838217e-05   4.1857006e-05   1.3653885e-04   1.2796396e-05   1.1245902e-11   4.4373040e-11
   2.2870866e-03   1.6057774e-04   5.9602813e-05   1.5636363e-30   6.8366305e-05   1.7447412e-05   9.5815425e-05   3.7338735e-05   2.6840076e-15   1.0218192e-05
   2.1050113e-03   1.3547938e-04   1.5114548e-04   3.7935142e-31   4.1215664e-05   3.6238908e-05   1.2192768e-04   7.5437203e-05   4.7377455e-17   2.3309047e-05
   1.8076287e-03   8.3255818e-11   1.6779765e-04   1.4400122e-26   3.8376761e-05   3.4422548e-05   1.0698078e-04   1.1206780e-04   8.3392243e-12   2.2547517e-05
   9.0724636e-04   1.0655977e-53   2.5263511e-04   1.6171253e-31   5.4696924e-05   3.5096370e-05   1.6801915e-04   8.8991154e-05   1.7004014e-05   2.2882226e-05
   8.7187166e-04   2.4931494e-93   2.5554403e-04   2.8147600e-30   6.2100374e-05   2.0920888e-05   8.1504166e-05   1.2439228e-05   1.9204863e-04   2.2032784e-05
   1.3556619e-03   5.4217540e-53   4.9029672e-05   6.7109222e-29   6.1677427e-05   6.6942041e-06   4.0890815e-05   1.0293184e-05   8.9842710e-05   1.5389859e-05
   1.2790526e-03   7.7278404e-56   1.2809345e-05   7.0486149e-33   4.8124386e-05   1.8243894e-05   7.2045769e-05   7.3777854e-06   2.6521716e-10   4.8043823e-06
   1.1002655e-03   1.6239034e-30   3.0499514e-05   5.3324952e-28   3.4776800e-05   3.6631059e-05   1.2993101e-04   3.5493016e-05   1.7813166e-06   2.3361301e-05
   1.4887414e-03   8.4509016e-29   2.7689880e-05   4.6752207e-25   1.8373799e-05   4.2317908e-05   7.0223868e-05   3.9588427e-05   9.4678947e-11   3.8296106e-05
   1.3635818e-03   9.7401715e-28   9.1791226e-10   6.1208744e-19   1.8590508e-05   3.2728981e-05   2.4407775e-05   1.5276697e-05   5.8638386e-08   2.1282411e-05
   1.4308778e-03   2.5743863e-22   9.7282110e-15   4.5341854e-29   2.5254891e-05   1.9312694e-05   4.2683291e-05   2.4729480e-05   2.2674036e-09   1.6057165e-05
   1.1673720e-03   6.3214116e-13   1.9353339e-05   1.3818008e-09   3.4608709e-05   1.2604172e-05   8.8015520e-05   3.5496922e-05   2.8837955e-05   1.2486770e-05
   1.1967365e-03   4.8393372e-36   7.1835087e-06   3.9779014e-13   2.2031719e-05   1.1915688e-05   4.2476764e-05   1.2583529e-04   1.8074359e-08   1.4462052e-05
   1.3470237e-03   1.8694009e-15   7.4113741e-06   8.5145699e-06   1.6802118e-05   1.8298661e-05   4.5658782e-06   5.9626222e-05   3.2230997e-14   1.1506275e-05
   1.1356631e-03   2.6331582e-05   4.1089220e-08   2.5503817e-17   2.2418916e-05   2.0335142e-05   2.0773623e-05   1.5015778e-05   6.0354751e-09   1.1824081e-05
   1.1089403e-03   8.8938730e-18   1.7441750e-05   2.0820821e-13   2.1281378e-05   1.8343464e-05   6.3473570e-05   1.5911956e-05   1.3856770e-07   1.1941553e-05
   1.0484931e-03   3.7313953e-76   1.3126193e-14   9.5738957e-11   2.7129541e-05   1.8825277e-05   8.0663642e-05   2.3476872e-05   5.5550279e-06   5.2203146e-06
   1.1812450e-03   1.3148466e-53   1.8432548e-05   4.5299487e-14   2.2413194e-05   1.3616308e-05   4.9989672e-05   2.3249733e-05   1.5307050e-08   4.7058328e-06
   1.0808949e-03   4.9464554e-53   5.2747158e-05   1.2083646e-13   2.2236444e-05   1.2971954e-05   1.8076323e-05   3.3669302e-05   1.4349500e-05   5.8096244e-06
   7.3478826e-04   3.1921316e-75   6.4504275e-05   4.0605697e-11   2.3877586e-05   1.4349457e-05   1.7345324e-05   4.8531888e-05   7.2830469e-05   6.7022575e-06
   7.5818446e-04   8.6032734e-63   1.0332886e-05   3.6042680e-18   2.8791950e-05   1.3477582e-05   1.7365245e-05   5.6670170e-05   2.6524217e-05   5.0084733e-07
   7.8156466e-04   1.3533934e-73   2.8780159e-10   4.4547321e-30   2.7146399e-05   7.8176530e-06   2.0238621e-05   4.8881350e-05   1.2725268e-06   1.0268173e-05
   9.5219451e-04   1.3579680e-48   2.1147556e-13   1.8529694e-19   1.6126634e-05   6.0596656e-06   3.4871765e-05   2.2151433e-05   2.6865471e-08   1.5414696e-05
   9.5242363e-04   2.5418744e-32   2.9578146e-08   1.2546226e-16   1.7406681e-05   2.2524157e-06   4.1114196e-05   4.0211961e-05   2.6624425e-08   1.1047683e-05
   8.5907981e-04   7.8047539e-24   3.2903124e-06   4.8603934e-15   1.6751555e-05   7.5391815e-06   4.9577063e-05   4.0074666e-05   5.4482273e-06   3.7570565e-06
   6.4630297e-04   1.0751661e-13   3.1069577e-09   1.1798861e-12   3.5385353e-05   1.2952084e-05   4.3892941e-05   2.4028800e-05   8.9041640e-06   6.9915604e-07
   6.3198622e-04   2.3502783e-05   5.4514582e-13   3.0128074e-15   3.1135793e-05   9.5157493e-06   4.8658366e-07   1.5229875e-05   3.6530213e-05   1.7048913e-06
   6.3427571e-04   1.2437241e-05   6.4315416e-24   7.7547417e-26   1.4917734e-05   8.2743644e-06   5.4793058e-05   4.1115880e-05   4.4728669e-05   5.2892681e-06
   5.4029072e-04   2.6286159e-05   4.8518511e-33   1.8324270e-23   5.5381113e-06   1.0907736e-05   8.1546027e-05   5.8787850e-05   1.1156688e-05   3.6168977e-06
