   1.0955467e-04   2.2479169e-03   7.9827043e-13   4.7693887e-03   9.6996282e-05   6.8118963e-04   7.0015592e-04   4.0469906e-07   7.9679242e-05   1.3657662e-04
   4.7079796e-05   1.0213985e-03   3.7293818e-15   3.0420669e-03   8.5956245e-05   4.9460562e-04   4.6770403e-04   8.5241102e-08   6.8472665e-13   7.6780745e-05
   2.6690349e-05   1.8646914e-04   1.0696680e-17   1.7651707e-03   2.1979091e-05   2.6432229e-04   2.0170805e-04   2.8211880e-17   5.3118462e-05   2.1423384e-05
   8.9711017e-06   3.3886972e-04   1.5466822e-24   1.8870618e-03   2.6895342e-25   1.7168383e-04   1.3497307e-04   2.2265269e-11   2.6718291e-05   8.4012997e-06
   1.2234577e-05   1.2300934e-03   1.7466176e-44   1.6997579e-03   2.2646171e-54   2.3196986e-04   3.6073937e-05   3.3640963e-12   1.7504778e-18   7.0647092e-28
   7.6913819e-06   1.6549769e-03   1.4657617e-28   1.6440305e-03   1.7191863e-71   2.3942931e-04   4.3749585e-05   5.2186403e-21   8.2090402e-06   1.7058143e-24
   1.3295595e-05   1.0135187e-03   3.5742606e-18   1.5106986e-03   1.0733597e-28   1.6043439e-04   1.2145881e-04   1.1602862e-07   2.3667961e-05   1.3288201e-05
   1.1642032e-05   4.1417411e-04   2.5618815e-19   1.4901309e-03   7.3768059e-17   1.1157345e-04   1.1900007e-04   1.5989464e-06   2.2552926e-05   1.1826184e-05
   4.2490340e-08   1.2904522e-04   1.2758766e-29   1.6169944e-03   6.4124884e-13   6.0479362e-05   5.2685872e-05   3.1986051e-15   7.7243289e-06   8.9717464e-09
   7.3961993e-06   2.3743624e-05   1.6561978e-27   2.1657191e-03   3.6918894e-08   8.3356418e-05   7.2023229e-05   4.6414766e-08   8.3811625e-06   5.7346857e-06
   9.2294520e-06   5.8902680e-06   9.2120676e-27   2.9758332e-03   1.3380149e-05   9.8513968e-05   1.0633539e-04   5.4508450e-13   6.2655475e-06   5.7759356e-06
   1.2691201e-08   2.3774900e-12   8.9727898e-36   4.0225032e-03   1.3970675e-12   1.0566179e-04   1.1280572e-04   1.4114526e-29   8.2574846e-08   9.3172765e-34
   5.1975554e-06   3.9017832e-06   1.7631059e-31   5.7426611e-03   1.4305325e-32   1.7804356e-04   2.6714871e-04   1.7975981e-23   4.3453507e-06   1.8228290e-12
   8.5537137e-06   1.1673203e-07   5.2828215e-36   9.2536038e-03   6.1122527e-24   2.6877930e-04   1.3336934e-03   6.1752812e-28   1.0745020e-05   2.3611279e-16
   2.0878509e-15   5.6165086e-14   5.1770968e-50   1.2008657e-02   1.4754685e-62   4.8601792e-04   4.7116539e-03   1.0728601e-28   7.8527396e-21   2.3416748e-48
   3.0472531e-36   9.8277177e-16   3.8680231e-37   1.6585137e-02   9.3891483e-62   9.5281187e-04   6.1918863e-03   1.6084333e-26   1.2315483e-33   1.2967015e-38
   5.7931521e-34   2.9693595e-29   9.6916569e-09   2.1005899e-02   1.2328896e-74   2.2952206e-03   3.7272560e-03   1.7744177e-24   7.9900436e-38   5.2974856e-50
   2.7970017e-49   1.3316629e-43   2.9106983e-02   1.4744690e-02  7.0137301e-101   1.7689489e-03   3.0200302e-03   3.8342894e-24   1.2335775e-77   2.4281222e-66
   1.8314190e-68   6.8035441e-50   3.1908940e-02   1.2801127e-03   3.4348151e-91   4.5256580e-03   1.9838826e-03   3.5767316e-25   3.7606940e-82   2.2970187e-79
   1.6271010e-76   6.3078053e-56   3.2966058e-17   2.8782924e-04   5.0630823e-90   7.8488859e-03   3.9344649e-04   2.3240253e-32   9.7269809e-84   3.5483427e-84
   4.3483273e-77   1.3054253e-55   6.0143731e-46   8.2137146e-03   1.6253641e-84   6.5591566e-03   1.5709790e-04   7.3581185e-24   2.2807858e-74   6.2985601e-76
   8.1196958e-76   1.2336706e-40   1.5446589e-51   1.2408030e-02   3.5785254e-80   4.9530509e-03   5.5170496e-05   1.7363537e-14   2.6561402e-86   1.7585697e-72
   8.1252535e-62   4.4435362e-27   6.6226225e-51   1.8559157e-02   2.0161264e-68   4.3023306e-03   3.1490762e-05   6.7990208e-07   6.6969886e-52   1.0194031e-75
   3.4592524e-64   4.4201805e-18   1.5923665e-73   1.7230691e-02   2.3788744e-79   6.3422361e-03   1.2133566e-05   1.2645272e-08   3.6197741e-65   3.3995870e-77
   1.5476275e-73   8.6326278e-05   2.7858260e-91   8.3520787e-03   2.2142344e-59   9.7256530e-03   1.5492718e-06   1.2305218e-06   1.8138563e-93   4.2787983e-79
   6.9160340e-81   8.4244512e-02  4.3428187e-104   4.9295140e-04   3.0077887e-63   7.1592806e-03   1.3675592e-31   8.2584182e-05   2.6271362e-76   6.1695046e-85
   2.2702082e-75   1.0171041e-01  1.6436463e-110   2.9505424e-07   9.2152424e-22   4.6485644e-03   4.2846053e-35   8.4083662e-04   3.5222292e-62   4.2252125e-63
   8.0398485e-60   1.2050987e-01   8.4025290e-87   6.9763629e-14   7.3230772e-14   2.8695719e-03   4.3232428e-29   2.0246351e-03   1.6771642e-41   7.1837934e-13
   8.2702042e-23   1.1444357e-01   8.8951953e-78   1.5127577e-07   8.2702546e-03   1.6437409e-03   1.2928135e-03   1.2862020e-03   3.4289617e-09   5.3372746e-04
   7.0375296e-05   1.0497030e-01   1.6058299e-47   7.0301901e-06   1.0860631e-02   1.1714505e-03   2.7909225e-03   9.9211895e-04   3.1339486e-06   1.5955830e-03
   3.5735913e-04   8.0583616e-02   1.2601522e-46   7.2625694e-06   4.5580794e-03   1.2840194e-03   2.2162085e-03   2.1736880e-04   8.4690212e-09   2.9219803e-03
   2.0980112e-03   5.5270554e-02   5.4293702e-24   5.2220399e-04   1.7427208e-03   1.3443092e-03   1.4387911e-03   1.1499301e-05   6.9061958e-07   2.1142085e-03
   4.5458566e-03   3.3495639e-02   3.0962814e-12   1.0086287e-06   4.3907320e-04   1.9447980e-03   2.0455518e-03   2.0101439e-06   2.8989513e-03   6.4313716e-04
   2.7143824e-03   1.4400761e-02   1.8865630e-02   9.7858591e-09   6.8148907e-04   1.4130782e-03   2.0278764e-03   4.9240347e-12   6.4950275e-03   1.4715447e-04
   5.6394936e-04   5.8678183e-03   4.1343357e-02   5.7041837e-09   2.4192376e-04   1.2519456e-03   2.1384544e-03   4.6368650e-16   3.6153301e-03   2.0552939e-09
   1.0783287e-04   7.5040547e-04   5.9840465e-02   1.8725111e-06   2.3358675e-04   1.4400147e-03   2.3569726e-03   5.3566518e-15   4.6688125e-04   1.9836049e-39
   1.0181829e-07   5.7890056e-08   5.0113978e-02   7.7363826e-11   4.9363799e-09   1.7332738e-03   1.8869016e-03   3.9838284e-13   7.4234783e-09   2.0502261e-62
   1.2491679e-25   1.2180960e-19   2.5402866e-02   7.2774072e-19   2.0120026e-60   2.0372914e-03   1.8474630e-03   1.2113531e-11   1.7307134e-20   6.9719244e-62
   2.9643685e-56   6.6842726e-33   1.0469780e-02   2.7854684e-13   2.7231730e-41   2.4564867e-03   1.5825477e-03   3.6215953e-08   2.1828229e-28   1.8759389e-57
   3.3307343e-30   5.8586434e-27   3.6418822e-09   5.1663449e-04   1.5893555e-55   2.7984843e-03   1.0754436e-03   3.6171394e-07   1.4030297e-25   2.3975317e-49
   9.5573780e-28   3.3043473e-30   1.3061063e-24   2.1607410e-03   3.3655807e-44   2.5004582e-03   7.7751110e-04   5.5139229e-07   2.3939544e-27   3.5881035e-51
   2.6518096e-25   2.2522654e-24   3.0374990e-42   3.7954498e-03   4.5734194e-31   1.8114744e-03   1.0199871e-03   1.3746789e-06   1.2987698e-22   2.5630777e-45
   2.4278639e-47   4.4324425e-28   8.7486426e-36   6.8929367e-03   9.9635751e-57   1.6564887e-03   1.8514297e-03   1.2753135e-06   2.8623389e-18   4.3583346e-48
   5.5745160e-22   1.3188180e-30   7.6014485e-29   1.1343534e-02   2.2827577e-23   1.6680238e-03   2.6185352e-03   3.4375293e-05   7.2395097e-12   3.0432537e-37
   2.2121974e-16   6.5738041e-33   6.5185510e-19   1.6872115e-02   8.6503484e-21   1.8324059e-03   2.2001864e-03   5.0233334e-05   6.5352805e-09   1.6699961e-34
   1.7128208e-19   4.7207128e-36   1.3892936e-33   2.2916429e-02   1.2546318e-40   1.9609152e-03   1.0697348e-03   2.3709831e-04   6.5094272e-16   3.0111633e-29
   1.3872053e-25   2.6865255e-33   2.8571793e-26   2.5085137e-02   2.4646833e-29   2.1566691e-03   5.5801579e-04   8.9672225e-04   2.4627013e-11   7.5763034e-43
   5.2182013e-22   1.0726909e-23   2.2736622e-13   1.8334177e-02   1.0053226e-54   2.4004665e-03   6.2057274e-04   2.1466896e-03   4.9512532e-14   2.1921851e-43
   3.9921781e-34   9.0460803e-12   1.2901964e-39   7.6190334e-03   2.1099779e-22   2.5637171e-03   8.2728432e-04   3.0080945e-03   1.1609378e-22   9.7316883e-45
   9.9748191e-30   2.4604441e-03   8.2170824e-35   3.3074352e-03   8.1277383e-05   2.3656243e-03   1.2133883e-03   3.4065514e-03   1.6983993e-24   7.8389729e-43
   2.2282268e-33   7.1496813e-03   9.1405072e-15   2.1405213e-03   1.8091531e-04   2.4390364e-03   1.1467986e-03   4.4819568e-03   2.5957509e-39   2.8305425e-46
   3.9179225e-36   1.9379215e-02   1.4398865e-06   2.0512827e-04   4.6648888e-04   2.1833327e-03   7.1620992e-04   5.9285338e-03   4.5176159e-27   8.8328045e-31
   3.0190389e-16   2.2301976e-02   5.6330332e-03   1.4100943e-06   4.0676088e-38   1.4795947e-03   5.0791829e-04   7.5162102e-03   8.8560430e-20   5.9560065e-05
   4.1532702e-15   1.9098600e-02   8.8387327e-03   6.6311578e-06   9.7697117e-04   1.2817245e-03   4.2416542e-04   7.4600178e-03   1.9687021e-10   1.8553428e-04
   2.8228562e-32   1.6826531e-02   4.0918903e-03   5.0561147e-05   1.8774413e-03   1.3807424e-03   2.7783792e-04   6.8139923e-03   3.3399421e-24   4.8798411e-04
   2.9838656e-18   1.8162870e-02   9.6072669e-07   2.9010963e-04   4.1113513e-03   1.4087670e-03   1.6132456e-04   7.7296230e-03   8.6431805e-12   9.2290103e-04
   8.7687296e-43   1.6536650e-02   4.9136923e-34   3.3214466e-04   9.2964682e-03   9.6885516e-04   8.5851176e-04   7.3092605e-03   8.3053142e-09   1.7490426e-03
   6.5548602e-06   1.1420511e-02   2.9217782e-29   2.6181740e-04   2.8832487e-02   6.5702987e-04   2.4364825e-03   4.6485746e-03   1.4076154e-05   3.5348805e-03
   2.4385138e-07   7.0291619e-03   8.7962651e-36   3.7404636e-06   4.4160763e-02   5.6785730e-04   1.7474871e-03   3.2195592e-03   6.4170418e-05   7.1449563e-03
   9.0700261e-05   3.2362157e-03   3.2988783e-41   1.7125871e-05   3.7711310e-02   7.8291642e-04   2.1734997e-08   8.3733195e-04   2.2254135e-05   1.1532252e-02
   4.2730382e-04   7.0398379e-04   1.0860369e-26   1.4307866e-03   2.3106331e-02   6.5437701e-04   7.2292696e-08   1.8373014e-09   7.9537188e-05   1.2218542e-02
   1.9016490e-03   1.2534768e-03   2.9560143e-33   3.4864862e-03   1.3220230e-02   4.5370121e-04   2.4251771e-05   7.0401873e-19   2.1458873e-04   1.0060789e-02
   5.3993780e-03   1.1610315e-03   8.4023318e-27   2.8326387e-03   7.2556816e-03   4.2882092e-04   1.8906825e-04   1.2860200e-18   1.6761065e-04   8.7827831e-03
   1.2480963e-02   3.3074987e-04   7.4541196e-31   4.3595373e-03   4.5576648e-03   5.5996785e-04   8.6464524e-04   2.2283188e-15   1.4830002e-09   4.4017275e-03
   1.9028916e-02   1.9972645e-05   1.5980960e-16   5.6278065e-03   2.4617974e-03   5.9817905e-04   1.7343284e-03   2.2958546e-15   9.5724004e-04   2.1192003e-03
   1.5121732e-02   8.6781247e-05   4.7724618e-18   5.4261951e-03   8.3629058e-04   4.8076814e-04   5.3693762e-03   4.9233198e-10   1.6759448e-02   9.8283306e-04
   5.7563662e-03   8.5405737e-07   2.2672170e-30   4.5523194e-03   1.2684617e-04   4.9084519e-04   9.5983770e-03   2.8560227e-05   3.2122515e-02   1.0994863e-04
   1.4511844e-03   4.9233958e-13   8.1382406e-12   3.1513319e-03   1.0984167e-04   7.1264737e-04   1.1335238e-02   1.4719719e-06   1.6887423e-02   2.1789826e-04
   8.5529864e-04   2.3636749e-15   2.6885709e-04   3.2267371e-03   1.2391958e-04   7.7059323e-04   1.0807281e-02   6.5766893e-05   3.4305581e-03   1.1056103e-04
   3.5384487e-04   2.3960481e-22   3.0565969e-03   3.8969704e-03   1.4720176e-04   8.0468653e-04   1.0754617e-02   1.8475953e-05   5.6672350e-04   1.9531112e-04
   1.1937827e-04   4.9288950e-32   7.5117233e-03   2.7884167e-03   3.2641020e-04   1.0843771e-03   1.5594423e-02   7.9728805e-05   1.6091063e-04   1.3220395e-04
   1.2224304e-04   7.3752498e-35   9.0544315e-03   9.5947574e-04   1.5266438e-04   1.7100374e-03   2.4238838e-02   6.8926392e-05   1.6862373e-04   7.4059420e-05
   2.5482953e-04   5.2998549e-32   4.3539253e-03   1.1559628e-07   9.6922801e-05   1.9201568e-03   3.0626663e-02   8.0190780e-05   3.1250256e-05   6.0907909e-05
   3.7144088e-04   4.7125706e-22   5.1763674e-08   4.7479866e-09   1.4548904e-04   1.9399918e-03   2.9232445e-02   6.6879457e-04   5.5361437e-18   6.8432533e-05
   5.1475898e-04   2.8302111e-18   7.8927782e-11   2.2479500e-14   7.3517448e-05   1.7435282e-03   2.2673898e-02   1.4814926e-03   1.7588538e-05   1.4451884e-04
   7.8315583e-04   2.4753219e-09   7.1061956e-24   5.5556553e-15   2.2358892e-05   1.7547584e-03   1.7588903e-02   2.1365105e-03   9.8259636e-05   7.9257653e-05
   1.1310959e-03   4.7917040e-06   1.9168571e-35   1.3404448e-15   4.7365376e-60   1.7672122e-03   1.6764215e-02   2.8110985e-03   6.5014019e-05   2.1247391e-04
   1.2588428e-03   6.6765958e-03   7.0319750e-42   6.4495884e-13   9.7373878e-07   1.1324007e-03   1.3169223e-02   4.4872719e-03   7.7023117e-05   3.3722581e-04
   1.4842209e-03   5.9669060e-03   5.7258091e-40   1.1477526e-06   2.1532236e-04   8.9575613e-04   1.0781160e-02   6.7581569e-03   3.2522154e-05   4.5160183e-04
   1.8017226e-03   3.9609627e-03   5.9932723e-57   2.1384716e-04   3.4089270e-04   5.6700370e-04   8.9964543e-03   8.5672968e-03   1.0660768e-04   8.3155338e-04
   1.6829354e-03   2.3162170e-03   3.9640309e-44   6.6715536e-05   1.9831440e-04   7.0761335e-04   7.2516908e-03   8.3889509e-03   2.1675946e-04   1.3376194e-03
   8.2190492e-04   1.6300052e-03   2.5177177e-51   2.9040083e-04   7.2396663e-04   5.3729584e-04   5.8022965e-03   8.4643042e-03   5.9200147e-05   1.3114525e-03
   2.5382768e-04   4.9597711e-04   1.4274634e-36   4.9421024e-04   6.5012513e-13   4.6726521e-04   4.9432378e-03   9.3566471e-03   4.0791309e-09   1.3838797e-03
   4.2362724e-04   2.4658453e-06   1.1005883e-32   4.6668853e-04   1.0336109e-03   4.3243330e-04   5.4884763e-03   1.0915360e-02   1.9706877e-04   1.2120665e-03
   3.1250499e-04   7.4932352e-05   4.7239167e-42   4.6301144e-04   1.7239572e-03   2.0835618e-04   8.2933937e-03   1.1695393e-02   3.4989661e-05   1.6392893e-03
   1.3361966e-04   4.6125757e-18   1.2124493e-31   2.4966816e-04   8.5548828e-03   2.9841543e-11   2.2161885e-02   1.1978614e-02   4.0112228e-04   2.6464726e-03
   1.1920136e-04   2.3728298e-23   3.2008268e-30   1.7328752e-06   1.2580449e-02   6.4199140e-13   3.4431353e-02   1.1288476e-02   5.2609929e-04   4.7052344e-03
   2.2233471e-05   1.7326524e-26   4.4916836e-12   8.5712564e-11   4.2224024e-03   1.0454281e-15   3.2291138e-02   8.3332800e-03   3.3746063e-04   9.3760929e-03
   2.1730915e-04   8.3581788e-32   3.5527679e-03   9.3919015e-13   9.8937539e-03   1.3970383e-11   2.2317127e-02   5.2811690e-03   1.5799594e-04   1.6299887e-02
   1.8342260e-04   1.5161660e-30   3.8921895e-03   3.9637784e-08   7.3050844e-03   4.8502901e-05   7.3500514e-03   2.4053735e-03   1.4708060e-04   2.4910249e-02
   7.8183701e-04   1.5485720e-15   1.9978080e-03   4.1807561e-07   2.7240440e-03   2.0038426e-04   1.8834703e-03   3.9466519e-04   1.4163248e-05   3.1264235e-02
   3.3543918e-03   8.8403455e-11   3.2666520e-04   5.3340867e-05   1.6627773e-10   2.6910672e-04   4.4382718e-03   1.0399257e-07   5.1939944e-15   3.2795145e-02
   6.5611724e-03   5.4710837e-10   8.4846507e-11   2.0988317e-05   5.3085065e-25   2.5620391e-04   6.2400154e-03   1.4838342e-10   4.8004187e-06   3.0033138e-02
   1.3351825e-02   6.6268413e-11   6.0158099e-20   9.4999232e-07   7.2438488e-18   4.0690803e-04   1.0033228e-02   1.1021693e-13   5.7825753e-05   2.2985831e-02
   2.4866225e-02   3.7639900e-12   3.1612162e-31   1.9843910e-05   2.5927841e-32   5.3452096e-04   1.0426814e-02   2.4163362e-16   1.3673458e-06   1.5536154e-02
   4.2629701e-02   3.7992043e-12   2.0455759e-39   2.1253119e-05   9.7310129e-68   6.0157975e-04   7.5733668e-03   3.9519943e-20   8.6640345e-04   7.8177986e-03
   5.4030827e-02   8.6061766e-09   6.2418197e-29   2.1943775e-07   2.4702382e-35   6.4796297e-04   6.8424010e-03   2.6382713e-05   3.3651988e-03   3.6462833e-03
   5.0725286e-02   7.8285541e-10   1.2602048e-05   1.1355091e-09   8.4711106e-15   5.9092068e-04   7.9683851e-03   1.6126021e-04   1.0565764e-02   1.6055638e-03
   2.9427609e-02   1.4343058e-07   4.7321623e-12   8.6690701e-06   3.6345327e-30   5.2995817e-04   1.3022958e-02   7.4676201e-04   6.0467843e-02   4.6669617e-04
   9.0921279e-03   3.2867628e-10   1.2978168e-36   3.3081143e-09   4.1392451e-07   5.2092615e-04   2.8603367e-02   1.3637607e-03   9.5187120e-02   2.9101656e-04
   3.6507529e-03   1.3321656e-25   1.4679434e-48   2.5954433e-16   4.8202219e-05   5.6308069e-04   3.6637558e-02   2.2165159e-03   4.9179719e-02   2.8217974e-04
   2.0942677e-03   4.1320520e-27   4.9160948e-52   3.7944352e-17   2.1959083e-33   5.0238406e-04   3.7129728e-02   3.1990657e-03   1.2029902e-02   4.2569348e-04
   1.5491659e-03   1.4625830e-22   7.6294906e-39   2.0310485e-18   7.7629038e-12   5.6346424e-04   3.6875614e-02   4.2723121e-03   1.9633315e-03   4.2089068e-04
   3.2601198e-04   2.3383590e-21   2.9446351e-12   5.1051270e-05   1.3276723e-06   6.9295596e-04   2.4920493e-02   4.7675916e-03   6.7170748e-04   2.7494373e-04
   6.2738809e-04   6.8949740e-12   1.3660820e-03   1.0557312e-03   1.5521685e-04   4.8492144e-04   1.5112956e-02   6.2832376e-03   1.6428701e-04   2.9005731e-04
   5.6835802e-04   1.1713976e-11   4.4851251e-03   5.6026484e-04   7.0548557e-05   5.1539092e-04   1.0740450e-02   7.9011409e-03   1.7645327e-04   1.7607079e-04
   8.8936247e-04   1.6220849e-14   1.0773383e-02   3.5363448e-04   3.3657188e-05   3.2160782e-04   7.9636557e-03   9.3608903e-03   3.4665448e-06   2.4055523e-04
   1.6261065e-03   1.2904236e-14   9.3822516e-03   6.5944110e-04   9.0842493e-04   2.6354654e-04   6.7273950e-03   1.0452000e-02   7.9349112e-08   4.7786372e-04
   2.0432659e-03   1.4863066e-14   5.2702426e-03   1.2374629e-03   7.6241578e-04   6.0522337e-05   5.5447670e-03   1.4111765e-02   8.7501678e-05   4.4830055e-04
   1.8783729e-03   2.3424152e-15   3.1272650e-03   1.3646440e-03   2.3333269e-03   7.6287304e-11   3.1879922e-03   1.7369094e-02   1.0567701e-06   6.3327554e-04
   1.9636189e-03   3.9976732e-18   1.1853423e-03   1.8185883e-03   1.4161371e-03   1.4305092e-11   1.7888712e-03   1.9187685e-02   1.3123029e-04   1.0197552e-03
   1.8923227e-03   2.3810624e-18   9.2307703e-04   1.4907487e-03   3.7732831e-03   1.5542451e-12   7.5968530e-04   2.0706396e-02   3.6020672e-05   2.0628403e-03
   1.3679022e-03   5.6393029e-16   1.4585275e-08   1.8263871e-03   8.5876281e-03   9.6883248e-10   7.1524218e-07   2.1146130e-02   2.9583020e-34   1.4534533e-03
   2.6736681e-04   6.6814167e-23   8.1691433e-22   1.2954398e-03   1.3635970e-02   7.8160716e-08   3.1267361e-03   1.9820583e-02   3.3390434e-04   2.6680674e-03
   8.6361642e-05   2.6320811e-27   5.3709756e-12   4.6011396e-04   2.7782285e-02   1.2342103e-06   7.4263312e-03   1.6808325e-02   6.5135342e-04   4.4826166e-03
   1.3205516e-04   1.9851075e-27   2.1933101e-03   6.4312894e-04   2.3256014e-02   2.8908670e-07   7.5511732e-03   1.5437843e-02   6.4591525e-04   8.6785638e-03
   1.2501665e-07   1.0441143e-34   4.7814168e-12   2.1138124e-05   1.8181529e-02   2.6906690e-04   6.0643822e-03   1.3520919e-02   7.5969025e-04   1.5047045e-02
   2.1426469e-07   8.1691256e-40   2.4949488e-18   1.5939953e-06   4.1943096e-02   4.0446335e-04   2.0036788e-03   9.8958784e-03   5.8764752e-04   2.0840262e-02
   1.7475186e-06   1.4951547e-29   1.0652729e-04   4.9530157e-11   2.9010116e-02   8.2502303e-04   7.5188738e-07   4.3781586e-03   1.3499134e-04   2.3751520e-02
   7.0763577e-13   1.9656009e-23   1.7223630e-03   3.2121741e-07   9.0295112e-03   9.5736151e-04   3.6516518e-07   2.5511535e-03   1.3796647e-04   2.2430421e-02
   1.4366711e-04   1.4736450e-10   1.4064327e-03   1.2548938e-04   1.2001775e-03   1.0431136e-03   1.7724037e-04   4.2465972e-06   3.2419579e-04   2.1407941e-02
   6.4230752e-04   1.1369378e-12   3.4784368e-03   6.5157941e-05   1.4111530e-12   9.8536721e-04   1.1274691e-07   1.6658225e-03   3.5050386e-05   2.1509344e-02
   1.8476688e-03   1.7205641e-13   2.8951016e-03   2.8031759e-04   3.2658493e-13   1.1434205e-03   1.0044678e-04   1.1733521e-05   7.0377136e-05   1.8840902e-02
   3.5026643e-03   1.3490474e-07   2.0216440e-02   1.2429471e-04   6.9634559e-09   8.4409813e-04   5.3592244e-13   1.9427550e-03   4.6831066e-05   1.6074178e-02
   6.5483564e-03   3.9284362e-11   3.0000094e-02   5.0058239e-05   5.3658428e-34   1.0689647e-03   1.2709897e-10   4.0264965e-03   1.8595966e-17   1.2691171e-02
   1.0348956e-02   1.3463918e-22   2.3628084e-02   6.3673325e-05   1.9761980e-17   1.3820202e-03   2.1641950e-13   7.3068977e-03   8.8443635e-20   9.3015661e-03
   1.5232651e-02   1.2393951e-23   1.0429887e-02   2.2662857e-05   3.2428348e-15   1.9195509e-03   1.1905752e-21   1.0661283e-02   4.5443812e-18   5.8347171e-03
   2.1693958e-02   1.0518995e-25   7.0206913e-03   5.1605983e-07   2.6966831e-06   2.1115175e-03   9.8148970e-19   1.3944715e-02   2.3573315e-04   3.2478723e-03
   2.5357396e-02   6.2240723e-24   4.7919898e-03   2.7245411e-06   7.8596906e-11   2.0576119e-03   3.4369640e-09   1.7461219e-02   2.5263986e-03   1.5271287e-03
   2.4940971e-02   7.5769233e-26   4.7428243e-03   2.1878995e-04   2.8872425e-07   1.9241390e-03   3.4427566e-06   1.9537266e-02   3.4663748e-03   4.7854578e-04
   2.0108498e-02   1.8802411e-20   2.3145605e-03   1.0009352e-03   4.7515136e-08   2.1399105e-03   1.3941200e-04   1.9896048e-02   7.2079408e-03   3.5782817e-04
   9.7358619e-03   5.6031224e-22   1.1149219e-03   1.2316322e-03   7.0868190e-05   2.8470335e-03   1.5812594e-04   1.8507401e-02   3.8031708e-02   2.1333459e-19
   3.1223690e-03   2.7033840e-33   4.6608569e-04   5.2920913e-04   3.0423295e-41   3.9307180e-03   2.0623814e-07   1.2323082e-02   5.4757695e-02   3.0411735e-10
   1.7981547e-03   2.1412711e-30   6.2185629e-05   7.0683246e-04   2.3343724e-20   4.4198449e-03   1.7900439e-06   7.6672673e-03   3.0481969e-02   4.8605718e-09
   8.6792514e-04   6.2074358e-32   7.3176958e-09   2.6089867e-04   8.4224741e-05   3.9738594e-03   1.8621860e-12   9.3854581e-03   8.5009415e-03   4.3984696e-34
   2.8161061e-04   4.9710199e-25   1.6710660e-08   2.4922503e-04   2.2690451e-04   3.7442809e-03   8.2518347e-12   1.0527236e-02   1.6248024e-03   1.4251590e-20
   2.3525579e-04   8.1917895e-21   7.5195412e-11   4.0619707e-04   4.3859518e-04   3.6773619e-03   5.8993822e-13   7.1011061e-03   2.9665147e-04   3.1924418e-10
   2.9516608e-04   4.6468237e-18   1.6348341e-04   3.3362831e-04   1.1705777e-04   3.5508387e-03   7.6919876e-07   4.5057066e-03   2.6943308e-04   1.1534203e-04
   3.3781562e-04   5.0144788e-11   3.7352759e-05   7.7554672e-05   8.4618457e-04   3.9403387e-03   2.7409297e-10   6.0947140e-03   8.4524772e-05   1.9224225e-04
   5.0878502e-04   2.2397770e-05   7.1122416e-09   1.3809530e-04   1.1205766e-03   4.3824482e-03   1.4404358e-08   6.5649667e-03   2.0965166e-06   1.7781605e-05
   4.7818106e-04   1.2469982e-05   7.0759387e-04   9.3347583e-05   1.8526787e-03   4.7830093e-03   4.9348654e-07   4.9150528e-03   6.0773179e-05   1.4151716e-04
   3.0219778e-04   7.3026472e-09   6.3590190e-03   1.8736394e-07   3.3769147e-03   5.5374205e-03   6.2751843e-04   4.3227914e-03   1.2307768e-05   6.8358308e-04
   3.1427362e-04   7.0100242e-08   5.1424800e-03   4.9889872e-07   6.2918151e-03   5.7398330e-03   9.8928783e-04   3.1330375e-03   2.1431996e-08   4.5972587e-04
   1.7625688e-04   2.4638157e-08   1.7812401e-03   1.2924812e-07   8.9504497e-03   4.2495029e-03   1.8527984e-03   3.1795074e-03   6.9684106e-05   1.1758499e-03
   2.4425426e-06   1.4203669e-12   1.0365695e-03   4.7385712e-06   8.3479622e-03   3.3485909e-03   1.8365251e-03   3.0233479e-03   2.3280321e-05   1.4768112e-03
   2.8862711e-05   7.5055919e-09   3.2186437e-14   1.5879714e-06   5.4993684e-03   3.7403376e-03   2.3156631e-03   7.3018999e-04   2.6370235e-05   1.8731048e-03
   3.1235495e-10   1.0109543e-09   7.8400229e-15   8.4047931e-11   2.3661394e-03   3.6544419e-03   2.2121791e-03   1.6968542e-03   4.7113914e-05   2.4805974e-03
   2.8873804e-18   2.2231257e-04   3.8476069e-22   1.1095088e-10   6.3236305e-04   3.7270547e-03   1.6078465e-03   3.6288185e-04   1.2156912e-04   3.0372704e-03
   2.0730969e-20   1.4586737e-03   3.6162581e-18   7.1496015e-09   5.9164181e-05   3.4248891e-03   6.2565574e-04   1.0262357e-03   1.1986020e-04   3.4679432e-03
   3.7285791e-27   9.7032210e-04   5.2688309e-29   7.6548801e-11   1.2351786e-08   3.6493650e-03   3.8118474e-04   1.6413925e-03   6.8252289e-05   3.7539910e-03
   7.7062308e-06   3.4699382e-04   6.1806123e-25   1.4918940e-15   5.8223247e-43   4.1507921e-03   2.4056853e-06   2.4323206e-03   8.9150910e-05   3.7525933e-03
   9.6659862e-11   1.1578283e-11   1.5422426e-33   1.3020906e-16   9.3042399e-19   4.3528915e-03   5.3074848e-11   3.8140990e-03   3.8101823e-05   3.4924376e-03
   1.1240925e-04   2.0856988e-19   3.3235205e-45   7.9246312e-14   2.3574058e-23   4.5931086e-03   3.0059522e-07   5.3005027e-03   2.0899538e-13   3.2059475e-03
   2.9520045e-04   8.4671806e-32   2.1171843e-29   6.0114378e-11   8.5157050e-63   5.5064538e-03   7.9382533e-17   5.9933103e-03   2.6549281e-12   2.8173488e-03
   7.0106706e-04   8.7765462e-32   7.1059618e-35   6.5447247e-10   3.2484801e-65   5.4204373e-03   3.3823977e-10   7.5941291e-03   1.8514490e-17   2.6553420e-03
   1.2693024e-03   7.4229477e-30   1.3593905e-23   1.3356818e-12   1.3281208e-57   5.2515422e-03   3.7711988e-07   7.6509325e-03   1.2372873e-40   2.4179900e-03
   2.1065576e-03   3.0032161e-30   4.3170760e-04   2.4413057e-12   2.9755914e-56   4.8955657e-03   6.3537464e-05   7.4868546e-03   6.6525254e-11   1.9302036e-03
   3.1615073e-03   3.8534099e-25   8.5151696e-05   4.0687597e-13   1.9600001e-60   4.9313411e-03   1.5737297e-03   4.7110897e-03   4.4302985e-23   1.3411459e-03
   4.4833527e-03   6.7331572e-23   4.4379269e-03   3.8241912e-15   5.0989080e-39   4.8105494e-03   1.2485984e-03   4.1635708e-03   3.8187181e-19   9.4204635e-04
   5.8151717e-03   7.3737122e-26   1.4297323e-02   1.4510579e-11   1.0943908e-54   3.9611911e-03   1.5743790e-03   7.0824548e-03   1.6218363e-12   3.5416713e-04
   6.8914390e-03   7.4281934e-26   1.4394976e-02   2.4321863e-10   4.1855507e-53   3.9447055e-03   1.9135161e-03   7.8099397e-03   2.7035002e-06   1.8537637e-04
   7.1265685e-03   9.2578703e-23   7.1337057e-03   1.5382228e-09   1.2016344e-39   4.0725963e-03   1.7625745e-03   6.7728125e-03   1.2710023e-03   1.1141719e-07
   6.5216100e-03   1.4275167e-19   2.4977139e-03   2.1007978e-10   2.4167755e-41   4.1484092e-03   1.1858114e-03   5.1093055e-03   2.7438968e-03   1.5345450e-11
   5.2444741e-03   5.4985592e-25   2.2213196e-22   4.9799380e-11   2.8214955e-50   5.2381837e-03   1.3106424e-03   5.3670650e-03   2.9435328e-03   1.5257394e-32
   2.5735966e-03   5.2321837e-30   1.8236587e-17   3.9720655e-17   2.0474079e-29   6.2931106e-03   1.0543881e-03   5.9125431e-03   1.3191955e-02   1.7513674e-27
   8.7615446e-04   2.4870956e-36   6.8535623e-24   3.7291632e-23   7.4529160e-31   7.6901387e-03   3.7531847e-04   4.7419802e-03   1.8908038e-02   1.4977060e-28
   2.6076353e-04   2.3354279e-37   2.1411619e-33   5.3074764e-24   1.3277410e-81   8.4488593e-03   8.2215446e-04   3.5548449e-03   1.1110353e-02   1.8039188e-20
   4.5305587e-05   3.0625287e-27   3.4570056e-30   2.5889230e-25   2.1625951e-57   8.1623189e-03   1.8070381e-03   3.4499674e-03   3.6833942e-03   2.4250836e-23
   1.6723359e-06   1.4517512e-22   9.8112351e-20   2.8235038e-20   1.5505269e-37   7.9730866e-03   1.1649569e-03   3.4496893e-03   7.9074230e-04   9.4513148e-08
   1.2166530e-22   1.0410732e-19   3.9212787e-23   1.7165252e-19   2.1004704e-10   7.4517475e-03   1.3197258e-03   4.2662067e-03   8.3489950e-05   3.4806649e-04
   1.3195586e-05   2.3012551e-17   6.5786460e-42   4.4596515e-24   1.0781195e-03   7.1878811e-03   3.6682375e-03   3.8249496e-03   9.0357048e-07   4.7544440e-04
   9.6021624e-05   7.8088035e-20   2.9353757e-29   8.5989998e-26   3.4356187e-03   6.7345003e-03   5.6582698e-03   3.0607330e-03   1.4575763e-08   8.5974773e-04
   1.3093111e-04   3.7323592e-19   2.7143351e-28   4.7476049e-23   4.3043102e-03   5.6197091e-03   4.4258231e-03   4.1739364e-03   4.0655530e-37   1.5335929e-03
   8.2247361e-05   1.2984900e-23   2.8531147e-03   7.3088239e-23   2.0028276e-03   4.3753706e-03   5.4657368e-03   4.3727244e-03   1.4709038e-05   2.1363569e-03
   1.5274724e-04   2.9049681e-20   6.9760756e-03   1.2146756e-16   1.3289036e-03   3.9703814e-03   7.6060093e-03   1.3411232e-03   2.5845172e-09   2.7004607e-03
   5.1647926e-05   3.6912657e-23   1.2880107e-03   2.8281067e-16   2.1636572e-03   4.7515889e-03   5.9697557e-03   2.8504478e-03   7.5346308e-05   3.4697230e-03
   1.3940339e-28   3.9632754e-21   1.7349443e-02   6.9020411e-16   2.9639669e-03   4.9665836e-03   4.2315776e-03   1.5157549e-03   5.3119981e-05   4.1302941e-03
   3.4567638e-09   1.9934052e-22   3.4864006e-02   3.9157513e-10   1.8520342e-03   4.6975668e-03   3.4030100e-03   6.3562895e-04   4.1160393e-05   4.5818377e-03
   3.6921930e-06   2.5310289e-18   3.4493667e-02   3.8501953e-09   5.0830784e-04   4.1378297e-03   2.2915340e-03   2.4585451e-03   1.0569192e-04   4.6704189e-03
   6.4605503e-09   4.9873645e-21   1.8606281e-02   1.2832804e-08   2.7473419e-35   4.1849273e-03   1.6089038e-03   1.3120811e-03   1.8503472e-05   4.5473019e-03
   6.0942566e-10   9.6798908e-24   7.6377882e-03   5.0287177e-11   2.6194421e-31   4.4628514e-03   1.1659455e-03   2.2665709e-03   1.6613625e-04   4.7215806e-03
   7.0998482e-15   8.7013650e-28   6.4034467e-03   2.1821685e-08   3.0801583e-60   4.7871925e-03   2.3624380e-03   1.1340690e-03   1.4838206e-04   4.5974189e-03
   1.6957535e-04   2.6345629e-29   6.2367415e-03   8.7741733e-08   1.2643336e-55   5.1540611e-03   1.2210999e-03   1.5487549e-03   1.6447012e-04   4.3039516e-03
   1.5058869e-05   1.5639512e-22   4.2346862e-04   1.2837987e-12   1.7161999e-37   5.7152308e-03   1.5698808e-03   1.0610771e-03   2.1909610e-04   4.1228122e-03
   6.1669498e-04   2.9238309e-21   1.1671486e-12   2.1469603e-13   6.2572868e-52   5.6085800e-03   2.7632367e-03   1.1104746e-03   2.0175601e-05   3.8043346e-03
   8.2300610e-04   7.1087855e-23   8.1358683e-11   3.3176986e-11   2.3364165e-21   5.4032334e-03   3.3791470e-03   1.5661561e-03   8.5308430e-25   3.7234900e-03
   1.6046896e-03   7.7233741e-26   5.9673559e-13   6.1640427e-14   4.1028306e-57   5.3802568e-03   3.1878314e-03   1.6877279e-03   3.7919203e-31   3.3081490e-03
   2.4452087e-03   6.3744287e-19   1.1318092e-18   3.5070363e-13   5.3529584e-49   6.5595589e-03   2.4612643e-03   1.5272391e-03   3.2088349e-49   2.6790867e-03
   3.5501973e-03   4.1286918e-21   2.2774188e-13   2.1074487e-13   2.5789832e-68   7.4094862e-03   1.8730264e-03   9.6646322e-04   4.0111075e-14   2.1968889e-03
   4.7877856e-03   2.8443491e-18   3.7598117e-20   3.3001181e-09   1.2661527e-26   6.8020231e-03   2.0319775e-03   7.7815130e-04   2.9581710e-28   1.5984126e-03
   6.7195755e-03   1.8586944e-15   7.9503588e-28   6.7313726e-14   1.7016292e-13   6.4690379e-03   2.0060128e-03   8.3544992e-04   2.8341609e-09   9.3139005e-04
   8.7341450e-03   9.8107414e-21   1.6011839e-10   1.5583761e-17   9.9000919e-33   7.5137929e-03   6.6338363e-04   9.3884095e-04   1.7112849e-09   5.2036123e-04
   1.0326125e-02   1.9263091e-22   4.0476276e-09   9.8642994e-18   1.5753361e-19   8.5658477e-03   1.1542642e-08   8.5496447e-04   7.6976132e-04   4.0843739e-04
   1.1010713e-02   8.8240166e-24   7.5663577e-05   7.7727761e-20   4.6325646e-08   9.1618156e-03   3.5808733e-11   5.4151957e-04   7.1954663e-04   3.1921860e-19
   1.0687303e-02   6.2932667e-18   4.3476359e-03   4.0197312e-23   1.4460735e-13   9.3087975e-03   1.5776379e-11   3.6739468e-04   2.6431870e-03   8.8370200e-19
   8.5646394e-03   3.8144870e-08   7.5694256e-04   1.6927902e-12   2.1154825e-03   8.9014472e-03   7.5300765e-22   4.0962753e-04   8.3662985e-03   2.4509145e-17
   6.5390574e-03   3.5250192e-08   4.5896772e-11   5.0552433e-09   2.8697042e-03   9.1867250e-03   3.7452326e-26   5.1944989e-04   4.1338130e-03   2.2542265e-08
   2.7180079e-03   4.8758505e-06   2.3204151e-13   1.2504694e-07   6.1932178e-03   8.8407352e-03   5.1255215e-26   8.4515026e-04   2.5906464e-02   4.1383942e-04
   1.1328496e-03   8.6648653e-04   2.7920539e-26   9.1795087e-06   1.0012892e-02   7.8728677e-03   4.8009116e-35   1.0311372e-03   3.1112204e-02   5.8812070e-04
   6.5610959e-04   8.5845631e-06   1.5342776e-32   8.1587784e-05   2.0042915e-02   6.4334086e-03   7.0051577e-22   7.0148407e-04   1.7503342e-02   9.8457614e-04
   2.6284526e-05   1.6335854e-16   9.2877219e-35   1.0579718e-06   2.8042452e-02   6.1842076e-03   6.6459126e-17   1.1079440e-03   7.2017168e-03   1.4358875e-03
   3.9851772e-12   2.7625511e-19   1.8759768e-33   9.8905173e-10   2.0741963e-02   6.0768116e-03   3.6846518e-19   8.9589454e-04   1.6582782e-03   2.3247139e-03
   6.1014626e-04   3.9780383e-17   7.7613969e-39   8.9535497e-10   7.1550333e-03   5.6475403e-03   2.9967884e-07   3.3574186e-05   5.4362202e-04   4.0081042e-03
   1.1900765e-03   3.1646880e-19   1.1551924e-22   4.8545832e-10   1.3732907e-02   5.1366480e-03   4.7573068e-19   3.5156519e-04   3.1503746e-04   5.2110481e-03
   1.1359772e-03   4.3137609e-11   5.7185009e-17   4.6333242e-05   9.0414596e-03   4.0068931e-03   1.2718077e-16   1.1783915e-03   4.5166967e-04   5.7391527e-03
   8.5911244e-04   5.3693793e-09   5.0737318e-18   2.6401424e-07   8.4526295e-03   3.7083185e-03   1.0109227e-20   6.2976345e-21   2.3139241e-04   6.5932237e-03
   7.2494984e-04   1.7991874e-10   7.8514164e-22   7.6938908e-08   3.8989210e-03   3.6751336e-03   2.3956541e-33   5.6907757e-04   4.3013069e-06   6.0990489e-03
   4.6380680e-04   1.7147587e-10   7.3381039e-24   2.0019553e-11   3.2351534e-03   3.1584860e-03   1.7583318e-35   2.0991170e-05   1.5883628e-04   5.8812143e-03
   2.5824268e-04   1.1913229e-12   2.6733650e-21   1.1655311e-06   1.3064041e-03   3.5016873e-03   6.8279624e-30   3.0929239e-05   4.0411277e-04   5.6241151e-03
   1.4353912e-04   8.1495196e-22   1.5657920e-03   1.0131383e-08   2.5318224e-05   3.6445869e-03   5.1061694e-29   1.5619466e-04   4.3834244e-04   5.9136237e-03
   1.7742534e-04   2.1265478e-24   1.8877358e-04   3.1494790e-10   9.4888523e-18   3.5357639e-03   3.5036501e-17   1.4503306e-06   1.5119577e-04   6.0614075e-03
   1.0117064e-04   4.1757875e-26   5.3778187e-03   3.9799088e-08   3.4037331e-07   3.7673533e-03   3.0189917e-23   4.8619324e-05   1.4010333e-04   6.1432483e-03
   7.9085912e-13   1.7314629e-29   1.1230271e-02   1.9857567e-09   8.0208039e-07   3.7282753e-03   2.5591040e-14   4.7844567e-05   3.3380597e-04   6.1707785e-03
   3.9162976e-04   5.3924876e-29   4.0146031e-03   6.2847753e-11   5.6027707e-25   4.0282684e-03   1.7103375e-15   7.1143947e-05   5.3944301e-04   6.1220315e-03
   9.1139358e-04   6.5080656e-27   2.5397453e-03   2.2624673e-15   4.9396254e-12   4.6905288e-03   8.1388943e-10   3.3181895e-05   3.3524915e-04   5.1645959e-03
   8.7341312e-04   2.5820186e-37   3.0244410e-03   2.5973534e-20   9.3420505e-41   4.1853651e-03   1.8759807e-05   1.0868938e-05   1.4474723e-04   4.6022221e-03
   1.7645022e-03   1.2470821e-28   2.8399081e-04   5.2014776e-13   7.9156917e-43   4.0732511e-03   6.2129966e-10   3.2107131e-05   2.9668324e-04   4.3463217e-03
   1.9553419e-03   7.9431619e-33   6.9010075e-13   4.8141177e-14   3.1167962e-40   4.4472801e-03   1.2877683e-24   3.1633833e-05   4.3168138e-16   3.6764452e-03
   3.5290339e-03   4.4613501e-38   1.1407307e-10   2.7203286e-17   3.5028976e-35   4.7036156e-03   1.4187778e-24   1.5055554e-05   2.3713593e-08   3.1769890e-03
   5.2814460e-03   1.1732806e-40   5.9554397e-17   2.8221420e-12   2.7607360e-05   4.6873027e-03   2.0133784e-22   3.3476469e-05   3.2198082e-08   3.0369703e-03
   6.4683445e-03   6.4588235e-40   5.1629626e-14   5.2575838e-11   1.2287111e-04   4.2377437e-03   7.7237988e-33   4.7855358e-05   5.8846503e-30   2.0999642e-03
   7.8441677e-03   8.0545628e-35   1.5988694e-09   2.1110778e-10   5.0389972e-04   3.6154519e-03   2.5707192e-36   7.6244177e-05   7.0053013e-15   1.5698443e-03
   9.9632867e-03   1.4263096e-34   3.3468090e-09   3.0411082e-07   8.4184731e-04   3.0187140e-03   3.9671713e-35   1.8969686e-04   1.7266830e-11   1.1405779e-03
   1.1815432e-02   6.1441023e-31   8.0822081e-04   1.6168773e-06   1.9699432e-15   2.6850198e-03   1.4534724e-23   4.4479694e-04   5.3419177e-04   5.6345572e-04
   1.2621556e-02   3.4806351e-26   1.1382478e-03   2.1550305e-07   9.9574451e-04   2.8690241e-03   1.4370842e-27   5.2958081e-04   7.2610672e-04   3.5356586e-04
   1.2226332e-02   3.3010828e-27   1.0568289e-06   2.3712074e-04   1.2146675e-03   2.8810128e-03   2.7843520e-20   3.8532396e-04   2.5542076e-03   1.8112679e-04
   1.1160754e-02   3.3793409e-27   2.0896848e-03   1.6998786e-05   2.8565999e-03   2.7808695e-03   7.3496768e-17   2.5342434e-04   2.4975427e-03   1.4494239e-24
   9.2383675e-03   1.4418035e-30   5.0895897e-03   2.1119676e-08   4.4901519e-03   3.0080367e-03   1.8377502e-14   7.1286978e-04   4.9947995e-03   2.8250961e-04
   6.8404523e-03   6.8206726e-31   5.1084459e-03   3.0636703e-05   8.2909181e-03   2.9320861e-03   4.6931362e-15   7.9516968e-04   1.1249220e-02   3.8509082e-04
   5.5993816e-03   6.9471834e-31   2.1844502e-02   1.4017298e-05   1.1382260e-02   2.9338052e-03   2.3759677e-14   5.2849088e-05   8.8045553e-03   4.9285111e-04
   3.2796673e-03   5.7259422e-31   3.1428760e-02   1.4128140e-04   8.6541900e-03   2.8490924e-03   5.0240267e-12   4.5399110e-04   2.4595623e-02   8.2191033e-04
   1.4262429e-03   8.9278952e-32   1.7919392e-02   5.7091842e-04   1.0096746e-03   2.6426540e-03   1.9304906e-05   1.2776741e-03   3.0733101e-02   1.4744411e-03
   9.2362815e-04   1.8057101e-26   1.0908498e-02   5.1481364e-04   4.2349032e-03   2.3658460e-03   3.8270678e-04   1.1950916e-04   1.9197722e-02   1.6239235e-03
   2.8639639e-04   7.4020048e-30   1.2341446e-02   6.8481997e-04   4.4836995e-03   2.1939959e-03   7.1808759e-04   2.3962204e-04   7.9359376e-03   1.7688266e-03
   1.1018672e-03   2.3075168e-32   7.6685743e-03   1.7337464e-04   2.4861154e-03   2.8423427e-03   3.3848272e-04   4.0551619e-04   2.0224314e-03   1.7614903e-03
   7.9631204e-04   2.2469492e-34   1.7299502e-03   3.7596146e-07   4.1121271e-04   3.0880830e-03   3.2390936e-05   5.4696799e-06   6.1530548e-04   2.4840065e-03
   7.0105095e-04   5.2100282e-35   1.0801929e-03   1.5888199e-07   3.4916544e-04   3.0726314e-03   1.2881708e-07   5.9084278e-11   3.0884299e-04   1.9272476e-03
   1.8267260e-04   5.2706300e-44   7.4471094e-12   6.7215655e-06   9.5116467e-17   3.4746193e-03   2.4897452e-05   1.4178997e-04   3.5395297e-04   2.6712650e-03
   2.2834325e-04   5.3247770e-47   1.1485537e-03   1.2501410e-03   4.5203761e-10   3.1597559e-03   2.8836803e-04   6.8914869e-05   1.4815933e-04   2.8318766e-03
   2.1787427e-04   7.7362017e-38   4.0339679e-04   6.7487909e-05   7.6531235e-15   2.8547635e-03   2.9422090e-04   3.2057547e-04   5.6410551e-07   2.8924353e-03
   4.2683394e-06   1.5724135e-36   1.1424782e-06   1.6219409e-04   3.8539830e-13   2.6720799e-03   7.9946078e-04   4.1830969e-04   1.0939189e-04   2.9082613e-03
   1.7436261e-05   3.6511726e-31   1.0214925e-08   3.7377915e-04   7.8179746e-15   3.1130749e-03   1.9568868e-03   6.9524193e-05   2.8865000e-04   2.6615503e-03
   1.5507380e-04   1.8346384e-38   9.9835787e-07   7.8179941e-09   7.2471115e-13   3.4828785e-03   2.5055600e-03   6.8132154e-05   2.7287640e-04   2.5276239e-03
   5.5623366e-06   2.0664628e-41   3.0627244e-15   3.7841093e-09   2.7122154e-30   3.5121981e-03   2.1785293e-03   1.5003785e-04   1.7869203e-05   2.4824839e-03
   1.5753081e-04   3.2653410e-38   2.6498478e-04   1.7133900e-07   4.5099812e-45   3.4845829e-03   1.7070358e-03   1.7926176e-04   1.3709361e-05   2.4624377e-03
   3.0454914e-04   3.2945893e-43   1.7227923e-04   1.5937411e-14   2.5516766e-19   3.2412577e-03   1.7346070e-03   2.3161273e-04   8.1683461e-08   2.3697551e-03
   3.3810197e-04   7.3646500e-31   2.8575110e-03   2.1200163e-10   1.1394175e-10   2.9965524e-03   1.7441186e-03   2.9325567e-04   2.5982810e-04   2.4331202e-03
   7.6047278e-04   5.9591495e-35   6.0156236e-03   9.9054171e-07   8.8680269e-31   2.7512352e-03   3.6987278e-03   3.5160883e-04   2.6874281e-04   2.1887490e-03
   1.1017751e-03   5.8839976e-35   8.6095345e-03   3.7688035e-11   4.6214763e-10   2.2482123e-03   3.9129676e-03   3.0096749e-04   1.8113398e-04   2.2427986e-03
   1.5590715e-03   4.2895387e-35   4.3735158e-03   1.8665615e-06   2.1788944e-33   2.5849654e-03   2.3192180e-03   5.1947564e-04   8.5689825e-05   2.1267714e-03
   2.0634608e-03   5.2835835e-35   9.7409874e-04   2.3083291e-04   2.4291601e-37   2.4150860e-03   1.2797906e-03   1.0211074e-03   3.5248865e-08   1.9501536e-03
   2.8114846e-03   1.7395488e-25   1.0704405e-03   5.9490089e-05   2.6057231e-04   2.9200570e-03   1.2658828e-03   7.2119770e-04   9.3742313e-48   1.4779852e-03
   3.4715018e-03   1.9898394e-20   1.2475318e-05   7.7030030e-06   8.9160503e-04   3.4008051e-03   1.5623594e-03   2.1832856e-05   1.0618265e-16   1.1710717e-03
   4.0772565e-03   1.3546792e-22   3.6410639e-12   5.6675847e-05   1.5788021e-03   3.2747004e-03   1.6181735e-03   3.1760009e-04   6.8759425e-18   9.1002065e-04
   4.9167850e-03   1.3206372e-21   9.9583104e-23   3.0861920e-07   3.4581186e-03   2.4758379e-03   1.5933789e-03   1.8108980e-03   1.7056712e-13   5.4494243e-04
   5.2780113e-03   5.3571666e-19   1.4140853e-37   5.5630541e-08   5.1631600e-03   2.6696006e-03   2.0925008e-03   1.8037217e-03   2.1181730e-12   4.4330628e-04
   6.2577169e-03   4.9027503e-21   2.8971837e-20   5.3354389e-12   7.8847484e-03   2.7375470e-03   3.1891666e-03   7.1024870e-05   1.7976785e-04   6.7208664e-04
   6.7680546e-03   4.0823280e-24   3.3558182e-25   2.2129286e-13   1.0176096e-02   2.7534653e-03   2.9905575e-03   1.3441036e-03   3.8154433e-04   8.2576366e-04
   6.5137388e-03   6.3664085e-23   1.8589204e-25   1.0420393e-13   7.7998377e-03   3.2928629e-03   2.4773296e-03   2.6124526e-03   1.9057647e-03   9.7529486e-04
   5.9947962e-03   2.0399458e-24   1.7371260e-31   5.7676511e-17   6.9265434e-03   4.0748353e-03   2.1378704e-03   1.1393601e-03   2.3152706e-03   1.5934884e-03
   4.7656444e-03   9.1894809e-27   3.1483313e-23   8.5118578e-13   9.5491766e-03   3.9940093e-03   2.9601941e-04   1.0100590e-18   3.4065830e-03   2.0920872e-03
   3.5341342e-03   9.6877422e-28   2.5071298e-36   1.0378613e-12   7.2866196e-03   3.9589508e-03   9.4972421e-04   5.8829890e-04   7.0103440e-03   2.8059851e-03
   2.9267659e-03   9.3352054e-32   1.1451101e-18   5.5744318e-09   5.4097767e-03   3.3609372e-03   1.4057231e-03   1.6440486e-03   4.0221010e-03   3.0255096e-03
   1.7688019e-03   1.4251994e-23   5.6971069e-09   2.8864717e-15   4.1545700e-03   2.9003992e-03   2.3237066e-03   9.8311696e-04   1.3405887e-02   3.2383887e-03
   7.6751169e-04   3.2327597e-14   2.5372064e-03   1.2644364e-14   2.8395892e-03   3.0924438e-03   1.9400097e-03   4.4683805e-04   1.7427076e-02   2.9293145e-03
   2.8257271e-04   7.8962681e-22   3.7474451e-03   8.5682506e-19   1.4352542e-03   3.0628941e-03   2.9001000e-04   2.6473993e-03   1.2007106e-02   3.5873570e-03
   9.5875810e-04   8.6329855e-26   3.5976707e-03   6.7159646e-17   4.2468668e-04   3.3950608e-03   3.1214629e-05   1.2108947e-03   4.9076483e-03   2.9795565e-03
   6.5988342e-04   2.0459241e-20   5.4330704e-04   1.8696889e-16   2.6406107e-29   4.0583654e-03   1.2061934e-03   4.7432476e-04   1.4023906e-03   3.1441750e-03
   5.3216805e-04   6.9668735e-19   1.2518167e-07   6.4983700e-19   9.9820434e-17   4.0558947e-03   2.4052413e-03   1.6497545e-03   1.1544375e-04   3.6507966e-03
   2.5312120e-04   3.4514634e-10   1.3284238e-15   3.3727114e-18   2.4549925e-04   4.4322790e-03   2.7226319e-03   1.9180831e-03   5.4505407e-10   3.4785369e-03
   1.2544659e-04   4.6706646e-08   9.0873550e-19   7.5169733e-19   1.1238391e-04   4.6777361e-03   2.9515271e-03   1.7507362e-03   2.7917831e-04   3.3443674e-03
   9.7764000e-05   1.2552255e-04   1.8628395e-18   3.1363754e-20   2.1574273e-08   4.0935679e-03   2.4152507e-03   2.4556663e-03   3.0889813e-04   3.2720577e-03
   1.4038274e-04   2.6253843e-03   2.1882372e-42   6.4065184e-20   8.4633204e-05   3.6577491e-03   2.0905891e-03   2.4041620e-03   6.5233755e-05   3.5238018e-03
   6.2037996e-05   8.5517476e-04   6.4122682e-38   3.1413057e-15   5.1824969e-15   3.7977394e-03   2.6041948e-03   2.4627084e-03   1.3872770e-05   3.6113798e-03
   2.9105848e-04   5.6919670e-11   2.8252527e-18   1.2781801e-16   3.1495765e-17   3.8917891e-03   2.1499596e-03   1.9311205e-03   3.2812035e-04   3.6318391e-03
   1.1762120e-04   1.2824039e-06   3.1592424e-25   1.1563435e-15   8.5830892e-05   3.6897159e-03   1.2272529e-03   2.8665862e-03   4.0902663e-04   3.7919337e-03
   5.1722636e-04   1.3087943e-11   9.8191027e-22   6.0118250e-09   4.6022977e-10   3.3807502e-03   2.3931893e-03   5.3970391e-03   1.2438187e-06   3.6811040e-03
   6.9206329e-04   1.1303307e-10   1.1770316e-27   6.3964602e-08   1.9273092e-24   4.1322182e-03   2.2829725e-03   5.6849305e-03   1.5170194e-09   3.5513755e-03
   6.6383131e-04   1.6230937e-03   1.1674548e-24   1.2268692e-07   3.5166995e-05   4.1173952e-03   2.5169311e-03   3.1822652e-03   4.7436906e-29   3.1256632e-03
   1.3587115e-03   3.6548962e-03   2.5576640e-09   1.0922983e-09   1.0598535e-03   4.3243048e-03   2.4701904e-03   5.6987325e-04   6.3699300e-05   2.9366424e-03
   1.8536471e-03   7.6548603e-03   1.7701488e-07   3.2114204e-06   1.4096531e-03   3.2949235e-03   3.8012090e-04   6.1585625e-03   5.9957067e-07   2.5609211e-03
   2.1960354e-03   3.9654952e-03   3.0156464e-03   2.4432454e-10   2.5327280e-34   4.3858121e-03   1.1457207e-14   7.2765435e-03   3.1965508e-07   2.3242700e-03
   3.0451743e-03   5.8852386e-03   7.6733614e-03   1.0494697e-13   3.1151287e-03   4.4317264e-03   5.7025530e-07   5.1455623e-03   2.3121442e-06   1.4445198e-03
   3.8100509e-03   4.7034914e-03   7.1685100e-03   6.7875349e-06   4.4027750e-03   4.1890550e-03   7.4256343e-04   1.2067186e-05   2.1474110e-15   1.9013880e-03
   4.7532621e-03   1.1095651e-03   5.6563523e-03   6.5621221e-06   6.1356375e-03   3.9916468e-03   1.2315589e-03   5.6057454e-03   9.8170372e-27   7.9858930e-04
   5.4397539e-03   2.3453353e-06   2.6733828e-03   4.1808307e-08   1.6116842e-02   3.6530947e-03   2.5408062e-04   7.3959647e-03   6.2207480e-19   1.3776865e-03
   6.4780281e-03   1.6995038e-09   1.5968734e-03   3.4593657e-11   2.2724658e-02   3.7176890e-03   2.8197710e-06   4.4050364e-03   1.4843446e-09   1.7210655e-03
   7.3928873e-03   5.8261980e-06   1.5930964e-04   2.3880797e-11   1.5515807e-02   4.5506346e-03   6.1439588e-04   1.5462198e-03   4.5583547e-05   7.1648130e-04
   8.0931008e-03   1.8314966e-04   3.9708145e-05   1.2229474e-13   4.9670028e-03   4.8866530e-03   8.9797020e-04   1.9463062e-04   1.8606410e-04   1.8153711e-03
   8.4649229e-03   5.5710290e-06   8.3289618e-05   1.3234195e-10   9.5989719e-03   4.5287710e-03   5.8972180e-08   4.1916631e-03   6.4188791e-04   2.2713401e-03
   8.1875707e-03   2.9578657e-07   1.1995657e-13   1.6038567e-08   5.8421645e-03   3.9398692e-03   4.4200449e-04   5.1132268e-03   1.4069556e-03   2.6024599e-03
   7.1607657e-03   6.6289674e-04   6.3244655e-12   4.4438182e-15   5.1415398e-03   3.9854367e-03   1.0620559e-03   1.0718241e-03   3.3843341e-03   3.3056818e-03
   5.9143735e-03   1.1014670e-03   1.2706331e-19   5.4013239e-11   4.5582882e-03   3.3906908e-03   2.8706075e-04   1.5933898e-03   4.6373630e-03   3.6146010e-03
   5.0500519e-03   2.1433270e-03   8.5846688e-06   1.3936942e-05   4.7918889e-03   2.7744879e-03   8.5945219e-09   2.9767736e-03   5.0022516e-03   3.9484419e-03
   3.9830951e-03   2.6474972e-03   2.7306805e-04   1.9541939e-04   1.3429719e-03   2.3321619e-03   7.0007063e-23   2.9219727e-03   1.0963711e-02   4.3515122e-03
   3.8711655e-03   2.4066433e-03   1.4156444e-04   7.4792093e-04   1.3922800e-03   2.1601808e-03   1.8101838e-08   2.1819182e-03   6.9206191e-03   5.2324340e-03
   2.2091868e-03   2.2963193e-03   1.7881167e-03   4.0815485e-04   1.5464820e-03   2.1123798e-03   5.0713932e-07   3.8880480e-03   1.8186952e-02   4.9474442e-03
   2.1187693e-03   3.6298250e-03   3.4898387e-03   2.0985073e-04   8.6231362e-28   1.8625482e-03   1.1390096e-07   3.9261294e-03   2.2652544e-02   4.2105991e-03
   1.4871884e-03   3.3132022e-03   2.4708654e-03   1.3059514e-03   4.7830888e-04   1.4751846e-03   1.1795081e-03   2.6073273e-03   1.4443558e-02   4.9741896e-03
   1.2216985e-03   2.8819762e-03   1.1566629e-02   1.0687182e-03   7.7924310e-05   1.6254587e-03   1.9009608e-03   2.3718620e-03   5.9631485e-03   4.2479004e-03
   5.4270592e-04   1.1998444e-03   1.4733563e-02   1.1864160e-03   4.9565096e-05   1.6048548e-03   1.6211001e-03   1.4746958e-03   1.8956935e-03   3.7090397e-03
   5.4400533e-04   2.0641822e-03   1.2451507e-02   7.1690944e-04   4.8889194e-04   1.4882641e-03   1.4206846e-03   1.5029842e-03   4.6973652e-04   3.9282143e-03
   1.4302905e-04   2.0642066e-03   1.0176260e-02   9.4811606e-04   4.3684064e-22   1.5095247e-03   9.9810483e-04   3.4294134e-03   3.0046432e-04   3.9416922e-03
   2.1839905e-04   1.6790645e-03   5.1669428e-03   8.6955497e-04   1.6353407e-04   1.6618022e-03   1.9233254e-04   4.4112343e-03   2.8744853e-04   3.4809519e-03
   3.7974397e-04   2.2043512e-03   3.2001516e-03   1.9120477e-03   3.3685895e-04   1.7153292e-03   6.7042377e-04   3.1001721e-03   2.8073320e-04   3.3748353e-03
   4.6559408e-04   2.1517851e-03   9.0759745e-04   2.0969274e-03   9.5939767e-04   1.9693444e-03   1.2228130e-03   9.2833049e-05   7.0295633e-05   3.0739979e-03
   4.3390872e-04   1.4047917e-03   2.6176455e-12   1.7002803e-03   2.5140603e-04   1.7701112e-03   1.0394276e-03   1.5652322e-03   4.5649847e-08   2.9496016e-03
   6.8734137e-04   1.3802678e-03   1.9127686e-05   1.9325601e-03   1.3424505e-03   1.9820808e-03   5.1444649e-04   3.5929256e-03   1.1879806e-04   2.7096912e-03
   9.0214020e-04   1.4910473e-03   3.3928460e-04   2.1711306e-03   2.6884596e-17   2.0574404e-03   3.4004653e-05   3.6901314e-03   1.2578847e-04   2.1230522e-03
   7.8947239e-04   1.7496990e-03   1.3007386e-07   1.7778408e-03   1.7525318e-03   1.6269954e-03   1.3961307e-07   2.1885623e-03   3.2929822e-05   1.9648896e-03
   9.7643905e-04   3.3036821e-03   2.0806863e-04   2.7280446e-03   2.3831829e-03   1.1563254e-03   3.1719533e-04   4.5007399e-06   1.8188342e-12   1.8255652e-03
   1.4020924e-03   2.4389553e-03   4.4133402e-18   2.6972854e-03   2.9674389e-03   1.0077167e-03   1.0626363e-04   1.7003629e-03   4.4080191e-05   1.4777005e-03
   1.6505351e-03   1.4554997e-03   5.9037617e-19   2.7223599e-03   5.5059242e-03   1.0236224e-03   3.5540543e-04   2.6822602e-03   1.4653149e-04   1.4232492e-03
   2.0581930e-03   5.2336958e-04   1.0844298e-07   2.2812316e-03   7.4694429e-03   1.1156441e-03   3.9883045e-04   3.2286864e-03   2.1946844e-05   1.5253057e-03
   2.5822601e-03   1.2479821e-05   2.8714242e-10   2.6699118e-03   9.9963297e-03   1.1513276e-03   2.9549567e-04   2.6221212e-03   1.7134041e-06   2.2893857e-04
   2.8193079e-03   6.6945562e-09   6.5877934e-13   2.9469841e-03   1.0319310e-02   1.2909627e-03   3.7286327e-04   8.0372743e-04   2.2448531e-07   1.5847898e-03
   2.9347382e-03   2.6714467e-07   6.4942267e-04   2.2654842e-03   5.2221624e-03   1.3524138e-03   2.3694766e-04   2.2563393e-03   7.3364845e-11   1.4158761e-03
   2.7939083e-03   4.7456624e-09   1.1652411e-03   2.0227947e-03   6.2182277e-03   1.0947154e-03   2.3223054e-07   2.6045530e-03   2.0934101e-21   1.1361341e-03
   3.0150457e-03   3.5046748e-06   5.4664141e-04   2.6887903e-03   7.2140377e-03   1.0880573e-03   1.8464115e-08   1.3322621e-03   1.4024374e-10   1.9663811e-03
   3.3681868e-03   2.8416254e-04   5.7888033e-04   2.2457727e-03   5.8310798e-03   1.0009671e-03   1.3149678e-05   2.7756361e-04   6.1224357e-06   1.9738168e-03
   3.4745263e-03   3.3649218e-04   1.7299448e-04   1.9786905e-03   5.0034535e-03   9.1718855e-04   1.4083556e-10   6.8547236e-04   1.1383444e-04   2.3805068e-03
   3.3403955e-03   3.9128490e-04   1.2786763e-21   2.4644501e-03   3.7325349e-03   7.4322318e-04   1.5057921e-24   1.8260260e-03   3.7025510e-04   2.4848289e-03
   3.2290340e-03   1.5376177e-03   8.7155586e-36   1.9277238e-03   3.0942367e-03   5.2182090e-04   3.9148924e-35   1.9074214e-03   7.1735597e-04   2.1050408e-03
   2.8326246e-03   1.0981323e-03   6.2151164e-13   1.6643853e-03   1.4066365e-03   6.3699411e-04   2.6117343e-25   1.1908826e-03   1.1493476e-03   1.9792472e-03
   2.2961836e-03   1.2636042e-03   6.5453904e-05   1.7335360e-03   8.1802952e-04   7.7429899e-04   4.4294696e-20   1.2902191e-03   2.0869452e-03   1.7916300e-03
   1.9157576e-03   1.3628722e-03   3.0299422e-04   2.5949781e-03   2.7937914e-04   7.5156958e-04   1.0758916e-15   1.1804076e-03   1.9656044e-03   1.6996081e-03
   1.4373551e-03   1.5115107e-03   4.2358993e-11   3.4827627e-03   1.8928863e-05   6.8406407e-04   1.4273433e-11   2.2563781e-04   1.9508647e-03   1.6243299e-03
   1.3674032e-03   7.0212234e-04   7.5681418e-05   3.7003120e-03   3.0225243e-04   7.9645950e-04   2.8833828e-15   7.0601697e-04   3.0802753e-03   1.2645782e-03
   1.1066548e-03   1.8171284e-04   2.5188104e-04   2.4247060e-03   4.6342175e-04   7.8780113e-04   2.8436742e-16   1.7857173e-03   2.0757872e-03   1.4086869e-03
   1.0612316e-03   6.9360303e-05   8.0701308e-07   2.6673171e-03   3.0244139e-04   7.6372050e-04   1.6445005e-17   2.0687601e-03   5.6458767e-03   1.5011446e-03
   5.0254856e-04   1.9812860e-04   2.0676707e-12   2.8799540e-03   1.7749136e-04   7.7568950e-04   3.4162200e-12   1.7072743e-03   8.5429126e-03   1.3650168e-03
   7.1409096e-04   4.7410397e-04   1.9643239e-05   3.6621277e-03   1.2663368e-22   7.2395887e-04   1.4346035e-04   3.1499451e-04   6.1181194e-03   1.4525862e-03
   1.5800104e-04   2.5253155e-05   2.9240087e-04   2.5001983e-03   1.0124108e-13   8.3914133e-04   3.5954441e-05   1.0190820e-03   2.8834235e-03   1.5570476e-03
   1.0514301e-04   4.5289293e-08   3.5488641e-04   2.1152381e-03   3.4657405e-04   8.9809751e-04   6.8194876e-09   1.7653583e-03   9.3176452e-04   1.3833157e-03
   8.9167920e-05   1.9710885e-07   4.5345057e-04   1.7116627e-03   3.0116309e-04   9.5416451e-04   1.5397597e-10   1.8376269e-03   8.1200603e-05   1.2232140e-03
   2.4278653e-04   8.7789225e-05   5.0498366e-04   2.5085335e-03   3.2817768e-04   8.2477684e-04   1.2376044e-06   1.1818566e-03   4.0498399e-05   9.8834435e-04
   1.3567401e-04   6.0501698e-11   4.5584496e-04   2.7223928e-03   2.4396816e-04   8.0460258e-04   3.0392545e-05   1.1714818e-04   7.6681376e-05   1.1330154e-03
   1.8063373e-04   4.6768209e-07   7.6548885e-04   2.9401189e-03   3.8852560e-04   8.9123673e-04   1.3399507e-06   1.0695554e-04   9.9866756e-05   8.2809543e-04
   1.1638736e-04   7.2006730e-11   8.3782547e-04   3.1162929e-03   8.1742141e-04   7.5684074e-04   4.7631134e-14   7.1414573e-04   5.5234144e-05   9.1790236e-04
   3.7512946e-04   1.9334757e-15   5.2087256e-04   2.9943465e-03   1.0843916e-03   7.6514303e-04   7.6797386e-15   1.2705247e-03   6.1220742e-13   5.8297253e-04
   3.0853836e-04   3.2363697e-24   3.1846275e-06   3.0970445e-03   1.7030944e-03   9.7185223e-04   3.2209858e-19   1.1332044e-03   4.3864478e-05   8.1335656e-04
   3.0893389e-04   3.2458132e-23   1.5371238e-11   3.1500254e-03   2.5375848e-03   9.8998519e-04   3.5960993e-10   4.8637601e-04   5.6383588e-05   4.8808748e-04
   4.3255614e-04   9.4590350e-22   4.5448292e-06   2.3843634e-03   3.2851960e-03   7.7175438e-04   2.3466002e-05   1.8139352e-04   2.8109507e-06   6.0323422e-04
   5.1439407e-04   3.1037129e-15   1.9809412e-32   2.6175637e-03   3.2602257e-03   6.3600270e-04   3.1680428e-09   7.8308938e-04   6.4125511e-12   5.7853964e-04
   5.5756565e-04   7.6530804e-09   1.1310224e-04   2.7682747e-03   2.2192255e-03   6.0602004e-04   8.8556862e-08   9.9429177e-04   3.9258232e-05   2.3692923e-04
   6.4991648e-04   1.2566256e-09   4.2166710e-04   3.1210990e-03   1.0601872e-03   6.4581345e-04   2.1092455e-07   6.3000662e-04   7.2831685e-05   6.6643099e-04
   7.5094266e-04   1.7305157e-23   6.6891591e-04   3.4296300e-03   1.5971155e-03   5.7813203e-04   2.3125688e-10   2.0628847e-04   2.1167664e-05   4.1314770e-04
   9.1699076e-04   7.5441892e-05   8.4697026e-04   3.0946276e-03   1.4382008e-03   4.6665688e-04   3.8627855e-11   2.1114077e-04   2.5056219e-05   5.1648606e-04
   1.0390554e-03   3.9656857e-04   8.8223085e-04   2.1833749e-03   1.1518771e-03   4.3328976e-04   5.9035597e-19   5.1470290e-04   2.9461273e-05   6.3957543e-04
   1.0694310e-03   7.9830392e-11   3.8399322e-04   3.1935421e-03   1.0635157e-03   4.8243267e-04   1.0591436e-17   6.2383630e-04   2.2253886e-05   4.8358726e-04
   1.1460120e-03   4.6147144e-04   6.1400541e-04   5.0720959e-03   8.7310173e-04   3.7504357e-04   7.7759657e-15   2.9194922e-04   5.1091778e-23   6.4425692e-04
   1.2809204e-03   6.5744813e-04   1.3765680e-03   4.4128945e-03   6.6031146e-04   4.7423091e-04   3.1765297e-15   7.7849372e-05   2.0918583e-09   4.5568683e-04
   1.3472807e-03   5.0145695e-04   9.3736237e-04   3.9136679e-03   2.2837059e-04   5.6461842e-04   1.3098286e-07   2.1590315e-04   1.2593047e-05   3.9295545e-04
   1.3210153e-03   3.1835631e-04   1.2826369e-03   4.6205581e-03   1.4492127e-04   5.6677113e-04   2.6688006e-10   3.2195557e-04   5.9252851e-06   2.7604645e-04
   1.3193402e-03   5.1459107e-08   2.3666997e-03   5.1733222e-03   3.7025421e-05   6.8278666e-04   3.6756315e-12   2.0601022e-04   1.5603009e-04   2.4657044e-04
   1.2164228e-03   9.8234260e-05   1.6265334e-03   4.0733151e-03   1.0346523e-28   5.9237297e-04   1.5670037e-07   2.2695101e-04   2.9500757e-04   2.4645972e-04
   1.0199158e-03   4.0073355e-04   4.0800968e-04   3.1448233e-03   2.5240101e-44   6.1625503e-04   1.3261692e-08   7.4754771e-05   4.6327599e-04   2.4853359e-04
   8.8098129e-04   5.5873220e-04   6.3411195e-04   2.5278365e-03   1.6372306e-13   6.3528530e-04   5.9004820e-05   3.0615946e-07   8.5011301e-04   1.7504254e-04
   6.7555124e-04   4.3638151e-04   9.4667365e-04   3.2834733e-03   8.6424639e-06   6.0472858e-04   1.1606009e-04   1.4190355e-05   8.3036978e-04   1.6972448e-04
   6.5911762e-04   1.1902914e-07   6.7465740e-04   3.8142157e-03   7.3144125e-05   6.9267467e-04   6.4028053e-05   6.7190405e-05   7.1680582e-04   2.2591066e-04
   4.5025637e-04   6.0647875e-04   2.5986491e-04   4.2161409e-03   3.0696155e-23   6.4581905e-04   5.0563064e-05   5.7057444e-05   1.4783499e-03   2.7679113e-04
   5.6212068e-04   1.3865886e-04   8.5180070e-04   4.5558984e-03   3.1478248e-15   5.8650183e-04   5.3988504e-05   3.0364681e-06   8.4225038e-04   2.1613035e-04
   3.6152530e-06   7.5228950e-04   1.8093830e-04   3.4892360e-03   5.7509682e-19   6.0881389e-04   7.7703930e-05   1.3347817e-08   2.3858017e-03   2.6930226e-04
   1.9784919e-04   1.0619967e-03   7.1599162e-04   3.0077635e-03   1.2154440e-54   5.9334611e-04   1.5287626e-04   4.2635092e-15   3.1321667e-03   2.6266585e-04
   2.1526054e-17   3.9787274e-04   4.6004986e-04   4.0494696e-03   1.5514658e-38   6.3349502e-04   2.1355142e-04   3.7277029e-08   2.7106955e-03   1.8358709e-04
   4.5564898e-05   1.0819346e-03   2.5850150e-04   3.8661269e-03   3.0040661e-35   5.7329135e-04   2.8484836e-04   1.2245714e-05   1.5001343e-03   2.1883248e-04
   3.8694278e-05   8.5333939e-04   2.6864138e-04   3.9273719e-03   8.0847491e-46   6.2314571e-04   1.2979931e-04   1.0902482e-05   7.1290911e-04   2.4618731e-04
   4.0926065e-05   3.1889102e-04   5.8977928e-05   3.7981031e-03   3.0769259e-31   5.5470611e-04   1.3072216e-05   9.3477342e-09   2.8521436e-04   2.6062948e-04
   1.8384265e-05   3.7740077e-05   3.3429989e-04   3.2549743e-03   3.8839287e-09   5.4418686e-04   1.0940521e-04   5.4456275e-09   1.1699286e-04   2.2088035e-04
   4.4588177e-05   8.1874512e-05   1.3641466e-03   3.7425707e-03   7.9040864e-05   4.1280247e-04   1.5661721e-04   1.4188234e-06   6.2353969e-05   1.8211916e-04
   4.2894118e-05   1.4415838e-04   1.1741826e-03   4.6710572e-03   8.3417334e-05   4.0656014e-04   1.3187489e-04   1.6888140e-07   4.7823040e-05   1.9925411e-04
   8.7912324e-05   1.5529053e-13   2.0433374e-03   4.9308998e-03   1.4855774e-04   3.8231277e-04   2.2490054e-04   9.6465765e-07   2.6290738e-05   1.4674542e-04
   5.3157599e-05   1.6174865e-07   1.7313282e-03   4.4122182e-03   4.7163969e-04   4.4974836e-04   1.3841470e-04   1.0422569e-10   1.6530612e-05   1.3573956e-04
   8.2962407e-05   1.4232510e-11   1.2453534e-03   4.6242416e-03   7.8459956e-04   3.9803623e-04   2.6765940e-04   1.1476433e-10   1.2764195e-14   1.6991629e-04
   9.8636956e-05   5.2440111e-10   1.0172696e-03   4.3905502e-03   4.4515578e-04   3.9010261e-04   3.3890452e-04   7.2710650e-06   1.1940984e-05   5.2763779e-05
   1.1013114e-04   2.3823077e-08   3.7700669e-04   4.9241929e-03   2.6777829e-04   4.8038128e-04   2.0994118e-04   9.8612682e-06   8.6608643e-06   1.6569969e-04
   1.3236721e-04   3.8267242e-10   2.5683632e-04   4.0216970e-03   6.6970474e-04   5.8650240e-04   2.1229442e-04   1.4126552e-07   6.6501656e-06   5.5358963e-05
   1.5961864e-04   5.6680262e-11   4.8806550e-04   3.1642118e-03   3.1356603e-04   5.9438874e-04   1.3234115e-04   1.2605012e-12   5.5560690e-06   1.9421029e-04
   1.7751130e-04   1.4304648e-10   4.9562080e-23   3.9819910e-03   2.5105954e-04   6.2434587e-04   1.6414480e-04   5.4458457e-09   1.4064690e-05   8.4738042e-05
   2.1345132e-04   7.8361587e-05   2.8009793e-25   3.3333567e-03   1.8540004e-04   5.5965486e-04   2.5439221e-04   2.4688010e-21   1.3617540e-05   1.4156751e-04
   2.3410722e-04   1.3296911e-04   1.6189534e-09   3.5170971e-03   1.5001922e-04   5.6318869e-04   1.6054075e-04   7.6294257e-08   1.4137681e-07   8.4499567e-05
   2.4790928e-04   1.8998116e-04   6.3580354e-14   4.5937811e-03   2.0419612e-04   5.1971873e-04   2.2837931e-04   1.0600827e-06   1.4490798e-06   7.8044563e-05
   2.5536366e-04   1.7326397e-04   8.4877669e-17   4.6155583e-03   5.5397076e-11   4.6509967e-04   2.7123608e-04   7.8270909e-06   6.8396926e-21   5.4093923e-05
   3.1839112e-04   2.7522094e-04   2.1819980e-07   3.5947284e-03   6.2530379e-05   3.5461965e-04   2.4336796e-04   2.9600871e-05   8.7753527e-06   3.2123631e-05
   3.0845822e-04   1.9490479e-07   4.9408194e-27   3.5347666e-03   6.2847135e-05   3.4047669e-04   2.0629076e-04   1.0438272e-07   1.7033713e-05   4.5398019e-05
   2.9677034e-04   8.8043091e-12   2.5862056e-04   3.0605833e-03   6.1159552e-05   3.8620500e-04   2.0631582e-04   7.5915328e-08   1.1019636e-05   4.2605058e-05
   3.0536191e-04   2.6204993e-04   1.0391720e-04   3.2309359e-03   4.3625111e-05   3.9049416e-04   1.7895107e-04   7.0185519e-08   4.8249261e-05   4.9565852e-05
   2.7919303e-04   6.7186850e-04   2.8451401e-04   3.4040921e-03   8.8339010e-24   4.7969002e-04   1.8100315e-04   1.4383069e-06   1.2173496e-04   2.2500104e-05
   2.7418597e-04   4.3980072e-04   3.4637810e-04   3.8079981e-03   3.2979857e-16   4.7508919e-04   3.0092983e-04   8.6074235e-07   1.6695072e-04   6.4529070e-13
   2.4757651e-04   2.7131037e-04   5.1728870e-04   3.5332539e-03   2.2555665e-19   3.7509186e-04   3.4065446e-04   9.6835451e-07   2.1852648e-04   2.5702317e-09
   1.9484783e-04   1.6733262e-06   3.8110624e-04   3.0770205e-03   7.1565936e-05   4.0753642e-04   3.1982628e-04   4.6008022e-08   2.8247790e-04   5.3777295e-05
   1.8985610e-04   1.3575921e-06   4.4748962e-04   3.6050285e-03   5.9053382e-05   3.6947907e-04   4.1094461e-04   4.3420573e-08   3.1700870e-04   6.8108528e-05
   1.7655689e-04   1.4957188e-04   7.0103258e-04   3.6963219e-03   2.0444291e-13   4.7328538e-04   8.0835201e-04   5.2275864e-08   3.0614131e-04   3.4614979e-05
   2.5183527e-04   4.0503654e-04   2.8829987e-04   3.4892836e-03   1.2320345e-04   5.7555835e-04   5.0933025e-04   9.0837205e-07   5.2102367e-04   5.8315507e-11
   3.2967933e-05   4.3481816e-04   2.5991553e-04   3.8251075e-03   2.1471899e-04   4.9736853e-04   6.2983942e-04   4.8724537e-06   5.4560850e-04   4.9511885e-05
   1.2051087e-04   8.9313363e-05   1.2541443e-04   3.5858085e-03   2.6019940e-04   4.3272156e-04   4.8255624e-04   7.0607832e-07   8.5407385e-04   5.1633317e-05
   5.0611958e-05   4.7995352e-06   4.2611835e-04   3.7999547e-03   1.4353960e-04   3.8232002e-04   4.1686117e-04   4.7050103e-07   1.3217023e-03   4.3359190e-05
   3.9206037e-05   8.5814683e-06   2.5517377e-04   3.7263857e-03   2.3973183e-04   3.0180316e-04   3.2725696e-04   1.4984347e-12   1.1250062e-03   2.9465279e-05
   2.0276570e-05   1.2484605e-13   1.9966462e-04   3.4064971e-03   4.3916583e-04   2.4044840e-04   5.5328391e-04   8.1689490e-08   6.5043333e-04   6.7303550e-05
   2.5882492e-05   1.4452757e-04   1.2050732e-04   3.3982727e-03   4.2920195e-04   2.6476116e-04   5.4789497e-04   4.1581030e-06   2.8193916e-04   4.5129334e-05
   1.0391037e-05   5.4718470e-08   4.5284253e-05   2.7862652e-03   8.1204840e-04   3.5962198e-04   4.8992432e-04   6.3768036e-07   6.1771764e-05   3.0599907e-05
   6.4742273e-06   5.2539459e-16   3.5767797e-04   3.4994102e-03   1.1474345e-03   2.8840803e-04   5.1785525e-04   1.9393656e-08   1.6032580e-05   1.7738887e-05
   1.6369752e-05   2.7074114e-10   2.9907616e-04   3.7449327e-03   1.0168537e-03   2.3852973e-04   4.4539484e-04   1.9998380e-06   3.6216382e-05   4.0483870e-05
   1.7033744e-05   7.9414220e-06   1.3916771e-04   3.4644550e-03   5.0475386e-04   2.8370884e-04   3.3022169e-04   3.2423415e-05   1.4119032e-05   3.6494289e-05
   1.1774605e-05   1.8470160e-12   7.7631055e-04   2.4817728e-03   2.5603000e-04   2.9126242e-04   2.9558089e-04   8.3069861e-06   3.7406959e-08   2.5105365e-05
   2.4439161e-05   3.9692505e-11   1.1705800e-03   2.9199867e-03   4.2544485e-04   2.9181736e-04   2.8765819e-04   9.8417915e-07   7.4099406e-07   3.5160427e-05
   8.5474273e-06   2.0610431e-14   1.1973002e-03   2.9455703e-03   1.9050639e-04   2.7501745e-04   5.7399919e-04   1.8196361e-05   2.0273720e-05   1.2806940e-05
   3.0488102e-05   3.9547937e-11   1.1111898e-03   2.6428618e-03   5.5947171e-16   2.8732891e-04   7.3607769e-04   3.6678265e-05   6.3381872e-06   4.7592317e-05
   1.5544145e-05   8.8395535e-18   7.8256229e-04   3.1658292e-03   5.8359591e-30   2.4013503e-04   6.7327322e-04   5.5164375e-05   4.3815639e-06   2.9076864e-05
   3.6590732e-05   6.4575957e-14   6.3635164e-04   3.9034198e-03   7.1322521e-05   2.3287772e-04   5.0021775e-04   4.7179983e-05   2.4150066e-06   8.0457760e-05
   3.7296319e-05   7.6266014e-10   3.6518192e-04   4.2778350e-03   8.3739356e-06   2.5405709e-04   5.4602627e-04   1.5509806e-06   1.3633172e-05   6.4210798e-05
   5.0674664e-05   1.4492563e-08   4.1047982e-05   3.4547442e-03   1.1716552e-04   2.9085497e-04   5.3975650e-04   4.1314541e-07   1.4013923e-05   1.0875120e-04
   5.1134970e-05   1.2191601e-11   2.5118658e-12   3.1600674e-03   1.3651604e-04   2.8316271e-04   4.3945157e-04   2.8780630e-06   1.5997521e-05   9.1274679e-05
   5.2588093e-05   1.2933190e-13   1.3488591e-17   3.0986452e-03   6.7077906e-05   2.5242232e-04   5.5482105e-04   7.3367680e-06   2.3696119e-05   1.2650023e-04
   5.2753483e-05   7.9433735e-13   2.8052054e-14   3.2512660e-03   1.3081197e-04   2.9469033e-04   5.5490620e-04   4.3119741e-05   2.3089212e-05   1.5634799e-04
   5.4984883e-05   1.2065158e-10   4.4926447e-24   3.4987035e-03   1.3019758e-04   2.9685616e-04   4.7624231e-04   7.6700185e-05   8.5447472e-06   2.0674561e-04
   4.1268597e-05   2.2559711e-15   6.2431026e-30   4.3528771e-03   7.2620156e-05   3.2292570e-04   2.2363250e-04   8.9270044e-05   6.0789873e-16   2.1136395e-04
   4.0228935e-05   1.0137949e-18   5.7118042e-34   3.8445472e-03   5.4032208e-05   2.9270785e-04   3.8081814e-04   1.0553924e-04   8.3613182e-07   2.1592994e-04
   4.8946308e-05   8.0007981e-24   7.0003392e-31   3.6617988e-03   5.5428525e-05   2.3393577e-04   4.1723367e-04   1.2438103e-04   1.3365214e-05   2.1740384e-04
   4.8526390e-05   3.6828872e-17   1.0977239e-33   3.2947770e-03   7.6253178e-05   2.3219892e-04   3.3769001e-04   1.7139020e-04   9.7742366e-07   2.2371163e-04
   4.2248497e-05   4.4786067e-11   4.8940352e-17   3.1316826e-03   3.6019398e-05   2.1895635e-04   2.8479630e-04   1.3809657e-04   1.5533277e-05   2.2862081e-04
   4.5393011e-05   3.7111355e-11   6.4767979e-23   3.2478235e-03   3.3306229e-05   2.2207264e-04   3.9913804e-04   9.4733710e-05   7.5026701e-07   2.2491005e-04
   3.8611915e-05   2.0308906e-14   3.8993048e-18   3.4627689e-03   5.7048828e-05   2.8284511e-04   5.4103936e-04   1.0637576e-04   1.1946329e-05   1.4920779e-04
   3.1868855e-05   5.3885114e-12   2.4594437e-05   3.1714272e-03   3.2782714e-05   3.7351980e-04   3.4685511e-04   1.0881073e-04   3.0588338e-05   1.0490566e-04
   5.7009484e-05   1.0599294e-13   7.8085593e-05   3.7344610e-03   9.7633841e-05   3.1489327e-04   4.1619194e-04   1.4887518e-04   5.2951035e-05   1.4825378e-04
   8.9120997e-05   1.2422773e-16   3.7235103e-05   4.1199705e-03   1.4135715e-04   2.2001915e-04   4.1739533e-04   2.4782820e-04   5.1072188e-05   1.5924670e-04
   3.2012370e-05   4.3530634e-15   2.3915385e-05   3.9996821e-03   1.9898949e-04   2.6322108e-04   3.5734026e-04   3.6063008e-04   9.4725786e-05   1.2098314e-04
   1.6728128e-05   1.4204041e-13   8.6273822e-06   4.5617958e-03   3.7538860e-04   3.0868684e-04   2.4172716e-04   4.0592955e-04   1.0226010e-04   1.1291416e-04
   3.3956333e-05   2.8080621e-12   2.6041636e-07   4.0894641e-03   3.3804379e-04   2.6258734e-04   1.9459180e-04   3.5838076e-04   1.1365377e-04   1.6092324e-04
   4.9174398e-05   5.9067955e-24   3.2856144e-06   4.5392481e-03   2.9720262e-04   2.4283717e-04   2.6765996e-04   1.8681257e-04   2.3730592e-04   9.1824233e-05
   1.7574100e-05   1.5092014e-17   2.5020926e-15   3.7195244e-03   2.2303894e-04   3.6341567e-04   1.8607204e-04   1.0888580e-11   2.1898876e-04   1.1996111e-04
   2.4859018e-05   3.2990962e-17   1.4530951e-18   3.1041124e-03   9.7638785e-28   3.7719014e-04   2.7887345e-04   8.9740453e-05   1.3186174e-04   6.5234834e-05
   4.9015883e-05   1.6002240e-16   2.6553037e-23   2.8814129e-03   2.0701848e-04   3.5505117e-04   3.1980741e-04   4.9365127e-04   4.2209801e-05   1.7126074e-04
   5.7812572e-05   2.4667526e-13   3.1549361e-34   3.4231974e-03   1.7576942e-04   3.5055952e-04   1.8883990e-04   7.8548899e-04   1.6784243e-06   4.4544991e-05
   6.1540248e-05   4.2952666e-15   1.2399786e-40   4.1368189e-03   7.1659252e-05   3.2730388e-04   1.1705266e-04   6.9382194e-04   1.9951565e-18   1.5316181e-04
   7.3132246e-05   7.8041634e-28   1.9093078e-33   4.7054301e-03   9.4623232e-05   3.1611915e-04   1.3770333e-04   3.0602246e-04   5.1607512e-06   8.5421100e-05
   7.0227841e-05   9.4769112e-29   2.2426690e-30   4.1659865e-03   1.8271159e-08   3.5518523e-04   2.2241258e-04   2.7393098e-05   8.0743370e-09   7.3135620e-05
   9.4654274e-05   1.1003959e-23   3.0805060e-50   3.3121246e-03   1.9661563e-17   4.0718446e-04   2.5052090e-04   1.6234180e-05   4.2598661e-22   9.3976396e-05
   1.0760963e-04   1.1476499e-36   4.2284550e-37   3.1469916e-03   7.6040240e-29   4.4625041e-04   1.5190202e-04   2.2811656e-04   1.7391226e-16   6.1692555e-05
   1.3559478e-04   4.2817695e-24   1.5900014e-09   3.4138859e-03   3.5120391e-05   4.3668528e-04   1.0613591e-04   3.7545390e-04   5.7900032e-57   1.1227595e-04
   1.6023335e-04   9.8512609e-18   3.0313112e-09   4.1293972e-03   6.5405172e-05   3.8905456e-04   1.4422248e-04   5.4776424e-04   4.1231731e-09   8.4109500e-05
   2.2397527e-04   1.3914347e-24   3.8189268e-11   4.4815242e-03   9.1621617e-05   2.6867167e-04   2.3172583e-04   7.3817292e-04   4.5130665e-07   1.4891184e-04
   2.2556912e-04   1.0850011e-26   1.1398789e-05   3.7043724e-03   1.1028713e-04   2.4607277e-04   1.6545712e-04   7.7871338e-04   1.4273845e-09   1.8352908e-04
   2.2034036e-04   1.8490284e-18   9.1158607e-10   3.1606456e-03   9.5687176e-06   3.4260268e-04   9.8062855e-05   3.8975268e-04   7.9158198e-16   1.4531720e-04
   2.2918808e-04   1.2365271e-14   6.8536883e-12   3.2596848e-03   8.8220797e-42   3.4069192e-04   6.2392633e-05   2.8985886e-04   1.1487512e-05   1.7620379e-04
   2.6077915e-04   4.0624793e-16   1.3844942e-08   3.5740389e-03   2.7897807e-09   2.8177875e-04   1.1398892e-04   5.8125117e-04   4.6282225e-06   2.0811449e-04
   2.6406525e-04   7.9277544e-20   6.5100678e-13   3.2654671e-03   1.7665511e-09   2.6128247e-04   6.5568324e-05   6.2290500e-04   1.6724485e-13   2.5039264e-04
   2.7827767e-04   2.7905238e-14   2.7410176e-10   3.6036061e-03   1.5490911e-05   1.8098692e-04   9.2593588e-05   4.9037300e-04   2.5620110e-05   2.5698694e-04
   2.9166819e-04   1.4431988e-18   1.2939884e-13   3.5833775e-03   8.6763359e-30   2.2065740e-04   1.0264240e-04   5.3470173e-04   1.0453049e-08   2.2186635e-04
   3.6882618e-04   1.3746905e-21   9.4342254e-17   3.4144520e-03   1.7379811e-19   1.9899035e-04   1.4170630e-04   6.4386555e-04   3.6115315e-05   1.6991982e-04
   3.8465291e-04   1.1947497e-16   1.7009745e-28   3.4829404e-03   1.7186739e-05   1.7263505e-04   1.6930593e-04   4.7409288e-04   5.3505687e-05   2.0575436e-04
   2.4940074e-04   1.6633773e-18   2.4329109e-31   3.2811485e-03   3.5745632e-30   1.8344968e-04   2.0145241e-04   2.6199221e-04   1.0607882e-04   2.3683866e-04
   3.1292172e-04   1.7599812e-11   2.3899649e-39   2.9847133e-03   4.7997697e-11   2.1462589e-04   1.3469053e-04   5.9138701e-04   1.0771398e-04   2.1868818e-04
   1.9907221e-04   4.7672683e-15   1.1345187e-39   3.0356212e-03   1.4914383e-21   2.3136628e-04   1.6961477e-05   8.5876221e-04   1.8935892e-04   2.4400970e-04
   2.0297962e-04   8.2061076e-28   8.6731630e-22   3.4614557e-03   1.0928470e-22   1.9114901e-04   4.0150686e-05   7.3407231e-04   2.1484995e-04   1.9848413e-04
   2.5696525e-04   7.1968826e-26   1.3485274e-12   3.6128176e-03   3.3995851e-05   1.2379112e-04   5.2808315e-05   4.2440575e-04   2.2034709e-04   1.2618276e-04
   1.6615638e-04   9.2812434e-23   2.0690061e-14   3.3827392e-03   1.8570952e-05   1.6801329e-04   8.0145607e-05   3.3220548e-04   3.6031932e-04   1.8714430e-04
   3.4517133e-04   3.4359970e-14   3.0980919e-19   3.1431606e-03   7.9222992e-05   2.3843850e-04   5.7929923e-05   3.0717946e-04   2.9979395e-04   2.5276721e-04
   1.8559037e-04   8.6865838e-14   1.0466076e-12   3.2450542e-03   1.0887689e-04   2.3773037e-04   1.1826320e-04   3.1350315e-04   3.4352293e-04   1.5059479e-04
   1.3837400e-04   9.6119112e-25   1.9976800e-05   2.4622886e-03   9.6516026e-05   2.5191278e-04   3.3884128e-06   8.3213753e-04   6.5117442e-04   1.9241006e-04
   1.8822357e-04   5.2044020e-29   1.7457557e-07   1.9029650e-03   1.8335878e-07   3.1763671e-04   1.5308760e-06   9.2107642e-04   7.2198123e-04   2.1977846e-04
   1.9189110e-04   2.7993965e-27   2.6263465e-17   2.1644611e-03   5.9307721e-05   3.6451262e-04   5.0809779e-05   4.3786492e-04   8.2839334e-04   1.2235128e-04
   1.0808350e-04   9.8597915e-27   1.0410141e-19   2.9216574e-03   7.7666326e-05   2.9853471e-04   8.9695856e-05   1.7830358e-04   1.6562329e-03   1.9816267e-04
   2.8562976e-16   2.5142837e-27   1.8389449e-10   2.6412058e-03   1.5621203e-21   2.1458301e-04   1.2305107e-04   1.0470730e-04   1.7087417e-03   1.3018703e-04
   1.0091391e-04   5.7784920e-13   1.3011081e-11   2.2432030e-03   8.2901249e-05   2.6304812e-04   7.1867992e-05   1.2184569e-05   1.2036258e-03   1.7061697e-04
   6.4883536e-05   6.9362283e-10   4.2028577e-12   2.2141759e-03   2.3882947e-05   2.1820080e-04   9.5970114e-05   3.4597922e-04   6.8098045e-04   2.3245856e-04
   6.7967469e-05   4.5646861e-22   1.7108847e-24   2.5856158e-03   2.5587627e-05   1.9608010e-04   9.6222500e-05   5.6156083e-04   3.5265537e-04   1.5304727e-04
   8.3588145e-05   1.8012060e-13   6.3605585e-28   2.9470494e-03   1.0178900e-05   2.2139952e-04   5.8234709e-05   5.0233618e-04   8.6366149e-05   1.9150177e-04
   6.9252644e-05   1.9394657e-19   4.1760295e-35   3.0757949e-03   1.4815762e-47   2.3554517e-04   8.5326746e-05   2.2301795e-04   1.4002730e-05   1.6872210e-04
   1.5063016e-04   7.1155503e-19   1.3449171e-38   2.3853530e-03   4.7463772e-13   2.1381404e-04   7.4437099e-05   2.6975984e-04   4.4686116e-05   1.4914426e-04
   1.5652332e-04   9.3059476e-21   5.0169127e-26   2.2587651e-03   1.6737693e-26   1.7983753e-04   1.0369120e-04   2.3098414e-04   4.5229041e-05   1.8955371e-04
   1.4960792e-04   1.8433326e-26   1.2103198e-34   2.4228239e-03   1.2936247e-34   1.7120586e-04   7.7948820e-05   2.6340354e-04   2.0277991e-05   2.0234030e-04
   1.4457334e-04   8.4974445e-27   3.2078770e-30   3.0688410e-03   1.6397211e-30   1.6116522e-04   2.3017716e-05   2.6210121e-04   1.6647600e-05   1.8348236e-04
   2.2419856e-04   1.0028919e-11   1.4751982e-17   3.0917934e-03   2.5264265e-32   1.6668869e-04   4.0854358e-05   1.3158545e-04   2.9253022e-05   1.7525241e-04
   2.6197774e-04   9.4135943e-17   3.1083850e-25   3.1005705e-03   1.8588130e-28   1.6370396e-04   6.2649969e-05   2.0694636e-04   8.2252185e-06   1.6544305e-04
   2.7589500e-04   7.8584862e-16   4.2988451e-14   2.9382633e-03   2.1885893e-25   1.4469959e-04   6.7097477e-05   3.2639326e-04   6.9632144e-50   2.1570411e-04
   2.7597632e-04   3.6944226e-17   2.2708793e-05   2.9351782e-03   2.9811455e-17   1.6878026e-04   1.1213446e-04   1.9994682e-04   6.3680989e-10   1.7283212e-04
   2.8498226e-04   6.0369581e-18   5.5515201e-06   2.8460037e-03   9.4127023e-52   1.7314883e-04   1.0702854e-04   4.6416856e-05   1.4845749e-05   1.5133397e-04
   3.1431366e-04   5.1364023e-15   7.6159372e-17   2.2880142e-03   5.8377221e-26   1.8066994e-04   1.3979912e-04   5.1142744e-07   4.5405256e-05   1.3515668e-04
   3.4410182e-04   8.9539854e-06   1.3016185e-36   2.2450049e-03   9.7752162e-27   2.3244143e-04   1.3737907e-04   4.2557198e-05   2.2218003e-05   1.3941451e-04
   3.8962599e-04   1.2657470e-08   1.9530853e-41   2.1007924e-03   3.8862342e-05   1.9963281e-04   9.9634165e-05   1.3742082e-04   8.1383051e-05   1.3788679e-04
   4.2163490e-04   7.2600086e-07   2.0069372e-25   1.8611475e-03   3.3625760e-05   2.3009562e-04   1.3513376e-04   8.4148783e-05   3.5040455e-19   1.0767778e-04
   3.9933287e-04   2.1296114e-10   2.1081908e-22   2.3664126e-03   1.6417837e-09   2.1429201e-04   9.6324822e-05   8.4074667e-05   8.6194938e-05   1.5926208e-04
   3.5798781e-04   1.5348421e-10   9.2652600e-22   2.2411555e-03   6.3328578e-05   1.9588993e-04   6.5314510e-05   1.1771512e-04   1.0488750e-04   1.4583259e-04
   3.4897118e-04   2.4824786e-09   2.4436780e-33   2.8409391e-03   2.5657377e-10   1.7942060e-04   4.8927551e-05   6.7768384e-05   3.8813867e-05   9.9647301e-05
   2.5805779e-04   4.3559024e-07   7.9519474e-35   2.9791044e-03   3.4857926e-05   1.9633390e-04   8.2300218e-05   2.2263517e-16   1.7037550e-04   1.0907548e-04
   2.4839835e-04   2.0588549e-08   1.7962963e-18   2.4315949e-03   7.0017597e-05   1.3709789e-04   1.0679201e-04   4.5153835e-05   2.3953451e-04   1.4158233e-04
   2.1630522e-04   9.0129874e-08   3.3118846e-21   1.8182513e-03   6.6391097e-05   1.0976307e-04   8.9106164e-05   9.1404821e-05   2.5514457e-04   1.1707607e-04
   1.6839353e-04   1.3323916e-13   1.0201912e-35   1.4611332e-03   8.5642635e-05   1.2206596e-04   6.4192448e-05   7.0844894e-05   2.4579357e-04   7.7768443e-05
   2.4640235e-04   1.0257372e-05   1.9729501e-23   1.5813462e-03   1.0203559e-04   1.3745601e-04   4.1436611e-05   4.7647669e-05   2.3770198e-04   7.6219334e-05
   1.7178597e-04   1.5230968e-04   1.7817545e-16   1.5614579e-03   6.9804139e-05   1.1885373e-04   4.1385837e-05   1.6394657e-05   2.9500335e-04   5.6085464e-05
   9.9630096e-05   1.3534686e-10   1.0151748e-16   1.6852493e-03   6.9306175e-05   9.4740265e-05   4.9501319e-05   4.8255647e-07   2.3576722e-04   6.8431904e-05
   8.6610567e-05   7.1978308e-12   4.7360060e-08   1.8933559e-03   2.2134263e-05   7.2694289e-05   8.1996177e-05   1.0854225e-15   3.9883366e-04   7.4726699e-05
   6.3595204e-05   1.7118824e-04   6.0899935e-06   1.8771620e-03   3.6340924e-05   7.1671816e-05   7.1117016e-05   3.7745975e-05   3.1523890e-04   4.2956218e-05
   7.1544938e-05   2.4681488e-08   3.6632459e-07   1.5216510e-03   7.9463812e-18   1.1440655e-04   8.2217754e-05   3.7000219e-05   4.1420299e-04   5.9754613e-05
   2.4815552e-05   9.5162137e-05   1.9216150e-08   1.6216012e-03   6.4893711e-06   1.0671281e-04   7.1529310e-05   2.0450246e-05   6.0474660e-04   5.3274171e-05
   2.3757833e-05   1.3015342e-04   4.5044133e-07   1.3853392e-03   3.0078435e-05   7.4949897e-05   6.7802112e-05   7.6004364e-06   5.1506915e-04   2.9617198e-05
   8.7628296e-06   1.8605098e-08   2.7845846e-06   1.5766607e-03   3.7861842e-05   5.6678978e-05   8.1128255e-05   5.2437911e-13   3.1875054e-04   3.8601160e-05
   1.5869151e-05   3.2879153e-15   3.2707246e-05   1.4835655e-03   3.8496475e-05   7.6789245e-05   6.3856889e-05   4.4453806e-06   1.0134171e-04   2.6527902e-05
   2.2158029e-05   2.4387337e-04   1.9212422e-05   1.5511792e-03   2.9899142e-05   9.1881108e-05   5.1919421e-05   6.7908774e-06   1.5169300e-05   1.4113435e-05
   2.9836159e-05   1.6910233e-04   6.3392681e-14   1.3330527e-03   1.6509393e-55   8.3061923e-05   4.0986055e-05   1.2589226e-05   1.9607062e-05   3.1245021e-05
   2.2055309e-05   2.1753896e-07   9.3267101e-39   1.3203201e-03   7.9075734e-15   8.2803916e-05   4.2966038e-05   9.0377350e-06   9.1666575e-06   2.4333804e-05
   2.6694900e-05   3.6076377e-06   3.8393302e-25   1.1718534e-03   1.2378667e-05   7.4422778e-05   2.9294886e-05   1.8969921e-07   1.0708088e-05   2.1752269e-05
   2.8845244e-05   1.6794110e-04   1.3767837e-05   1.0506753e-03   3.4441523e-05   5.9176018e-05   2.8820231e-05   2.0179262e-07   1.7645189e-25   2.2410193e-05
   2.2949937e-05   3.0075966e-04   3.9506131e-09   1.3000043e-03   5.3264846e-05   7.3651668e-05   4.3773572e-05   2.1003618e-07   6.6504675e-06   1.7993522e-05
   3.0659270e-05   3.9815542e-06   6.6184093e-32   1.5632936e-03   8.0204454e-05   6.8940048e-05   4.1663517e-05   1.9084417e-07   5.3894419e-06   1.1427656e-05
   3.3719204e-05   6.4358945e-05   1.2209509e-20   1.3586111e-03   1.2421828e-04   4.8445840e-05   9.7416594e-06   7.1308940e-12   3.2312229e-13   2.0475370e-05
   3.0362157e-05   3.1524817e-04   3.7782991e-06   1.2015908e-03   1.3313186e-04   4.7391237e-05   6.6119883e-06   5.0442800e-09   4.6242080e-06   1.0599692e-05
   3.0177708e-05   5.9636769e-05   4.3150628e-05   1.1739635e-03   1.1869909e-04   5.0648149e-05   1.0541548e-05   4.1190487e-07   4.8308528e-06   2.0303996e-05
   3.7934293e-05   3.0920862e-11   4.5800171e-05   1.3685003e-03   1.1022470e-04   3.1185471e-05   1.9353836e-05   9.7806239e-06   6.6856689e-09   1.5911455e-05
   3.6145978e-05   3.8376211e-06   1.7407131e-05   1.4201060e-03   5.5488509e-05   4.8751430e-05   2.2384412e-06   3.9633100e-06   1.1964513e-15   1.0528755e-05
   4.3869563e-05   3.3557064e-05   1.3665713e-04   1.3318679e-03   3.8472391e-05   5.9358867e-05   1.1040034e-05   2.3579401e-06   3.2757811e-07   1.1580731e-05
   4.6461800e-05   5.4668985e-13   2.2335684e-04   1.0946496e-03   8.4936917e-05   5.9873274e-05   2.6378847e-06   5.2707842e-06   2.6219701e-53   1.5255088e-05
