   1.8829415e-03   3.9049393e-03   9.5878550e-03   1.7417334e-03   1.0910298e-03   1.2723526e-03   1.6373607e-03   1.9585266e-03   3.8189598e-03   2.0666309e-38
   1.6744811e-03   5.7887627e-03   1.7111233e-02   5.1287642e-03   1.1422761e-03   1.1830082e-03   1.0853367e-02   1.7018966e-02   3.3904615e-03   1.7608753e-39
   9.4777262e-04   4.4857256e-03   1.0902644e-02   3.9201992e-03   1.7303581e-04   7.9927490e-04   1.0941931e-02   1.3404631e-02   1.7827419e-03   1.2583600e-33
   4.2065371e-04   2.3125242e-03   2.9794582e-03   1.2797985e-03   4.0072099e-12   3.4806281e-04   3.8354963e-03   9.6466178e-03   1.1329551e-03   3.9427318e-11
   5.2551345e-04   1.6030564e-03   1.8843115e-03   1.0249630e-03   5.3530478e-24   1.5607546e-04   9.1463831e-03   8.8632061e-03   1.9163234e-04   4.6194069e-24
   2.9860589e-04   1.6686817e-03   9.3608092e-04   9.2031968e-04   5.4413233e-27   9.0858900e-05   9.0048151e-03   6.9128770e-03   3.9836735e-04   8.7673424e-40
   2.4835422e-04   1.5489516e-03   1.3876488e-03   9.6143483e-04   1.9110310e-30   1.2759546e-04   8.6143649e-03   9.5986201e-03   4.6616332e-04   3.1111484e-43
   1.6842940e-04   2.7924642e-03   5.4933353e-03   1.1716335e-03   9.8758137e-36   2.6489708e-15   2.5780885e-03   9.0564040e-03   4.8874514e-04   3.4281237e-48
   1.7632195e-04   6.5823520e-03   2.4222829e-02   1.4741358e-06   9.6569210e-30   1.8110878e-15   2.4494891e-20   6.3139359e-03   9.7231256e-04   3.5833942e-35
   3.8180051e-10   1.5236579e-02   1.4558897e-01   1.4163551e-15   9.9930611e-36   6.6817415e-26   1.5796842e-46   2.1026931e-17   1.7535655e-03   1.3274080e-07
   1.1117079e-15   2.6544545e-02   2.3104678e-01   1.9729291e-09   1.0943307e-32   5.8801025e-18   7.9544918e-53   1.4549770e-21   1.6051687e-02   4.0824390e-12
   1.1663630e-14   1.3916508e-02   9.6810796e-02   6.8128806e-25   2.5001694e-16   4.2069219e-03   4.4748493e-35   1.0697169e-20   1.4837879e-01   1.4570533e-15
   3.2057214e-05   8.3386475e-04   2.8719998e-10   1.4386840e-01   1.0112908e-20   3.4651222e-02   3.1010431e-27   4.7331431e-12   2.1288570e-01   1.4257408e-27
   2.1636114e-04   2.3621882e-10   6.6234710e-30   3.1156118e-01   9.9458617e-25   4.0783765e-02   4.6524518e-24   7.0215348e-15   8.4601776e-02   4.3076783e-62
   4.6858496e-04   1.1974987e-03   5.6609012e-09   1.6751582e-01   9.1107054e-04   9.9947585e-03   1.0985494e-01   8.4617632e-04   1.3701987e-02   6.7694385e-58
   1.1038013e-03   1.3736241e-03   2.4190033e-04   3.1459441e-02   3.5356660e-03   1.5570433e-03   2.2677810e-01   1.9945512e-06   3.5641820e-03   8.1733192e-45
   5.5851406e-03   2.3438392e-03   4.0315847e-04   8.3766215e-03   1.1502898e-03   3.2223245e-04   2.8872652e-01   3.6961112e-03   1.9047277e-03   7.7394793e-70
   3.7557313e-02   2.6550231e-03   1.2867436e-03   3.4783970e-03   9.9455015e-07   5.4676710e-08   2.0135513e-01   2.1951865e-16   9.4443885e-04   2.5049000e-36
   9.5242450e-02   1.4686741e-03   1.6252094e-02   3.6407740e-05   1.8593456e-10   8.2840057e-36   4.0545205e-02   2.7940973e-32   9.7786087e-15   2.4726691e-12
   7.6242927e-02   1.6704029e-03   7.0976297e-02   1.3527799e-22   3.5339169e-24   6.0351969e-40   4.7414113e-10   9.5216062e-28   4.7871258e-21   4.4719709e-02
   1.9687066e-02   4.5289639e-03   1.4162029e-01   4.2783719e-04   1.1005553e-20   2.2454380e-21   1.3300183e-11   9.3752999e-05   8.0162765e-04   1.5414837e-05
   2.3480327e-03   4.2929950e-03   8.5199029e-02   1.5806473e-14   5.4932217e-15   1.7299879e-23   4.5059248e-27   1.3264809e-02   8.6949957e-03   7.0731914e-38
   9.9333957e-04   4.6695591e-03   1.5445108e-02   6.1653136e-40   5.4090737e-04   1.0941304e-36   3.1870743e-21   8.0919586e-03   3.5170851e-02   4.5086943e-63
   5.4449685e-04   1.4154077e-03   1.5973971e-03   3.1143819e-36   9.5154138e-04   1.2154029e-03   1.5617376e-19   5.4380320e-03   6.9362658e-02   9.4164729e-18
   3.8708619e-04   1.7962136e-05   1.2395974e-25   1.4341080e-32   3.0475817e-25   1.8903464e-02   5.4537373e-29   9.7139506e-05   8.2948642e-02   2.3554495e-58
   2.4020860e-04   4.2023766e-05   9.1928245e-41   4.6976314e-02   1.2237191e-39   4.2317135e-02   7.6892000e-37   1.7478172e-03   3.9840782e-02   1.0067289e-75
   4.9007167e-04   5.5131700e-04   4.4444022e-25   7.5812382e-02   5.5308132e-17   2.7176440e-02   1.1505239e-32   1.0190884e-02   1.1428911e-02   1.8706931e-59
   5.6098532e-04   9.8110153e-04   1.0293558e-04   4.9479298e-02   8.6377899e-03   3.8866037e-03   4.3404155e-27   1.5526232e-02   2.1407884e-03   1.5900751e-03
   7.1854703e-04   1.0216099e-03   2.2592217e-03   1.4425021e-02   1.7508805e-02   6.3227483e-04   1.0951925e-18   5.7460498e-03   8.8382513e-04   2.0179187e-02
   8.0106717e-04   1.2746292e-03   6.2624731e-03   1.4636425e-03   1.8744683e-02   1.8146668e-04   1.3204782e-14   3.6554383e-03   1.6202683e-03   5.4971073e-02
   9.0707652e-04   2.4673056e-03   1.1698227e-02   7.9293691e-04   1.7310605e-02   3.7582332e-04   4.0462096e-13   8.0157651e-06   7.4492731e-04   3.1490862e-02
   1.3286259e-03   2.9447399e-03   8.4639183e-03   4.4739554e-04   2.2633265e-02   2.6531187e-04   5.6007373e-14   4.3042597e-08   1.2327092e-03   6.3886441e-20
   1.6714017e-03   3.9574337e-03   1.2586322e-03   9.5512080e-17   2.9352249e-02   2.7037208e-04   1.9249248e-05   9.9554940e-19   2.8574727e-03   5.0676120e-74
   2.6879715e-03   3.3978017e-03   1.9524697e-04   5.7748680e-27   2.9599286e-02   1.9416764e-16   1.1837560e-02   3.4197844e-22   7.6461205e-03   2.4217962e-76
   9.8582822e-03   1.1364449e-03   2.1681015e-11   9.4828484e-43   2.0476310e-02   4.1088015e-16   2.3155222e-02   1.3095909e-26   1.8175642e-02   1.3385124e-64
   3.3334781e-02   2.3906993e-04   1.7646102e-21   1.9719122e-41   8.4176787e-03   3.1426325e-07   3.5469127e-04   5.4391839e-28   2.3805940e-02   1.8425784e-65
   9.6540133e-02   1.8032887e-05   9.6830483e-32   5.0051553e-26   8.3906711e-07   9.1856119e-03   1.4254941e-18   1.7923866e-19   1.4846344e-02   1.1760038e-66
   1.1906676e-01   9.7582806e-05   1.0172057e-31   1.0821055e-16   6.4132950e-25   3.8574098e-02   1.6575172e-35   6.4702999e-14   5.7225349e-03   1.8903843e-49
   6.4345606e-02   2.8847903e-04   1.0403202e-06   9.6776576e-03   6.3393069e-08   4.4705442e-02   1.4954113e-36   1.7177510e-05   1.5222078e-03   3.7736084e-02
   1.5773263e-02   6.6006644e-04   1.4521849e-03   2.6295523e-02   9.1559008e-03   1.6468787e-02   4.3315072e-32   8.8066979e-03   2.9893860e-09   8.2767090e-02
   2.9222871e-03   7.7172359e-04   6.1085881e-03   2.1496538e-02   2.0101939e-02   2.8195768e-03   7.5158363e-27   3.1975663e-03   5.4943557e-12   4.4037301e-02
   1.1915922e-03   5.5693680e-04   6.0726514e-03   7.5051930e-03   2.8340524e-02   9.6781605e-04   1.1928569e-43   4.3854710e-10   5.4058042e-18   1.3566458e-03
   1.3004834e-03   6.3179835e-04   1.9191117e-03   1.2962085e-03   3.1440112e-02   8.9071244e-04   3.5891798e-19   7.7218798e-06   2.6312481e-06   1.6258568e-10
   8.7281712e-04   7.5264546e-04   3.3464945e-05   3.0712328e-04   2.8537804e-02   9.7670975e-04   4.2631228e-20   3.3583639e-10   1.3770563e-04   1.0507270e-15
   6.0839597e-04   6.8263648e-04   4.9356470e-06   2.8372404e-04   2.3649261e-02   9.2123297e-04   2.7215748e-18   4.0351723e-08   6.8211537e-05   3.8553046e-13
   5.9904658e-04   9.2148957e-04   4.2333830e-08   1.0675984e-05   2.2044387e-02   8.1961048e-04   2.9876801e-17   7.1595653e-11   2.2313844e-04   9.9010235e-20
   8.1312416e-04   6.6929733e-04   6.2895405e-12   7.0921993e-10   2.3820018e-02   8.5389244e-04   4.7683162e-21   8.7598633e-11   7.6392076e-04   2.0900399e-31
   9.4144283e-04   4.8170945e-04   5.3830362e-10   2.3497888e-21   3.0717044e-02   1.5145323e-03   7.1067259e-20   1.0764952e-12   1.1252462e-03   5.6194087e-03
   5.7806728e-04   4.5358004e-04   1.0212602e-14   3.2132055e-30   2.6005193e-02   7.0123115e-03   9.3398963e-19   5.3572361e-21   6.0708304e-04   4.3614182e-02
   5.8721369e-04   3.7896768e-04   1.0792279e-12   2.0475346e-36   1.3549087e-02   3.0739576e-02   5.1311784e-15   2.9681406e-29   4.1064647e-07   5.3427868e-02
   7.4640606e-04   3.8602772e-04   2.9365998e-07   1.5235126e-49   7.0775648e-03   5.5466197e-02   3.8457828e-16   1.0306268e-31   2.2625131e-17   1.8908854e-02
   8.6080343e-04   2.9239125e-04   2.7182975e-05   5.5346339e-27   7.4377418e-03   3.7088347e-02   3.8172300e-10   6.0067163e-16   3.8220554e-16   9.9853052e-25
   1.6450238e-03   2.4527737e-04   1.1034754e-06   5.6938503e-04   1.0346682e-02   1.0937660e-02   1.3659337e-03   5.5113079e-04   1.8497818e-11   2.7963911e-19
   3.6409388e-03   3.8628476e-04   5.6635573e-09   8.4816604e-04   9.9028572e-03   2.6200998e-03   1.2006229e-03   3.1033367e-04   2.7967688e-18   2.1404202e-07
   1.0414798e-02   3.5415079e-04   1.8562878e-05   2.1814217e-04   8.5169315e-03   1.1123638e-03   1.5466441e-15   4.1683112e-05   5.9481458e-17   1.3695623e-18
   1.5007128e-02   3.4395231e-04   1.5405885e-04   1.8741113e-09   6.4660428e-03   1.2489767e-03   3.0456134e-25   2.0898492e-13   6.4158969e-16   3.4600688e-10
   1.0012442e-02   4.6822222e-04   1.7412965e-04   1.0400976e-20   7.8084638e-03   9.2729441e-04   1.1636927e-33   1.6089399e-31   1.2833089e-18   1.4206067e-03
   4.8505401e-03   4.5530809e-04   6.8636236e-04   5.3095893e-18   1.1086371e-02   8.8095665e-04   1.5074887e-37   5.0228114e-24   1.8255733e-15   1.2836604e-02
   1.4129863e-03   7.5104784e-04   1.4046006e-03   8.5786950e-25   8.0861488e-03   1.0555418e-03   7.7619951e-18   5.0030618e-15   5.9667958e-04   4.8122166e-02
   8.7553216e-04   7.1299239e-04   2.0915360e-03   2.0645396e-25   4.9523143e-03   7.3160615e-04   8.2365101e-13   8.3937269e-11   1.6292114e-03   4.6756880e-02
   7.5562604e-04   4.3838760e-04   3.6789593e-03   2.0866337e-19   4.6479995e-03   1.7980658e-03   4.0476646e-32   2.6128856e-03   2.5768733e-03   1.3733052e-02
   6.9922364e-04   2.9259942e-04   4.6080381e-03   6.4434484e-19   4.0533561e-03   9.7389557e-03   6.1394117e-32   6.0976247e-06   2.0846134e-03   1.3515479e-31
   4.0114899e-04   6.2326896e-04   2.8206569e-03   2.3101208e-12   3.1515441e-03   2.2891999e-02   4.1007083e-25   1.1895897e-21   2.5867311e-04   1.0239490e-44
   4.3987646e-04   1.0404927e-03   7.3735151e-04   1.7693314e-04   3.0629633e-03   2.4697263e-02   7.2946536e-23   8.5692056e-12   1.9749332e-06   1.6822424e-63
   5.2938531e-04   8.6056088e-04   1.0361430e-03   3.2973813e-03   4.0415547e-03   1.1647440e-02   1.5014108e-17   2.5705783e-03   4.8076105e-06   8.8838624e-26
   5.0980675e-04   8.4186325e-04   1.5703868e-03   4.4995378e-03   6.2968990e-03   2.0540798e-03   1.9181005e-16   4.3252760e-03   6.0789179e-08   1.4378509e-05
   4.9653010e-04   5.9783041e-04   2.1553359e-03   2.9744069e-03   1.2012362e-02   8.9305784e-04   8.9225725e-17   2.0728820e-04   1.5357651e-12   6.8233768e-12
   6.7454556e-04   5.6698308e-04   2.1349704e-03   2.8237284e-03   1.1798574e-02   9.2498122e-04   2.5481768e-05   4.1880692e-05   3.4574482e-18   1.5982771e-02
   1.0220194e-03   7.5984072e-04   1.7375369e-03   1.3914844e-03   6.7378977e-03   1.2920949e-03   3.4590894e-03   2.3808123e-03   2.7444332e-06   3.6321149e-02
   1.1882720e-03   4.1696963e-04   2.3680023e-03   3.4894811e-04   5.6949209e-03   1.3756741e-03   3.3066661e-03   1.2304454e-03   4.6667588e-04   2.7783484e-02
   2.0351604e-03   3.6812874e-04   3.0846104e-03   3.3561588e-04   4.4922036e-03   8.5242475e-04   4.4590693e-03   7.8956675e-04   8.9786909e-04   6.7460583e-03
   5.0002652e-03   4.0807029e-04   2.8628479e-03   4.5062673e-11   5.1309691e-03   1.3208568e-03   2.4590742e-03   1.1939375e-03   9.1255643e-04   4.0656515e-11
   1.3718499e-02   2.4541486e-04   1.3414343e-03   4.3582655e-18   3.5045093e-03   1.8284891e-03   1.3491098e-12   5.3421943e-04   6.0153493e-04   1.7300327e-19
   1.8852983e-02   4.5521759e-04   7.8813471e-05   5.0101445e-13   3.0786389e-03   5.8860440e-03   6.4757021e-27   5.3846529e-08   3.9794917e-08   1.6195855e-21
   1.2216633e-02   5.0533371e-04   2.6107408e-16   9.5299780e-15   3.1225290e-03   1.4574911e-02   8.8557085e-39   2.4676559e-11   2.8137392e-10   6.9379262e-40
   6.8469274e-03   4.6944263e-04   4.3035647e-15   4.5316341e-16   3.7216956e-03   2.5488984e-02   1.6602782e-31   3.0408612e-08   2.4464938e-11   9.6411140e-47
   3.0510226e-03   6.6580116e-04   8.4798541e-11   1.3636949e-04   6.3170796e-03   2.1033621e-02   2.0017428e-24   1.6419412e-06   2.7777460e-13   1.0243855e-28
   1.5130017e-03   7.8301428e-04   2.2400276e-04   1.6886419e-03   4.7759329e-03   9.5944523e-03   3.0615774e-09   3.5381494e-07   1.1725008e-08   1.5604852e-02
   1.2194217e-03   8.3555881e-04   3.1781821e-04   2.5843565e-03   4.8855099e-03   1.7377486e-03   1.5141187e-03   8.8763480e-04   5.1478735e-06   2.9587998e-02
   7.3557908e-04   8.6309298e-04   5.9081399e-04   1.5040173e-03   4.7193550e-03   1.6044328e-03   2.0585277e-14   1.7362564e-03   1.8123412e-12   2.0113274e-02
   1.0158030e-03   7.8244563e-04   1.2919777e-03   1.2664228e-03   4.0348101e-03   1.7178012e-03   2.1411723e-06   2.7309877e-03   3.6124879e-05   3.3389989e-03
   7.3577494e-04   6.0652052e-04   1.6037602e-03   7.9721226e-04   4.8480996e-03   1.4200957e-03   1.3822549e-04   1.5575602e-03   3.2723487e-04   1.3513433e-05
   1.2649862e-03   6.3011594e-04   1.0253243e-03   3.1569776e-04   3.7650037e-03   1.0921564e-03   3.7023578e-08   4.3070060e-04   3.8827363e-04   1.2127973e-03
   1.1999385e-03   4.8625584e-04   6.1211557e-04   1.2050701e-04   4.1610261e-03   1.2606366e-03   7.5513918e-04   1.6563515e-03   5.0644071e-04   1.4578043e-08
   8.1339958e-04   3.1559402e-04   5.1727618e-04   2.0674987e-04   4.6019645e-03   1.2583559e-03   2.8365861e-03   4.0904579e-03   6.5177401e-04   1.4518752e-03
   6.0312851e-04   5.5161014e-04   3.0592758e-04   1.6629445e-04   8.7385654e-03   3.5463367e-03   3.4262584e-10   2.0018294e-03   2.1888351e-04   2.8209420e-03
   5.5559212e-04   6.0849917e-04   5.3081713e-04   1.5942629e-11   7.9698909e-03   9.5504734e-03   3.0511707e-10   2.9488692e-05   1.9437620e-07   5.1659375e-03
   1.2237009e-03   3.7392761e-04   7.8968723e-06   7.3500469e-29   3.5071705e-03   1.7575170e-02   1.1536581e-09   3.8381900e-14   1.5344522e-15   2.2001048e-02
   1.6638544e-03   3.2423946e-04   1.8923187e-15   3.4528057e-37   1.7968490e-03   2.4797842e-02   3.9088562e-21   4.5418017e-25   2.0326959e-22   3.3948885e-02
   3.1678421e-03   3.9159639e-04   1.6086831e-08   2.9346125e-12   3.4561627e-03   1.8104512e-02   2.0543035e-22   3.5730090e-18   9.0029112e-16   1.8781102e-02
   6.1517151e-03   2.5913592e-04   5.1845621e-04   4.5652796e-04   5.2512106e-03   5.9979417e-03   1.8278919e-25   9.3134546e-05   1.3434820e-11   2.1162931e-03
   9.9482731e-03   2.0471728e-04   7.4063036e-04   3.0717096e-04   6.6762760e-03   1.9874469e-03   5.5769238e-37   1.6961397e-03   3.1571892e-20   1.1744844e-03
   9.0813605e-03   3.4134547e-04   4.4279740e-04   1.5430600e-04   6.8096526e-03   1.7265271e-03   7.4777161e-42   3.7634800e-04   1.8312215e-11   1.6760507e-03
   8.1870925e-03   3.3650394e-04   6.8844792e-05   5.0187242e-04   7.4542167e-03   1.8256036e-03   5.3296478e-46   8.7923344e-04   6.7521753e-05   9.8983430e-04
   7.4801054e-03   5.4398667e-04   1.3397832e-14   1.7206530e-04   8.5771787e-03   1.5801686e-03   8.4523174e-65   1.6207214e-03   2.7650556e-06   1.7601680e-04
   4.1768823e-03   4.6711804e-04   1.5298702e-06   6.3885508e-05   1.2387307e-02   1.6904087e-03   4.9091218e-48   3.9018643e-03   3.1141531e-04   5.3575067e-03
   1.3740850e-03   3.4509722e-04   9.6803080e-05   7.1927182e-05   1.1219468e-02   1.6345499e-03   3.0000176e-39   1.0454532e-02   7.2451872e-04   7.2787505e-03
   9.3850630e-04   5.5632862e-04   2.3667149e-11   1.0049076e-04   5.8676527e-03   2.4553433e-03   6.2049307e-24   1.3179990e-02   8.6204771e-04   3.0020430e-02
   9.4792668e-04   6.2310248e-04   2.0751537e-20   2.0599147e-12   7.5655343e-03   7.8562346e-03   5.5201490e-27   5.8905278e-03   3.6775147e-04   3.7067808e-02
   6.9407771e-04   6.1788201e-04   1.0797932e-04   1.7911243e-21   2.6221017e-03   1.2713569e-02   5.7074196e-36   3.9115361e-03   1.1721543e-04   1.6338313e-02
   5.6216380e-04   5.8229318e-04   1.5205460e-08   6.2013293e-31   7.3691260e-03   1.6865959e-02   8.6730040e-32   3.4392925e-11   1.0176308e-07   2.0024274e-03
   4.1292677e-04   6.7168576e-04   6.5232508e-05   9.7345830e-24   5.6880919e-03   1.7945645e-02   9.7531500e-40   1.1823886e-04   1.6471514e-04   1.5395843e-03
   5.1196457e-04   3.2619697e-04   1.1805072e-04   7.5094169e-05   1.0294073e-02   1.0614021e-02   1.1311665e-26   8.4331175e-04   4.4721407e-04   1.0358645e-03
   1.0984936e-03   4.7670201e-04   5.3234916e-06   1.9863780e-03   1.0257120e-02   3.2969905e-03   1.9103578e-24   2.7382369e-03   5.6968986e-04   1.0543937e-03
   1.4170075e-03   3.3587532e-04   3.1681943e-05   6.9094267e-04   1.2475808e-02   1.3298636e-03   1.5963020e-27   1.4266999e-03   6.7976169e-04   1.6402345e-03
   1.5610476e-03   4.2012944e-04   2.4426648e-04   1.1585940e-03   1.3312930e-02   6.5217998e-04   1.3509339e-21   2.9127100e-03   7.0571728e-04   6.6496865e-04
   1.3255145e-03   3.4306472e-04   1.1839462e-04   1.3123319e-03   1.1574952e-02   5.0955130e-04   5.1492111e-20   3.5798702e-03   7.8725644e-04   5.5585714e-03
   1.8263483e-03   3.9601377e-04   7.5392353e-05   9.9595714e-04   1.0902755e-02   3.5568437e-04   7.0981325e-19   3.7283652e-03   1.4086343e-03   1.6022236e-02
   2.4898502e-03   6.3872668e-04   1.0212538e-04   5.0473739e-04   8.5219327e-03   3.0986049e-04   2.6873001e-20   7.2561736e-03   2.1877235e-03   1.4108211e-02
   4.3402073e-03   3.0642557e-04   1.9550459e-04   3.8780724e-06   7.0757690e-03   5.2334293e-04   6.6426369e-26   9.8186122e-03   2.2601013e-03   4.0554293e-03
   3.7057870e-03   5.2026438e-04   1.3893874e-04   2.4229189e-04   7.3644480e-03   1.4450554e-03   8.9824610e-19   1.1558849e-02   1.1347330e-03   1.2418621e-07
   3.3431931e-03   5.9816302e-04   3.8848386e-04   1.1166489e-10   4.8187737e-03   2.9383163e-03   8.5166863e-29   1.4179304e-02   7.4552337e-04   4.5842247e-05
   4.3265020e-03   5.2652407e-04   4.4302758e-04   9.6199475e-13   5.4240717e-03   3.7580274e-03   5.8626828e-40   1.2094033e-02   6.9947312e-04   1.3756591e-20
   4.8645937e-03   4.6875120e-04   1.5716686e-04   2.6453217e-10   5.4573255e-03   4.7237952e-03   5.1062736e-48   8.6678083e-03   9.7430338e-04   2.0642115e-33
   4.6571719e-03   7.3155192e-04   7.9016254e-05   1.5533887e-04   3.5108086e-03   4.3325225e-03   8.7598951e-38   1.7178628e-02   6.9105196e-04   1.8220053e-21
   3.6176043e-03   9.9631465e-04   3.5832053e-06   3.6348630e-07   4.6240199e-03   1.8786302e-03   5.1124777e-30   1.6085782e-02   9.1713296e-04   2.1374554e-29
   1.8279265e-03   6.7017149e-04   5.5817953e-05   2.4123180e-04   5.8720969e-03   5.8332070e-04   2.5690564e-26   2.3543505e-02   1.1046148e-03   1.9564722e-03
   1.3885576e-03   7.6027362e-04   1.6614055e-04   2.5254005e-04   1.6344026e-03   3.4861576e-04   3.1030903e-26   9.7505912e-03   1.0977579e-03   7.1728316e-03
   1.2033506e-03   1.6526128e-03   1.2770195e-04   3.1233064e-04   5.2478710e-03   2.3620634e-04   5.1807684e-27   1.0041330e-02   6.0214027e-04   3.9787924e-03
   1.1928961e-03   1.8974677e-03   9.2615394e-05   1.0382071e-04   3.7894818e-03   1.8786640e-04   1.6447232e-22   1.0355560e-02   7.8230543e-04   8.7067291e-04
   1.1023895e-03   1.6250948e-03   1.2653095e-04   4.2953797e-04   3.5033374e-03   2.0082677e-04   7.4184458e-34   1.2787662e-02   6.8863833e-04   1.1500553e-10
   8.7432870e-04   1.9209439e-03   1.2447872e-04   2.4879549e-04   3.8951408e-03   3.0016870e-04   1.1235478e-24   2.1523950e-02   1.2137208e-03   1.1670647e-30
   1.0737283e-03   1.9966772e-03   2.0002334e-04   3.2291108e-21   2.7271406e-03   4.8738340e-04   2.1839767e-21   1.9699939e-02   1.3254507e-03   4.1467362e-45
   1.2391876e-03   1.5364105e-03   2.3159749e-04   2.1618364e-19   2.8505960e-03   8.7914510e-04   2.5830148e-20   9.8933291e-03   1.1869877e-03   2.1105158e-27
   8.0888360e-04   1.7974811e-03   3.5191607e-05   2.9310349e-17   3.3110901e-03   1.3303508e-03   1.5222683e-22   1.4877216e-02   1.3369142e-03   2.2107406e-30
   1.0199839e-03   1.7220724e-03   3.8044360e-11   1.1462446e-28   2.3607023e-03   2.2151747e-03   1.6561351e-28   1.6508886e-02   1.5005113e-03   1.7256429e-28
   1.4580559e-03   1.5629709e-03   1.2490286e-09   9.8860559e-21   1.0237637e-03   2.8187833e-03   6.7351019e-17   1.5546055e-02   1.5485237e-03   2.7217898e-03
   1.9505487e-03   1.3848002e-03   2.8090508e-16   1.1953397e-22   1.2827764e-03   1.6575128e-03   2.5287727e-22   1.8885455e-02   1.8896206e-03   3.8136653e-03
   1.7288597e-03   1.4410003e-03   1.0473146e-08   1.9332790e-15   1.5978565e-03   5.1894320e-04   1.7303975e-20   2.0519344e-02   2.0949859e-03   1.8930165e-03
   9.9629004e-04   1.6934350e-03   3.7494417e-13   5.3000714e-12   9.3766972e-04   1.6236410e-04   1.7707415e-25   1.5314724e-02   1.6835263e-03   3.9426709e-04
   1.0461028e-03   1.3754261e-03   4.3694121e-05   1.7378622e-16   9.0010486e-04   1.3717614e-04   4.5219323e-30   1.3036536e-02   1.5046523e-03   2.1423062e-17
   1.1377975e-03   1.2472440e-03   8.1367397e-05   5.9927223e-22   1.0423623e-03   3.4576676e-07   7.1061800e-32   8.9397299e-03   1.6328069e-03   1.8353076e-29
   8.5515323e-04   1.2527827e-03   1.7830172e-04   1.6469540e-20   7.1016210e-04   7.7135047e-06   6.4631996e-31   7.5888354e-03   1.4658591e-03   4.9082472e-10
   4.8594825e-04   1.2856204e-03   2.3441804e-04   1.0627888e-04   9.1684098e-04   8.9279133e-05   9.4551295e-27   1.3513382e-02   1.3469056e-03   6.3318236e-24
   4.9131486e-04   1.1135882e-03   2.1154061e-04   1.7686791e-04   9.5431835e-04   1.1814589e-04   1.0068183e-33   1.3650850e-02   1.1934637e-03   8.4798237e-19
   3.8143607e-04   1.5931458e-03   1.0171612e-04   3.5143088e-06   7.7235341e-04   3.6180087e-04   1.1290083e-32   1.1101309e-02   8.4867787e-04   7.3118591e-12
   1.7782840e-04   1.2546041e-03   1.0468461e-04   1.1221065e-17   2.3106433e-04   7.3005326e-04   3.1035776e-28   8.8860657e-03   9.3227957e-04   1.7197184e-03
   1.5568698e-04   8.2759106e-04   1.2933070e-04   1.5357900e-16   4.2342339e-04   8.5411080e-04   1.6194542e-14   6.7419512e-03   8.6893436e-04   1.9020289e-03
   1.6928297e-04   1.1060018e-03   1.9321404e-04   1.1446291e-12   2.6450443e-04   1.1309102e-03   2.1467674e-21   6.0849776e-03   6.1436218e-04   8.0191816e-04
   1.7774251e-04   1.0677432e-03   4.2861001e-04   6.0830560e-06   1.0199930e-04   9.4479772e-04   4.1451608e-19   5.7730327e-03   4.8033451e-04   2.5724076e-10
   1.7916537e-04   7.9320434e-04   3.2171519e-04   2.0796778e-04   3.4424636e-04   5.6473129e-04   4.5278559e-14   7.2837883e-03   6.4000928e-04   2.7271172e-12
   2.3106158e-04   6.2390601e-04   4.1643256e-04   3.0183614e-04   5.7662623e-04   2.0081901e-04   1.8673582e-07   6.5929673e-03   6.4362526e-04   4.6005079e-18
   2.5796225e-04   8.6406732e-04   7.8097267e-04   6.2180825e-04   3.5852288e-04   1.2202303e-04   7.5242545e-22   4.2495409e-03   4.5773246e-04   1.1212226e-16
   2.0595223e-04   6.4005357e-04   6.8663248e-04   7.8523324e-04   7.2586344e-04   9.0107693e-05   1.2690281e-10   1.7062403e-03   5.3491052e-04   7.1135684e-08
   4.4707227e-04   6.7027143e-04   6.4073613e-04   4.8596874e-04   5.3557505e-04   9.7524330e-05   7.0738380e-06   1.3693733e-03   5.3823097e-04   7.6618270e-13
   7.4824135e-04   5.7891473e-04   6.0097025e-04   6.7587458e-05   1.1275385e-04   7.8543015e-05   1.7504190e-04   2.6796899e-03   6.2722715e-04   2.1683999e-13
   7.9874197e-04   4.0051223e-04   4.0520531e-04   4.2702616e-04   2.4437194e-04   1.0974180e-04   1.0442771e-05   2.8303349e-03   8.6380958e-04   7.9976323e-04
   6.0853558e-04   5.2747724e-04   3.4063800e-04   5.8237267e-04   2.7211348e-04   2.0502947e-04   1.6483995e-15   9.5487727e-04   7.6074290e-04   7.0012435e-04
   5.4966289e-04   6.6717805e-04   2.7367823e-04   4.3146158e-04   1.9466010e-04   3.9610558e-04   2.8227993e-22   1.9831095e-03   7.4819814e-04   4.0409375e-04
   5.4486836e-04   6.4063455e-04   4.5226632e-04   1.1751373e-04   1.6186586e-04   5.5918636e-04   1.7046964e-21   4.0000588e-03   8.3782548e-04   2.2027006e-04
   5.5043199e-04   7.1078865e-04   5.1239851e-04   7.7732160e-15   2.7628903e-04   9.3566280e-04   9.7072404e-15   5.2953980e-03   7.6342604e-04   1.5203513e-09
   2.2740184e-04   6.6443784e-04   4.5381822e-04   2.0896558e-06   3.8070391e-04   1.0832212e-03   2.1966352e-17   5.9540605e-03   8.6610490e-04   6.7144692e-22
   2.9798727e-04   5.8526737e-04   5.6661872e-04   7.1123148e-04   1.5792460e-04   7.2954368e-04   1.4869377e-15   5.1009298e-03   8.8913321e-04   8.7304059e-14
   4.1023041e-04   5.9625139e-04   6.8577268e-04   6.5525897e-04   7.9658145e-05   4.5408573e-04   2.7838187e-16   4.7082419e-03   7.6991161e-04   4.4922596e-20
   2.3252324e-04   6.4942687e-04   5.4656791e-04   8.0701789e-04   1.2218282e-04   3.6938310e-04   8.7532363e-22   6.3208289e-03   5.6560257e-04   1.7422587e-05
   2.6040467e-04   1.0809141e-03   4.4551629e-04   7.0993795e-04   1.7703088e-04   2.5914492e-04   2.7366127e-23   4.3886603e-03   1.0267316e-03   7.5897712e-05
   2.2297737e-04   1.1394325e-03   3.4319470e-04   2.4244698e-04   5.1630361e-05   1.5748835e-04   6.6119187e-23   3.6078233e-03   1.4751467e-03   1.4302118e-03
   2.4202517e-04   8.7238819e-04   2.9816446e-04   4.6002955e-04   2.0542197e-04   1.5146929e-04   3.2350995e-18   4.0557780e-03   1.6964484e-03   1.3734824e-03
   3.4297639e-04   5.4183082e-04   2.8984971e-04   6.6673330e-06   3.0417594e-04   2.2208887e-04   3.5861660e-12   5.7665341e-03   1.6886165e-03   9.2004624e-04
   3.6304364e-04   7.4146113e-04   2.5556639e-04   1.0186518e-11   3.0223233e-04   3.9557458e-04   2.2169353e-11   6.7928585e-03   1.3663864e-03   5.0226683e-04
   3.4773499e-04   8.8649930e-04   3.7793828e-04   3.6549742e-04   2.2357770e-04   8.1656473e-04   9.4238592e-08   7.1972341e-03   9.5477102e-04   3.3056102e-15
   4.0614998e-04   8.1533341e-04   7.8698108e-04   2.0253500e-05   1.1184926e-07   1.5796100e-03   6.2954681e-17   2.9396322e-03   1.3868356e-03   1.2979557e-06
   8.7873220e-04   1.1059829e-03   1.3312433e-03   2.1356582e-19   1.5980721e-07   1.6054001e-03   4.4612958e-15   5.1699632e-03   1.5882250e-03   7.7313375e-06
   1.5871491e-03   1.1166770e-03   9.2677465e-04   1.5793514e-21   9.8653819e-06   2.3825262e-03   3.7395771e-20   4.8446188e-03   1.4258355e-03   1.4407049e-26
   1.8865763e-03   1.5127627e-03   4.7343690e-04   3.3270704e-20   8.7538692e-13   2.7580395e-03   2.3632039e-31   3.9562586e-03   1.6687381e-03   1.1513495e-41
   2.0402058e-03   1.1326564e-03   1.9336893e-04   5.2487161e-13   3.1842997e-04   2.1901285e-03   6.8634995e-29   6.7611555e-03   2.1989629e-03   2.4137904e-04
   1.7941253e-03   8.4489368e-04   2.5941600e-04   5.4035110e-11   6.8982965e-04   9.0703652e-04   1.9880173e-27   7.7302618e-03   2.2591271e-03   1.6465318e-03
   2.2848171e-03   1.1417887e-03   4.2848003e-04   8.1528652e-11   2.4976286e-04   6.3583985e-04   3.8042374e-48   6.1363759e-03   2.0782344e-03   1.3776008e-03
   2.4394844e-03   7.7126342e-04   4.2086333e-04   1.5508762e-10   3.6476398e-04   5.3068481e-04   2.5568231e-39   7.3766646e-03   2.6326243e-03   5.7478199e-04
   2.2655417e-03   1.1715581e-03   3.2829983e-04   1.4467732e-14   1.1812282e-03   4.8814829e-04   2.3161095e-28   6.0943778e-03   2.2095377e-03   4.5603594e-04
   1.4287988e-03   1.4818139e-03   2.7667004e-04   2.3665053e-04   1.5499598e-03   4.3138313e-04   2.2693297e-22   3.9277240e-03   1.8182830e-03   7.6597563e-04
   1.1005958e-03   1.3360936e-03   4.9060584e-04   1.2620247e-04   1.1045364e-03   5.2629998e-04   1.6347353e-22   6.2083510e-03   1.3968261e-03   6.0019947e-05
   1.2289171e-03   1.3637350e-03   8.7009888e-04   1.0851090e-09   9.8221884e-04   8.7744960e-04   4.8439427e-21   7.9537844e-03   2.2995711e-03   1.1092581e-09
   1.0952969e-03   1.7647194e-03   6.0109007e-04   9.3452332e-05   1.2914990e-03   1.8271322e-03   4.7269374e-19   3.2925493e-03   2.3482885e-03   1.5514232e-21
   8.6572782e-04   2.8476248e-03   3.1533062e-04   9.4939363e-05   1.9820187e-03   2.4370362e-03   1.3948831e-18   5.2658044e-08   2.3488364e-03   3.3321049e-30
   7.4415707e-04   3.5641801e-03   3.3350024e-04   2.6056025e-18   1.4429703e-03   3.0302310e-03   3.1043922e-09   1.4281529e-14   1.7751469e-03   9.8052057e-23
   1.1207312e-03   3.1365333e-03   3.0508555e-04   1.0530651e-22   1.4517906e-04   3.9636355e-03   6.6679987e-11   9.4121724e-12   1.2837247e-03   1.1603336e-03
   1.1646020e-03   3.1566706e-03   4.0368774e-04   1.2212824e-18   7.1139442e-04   3.7515671e-03   4.3953651e-20   4.7032514e-19   1.3405110e-03   5.3724508e-07
   1.1300916e-03   3.6690116e-03   2.5941322e-04   8.2632309e-05   2.2818557e-03   1.6475991e-03   5.3500062e-25   3.5117118e-11   7.0803275e-04   5.3871503e-24
   1.1380566e-03   4.1954018e-03   3.0223655e-06   4.5469346e-10   1.6559996e-03   8.6007617e-04   3.9503735e-18   1.9393505e-12   1.2256200e-03   1.7732029e-24
   1.0976516e-03   3.9117906e-03   2.0438139e-04   5.9987900e-24   1.2048737e-03   7.6373682e-04   8.1816236e-18   5.9903642e-23   1.5118426e-03   3.9934528e-16
   1.1317709e-03   4.7409607e-03   2.1539080e-05   6.0392459e-24   1.2862627e-03   8.3640595e-04   3.4925815e-17   2.7346980e-10   7.8416494e-04   1.6624479e-05
   1.2132541e-03   4.6792326e-03   1.7859275e-04   2.5373168e-23   9.7002136e-04   6.1457722e-04   1.9404216e-17   8.3980553e-04   1.0132775e-03   5.5646358e-10
   1.3064154e-03   4.0679238e-03   1.4167230e-04   1.6072571e-16   1.0931100e-03   4.5284386e-04   4.9396284e-27   8.4070720e-04   1.1201385e-03   2.6954085e-23
   8.7096215e-04   4.8114541e-03   4.7184561e-06   3.6621168e-32   5.4491493e-09   1.0450145e-03   3.2703126e-24   3.1844721e-12   1.1496960e-03   1.1787443e-16
   6.4757400e-04   4.2957679e-03   1.0916011e-12   6.7802870e-35   4.0768674e-05   1.9875792e-03   2.8037601e-30   4.0690607e-19   1.2261844e-03   1.6240382e-16
   3.8541318e-04   2.7213724e-03   1.2971310e-08   7.2393292e-27   5.3891831e-09   2.3730341e-03   2.2033670e-36   8.0516713e-12   1.3304009e-03   1.0224073e-03
   5.0496047e-04   2.8881226e-03   2.7387377e-13   2.9110575e-20   2.6898687e-04   2.8646641e-03   8.4889367e-35   2.0580460e-11   4.6217853e-04   3.5027441e-27
   4.4687360e-04   3.2440554e-03   1.5467853e-18   2.2143610e-36   7.6148884e-07   2.2883018e-03   2.7828217e-40   2.6944899e-08   5.7944575e-04   8.8561499e-33
   2.9377745e-04   2.9212621e-03   8.5395305e-21   5.9471295e-47   5.4335766e-06   2.2596583e-03   6.8149329e-33   8.2028003e-04   1.4282437e-03   4.8858560e-39
   2.5070165e-04   2.6174829e-03   6.6717088e-21   1.2990730e-46   7.3202702e-05   2.1318166e-03   1.5677183e-18   1.8531598e-03   1.5987415e-03   1.9165835e-29
   3.5804521e-04   3.4674294e-03   4.9631317e-28   4.2844976e-48   6.5941323e-13   1.2683185e-03   5.7915967e-14   1.6706995e-05   1.0535283e-03   9.0465912e-43
   3.6270973e-04   2.9599994e-03   5.6692271e-32   2.6477186e-43   6.1216370e-29   6.9220591e-04   4.1536689e-35   1.3024962e-03   1.7805887e-03   3.5042514e-56
   2.6566800e-04   2.8032582e-03   5.9467336e-17   4.7604957e-35   1.6439652e-04   6.0333296e-04   5.2803096e-13   2.7598492e-03   1.1336493e-03   6.1809608e-23
   1.9371846e-04   2.5640591e-03   3.4246639e-16   5.7721724e-30   2.8986350e-04   5.2869079e-04   1.4170509e-11   3.1025794e-03   5.2845447e-04   4.4741836e-19
   2.1522991e-04   2.5994479e-03   5.9330292e-18   7.0215963e-37   1.6424108e-04   5.1951923e-04   3.0285988e-16   1.9846926e-03   4.0867663e-04   1.9260621e-34
   2.9136853e-04   2.7595534e-03   2.6516233e-18   3.0908060e-30   2.5013872e-06   7.8165186e-04   3.6685979e-22   8.5662425e-04   5.7972328e-04   9.4809752e-46
   3.8767695e-04   2.3842990e-03   2.0562189e-23   7.5010481e-32   1.9923068e-08   1.0635640e-03   1.3438272e-13   1.3156089e-11   8.1543179e-04   1.8994311e-47
   8.2217369e-04   2.1797153e-03   2.4717368e-25   7.2298444e-34   1.5413785e-08   1.2303028e-03   9.3252866e-05   2.9820753e-08   3.5019962e-04   3.9821460e-35
   1.2765383e-03   3.3279994e-03   2.2573007e-31   1.3677286e-37   4.6820290e-15   8.0843339e-04   1.3182180e-11   3.5976677e-07   1.5840173e-06   6.6285879e-40
   1.3113301e-03   2.8704319e-03   5.7313837e-31   8.4968729e-28   9.3399541e-24   9.1827657e-04   3.1982251e-22   6.0934680e-14   3.1444875e-04   2.0044078e-33
   1.0245986e-03   2.1408048e-03   1.4407949e-27   1.2546403e-23   7.8530445e-10   8.2571665e-04   1.7101252e-32   4.4962565e-13   4.9875767e-04   6.3971617e-14
   1.0459667e-03   1.9690415e-03   9.1332377e-24   4.5076335e-28   1.0485093e-04   1.0335622e-03   4.1976871e-22   2.8881248e-04   5.7114264e-04   2.2606989e-12
   8.3636976e-04   1.7739157e-03   1.1040750e-19   6.8216688e-32   1.9456899e-04   6.3776855e-04   4.0994774e-21   1.3211252e-03   4.4543384e-04   4.3047465e-14
   5.4045736e-04   2.0573026e-03   9.6753585e-29   9.8322447e-49   1.0152094e-04   3.6418149e-04   1.1696372e-29   1.6361231e-03   6.4888808e-04   3.4047656e-30
   3.6943342e-04   2.8614032e-03   1.2785531e-34   1.7750702e-40   1.6241872e-04   2.6823002e-04   1.3922877e-35   1.1913747e-03   2.7551515e-04   3.7878404e-31
   3.6788259e-04   2.8892177e-03   3.5458913e-35   3.0836126e-35   3.1022905e-04   1.5433426e-04   8.3451174e-37   1.1822885e-03   3.2216485e-04   4.2865363e-27
   4.7499762e-04   2.7318435e-03   9.0663089e-33   1.2751811e-39   4.8848532e-06   2.1733364e-04   6.2587060e-14   2.2644138e-03   3.3207270e-04   3.6142527e-48
   4.0744138e-04   2.2450226e-03   6.7165833e-31   4.1174117e-41   2.8255652e-04   2.0450378e-04   4.3413160e-13   2.1443653e-03   4.4496880e-04   1.5672225e-35
   4.0928795e-04   2.3526656e-03   1.6078781e-29   4.6720711e-33   4.0296765e-04   2.6769338e-04   2.5361266e-21   1.6129140e-03   1.3958163e-04   2.0166663e-38
   3.6834595e-04   2.4306501e-03   1.9584563e-29   1.0535886e-24   2.0956827e-04   4.7304771e-04   3.6674500e-14   7.7871394e-04   8.1725935e-05   9.0259615e-29
   2.5270511e-04   2.2545265e-03   8.5325605e-35   3.2892567e-24   1.4903692e-04   3.9841471e-04   1.1951847e-06   8.8513517e-04   1.0944007e-04   2.6909838e-26
   2.3770183e-04   1.6650818e-03   2.0570378e-34   8.7173747e-22   3.3399869e-04   4.0893092e-04   4.0145030e-13   1.2119817e-03   7.0681601e-05   1.3950620e-35
   1.5484908e-04   1.4011685e-03   1.7152843e-17   3.1786607e-17   1.3194757e-05   3.2402933e-04   2.5344678e-07   1.8772615e-03   1.2700669e-04   5.6021234e-24
   1.7410365e-04   1.1261010e-03   1.2235146e-18   1.2622818e-09   3.1975583e-04   3.6389245e-04   9.6118256e-14   2.4405599e-03   1.0467989e-04   2.2644097e-16
   2.6234320e-04   9.4014915e-04   6.5484718e-11   1.5535595e-10   4.3794657e-04   3.4744879e-04   1.4020497e-08   2.2097157e-03   1.5881922e-04   1.0015817e-10
   3.1653186e-04   1.2661883e-03   8.6938623e-17   1.0483515e-19   2.2350298e-04   2.2017232e-04   2.4426644e-11   1.6568900e-03   2.1369913e-04   1.3184952e-08
   2.8490315e-04   1.2911564e-03   6.1705659e-24   6.9262392e-25   1.1101723e-04   1.7098496e-04   1.2593691e-13   2.4279373e-03   3.3756101e-04   4.2779082e-33
   4.2494031e-04   7.9016777e-04   1.3058372e-25   1.9489099e-26   1.8569287e-04   1.3494825e-04   3.6733797e-09   2.8800649e-03   4.3220306e-04   2.9572333e-28
   2.5226516e-04   1.3287644e-03   2.9116747e-16   2.4263595e-18   1.9530387e-04   1.3730935e-04   1.8583316e-09   2.2124077e-03   2.5509054e-04   3.9436297e-22
   2.0246168e-04   1.4519883e-03   8.9197352e-14   5.8422635e-20   1.3543969e-04   1.9347970e-04   1.3019778e-09   2.0119585e-03   2.6548173e-04   4.5877268e-13
   1.9971628e-04   1.3758966e-03   8.3869596e-13   4.6974238e-31   1.3560587e-08   2.1006044e-04   2.3269250e-17   2.0912112e-03   4.9141966e-04   4.4465720e-10
   1.9364492e-04   1.2066948e-03   7.4777577e-18   4.4135479e-30   9.3290249e-08   2.2762454e-04   1.0922111e-03   1.3173828e-03   5.0876594e-04   5.8724962e-27
   9.2465282e-05   1.1431918e-03   1.7121019e-18   4.5121461e-20   9.6845234e-05   2.5968455e-04   1.0643968e-03   1.1702099e-03   5.0865367e-04   1.4379599e-20
   9.6302525e-05   1.1573777e-03   2.1728402e-10   8.3444458e-27   2.7995230e-04   1.5742472e-04   1.4785767e-04   2.7375454e-03   5.0079910e-04   3.4695597e-17
   1.4366355e-04   1.4773931e-03   8.7558896e-15   1.4553220e-30   3.8322113e-04   2.3173516e-04   2.2226927e-22   2.7464485e-03   3.1613127e-04   8.6151922e-18
   2.0008929e-04   1.2065134e-03   5.8666570e-12   1.5911440e-19   3.4957241e-04   2.2242354e-04   3.1363457e-15   2.1099839e-03   1.7778694e-04   8.1238054e-20
   1.2305558e-04   1.2940088e-03   3.5764990e-21   1.2904170e-10   2.5903235e-04   2.4342974e-04   1.1498471e-03   2.8189653e-03   2.8021737e-04   4.1909103e-38
   4.9809291e-05   1.4656759e-03   2.4212700e-16   7.3147800e-15   1.3365457e-04   1.4048747e-04   3.0332569e-07   3.0443868e-03   3.4552771e-04   3.0865757e-36
   8.8081858e-05   1.3422226e-03   3.1219768e-14   5.2607795e-06   6.6709259e-07   2.2626002e-04   2.6113392e-09   1.9142206e-03   3.4611689e-04   3.3710740e-35
   7.1370731e-05   1.2440991e-03   2.7837236e-06   6.3918965e-06   1.1168698e-09   2.0118563e-04   1.7874095e-04   2.2589259e-03   3.7777786e-04   3.9871141e-12
   9.7251507e-05   1.1380530e-03   1.9960120e-06   3.9210984e-16   1.3859336e-04   1.2331916e-04   1.4563356e-05   1.9367944e-03   3.6122595e-04   3.0565838e-15
   6.8486831e-05   1.1980572e-03   8.1214860e-26   2.0892248e-23   2.2587254e-05   7.8916560e-05   7.6979695e-04   2.1276721e-03   5.7465530e-04   1.4723040e-46
   7.1405128e-05   1.2126221e-03   1.8179017e-24   7.8051743e-19   1.6479730e-08   1.1957518e-04   7.2199702e-04   3.5162251e-03   6.9395443e-04   5.2572147e-31
   1.1852201e-04   1.3616619e-03   1.8034530e-20   1.4652938e-21   3.5061374e-05   1.4118454e-04   5.8728777e-04   3.6591250e-03   6.9984760e-04   1.2271052e-32
   1.6810540e-04   1.3369227e-03   7.1794580e-15   6.7175667e-31   1.6049254e-04   1.7855463e-04   2.3197604e-10   1.8440221e-03   5.1487270e-04   3.8598615e-19
   1.4683144e-04   1.3084576e-03   8.8417941e-16   7.9879193e-17   5.8825105e-05   1.1078232e-04   4.8651156e-04   2.0977743e-03   4.8143601e-04   1.8410061e-32
   1.5043442e-04   1.1653760e-03   2.4950075e-14   2.2096237e-21   5.9058222e-05   6.5740111e-05   2.7445149e-04   1.3556355e-03   4.6783991e-04   3.7235275e-39
   1.8622684e-04   1.0800117e-03   9.1710865e-15   3.5411168e-27   1.2344318e-04   8.6616767e-05   6.6943964e-14   1.0749192e-03   4.4121247e-04   6.2431958e-20
   1.4261226e-04   1.4578083e-03   7.1967277e-19   4.9763516e-27   2.2897764e-07   8.1034118e-05   3.1795940e-21   1.0849197e-03   4.9774713e-04   2.5598141e-34
   1.4508350e-04   1.7876622e-03   2.9002392e-18   8.5208298e-20   5.8766681e-05   9.1776596e-05   1.4281469e-14   9.0238288e-04   5.1655264e-04   3.5097653e-33
   1.0500470e-04   1.6699510e-03   7.2542354e-24   2.3208912e-22   1.1070091e-04   8.3631277e-05   3.5438148e-18   1.1240396e-03   7.7181681e-04   7.3487309e-38
   1.0470515e-04   1.4206807e-03   4.8423125e-26   2.5352000e-15   1.5049387e-04   6.5649803e-05   6.3964888e-23   1.4533613e-03   6.4221332e-04   8.8362983e-33
   1.6957882e-04   1.6050329e-03   9.2862960e-17   9.9941788e-13   3.7424761e-08   9.3313435e-05   3.0836952e-23   2.4284177e-03   2.4865623e-04   2.4467851e-21
   1.4098087e-04   2.0171890e-03   4.4574014e-21   1.6804975e-16   3.8314528e-05   9.1551390e-05   7.5826094e-13   1.4497704e-03   3.9094617e-04   3.2551033e-22
   1.0194596e-04   1.8300177e-03   5.8334613e-26   2.9253666e-22   8.2012871e-24   1.1075147e-07   5.1386579e-07   1.4148097e-03   5.9780782e-04   9.8498210e-32
   1.3890264e-04   1.7967660e-03   1.2226529e-37   6.0569365e-31   2.4372613e-26   8.3353594e-06   1.7503153e-11   2.1672086e-03   1.0581090e-03   3.3923476e-43
   1.5750776e-04   2.0061281e-03   6.5578777e-42   3.5361464e-42   5.8323351e-24   2.8998868e-10   1.6064804e-40   2.3519962e-03   1.2566105e-03   1.2063957e-48
   1.9597896e-04   2.3349050e-03   4.5208872e-31   5.2004385e-31   4.1943142e-11   7.2888554e-05   1.9895203e-22   1.6407880e-03   5.8660465e-04   1.8641981e-52
   1.1756170e-04   1.9989784e-03   5.2841678e-29   1.5984922e-33   1.1035979e-12   7.9739411e-05   1.1156046e-24   7.3963729e-04   7.3168837e-04   2.2457771e-42
   1.5633876e-04   1.9251031e-03   4.8602704e-30   8.0756520e-23   1.8011301e-08   8.9478200e-05   4.8624343e-12   1.5516033e-03   4.9544041e-04   1.1333526e-38
   2.7467595e-04   2.1618670e-03   8.2845204e-27   1.0704687e-28   7.6838881e-30   1.0800991e-04   1.3886360e-19   1.3138071e-03   6.2531799e-04   4.7609732e-52
   3.8200738e-04   2.2131737e-03   1.8496785e-34   1.2602824e-37   4.9783524e-35   8.3542772e-05   1.4590008e-34   4.6831825e-04   8.4199629e-04   1.4931243e-30
   4.8423705e-04   2.4750086e-03   1.8370497e-41   6.8818561e-33   4.4331953e-39   8.8282695e-05   3.3561682e-33   4.7804987e-04   3.9470792e-04   3.5272059e-28
   4.2500973e-04   1.7105393e-03   4.3497777e-31   2.7645031e-20   7.8729578e-24   1.5466783e-04   4.2386989e-14   9.2204431e-04   3.9594171e-04   7.0232315e-21
   5.2462258e-04   1.7601144e-03   1.2866991e-26   2.3037924e-13   1.3478913e-08   1.3052206e-04   5.5499340e-16   2.9785925e-04   3.4778584e-04   2.3715538e-22
   8.8481125e-04   2.4179362e-03   8.4141978e-38   4.6326231e-19   1.6625938e-15   2.6361991e-06   1.3428701e-18   9.3277974e-05   5.1398278e-04   4.0027174e-48
   7.3054028e-04   2.1394181e-03   1.7074901e-35   2.2406398e-25   2.2489425e-08   6.6745673e-07   3.0626003e-15   1.6291694e-03   8.8498237e-04   1.6799624e-37
   6.7732049e-04   1.9676107e-03   5.5764061e-37   3.8595475e-30   1.3106487e-19   8.5225206e-05   2.3935134e-14   1.8065965e-03   5.6113816e-04   2.2807063e-46
   5.6623021e-04   1.6009651e-03   2.4204976e-36   1.6657635e-29   1.5197387e-18   1.1018293e-04   1.2623822e-03   1.3453887e-03   5.8615010e-04   6.0942568e-63
   5.2409911e-04   2.0401796e-03   7.7575204e-30   4.1656689e-28   3.4245814e-24   6.9555261e-05   4.2245198e-04   9.1022835e-04   3.7694054e-04   6.7988269e-47
   4.5554547e-04   2.5257505e-03   1.6779980e-27   2.0381158e-29   1.2978185e-29   1.0434650e-04   5.5107289e-07   7.5369405e-04   1.9178167e-04   5.8736253e-59
   4.4368480e-04   3.7304510e-03   1.1672093e-46   1.6030317e-40   9.2483766e-37   1.0161316e-04   1.1164895e-11   3.4402658e-08   1.3823425e-04   1.4430262e-71
   5.5167268e-04   4.0651677e-03   1.5404737e-47   1.1599343e-27   9.1916773e-56   1.0515297e-04   9.9663331e-15   1.6933509e-04   8.9073701e-05   4.2886525e-74
   6.4825814e-04   3.9802550e-03   3.4108723e-42   2.4578676e-32   8.4172806e-36   1.9499517e-04   7.0371431e-06   3.0048629e-04   7.0390135e-05   3.9629199e-75
   9.7453654e-04   3.3525349e-03   4.3655629e-40   1.0960705e-32   3.5734292e-36   2.4767488e-04   1.2643031e-05   1.3508464e-03   6.4111201e-05   2.2424337e-71
   7.9031903e-04   3.2936021e-03   6.7775226e-49   1.9509348e-24   5.7879114e-26   1.9675522e-04   2.2393980e-16   1.6866556e-03   4.8350791e-05   3.0134370e-79
   7.0990681e-04   3.3684116e-03   1.8315319e-44   1.8860902e-17   4.3110799e-23   1.8060920e-04   4.0582770e-12   3.1919879e-04   1.5068204e-04   1.6165508e-69
   5.1376991e-04   2.8710188e-03   5.1185534e-49   3.2468646e-18   8.1013075e-27   1.2534066e-04   2.4140476e-06   2.4763571e-03   2.2979723e-04   3.7184613e-75
   4.3949096e-04   2.1241033e-03   5.9037662e-34   1.8412609e-14   1.0796192e-04   1.2400301e-04   3.4212428e-04   4.1181109e-03   1.2310092e-04   1.2332682e-58
   9.0007117e-04   2.1104739e-03   5.9391026e-47   5.0951516e-25   3.0247543e-14   2.6929692e-04   5.1110354e-07   2.6308860e-03   2.1679090e-04   9.8377777e-59
   6.5985112e-04   1.6065122e-03   2.1156770e-40   1.1642406e-32   5.1551721e-29   2.9965036e-04   4.1601099e-04   2.0447459e-03   3.2046997e-04   4.0940526e-40
   5.4305510e-04   2.1647469e-03   4.1443374e-38   7.1150841e-32   8.3594322e-09   2.0019162e-04   1.4201744e-03   1.9964965e-03   2.1226247e-04   4.0685936e-42
   4.1234680e-04   1.8880208e-03   1.0042664e-26   3.6143273e-29   1.5780990e-10   2.7938511e-04   2.7506846e-03   2.4130248e-03   2.4526233e-04   1.0324664e-38
   7.9625836e-04   1.6827330e-03   1.4022308e-29   9.6500816e-28   3.8714550e-22   3.2933937e-04   5.9003618e-04   2.6348303e-03   4.1391141e-04   2.2974573e-32
   7.2191487e-04   2.0122180e-03   1.0922997e-31   6.9121909e-14   1.8440027e-04   2.3011796e-04   1.0053765e-09   1.6569715e-03   3.0433548e-04   9.3017400e-35
   7.6164484e-04   1.7497566e-03   3.4110379e-26   6.5029491e-05   1.1283588e-04   4.0203813e-04   1.7471443e-03   8.9214081e-05   1.6354854e-05   1.4925331e-42
   5.4173907e-04   1.1014209e-03   1.1512865e-16   1.2576372e-14   3.0080624e-06   6.6685625e-04   1.1538893e-03   1.7920464e-03   1.4194926e-04   1.4760076e-40
   6.0030431e-04   1.4772197e-03   4.3340195e-26   8.5952543e-27   1.3293595e-04   6.2300319e-04   5.7840855e-14   1.7717077e-03   1.1244277e-04   7.3537864e-53
   4.4430157e-04   1.2448419e-03   2.4262898e-18   1.0273985e-13   1.6852974e-04   5.5754525e-04   9.7528273e-11   1.7548985e-03   1.1774088e-04   1.4147979e-31
   5.2473997e-04   1.2235374e-03   2.2193089e-26   6.1437328e-05   5.5712142e-05   4.2430173e-04   3.0389573e-04   2.0296834e-03   2.0720131e-04   6.2663464e-35
   5.3152432e-04   1.3369637e-03   9.1197071e-26   9.3212393e-05   2.9755527e-04   1.6491978e-04   8.0323130e-09   2.4711253e-03   5.1894907e-04   7.0807917e-20
   5.2050118e-04   1.4614212e-03   1.2120112e-20   1.3394159e-04   2.7215880e-08   2.4622665e-04   8.0241256e-16   2.4474997e-03   5.2858632e-04   1.4020418e-17
   4.6398606e-04   1.5714538e-03   1.1665892e-20   1.0059033e-04   1.3974616e-04   4.5506056e-04   1.6502895e-20   3.7281548e-04   1.8180213e-04   1.9052423e-26
   4.1421131e-04   1.5432927e-03   5.3995035e-19   1.2284692e-04   2.6483611e-04   3.7091803e-04   1.0283792e-03   7.6925906e-04   1.8735019e-04   2.2486532e-18
   3.8345022e-04   1.8761048e-03   2.2125223e-17   1.4189197e-04   3.3056782e-04   4.8773051e-04   5.8050124e-04   1.2508446e-03   3.9429992e-05   3.0199926e-20
   3.5230899e-04   1.8467145e-03   1.7879178e-21   9.5997984e-07   4.7167262e-04   4.5260185e-04   1.3566903e-08   2.1352614e-03   3.4810470e-04   1.0240275e-24
   3.8911216e-04   1.4379320e-03   1.1460265e-16   6.4387924e-09   5.5302674e-04   4.0774158e-04   2.4682558e-06   1.6726373e-03   7.0015124e-04   5.6658118e-30
   3.0494073e-04   1.6627229e-03   3.5009183e-17   2.9899079e-04   5.6077570e-04   3.5158224e-04   8.7360966e-14   9.4042231e-04   5.1432392e-04   1.7135746e-20
   2.8636912e-04   2.3606182e-03   1.4861898e-21   5.5535299e-05   6.4986656e-06   5.4549431e-04   9.4477589e-12   2.4043064e-03   3.2332455e-04   2.4295330e-22
   2.9462576e-04   2.6744291e-03   9.7208707e-26   6.3967270e-17   1.1410872e-04   7.3259674e-04   4.3956324e-06   2.1091948e-03   2.9579675e-04   4.7176878e-47
   2.7328959e-04   2.7230934e-03   1.3549553e-24   5.6601573e-09   3.4149463e-04   5.3250219e-04   2.2403935e-18   6.7374977e-04   2.9121113e-04   7.1719184e-15
   3.9784267e-04   2.7886633e-03   2.8919594e-21   6.7864671e-13   2.9824543e-04   3.6694260e-04   1.9753474e-24   1.5564245e-18   3.8053890e-04   5.9269291e-17
   2.8641122e-04   2.6502194e-03   4.7188331e-17   1.6334155e-04   3.0176504e-04   2.3813925e-04   4.3793842e-14   5.5101863e-04   1.6614787e-04   2.2907913e-40
   2.3126317e-04   2.6435542e-03   7.5107160e-27   4.1644210e-04   8.0956020e-04   1.9373899e-04   2.3801086e-19   3.7807819e-04   2.3457258e-04   1.9280079e-21
   3.0283851e-04   3.7067511e-03   3.6156792e-22   3.0183019e-04   5.3656138e-04   2.2752888e-04   1.5984334e-21   1.1629452e-03   1.9126898e-04   1.5779564e-22
   3.9770182e-04   4.1063018e-03   1.2862109e-24   1.7023075e-07   4.3705698e-04   3.3031267e-04   6.5340178e-22   5.3352889e-04   1.6439444e-04   4.6127953e-24
   4.5023742e-04   4.3814880e-03   2.4713043e-30   4.3693419e-05   1.9857658e-04   3.0598642e-04   1.6285795e-18   2.9732337e-04   8.5017630e-05   1.0944229e-39
   4.2479602e-04   3.2262437e-03   1.7936699e-26   3.4777988e-12   2.8646439e-17   4.7381126e-04   1.5574641e-25   2.4083491e-04   3.7803285e-04   1.4805916e-33
   4.6611079e-04   3.4884120e-03   1.5699186e-31   7.8981403e-12   2.8093287e-04   4.7121829e-04   5.0535693e-20   7.1918877e-04   2.4229588e-04   5.2027336e-34
   4.4793538e-04   3.0250824e-03   1.3448715e-40   2.4817638e-20   6.8620867e-04   3.4484491e-04   1.1461367e-27   9.6137532e-04   5.1860738e-04   6.7668834e-46
   3.7038789e-04   3.4243483e-03   5.2968066e-35   7.9899373e-09   9.8781029e-04   3.9552105e-04   5.6336838e-22   1.1259093e-04   2.6736728e-04   1.5906651e-31
   3.6536232e-04   4.1791033e-03   4.2123572e-30   1.0873766e-04   6.3447292e-04   5.1807242e-04   3.0556873e-16   1.0793120e-10   1.7414023e-05   1.2111136e-35
   3.8758990e-04   3.2559252e-03   3.8852538e-28   3.2230591e-12   4.9697076e-04   5.3535487e-04   1.2158763e-16   1.9552977e-08   1.6085776e-04   1.6746993e-43
   4.9922497e-04   2.1822214e-03   3.8607103e-24   4.8199685e-16   4.6583395e-04   3.4156205e-04   2.5945808e-13   8.3661205e-07   3.2159208e-04   1.2039657e-21
   4.6103045e-04   2.4995468e-03   1.0724624e-24   8.3960460e-08   6.7377764e-04   2.6566729e-04   1.6300456e-16   4.6237221e-11   5.0893317e-04   1.6298049e-29
   3.4982826e-04   3.3504982e-03   1.0294318e-24   6.4661840e-11   6.0733749e-04   1.2222623e-04   1.2833051e-19   6.2088064e-18   3.2101719e-04   1.2357583e-30
   4.7169862e-04   3.2435498e-03   2.7844493e-25   2.1321124e-04   2.2049772e-04   2.2640765e-04   1.2392644e-21   1.3462665e-11   3.5902414e-05   3.4916570e-27
   3.3307728e-04   3.3134979e-03   6.6578847e-29   3.1193492e-04   4.1251484e-04   2.1657358e-04   8.0184993e-18   1.4217993e-09   8.0079158e-07   2.4081826e-44
   3.1778623e-04   3.5132887e-03   1.7074496e-29   1.3571484e-04   3.7025603e-04   1.5712422e-04   5.1664373e-17   1.2182673e-08   8.0968983e-05   1.8706383e-41
   3.8484258e-04   3.8567608e-03   2.6379541e-30   3.0556902e-06   2.5310380e-04   3.1032905e-04   2.5141455e-21   8.2524285e-09   4.8761329e-05   2.8148396e-35
   3.3545303e-04   4.2297864e-03   1.1415539e-31   1.6195722e-11   2.0759255e-04   2.9564860e-04   4.1219302e-24   5.6355624e-13   5.6346130e-05   1.7527987e-29
   3.2079693e-04   4.3819774e-03   1.3967302e-29   7.0111232e-18   1.5158075e-04   2.4141214e-04   2.6032810e-19   1.5640847e-07   1.6854665e-04   3.7523554e-26
   2.8722059e-04   3.7543948e-03   2.1229944e-25   2.7720390e-18   1.2133372e-12   4.2443753e-04   2.5715634e-19   6.9163731e-10   1.6676031e-04   4.7178429e-22
   2.7759040e-04   3.9408258e-03   2.5794370e-27   1.7352765e-13   3.8202547e-05   4.6158282e-04   1.5878849e-19   4.9540733e-09   9.8953350e-06   1.2184646e-22
   3.6352145e-04   3.2901470e-03   4.5128941e-34   5.2294990e-09   2.5645371e-04   4.5047475e-04   6.9743572e-22   1.7928820e-12   2.1475322e-07   4.0094050e-41
   2.0636304e-04   2.7460872e-03   9.1741557e-31   7.3636359e-14   6.1866550e-04   4.3506236e-04   4.4994115e-26   2.1349318e-22   5.3741849e-07   3.1518613e-42
   3.3834281e-04   2.7629513e-03   3.3723966e-27   4.8534204e-13   5.5398613e-04   3.1799185e-04   2.6675672e-23   2.3022818e-26   8.4232524e-06   7.1613548e-38
   4.2029767e-04   3.1518930e-03   7.3843682e-30   2.8513652e-18   3.5458972e-04   1.3908309e-04   2.8135272e-35   7.5692391e-19   1.0428081e-06   2.9402645e-28
   3.7621803e-04   4.1311796e-03   1.6526192e-32   2.2134493e-16   1.4203502e-05   1.3156521e-04   6.5451743e-31   5.1573558e-18   1.2285101e-05   1.1363911e-34
   2.8319113e-04   3.1928806e-03   1.0985318e-21   2.1936899e-09   3.2433890e-14   1.9625154e-04   8.0193712e-16   1.7225021e-26   8.4036639e-05   6.7007174e-22
   2.3906068e-04   3.0855462e-03   1.0659101e-20   1.0281887e-04   4.0622293e-14   2.2663730e-04   5.8454988e-13   1.2681609e-17   1.3760120e-06   2.5425443e-04
   3.3620221e-04   2.8733324e-03   1.8361260e-20   6.5696487e-05   1.8350844e-04   2.4616233e-04   4.2716916e-17   1.8060412e-11   1.8196975e-05   4.8457815e-14
   3.9547931e-04   2.8603685e-03   3.0168183e-21   6.7783789e-05   2.6945724e-04   2.5486760e-04   9.0487571e-13   1.2252120e-14   1.3094442e-06   6.7598779e-15
   4.3381243e-04   3.8469772e-03   6.4548338e-27   1.7873182e-07   4.0079871e-04   2.4249922e-04   2.4221550e-15   2.2006393e-21   1.3643184e-08   2.4978434e-26
   4.5967242e-04   3.7600923e-03   3.3490027e-32   2.3977696e-16   2.8532752e-04   2.0316276e-04   3.8745717e-15   2.5769756e-37   2.2187868e-05   2.2306341e-46
   2.6859167e-04   3.0736985e-03   8.9438464e-23   7.6205996e-20   4.3029780e-07   2.4056903e-04   4.4616628e-22   3.4476651e-30   6.5323104e-05   1.1363645e-28
   4.7546083e-04   3.2659048e-03   3.0975435e-29   8.2287561e-23   3.4781859e-05   3.1492393e-04   1.8160985e-38   2.3571894e-26   1.6791149e-11   1.5663910e-24
   5.0403101e-04   2.7929283e-03   4.4757520e-28   2.6009860e-21   1.5114584e-12   4.6538457e-04   9.2709732e-35   7.8985951e-28   5.4177043e-15   9.0944663e-26
   4.7778807e-04   3.5670542e-03   2.7676491e-33   4.6705391e-26   2.5022805e-14   3.6030379e-04   1.2915865e-28   6.9294309e-24   8.3312954e-11   1.4737265e-33
   5.3405667e-04   3.5616797e-03   5.7645196e-28   2.8961555e-23   1.1082817e-08   2.4831127e-04   1.8314088e-20   7.3031413e-21   3.1778368e-06   7.5296090e-19
   4.7466745e-04   2.7676262e-03   1.7628874e-28   5.8059963e-17   4.3317646e-04   2.6087215e-04   6.4255519e-17   2.6676496e-32   4.3295393e-07   4.0228378e-12
   5.6529004e-04   2.4507612e-03   3.7971389e-21   3.4841455e-15   6.2949986e-04   2.2592254e-04   8.5050208e-26   1.7956940e-30   2.0826245e-06   7.5968846e-06
   5.2450097e-04   3.3535999e-03   3.7721322e-18   4.0188800e-10   6.1150063e-04   2.7910733e-04   4.8419402e-23   1.7007994e-33   6.6311547e-09   5.8439869e-09
   4.0561342e-04   3.1066263e-03   6.3917067e-15   1.1907391e-05   2.3676888e-04   2.9006551e-04   8.0666367e-22   5.0575714e-25   3.3204641e-11   1.0118506e-11
   5.9143427e-04   2.8649662e-03   1.8496537e-23   1.9640942e-05   1.6042545e-04   1.9404495e-04   1.9668136e-33   4.7704773e-28   3.7028947e-12   3.5173926e-34
   5.6254272e-04   2.9446546e-03   5.2000409e-24   2.3764209e-05   2.8123085e-04   2.7431630e-04   1.4308786e-21   3.4294927e-32   1.4768080e-12   1.1242668e-32
   4.6426628e-04   2.4387415e-03   2.6279890e-20   4.2858074e-10   2.8825475e-04   3.0829674e-04   1.2258267e-19   1.9107217e-21   9.4530681e-06   1.5962665e-25
   4.2462216e-04   1.9071144e-03   1.9112840e-08   1.9329855e-14   5.2475480e-04   2.3101655e-04   7.6459117e-15   1.2262870e-25   2.5246933e-05   1.7036466e-15
   4.7767430e-04   3.1016287e-03   1.1496510e-18   1.1634206e-06   3.4067219e-04   1.8570364e-04   2.3777588e-15   1.3708309e-31   2.6184888e-07   2.7378127e-14
   6.2193704e-04   3.4067899e-03   7.2949111e-27   8.1415339e-18   7.0643232e-04   4.7598797e-04   4.7785678e-22   7.7256975e-35   5.4614133e-15   9.4449848e-13
   5.1289116e-04   3.4643595e-03   5.6320611e-34   2.3517817e-18   7.9791666e-04   6.0976169e-04   8.7078079e-22   2.4960076e-31   1.3536203e-14   1.0283547e-18
   4.1981233e-04   3.1898388e-03   2.8859561e-28   2.9366337e-18   6.4553601e-04   3.7547736e-04   2.7218684e-22   1.6422447e-26   4.4070878e-08   8.7437875e-14
   4.8463634e-04   2.9530385e-03   2.1475216e-12   2.8339992e-13   2.0590122e-04   3.8076855e-04   1.7908071e-28   3.9093476e-20   6.0926971e-13   1.0438382e-07
   4.7342233e-04   2.4912438e-03   1.6378056e-15   1.3145546e-05   7.6788218e-04   2.6579953e-04   1.6370284e-37   2.5019891e-32   7.3742722e-08   1.2963403e-11
   4.3148079e-04   2.8746509e-03   3.4750410e-12   1.0508974e-06   2.3997244e-04   3.6275966e-04   6.1800993e-12   3.6895734e-44   1.6076718e-09   1.3909541e-10
   4.5188968e-04   2.5158789e-03   1.6249262e-11   1.6134307e-05   2.4597703e-04   2.8512305e-04   3.4737961e-04   3.8734705e-33   8.7985752e-11   3.8774872e-12
   4.5443195e-04   3.1076082e-03   6.6005626e-20   4.8498094e-06   4.0325041e-04   3.8090430e-04   3.1458645e-12   1.4417401e-38   6.5760565e-24   2.0829791e-22
   4.5103708e-04   2.9975484e-03   3.3054259e-25   7.3460835e-05   3.7454453e-04   4.5423601e-04   2.0128785e-15   1.1945258e-45   1.6250870e-19   5.6642540e-27
   5.4299358e-04   3.0512649e-03   1.7148115e-24   1.0424019e-04   2.5214674e-04   3.5007077e-04   6.1009319e-24   5.7425992e-41   8.6970461e-15   1.7631748e-24
   4.3813157e-04   2.8865292e-03   1.3223829e-15   7.3078250e-05   4.5891105e-04   4.5520035e-04   1.3491926e-24   7.7020809e-38   5.3398995e-12   1.8820162e-06
   3.9644741e-04   2.6594923e-03   1.3716636e-06   1.8017628e-10   9.9001341e-05   5.9174594e-04   1.5843312e-25   5.4466475e-31   1.0578282e-13   6.6440021e-04
   4.4469270e-04   2.6639220e-03   6.2613826e-20   2.9705994e-06   2.0982044e-04   5.7851984e-04   1.0669047e-26   2.0396485e-23   1.8733876e-08   6.2556084e-04
   3.6899397e-04   1.7835736e-03   5.5336013e-15   2.1796682e-05   2.9792866e-04   9.1583700e-04   1.6178141e-26   8.8000781e-14   2.5938104e-13   9.5685827e-04
   4.0935880e-04   1.7302961e-03   1.3225028e-09   5.1816737e-13   5.2442108e-04   1.0206978e-03   2.8092653e-29   3.1639575e-17   1.6231596e-17   6.8122830e-04
   3.6420267e-04   2.3971115e-03   6.4488928e-05   5.7571453e-14   3.2590226e-04   7.4044114e-04   1.8069510e-29   1.6531624e-26   4.1753218e-14   5.0117725e-04
   3.3065051e-04   2.5676928e-03   8.1592404e-05   1.5946060e-05   3.2811453e-04   6.2933737e-04   1.3025585e-24   1.1411188e-34   1.5010052e-11   5.5224450e-09
   2.8528225e-04   3.0218633e-03   1.9583720e-06   1.0474125e-04   4.8164802e-04   3.8069770e-04   2.4433209e-22   3.2127241e-41   1.4873015e-13   1.7086409e-26
   3.4313609e-04   2.8978970e-03   1.1465556e-05   1.1605670e-04   5.4202503e-13   5.7818739e-04   1.7830132e-27   1.6560051e-49   3.1777913e-15   3.4917519e-15
   2.5483302e-04   2.4266001e-03   1.6197459e-04   1.0098254e-04   5.9913897e-09   5.3562382e-04   8.8224561e-27   1.2862881e-30   1.7251126e-12   8.6677265e-07
   2.1785739e-04   2.1262250e-03   9.3317537e-05   2.2948521e-04   2.1000928e-04   6.4765215e-04   1.6557963e-15   9.5489255e-30   4.5478160e-17   1.7217544e-13
   1.7604657e-04   1.8504532e-03   1.6235574e-04   3.6573548e-04   3.8174321e-04   7.6846154e-04   5.7858054e-24   6.2966306e-26   1.2524994e-15   5.7163476e-21
   2.4043545e-04   2.1032228e-03   2.3313640e-04   4.5952908e-04   3.1148561e-04   5.5176274e-04   5.3173961e-29   1.2657683e-44   9.6537577e-14   2.7503193e-12
   2.9824986e-04   2.2129472e-03   2.0593510e-04   3.1361917e-04   3.1533099e-04   6.2668209e-04   1.6727236e-29   1.0831482e-49   5.4669012e-11   1.4239352e-06
   2.7484241e-04   1.6263819e-03   3.1787699e-05   1.1369212e-04   3.0779842e-04   7.0031371e-04   1.2512467e-28   4.0481127e-48   1.0103618e-08   5.8016504e-04
   3.9606453e-04   1.5661614e-03   1.0541606e-04   1.5348864e-04   7.3006723e-04   5.4748745e-04   2.9247611e-34   1.2263678e-42   5.5260278e-08   1.8301191e-07
   3.5696942e-04   1.4167104e-03   1.1758027e-04   1.7740280e-04   4.2812568e-04   9.3903516e-04   1.3084553e-33   3.9141769e-38   7.4745491e-10   9.2374870e-05
   2.8327270e-04   1.6294252e-03   1.3574974e-04   1.6877224e-05   3.4842772e-04   8.5824366e-04   3.7712654e-49   6.4914997e-38   6.6167948e-16   4.7527396e-04
   2.7919764e-04   1.7384508e-03   1.3775897e-04   1.5087883e-04   1.4988814e-04   5.3886211e-04   1.2664201e-36   1.9291935e-39   1.3004217e-07   5.0451652e-09
   2.5939797e-04   1.9630597e-03   1.0022232e-04   1.2885731e-04   9.1548947e-05   6.6630120e-04   1.9715729e-33   2.6706079e-28   1.3071741e-09   6.0749278e-15
   2.8740197e-04   1.9533925e-03   9.2424457e-05   1.4323186e-04   2.3442082e-04   8.1495611e-04   3.9171791e-26   3.3427280e-31   1.5503445e-11   1.8169261e-12
   3.5689401e-04   1.9463423e-03   1.0559926e-04   1.2080331e-04   1.6826083e-04   6.5006518e-04   3.1225145e-20   1.2953310e-33   1.5332176e-13   2.2846790e-22
   3.6494850e-04   1.5791208e-03   1.7036796e-04   2.4444123e-04   3.4103004e-04   6.0070625e-04   1.1249564e-17   6.1400099e-31   7.4888591e-16   1.1025490e-08
   3.6000474e-04   1.5674760e-03   1.2928098e-04   1.5283359e-04   2.6668912e-04   7.8060651e-04   5.7824509e-21   6.9371538e-27   1.1964726e-07   7.3284304e-08
   4.5304710e-04   1.7667109e-03   1.1293043e-04   3.6803147e-04   3.3768795e-19   5.1555387e-04   1.6449345e-21   2.2534827e-43   2.0353137e-05   4.6128797e-13
   3.7985658e-04   1.9738962e-03   1.4599300e-04   4.5959389e-04   2.3113621e-04   5.3057239e-04   4.0990077e-36   2.1751239e-39   4.5605771e-06   6.1908765e-16
   3.0016447e-04   1.6672045e-03   2.0486526e-04   3.7517743e-04   2.2950018e-04   4.9789121e-04   6.6463872e-38   2.8410780e-36   7.0784038e-07   1.7350318e-14
   2.5155986e-04   1.5813837e-03   9.6849148e-05   3.1782648e-04   1.7640022e-04   4.8968369e-04   2.8995718e-23   7.5373053e-33   5.9096350e-07   2.4425867e-17
   3.2214364e-04   1.5492269e-03   1.5158093e-05   3.3296002e-04   2.4686702e-04   5.0803554e-04   4.2975007e-30   3.6441515e-32   2.1036296e-09   1.4018794e-23
   3.4074586e-04   1.5944588e-03   1.1255822e-04   3.7749933e-04   1.0927691e-07   6.4241744e-04   2.4676831e-37   1.2783086e-25   1.5555861e-09   2.3209339e-05
   3.5372988e-04   1.6015389e-03   1.0598915e-04   1.5435403e-04   4.0103856e-04   4.5407682e-04   4.6432833e-28   4.1630169e-25   5.4369614e-06   4.5612796e-15
   4.7751056e-04   1.7814518e-03   9.2912582e-05   8.1913379e-05   5.6815926e-04   5.7005245e-04   3.2971561e-38   6.3227863e-29   6.3870912e-07   1.7887518e-17
   5.0582655e-04   1.7684034e-03   1.2179148e-04   1.3857219e-04   4.2472561e-04   6.6017262e-04   5.8687762e-22   7.6062931e-35   1.6682683e-06   1.1886210e-12
   3.9539712e-04   2.0007743e-03   1.1602642e-04   1.6166015e-04   1.9602751e-09   6.2887631e-04   1.0566451e-11   5.8270655e-28   5.4738517e-06   7.0264245e-21
   5.2088572e-04   1.8922714e-03   6.3003080e-05   2.2472820e-04   2.2650630e-04   3.5050058e-04   1.6195125e-32   2.6285397e-24   8.5375541e-07   8.9086720e-18
   4.5594596e-04   1.9075818e-03   9.1182169e-05   1.6488710e-04   4.8730997e-09   6.3001478e-04   3.5493518e-19   1.3493795e-41   1.0241848e-07   3.9775428e-29
   3.8609867e-04   1.8022401e-03   1.7334446e-04   1.7111999e-04   2.2779193e-04   6.0085082e-04   7.5240621e-24   6.8881077e-37   5.8275554e-05   1.4484547e-24
   4.2672480e-04   2.0245142e-03   9.9259371e-05   4.2788486e-05   2.3237412e-04   5.5264952e-04   2.0347445e-25   2.2377490e-39   1.2014150e-04   2.1701767e-23
   2.9845797e-04   1.9479499e-03   7.5930655e-05   1.9498926e-04   3.7570203e-04   5.3763659e-04   1.1137821e-34   2.1267800e-40   6.8389419e-05   7.7635176e-29
   2.9880620e-04   1.6477888e-03   1.1057868e-04   2.7305258e-04   5.5845453e-04   4.8192169e-04   3.3547811e-25   1.4732610e-34   7.8816435e-06   4.1323905e-19
   3.4699061e-04   1.6780326e-03   9.6975712e-05   1.0771284e-04   2.8627954e-04   4.1302574e-04   2.0874258e-18   2.2981216e-41   3.2486742e-05   1.3526618e-20
   4.1047890e-04   1.4910666e-03   1.4390655e-04   8.0179457e-05   3.8107875e-04   5.6647041e-04   1.2966197e-15   2.4381283e-45   5.8238167e-05   8.7217683e-12
   5.1486813e-04   1.7411869e-03   1.2818320e-09   1.7755856e-04   5.1390297e-04   6.1027183e-04   3.5044818e-15   2.7895036e-36   1.4577336e-05   2.3566556e-16
   5.5486106e-04   1.9468055e-03   6.7917951e-08   1.8621642e-04   2.9402762e-04   6.5669500e-04   2.2315670e-12   4.1824817e-35   2.9187727e-05   5.2781023e-15
   5.4853781e-04   2.0450536e-03   1.6872111e-08   1.6862256e-04   1.7993489e-05   7.6918949e-04   1.6922825e-09   2.0392525e-35   8.6953751e-06   3.5417619e-20
   4.6174433e-04   2.1093078e-03   8.1178916e-05   1.7640245e-04   8.8074576e-05   5.2683744e-04   4.6346483e-19   1.2061343e-42   7.5462921e-05   5.2807412e-22
   5.4116283e-04   2.7872116e-03   1.0316343e-09   2.3389282e-04   3.5815801e-04   3.8415707e-04   2.0573097e-31   2.9222496e-36   1.2159361e-05   1.4530643e-06
   5.7681162e-04   3.1182620e-03   4.3244111e-21   5.1903856e-05   2.6746738e-04   6.3663787e-04   4.3673133e-31   1.5475186e-36   8.7389973e-13   5.7553799e-21
   6.7829655e-04   2.8015235e-03   2.7304442e-15   1.5002843e-04   1.8317779e-04   6.0676666e-04   1.3062020e-41   2.0229159e-34   9.7712619e-09   2.4502902e-29
   9.4083910e-04   2.5588938e-03   1.3180521e-07   2.6021057e-04   1.3358253e-04   5.7533206e-04   9.9609364e-19   4.0031627e-43   2.3551951e-06   1.0508265e-36
   8.0609189e-04   2.2761387e-03   4.1939348e-05   1.1367488e-04   3.8661718e-16   5.9718535e-04   9.8418894e-09   5.9681882e-40   8.2919213e-05   3.9542900e-34
   4.9480638e-04   2.5781589e-03   1.1235239e-08   1.3374853e-04   1.2551782e-04   5.4868417e-04   6.2858618e-05   6.7343009e-36   1.5664895e-05   4.4199996e-27
   5.3980465e-04   2.3754965e-03   9.1108316e-08   1.5392092e-04   2.4598782e-04   6.6309118e-04   4.1798241e-21   8.1945909e-36   1.0729134e-10   1.4420522e-24
   4.6483463e-04   2.0630735e-03   3.3444894e-06   2.2894690e-04   4.7518463e-04   6.2633403e-04   1.4895210e-21   9.1034255e-25   2.2495627e-06   7.8447867e-15
   4.2578650e-04   2.2898474e-03   1.8768147e-12   7.5508474e-05   2.6590499e-04   8.1740096e-04   3.2280373e-16   5.1016717e-24   3.5849836e-06   9.5468307e-10
   4.3528607e-04   2.4960375e-03   3.9814803e-07   6.5471916e-12   6.7197007e-06   1.0198291e-03   2.1295818e-17   1.4607794e-34   9.6508707e-06   7.6200122e-09
   5.6898226e-04   2.4919165e-03   1.8972152e-09   1.0901071e-04   4.2113466e-04   7.0677496e-04   2.0087745e-11   5.7612166e-27   5.6464081e-06   1.5913801e-05
   5.9655187e-04   2.0466138e-03   7.6449345e-05   2.2713558e-07   2.9511848e-04   5.9835926e-04   2.5099162e-14   4.3292027e-24   2.0653289e-04   1.2180104e-24
   4.6190394e-04   1.9870404e-03   1.3595967e-04   2.6144897e-04   2.4994727e-04   5.5148278e-04   7.5221859e-27   4.5931154e-25   1.0319855e-04   7.0240567e-12
   5.6934250e-04   1.6165447e-03   9.3353781e-05   3.8343355e-04   3.1114351e-04   5.6451891e-04   2.8447466e-23   7.6429643e-29   4.3156987e-06   1.2096558e-09
   5.9798603e-04   2.2846795e-03   1.4267057e-10   9.1534303e-11   7.1372795e-04   8.7735154e-04   3.5146447e-24   1.5733065e-39   2.4452465e-09   1.3178079e-21
   5.4221395e-04   2.3841080e-03   1.9818303e-13   7.8187025e-05   5.9659233e-04   6.6849168e-04   2.3733308e-31   3.2000201e-36   3.1329851e-05   3.5637348e-28
   3.5583988e-04   2.5909658e-03   6.9290661e-10   2.4676803e-04   3.7842267e-04   6.2849750e-04   5.3417233e-06   4.9020955e-39   2.3285542e-05   1.5164392e-41
   3.2363846e-04   2.0681002e-03   1.0651154e-11   2.1804593e-04   2.1156042e-04   5.8917714e-04   2.4320288e-08   1.4310603e-29   1.9008785e-05   7.3894227e-26
   4.5058920e-04   1.9917567e-03   7.5723973e-15   1.7677167e-04   6.2247530e-05   6.3680780e-04   3.8895022e-21   6.9274704e-19   3.1814419e-06   6.2139295e-25
   3.5786534e-04   2.4726241e-03   9.2913567e-13   2.7123420e-04   1.1753592e-04   8.5975408e-04   2.0128167e-18   2.5248773e-22   3.1152631e-15   7.6199752e-29
   3.9018590e-04   2.3281684e-03   4.8863327e-10   1.7897576e-04   1.1032733e-18   7.1220256e-04   4.7973918e-32   2.8394722e-20   2.1540334e-09   2.6466427e-19
   4.8668491e-04   1.9085296e-03   7.1261043e-05   7.3228785e-05   1.4857128e-04   6.9110931e-04   1.9484986e-13   2.9046247e-18   1.6503510e-05   3.0225990e-28
   3.7693675e-04   2.4117203e-03   5.7132610e-06   2.3421061e-05   7.1783241e-05   7.6608589e-04   1.5520691e-09   4.5396869e-27   1.8639713e-12   2.1644235e-34
   2.5302548e-04   2.4051138e-03   2.9991457e-11   7.8223956e-05   3.2126188e-04   7.2299309e-04   3.1685199e-22   2.3432443e-21   3.4780498e-06   2.3272124e-35
   1.8571235e-04   2.2404274e-03   4.7656344e-05   7.0930813e-11   4.3775639e-06   5.8452347e-04   9.9608864e-19   6.8392745e-28   1.6200105e-04   2.5820863e-51
   2.4661284e-04   2.8499394e-03   3.5562349e-11   4.7638715e-05   1.9900234e-04   3.5080063e-04   2.6230308e-27   9.2541643e-21   8.9836171e-07   1.9905047e-67
   2.6323706e-04   3.0485781e-03   1.7507583e-12   1.1067525e-05   2.1939469e-05   7.4778391e-04   5.5236208e-27   1.4977269e-20   2.8416966e-09   1.8311701e-42
   1.1571188e-04   3.2316934e-03   3.5408520e-19   1.2675223e-29   7.3515089e-31   7.5902990e-04   4.4538661e-36   8.4205169e-46   8.1719880e-12   1.2881740e-46
   1.7644325e-04   3.2076103e-03   7.4806504e-24   8.5077791e-09   1.3135464e-04   4.7545317e-04   7.2971364e-14   1.0974286e-37   4.3114090e-07   6.8141635e-51
   2.7684578e-04   2.2443961e-03   6.2404703e-05   8.3064939e-05   4.1252383e-05   4.0238922e-04   1.5299388e-13   1.7708598e-22   3.0317202e-08   1.0526500e-35
   3.6046140e-04   2.1877675e-03   1.9372632e-05   9.8258776e-05   7.9441087e-05   4.0648781e-04   6.2499458e-22   1.7917701e-17   1.8191701e-06   8.1924325e-42
   3.6615631e-04   2.6595517e-03   7.9373057e-15   3.2329540e-11   2.5440212e-20   5.0401112e-04   1.8754293e-34   4.5931140e-27   1.5234897e-05   3.1926768e-48
   3.6872665e-04   2.6051840e-03   2.0416906e-06   1.1981263e-04   2.5666111e-32   5.2597610e-04   1.0038445e-31   2.2374763e-13   2.6612351e-07   1.5825205e-27
   3.0707153e-04   3.2183481e-03   3.3531939e-06   1.4571510e-05   6.7981707e-36   4.4748112e-04   1.0399876e-24   1.2490862e-14   4.2837562e-06   4.3926143e-41
   2.3280331e-04   2.3722309e-03   6.5118574e-05   4.5758344e-14   3.3406528e-24   5.0042131e-04   1.0928207e-20   7.8495149e-31   1.7393561e-06   9.9784634e-32
   1.8513708e-04   3.1769891e-03   3.1210155e-20   1.0936627e-19   2.2236485e-21   4.7671145e-04   1.8797915e-27   1.1701678e-27   1.6143626e-06   7.6884853e-37
   2.6185538e-04   3.1446177e-03   7.5409647e-12   8.4005612e-23   1.3496008e-19   4.5004041e-04   2.7596916e-24   1.4703859e-33   2.7179584e-05   4.3345730e-22
   2.4860955e-04   2.3649192e-03   5.9565059e-05   4.2432789e-22   1.7030883e-19   2.0676343e-04   8.5652232e-20   4.2673258e-24   3.8333963e-05   4.6318021e-16
   2.2097673e-04   2.8481889e-03   7.8695495e-17   2.1762271e-20   1.2976152e-27   2.8752105e-04   3.0027243e-40   2.9011684e-12   4.3532967e-07   7.6610419e-58
   2.9152267e-04   2.3642172e-03   4.2429731e-14   2.3058709e-12   3.2702738e-27   4.2945738e-04   7.8255404e-38   1.1161058e-12   2.5935698e-08   1.1924702e-26
   2.2016216e-04   2.7093821e-03   4.0714136e-05   1.5943808e-26   3.0712587e-10   3.3388996e-04   2.9385555e-35   2.9025421e-20   4.6181301e-16   3.8635885e-34
   1.1381723e-04   3.0953409e-03   4.3688986e-05   1.8643239e-25   3.7326599e-08   3.2684408e-04   1.9256130e-34   5.4565240e-14   1.7274277e-10   6.3461493e-53
   1.1889692e-04   2.4544213e-03   4.8836979e-05   1.3232236e-25   5.8446196e-27   3.5960761e-04   1.1334133e-31   6.0254079e-16   4.8706915e-10   4.2512757e-31
   1.3058708e-04   3.0106125e-03   1.9706814e-23   4.4145602e-24   3.1634332e-15   3.6254980e-04   2.9060016e-18   9.6601748e-15   9.2877839e-06   3.6602858e-37
   1.4160958e-04   3.1341840e-03   2.9101821e-19   4.3655021e-26   1.3755255e-17   4.5302068e-04   4.5511075e-17   1.2028083e-21   3.9893827e-11   2.9773502e-40
   9.4950039e-05   4.1305683e-03   7.2216918e-23   4.6158699e-17   2.7829889e-33   3.2010364e-04   2.9456814e-39   2.2023626e-12   2.5985366e-09   8.2316079e-56
   1.2546169e-04   3.0951720e-03   3.4217720e-07   1.7382581e-20   4.3476372e-18   3.8909335e-04   3.0801777e-25   1.3223537e-23   1.3240865e-07   1.5090654e-42
   1.7101316e-04   2.8083152e-03   5.2747492e-15   7.3345228e-29   3.8596160e-10   4.3302589e-04   3.9869933e-25   1.7466344e-27   1.2689281e-11   8.9386186e-45
   2.0246586e-04   2.5241946e-03   1.8018843e-18   3.4772984e-23   2.6561886e-05   3.4407435e-04   1.8151712e-26   2.3117334e-29   1.2671904e-12   5.5280743e-44
   2.0955297e-04   3.0732096e-03   4.4118560e-20   2.2849940e-31   3.7010673e-21   2.7205407e-04   4.1528723e-34   4.4811314e-37   6.8634616e-11   4.4012978e-49
   3.1304899e-04   3.0215712e-03   5.8007584e-14   3.0402917e-23   2.0449263e-33   1.6572220e-04   5.1763998e-35   2.3660730e-18   4.8119161e-12   2.1011684e-52
   3.4636509e-04   2.8198483e-03   3.0135526e-05   9.2999551e-26   1.1976673e-37   3.3078313e-04   2.1347824e-40   4.5664214e-16   4.7787662e-12   1.5211219e-58
   3.0829116e-04   2.6985268e-03   2.3783752e-12   1.3851276e-23   1.7212129e-42   2.5793986e-04   1.2372717e-33   2.7697229e-15   9.4943683e-11   4.0897118e-66
   1.9993244e-04   2.8189606e-03   2.1578356e-25   1.6075817e-21   1.4747076e-30   2.8908829e-04   2.3437694e-40   9.5284258e-14   3.0066873e-10   7.9405229e-43
   2.6063391e-04   2.4300841e-03   6.4383651e-13   1.7408017e-13   7.4196395e-18   3.2130400e-04   6.8615134e-20   7.2178078e-06   2.9325919e-06   4.2162300e-29
   3.0982956e-04   2.4063155e-03   4.6275596e-09   7.8357557e-27   4.1903805e-23   2.9809926e-04   3.3728544e-26   2.2142467e-20   1.8777398e-05   6.6910871e-37
   2.4105709e-04   2.6692684e-03   7.4701348e-07   1.3297455e-37   3.3549033e-10   2.9446799e-04   1.8271052e-44   2.1052784e-28   6.6761533e-12   6.6174610e-45
   2.6930623e-04   2.4082512e-03   1.3795114e-05   1.2827571e-33   3.0893448e-30   3.5915219e-04   3.0005413e-33   1.3670072e-16   4.4372010e-06   3.4658615e-40
   1.7524567e-04   2.0867056e-03   2.1626259e-07   3.0731605e-30   3.4766718e-10   3.2710784e-04   2.6032413e-18   2.6598634e-09   2.1254808e-05   2.9757577e-46
   2.0373897e-04   1.7692496e-03   1.7661236e-19   1.4490088e-31   2.9196042e-05   4.0590286e-04   1.3142470e-11   8.6366332e-20   7.7436090e-06   3.1783790e-44
   1.8255820e-04   1.7126970e-03   1.6992361e-07   1.1719656e-35   4.6541297e-05   3.9255552e-04   1.4375623e-26   1.9384987e-23   4.6936593e-05   6.5897909e-41
   1.9906675e-04   1.7873958e-03   5.2695202e-05   1.3010781e-31   7.2005761e-05   2.2723536e-04   8.0140013e-26   7.7312859e-31   2.3508349e-05   7.4040593e-38
   2.1863416e-04   2.0891101e-03   2.8635857e-09   9.5128179e-33   3.7553486e-10   1.9545711e-04   6.2578065e-15   7.2936736e-31   2.4668979e-05   1.4279180e-35
   1.3555517e-04   2.0597676e-03   6.8846583e-19   1.5951414e-26   2.3711406e-08   2.9521616e-04   8.0629955e-21   2.5012497e-15   9.3669100e-06   1.9690903e-29
   1.4120861e-04   2.1025555e-03   2.9193753e-27   1.4752076e-29   1.2955962e-16   2.4393266e-04   3.0482296e-27   3.2267290e-17   1.4676739e-05   4.9968268e-29
   2.0842347e-04   2.1553038e-03   6.8521523e-29   1.3703926e-21   1.9485271e-20   2.0903308e-04   3.7258181e-26   1.8706764e-12   2.7527454e-05   1.6448220e-37
   1.8277900e-04   1.6715342e-03   1.8940626e-22   1.3714301e-24   8.4254676e-08   2.2091184e-04   5.7657520e-20   6.3883788e-09   1.5805873e-04   9.1082533e-44
   1.7978712e-04   1.6956955e-03   8.3075865e-18   3.6720552e-21   1.0868922e-05   2.2649883e-04   2.7146929e-20   2.4218477e-13   5.3586405e-05   2.0255870e-50
   1.6362195e-04   2.0258297e-03   3.2878312e-20   2.6666386e-32   2.0033442e-06   1.9736769e-04   3.8078689e-33   2.6248943e-23   1.2343819e-06   4.7609038e-53
   1.6975729e-04   2.0760862e-03   1.2996672e-29   2.9506989e-31   8.9224333e-21   3.1038587e-04   3.0689993e-30   9.8490216e-15   6.0209076e-07   1.6306675e-32
   2.2034988e-04   1.8453574e-03   5.9010602e-41   3.9442046e-24   1.8647211e-21   3.2345843e-04   1.3281902e-27   4.4930364e-09   7.0937028e-07   9.1791343e-53
   1.7521414e-04   2.0426466e-03   8.9365367e-39   1.7194975e-31   1.5736351e-17   3.7206548e-04   5.5063984e-35   3.7003953e-14   7.5780901e-16   1.7073677e-53
   1.7644147e-04   1.9185440e-03   4.7124771e-40   1.2286306e-37   3.4690645e-22   3.7213270e-04   4.3558816e-33   7.0718908e-23   5.1274056e-13   9.4205827e-65
   1.9490147e-04   1.7654717e-03   4.5270288e-39   5.8594781e-38   2.0308582e-11   2.0150814e-04   2.4075050e-31   2.5137780e-30   3.4127718e-11   2.0159971e-59
   1.3154455e-04   1.9572658e-03   3.4104761e-47   1.0717088e-27   1.3385985e-07   1.1386797e-04   2.6362910e-32   1.6235157e-22   1.2477339e-07   1.6221906e-44
   7.0816683e-05   2.1944627e-03   4.9652272e-45   1.0174315e-23   1.7584631e-09   1.3842320e-04   1.6227659e-30   1.7090633e-18   2.2549670e-09   2.4388747e-52
   7.1038668e-05   2.0034345e-03   5.6796549e-50   8.0136635e-26   7.4074630e-09   1.8947575e-04   1.4849965e-19   2.1987045e-19   4.8275710e-14   3.2845231e-54
   1.2927849e-04   2.3507153e-03   2.2581651e-47   3.1669776e-38   2.5444009e-15   1.3070739e-04   2.0017399e-25   1.5142382e-23   3.2238681e-09   1.5239064e-62
   1.6508540e-04   1.9468449e-03   1.0661185e-34   2.0581448e-20   8.6941569e-09   1.1623631e-04   2.2651672e-34   9.5626349e-06   7.1692666e-06   1.9738026e-50
   1.4278881e-04   2.0589336e-03   7.2041775e-39   1.4464488e-17   1.8156279e-06   1.5702348e-04   3.2325175e-29   4.9601750e-05   3.7876858e-08   5.5806766e-45
   1.0646131e-04   1.6676985e-03   1.2042447e-34   1.0491043e-29   4.2181337e-22   1.3365148e-04   1.6224187e-22   1.3169554e-14   5.4987257e-11   8.1283876e-41
   8.9221874e-05   1.9041327e-03   7.5793371e-36   1.9064712e-30   1.1075978e-14   1.5816661e-04   4.2231318e-27   3.8756394e-19   1.7534227e-16   1.3745552e-51
   9.5533540e-05   1.4598399e-03   2.1728714e-32   4.9775215e-17   9.1448623e-05   1.8989947e-04   3.1675568e-28   5.9117445e-10   3.9880384e-13   7.7753454e-63
   8.2994584e-05   1.3286228e-03   5.3503707e-30   2.9220138e-14   9.4042461e-05   1.7458751e-04   1.0798348e-28   3.7462262e-05   1.7806655e-15   2.2835258e-55
   6.9587717e-05   1.1964524e-03   8.7470086e-32   4.6999686e-19   1.7956068e-07   2.2289852e-04   1.5835439e-24   1.1672233e-04   5.3022760e-16   9.6359229e-44
   9.5715928e-05   8.5260421e-04   4.1811104e-31   1.5124488e-20   1.2150165e-04   1.5190630e-04   5.0504939e-18   8.7215753e-05   3.6560644e-09   3.3306040e-48
   9.9575906e-05   1.0634077e-03   9.0855992e-38   1.6804863e-16   5.2229916e-10   7.0128252e-05   1.4501395e-35   1.6338336e-04   5.5664429e-06   8.1691020e-52
   5.7796794e-05   1.2272289e-03   6.2935544e-38   3.2567436e-15   2.7024114e-23   5.7599142e-05   1.4387350e-35   6.1595579e-05   6.8202607e-06   2.0191222e-75
   4.5287982e-05   1.1855528e-03   4.9329495e-30   3.6789593e-23   8.2793907e-17   6.6619195e-05   5.7603342e-31   6.0663985e-09   1.7108717e-06   1.1725282e-60
   5.1716348e-05   1.4001457e-03   7.1058144e-34   1.8003903e-28   1.0053610e-12   5.3663906e-05   9.1754647e-42   1.6176998e-10   9.9750604e-07   5.9080179e-60
   6.4444582e-05   1.4576216e-03   3.1646052e-41   3.8325508e-27   6.1162773e-13   5.7255474e-05   7.0383416e-48   1.1209059e-06   5.5645118e-06   8.8243170e-57
   6.3935587e-05   1.0238694e-03   8.7135318e-41   2.2317187e-19   2.7267934e-14   5.4621514e-05   1.5358548e-34   1.5220508e-04   1.6457663e-05   6.0218762e-55
   4.8298541e-05   7.5132565e-04   2.2448546e-29   4.7808775e-14   2.8225421e-15   4.6500319e-05   8.4796352e-39   3.2048867e-04   1.5696709e-05   1.0559775e-55
   3.0303134e-05   7.7482879e-04   7.9574088e-25   5.4777663e-10   2.4684690e-05   4.3157512e-05   7.3640594e-26   1.9313849e-04   6.9723763e-06   3.0973135e-58
   2.3683420e-05   9.2297016e-04   2.2016505e-29   9.7807556e-13   4.5014975e-05   6.0866327e-05   2.0186861e-27   1.2127410e-05   4.2554822e-08   3.3147548e-65
   2.7742104e-05   1.1284612e-03   1.9951615e-40   2.1344117e-19   7.1242547e-23   5.4292021e-05   1.0722680e-49   2.5905971e-06   2.1306478e-06   2.6367906e-80
   2.6065262e-05   9.6464441e-04   7.5042535e-41   2.9056672e-21   2.6299818e-56   4.1624771e-05   8.9297565e-57   4.1539398e-07   3.6417056e-06   1.4794117e-72
   3.7641124e-05   9.9827141e-04   1.3079156e-44   5.6215825e-22   2.1180725e-48   2.6401886e-05   6.4454050e-62   6.4558391e-11   1.9872221e-06   2.2255939e-86
   3.7685263e-05   1.1625468e-03   2.1000456e-41   7.5637626e-31   2.4383175e-40   1.2954163e-05   4.6283859e-56   2.9645211e-22   3.8918260e-06   1.4331495e-68
   2.9819489e-05   1.0563611e-03   1.0685758e-35   2.9836216e-33   1.0739965e-47   1.2183692e-05   3.3418374e-46   2.0564546e-19   9.8127598e-06   2.3365073e-63
   1.4742243e-05   9.9368874e-04   9.0626026e-35   7.0518537e-30   1.4842273e-33   1.4266734e-16   2.9672528e-49   2.2064043e-18   2.2757536e-05   1.4855438e-69
   1.7109692e-05   7.4028710e-04   3.8102422e-21   3.0725417e-27   2.2196661e-20   6.4018206e-10   2.8424528e-30   5.6510006e-15   2.5019075e-05   6.5595827e-49
   1.9160436e-05   6.4889389e-04   6.5913815e-27   8.8490332e-23   3.0231588e-17   1.0191814e-05   5.8877655e-33   1.5551347e-08   1.2914894e-05   2.7352353e-46
   1.9965668e-05   5.0966547e-04   2.5054959e-19   8.7847853e-28   8.0699462e-27   1.6614876e-05   2.3237591e-39   6.2217279e-05   1.8199983e-05   2.3590528e-40
   1.9654755e-05   5.6364270e-04   5.0434385e-20   1.5007393e-22   7.9383748e-18   2.2472191e-05   6.4906248e-39   1.2481270e-04   2.3112606e-05   2.2017149e-49
   1.7324766e-05   4.9820425e-04   2.6908735e-12   1.5768138e-21   6.1739960e-08   2.1959578e-05   1.4136245e-29   8.4266854e-05   3.8577608e-05   1.9344736e-48
   1.5289648e-05   6.6341860e-04   8.9285496e-21   5.4231442e-27   3.3317517e-23   1.6294379e-05   9.8570469e-44   5.6442095e-10   4.9249032e-06   2.6401162e-66
   1.7100866e-05   6.9192453e-04   1.6107526e-24   1.0048191e-22   2.3788409e-39   1.7913739e-05   1.5405724e-47   2.0830274e-05   7.4795169e-06   5.3792063e-83
   1.6988798e-05   5.0184182e-04   2.2711945e-14   3.6803493e-23   5.8359090e-33   2.5655594e-05   4.5796875e-45   1.5979911e-04   4.9031015e-06   9.5454289e-59
   3.1384271e-05   3.8135226e-04   7.7239718e-07   6.5538437e-30   2.3218195e-24   2.8001508e-05   3.9515327e-47   1.7886185e-04   3.6699484e-06   9.1353556e-45
   3.0058401e-05   5.1068132e-04   1.3033313e-07   1.9050579e-29   1.6466070e-24   2.5426936e-05   3.9559883e-45   1.4628463e-04   9.1054417e-08   2.7556923e-48
   2.0780544e-05   4.8005860e-04   2.5526959e-10   1.1396139e-26   8.3618720e-19   2.3677951e-05   9.1439862e-41   1.7095247e-04   1.1854017e-09   1.0159743e-52
   2.3615844e-05   5.5955580e-04   2.7039395e-26   1.5549906e-27   8.4263035e-28   1.3532320e-05   6.7246084e-50   9.7343255e-05   8.0025742e-07   6.1935636e-69
   2.4409813e-05   4.3324952e-04   3.1298210e-22   1.3711688e-17   3.7336342e-29   1.4177244e-05   1.1576737e-47   1.5855468e-04   2.4206075e-06   1.0466544e-65
   2.5767349e-05   4.4962303e-04   9.6959229e-15   5.8603099e-16   5.7896964e-24   3.0413278e-05   5.4070103e-50   1.5575341e-04   3.3762844e-08   8.0612762e-61
   3.4517367e-05   6.0829310e-04   1.8681744e-24   5.3502120e-35   7.0733600e-20   2.5262098e-05   3.9847287e-59   7.1046461e-05   1.1365618e-06   9.6824816e-74
   4.0179747e-05   5.3180916e-04   8.4128787e-38   7.1789932e-44   1.3796433e-34   2.4329964e-05   6.3703064e-58   4.1751720e-05   1.3422873e-05   1.1990992e-82
