   1.9331000e-01   1.6286108e-02   3.6913216e-03   1.5401739e-02   1.9011230e-09   6.3374289e-03   2.0992743e-09   2.1363507e-36   1.0399480e-02   1.4025473e-47
   1.5692862e-01   5.0379128e-10   4.8987004e-06   8.3008694e-03   1.2583349e-03   5.4403743e-03   7.1724483e-04   8.1936010e-24   7.6762490e-03   1.7750218e-29
   1.0527329e-01   2.1828340e-23   2.2310486e-03   6.3132456e-04   6.6499743e-04   3.1041621e-03   2.4819224e-03   4.1219104e-13   3.9522565e-03   8.1299229e-09
   8.6154565e-02   1.8138687e-38   1.7572345e-04   3.4098345e-04   1.5456639e-03   2.0853514e-03   3.0820426e-03   4.3320072e-23   4.1915486e-03   4.3866473e-02
   6.1432821e-02   1.5843300e-38   2.8479519e-03   1.5846859e-05   1.8595001e-03   1.6284990e-03   9.0001073e-04   3.5487911e-29   3.2760202e-03   3.1063853e-02
   3.6041910e-02   1.4746143e-32   2.6375567e-19   1.4670903e-03   3.7330185e-03   1.1269261e-03   1.7162416e-10   4.9474485e-37   3.1022138e-03   3.8326871e-08
   5.9613456e-02   2.0213193e-07   4.3166801e-06   1.5170388e-03   1.9760707e-03   1.5457258e-03   1.2293174e-04   4.0476561e-35   2.8857505e-03   1.3986491e-26
   4.6999390e-02   3.4866405e-16   2.4703560e-17   1.2530539e-03   5.6231037e-04   1.5874625e-03   1.7148271e-03   1.2142659e-30   1.8206935e-03   3.3577393e-34
   1.4882034e-02   3.7322589e-09   1.1019995e-02   3.1914558e-04   5.4241039e-03   1.2542440e-03   1.7586718e-03   1.3665573e-23   1.0713454e-03   1.0437412e-30
   2.4719651e-02   2.1200257e-31   8.6685863e-02   5.9862301e-03   9.0545503e-03   1.4300974e-03   1.0529202e-07   8.9631993e-33   1.6000651e-03   1.0076013e-17
   1.7537053e-02   2.8266567e-26   5.3420515e-01   2.8915554e-02   3.8347427e-03   3.5832044e-03   1.1203544e-13   2.5067834e-40   2.4704660e-03   7.5961024e-10
   2.1567217e-09   6.7411469e-28   1.7183381e-01   3.0320878e-01   4.6610034e-06   1.4371134e-02   8.5294731e-13   1.1029156e-54   2.4003314e-03   5.2643874e-11
   1.5067064e-19   1.5057938e-41   5.1072155e-10   3.4152789e-01   4.8989329e-19   1.3750400e-01   4.3089821e-10   1.4603414e-16   1.1558490e-03   6.8756678e-29
   2.3909377e-27   2.6449314e-07   5.8568827e-34   6.4105891e-15   1.6605898e-17   2.9207239e-01   6.1122076e-10   3.8668700e-14   3.1048969e-04   3.5649270e-30
   1.2376643e-47   5.2537045e-01   1.2214667e-61   2.7587304e-64   4.3276006e-07   1.6684644e-01   2.8603841e-20   7.5189954e-14   2.7108523e-06   1.5955939e-20
   9.1298584e-16   2.7907017e-01   4.9642132e-11   8.0753117e-28   3.8870607e-02   3.4727610e-02   1.0770754e-13   3.6554756e-66   9.5364911e-04   8.9247325e-05
   2.7115184e-02   8.9579776e-11   1.3373251e-02   4.4399666e-08   2.5938710e-02   1.0748179e-02   2.3885496e-03   1.2996421e-60   1.1590503e-03   5.5952988e-15
   1.5115550e-02   6.1024903e-46   9.0129860e-03   5.3920664e-06   1.5446636e-02   5.3307083e-03   2.6069942e-03   2.5845832e-51   8.7503003e-04   2.3147016e-07
   7.1334084e-03   4.4587743e-24   1.3926425e-04   9.2294957e-11   1.2564898e-02   3.8698769e-03   1.2904898e-03   2.1035594e-44   9.8410128e-04   1.3400240e-13
   5.6601739e-03   4.8919608e-50   6.4269270e-03   2.5280289e-04   7.7192691e-03   2.1293628e-03   2.0130064e-03   1.6385960e-45   1.0400998e-03   2.7434766e-08
   4.6148180e-03   3.7578831e-54   1.0930790e-02   7.1379764e-10   3.6830981e-03   1.5827164e-03   1.9927083e-03   1.1990080e-48   1.3124364e-03   1.0485974e-02
   3.8925068e-03   1.0346895e-46   3.7430840e-02   2.4969410e-10   6.1284881e-03   1.3563382e-03   2.5062846e-03   4.0202489e-55   1.2985980e-03   7.0104639e-05
   4.7357040e-03   5.0820711e-38   6.5670195e-02   2.8623308e-03   1.4083761e-02   1.1783893e-03   3.4607662e-03   2.4378316e-35   1.7918905e-03   3.7390919e-14
   7.3755455e-05   1.0519528e-65   2.0308954e-09   1.7116039e-02   4.5826645e-02   1.4348518e-03   7.1193780e-03   1.5714422e-38   1.7523100e-03   2.7614658e-21
   4.6615631e-17   1.3193158e-84   2.4649916e-35   1.3025507e-02   5.4740452e-02   4.4311152e-03   1.5476994e-02   6.0965062e-58   1.4436842e-03   2.8599544e-29
   8.4988438e-03   4.4549915e-79   6.3591205e-48   4.4735029e-24   6.7885209e-02   1.5453921e-02   1.0781670e-02   1.2340352e-03   1.0446487e-03   6.7227902e-31
   1.3864874e-02   1.9539947e-36   1.8023564e-68   3.3040685e-43   8.6309501e-02   1.9459286e-02   2.9955758e-06   3.3272027e-02   1.0678551e-03   3.5010476e-36
   2.6881444e-28   3.8133924e-14   3.2214433e-54   9.5356053e-40   1.0554634e-01   1.4294484e-02   7.6855502e-10   3.8628032e-04   6.9120578e-04   4.1720518e-27
   4.0586090e-29   1.0277788e-12   3.8345779e-33   4.4072771e-20   1.1374912e-01   5.7435633e-03   4.7517798e-05   1.1807601e-44   1.0852830e-03   9.0364983e-12
   1.2291881e-20   8.7123903e-31   7.1222829e-26   1.7129958e-09   9.2736286e-02   2.7092509e-03   1.3550126e-03   5.2626511e-38   1.4001977e-03   1.0382789e-22
   3.8176659e-26   1.9268819e-26   3.6648916e-24   1.6790055e-10   4.9511061e-02   1.4016152e-03   2.0678414e-03   9.6372008e-36   2.1836905e-03   4.8923945e-38
   1.1619836e-15   1.1401913e-61   1.2973303e-29   1.8450509e-22   3.9534723e-02   1.1721647e-03   2.9354867e-03   4.4694009e-19   2.2181576e-03   4.9449635e-51
   2.8967895e-03   9.5746362e-27   1.9134203e-20   1.9051258e-17   2.4368885e-02   9.4841186e-04   3.0634101e-03   1.8832283e-15   2.6278793e-03   1.3213378e-34
   2.5043454e-13   7.6181006e-18   4.6868031e-04   9.8886109e-15   9.7722079e-03   7.3510777e-04   2.6290428e-03   4.4195416e-25   2.9473251e-03   1.6753938e-08
   9.1996802e-12   2.4342920e-35   6.1978374e-11   1.3375552e-03   8.9651779e-03   6.2139352e-04   2.6244537e-03   1.9620402e-35   2.6727497e-03   1.0520050e-21
   1.0584898e-12   2.8424052e-35   3.0182306e-19   3.4191045e-03   9.7508957e-03   9.2340213e-04   4.6144888e-03   1.2957530e-48   2.5994719e-03   1.3267363e-05
   2.9380904e-13   4.1641535e-62   1.1928450e-25   1.8588969e-03   1.0277926e-02   1.0836417e-03   7.9035817e-03   2.8586565e-36   1.7349992e-03   2.0143617e-02
   1.6898164e-15   1.5158552e-67   1.7784656e-43   7.5814706e-10   1.2048168e-02   2.0326114e-03   7.7342863e-03   2.1739569e-22   1.2810348e-03   1.0546586e-09
   3.5469681e-03  1.9609926e-100   9.0503178e-38   3.5019999e-17   6.0507954e-03   2.9141972e-03   6.4899797e-03   3.7925602e-02   1.2646036e-03   6.0286205e-08
   3.7959110e-03   4.2059083e-56   5.7579743e-34   4.3694480e-20   7.3363148e-04   3.0670594e-03   5.7185787e-03   6.3935603e-02   1.0199171e-03   1.7945122e-24
   8.4209448e-08   4.2880537e-29   4.1678561e-44   5.1935453e-31   1.3295563e-04   2.1581318e-03   6.4794761e-03   3.0876405e-02   8.0142380e-04   8.7923220e-03
   4.0256331e-07   3.5473718e-03   2.1452068e-41   3.9241913e-14   3.5295175e-03   1.4656378e-03   6.1559363e-03   8.2437273e-05   8.2390053e-04   3.4278679e-02
   3.2399194e-04   8.9747638e-04   6.8359517e-26   1.5280608e-16   2.5664271e-03   9.6946927e-04   6.2236354e-03   7.9317381e-05   7.2435568e-04   2.1625075e-02
   5.3503416e-04   3.0960465e-45   4.7037519e-22   1.4017026e-05   1.7303885e-03   5.0868353e-04   6.9215949e-03   5.4417180e-04   7.2597382e-04   2.0669359e-07
   3.9097555e-03   2.5470089e-61   4.5614791e-17   6.8340527e-08   4.5990598e-04   4.8048319e-04   7.3003203e-03   2.6902397e-03   7.5716607e-04   1.0716244e-36
   6.7888412e-03   1.6823116e-39   2.3331387e-03   4.6295264e-04   2.3245513e-09   5.2909969e-04   8.0344753e-03   2.0614822e-05   7.1387002e-04   7.3988444e-28
   7.5582828e-04   6.9863991e-36   7.4253646e-29   4.5357943e-03   1.8430456e-07   3.2620862e-04   9.3470898e-03   8.6613757e-22   5.2741081e-04   2.1551514e-17
   1.8128850e-08   1.1906857e-31   5.7446493e-48   1.0716378e-02   1.0917103e-06   3.1708249e-04   9.2877850e-03   2.0443281e-26   4.3887359e-04   3.3686040e-13
   5.0985216e-04   1.4040009e-49   5.4067134e-45   8.0310842e-03   3.1860650e-06   3.5036783e-04   9.4237066e-03   5.2596475e-32   2.0856824e-04   1.9948297e-03
   1.7464949e-03   5.4085291e-69   2.5310552e-40   2.0021990e-03   7.7878066e-11   5.9350639e-04   7.4051143e-03   1.4957040e-07   1.9339509e-04   8.5445838e-18
   1.9415136e-03   3.5412069e-77   8.8765150e-11   1.7689035e-05   4.9918237e-15   1.2151063e-03   7.4729724e-03   8.1040401e-04   3.8942694e-04   5.7002141e-30
   1.0619060e-03   1.4184264e-93   1.8667346e-12   1.2147654e-05   8.9479992e-23   1.7295439e-03   6.3965803e-03   5.5171206e-02   4.6309634e-04   6.1176522e-28
   3.7278114e-10   1.5909739e-86   2.2292177e-16   3.2331004e-08   1.7186917e-24   2.4607493e-03   4.5499892e-03   1.0080388e-01   3.6934401e-04   1.1379688e-28
   1.1862330e-07   1.1084628e-58   2.3111706e-18   4.1454969e-11   2.7722596e-19   2.9231592e-03   3.9423923e-03   5.1566113e-02   3.7623301e-04   1.4241741e-13
   1.7900043e-03   2.5688751e-22   1.6405892e-13   2.8022622e-06   6.3006969e-14   2.3631223e-03   2.7860056e-03   4.3643179e-07   3.9559255e-04   3.5058779e-06
   1.2094046e-03   1.0271716e-03   6.5191525e-03   6.8490860e-04   7.4260322e-06   1.0782326e-03   3.4631140e-03   5.6673123e-40   3.8072034e-04   3.0770590e-03
   1.6454404e-03   2.0282725e-13   1.8955234e-02   1.2390478e-03   2.3904676e-05   6.6230418e-04   3.2785608e-03   8.9848083e-19   3.0728948e-04   7.2728336e-26
   3.5147410e-03   1.8841881e-38   9.4040560e-04   4.1659484e-03   2.1673713e-10   7.3123326e-04   2.4680541e-03   4.0730841e-10   3.9376840e-04   1.5446239e-46
   2.1419744e-03   3.5182413e-23   1.9617437e-36   1.2754011e-02   1.2486041e-16   6.2740066e-04   2.3744819e-03   2.3354587e-13   4.7642391e-04   8.1785980e-53
   1.6800795e-06   4.8045561e-31   5.5184973e-61   1.8140616e-02   1.0271225e-17   5.4954782e-04   4.0225244e-03   4.1908188e-30   3.5495106e-04   1.7653334e-51
   2.6884770e-04   2.9690017e-43   2.3739096e-49   1.1817060e-02   2.1879000e-11   4.6189863e-04   5.6195027e-03   4.1052542e-43   3.1628914e-04   6.9426768e-22
   1.8498814e-03   2.6014854e-51   1.9722838e-32   5.0335168e-03   2.1290511e-09   4.4239888e-04   5.9068662e-03   1.3196944e-46   2.9603351e-04   3.1170465e-21
   1.2705041e-03   5.8839372e-53   7.3100789e-31   3.1128730e-03   2.4837358e-04   4.3939030e-04   5.0012831e-03   6.6086424e-35   3.2648493e-04   2.6463110e-23
   1.6420207e-03   1.3886361e-52   4.6893999e-16   9.7257928e-04   2.3761089e-10   6.4809874e-04   4.9693617e-03   1.7406825e-05   3.6898784e-04   1.2077943e-42
   1.6096084e-03   3.7605161e-73   6.8797885e-08   8.5139173e-04   8.7960019e-16   7.8390036e-04   5.1380089e-03   2.5896970e-02   5.5391395e-04   1.2643377e-66
   1.8976108e-04   9.4956613e-58   7.4562663e-17   3.8999623e-04   2.0078632e-14   1.2949910e-03   5.9554618e-03   5.1961087e-02   5.5732633e-04   3.2743115e-45
   4.5758684e-04   2.1642880e-31   9.9320199e-11   1.3077120e-05   4.3564557e-09   1.5801786e-03   5.2050322e-03   2.7411098e-02   7.0880842e-04   1.3376887e-33
   4.1615973e-04   5.3414082e-04   2.7230760e-05   6.1993428e-04   4.0111011e-07   1.3346020e-03   5.7329205e-03   1.2676102e-06   6.1902240e-04   1.0705802e-11
   4.6067853e-04   5.3737330e-03   8.6497782e-09   3.1750890e-03   5.5675123e-08   1.0631789e-03   4.4688713e-03   2.8922897e-13   6.6857181e-04   2.6358749e-05
   1.6929887e-03   3.4960557e-03   8.5105864e-08   3.8853147e-03   5.1180385e-09   5.1327600e-04   4.5555263e-03   1.4214659e-03   6.2122513e-04   3.1848329e-10
   1.4317524e-03   1.2053902e-07   3.3480997e-31   5.9376499e-03   2.0260870e-16   2.3334503e-04   5.3557145e-03   2.4126110e-10   6.7654440e-04   6.2749040e-46
   3.1647664e-04   6.4069939e-46   4.3461734e-44   5.1898436e-03   7.7934960e-19   2.3411714e-04   7.6906500e-03   1.3349504e-09   5.9094174e-04   2.3664225e-45
   3.2264545e-08   1.5093866e-47   9.6731698e-33   2.3176279e-03   1.6972385e-12   2.6798799e-04   1.0241420e-02   1.0019496e-14   5.6352217e-04   6.8445801e-34
   1.5064603e-05   4.3907769e-29   3.7391269e-24   1.8605665e-03   2.8494919e-08   2.4638055e-04   9.2319363e-03   2.3835873e-38   7.2064565e-04   1.7527878e-31
   7.3987392e-04   9.5908380e-22   4.5616831e-15   7.7635053e-04   2.9350354e-09   2.0834760e-04   9.2517464e-03   1.5116068e-33   8.4289702e-04   3.4827616e-24
   2.1497960e-04   2.5397084e-35   1.0778079e-14   4.8365083e-04   3.6208199e-08   2.6900104e-04   1.0322324e-02   1.1783831e-11   9.8252668e-04   7.9056384e-26
   9.0568184e-08   1.7133567e-33   2.8530804e-18   5.0000188e-04   2.3241321e-08   4.5022766e-04   1.1311206e-02   1.4053846e-09   1.0099626e-03   5.4587705e-29
   5.9788761e-09   1.6796833e-50   6.9225129e-20   1.7402218e-04   7.0624950e-15   6.6860054e-04   9.9996037e-03   2.5342241e-02   1.0830023e-03   9.9055529e-44
   6.0296133e-12   9.3626769e-42   2.4312904e-27   2.5385382e-06   4.5062014e-18   1.2661242e-03   8.9222504e-03   5.8493579e-02   8.5518629e-04   7.9825965e-54
   1.7573688e-16   1.4563271e-32   1.2436773e-31   2.1634469e-14   3.6244365e-13   1.7081560e-03   7.6899223e-03   3.6601808e-02   8.0255993e-04   6.1539873e-23
   3.9224762e-15   2.5282817e-11   1.1417032e-03   2.4534608e-04   2.8980695e-10   1.8864643e-03   7.6909543e-03   9.5721928e-04   8.1113073e-04   1.4039119e-03
   8.6385730e-17   6.0829134e-03   3.5437027e-10   6.2487783e-04   7.0845122e-06   1.4984597e-03   7.4559590e-03   1.3043269e-11   8.9101628e-04   1.1147041e-02
   7.4589394e-11   1.1751785e-02   9.3600132e-36   1.8058736e-03   4.4536730e-05   8.2002638e-04   9.4045403e-03   4.0762730e-18   6.6059333e-04   8.0949010e-03
   5.2690709e-06   9.1395210e-03   7.7254151e-39   1.8211082e-03   1.8867173e-05   3.9320581e-04   1.2761745e-02   3.6128582e-32   6.3804093e-04   8.2784122e-08
   4.0184378e-07   2.9104886e-03   9.7845407e-32   2.3489221e-04   2.6707155e-13   3.2467558e-04   1.5536934e-02   7.4308299e-20   6.0703786e-04   1.2320849e-16
   3.3845468e-11   3.6464964e-11   1.0279707e-26   2.4747568e-04   1.2560293e-07   3.1495740e-04   1.4865957e-02   5.8541180e-38   6.7550595e-04   8.8865561e-30
   1.9786693e-09   1.7421437e-31   5.5174093e-28   1.8374725e-05   8.1244404e-06   4.0120559e-04   1.5390771e-02   1.6036152e-26   5.2788083e-04   3.4751605e-43
   3.2021967e-12   4.2309943e-39   5.3551367e-25   3.4307311e-11   1.4187420e-13   5.1509169e-04   1.6212859e-02   8.0676465e-10   5.1893978e-04   1.7974322e-26
   2.9419099e-17   2.2263053e-36   1.8513288e-23   3.2212732e-14   7.0928355e-17   5.3798991e-04   1.7279917e-02   1.1769841e-05   6.3969416e-04   5.5771669e-22
   3.6102129e-18   5.8707888e-35   4.6879522e-11   4.0299670e-09   3.9245904e-17   5.2190462e-04   1.6401002e-02   2.4162084e-12   8.1011746e-04   5.6280578e-28
   3.5054322e-22   5.9822564e-79   6.8577852e-18   2.9470741e-04   1.0716148e-18   7.8215008e-04   1.4913269e-02   1.9948088e-02   9.4803053e-04   2.8002288e-27
   1.3345655e-22   6.8857605e-65   8.5320189e-22   7.5176964e-04   1.9021708e-18   1.2794494e-03   1.6059503e-02   4.7880664e-02   7.4832470e-04   8.7563816e-21
   3.4871133e-22   1.2409750e-46   2.5545068e-27   1.6679550e-03   1.1851441e-29   1.7184992e-03   1.4663778e-02   3.1963387e-02   7.5599839e-04   5.6122073e-21
   2.0561204e-20   7.8071438e-27   1.4894230e-23   1.1977146e-03   1.1057739e-18   2.1343930e-03   1.3962223e-02   1.0278470e-14   9.9212934e-04   3.2474855e-09
   5.3374615e-22   1.9439807e-12   2.4337311e-17   6.1789126e-07   3.4107007e-08   1.9457446e-03   1.5236292e-02   1.0051677e-17   7.7004475e-04   1.2297045e-03
   2.7726425e-17   6.8960804e-03   1.2098589e-29   4.7682807e-06   2.5283512e-05   1.4285348e-03   1.6314016e-02   1.6360675e-27   7.0951227e-04   4.3164802e-03
   1.1024332e-11   9.1384423e-03   6.0639405e-38   1.7901835e-04   1.9381785e-05   1.1121792e-03   1.6887379e-02   7.6948946e-32   8.0071148e-04   4.6099856e-10
   1.4397686e-22   7.7085793e-03   1.5306276e-28   5.3625965e-04   5.2236135e-10   9.2516156e-04   1.7100005e-02   1.1945707e-16   7.4533583e-04   2.1700978e-34
   2.0153761e-18   3.7924995e-03   4.4571349e-37   9.8254249e-04   1.8194802e-11   1.0724127e-03   1.7539068e-02   8.1206826e-21   7.5414774e-04   8.8493424e-26
   7.5250154e-17   1.7011578e-24   2.2171028e-29   7.6705143e-04   1.7263584e-09   1.0530445e-03   1.7414701e-02   3.0883256e-17   7.2654743e-04   1.2145143e-33
   3.6787708e-11   6.9316770e-52   6.3398532e-37   3.1121884e-03   9.2793019e-12   7.4618398e-04   1.5258448e-02   1.8220555e-12   4.9958454e-04   1.5507996e-20
   3.2805959e-12   1.8301659e-39   4.0316408e-32   1.9701362e-03   1.0327400e-14   9.2857028e-04   1.6093878e-02   2.4023877e-11   5.9973217e-04   4.6462743e-20
   7.3328575e-08   1.1802639e-41   1.6730207e-40   2.0409473e-03   2.7168053e-16   1.3442277e-03   1.6268126e-02   4.6090259e-18   5.7196814e-04   8.9319113e-36
   3.5718447e-08   3.5005641e-65   2.4061998e-27   2.4496903e-03   1.5122375e-18   1.7488229e-03   1.5049272e-02   2.3653936e-02   4.2733195e-04   1.7540055e-43
   2.2729041e-13   8.1333175e-44   3.9069377e-08   1.4235146e-03   3.2099816e-21   2.2264485e-03   1.1741324e-02   7.5961697e-02   5.7635191e-04   5.9146704e-27
   1.6492788e-09   5.9141232e-70   1.3780480e-35   4.0516822e-03   1.0638104e-20   2.5486209e-03   1.3053490e-02   5.9723462e-02   5.4936218e-04   1.7830210e-33
   5.6412754e-09   3.5000855e-44   2.4706307e-40   3.3496180e-03   8.2981569e-16   3.5183541e-03   1.2395428e-02   9.4571499e-15   4.4605124e-04   8.3591541e-12
   1.0002355e-12   9.2207494e-18   1.0063454e-36   1.5134944e-03   1.5095041e-09   3.1763725e-03   1.0386832e-02   1.3438638e-44   6.9861935e-04   1.7085585e-02
   1.2195130e-11   1.8821790e-06   2.1491754e-43   3.4807985e-04   1.0477194e-06   2.6350500e-03   1.0979412e-02   1.7550094e-53   1.3066017e-03   3.0249012e-02
   1.9295072e-07   1.0712823e-02   4.3204532e-32   4.8795340e-06   1.8409269e-04   2.0789974e-03   9.1358988e-03   8.6388441e-36   1.6439667e-03   4.0735410e-03
   3.9382201e-10   1.8638838e-02   5.2144433e-30   6.6792836e-06   1.2626150e-05   1.3899981e-03   6.1359143e-03   2.3723404e-16   1.7769530e-03   1.1712077e-08
   1.9830156e-09   1.1555589e-02   3.8062779e-17   1.3926719e-06   1.5882392e-03   9.8798638e-04   7.1599741e-03   3.4160930e-35   1.8759986e-03   2.9916699e-07
   5.1293443e-05   3.6348252e-13   2.4761268e-20   1.2684797e-09   8.4184444e-04   1.2159658e-03   5.7776655e-03   4.7136202e-41   1.9888741e-03   6.7645729e-12
   3.2274797e-11   2.5083047e-40   5.5619784e-31   9.2379684e-11   3.0522567e-05   1.2125524e-03   5.8078531e-03   4.4293653e-27   2.5757138e-03   2.8024579e-09
   8.7366657e-16   1.8880585e-67   7.8577269e-24   1.9620801e-05   2.1733916e-04   1.0869701e-03   5.4203811e-03   2.9980905e-19   2.9534600e-03   1.2022086e-06
   1.5903346e-16   1.5942325e-69   1.3104705e-13   1.7876405e-04   3.3928797e-07   1.0029523e-03   5.0816607e-03   1.3555789e-05   2.6002716e-03   2.0243921e-35
   3.2700812e-17   4.7736747e-70   2.5946156e-28   1.7977275e-04   1.1393716e-05   1.2905873e-03   6.3403249e-03   1.7376877e-03   2.0827438e-03   2.2940500e-04
   5.8743005e-23   3.1888384e-58   3.8470281e-53   9.7680736e-06   1.3093113e-11   2.2320005e-03   6.8867983e-03   1.3088257e-02   2.0888317e-03   1.9064916e-06
   2.4962504e-26   7.7597418e-62   2.2957581e-38   1.7604909e-06   7.8890140e-10   2.3175330e-03   6.0223169e-03   9.1206839e-03   2.4838104e-03   4.3355609e-03
   3.6264299e-19   1.6052904e-51   2.3377683e-34   1.5159198e-09   6.5068953e-09   1.4818695e-03   4.4807113e-03   1.0043519e-20   2.3720056e-03   8.3970028e-02
   2.9579029e-25   1.9744678e-46   1.5659830e-41   5.2730547e-11   5.3160369e-04   1.2922048e-03   4.1913123e-03   7.0711460e-50   2.5077036e-03   1.8547637e-01
   7.4109414e-24   3.3807588e-39   7.4000594e-40   2.6199522e-08   1.1942664e-03   1.1112421e-03   2.4481298e-03   2.1190415e-41   2.4905839e-03   2.1175526e-01
   1.4055676e-20   3.0317667e-51   6.9676927e-46   2.2635986e-07   2.8827014e-03   1.1743474e-03   2.5098206e-03   1.1963544e-33   2.0927207e-03   1.4166511e-01
   3.5892198e-28   6.4468097e-49   4.3860695e-45   1.9833883e-12   3.9857475e-03   7.5752551e-04   2.7256192e-03   1.5223593e-26   1.9355444e-03   7.3830229e-02
   5.0275135e-26   2.2900237e-36   1.0158506e-31   8.2954237e-08   3.9149645e-03   1.0311773e-03   1.7625019e-03   4.4311334e-33   2.2796173e-03   1.3777491e-02
   1.1673325e-25   1.2303543e-41   1.6786815e-22   1.3560160e-04   9.2520062e-04   8.2606945e-04   8.1147778e-06   5.0266090e-17   2.7054550e-03   9.8806268e-03
   1.8113149e-19   3.2901255e-65   4.7809318e-19   2.8142461e-04   1.7453095e-06   8.0875622e-04   5.5778287e-04   1.0086027e-15   2.2702565e-03   2.3836849e-16
   3.1524856e-17   1.7852821e-53   3.0121680e-21   2.1443845e-14   1.0192563e-04   7.1815392e-04   3.5683309e-06   2.3239653e-22   2.1781953e-03   1.1621344e-28
   7.0537596e-08   9.6626247e-50   3.8923440e-27   7.7485490e-05   1.4025874e-03   5.9906020e-04   1.0161758e-03   5.8215546e-09   1.6891123e-03   4.7933600e-04
   3.2543622e-16   3.3766552e-57   1.3610669e-22   4.0269477e-05   6.0925592e-07   5.2624853e-04   1.1899826e-03   1.5933218e-07   2.0040740e-03   6.7571897e-03
   9.0766232e-19   1.1030003e-69   2.2428069e-33   1.6485503e-15   8.3575525e-05   8.2841333e-04   7.8900034e-04   6.1635174e-03   1.9058562e-03   5.3014835e-28
   7.6173438e-17   8.6065778e-61   3.6884109e-35   1.5002711e-13   6.4432969e-05   1.2343968e-03   5.2135366e-04   4.2919459e-03   1.5845482e-03   5.2564678e-30
   3.0588897e-13   6.0132425e-70   5.8599771e-27   2.3949107e-08   5.8136683e-08   1.0434745e-03   1.0278883e-03   6.2856066e-23   1.2312260e-03   9.3732931e-19
   1.9318474e-14   5.8928717e-33   5.2649439e-27   4.2940832e-04   4.6671593e-07   7.1760728e-04   1.9775241e-06   5.2946916e-67   1.5552516e-03   4.9487168e-13
   2.9973792e-08   5.5353395e-16   2.5686486e-22   6.1790861e-04   1.2159116e-05   7.4910184e-04   2.6344157e-05   1.4016755e-25   1.7206994e-03   8.2050609e-19
   3.2059828e-09   6.3152235e-06   2.0906497e-16   3.4613863e-04   1.8732890e-05   7.2408997e-04   2.5963955e-06   4.2708242e-16   1.7336530e-03   8.4156725e-19
   3.3210719e-13   1.9809683e-04   1.2932214e-24   2.0339565e-11   9.4794847e-05   6.3482064e-04   3.1627009e-06   7.0754309e-11   1.8659217e-03   5.1214391e-22
   4.1295353e-21   3.5838565e-03   1.4721308e-07   1.8606383e-14   2.3655793e-03   5.5612082e-04   2.1471166e-05   7.5502068e-10   1.9897839e-03   9.5962190e-27
   6.4623991e-24   2.5246798e-03   6.5566264e-05   2.2570288e-05   8.4800176e-04   4.7593544e-04   2.4771092e-05   7.4492964e-18   1.9914121e-03   2.5795752e-35
   2.7282266e-22   6.1210136e-11   9.9500837e-14   3.9013068e-04   9.6109219e-04   4.1221503e-04   5.4157288e-04   4.5612334e-18   1.6945385e-03   1.7250064e-46
   1.0341429e-16   4.1168063e-38   2.1969055e-17   6.0738475e-10   4.4784729e-06   3.0323674e-04   1.7050348e-03   1.6598217e-16   1.4787522e-03   5.8396765e-39
   2.2895250e-16   1.2947759e-24   2.1986080e-31   1.8111829e-09   8.9065170e-14   2.7389316e-04   2.1797602e-03   2.8789861e-13   1.5251587e-03   2.7494669e-25
   3.3627058e-16   1.7497723e-34   7.4092025e-22   2.6664444e-08   9.0104892e-16   4.9574526e-04   2.0893557e-03   1.2541215e-03   1.4472094e-03   2.5315391e-22
   5.1397393e-13   1.5728277e-60   3.0927841e-14   2.5980830e-09   2.5289944e-13   7.4144087e-04   1.7557239e-03   4.5870479e-03   1.1999373e-03   1.0572094e-19
   3.1929134e-17   3.4209834e-56   4.6291734e-19   1.7716363e-14   1.4734323e-08   7.8477701e-04   1.7139913e-03   4.2042766e-03   1.3046592e-03   4.7745794e-20
   1.5484661e-17   3.6058067e-38   1.7095221e-14   2.9587932e-13   1.1161841e-12   7.7153677e-04   1.4689039e-03   1.1386743e-12   1.4649685e-03   2.3675811e-34
   2.3394477e-11   1.4637639e-19   6.6392397e-12   1.5007507e-10   1.5770138e-14   6.1334490e-04   1.4195399e-03   8.2438985e-18   1.4408410e-03   1.1991098e-40
   3.2750439e-07   3.9829729e-35   2.2999080e-10   7.5748733e-05   2.9789457e-14   9.2160340e-04   1.3464869e-03   2.7400642e-16   1.2833061e-03   4.2033632e-23
   3.7671084e-07   3.3113106e-21   2.5180762e-24   6.6192439e-07   2.9728083e-11   1.1451213e-03   1.5775185e-03   1.0183531e-22   1.1152470e-03   6.3764602e-13
   1.7693860e-04   1.3191801e-09   4.9906154e-06   1.3141597e-04   6.2840023e-05   9.7986677e-04   2.7128454e-03   4.7310431e-27   1.0142449e-03   4.6323955e-16
   3.6010845e-09   7.6566227e-04   6.2296686e-07   3.3063199e-04   3.6391953e-06   8.6395218e-04   2.7660059e-03   3.3605644e-28   1.0956281e-03   3.7451407e-42
   1.2787048e-08   1.8306444e-07   1.2792068e-16   3.6057404e-04   3.6488271e-04   8.7392001e-04   2.6158277e-03   2.0507086e-33   1.3000083e-03   2.5685552e-53
   5.8423278e-13   4.9923589e-15   1.4797303e-10   5.3879962e-04   8.9860537e-05   7.8531531e-04   2.5084823e-03   1.6225386e-45   1.3904490e-03   3.9491715e-40
   2.5550681e-08   1.8968948e-25   9.8611508e-15   9.7163094e-04   5.4384953e-08   7.3756243e-04   2.6493741e-03   5.9377208e-34   1.5507088e-03   6.9518968e-28
   2.0337381e-06   8.3932650e-34   5.3268376e-23   6.7394117e-04   5.7942279e-08   8.7430818e-04   2.9612011e-03   1.4134070e-24   1.3950844e-03   3.4200921e-24
   3.3939990e-13   4.3578274e-43   3.6237507e-27   5.3302073e-04   2.7910655e-17   1.3824217e-03   2.7531357e-03   2.8604539e-03   1.3775652e-03   2.3862511e-30
   4.2272793e-10   2.8105227e-56   2.7864897e-22   1.2442036e-03   4.5503810e-13   1.7841202e-03   2.2361432e-03   1.1634838e-02   1.1373963e-03   1.9465369e-37
   1.6561925e-08   2.5229211e-62   2.0492338e-29   1.1505977e-03   2.2059867e-14   1.9413165e-03   2.4579990e-03   7.2086776e-03   1.1175488e-03   1.2502839e-41
   3.5251505e-10   3.9930066e-54   3.7318790e-24   1.1773209e-03   3.3772208e-10   1.7860667e-03   2.7767347e-03   1.4250880e-15   1.4646002e-03   1.8284700e-37
   4.6528282e-12   2.6148037e-45   3.4032774e-18   1.0373809e-03   2.3041061e-17   1.6464324e-03   3.6208390e-03   4.5410666e-12   1.4745371e-03   4.1109613e-53
   7.4382122e-15   1.1746517e-23   2.6398520e-12   1.2412715e-03   3.0362587e-15   2.0020877e-03   3.2262792e-03   7.0018364e-21   1.2877660e-03   3.0331096e-47
   1.0458458e-13   3.5766349e-16   6.6254524e-05   1.6932371e-03   3.3133346e-05   2.2902142e-03   2.5978140e-03   1.2688449e-37   1.5816042e-03   3.0783701e-41
   6.2376047e-08   2.4043128e-08   4.3730618e-08   1.2760918e-03   3.7808013e-03   2.1091953e-03   2.8837178e-03   5.0492124e-45   1.3326466e-03   3.2859536e-47
   3.7668927e-11   4.6133758e-16   2.4865419e-31   1.3024027e-03   7.3462565e-09   1.8938697e-03   3.3201977e-03   2.0551586e-14   1.2944802e-03   3.3061193e-54
   2.0426219e-12   3.0328640e-03   9.4147176e-17   1.2310204e-03   3.1476186e-03   1.7902787e-03   2.3590889e-03   1.6086965e-34   1.4337222e-03   3.3779021e-42
   2.7449114e-10   4.5939726e-03   3.6325865e-16   9.7395404e-04   7.8274677e-05   1.5938282e-03   4.0761562e-03   9.8620952e-36   1.2749222e-03   3.8448926e-19
   1.5172604e-09   1.6114918e-11   1.8003768e-14   1.4827963e-03   4.3222753e-10   1.4421535e-03   3.6833822e-03   9.6379594e-16   1.3432945e-03   1.2636908e-19
   9.7085854e-12   5.0780331e-51   2.9890966e-32   1.0904543e-03   2.7133610e-10   1.8273932e-03   3.5485130e-03   5.8812009e-04   1.8429736e-03   5.3901074e-31
   1.1919000e-14   4.5289618e-56   2.9260990e-22   1.8548961e-03   2.1031858e-06   2.2927695e-03   3.4831955e-03   1.9042130e-03   1.8348978e-03   2.5026233e-24
   2.6108200e-17   4.1808796e-48   1.3732099e-40   1.3415276e-03   1.5278117e-05   2.3357072e-03   5.2495886e-03   4.6083404e-03   1.4928468e-03   4.0653159e-42
   1.8542124e-18   3.6859698e-61   2.1762543e-37   8.1304524e-04   2.8352570e-03   1.9053586e-03   5.6436226e-03   2.9805078e-09   1.6102508e-03   2.4096473e-30
   2.4133777e-18   7.3780262e-43   8.2742975e-26   9.0675705e-04   3.3699585e-03   1.9408755e-03   3.0857839e-03   9.8880505e-06   2.0934528e-03   7.0816180e-27
   2.1863323e-21   8.2982916e-72   1.5202386e-24   4.8864635e-04   3.6540752e-07   1.7643756e-03   2.7242902e-03   1.0397841e-17   2.3968943e-03   8.3396771e-24
   2.2554580e-17   1.6413215e-46   1.6248874e-13   1.3549951e-04   1.0188361e-08   1.7621238e-03   2.8636561e-03   1.1681481e-29   2.6563773e-03   5.0485972e-13
   1.4431332e-22   3.4597551e-33   8.9948978e-32   1.4346947e-03   2.1180725e-04   2.0738009e-03   7.3118080e-04   5.4013492e-31   3.2384620e-03   4.3931997e-13
   6.0342495e-21   2.4461249e-26   4.0729383e-30   1.5099192e-03   1.1003146e-02   2.6240377e-03   4.0721559e-04   1.3723652e-36   2.8966159e-03   1.3196445e-08
   1.6634104e-19   5.5460823e-23   3.8986543e-39   7.3936187e-04   1.1868957e-02   2.0659450e-03   2.4909072e-03   1.0777443e-24   2.6701450e-03   8.5615629e-19
   2.2027971e-14   2.6202589e-13   1.3511604e-43   1.3948544e-03   8.9909002e-13   1.4222776e-03   8.9788240e-04   1.1042044e-35   3.1103036e-03   2.0591446e-23
   7.5206572e-12   2.6390903e-03   1.0873555e-36   2.2141048e-03   5.5295768e-03   1.0017344e-03   6.0550196e-06   2.3569698e-17   3.0282445e-03   8.2106623e-62
   3.6258898e-06   5.6170975e-14   1.2826909e-38   1.9516623e-03   5.9390215e-03   7.7774720e-04   1.5124291e-03   4.6817439e-09   2.4767982e-03   7.5060474e-49
   3.3871457e-09   1.7251507e-23   1.7250144e-41   3.0868909e-03   3.7712038e-03   5.7351292e-04   1.1244927e-03   4.5386868e-13   2.3529752e-03   7.2820453e-43
   1.9729945e-12   9.8670822e-20   1.4872580e-49   3.1128645e-03   2.0658961e-03   7.4766454e-04   2.3468018e-03   8.9800795e-18   2.3178978e-03   1.2600116e-23
   2.6741658e-11   1.0734280e-38   6.9440355e-31   1.5438409e-03   6.5458516e-12   1.0515346e-03   1.6257237e-03   1.9005325e-03   2.6317924e-03   5.2491741e-31
   1.7720817e-16   1.5253729e-50   2.0110926e-38   3.6829944e-09   8.1321783e-17   1.1790368e-03   1.1397209e-03   2.6929617e-03   2.7773504e-03   5.1827441e-33
   1.4986699e-15   5.5001924e-40   5.3191731e-36   5.6306668e-05   2.6965256e-06   9.3001676e-04   1.6757695e-03   9.1520960e-23   2.4061469e-03   8.3909042e-41
   5.7478712e-11   2.0381975e-17   4.2453674e-34   5.6934183e-04   3.2345802e-03   5.1491631e-04   1.5752776e-03   1.1873603e-19   2.4757325e-03   5.2348344e-72
   1.3716023e-15   1.5787247e-29   2.0087275e-40   1.3910432e-03   1.0455769e-03   4.9925429e-04   1.1462569e-03   1.0427754e-20   2.7496271e-03   6.5814783e-34
   6.3832290e-22   1.5328942e-55   8.0550751e-38   5.6953572e-04   1.3652772e-09   6.3999777e-04   7.2503272e-04   1.3344972e-10   2.7194714e-03   1.9022672e-13
   3.3583956e-16   6.8527674e-38   2.8399309e-30   1.2047596e-03   8.8409266e-05   5.6805299e-04   5.5468483e-04   2.2668829e-21   2.6235899e-03   1.4509429e-03
   1.0215547e-15   8.6756909e-06   8.9084786e-38   1.5474283e-03   7.1910042e-05   6.1460593e-04   3.0859647e-05   9.2790819e-21   2.5649553e-03   1.1426651e-03
   1.6019308e-16   2.1621652e-03   3.9755091e-28   6.4799230e-04   2.4068583e-05   6.0589507e-04   9.1336884e-08   1.0665209e-30   2.6930486e-03   2.9570656e-24
   4.0457663e-10   4.9619108e-03   1.0835519e-24   7.5714772e-04   6.1838913e-09   3.4172414e-04   6.7276531e-04   1.1439616e-04   2.5377694e-03   4.3680789e-36
   5.6742015e-06   4.9046974e-03   2.3095211e-17   4.2119963e-04   5.1378948e-11   2.6943472e-04   3.6863603e-04   2.0724824e-04   2.3230117e-03   1.1784670e-58
   7.0322864e-06   3.3975011e-22   1.9178825e-24   7.4045955e-04   1.9788268e-12   4.4222560e-04   5.7548099e-04   3.3850473e-22   2.1241532e-03   5.7728807e-40
   1.2178510e-12   1.4758435e-27   7.1577725e-27   3.2864407e-04   4.3362549e-13   5.2040688e-04   1.9942791e-05   1.9786317e-12   2.6065588e-03   1.4835503e-28
   2.3026371e-19   5.4667580e-37   3.0565729e-30   1.7863961e-18   3.9423739e-17   3.1402767e-04   1.9963717e-10   1.7159957e-03   3.1778435e-03   6.2627986e-32
   1.1748836e-21   3.0143844e-42   2.0020484e-39   9.8883307e-14   7.9052643e-19   2.7624515e-04   3.0308678e-10   2.3419876e-03   3.2449573e-03   9.1472717e-29
   4.4804019e-17   2.2623160e-32   1.9640910e-22   6.3245110e-12   8.1062143e-19   3.5117433e-04   1.8708351e-07   1.2318508e-03   2.7453550e-03   9.3616224e-23
   3.2814148e-21   1.0604984e-33   4.0271683e-29   3.3687447e-12   7.6565890e-13   3.1638265e-04   3.7382463e-09   1.0709464e-03   2.7577026e-03   3.7660172e-21
   2.2382526e-13   2.0314629e-52   9.3374245e-32   3.0679810e-12   2.3383109e-07   3.7137046e-04   1.8502131e-10   3.9498796e-09   2.3126988e-03   7.0918452e-25
   7.0296550e-16   3.8000304e-24   4.2477408e-42   4.7690801e-07   1.0963730e-07   3.4040268e-04   1.8001970e-11   8.0657458e-05   2.6022456e-03   5.6957049e-19
   3.7584251e-20   1.7740554e-15   8.4591258e-38   2.2224086e-07   9.0718134e-13   2.7905024e-04   6.0379826e-12   1.5385815e-12   2.7590988e-03   1.1431573e-13
   1.7687330e-23   1.9087254e-21   7.5280659e-39   4.3787012e-06   1.1935495e-14   1.6707906e-04   1.5351628e-12   1.5051902e-28   2.5968818e-03   1.4343766e-12
   2.1177053e-27   9.2218352e-10   1.5744752e-43   1.2384251e-10   6.6255467e-19   1.7659897e-04   2.2600423e-13   5.1927473e-04   3.2987961e-03   2.3513047e-16
   2.0835412e-19   1.4217342e-03   3.6603351e-23   5.7574642e-10   1.7872464e-12   1.0105637e-04   2.6050904e-10   8.4627833e-04   2.8992654e-03   9.0877494e-08
   1.3412707e-31   9.4898163e-05   2.9487010e-39   5.4826571e-17   3.0729415e-16   1.0352470e-04   1.3273348e-18   9.6981242e-12   3.7121283e-03   2.8394842e-13
   2.1181403e-32   3.3201446e-07   5.9459559e-41   7.9428488e-17   7.6559570e-12   6.3692232e-05   5.1231600e-17   2.8030366e-29   3.2034154e-03   1.9759934e-14
   6.0950703e-29   1.7005809e-05   7.4241095e-38   1.5906764e-11   1.2104209e-13   3.4506757e-05   1.1476392e-11   1.5246682e-06   3.0046184e-03   1.1239772e-17
   1.4688601e-25   1.0695473e-20   2.6203853e-42   8.7386301e-19   8.9424938e-18   1.6788688e-04   6.7811112e-13   1.5942387e-06   2.7474516e-03   1.0935262e-47
   4.4263505e-28   2.0853351e-31   7.7719049e-47   2.2981534e-26   1.8280369e-19   1.7525799e-04   7.6530215e-16   9.8460870e-04   2.8939302e-03   1.0286278e-28
   2.9331065e-24   4.0635963e-30   1.1602016e-39   4.9219816e-12   1.7024819e-19   1.7406974e-04   1.6561604e-12   7.2088084e-04   2.8815610e-03   3.5300185e-18
   1.8602569e-23   1.4668365e-25   3.4045773e-40   4.0032012e-10   4.9174083e-11   1.8692827e-04   2.2035154e-15   1.7254093e-14   2.8125745e-03   3.8710983e-16
   3.4615117e-23   7.3574178e-28   1.1127794e-35   5.2822512e-16   1.1899906e-18   1.4483085e-04   3.0008369e-20   4.5259697e-18   3.0029107e-03   1.5182180e-22
   3.0571354e-23   1.9403512e-27   3.4534710e-44   1.8608011e-27   1.3142839e-17   1.1737987e-04   2.4957522e-19   1.5621316e-05   3.0242670e-03   2.0570940e-43
   1.8659000e-26   5.8515826e-21   2.3424115e-49   7.2332324e-12   2.5194746e-19   1.7023034e-04   4.6354884e-14   4.2462221e-06   2.8116927e-03   1.1210179e-40
   1.7166568e-26   1.7969460e-25   1.0872421e-41   1.0624590e-07   2.5181863e-12   1.5032534e-04   5.0375663e-10   3.4230737e-06   2.5381308e-03   5.6070225e-46
   8.3621724e-26   4.0214824e-19   2.2411502e-36   1.6250270e-07   2.3780071e-19   8.7775232e-05   3.2219101e-14   8.6979527e-22   3.0336083e-03   5.3438842e-37
   6.8287524e-27   6.5943142e-05   1.1084644e-38   3.6382628e-08   9.3297740e-13   5.7401276e-05   1.9626258e-10   1.1080796e-14   2.9674548e-03   9.7516028e-39
   8.8699440e-37   1.1529115e-04   9.4287741e-54   1.2583345e-17   5.3642911e-15   5.9743666e-05   1.6406793e-14   4.4859646e-07   3.4053991e-03   4.1126075e-45
   6.2970236e-42   7.0211924e-05   9.9359858e-54   2.7638387e-29   1.8244688e-14   2.8561856e-05   5.2173681e-23   1.1065199e-05   3.6689139e-03   1.8106704e-56
   2.7952700e-35   1.7096275e-16   2.8573203e-49   3.3128523e-22   1.4022233e-15   8.6058203e-05   5.0419299e-17   2.8385246e-04   3.2409209e-03   3.6001608e-40
   9.0406332e-37   4.4993093e-19   1.6200750e-46   1.1177308e-12   7.6431011e-15   1.7481529e-04   1.3061238e-10   4.8245847e-04   2.9807554e-03   3.0108338e-40
   3.1582980e-44   3.6934819e-21   1.1448406e-42   2.4689584e-19   1.4620972e-28   1.2124389e-04   1.5687520e-15   1.0310511e-03   3.7428532e-03   3.5718521e-69
   8.2013390e-48   5.5612240e-25   9.4663037e-49   2.7974812e-37   2.0606297e-31   4.8369741e-05   2.3379776e-24   9.1558978e-10   4.5588271e-03   8.2295038e-62
   4.1771527e-52   3.1700531e-55   2.5484583e-51   4.9060577e-34   3.3563442e-23   7.9796386e-05   6.7935344e-25   4.9047506e-11   4.1497179e-03   4.7973453e-40
   6.4128684e-37   3.4149910e-48   6.5283852e-57   8.7095671e-18   1.0514945e-19   1.6718185e-04   2.5832965e-20   3.4920487e-28   3.2498213e-03   3.2406560e-40
   2.2563659e-31   1.5151905e-30   8.1843920e-37   3.9654645e-05   2.3265722e-17   8.9303495e-05   5.2851906e-17   1.1445074e-28   3.3386002e-03   6.5815309e-51
   1.9074882e-29   6.1838312e-27   3.3619950e-35   4.2762112e-04   5.2087584e-33   9.3925248e-05   4.4417907e-13   4.3710626e-05   3.3835240e-03   4.9644123e-57
   3.5636754e-29   2.0689446e-24   1.3951755e-28   3.1835624e-04   8.6213186e-24   2.0175676e-04   3.4945880e-08   5.6074161e-04   3.1661157e-03   1.8113509e-44
   2.8506456e-28   1.5972203e-22   1.0666271e-30   3.1091684e-05   4.0854619e-18   1.6522532e-04   1.0890510e-09   1.0481889e-08   3.4987725e-03   2.2626827e-39
   4.7164517e-30   1.0927295e-31   1.6935702e-26   2.6949041e-04   1.8513097e-17   9.4318740e-05   2.6867073e-14   6.0853937e-20   3.3898033e-03   1.0562442e-37
   1.5123852e-27   7.5456047e-43   2.5963959e-34   8.1886127e-05   3.8438100e-23   1.0792987e-04   1.0905544e-10   3.9459654e-04   3.6071272e-03   1.2321915e-24
   1.6089195e-21   1.2546328e-67   8.8551567e-32   1.0158122e-11   8.7863957e-26   1.5537949e-04   3.2759460e-12   2.6184177e-04   2.9173987e-03   4.6225128e-36
   3.4341740e-26   1.1834695e-34   9.7834052e-30   9.5947177e-07   5.9458623e-16   1.8674269e-04   1.6612711e-12   1.6531525e-06   3.1929474e-03   6.5549315e-25
   3.5659564e-27   2.2386188e-33   8.3025431e-30   5.8221074e-04   1.1464961e-07   3.4750302e-04   6.4252995e-06   4.0001238e-09   3.3862464e-03   5.9711701e-20
   1.5481219e-28   7.0762336e-37   3.7856316e-44   2.3370250e-05   2.0908437e-17   2.7827292e-04   1.0041107e-04   1.8468515e-03   4.0250285e-03   9.6389037e-40
   5.6004048e-36   2.3349770e-55   1.3611554e-56   1.1898151e-04   9.1495190e-21   3.4990119e-04   9.6715484e-12   1.3125727e-10   5.0008631e-03   9.7636230e-60
   8.0878793e-30   6.3631491e-57   1.0437798e-47   1.3130623e-03   1.0048243e-18   1.6602820e-04   4.8445936e-08   7.8878150e-34   4.5625780e-03   1.3193844e-33
   3.1953387e-29   1.9750678e-34   9.3350924e-37   1.3589482e-03   3.3909567e-16   1.5456670e-04   4.5398640e-06   1.9259334e-14   4.0137183e-03   1.9324467e-15
   1.9513406e-29   8.1457937e-55   3.4175274e-49   1.4058062e-03   1.8632420e-17   4.2946293e-04   9.2520902e-06   6.0455425e-17   4.3967295e-03   2.8020362e-29
   1.1415665e-26   6.5562845e-49   1.0322165e-32   4.4016350e-04   1.9566226e-03   2.3543803e-04   9.6434824e-04   6.4625282e-04   3.5284552e-03   1.6800650e-23
   1.4070122e-26   1.2884843e-55   1.2986927e-46   3.8910491e-04   2.9925990e-03   4.2813619e-04   1.2170620e-03   7.5705226e-04   3.5988243e-03   2.4532135e-24
   7.6886889e-24   9.4352331e-64   4.5593568e-41   1.4212862e-03   5.8053960e-05   5.0780311e-04   5.1861228e-04   6.8843808e-16   3.7942245e-03   1.9456531e-12
   6.3789630e-29   3.3180301e-62   1.7490578e-31   1.6177003e-03   1.6708575e-07   5.8365313e-04   3.7001533e-08   2.4721758e-19   3.7611954e-03   4.3639251e-14
   3.1350538e-29   1.2612383e-59   1.0142680e-37   1.8734004e-03   6.3767743e-12   6.3488193e-04   2.5924210e-05   3.9928546e-17   3.7871366e-03   4.0884710e-24
   8.2749897e-34   2.0715331e-73   9.7570817e-47   9.5146519e-04   5.8641273e-14   8.3098047e-04   9.9750707e-05   6.3801597e-23   4.6204792e-03   2.4013320e-24
   8.5259455e-35  1.0699437e-101   4.6630399e-30   2.1348660e-07   6.2900919e-14   8.9963460e-04   2.2697188e-03   9.9048747e-06   3.5135195e-03   3.9888658e-24
   6.3432223e-24   7.8903071e-81   9.5747760e-29   9.6228433e-04   7.0593476e-20   8.4749196e-04   2.2484679e-03   1.4193412e-03   2.4775209e-03   2.2158073e-16
   8.0189783e-25   1.9938202e-76   1.1183159e-35   1.5637751e-03   2.9203411e-13   1.1264370e-03   1.5092660e-03   6.9141648e-04   2.5845940e-03   4.5468050e-16
   4.7212878e-33   3.3304892e-74   6.2831969e-28   7.5768580e-05   7.2975012e-12   8.8334273e-04   8.1256582e-04   3.3666913e-03   3.5804469e-03   5.2355170e-19
   7.5745908e-37   1.0697032e-65   2.5233445e-30   1.1120769e-06   7.2657638e-11   1.0088675e-03   5.9799645e-04   2.4856472e-05   4.5562704e-03   2.7495242e-33
   8.1388657e-38   7.1785462e-58   1.2375975e-31   1.0739342e-04   3.6291446e-12   9.9267489e-04   2.1867311e-09   9.0879258e-24   4.5885543e-03   8.4195621e-50
   5.5162663e-30   3.5357600e-72   8.2738034e-28   1.0657674e-03   3.2202044e-13   9.4180520e-04   6.2623504e-10   2.1409088e-32   3.1126992e-03   1.1522720e-27
   1.8469622e-29   6.3041297e-62   3.6645288e-34   5.6855646e-04   1.0647597e-12   5.4405211e-04   2.0374637e-09   5.1224741e-31   3.4421520e-03   4.2664555e-09
   1.0406666e-33   1.1645743e-34   6.8082854e-21   4.2409171e-04   3.4139199e-03   5.0773669e-04   2.2152751e-16   4.9990522e-48   3.6193396e-03   1.6652107e-13
   1.6778112e-30   3.5126587e-35   1.6787457e-18   8.0469043e-04   1.7484915e-03   5.9504072e-04   1.6122957e-13   2.1056599e-28   3.5639646e-03   6.2806049e-35
   5.7273512e-29   1.4153720e-76   3.1796918e-03   4.6395737e-04   2.1255340e-03   5.8933313e-04   1.1707937e-10   5.5036412e-11   3.7399421e-03   6.4506338e-05
   1.1969832e-31   1.0957726e-65   2.4735957e-07   2.7474266e-04   4.6765505e-03   4.1850128e-04   8.6696583e-11   1.5496271e-17   3.6273813e-03   5.6986348e-03
   1.1836313e-35   1.0388836e-50   4.8993239e-03   8.3080803e-06   3.3959501e-04   7.1900643e-04   7.1623215e-19   3.5547904e-53   3.6348924e-03   3.2442034e-19
   7.0022991e-31   1.3523789e-49   1.6722057e-05   2.7928814e-10   1.5565456e-04   6.9180617e-04   5.2571409e-26   1.8855818e-59   3.5629665e-03   9.0354162e-29
   2.4442039e-29   3.1060135e-66   4.2894788e-13   3.0760879e-18   2.5060061e-10   5.1392553e-04   4.5041932e-27   5.4881597e-27   3.6225814e-03   1.2174759e-41
   1.3279459e-26   2.8947670e-62   1.0385968e-03   5.0817614e-13   4.6288569e-19   5.4959724e-04   2.7758999e-18   5.7267394e-10   3.5511298e-03   2.0676630e-46
   4.5329613e-30   9.7953391e-33   4.3859624e-04   1.7844397e-16   1.0798513e-12   4.5170222e-04   3.1769261e-21   2.4497292e-17   3.5537586e-03   1.0469346e-32
   1.3629902e-35   5.5902740e-26   9.5925861e-22   3.5662167e-19   1.9730535e-15   5.0575365e-04   5.0105769e-25   6.1589296e-46   4.2809085e-03   1.0993351e-22
   9.0195024e-34   1.8420173e-21   6.7090720e-15   3.7800906e-21   5.6679424e-17   4.8064554e-04   2.7243706e-32   1.3624408e-48   4.0488174e-03   3.1044906e-20
   7.4624547e-32   3.2436943e-19   2.2980352e-03   4.4285369e-15   3.9018067e-14   3.9599037e-04   3.0186257e-28   4.0735916e-30   3.7898747e-03   1.4120362e-20
   1.2562281e-34   2.1821077e-16   1.2251035e-03   2.3581795e-14   4.2640335e-18   3.6058934e-04   9.7159249e-25   7.6690579e-33   3.5886380e-03   3.0621146e-32
   2.4982995e-32   2.0382942e-40   5.5704924e-04   1.4288308e-08   1.2211952e-16   3.6225988e-04   2.4537673e-22   5.9440302e-40   3.3159204e-03   3.0732298e-32
   1.1325137e-37   1.4140742e-11   3.3398213e-10   1.2633262e-12   3.1102840e-22   2.8245078e-04   1.5375561e-21   6.0654830e-43   3.8313214e-03   7.4095160e-37
   1.2281526e-37   6.3259293e-04   9.5224632e-19   5.9236422e-22   9.2002847e-19   2.3901500e-04   3.4214296e-17   9.2918554e-37   4.3581279e-03   2.5015590e-31
   1.2558617e-38   8.6908807e-10   4.2312481e-22   3.3193860e-25   2.5160877e-12   3.2153300e-04   5.6601156e-15   1.7141726e-33   4.1399148e-03   3.3686506e-25
   9.7007777e-41   3.4599131e-18   1.3225122e-21   1.4999198e-26   3.2612737e-20   2.6929184e-04   1.9177123e-22   2.7681306e-35   4.4161599e-03   7.3191087e-34
   1.8350061e-45   2.1750633e-32   5.0982685e-25   8.9019504e-27   6.6736899e-20   2.3959311e-04   8.9453884e-27   6.2361050e-39   5.1549713e-03   3.2873832e-48
   2.5062770e-46   3.3299806e-21   8.9401400e-32   4.9178931e-33   2.3985558e-23   1.6505077e-04   2.4702275e-23   1.0443247e-19   5.2405251e-03   1.2086396e-45
   8.3218154e-44   6.0224687e-36   1.8683729e-28   9.9571516e-26   6.9994895e-13   2.5239820e-04   2.5661004e-22   1.0978588e-12   4.7096686e-03   8.8296427e-41
   2.3828327e-39   5.0638054e-39   4.8327709e-28   4.8475654e-24   2.2213377e-13   1.7923644e-04   5.2659637e-26   1.0104896e-28   4.2648317e-03   8.6147570e-49
   4.0913149e-42   1.0398056e-41   1.8443872e-27   7.0980718e-25   4.8921469e-14   2.0948423e-04   4.6806980e-35   7.9135888e-41   4.4901295e-03   1.5644690e-47
   2.6046539e-35   6.7916766e-20   5.3893600e-19   2.0619368e-21   8.7929153e-15   1.7986074e-04   7.0162232e-29   3.6615384e-37   3.7590247e-03   6.8476448e-32
   6.3561814e-38   6.3646343e-12   4.8791755e-22   8.0058733e-31   6.9846106e-15   1.2974335e-04   8.8001613e-27   2.8312475e-43   3.8370127e-03   1.9771689e-34
   8.3050907e-38   3.0195214e-30   2.8918357e-24   1.4661337e-35   2.0281422e-14   1.8420844e-04   1.7067671e-23   6.2351214e-46   3.7003999e-03   3.6529675e-35
   2.8111000e-40   4.5052122e-22   7.8860295e-28   1.7506799e-38   2.5599374e-10   1.4424156e-04   7.0481996e-28   1.4383817e-55   4.1662975e-03   3.9818947e-25
   1.2471583e-47   4.9408786e-13   5.1958195e-38   7.4659298e-41   2.1656103e-10   6.5455083e-05   2.2003685e-22   6.5872214e-46   4.3075454e-03   1.8631081e-27
   2.3780699e-40   3.2851447e-04   4.6327325e-36   1.5165619e-35   1.6066247e-14   5.0130049e-05   1.8653879e-20   3.4664377e-56   3.8346515e-03   1.6688954e-32
   2.4524691e-41   1.0111406e-09   3.6834558e-26   2.3336861e-34   3.0469248e-12   2.8396559e-05   2.3887593e-25   1.0111845e-58   4.1095399e-03   2.1060580e-16
   2.8649684e-44   5.7447102e-07   2.5886371e-34   3.2571945e-44   9.1044427e-14   3.6508646e-05   9.9859076e-27   5.6088007e-42   4.2566593e-03   6.1612407e-23
   6.9111339e-41   2.6327062e-08   5.2803619e-29   3.5938047e-32   1.2008678e-13   7.8584957e-05   1.0096867e-20   1.5293325e-34   3.5759432e-03   1.3587746e-39
   1.0786891e-31   8.2138233e-22   5.2319337e-17   6.4070763e-22   1.7305681e-11   2.8903016e-05   4.0616557e-16   2.3296557e-27   3.0499546e-03   1.3873715e-21
   9.5251365e-46   1.2900232e-33   6.3715417e-24   2.3337048e-31   1.9888497e-17   4.0041491e-05   1.7016333e-27   8.7839324e-22   3.6552568e-03   7.9640247e-26
   3.8287474e-32   1.0720444e-37   9.6314747e-21   3.9783779e-33   4.3551563e-12   4.7240450e-05   9.7468415e-20   5.6608141e-32   3.4327669e-03   1.3606627e-20
   1.1487351e-33   1.8455566e-11   3.9645876e-21   4.7756887e-32   1.6696999e-14   2.8835299e-05   4.9425631e-19   4.4650183e-49   3.8129622e-03   1.6843777e-23
   1.1011441e-37   4.5887544e-04   2.9413704e-33   5.0198268e-44   1.8610768e-17   1.1057959e-05   9.8974404e-19   5.5969110e-38   4.1386275e-03   2.6557967e-28
   5.1065489e-35   4.4420978e-20   8.6067220e-20   1.0597688e-34   1.7198774e-12   5.9417871e-05   2.8199213e-12   1.1025363e-22   3.6025594e-03   9.4266260e-25
   1.2536229e-26   5.1618717e-26   1.2232072e-20   7.2819281e-30   1.9118531e-10   5.1661064e-05   1.1973624e-08   6.4552070e-19   2.9208813e-03   3.4176676e-31
   1.2958467e-30   4.5623758e-10   2.5428108e-28   2.3599789e-35   1.0368521e-14   4.1838597e-05   5.1989810e-04   1.4391345e-10   3.4017739e-03   5.1142504e-39
   6.4403764e-33   2.3475083e-06   3.1098735e-37   2.1706580e-43   4.5019978e-12   1.8242056e-05   1.1717013e-05   1.2542892e-21   4.0827354e-03   7.6223397e-28
   4.6443638e-26   1.2002184e-05   2.5057276e-26   2.1844665e-35   1.0554598e-17   7.1659601e-05   1.6889963e-04   4.4573333e-04   3.5407067e-03   1.8737926e-39
   2.4054554e-24   2.5434683e-05   3.5806551e-21   3.9797244e-31   2.4834599e-13   7.4625005e-05   3.2887104e-07   1.4601576e-09   3.5767458e-03   7.7854754e-09
   2.2625674e-30   4.2024200e-05   1.8609416e-27   2.8088314e-35   5.5309591e-13   1.2618538e-05   1.6117495e-14   5.3353335e-43   4.1631246e-03   2.6565392e-03
   1.6337254e-27   5.7241466e-12   1.7829151e-30   2.8881344e-39   1.4187538e-11   4.6487854e-05   2.6568776e-13   1.6828569e-04   4.1435359e-03   4.4546275e-15
   1.6686698e-28   8.3646191e-04   2.9109426e-34   1.5764436e-39   1.0468609e-12   5.9354925e-06   4.0622593e-13   1.9635331e-03   4.2026083e-03   2.0923404e-28
   4.4846952e-32   1.9958451e-10   1.9335896e-30   1.1217741e-35   4.6754850e-22   2.4207380e-05   3.3945281e-09   2.9613239e-03   4.3422821e-03   2.2213254e-47
   7.1091869e-36   1.0306365e-11   7.7679879e-29   5.8143481e-33   2.9061215e-30   4.2736277e-06   4.4938523e-06   1.6358492e-03   3.9480024e-03   4.6732423e-61
   3.9627116e-38   1.4662489e-16   3.5131996e-34   5.5259918e-40   1.0442457e-17   1.2577505e-06   1.4050653e-12   4.1387081e-27   4.2662352e-03   8.0439365e-41
   2.2242126e-47   8.6804539e-05   3.9395984e-43   5.8275158e-47   3.2786742e-17   3.8668910e-05   1.7460472e-14   6.8835085e-13   4.7019029e-03   5.3686201e-25
   8.0024423e-44   5.4162178e-04   3.9315980e-27   2.2179213e-38   7.5768137e-20   4.1954045e-05   1.6856617e-14   1.0590294e-13   4.6569626e-03   1.7851279e-31
   1.1623044e-38   3.6518066e-05   4.2472817e-28   8.0690065e-37   9.7733701e-20   1.6311653e-05   1.7528961e-11   5.9239622e-11   4.3848886e-03   6.2197290e-41
   7.7251428e-41   4.2248202e-14   3.3498148e-32   1.9677589e-37   8.2220763e-15   3.1754696e-05   9.1095453e-18   1.5881879e-07   4.1863115e-03   6.9972135e-27
   1.6118163e-43   3.8973648e-05   2.5198003e-31   1.9831898e-35   8.0307965e-19   5.1567500e-06   7.3363928e-25   1.1712583e-08   4.6030285e-03   1.7356733e-34
   5.4648611e-42   3.1724475e-05   5.4986462e-26   3.0577107e-41   2.6879330e-23   2.3849500e-05   3.1610101e-34   2.9922925e-20   4.4222801e-03   6.7493158e-42
   6.6153797e-37   4.8430756e-15   4.8225945e-27   4.5677675e-29   2.3915269e-17   6.3485219e-05   4.4426350e-24   6.9161681e-18   3.6671442e-03   1.6422020e-23
   2.3480233e-26   4.5973970e-18   2.2402390e-29   7.0214706e-19   2.6624874e-18   3.8440706e-05   8.5379066e-12   3.5191911e-09   3.2756895e-03   1.4216751e-31
   8.0481754e-25   3.7581519e-11   4.5826974e-31   3.6418637e-13   2.6606853e-17   6.8217104e-05   1.3758822e-13   2.8983852e-06   3.1364674e-03   1.8325117e-47
   3.9921226e-25   2.7674619e-26   1.0865167e-31   8.4587030e-07   8.3913929e-15   7.1869071e-05   2.3591533e-14   1.8082972e-04   3.4410352e-03   7.1861754e-35
   2.0180455e-30   2.0983482e-14   1.1552732e-34   2.6433282e-11   7.8116880e-11   4.8061178e-05   4.3769295e-14   2.6887202e-04   3.9347613e-03   1.0991664e-41
   1.3730674e-32   1.2971875e-05   1.0615821e-36   5.8134967e-13   2.7033372e-11   5.6619478e-05   1.1518277e-21   1.0527357e-23   3.7907859e-03   1.3038418e-41
   6.4459668e-36   2.5219568e-07   5.5657007e-31   3.6218289e-04   7.7153051e-13   5.6536687e-05   6.5338351e-21   6.9928940e-48   3.5949117e-03   1.4049833e-34
   1.1860932e-36   5.0093765e-12   3.7107525e-27   1.7442090e-04   1.0188492e-14   7.4631459e-05   3.0690118e-21   1.8434417e-45   3.6705519e-03   5.8973463e-32
   2.4888064e-25   8.9356396e-18   9.3876802e-32   2.5942780e-04   4.9300272e-13   1.4314360e-04   7.9557016e-19   5.1501041e-46   3.0985598e-03   1.7191525e-37
   2.3130821e-21   8.4662962e-12   5.9483925e-26   5.7181508e-04   1.5495038e-17   2.1616780e-04   1.4886743e-22   4.4820545e-41   3.2371480e-03   6.0176785e-37
   2.3339123e-28   9.7628316e-14   3.8446826e-29   5.5724959e-04   3.0715121e-24   1.9752626e-04   1.0672140e-23   3.5640900e-42   3.5615270e-03   2.1326530e-33
   2.3066398e-31   2.6602917e-22   1.1846699e-29   6.3252966e-04   3.1470379e-15   2.2560223e-04   8.3609334e-24   1.8050829e-41   3.4309024e-03   4.9205844e-29
   1.5625230e-33   2.1850289e-11   3.5092294e-25   1.4400142e-04   1.2364803e-26   1.8686247e-04   4.2599908e-18   7.7456963e-39   3.9074643e-03   5.5961387e-38
   2.4440539e-40   1.2092877e-07   4.2695061e-32   3.5906849e-12   5.9479036e-16   2.4614926e-04   1.1519863e-22   1.4271311e-38   4.2434033e-03   5.5608495e-61
   2.7197371e-35   3.0715352e-04   9.2284719e-56   2.3307870e-07   3.0684708e-09   2.0358071e-04   6.4294220e-22   2.0797661e-34   4.1291401e-03   6.5185113e-25
   1.5686396e-35   1.8042736e-07   1.9594069e-37   3.1362633e-04   9.6468154e-14   2.3666816e-04   4.2322140e-23   1.3483226e-33   4.1365912e-03   1.0727621e-25
   1.6223085e-27   4.7766464e-13   7.3892447e-49   9.1862722e-04   1.4610875e-20   2.2505334e-04   1.2344051e-13   7.8653152e-30   3.3458001e-03   8.7309049e-25
   3.3562343e-28   2.0147506e-34   3.3653234e-40   1.1025412e-03   6.3199969e-20   1.9108499e-04   4.4734690e-14   2.0501036e-25   3.2214810e-03   1.5400083e-16
   5.5199121e-29   1.2887419e-52   1.6007244e-32   1.5592443e-03   7.3754739e-24   2.0151406e-04   8.1874047e-24   1.4716780e-48   3.5078488e-03   2.7702319e-25
   2.0386750e-29   1.7328757e-23   2.5241479e-37   1.4538813e-03   4.9261983e-19   1.7944490e-04   8.0103539e-23   5.0068874e-45   3.3646700e-03   4.6194566e-27
   1.1772267e-30   1.2698868e-13   5.1898473e-26   1.6092341e-03   2.0845333e-23   1.5287857e-04   2.8853626e-24   2.7542166e-38   3.3618647e-03   1.1603398e-35
   4.0280402e-28   2.2152305e-25   4.5705564e-30   1.1638405e-03   1.5843092e-26   1.0420503e-04   5.4635419e-26   3.5615561e-52   3.5361841e-03   1.2488269e-44
   3.0502108e-23   2.3982052e-09   1.2177704e-23   7.7021660e-04   1.0970327e-18   1.7555190e-04   3.1251949e-28   4.9175105e-50   3.2018364e-03   5.1911348e-55
   6.0044118e-20   1.3228230e-04   4.3104892e-26   1.6121341e-03   1.1441669e-17   2.2706563e-04   1.3111939e-25   3.1645872e-46   2.4835809e-03   8.9740572e-49
   2.5502244e-18   4.7199249e-17   2.1121196e-32   1.3161785e-03   5.8092760e-17   1.8960908e-04   1.3829278e-15   2.5861855e-16   2.3267548e-03   3.8097455e-36
   1.2723861e-22   1.2178820e-46   3.2569044e-21   7.8950706e-04   1.2049276e-19   2.5225011e-04   1.3278769e-18   9.3298888e-10   2.5768727e-03   7.3731690e-50
   9.1198528e-24   5.0329531e-14   1.8685901e-23   8.6066452e-04   3.1641484e-19   2.7246084e-04   3.3450372e-19   9.1051741e-19   2.6017779e-03   4.8057027e-58
   4.3401558e-24   4.2611264e-06   3.9044739e-35   1.0870694e-03   1.2920763e-20   2.4631616e-04   6.8663430e-20   2.2327463e-35   2.5768335e-03   2.1279100e-42
   1.1587643e-21   3.2560586e-27   3.1223769e-37   8.8036558e-04   2.0568864e-19   2.2707269e-04   1.1569795e-16   3.3013190e-13   2.3976202e-03   1.0341137e-50
   2.0415668e-18   2.8516805e-31   3.7627810e-32   9.6504221e-04   2.4642819e-23   2.9167789e-04   1.7458940e-13   1.1872650e-03   2.0011004e-03   2.2552799e-48
   4.3848776e-15   2.5770474e-26   4.4063570e-16   5.4910183e-04   2.7036478e-20   3.1135724e-04   5.3847839e-14   1.6580263e-03   1.9855454e-03   1.4877308e-41
   5.9859241e-17   2.2310205e-23   2.4315491e-12   5.3712100e-04   1.3633285e-24   2.5190631e-04   8.3075410e-16   1.1020189e-03   1.9210012e-03   2.8593034e-57
   2.3740111e-08   2.0768126e-25   3.9530009e-18   9.2354528e-04   1.1584247e-21   3.2404803e-04   7.6505022e-05   7.0667587e-06   1.6347524e-03   4.1276443e-85
   6.0995762e-12   2.8238659e-37   7.9394550e-16   5.9116218e-04   2.6872462e-15   2.2463387e-04   9.5439162e-10   1.7088237e-10   1.7765507e-03   3.0015656e-64
   6.2911848e-15   1.4819991e-46   1.4112246e-10   3.6025286e-04   4.2123827e-13   2.2099088e-04   3.9004224e-16   3.5663446e-04   1.7158659e-03   4.9373578e-52
   1.7644432e-07   1.3361224e-46   3.2026031e-14   7.7402446e-04   1.2866084e-09   3.5797699e-04   4.8225585e-12   5.1239613e-04   1.4302046e-03   3.2646231e-45
   9.7787546e-06   1.2534531e-42   9.3534150e-09   8.8482999e-04   1.9928149e-10   3.0840095e-04   1.4334749e-08   4.3792087e-04   1.1689933e-03   7.1183226e-42
   3.6198872e-06   3.9974230e-32   7.2459634e-09   4.7814334e-04   8.3127020e-09   2.4134830e-04   1.1895151e-05   8.3881800e-04   1.1649072e-03   2.2131930e-41
   8.9120466e-04   1.0921205e-33   1.9169977e-23   5.6941103e-04   4.4055152e-16   4.3417658e-04   5.6646725e-06   9.6978532e-15   9.9819428e-04   1.8840637e-50
   1.2511164e-03   5.1755911e-35   7.9645533e-21   5.9168144e-04   1.2782117e-11   3.6082495e-04   1.8341732e-05   2.8184755e-04   9.5257307e-04   5.4001790e-57
   6.7720092e-04   5.7087504e-33   9.0717557e-08   1.2437757e-04   6.2090807e-04   3.0944999e-04   1.6919035e-04   7.1532312e-04   9.9069718e-04   6.7640968e-72
   5.3676652e-04   1.7914225e-24   2.1764135e-08   3.3465532e-04   2.3759254e-14   2.9645915e-04   7.6328912e-11   2.0310560e-04   1.0426289e-03   2.4339306e-54
   6.7240398e-04   1.3424172e-14   2.2441676e-06   3.8815026e-04   4.9026732e-12   2.8024719e-04   8.1612608e-14   7.5173209e-04   9.2498914e-04   1.1648173e-46
   9.8909694e-04   2.9627206e-15   1.6057318e-05   3.7824278e-04   2.4950769e-11   2.0513192e-04   1.0946750e-08   1.7263767e-03   8.4332204e-04   4.2524391e-54
   1.2912095e-03   1.8754587e-22   1.2302625e-07   2.4764340e-04   6.7319183e-17   1.7754725e-04   1.6216191e-07   1.2816610e-03   9.1443087e-04   1.2421507e-53
   1.1616275e-03   9.6261663e-36   2.1695422e-10   2.4769462e-04   7.3622596e-16   2.1518267e-04   5.4756981e-05   4.0605472e-04   9.0024934e-04   2.5197078e-46
   9.9928723e-04   1.9148420e-27   6.0938554e-07   3.2777946e-04   2.7362363e-21   1.7845621e-04   5.0547329e-07   2.6982712e-04   8.9852972e-04   6.3765397e-47
   1.2697362e-03   4.7739534e-57   3.7693522e-11   3.3070823e-04   6.6472529e-23   1.4052799e-04   2.7132417e-07   9.6051474e-04   8.6952660e-04   9.8466956e-81
   8.1863223e-04   1.8041519e-23   2.5407185e-20   1.6542155e-04   4.4833832e-21   1.8600783e-04   5.7380883e-07   1.5219774e-03   7.6417766e-04   6.2297699e-53
   1.1866099e-03   1.1679175e-14   1.5421644e-16   1.1823008e-04   5.7669021e-25   1.9645733e-04   3.3423917e-04   6.1104869e-04   7.0799743e-04   2.5645241e-58
   8.8728063e-04   3.9349911e-08   2.9544134e-16   3.2247116e-04   1.3429318e-26   2.2513647e-04   8.1328249e-05   5.7979076e-09   8.3670995e-04   5.2395677e-49
   1.0870759e-03   2.2805049e-04   4.6433675e-05   4.0211111e-04   4.4243554e-24   1.8089938e-04   3.9873409e-12   9.8869545e-28   7.0043196e-04   2.4153885e-44
   1.6790796e-03   4.3386140e-04   8.1093120e-11   6.1963985e-04   4.2414305e-21   2.0004947e-04   1.1583669e-05   5.8379536e-16   5.4213595e-04   2.6788014e-42
   9.0961081e-04   2.0253335e-09   5.2418763e-14   5.0032538e-04   1.6062341e-21   2.2902750e-04   4.0438442e-11   1.5205442e-04   6.4028228e-04   6.2723473e-43
   2.5585612e-04   8.1461980e-08   8.8700033e-16   3.8632219e-04   1.3804521e-28   1.9852559e-04   3.1130238e-18   4.0231870e-05   8.5238503e-04   2.1287167e-49
   1.2877579e-03   1.4500186e-05   1.0815616e-14   3.7357479e-04   7.4537022e-30   2.5210234e-04   1.4650952e-14   3.6343664e-07   7.0010668e-04   3.8394971e-58
   1.7777338e-03   4.8550605e-04   5.1062243e-11   3.9220477e-04   1.0784038e-26   2.4293012e-04   2.5985614e-12   5.1279750e-04   7.1219434e-04   7.6696695e-66
   1.7250826e-03   4.6380241e-04   8.7047167e-12   3.7386301e-04   3.8558223e-25   2.2544848e-04   5.9020112e-07   1.4485039e-04   6.5703970e-04   9.4443793e-63
   1.5792455e-03   3.7814697e-06   2.1214282e-05   4.6823529e-04   1.3826897e-18   1.7697426e-04   2.0470924e-07   1.7108525e-31   5.9518406e-04   1.0991502e-50
   1.2398606e-03   1.2162524e-03   1.0215327e-18   6.2199016e-04   6.3260399e-19   1.4956562e-04   1.8204365e-04   3.9019489e-27   5.4354718e-04   7.2249847e-38
   8.5105929e-04   1.7765895e-03   4.9114363e-15   8.1188238e-04   1.8343837e-24   1.1561401e-04   2.9933924e-07   1.0426639e-08   7.7586659e-04   8.9517867e-48
   1.8190212e-03   6.3343387e-04   1.0540958e-18   6.5396927e-04   6.3118171e-20   1.2588417e-04   1.6207982e-06   6.4896438e-22   6.8101059e-04   1.0796317e-57
   1.7769191e-03   9.2080392e-04   3.2448678e-08   3.1403495e-04   7.3966374e-22   1.4198194e-04   2.1877758e-14   2.1077217e-32   6.1806496e-04   3.4707232e-65
   1.3974498e-03   2.3681834e-03   1.3000019e-12   3.5204266e-04   2.1294111e-22   1.4450888e-04   1.1415182e-13   4.5636874e-24   5.1408240e-04   3.6981360e-71
   1.5080563e-03   7.6472384e-04   1.2924794e-34   2.6964709e-04   2.0154464e-20   1.7800294e-04   8.1286675e-13   1.1290207e-29   4.5740284e-04   2.6170808e-50
   2.3038334e-03   2.0349830e-03   7.4656763e-10   3.8147273e-04   5.8641681e-24   1.3920627e-04   7.9383192e-14   1.8245505e-26   4.1245125e-04   6.9497812e-52
   2.0891429e-03   3.3327295e-03   3.7835108e-08   2.7244778e-04   3.5598844e-23   1.3545208e-04   3.5706218e-16   1.3893500e-31   5.1319739e-04   9.4123148e-50
   4.7389160e-04   1.7400764e-03   3.5248447e-17   1.8533357e-04   5.8880458e-23   1.0508676e-04   7.4445080e-19   8.9083603e-27   7.4580238e-04   6.6426865e-35
   6.5103859e-04   1.2075603e-03   1.0704870e-19   2.5827910e-04   9.8673884e-25   1.2071527e-04   2.2058871e-18   1.2216808e-26   6.9770111e-04   3.8382992e-34
   5.6431238e-04   1.2571729e-03   1.5340661e-29   2.8811307e-04   5.1259658e-26   1.3537459e-04   3.6285286e-19   1.8446184e-38   6.8924970e-04   1.4822956e-44
   1.2421561e-03   7.0817788e-04   3.5066185e-18   2.4095558e-04   2.6095083e-26   1.1397018e-04   7.7759238e-14   9.3772472e-38   6.8081135e-04   2.7620190e-51
   1.2227408e-03   2.2750755e-03   3.7284758e-21   4.7001672e-04   4.7875369e-28   1.2756838e-04   9.5412669e-14   1.0494260e-15   6.2963166e-04   6.3777077e-51
   1.0485509e-03   2.1738238e-03   1.0313915e-29   5.2434014e-04   2.9560225e-30   9.9709427e-05   5.7510125e-15   1.7098872e-05   7.8128000e-04   1.4505359e-43
   1.1275530e-03   1.8223669e-03   3.3248317e-21   2.9433774e-04   7.1975551e-31   9.5109857e-05   9.6455463e-17   3.7231841e-25   7.8593905e-04   1.9634369e-56
   1.3024025e-03   7.4289628e-04   2.2677434e-27   1.2432564e-06   1.4319049e-22   1.0049745e-04   1.8781038e-14   1.3002655e-10   8.1909096e-04   2.9172589e-68
   1.1410161e-03   1.7205435e-13   3.2402494e-38   1.3678268e-04   3.6220123e-18   9.8670556e-05   5.1472453e-16   7.2423160e-25   7.9342149e-04   7.7316922e-72
   9.1654288e-04   5.9268153e-05   2.1169828e-21   1.9618227e-04   3.6107200e-19   1.1081282e-04   2.4642269e-12   7.2832342e-27   7.3552544e-04   1.2532606e-48
   5.6834575e-04   5.2303120e-15   1.6922236e-22   6.4101932e-05   3.7987475e-26   9.6398107e-05   5.4505975e-15   9.5259653e-24   9.7236129e-04   1.0244920e-50
   2.8639637e-06   1.0427585e-36   6.4751113e-25   8.5638726e-12   3.7807235e-32   7.0684463e-05   2.7389632e-15   2.4687955e-04   1.1190827e-03   8.0045004e-70
   4.7377370e-04   2.9556403e-04   1.1717287e-21   3.3655390e-15   1.3060381e-30   9.5823713e-05   1.3901890e-14   2.8105004e-07   1.1428790e-03   3.8407616e-55
   2.6377622e-04   2.8238828e-04   6.2038084e-36   2.2916411e-20   6.8588298e-23   8.0891028e-05   9.5557535e-17   3.7077921e-06   1.1951781e-03   2.6477095e-51
   9.8010529e-04   1.3739607e-24   1.5892739e-16   6.7889848e-07   5.8905904e-25   6.2970789e-05   2.4625225e-07   2.2652813e-04   9.6030115e-04   3.9296745e-59
   1.0294590e-03   1.5303883e-10   1.2645344e-21   4.6645903e-13   1.7159782e-20   8.2426251e-05   2.2234217e-09   3.9376826e-04   9.4648270e-04   2.6652277e-62
   7.9737645e-04   2.5610163e-19   3.6719509e-23   4.0306952e-13   2.5138897e-24   7.2738910e-05   2.2990143e-17   3.7547737e-04   1.0207864e-03   6.8176078e-47
   6.2402677e-04   1.6245252e-10   2.0921829e-20   6.1780937e-09   1.1542229e-22   8.6378734e-05   2.5004666e-19   8.3504735e-05   9.5312867e-04   1.2316826e-42
   7.8768825e-04   2.6482456e-09   1.6568406e-22   5.8186241e-10   2.2781871e-23   7.6606392e-05   9.5708265e-22   2.4615160e-09   8.3697168e-04   2.7997653e-47
   9.0464194e-11   6.4052152e-09   2.9415367e-36   3.0311935e-28   1.9101455e-22   2.2832577e-05   6.1592402e-30   2.6231193e-18   1.3889045e-03   1.0582793e-56
   5.4096740e-13   2.6965179e-04   4.6822241e-46   2.0822361e-30   1.2121892e-27   1.0058081e-05   1.1479074e-28   1.1095139e-04   1.7604083e-03   1.4149819e-67
   1.1967476e-13   1.4407893e-04   3.5075657e-38   7.3921395e-31   1.8861512e-24   8.1966275e-06   1.4915063e-35   5.2443171e-20   1.5374491e-03   5.5479579e-63
   4.3694009e-17   7.2231123e-10   1.2187882e-28   3.8887431e-25   5.4469019e-17   1.5584022e-05   2.0261641e-39   4.0668725e-37   1.3888098e-03   2.5359590e-50
   3.0893338e-10   2.1081418e-09   1.3539183e-28   5.6099774e-22   1.7263416e-18   2.4192568e-05   5.0646821e-30   1.3942632e-28   1.2521645e-03   1.7323310e-51
   6.1021023e-19   3.3272342e-04   2.9767953e-28   1.7752130e-26   7.0904335e-19   6.3928539e-07   2.4370577e-35   3.8448562e-34   1.6143367e-03   8.2656972e-40
   2.1697961e-21   2.4098174e-04   2.0011748e-26   1.3531490e-29   7.3822532e-27   8.2650889e-12   9.4305498e-44   5.1894794e-43   1.7563923e-03   1.1725947e-36
   2.1370546e-21   2.2456084e-08   6.3516000e-22   4.7072601e-32   1.9078761e-27   2.9629234e-09   1.3525108e-51   8.5604813e-60   1.7506182e-03   1.1603197e-64
   1.2859710e-20   1.0573786e-08   1.8806724e-26   3.1068212e-28   1.3744569e-30   1.2469512e-10   3.0967367e-47   1.3911571e-49   1.5697201e-03   7.8459924e-64
   2.4485091e-13   3.9180922e-12   4.8476651e-27   4.4063444e-33   1.5710328e-26   1.3745544e-05   3.0001336e-44   6.2363555e-43   1.4695767e-03   5.6858471e-47
   4.4333613e-17   1.7454437e-04   4.2050301e-33   1.2528399e-33   4.0575178e-31   1.5409443e-05   4.2329313e-47   8.9258358e-38   1.4982788e-03   3.2355590e-56
   2.6815392e-18   1.0328286e-04   3.6370982e-41   1.5737280e-39   7.7379057e-29   1.4127705e-05   1.3189800e-49   1.2486874e-25   1.5758741e-03   9.0057826e-80
   1.1403166e-23   2.9284129e-13   3.0142553e-30   1.0880575e-36   3.8033237e-27   1.0648084e-05   1.7995420e-51   2.2674461e-32   1.6365752e-03   1.6295812e-82
   4.0731274e-23   8.7525745e-07   3.4651993e-28   1.3282377e-36   6.7214277e-24   6.9466069e-06   2.4586767e-50   1.9216881e-52   1.3787143e-03   3.4534385e-50
   1.2976424e-19   2.5029628e-08   2.3415103e-40   2.5130461e-36   3.3314540e-20   7.2559304e-07   2.2500101e-43   2.8121761e-43   1.5292780e-03   2.8997339e-45
   1.2236201e-20   6.3164668e-15   2.7001060e-56   1.5365212e-42   1.0441950e-24   8.3842028e-06   2.1590292e-46   9.5279249e-47   1.6620874e-03   4.7919641e-77
   1.5051416e-14   8.3415562e-11   3.1151602e-52   2.9578935e-44   9.3375136e-28   2.1930632e-06   4.6083986e-41   1.3020485e-37   1.5589146e-03   1.3998415e-87
   1.0570217e-13   2.8920924e-05   9.5107089e-31   6.7130753e-40   8.0671223e-26   2.6610444e-06   5.6096859e-39   3.4141924e-39   1.4974831e-03   1.8024813e-69
   2.7741173e-19   2.8520772e-04   1.6932701e-22   7.2453541e-36   1.6596796e-23   8.5144035e-06   3.6458868e-43   6.5831544e-47   1.4933516e-03   1.3078849e-51
   1.5009539e-23   4.7708712e-06   9.7435402e-31   4.6327896e-36   3.1378021e-25   1.4968363e-05   2.2819890e-46   4.1118304e-59   1.6534105e-03   1.7582061e-41
   4.2352139e-20   3.3928163e-15   6.8896202e-22   5.8204014e-28   1.0830446e-24   6.5798519e-06   5.1156262e-46   1.9561220e-48   1.6575876e-03   1.7282746e-36
   3.0077733e-10   1.0239947e-09   1.9088532e-18   7.0841322e-27   6.8950753e-23   2.6463724e-05   6.0304035e-38   5.2084736e-45   1.3571947e-03   1.3693068e-29
   1.4845208e-12   3.1369701e-06   5.5632137e-26   1.1675705e-34   4.6546670e-17   9.1269904e-06   1.4205325e-39   7.4325529e-47   1.3833567e-03   1.3420425e-39
   2.5449339e-10   8.1591545e-09   3.8074148e-35   2.2076314e-37   2.7863436e-17   1.2080588e-05   8.3247979e-44   4.7663671e-45   1.5067220e-03   1.9961708e-49
   3.0321213e-04   1.5488826e-11   1.9334442e-36   4.4056689e-37   1.6821033e-16   2.3091162e-05   1.3614161e-33   7.1661434e-32   1.2788105e-03   3.5220023e-46
   3.1791480e-07   1.4323219e-04   4.8571813e-32   1.1712134e-35   2.9724182e-17   9.1860031e-06   4.3513449e-39   3.0039207e-49   1.2893497e-03   2.2395468e-37
   8.3965294e-08   6.9743246e-08   3.4698097e-34   6.8866821e-34   1.7285302e-17   1.8046052e-05   2.0988088e-39   2.4290341e-36   1.4168287e-03   7.2609602e-35
   4.5915150e-11   5.8529331e-05   7.9810762e-21   1.1055935e-30   1.7024567e-14   2.5002836e-05   1.9268157e-32   4.7409728e-32   1.2420304e-03   4.1774205e-34
   8.6524645e-09   1.6965737e-04   8.5602067e-24   5.8150232e-30   1.4533751e-16   1.8007249e-05   3.5347053e-36   1.1742515e-62   1.1580695e-03   3.7476490e-45
   1.1357759e-08   3.7737395e-06   8.7147433e-28   1.7521740e-28   1.0095910e-22   7.3126567e-06   8.4628235e-34   3.1874515e-32   1.3083621e-03   3.5860741e-39
   1.3747482e-09   6.7534181e-05   2.4600279e-18   3.3234345e-27   2.7120917e-20   1.8540448e-05   5.0841908e-35   2.2654222e-51   1.2633693e-03   3.5525220e-23
   2.5044667e-05   2.3603045e-04   2.6387660e-17   3.7588426e-25   1.9387027e-23   1.2327967e-05   3.3560351e-37   1.9337196e-46   1.1685803e-03   5.1795820e-16
   5.2464007e-04   1.5315974e-04   1.7945126e-24   9.6569152e-33   1.6915114e-19   2.2470141e-05   4.8711787e-36   6.3989274e-28   1.2698314e-03   3.2835314e-34
   1.1532431e-07   1.4932995e-04   8.8018402e-29   4.7399607e-31   7.2239830e-20   1.6283387e-05   3.3974609e-36   6.7822416e-26   1.2679923e-03   1.2002052e-39
   5.9957481e-12   2.1320003e-04   2.0378909e-25   6.1335057e-32   2.8552999e-20   7.2143259e-06   1.1365909e-40   2.4551108e-32   1.2956786e-03   5.2851132e-28
   1.9133741e-16   1.9776284e-06   4.2406057e-29   4.3877028e-43   3.1302124e-24   3.8819107e-06   5.8609367e-46   3.2223254e-40   1.4666386e-03   1.9897873e-20
   1.5155617e-15   2.2854420e-29   8.9314259e-37   9.6820034e-43   6.8192477e-31   2.3959847e-06   1.1173641e-44   2.1592757e-45   1.6079136e-03   1.0009072e-31
   9.0879070e-20   2.1748556e-10   1.8026870e-42   1.8583377e-45   1.3251107e-24   3.5720122e-06   2.4506897e-45   5.6092515e-49   1.5785289e-03   9.7345213e-08
   6.4417641e-16   2.9777930e-17   3.4409105e-28   1.0036336e-38   3.2012671e-20   1.1922087e-05   3.0623541e-39   1.5299839e-43   1.3934549e-03   8.8876894e-06
   7.2064784e-05   1.8639217e-16   5.2154641e-37   3.0521287e-33   3.6010353e-18   4.4508750e-05   5.3774309e-30   2.7865821e-43   1.0064326e-03   2.1308678e-28
   4.2000778e-10   9.6542430e-16   1.9998846e-22   2.9881040e-21   1.7809985e-20   3.0517025e-05   1.9849358e-35   4.5994662e-47   1.0929167e-03   4.4961746e-24
   3.5078851e-04   5.3106314e-17   5.9058481e-21   8.3844932e-24   1.7340736e-18   1.9272603e-05   2.5578087e-34   6.7958158e-49   9.0911294e-04   1.0276361e-25
   7.3696095e-04   1.4218460e-11   4.2260207e-14   2.1842746e-23   5.5280862e-20   2.6766521e-05   4.2747744e-31   4.5650232e-30   8.0172719e-04   3.2565342e-35
   8.1696353e-04   1.5377931e-04   6.1446942e-25   2.7014856e-27   1.4719525e-19   3.9885865e-05   5.1839393e-31   2.1587215e-43   8.0936559e-04   6.2550879e-55
   8.8139462e-04   5.9447210e-05   4.8702518e-30   3.8557385e-29   1.2180315e-22   2.6312658e-05   3.9551271e-32   7.6821122e-47   8.4203065e-04   3.4146322e-43
   5.9360122e-04   6.4176193e-07   5.4037719e-34   5.0235381e-40   9.1390087e-25   2.2149068e-05   2.4907560e-25   1.1346438e-15   9.4003953e-04   2.4234713e-13
   8.4776011e-11   5.1663441e-17   1.1704827e-45   4.1449488e-48   1.7997115e-23   2.7497191e-05   3.7327588e-33   1.1787069e-19   1.0952225e-03   8.5452861e-04
   8.1172327e-11   2.3398457e-12   5.1500358e-34   1.7849099e-44   3.1617871e-28   1.0682933e-05   1.9304998e-34   2.7236089e-39   1.2710758e-03   7.1340019e-04
   1.3484069e-20   7.6270648e-20   3.8106218e-50   1.2285561e-48   1.2921321e-30   2.4343380e-06   6.3589286e-34   1.0197481e-37   1.4138244e-03   3.8017292e-05
   1.9346290e-21   1.1247447e-13   2.0746410e-29   6.4490150e-41   3.1659539e-30   2.9303119e-06   6.9034142e-40   8.1792094e-26   1.4620848e-03   1.8866518e-28
   7.3266061e-15   1.3331212e-04   3.0060566e-18   1.5284572e-30   4.7025110e-26   1.9881170e-06   1.8326838e-39   1.9328721e-36   1.2854344e-03   3.8449629e-41
   1.9896876e-09   1.2221849e-04   1.5789176e-24   4.6178436e-32   5.7037775e-12   1.7875325e-05   7.4023850e-23   7.7494251e-25   9.9954340e-04   6.4203452e-29
   1.5745815e-10   2.7324674e-07   1.7532022e-24   5.6204335e-33   4.6585565e-16   1.1865852e-05   5.4962842e-31   8.8698063e-36   1.2068906e-03   1.0263578e-28
   6.8814125e-13   2.9629948e-11   3.6898186e-21   1.0971476e-28   4.0426747e-16   1.7895292e-05   1.2361160e-26   2.9598187e-35   1.1674498e-03   6.3679906e-24
   7.0888679e-20   6.4075399e-05   6.8013214e-27   2.6349063e-34   3.0755214e-21   5.1792231e-06   1.8621708e-32   7.6527089e-51   1.3574571e-03   6.8656420e-33
   1.6233260e-19   2.4428590e-30   1.3957662e-33   1.8336345e-35   3.3071496e-26   6.2472500e-11   8.3646059e-34   1.7062222e-33   1.4513436e-03   2.1222844e-48
   8.6179771e-26   5.5391067e-05   6.5670815e-44   1.3475614e-42   5.0841937e-31   3.3650869e-06   5.3046775e-40   2.5857603e-29   1.6025228e-03   4.5506996e-42
   2.8636898e-28   7.9003233e-05   2.3320141e-56   2.2776793e-39   8.2880962e-33   1.6898139e-06   1.6907954e-41   3.9497367e-42   1.6422991e-03   4.5058882e-41
   4.2205942e-22   1.5957527e-04   1.5063336e-57   1.8455659e-35   3.0840441e-24   6.5328817e-10   5.0088027e-29   7.4337918e-58   1.4046175e-03   1.0240776e-54
   6.3738713e-19   4.2513334e-05   2.6966163e-41   1.9172888e-44   1.6253849e-20   1.1721882e-08   1.0590923e-27   1.2289574e-40   1.4044331e-03   7.7607229e-48
   4.8700224e-23   1.3665563e-06   8.7051021e-48   3.4540825e-41   3.4840584e-26   6.9538492e-10   7.5153684e-30   2.8339088e-61   1.3778370e-03   3.0986365e-33
   3.3149556e-18   1.7161967e-16   9.7362980e-36   5.8042186e-33   1.6107503e-27   6.8127835e-10   7.4135315e-26   1.8911673e-41   1.3686179e-03   1.5801903e-40
   2.0012714e-16   3.3310710e-28   2.8568217e-43   2.7638131e-32   1.5042093e-26   6.7350751e-08   3.0895115e-28   4.3325485e-41   1.4088504e-03   4.1351928e-44
   1.3161841e-27   5.3848607e-13   5.5019451e-49   3.4709671e-37   2.3801113e-30   1.2722906e-07   4.2390456e-34   2.5279674e-45   1.7354555e-03   2.2415296e-66
   1.4224106e-29   3.4105547e-05   1.9188869e-39   7.3834993e-29   8.3091070e-32   3.7206912e-07   3.3991688e-27   3.2155918e-32   1.6596911e-03   7.8009856e-74
   1.3496555e-28   4.7720738e-05   1.3184924e-41   5.4342479e-28   3.2068571e-31   2.1063261e-07   6.2112360e-28   6.3167394e-28   1.5904437e-03   2.6046724e-63
   3.6000561e-24   1.7433942e-12   1.6215659e-42   7.1330162e-28   1.9509823e-32   8.3396287e-09   1.1319266e-34   9.5549395e-45   1.7141566e-03   5.8203260e-60
   1.3373900e-31   8.4045573e-19   6.0523235e-57   3.4213080e-35   3.5052022e-31   2.4160361e-13   3.2186940e-39   7.6308120e-59   1.7061506e-03   4.2583977e-75
   3.6482328e-37   1.4641178e-10   1.4849165e-50   1.1931899e-40   4.5780257e-36   3.1258385e-11   6.7836865e-41   3.8652009e-57   1.6807686e-03   3.0468404e-75
   1.3276010e-29   1.9735290e-21   6.5112898e-41   1.1349474e-33   4.8190456e-35   2.2180047e-08   4.3261199e-36   4.8094892e-59   1.6464120e-03   6.9738990e-68
   7.6059144e-30   6.2195302e-19   2.4472337e-40   2.1142176e-32   3.0725421e-39   5.3719121e-09   4.7156488e-36   7.4099533e-43   1.5882743e-03   1.9018398e-68
   2.7570084e-30   1.4803355e-16   1.5106419e-36   2.8571024e-32   1.2396574e-32   6.1378578e-09   3.6057454e-30   7.4315003e-42   1.2878149e-03   5.8170223e-54
   6.3917014e-27   7.3460257e-18   4.1387308e-28   1.8459626e-21   3.8908459e-21   7.1658702e-06   5.8273377e-22   1.0915060e-32   1.1146588e-03   1.4590124e-36
   1.6869310e-31   3.0149288e-05   2.2746020e-24   5.1635151e-23   1.7915340e-26   3.8446834e-07   6.8229574e-31   2.7161804e-38   1.3220970e-03   9.3755740e-40
   6.1269858e-25   5.3499837e-27   2.0375485e-20   4.8968207e-12   1.1473191e-26   3.2953904e-06   3.5344914e-27   4.6171324e-47   1.1229429e-03   4.9047304e-44
   4.4066408e-13   3.4677064e-10   1.8190249e-16   6.1104046e-05   1.2017343e-25   1.0831066e-05   5.4102795e-19   5.6571462e-44   8.7275331e-04   4.9877845e-39
   4.9145406e-27   1.6458750e-05   2.4403852e-35   5.1726170e-13   2.3790108e-27   3.1458934e-06   5.2696964e-27   6.3077974e-31   1.2447545e-03   4.6910504e-39
   1.0732539e-28   3.4149804e-06   5.8633901e-23   2.1363109e-13   3.0279843e-31   1.9605453e-06   2.8345872e-26   8.1207409e-24   1.1548198e-03   9.8784531e-42
   8.0150340e-26   4.1523237e-07   6.2982850e-29   2.3482878e-20   3.5898647e-33   6.8481420e-06   7.3247461e-35   3.0810589e-45   1.1622797e-03   2.6752865e-62
   4.3084257e-27   7.7537709e-12   2.7710104e-31   8.8812452e-27   1.1409395e-35   8.7922094e-08   2.9076261e-36   2.0487288e-51   1.1536587e-03   3.6032770e-44
   2.1893851e-30   2.4351814e-17   4.8066538e-41   5.9173150e-27   1.4024857e-35   6.9972956e-07   6.1762889e-35   6.3104830e-37   1.1603573e-03   8.4309026e-37
   6.1123666e-29   4.5987568e-16   6.2345993e-44   1.3070710e-27   5.0086468e-31   1.6307077e-08   6.7821787e-29   2.4083989e-30   1.3130350e-03   9.8088388e-35
   5.5874109e-29   1.4546089e-04   4.3267820e-36   6.0107616e-29   2.7352635e-30   1.6487680e-06   8.6346905e-28   4.9883778e-36   1.2972304e-03   4.6698206e-43
   1.8536537e-28   4.2645192e-05   9.6519998e-26   1.1341209e-19   2.2161977e-34   1.3495374e-06   5.5555357e-23   1.0429938e-28   1.1994163e-03   1.4144373e-51
   4.7097373e-24   1.0703326e-11   1.3636140e-28   2.3645484e-19   3.8168818e-26   8.4929761e-06   2.5100681e-22   1.7467159e-24   1.1335995e-03   1.8347617e-43
   3.8275882e-26   1.1009477e-10   5.8285035e-16   6.0091369e-19   2.6860572e-31   6.4530816e-06   4.9220280e-21   3.9534435e-19   1.1338304e-03   1.4932902e-58
   3.1248113e-34   1.4953860e-04   8.3676991e-36   1.5095541e-18   1.0182518e-30   1.3602657e-06   5.8391892e-24   5.2661748e-19   1.2223172e-03   2.2013496e-48
   1.3673244e-25   2.0655857e-13   1.1057201e-49   2.4247196e-11   1.4100250e-24   1.2193504e-05   8.5930348e-21   7.5186648e-24   9.2323110e-04   8.8290265e-31
   1.0953877e-21   2.7480029e-21   2.9390015e-38   5.7079908e-17   2.6636387e-27   1.2469180e-05   2.7230962e-24   4.9224126e-25   9.5320356e-04   9.2510468e-31
   4.3932505e-13   5.6790883e-19   8.8484701e-24   1.7061241e-14   3.1761519e-25   2.9162761e-05   1.2107615e-18   1.0503935e-10   7.7179543e-04   5.9820172e-30
   3.9925717e-19   5.9646218e-23   2.1098013e-30   4.6146662e-15   8.7792483e-21   3.0047471e-05   3.5784318e-15   2.2570200e-08   7.5043573e-04   1.0086336e-33
   4.0516334e-27   1.1548356e-34   1.0717747e-22   1.9172224e-14   1.1578672e-22   9.5889602e-06   7.3022319e-17   5.0411510e-08   8.2389743e-04   2.7114452e-47
   2.9936621e-22   2.2436430e-49   5.1149639e-13   8.6185806e-11   1.1773903e-27   1.5824594e-05   1.7502474e-08   7.9612050e-05   8.4031625e-04   5.9382373e-49
   6.7575298e-22   3.5106134e-37   7.5342777e-16   1.1614587e-10   3.7742565e-33   1.3618544e-05   1.2683530e-08   2.3969199e-04   8.0078742e-04   5.9816156e-34
   4.2600225e-19   6.4885074e-35   2.7652986e-12   3.5962399e-13   7.9123713e-30   3.8062821e-05   3.0292731e-12   1.5920033e-05   7.3060319e-04   1.2768948e-22
   1.9789805e-22   1.8992246e-29   1.2356556e-12   4.5191576e-11   2.9762315e-32   4.2206134e-05   3.1422135e-06   3.8872935e-04   7.5168505e-04   2.4082604e-26
   2.6958231e-16   1.0910265e-34   1.4672454e-22   7.8712891e-10   6.9118134e-24   4.3758636e-05   1.2362201e-04   2.6771986e-04   6.5701818e-04   3.1384782e-33
   6.7215236e-14   3.7594680e-28   1.1187627e-36   5.6819849e-13   6.8193020e-28   5.2684262e-05   6.6321431e-06   1.7326339e-04   6.1926510e-04   3.0100124e-41
   3.5199835e-17   2.2289957e-38   1.1121010e-30   5.3536282e-16   5.7268615e-26   3.5587206e-05   2.6777492e-07   2.4522967e-04   6.2438038e-04   2.7130034e-35
   8.7783577e-14   1.0457405e-56   2.7522173e-31   9.9574284e-13   1.0415748e-23   4.2455535e-05   1.4177944e-06   9.8862287e-07   6.3971829e-04   3.4723612e-27
   1.6163827e-16   2.4924058e-54   6.1948145e-25   2.7672885e-13   1.5807578e-24   6.9264511e-05   3.3106744e-05   1.7990908e-10   5.8468033e-04   1.5641799e-41
   2.5740779e-09   6.2597910e-63   1.3601652e-12   2.8129869e-17   1.8321528e-21   6.1000301e-05   1.1995119e-04   1.6847780e-05   4.2890003e-04   3.5506274e-37
   5.8156408e-12   1.2753769e-41   5.2042482e-05   3.4203445e-12   2.5579761e-24   2.6873356e-05   6.9712795e-05   2.7250635e-04   4.7999242e-04   1.6559615e-05
   4.9547409e-16   4.7770075e-23   2.3947656e-13   1.7793793e-05   7.6613827e-22   3.0221147e-05   8.9307971e-05   4.7448333e-04   4.8390890e-04   3.9356555e-04
   1.6421395e-08   2.9965764e-38   1.6062893e-20   1.5560523e-16   3.3981987e-20   5.1452868e-05   2.4934568e-04   4.9549034e-04   3.6561402e-04   8.6179147e-10
   5.1344243e-12   1.9344022e-53   8.8214885e-25   5.0458352e-17   5.3318532e-25   5.9487151e-05   2.8660930e-04   3.0522633e-04   3.8987519e-04   1.0442133e-20
   8.6138898e-14   5.1157043e-52   4.0301348e-15   1.0592047e-09   1.6435165e-24   5.6761654e-05   2.3188250e-04   1.6229372e-06   4.0505250e-04   2.1923200e-15
   6.9506793e-13   1.3902958e-41   6.5420471e-22   2.3922922e-10   2.4388196e-19   4.2976854e-05   2.5319762e-04   3.1218344e-04   3.3634238e-04   1.9644602e-04
   1.0371168e-10   3.3685674e-44   1.4394252e-13   1.2550604e-09   1.0702704e-12   3.9908397e-05   2.1968874e-04   6.8534189e-04   3.6039680e-04   5.9098288e-05
   6.8069336e-12   2.2032561e-38   7.7083997e-17   2.3267933e-05   1.5163481e-23   4.6230062e-05   2.6095384e-04   6.0834293e-04   4.1217973e-04   4.2229090e-10
   9.8189890e-13   5.6300428e-26   3.9705377e-21   8.8425229e-05   2.7173752e-28   2.5678755e-05   2.8854722e-04   6.5509699e-04   3.9216114e-04   6.2429447e-40
   7.0380269e-09   3.7479488e-26   4.1925618e-20   9.1365141e-05   1.4761859e-23   2.3176022e-05   4.4231291e-04   3.5809266e-04   3.2058870e-04   1.1581328e-30
   3.9206035e-07   1.1607662e-19   3.2923801e-25   1.2652774e-04   3.0325441e-23   3.3281349e-05   3.6265788e-04   3.8763032e-04   3.3454569e-04   1.3240517e-28
   1.6839570e-16   9.0540239e-28   3.0871838e-32   4.9506690e-05   2.9864164e-23   3.8957553e-05   4.2116167e-04   1.9257389e-04   3.3048099e-04   2.1502467e-14
   2.9469775e-15   2.5411038e-48   1.8614593e-31   2.8436147e-05   2.9621003e-18   5.1906813e-05   3.8283243e-04   2.9209460e-05   2.7795653e-04   4.2457333e-08
   1.2513251e-15   1.3247734e-35   2.6216861e-34   2.5810022e-12   2.9655280e-15   5.2659736e-05   3.5995729e-04   2.1448019e-04   3.3725915e-04   9.2191098e-10
   2.0618033e-12   4.2270726e-30   1.7925311e-35   5.2854839e-11   1.9798143e-16   1.6842069e-05   3.4878256e-04   1.2796077e-03   3.3725296e-04   4.8282009e-04
   3.9578517e-18   1.5536632e-19   5.8850388e-36   2.1629176e-08   2.0203321e-21   1.2186973e-05   2.7299541e-04   1.3247019e-03   3.4699050e-04   9.3187368e-04
