   5.6563364e-03   5.8557931e-03   4.0027195e-04   9.4468615e-03   3.6530009e-03   6.5385409e-03   6.6065062e-12   1.9081383e-56   5.4153683e-03   2.7627793e-03
   5.7597909e-03   6.1967956e-03   3.6678782e-03   1.5626728e-02   1.0156727e-02   7.2831593e-03   4.6583653e-16   3.0408314e-10   8.5811444e-03   1.0111765e-02
   8.7536583e-03   2.2905633e-03   1.4300806e-09   1.2410883e-02   8.2531101e-03   4.9965814e-03   4.6730574e-14   1.4372182e-16   7.4767879e-03   6.8847141e-03
   4.7425391e-03   6.0869485e-04   2.4089352e-45   5.9602315e-03   5.4608831e-03   3.7410924e-03   9.4545685e-24   4.6297995e-13   3.4189078e-03   1.6744288e-03
   1.2210131e-03   9.4746152e-05   8.1964932e-65   2.7447094e-03   6.2290163e-03   2.2786196e-03   6.4081594e-21   2.2880322e-09   2.4015315e-03   5.2350240e-04
   2.6801413e-03   1.2273211e-04   2.3999238e-51   3.0500070e-03   3.8113973e-03   1.6647314e-03   2.2070896e-17   3.9999667e-54   2.2774806e-03   2.8492379e-04
   1.0259307e-03   2.1140035e-05   1.8690626e-42   3.7235831e-03   3.2080037e-03   1.2388825e-03   2.4220739e-13   1.6939341e-37   2.1077636e-03   6.5516854e-04
   5.8256017e-06   5.0639391e-12   6.8352185e-65   7.7690893e-03   2.6382852e-03   2.4144543e-03   5.2497253e-05   5.2453174e-73   1.1918797e-03   7.1333493e-04
   1.3291689e-16   1.2202848e-05   5.9012949e-44   2.6676760e-02   1.1087750e-03   1.4500672e-03   1.4619052e-18   2.6301980e-33   7.9585759e-04   3.8043636e-04
   1.1300734e-16   2.2914729e-03   2.9798375e-19   9.1700395e-02   3.1439918e-04   1.2064502e-03   2.9440012e-18   8.2142603e-14   1.0266153e-03   9.7611493e-05
   4.0840264e-25   5.8710490e-02   1.5431387e-25   1.6256607e-01   3.5458860e-05   6.0408688e-03   5.5527513e-17   6.3908106e-33   1.6459917e-03   1.2527099e-05
   1.9830548e-37   3.1177799e-01   2.3347992e-25   8.9994923e-02   3.5790689e-07   6.3948615e-02   1.3893904e-21   5.3914278e-28   5.8417824e-03   1.8065233e-12
   7.8317212e-35   2.5505240e-01   3.3923140e-01   1.1656297e-08   6.4519503e-08   1.1354730e-01   6.1693643e-26   2.1311647e-42   6.0963529e-02   4.3613185e-14
   5.3814795e-30   2.2666416e-02   3.5931468e-01   6.6268972e-32   7.4165313e-15   4.6312490e-02   2.5139411e-37   6.4107697e-56   1.5845281e-01   1.1258689e-15
   6.7932359e-30   1.3664491e-03   2.9793999e-04   2.9173054e-13   6.6016695e-07   1.4880574e-06   3.5230733e-19   1.2205846e-41   1.4258936e-01   1.2454020e-15
   3.7023922e-12   7.9629331e-06   1.8168256e-46   1.7221168e-03   2.9856117e-04   1.1809384e-04   1.6406658e-07   1.7768195e-03   6.4052932e-02   3.5772769e-06
   3.6423646e-08   6.9227798e-10   1.2753768e-62   4.7893725e-03   7.7712977e-04   7.4881063e-05   1.3111069e-10   9.9652209e-04   3.3693684e-02   8.7009857e-05
   4.3062211e-06   7.4307480e-16   4.0698401e-46   1.0712788e-02   5.5395280e-04   8.7552712e-07   9.2235122e-14   3.3156569e-29   1.6550542e-02   1.6688671e-04
   9.0236746e-05   2.4890267e-23   8.1086879e-43   1.8166758e-02   5.6893611e-04   7.1253782e-06   1.6541660e-16   1.2101759e-20   8.2672022e-03   1.1172613e-04
   9.2341104e-05   2.1720642e-12   2.3930493e-17   3.7455818e-02   1.3455780e-04   1.2742881e-04   5.2945035e-09   1.0250658e-51   3.6610426e-03   2.3221206e-06
   2.0213712e-04   1.1724792e-04   2.8307135e-17   6.6268546e-02   2.6793110e-05   3.4393994e-04   3.8002533e-09   2.8997610e-12   1.8779923e-03   1.5174215e-08
   2.9283470e-04   3.3098310e-02   7.4295273e-29   6.6334256e-02   1.1429846e-04   1.9244213e-05   2.5726655e-12   2.0601844e-06   1.5562420e-03   1.8418977e-05
   1.5367177e-03   1.1705385e-01   9.1608520e-39   3.0590073e-02   1.2080345e-03   4.1662055e-03   4.3111732e-16   5.8143266e-04   2.1546800e-03   2.8622042e-05
   1.0120897e-03   9.5024098e-02   1.6146066e-25   7.6258704e-03   1.1885040e-03   3.0125365e-02   2.6465452e-15   8.0427916e-07   2.9662701e-03   8.6056866e-08
   5.6136888e-12   4.3323333e-02   3.8467501e-02   6.0699644e-05   3.3374317e-04   5.4710761e-02   1.5225613e-30   9.2530654e-58   8.6705950e-03   6.8165252e-12
   7.6116480e-04   4.9457296e-03   1.7355160e-01   2.1836391e-14   2.7131083e-04   4.0308445e-02   8.7294420e-29   2.7598245e-13   3.5139146e-02   2.6489920e-04
   4.1277558e-07   2.4229839e-04   7.2140374e-02   2.2570175e-04   2.9684900e-04   7.4432126e-03   2.1797374e-16   1.5833505e-04   7.4930914e-02   2.3370160e-04
   1.2924290e-13   7.6677680e-17   7.3841052e-15   3.8761378e-03   6.7474064e-04   7.1505021e-06   1.7317829e-03   6.3332432e-06   6.6491864e-02   9.5300024e-05
   1.7205823e-03   1.6894512e-38   1.6130735e-52   9.9119183e-03   1.0344052e-03   1.1462941e-18   4.0433143e-04   3.6107800e-08   4.0625319e-02   2.5707855e-04
   5.8984440e-04   8.3401560e-37   5.9621315e-77   1.9765242e-02   1.1918695e-03   1.1398713e-14   1.0292561e-02   1.9362254e-03   2.1377193e-02   2.9705426e-04
   8.5496336e-13   8.9547205e-36   1.1489109e-91   2.8151627e-02   3.9242770e-04   1.0296799e-10   2.3821440e-02   2.4809919e-03   1.1258770e-02   1.0566774e-04
   1.6700456e-11   4.4188630e-20   1.0137650e-65   3.2640688e-02   3.9450677e-04   3.6643142e-04   5.6522076e-05   1.1984069e-10   5.0235939e-03   1.7795397e-04
   4.6896166e-12   3.3372101e-06   7.4684437e-75   2.3252832e-02   1.1385619e-03   1.5543720e-03   1.8410345e-10   1.6381899e-10   2.5565085e-03   8.7080674e-05
   3.2905032e-03   2.8578554e-03   6.0402033e-60   1.2234448e-02   1.4348835e-03   6.8100721e-03   4.3295331e-11   3.8555132e-13   1.4053784e-03   2.5414558e-04
   3.6676821e-03   2.4214007e-03   1.1487190e-68   5.4480607e-03   1.1817972e-03   1.7050146e-02   1.8417521e-05   1.6753651e-13   1.0294489e-03   4.3275442e-04
   5.9794046e-09   2.1276947e-04   2.4266834e-37   2.3108677e-03   6.7135557e-04   3.0645444e-02   8.5215974e-12   8.9669316e-11   7.5484705e-04   2.2319615e-04
   1.7176844e-08   1.8624854e-11   2.7042698e-29   1.5579433e-03   1.4389631e-04   3.8486989e-02   5.3850718e-14   1.5790541e-39   8.0535772e-04   5.5785344e-10
   5.2172885e-24   3.5154750e-22   1.5822028e-12   1.6470350e-03   1.4433553e-04   3.4515326e-02   3.9031508e-15   1.3929680e-07   1.3716926e-03   1.8963840e-04
   1.2568275e-30   7.8392419e-38   7.2268096e-06   3.3977132e-03   1.5111447e-04   2.3319473e-02   4.4161306e-05   1.6155267e-08   5.2879366e-03   1.4051325e-04
   3.0336982e-04   3.5997278e-37   2.9089349e-11   3.3501874e-03   2.0185626e-04   8.9897565e-03   4.0174612e-02   3.9880363e-03   8.6762137e-03   2.5608327e-06
   2.7983534e-17   1.1077797e-35   5.4386791e-31   4.6258922e-03   1.0718670e-04   1.5522703e-03   1.0015634e-01   3.7789766e-08   7.0748961e-03   6.1371933e-09
   7.9453573e-25   3.2085212e-20   1.6250199e-66   5.2779352e-03   2.5626022e-04   1.3046424e-03   1.1723489e-01   8.4012751e-42   4.6635375e-03   8.1044801e-08
   2.9373843e-10   4.8220014e-09   1.2261401e-73   4.7936666e-03   3.4695166e-04   1.9093239e-03   6.5385067e-02   6.8486339e-31   2.5274596e-03   4.1390758e-04
   7.9975452e-04   1.4741279e-04   1.0402059e-85   3.0497377e-03   5.2882487e-04   2.1621673e-03   2.0264216e-02   3.0761187e-15   1.4981361e-03   3.5481743e-04
   3.6269392e-04   4.4600917e-04  4.8262164e-104   1.6341014e-03   5.8670830e-04   2.0219660e-03   1.4662167e-02   2.0020617e-25   8.5765902e-04   4.6167590e-04
   1.1368722e-03   1.2083147e-06   4.4528346e-66   8.6268205e-04   3.2726080e-04   3.8529249e-03   1.1203943e-02   1.8956017e-37   8.0683143e-04   3.5257536e-04
   1.8810896e-03   1.0172640e-09   9.3804837e-80   5.0801555e-04   4.3847564e-04   5.9964476e-03   8.8859570e-03   1.4698869e-10   5.1574338e-04   6.1588663e-04
   1.2326974e-03   4.2388677e-09   2.9222151e-55   3.7956614e-04   3.9441302e-04   8.9062138e-03   5.3808703e-03   1.2300359e-03   1.9740783e-04   3.6716000e-04
   3.2800507e-04   6.6726742e-23   1.3510944e-36   6.2002877e-04   3.8430778e-04   9.5083422e-03   2.3283075e-03   1.5577658e-06   7.2084376e-05   4.2812790e-04
   2.2526106e-07   1.2749662e-28   4.2337183e-43   9.2589055e-04   3.0037552e-04   8.0222452e-03   7.0953844e-03   1.8425847e-14   7.4165460e-05   2.7333035e-04
   9.5003798e-35   1.0830810e-37   9.7799889e-20   1.1903538e-03   1.0091828e-04   6.3373518e-03   2.1291245e-02   1.2917957e-06   3.8041664e-04   1.7139786e-04
   7.6112734e-25   1.3265223e-29   2.6885289e-06   1.3663432e-03   1.1174275e-04   3.6287235e-03   2.3952965e-02   1.2151212e-15   1.1909783e-03   2.9471025e-04
   5.1584256e-04   1.0152721e-19   2.1610115e-07   1.4582920e-03   1.5805876e-04   9.9251667e-04   1.6099986e-02   1.4900848e-24   2.0637144e-03   2.6794603e-04
   8.5237715e-04   5.7261639e-10   6.2427166e-26   1.3328430e-03   8.3199664e-05   3.5351087e-04   7.8421615e-03   1.6753831e-30   2.4889254e-03   2.3754362e-04
   4.8596139e-04   4.4819782e-04   4.7554732e-53   1.2528903e-03   1.9682125e-04   8.8397047e-05   3.9718716e-03   1.8244003e-16   1.9621626e-03   2.8265738e-04
   3.4340529e-04   8.1810679e-04   6.7708719e-64   1.0451973e-03   2.2926134e-04   5.0368600e-04   4.8845386e-03   2.5127797e-18   1.1342355e-03   3.0084054e-04
   6.7616901e-04   1.0796657e-03   1.1938939e-65   9.8434911e-04   3.2218846e-04   8.2783103e-04   4.7708869e-03   4.2464706e-43   7.7465311e-04   2.1526354e-04
   1.4621731e-03   1.8903960e-03   2.0622656e-47   1.0629754e-03   2.7412898e-04   7.6264414e-04   5.6741111e-03   6.6257494e-26   6.7872908e-04   2.5187855e-04
   3.6591563e-04   1.5079006e-03   1.6408739e-52   1.2113286e-03   2.1471545e-04   2.7055368e-03   4.3587170e-03   2.2514768e-05   6.8701712e-04   2.9315864e-04
   4.2231106e-04   4.6625914e-04   2.4661643e-38   1.2886834e-03   1.6000254e-04   6.6753747e-03   4.2688288e-03   5.7438777e-06   6.4104069e-04   3.4087881e-04
   2.3467155e-04   6.2076336e-07   3.6272983e-19   1.0974069e-03   2.4279122e-04   8.2747214e-03   9.8694469e-03   1.9094100e-08   4.7668418e-04   2.9006979e-04
   7.0320452e-04   3.0040426e-10   1.7587310e-07   1.3987371e-03   1.8303410e-04   7.5968403e-03   1.2061227e-02   1.3980961e-04   3.1258071e-04   4.5669793e-04
   1.8642065e-03   7.3195099e-11   2.6986259e-03   1.4515870e-03   3.2078101e-04   6.0571435e-03   3.5850836e-03   5.3951058e-09   1.2609100e-04   3.6564398e-04
   1.7940747e-03   6.1608473e-09   4.3658877e-08   1.2671849e-03   2.3385509e-04   5.7063819e-03   1.3401508e-04   2.6192682e-05   4.0550806e-04   2.7583641e-04
   1.8116871e-03   1.3475084e-06   1.4337720e-03   1.3721808e-03   3.2057375e-04   2.7643840e-03   2.4502598e-04   8.0597108e-09   6.0382226e-04   5.9164689e-04
   4.4655575e-04   1.1698992e-05   4.3596862e-11   1.0552841e-03   6.7409401e-04   2.0239510e-03   1.0014243e-03   2.5907242e-12   8.5710011e-04   6.5714268e-04
   3.7194113e-10   6.4261497e-05   1.0437837e-23   6.2416231e-04   8.9579319e-04   1.2669262e-03   5.2342084e-03   8.7757786e-16   7.5926252e-04   3.5634809e-04
   6.0907567e-06   6.0658334e-07   8.4384100e-87   3.8526187e-04   9.8814350e-04   1.4881851e-03   1.2961997e-02   6.0797523e-32   5.7713101e-04   6.2962088e-04
   7.6291841e-10   5.2627711e-10   2.3148046e-78   5.0719586e-04   8.2551756e-04   1.2435683e-03   1.6844813e-02   1.6065310e-22   4.9293589e-04   7.4336598e-04
   1.2916278e-03   2.0747950e-12   4.4382466e-74   4.9139908e-04   7.8448575e-04   2.2572866e-03   1.0566582e-02   6.7649085e-09   2.6935450e-04   3.9456576e-04
   2.3453633e-03   5.7954669e-16   2.4586382e-52   7.4905312e-04   7.8874650e-04   2.4834410e-03   1.4980889e-02   1.1822860e-07   1.0251510e-04   7.1539769e-04
   5.4697091e-04   1.0171984e-21   2.2606781e-62   7.2729514e-04   7.1700829e-04   3.1439724e-03   2.0473307e-02   1.0555483e-18   1.4519379e-04   6.1625508e-04
   7.1401896e-04   3.4674120e-23   7.1890007e-67   8.3699985e-04   6.6593820e-04   4.3162593e-03   6.5234174e-03   1.9408135e-03   1.8044777e-04   5.4537263e-04
   1.6343817e-03   2.5687614e-11   9.2097716e-52   6.8341684e-04   3.8773992e-04   5.2895189e-03   7.3656983e-03   6.5497637e-03   3.3996554e-04   4.8966166e-04
   2.3788840e-04   6.5798600e-10   1.3683799e-64   4.5467519e-04   6.4170125e-04   4.9202633e-03   9.0041333e-03   5.0182330e-13   3.5398430e-04   5.7766972e-04
   1.0523251e-03   3.9604278e-06   2.8525648e-62   5.0021293e-04   7.1902861e-04   4.4014575e-03   1.8166412e-02   7.8344851e-14   3.2276414e-04   6.4050399e-04
   2.4446882e-03   1.6458826e-07   4.8158963e-40   4.5587729e-04   5.6040977e-04   3.2824025e-03   2.4840619e-02   7.0622221e-03   5.1617812e-04   4.0860770e-04
   3.4179230e-03   1.1927095e-10   5.0187812e-10   4.3089367e-04   4.2438720e-04   2.3609239e-03   2.1931312e-02   1.0797310e-02   9.4462039e-04   1.8175747e-04
   3.3632732e-03   5.2972240e-10   6.6680835e-04   4.0081871e-04   5.4994808e-04   1.4501012e-03   1.1962670e-02   4.5148082e-07   1.3435505e-03   7.9136251e-04
   7.5721420e-04   9.5217082e-13   2.2817655e-18   4.7743152e-04   3.8707525e-04   8.6624410e-04   1.6066314e-02   5.5207957e-11   1.4171474e-03   6.2801629e-04
   5.2390288e-04   4.0471060e-17   1.4974912e-46   6.3076566e-04   4.1945705e-04   1.2738223e-03   2.0697569e-02   1.2979534e-03   9.7471233e-04   3.1478400e-04
   3.5098607e-04   7.0406021e-12   1.9533011e-73   7.3041914e-04   3.8362759e-04   1.5195835e-03   1.7023924e-02   1.7760648e-28   6.2506780e-04   2.5566890e-04
   1.1069487e-10   7.9381437e-09   4.6453558e-61   7.5320683e-04   2.7978834e-04   1.7659165e-03   1.3080652e-02   2.8312823e-11   5.0864211e-04   6.0944708e-04
   1.8375476e-03   3.4024262e-13   1.4392363e-62   5.0761185e-04   1.8372115e-04   2.8955239e-03   8.4347883e-03   1.1452115e-05   2.6548190e-04   3.8078908e-04
   1.3985636e-03   4.6236181e-14   3.3692995e-46   5.0804704e-04   2.7208769e-04   3.6260532e-03   6.5327448e-03   2.9135380e-07   2.3042000e-04   4.0359835e-04
   1.2361614e-03   4.9011284e-10   1.3155850e-53   4.8251295e-04   4.3134394e-04   3.0406822e-03   1.9151876e-03   1.1544668e-06   1.4442904e-04   3.5060921e-04
   6.0871209e-04   4.2672715e-18   1.4454876e-41   3.4341451e-04   3.5700434e-04   2.7415362e-03   8.6944517e-03   7.0083010e-04   1.0488653e-04   2.9124634e-04
   3.8143371e-05   1.0820995e-19   1.3146805e-37   2.7382002e-04   4.0812062e-04   3.4612625e-03   9.6669352e-03   3.3959555e-29   7.2683943e-05   6.0497645e-04
   7.6367016e-09   4.1734858e-20   1.7770765e-57   4.3419987e-04   4.4221688e-04   2.6105834e-03   9.4087400e-03   4.7532477e-28   1.9896978e-04   5.2643418e-04
   4.3257028e-04   2.1800904e-16   1.9427752e-42   5.1820083e-04   3.0060111e-04   2.0370707e-03   1.1932915e-02   2.4971895e-42   3.3767303e-04   4.3472083e-04
   7.9909927e-04   2.4102581e-12   1.4232591e-08   5.1668847e-04   4.0628143e-04   1.8851621e-03   1.2411397e-02   3.3228347e-23   5.0110367e-04   3.8685129e-04
   1.6715982e-04   4.6732781e-14   4.2538089e-04   5.1762234e-04   3.7453853e-04   1.9792815e-03   8.5344449e-03   3.0530344e-05   7.7973501e-04   4.9044078e-04
   2.3982293e-04   6.1077839e-11   1.8707350e-16   6.5760074e-04   4.4172087e-04   1.4848526e-03   5.5227632e-03   2.6008730e-03   1.0280452e-03   4.1927722e-04
   6.7097224e-04   1.5616063e-07   7.5078607e-38   6.5858907e-04   3.0054786e-04   2.3299138e-03   1.7258368e-03   4.7936736e-04   9.9970815e-04   6.8183707e-04
   5.3480903e-05   1.1311658e-05   1.1086627e-58   5.7446338e-04   1.7760086e-04   3.4878143e-03   4.7345960e-03   1.2248443e-10   8.6569176e-04   3.7897075e-04
   8.0748083e-04   4.2025766e-09   2.2259460e-54   3.4285437e-04   1.7354016e-04   5.4862417e-03   2.8822916e-03   7.1537112e-18   7.3956887e-04   3.7972531e-04
   4.7353115e-04   2.4846596e-08   2.6064713e-57   3.8772853e-04   2.4566569e-04   5.6829230e-03   6.6208887e-13   4.0794451e-18   6.5694021e-04   3.5595531e-04
   3.5260288e-04   8.8870578e-11   7.0643907e-37   6.9166586e-04   4.2545622e-04   4.5931903e-03   1.0211279e-03   7.3254492e-35   4.0188200e-04   3.0694653e-04
   4.6861446e-06   7.5229453e-06   3.7337577e-26   6.1348764e-04   3.6000273e-04   3.5832965e-03   5.4200460e-03   2.4773549e-15   2.5214755e-04   5.7123874e-04
   3.4906688e-09   1.4969544e-11   1.6367285e-22   5.9989196e-04   4.0585612e-04   3.7561007e-03   8.4993455e-03   1.2444584e-14   2.6355943e-04   4.4347220e-04
   2.3712238e-07   2.7553526e-08   4.6905047e-21   6.7597650e-04   3.8313829e-04   3.2193617e-03   5.4794451e-03   7.7185935e-27   5.3994755e-04   4.9394975e-04
   1.7201993e-08   3.1020768e-07   2.1131321e-20   7.4097110e-04   3.7022220e-04   2.6647864e-03   4.7705469e-03   2.7046039e-12   4.7455851e-04   3.6952616e-04
   1.1301574e-19   4.4867491e-06   1.4505602e-30   6.8922547e-04   4.1325485e-04   2.2268199e-03   5.2635216e-03   2.5285451e-19   6.2459425e-04   2.6310701e-04
   2.2393202e-04   4.7388077e-09   1.0160432e-24   6.5128688e-04   3.4608083e-04   2.3790923e-03   1.7561743e-03   8.1391230e-05   8.9466025e-04   1.2380106e-04
   3.0965431e-04   4.8309973e-08   6.1074221e-20   6.6735900e-04   2.0058665e-04   2.7101237e-03   7.6372608e-04   3.4586210e-06   8.9044186e-04   2.6322888e-04
   1.9162522e-07   2.3307247e-05   2.3434114e-32   5.8274720e-04   2.8279087e-04   1.9991289e-03   1.1149227e-03   3.9290739e-09   6.6706721e-04   4.5136839e-04
   5.7827836e-14   5.7221773e-05   1.8026224e-63   4.7424763e-04   2.9510573e-04   2.3553127e-03   1.5094670e-03   4.4893885e-12   6.8839114e-04   4.6620296e-04
   9.9995505e-25   1.9797168e-06   6.0921936e-67   4.8857884e-04   3.8659658e-04   2.7124375e-03   1.0665515e-03   9.1601971e-24   7.7495893e-04   2.4735261e-04
   2.0988804e-05   1.0466335e-06   1.3003601e-81   4.4770159e-04   5.4485104e-04   2.9817510e-03   1.3681995e-03   1.3503877e-12   7.6295932e-04   1.8983258e-04
   8.6500812e-10   1.2605103e-07   3.9710853e-57   2.8113490e-04   5.7124955e-04   3.3111528e-03   3.9304436e-03   9.5232354e-05   5.5799208e-04   3.2169118e-04
   5.8447675e-04   1.8551646e-10   1.3828691e-48   1.4694553e-04   5.8772736e-04   2.6620404e-03   4.9535556e-03   2.6713962e-09   3.2015064e-04   4.9243677e-04
   8.4953298e-04   1.7269589e-17   3.2871932e-48   1.8532413e-04   3.3506110e-04   2.5940177e-03   3.5972663e-03   4.8539591e-06   3.2420020e-04   2.4637355e-04
   5.9059959e-16   9.9091251e-16   2.7800523e-58   2.8936843e-04   5.4298607e-04   2.5936128e-03   2.1256756e-03   9.6327952e-11   3.0776646e-04   4.3017763e-04
   1.8307050e-03   2.3064842e-10   5.1099263e-35   3.9361690e-04   6.0101818e-04   2.2637445e-03   2.9835153e-04   1.7561676e-24   2.8673090e-04   3.4861891e-04
   2.6386784e-03   3.3350427e-10   4.2667566e-48   3.7367429e-04   5.2505098e-04   1.7908736e-03   4.3040561e-04   8.0301591e-04   3.3520212e-04   2.8893816e-04
   4.6140644e-04   5.4841205e-08   5.4251837e-44   3.8883256e-04   5.0575998e-04   1.8997090e-03   3.3218947e-10   7.7304317e-12   4.6679849e-04   2.5251095e-04
   4.3870348e-04   1.0924585e-06   1.0804707e-29   3.8519316e-04   5.0433094e-04   1.8596849e-03   2.8088186e-10   2.2031837e-04   7.1880080e-04   1.7495961e-04
   2.4951659e-07   5.8447400e-06   3.0058317e-17   4.6652749e-04   7.0420589e-04   1.5691212e-03   3.7830802e-05   1.9440661e-03   1.1796535e-03   1.5800080e-04
   6.0665988e-13   3.8311063e-05   1.4301738e-23   2.7716226e-04   1.0724627e-03   1.2905673e-03   4.6560400e-04   5.2349884e-12   1.2847380e-03   5.3006217e-04
   7.0386365e-04   2.0847163e-06   2.9777123e-38   4.0913662e-04   9.5425828e-04   1.2119026e-03   1.5237292e-03   5.3683156e-16   1.0995116e-03   6.1555158e-04
   5.8030152e-04   3.4493130e-10   5.0420877e-51   5.0115167e-04   9.3743612e-04   1.1586803e-03   4.4104923e-03   1.6040715e-46   1.0533605e-03   1.9281853e-04
   5.3937735e-17   3.7539946e-12   4.8224367e-57   5.5138976e-04   9.1906745e-04   9.0018680e-04   5.1400051e-03   1.7933855e-38   8.4585445e-04   6.8828653e-04
   1.5485274e-20   2.8630687e-11   8.0147770e-61   7.1076345e-04   7.3452345e-04   9.0406258e-04   4.1637236e-03   1.0238048e-23   8.3559885e-04   5.6571757e-04
   5.3784745e-04   1.9211285e-14   4.6303098e-56   5.4120487e-04   7.8571723e-04   1.0839803e-03   1.7956515e-03   6.5692471e-16   9.3787976e-04   5.2223636e-04
   1.8728376e-03   2.3829828e-15   2.3197524e-47   6.1667112e-04   9.3586398e-04   1.1039462e-03   1.2667722e-05   9.7408547e-22   9.7455290e-04   2.4101936e-04
   1.6439428e-03   2.2671550e-15   9.7854665e-44   5.4369836e-04   1.1222404e-03   9.2281696e-04   2.5670002e-05   1.3309905e-20   1.0539132e-03   1.3908090e-04
   6.5302385e-04   9.2666369e-13   1.7180179e-63   5.3570088e-04   1.4536461e-03   6.9506809e-04   2.3791802e-05   2.2042120e-04   9.2900631e-04   2.8569871e-05
   6.7303444e-04   1.4338758e-11   1.3681246e-66   6.7885624e-04   1.9238431e-03   4.8589137e-04   8.9775219e-04   4.0888585e-34   6.9124420e-04   1.8415030e-04
   1.3354663e-03   1.7699930e-13   1.1161136e-39   9.2816958e-04   2.9066486e-03   2.4635363e-04   1.6076762e-03   1.3915683e-45   6.8841235e-04   1.3764348e-04
   1.9263951e-03   1.8203496e-14   1.0120326e-16   9.4110236e-04   3.0993392e-03   4.1876134e-04   6.9191605e-04   3.2968577e-28   6.3868059e-04   4.4029316e-05
   9.4176847e-06   2.2646153e-12   6.9677767e-23   6.0099425e-04   3.4695628e-03   3.7034245e-04   3.7264624e-04   8.7259366e-18   9.3201070e-04   1.6714039e-05
   3.8039600e-04   1.5596284e-16   1.2835872e-24   5.1000404e-04   2.4051293e-03   5.7849055e-04   1.2244054e-03   2.1778332e-31   8.0996772e-04   1.9269186e-04
   8.3442015e-12   1.5705223e-20   1.1455831e-50   6.0440777e-04   3.3504807e-03   4.8972562e-04   5.1796098e-04   6.2657420e-12   7.9089828e-04   1.6632364e-04
   5.6864372e-13   5.0827946e-17   1.2526195e-70   4.4432786e-04   2.6014606e-03   2.5702184e-04   3.8779792e-09   1.8654359e-07   1.2848473e-03   1.5549345e-04
   2.0596544e-05   4.4207821e-13   5.1588790e-60   3.6338238e-04   1.5473484e-03   6.3586846e-04   4.3582904e-12   1.6096282e-17   1.0924632e-03   3.0208215e-04
   6.2517196e-11   6.3780434e-15   2.4132214e-56   4.7909772e-04   2.0132103e-03   4.7044032e-04   2.6332797e-07   2.0073382e-43   8.2962204e-04   3.7436212e-04
   3.2404729e-04   7.0351534e-11   6.3993439e-58   5.1153878e-04   1.8186417e-03   2.1439216e-04   6.4350231e-05   6.8993006e-33   8.8050661e-04   2.8081748e-04
   5.1660080e-04   1.8267344e-10   7.5578255e-68   3.7177453e-04   1.8064640e-03   2.6593206e-04   8.1547777e-04   1.1928601e-03   8.8186730e-04   1.0351855e-04
   1.0689081e-04   3.4092272e-06   1.4625203e-58   3.4666554e-04   1.7821830e-03   5.1110072e-04   7.4626158e-04   1.4883747e-20   8.0727552e-04   1.9694336e-04
   1.5237431e-03   3.5949752e-06   5.6106480e-49   5.1390973e-04   1.5284616e-03   4.6938279e-04   5.8169837e-04   1.7787020e-54   6.6357544e-04   2.0818906e-04
   1.5587561e-03   7.8944198e-06   1.2222107e-48   5.3725813e-04   1.6486621e-03   5.8620233e-04   3.8116075e-16   1.0367779e-18   3.9620855e-04   1.8541742e-04
   1.1020761e-03   8.0634321e-09   1.8938107e-43   7.3072460e-04   1.8328206e-03   5.5570526e-04   5.4376352e-09   7.0369410e-18   4.3319570e-04   1.0757382e-04
   1.2933914e-03   3.1762103e-07   4.4222997e-33   7.5964495e-04   1.5824830e-03   4.9222136e-04   7.6886116e-13   1.9909259e-03   6.5751214e-04   1.1976038e-04
   1.4497742e-03   3.8215710e-09   6.7295561e-33   7.5719159e-04   9.9528732e-04   1.2755060e-03   5.2644150e-22   2.2378462e-03   6.1514803e-04   1.4194609e-04
   6.0784155e-04   7.0455756e-09   2.3078732e-36   5.4069826e-04   1.1549132e-03   1.3834684e-03   1.2987468e-15   1.2205757e-03   6.9734781e-04   1.3335998e-04
   2.3246083e-05   4.2063254e-09   1.1232146e-29   7.0828815e-04   1.5519916e-03   7.8746355e-04   2.6367775e-13   1.6651588e-51   5.9634768e-04   3.4106395e-04
   2.2927299e-04   5.5141375e-10   1.1653624e-57   7.1071432e-04   1.4679231e-03   6.0629197e-04   6.1553947e-14   2.7350814e-16   8.3967249e-04   3.6580420e-04
   7.3856308e-08   2.6721770e-06   7.7028782e-42   9.0934199e-04   1.4182904e-03   5.9989961e-04   1.1554887e-11   5.4934513e-14   1.2456513e-03   2.9725496e-04
   1.0023306e-04   5.6301523e-06   4.8329837e-41   8.2126575e-04   1.8850039e-03   6.2547756e-04   1.3904808e-04   1.2308858e-11   1.1549078e-03   1.9193000e-04
   8.9604377e-04   1.1496385e-04   8.5381794e-59   5.7476575e-04   1.9133930e-03   6.0059841e-04   7.5800326e-04   3.0047206e-23   1.1000429e-03   2.0383134e-05
   4.8066204e-08   2.6918290e-05   1.1234387e-59   7.5690962e-04   2.1933608e-03   4.3801728e-04   1.3795443e-08   1.5859702e-03   1.1399339e-03   8.1216397e-05
   8.8317856e-16   2.2897748e-05   1.2699917e-48   1.0672199e-03   2.0077631e-03   6.6294070e-04   9.5135027e-04   1.6289828e-11   7.7627499e-04   1.1652888e-04
   2.5537240e-09   1.0295302e-07   7.5996940e-31   1.1999055e-03   1.8385539e-03   8.1173464e-04   5.1793323e-04   7.8743329e-14   5.8189846e-04   1.5299974e-04
   5.8326472e-06   6.0992128e-04   5.0725563e-18   1.0442083e-03   1.8232325e-03   8.4736245e-04   1.9896872e-10   4.3898595e-25   4.4913241e-04   2.9829611e-04
   4.2132520e-12   8.9727101e-05   9.3252446e-14   8.5887534e-04   1.7813214e-03   9.5775352e-04   3.0796915e-18   7.4998144e-25   4.1336554e-04   2.7680620e-04
   1.5757206e-13   1.9453917e-14   3.3199023e-08   9.1657100e-04   1.5806226e-03   1.1172044e-03   1.3860354e-21   6.6018700e-24   5.5739980e-04   1.6931455e-04
   4.2869695e-22   1.4853429e-12   5.2696438e-13   7.4035104e-04   1.8054454e-03   1.2074181e-03   2.8160032e-15   5.0929114e-10   7.7696085e-04   4.8173339e-05
   6.7013599e-23   1.2505606e-11   1.9668298e-18   9.7438030e-04   2.3723481e-03   6.3342719e-04   2.0974526e-13   2.6378024e-03   7.6836425e-04   5.9090282e-06
   4.2064838e-13   5.3003934e-05   3.2961572e-28   1.0327516e-03   1.9873535e-03   4.6299103e-04   4.9988760e-18   8.2117983e-04   7.8448131e-04   6.5634291e-05
   1.4990587e-05   1.4909963e-04   1.2445842e-34   7.5479347e-04   1.8873631e-03   5.8003439e-04   1.3723415e-20   1.2556689e-22   1.1841698e-03   9.4144079e-07
   1.2486770e-04   2.1646130e-09   4.7593097e-25   1.1113397e-03   1.3195397e-03   7.6850873e-04   3.2791859e-13   2.4229522e-03   1.2664950e-03   6.4804468e-05
   2.7984629e-04   2.1290663e-07   3.6979282e-17   1.3810087e-03   1.8314631e-03   4.6356501e-04   1.7224842e-03   5.5013845e-18   8.5705823e-04   9.6226160e-05
   5.4454297e-06   2.8254977e-06   1.0821501e-15   1.3996099e-03   2.0238742e-03   5.8084830e-04   2.1760117e-03   9.0725371e-10   6.6805043e-04   7.9108448e-05
   5.1354546e-08   1.2862469e-04   1.0387483e-23   1.0294655e-03   1.9887150e-03   8.0207452e-04   4.9088655e-05   1.6080244e-18   8.3028313e-04   2.3421797e-04
   3.7589496e-04   2.8783578e-04   3.1260368e-19   9.3706431e-04   1.9987443e-03   6.4218904e-04   4.2409793e-20   6.5915901e-32   9.7488795e-04   1.4423973e-04
   1.2033274e-05   9.0977385e-05   6.1240087e-21   1.2680964e-03   2.3430698e-03   8.0045598e-04   5.6786363e-11   2.5306543e-08   9.2126011e-04   4.2696521e-05
   1.4184970e-15   2.7034066e-04   2.2553720e-07   1.3679141e-03   2.4140491e-03   8.5735463e-04   3.7269184e-18   8.0744347e-04   6.5716686e-04   4.9188305e-10
   9.6968271e-24   4.4569142e-04   6.6641449e-16   1.0479682e-03   2.6996251e-03   1.4333205e-03   2.7294000e-10   1.7040894e-03   5.6753222e-04   3.7698516e-08
   7.3684649e-09   2.3734852e-04   4.7615534e-08   1.1998047e-03   3.4806937e-03   1.6923731e-03   1.1055704e-04   9.1838821e-31   5.0663456e-04   8.2354669e-08
   5.7771425e-09   2.6534228e-04   1.5780470e-29   1.3736419e-03   3.6750761e-03   1.1772305e-03   1.6994962e-09   7.2491035e-07   7.5924586e-04   4.1032782e-06
   6.6880699e-16   8.3482073e-04   5.9542543e-13   1.6358616e-03   3.5273716e-03   1.2072292e-03   2.4743712e-16   9.8985419e-41   5.5387944e-04   7.0421094e-07
   7.0636663e-17   2.1435339e-04   3.9738955e-14   1.5290507e-03   3.2967880e-03   1.1924922e-03   1.8160961e-06   6.2146814e-61   5.4530448e-04   3.0974741e-11
   1.3798121e-05   3.9403549e-05   1.8176655e-05   1.6930419e-03   2.8253065e-03   9.2952830e-04   7.0281735e-07   8.6194412e-23   6.5109669e-04   4.9054739e-07
   3.8523034e-06   4.4343157e-04   5.4425916e-17   1.6256437e-03   2.8380146e-03   3.5585341e-04   1.6735161e-06   5.8471970e-29   8.7599158e-04   5.4118895e-05
   1.3047596e-03   1.7323942e-04   6.4105486e-21   1.2468818e-03   2.5061405e-03   5.9694993e-04   3.5274115e-10   1.4904413e-25   1.0062414e-03   3.5380678e-05
   6.5275790e-04   5.9921512e-05   3.5622346e-26   1.0718210e-03   2.9143296e-03   5.9004838e-04   6.8486209e-16   6.1294554e-34   1.0190354e-03   9.0328703e-14
   1.5564230e-04   1.8397120e-06   2.2630716e-20   1.2690681e-03   3.0558368e-03   9.2672410e-04   1.0382081e-13   8.0273121e-29   8.5315974e-04   7.5034916e-14
   9.2835899e-04   2.8201174e-08   3.2998402e-18   1.2187807e-03   2.6640512e-03   1.1814775e-03   1.0352514e-09   4.3066434e-08   8.6171003e-04   8.7140136e-05
   1.4532566e-03   2.6292733e-11   3.0728362e-20   1.0257095e-03   2.7531658e-03   1.0118157e-03   3.1971173e-10   1.4536661e-30   1.2675119e-03   4.9668163e-05
   1.6088836e-03   9.9665705e-13   2.7888023e-42   9.1844835e-04   2.5736273e-03   1.0859081e-03   3.4173500e-09   2.1300354e-20   1.4831069e-03   2.1964891e-04
   6.8007246e-05   3.7479884e-10   5.8060995e-48   8.4862313e-04   2.9599199e-03   1.3329434e-03   1.5144547e-18   6.1432163e-10   1.5061989e-03   2.3225474e-04
   1.5672426e-15   6.0537002e-11   2.8772898e-28   9.7952535e-04   2.6157898e-03   1.4609677e-03   1.6640921e-13   1.5200888e-10   1.4317545e-03   6.6636320e-05
   2.4943217e-08   1.0718116e-16   2.2036614e-12   8.5569759e-04   2.9864720e-03   8.5516249e-04   7.7163949e-11   2.8337582e-12   1.5006369e-03   2.8928571e-04
   3.9853212e-05   2.8378452e-11   4.5170265e-04   8.8135375e-04   2.2737485e-03   8.9779636e-04   5.6827276e-19   5.1639328e-15   8.9668235e-04   2.8475574e-04
   7.0657406e-04   2.6154683e-11   4.2626959e-25   6.4765797e-04   1.8282823e-03   1.5775431e-03   7.4331885e-19   3.2508959e-19   6.9694504e-04   2.5842027e-04
   1.1958979e-03   4.3353020e-26   1.1845489e-31   8.4740461e-04   1.9046892e-03   1.9128909e-03   1.4197205e-25   8.2256853e-41   5.6373619e-04   6.2823525e-04
   1.3987609e-03   2.9546571e-17   1.7133716e-35   1.2178517e-03   2.2594111e-03   1.1299977e-03   1.8087032e-30   3.4807966e-47   7.3020433e-04   5.7180806e-04
   1.3796435e-05   3.3451943e-06   2.3943282e-38   1.1902488e-03   2.3660291e-03   7.5661853e-04   4.3878462e-26   6.6941320e-30   8.8074098e-04   3.2481969e-04
   2.0500617e-11   3.6635174e-06   1.7858828e-35   1.2306206e-03   2.3567676e-03   7.6212009e-04   1.1347241e-23   5.6712690e-59   5.8617699e-04   2.9320645e-04
   7.1186975e-04   1.2825566e-07   5.7489373e-22   9.1870637e-04   1.8833016e-03   5.2887141e-04   3.2486577e-35   2.2843643e-22   2.8598327e-04   2.0000431e-04
   1.7791082e-04   2.1259777e-04   1.6179265e-66   8.0965070e-04   1.6420662e-03   5.9029282e-04   4.4809434e-25   5.6069085e-21   3.8687099e-04   4.6274617e-04
   1.5087346e-06   5.9387861e-05   1.6669116e-50   6.9659324e-04   1.7957193e-03   4.6519150e-04   6.4243991e-26   6.3641304e-37   4.2834236e-04   3.5311257e-04
   1.8052562e-14   4.9263631e-06   4.7274125e-40   6.5762910e-04   2.0705866e-03   7.6456658e-04   6.7101515e-27   1.1400502e-24   3.1093690e-04   3.1909414e-04
   6.3078932e-18   2.9363713e-05   8.3517508e-28   4.7609145e-04   2.3605425e-03   6.3092127e-04   1.2095257e-20   2.3794394e-21   2.1347675e-04   3.4369066e-04
   7.4983601e-05   1.5653064e-05   1.5319823e-27   4.6378748e-04   2.5857729e-03   3.2473489e-04   1.7712256e-18   2.0490329e-28   2.0135811e-04   2.8750780e-04
   2.1120139e-11   3.2036805e-08   9.4097568e-10   4.0870867e-04   2.6139401e-03   5.5867825e-04   7.5191702e-31   4.1993668e-28   1.8983441e-04   4.5181989e-04
   9.2898112e-29   1.9056303e-11   3.1673011e-12   3.8827269e-04   2.7407105e-03   5.4890014e-04   3.1625714e-35   7.5232043e-13   1.7059299e-04   1.5070652e-04
   3.4291545e-19   2.0123722e-10   6.9375138e-37   3.2540062e-04   2.6360903e-03   5.1315160e-04   8.7496799e-35   3.4268203e-15   1.2774673e-04   3.0584079e-04
   2.8916858e-14   8.3603689e-11   1.1264923e-58   3.0690814e-04   2.5114754e-03   4.3958863e-04   1.0960563e-15   8.2031400e-33   9.2688329e-05   2.9296415e-04
   6.0872783e-13   5.2458689e-14   2.7676491e-59   2.2845061e-04   2.4175423e-03   2.7767631e-04   5.7055315e-10   1.2250910e-23   1.4276181e-04   2.4274551e-04
   9.7265847e-23   5.3486657e-18   1.3417948e-64   1.8248463e-04   2.4500086e-03   2.0566412e-04   7.5356733e-11   6.3039092e-18   2.8423993e-04   2.5249638e-04
   1.0662739e-09   5.7841147e-13   6.3078591e-77   1.1675925e-04   2.8549662e-03   1.4059633e-04   1.9724880e-11   5.1887554e-11   2.3647050e-04   2.0170371e-04
   3.3293178e-17   8.2843059e-15   3.8858024e-54   9.1739498e-05   3.2704545e-03   1.2528675e-04   1.0308981e-13   9.1377707e-15   1.8072636e-04   2.7144686e-04
   2.2828923e-10   2.7398439e-10   2.0684262e-41   1.2788809e-04   3.4051522e-03   2.5120837e-04   1.7727763e-06   1.2065770e-26   6.9769818e-05   5.4622468e-04
   2.3623930e-24   2.0361398e-09   3.4773493e-27   1.4544451e-04   3.7840039e-03   2.3649757e-04   1.5807126e-12   8.2554728e-26   3.2488740e-05   3.3725333e-04
   1.8116269e-22   1.5594490e-09   3.9451241e-33   1.2392333e-04   3.4881750e-03   2.0947814e-04   7.4406386e-19   4.0417548e-15   3.6240480e-05   2.6582907e-04
   2.9055604e-23   1.5033325e-08   5.4935855e-31   1.7544512e-04   4.0280907e-03   2.5422261e-05   3.1451876e-21   5.9284182e-20   7.5345188e-05   1.1846340e-04
   2.6869919e-21   5.6048116e-10   5.0857314e-57   9.3688498e-05   4.5494150e-03   4.8646157e-05   5.6204408e-18   6.4025980e-31   7.2033025e-05   1.0238558e-06
   7.7245808e-25   3.7915428e-10   1.7091857e-06   6.9965130e-05   4.4161645e-03   8.5020171e-05   2.6693099e-18   3.3218172e-26   5.9597398e-05   2.6641690e-05
   1.2651148e-37   2.1721619e-06   2.1557871e-04   5.0022744e-05   5.7709597e-03   3.5859566e-06   1.3463313e-05   2.4867016e-81   2.0143434e-05   2.3744324e-07
   1.2830224e-46   1.2671600e-05   1.3268901e-04   5.3104456e-05   6.0539111e-03   1.6421777e-06   8.8567964e-17   2.4369757e-42   2.7081771e-05   3.9732622e-11
   3.7166629e-61   1.7572346e-05   5.8894571e-05   6.6855551e-05   6.0759701e-03   1.0970974e-06   5.1423356e-26   2.4009043e-46   2.6877855e-05   1.9410676e-06
   2.4996325e-63   1.7134788e-11   2.6109736e-05   5.7131988e-05   6.5650241e-03   2.8833681e-05   8.5518434e-14   2.1979551e-44   3.0461884e-05   7.2175750e-06
   4.0156414e-51   1.3206634e-07   1.0376579e-18   4.3694767e-05   7.5917876e-03   1.1857452e-06   1.5649622e-04   1.6005814e-30   2.9967094e-05   3.8651014e-10
   2.0235988e-60   7.5484393e-07   8.2589226e-05   4.3652159e-05   8.0714444e-03   1.3131754e-09   4.2836126e-07   2.5646013e-39   1.6430145e-05   3.5183832e-09
   4.5955124e-60   9.7278530e-06   9.8641090e-05   2.5276332e-05   8.7150490e-03   5.4754696e-10   2.2083145e-14   7.6005196e-26   5.8705422e-06   1.6223733e-07
   2.1863209e-59   2.4852627e-05   8.3027157e-05   2.0980284e-05   1.0173800e-02   1.0543903e-08   2.3473561e-15   3.3148229e-43   1.1799462e-05   1.6307546e-15
   2.7239288e-56   1.5193301e-05   1.0757746e-04   2.9605043e-05   8.5511625e-03   3.9927025e-09   1.9399554e-16   8.8186618e-48   8.6854566e-06   1.8941422e-16
   5.8556843e-38   3.5816529e-05   1.0573722e-04   5.2390456e-05   4.8202180e-03   5.6114501e-06   1.9874696e-15   9.9465041e-39   2.6297935e-05   1.1064670e-08
   2.8767277e-31   5.5037882e-05   1.0587586e-14   2.7989347e-05   5.8048695e-03   6.1579726e-07   1.0775326e-19   3.8635205e-37   4.8140147e-05   6.0425960e-10
   1.3870654e-25   4.0773450e-05   1.3206336e-17   4.1531275e-05   5.9185550e-03   4.4173805e-07   2.1479674e-15   9.7147691e-23   3.9107689e-05   3.5043529e-07
   1.2080206e-39   1.1655502e-05   2.0477434e-04   3.8569205e-05   6.5522939e-03   3.1035049e-12   2.8815344e-07   7.3274609e-20   1.5155431e-05   4.6301784e-07
   7.5255922e-56   1.8584152e-11   1.9723235e-04   4.5240031e-05   7.0735096e-03   1.3017266e-08   4.4190319e-12   1.8720860e-32   1.8504723e-05   1.8418213e-09
   1.7821253e-47   1.6213278e-11   6.5059798e-05   5.5572747e-05   7.8990232e-03   1.9776538e-07   8.4804312e-11   1.2751247e-13   2.9402370e-05   6.1792154e-08
   1.0698707e-46   4.8257710e-07   8.6956775e-05   6.6667874e-05   8.1025279e-03   1.2712971e-07   2.7428498e-09   8.3172616e-23   2.9488492e-05   7.5253295e-08
   3.9311983e-35   2.7238939e-07   1.1760935e-04   7.5169837e-05   6.2162371e-03   2.9256689e-09   8.9826991e-09   1.3315626e-74   3.3557360e-05   5.8973322e-11
   1.6109647e-42   1.6870382e-13   1.1829962e-04   6.3579660e-05   6.5678656e-03   1.3656851e-12   1.5803127e-15   3.1967127e-31   2.3796174e-05   2.1900766e-11
   3.5998165e-38   1.4259824e-14   8.1309832e-17   6.5391940e-05   6.0917949e-03   3.4516441e-05   9.1642529e-17   6.4433640e-43   4.0725507e-05   3.6639853e-14
   3.2814266e-38   5.9873394e-10   4.7067764e-19   6.0242768e-05   6.3295055e-03   1.6510053e-05   2.9422055e-17   4.5299661e-37   2.9076062e-05   6.4908016e-09
   2.4344427e-27   1.0178797e-05   3.2000296e-06   7.2913371e-05   5.7598343e-03   1.3732484e-05   1.4387280e-13   1.4369233e-26   1.3051654e-05   4.8340454e-06
   4.5093926e-08   1.2329768e-12   5.0693688e-22   1.1676370e-04   4.7977400e-03   1.4968508e-04   1.5753985e-12   2.0254703e-25   2.7506448e-05   1.8909160e-06
   3.6540739e-14   1.0968582e-06   6.4044326e-16   6.8373352e-05   5.6345816e-03   6.5946816e-05   6.2149508e-05   1.9368128e-13   3.2834251e-05   8.9932851e-07
   1.4364287e-04   4.3986373e-13   3.9085800e-43   9.9628827e-05   3.9095835e-03   2.3639986e-04   3.4359413e-06   8.9277715e-07   3.2999795e-05   2.0870350e-04
   2.3510556e-10   8.5535171e-06   2.2114973e-21   6.1162818e-05   5.4545980e-03   9.4121642e-05   1.3253494e-04   4.7598265e-13   4.4294262e-05   1.0914383e-04
   7.9366046e-16   5.8665031e-06   1.1788165e-14   6.5901343e-05   6.4871385e-03   2.1979714e-04   4.4040324e-09   1.5895844e-25   4.5404655e-05   3.1372922e-12
   4.0816408e-20   8.5256895e-08   6.0223203e-19   7.4692672e-05   6.5414749e-03   2.5087683e-04   1.2478177e-16   1.6492666e-38   4.3894177e-05   1.0807429e-16
   2.9780862e-38   5.3395712e-06   6.9455641e-13   2.9530867e-05   7.0701658e-03   1.8918811e-04   6.3419616e-17   1.6297818e-38   3.1322516e-05   1.3702847e-10
   1.5397094e-26   1.5820689e-08   6.2319283e-27   8.8428193e-05   6.9237332e-03   1.8378101e-04   2.0433944e-11   8.7316679e-33   2.9080170e-05   5.9507696e-06
   2.3271347e-19   1.9322294e-06   1.5518617e-22   9.4425124e-05   7.6822106e-03   1.2251665e-04   5.7121540e-12   1.9391854e-20   3.3145247e-05   6.3935705e-06
   9.3211353e-24   1.8180384e-07   3.4809959e-49   1.6100660e-04   4.6875938e-03   3.4062290e-04   2.6792213e-17   3.1306336e-25   7.1512384e-05   5.1661777e-05
   5.2974374e-22   6.6633428e-14   1.1257262e-63   1.2688772e-04   6.4816874e-03   3.1600690e-04   8.7004073e-19   1.2125581e-31   5.0933720e-05   7.6727365e-09
   3.6571861e-11   3.2487713e-08   4.1668222e-57   8.5704563e-05   7.9506789e-03   2.1808619e-04   1.7150199e-16   2.9913726e-17   2.4373139e-05   3.1213021e-08
   1.2406437e-13   3.5699950e-09   4.2182737e-11   8.8431485e-05   8.5026494e-03   6.9724000e-05   1.6668102e-10   5.9278118e-25   2.4670884e-05   5.2063931e-11
   1.4912680e-09   9.3581890e-16   8.7369552e-32   1.0549599e-04   6.8686164e-03   3.5375540e-04   1.3161732e-10   1.8147760e-26   4.1200227e-05   9.9272638e-07
   7.8521640e-05   1.0615055e-06   1.2861358e-19   2.8351420e-04   5.9180269e-03   1.8728110e-04   6.2788362e-08   1.6726635e-22   1.7770669e-05   1.2032165e-04
   3.9984489e-18   4.5943169e-06   9.0010456e-09   1.8076518e-04   6.5173987e-03   1.8185835e-04   2.5474072e-04   1.9312584e-25   4.7434902e-05   2.1892094e-06
   1.9784350e-25   8.2279795e-10   2.5324984e-16   1.7528416e-04   5.8147403e-03   4.6603763e-04   4.7550694e-09   3.2617066e-55   2.5807558e-05   2.8840050e-10
   5.9372466e-28   4.0243305e-10   3.7901230e-14   2.8221434e-04   5.0059096e-03   1.0257090e-03   1.9407226e-14   1.5073126e-17   4.0799358e-05   5.5177405e-05
   4.0606404e-30   2.2419741e-08   1.7249062e-25   2.7244338e-04   5.0144007e-03   7.6255282e-04   5.6112900e-09   2.5633096e-26   7.7435065e-05   4.1354659e-05
   1.3515285e-21   2.3022486e-08   2.2655806e-29   2.9076343e-04   5.6923602e-03   4.7647280e-04   9.3027694e-07   5.3153347e-38   5.7897620e-05   7.0388602e-09
   1.0182087e-03   5.8340732e-09   1.0254390e-45   3.4662216e-04   5.6328707e-03   6.0782591e-04   1.7114347e-06   1.4657175e-31   7.2131835e-05   1.7506296e-09
   5.3845606e-03   1.1965890e-14   1.2372771e-71   5.2493754e-04   5.3703627e-03   5.1333433e-04   1.5903753e-03   1.9882062e-38   7.1620114e-05   6.3212236e-15
   3.2935830e-03   2.5910504e-11   1.2209469e-48   3.6932653e-04   4.7239622e-03   4.6031299e-04   3.4354971e-03   8.7378100e-04   8.4043269e-05   6.7418433e-08
   1.1199911e-03   3.3029913e-13   1.4659764e-26   1.6748434e-04   6.1205088e-03   2.1798105e-04   2.6123905e-03   3.2228180e-03   1.0326819e-04   1.1533256e-07
   6.0305891e-03   1.1400030e-15   4.5753983e-31   3.5805050e-04   5.6947938e-03   7.8267682e-04   1.8110463e-03   2.6289007e-03   8.4441418e-05   1.4333283e-07
   7.3775922e-03   3.2446490e-14   1.0426015e-57   4.9191925e-04   5.6560610e-03   1.4210747e-03   6.3752980e-04   1.8160353e-03   7.7576494e-05   5.3113353e-05
   2.1797109e-03   6.0309404e-12   6.6950050e-34   5.2058666e-04   6.5741047e-03   1.0615374e-03   5.2515290e-05   1.0071676e-10   8.6457281e-05   3.8529342e-07
   4.5332254e-11   7.3616241e-08   4.1569717e-26   7.4629514e-04   4.7200166e-03   7.7257419e-04   5.1746492e-14   6.6987593e-17   1.5585276e-04   1.1374250e-04
   1.3724401e-03   1.8120157e-04   4.3645306e-26   6.7332775e-04   4.6457903e-03   1.1724462e-03   3.3536280e-15   1.6545257e-09   1.4053405e-04   1.7072283e-04
   4.9037429e-03   1.4128575e-04   3.7625751e-13   7.5757249e-04   5.0121552e-03   1.9334908e-03   3.4134158e-11   2.0319630e-14   2.9235244e-05   1.3018852e-04
   1.6673766e-02   1.2949092e-07   5.1980424e-29   9.1767708e-04   5.0244395e-03   2.4676286e-03   5.9226496e-14   5.2877293e-65   7.7950175e-05   1.5125999e-11
   2.2167830e-02   2.1382498e-10   3.6230663e-43   4.9770819e-04   4.0576891e-03   2.4958856e-03   9.1764697e-13   2.0894861e-06   2.2340824e-04   2.8722367e-04
   1.6705402e-02   1.0066521e-06   1.4671723e-45   6.0516130e-04   4.0408864e-03   2.6815578e-03   1.9946634e-13   4.7892218e-03   2.0722851e-04   2.3126489e-04
   5.1180965e-03   4.3698822e-06   9.5125260e-39   7.9557886e-04   5.3267020e-03   1.7519453e-03   8.0732822e-17   4.9847310e-03   1.1130005e-04   7.3118615e-05
   3.8191172e-03   1.4538476e-13   2.2668247e-52   7.5588012e-04   5.1455786e-03   1.5281496e-03   6.2282056e-12   4.0108335e-03   4.2553566e-04   1.0323639e-04
   5.1469372e-03   6.5710510e-13   2.8436329e-43   5.1182845e-04   6.1767616e-03   1.5614204e-03   1.3395064e-20   6.4759596e-03   4.4199040e-04   4.0394284e-05
   7.5703203e-03   1.3338700e-07   4.7611729e-29   8.3946656e-04   4.4414146e-03   1.0931756e-03   3.9741120e-23   9.2161410e-04   6.7624883e-04   2.3178303e-04
   6.8584645e-03   1.0688090e-11   2.5628729e-31   5.8632200e-04   3.8399048e-03   1.6202492e-03   1.7930630e-20   3.3886685e-03   7.4618160e-04   2.3872565e-04
   6.6438472e-03   4.8848845e-12   4.3401356e-36   7.2711666e-04   3.6445296e-03   1.6249821e-03   1.4600169e-15   3.4279723e-03   7.0764705e-04   4.1517840e-04
   6.0610075e-03   8.5077064e-13   1.0961412e-37   6.3642245e-04   3.7216320e-03   1.2643627e-03   3.3901751e-15   2.6030286e-03   1.1276284e-03   5.6902687e-04
   4.5939485e-03   2.4892912e-10   6.7463464e-41   3.8986688e-04   3.8053819e-03   1.6934313e-03   1.8100903e-16   1.9124364e-18   1.1074351e-03   6.7001611e-04
   2.3667702e-03   2.7628255e-18   7.3482443e-23   2.0067963e-04   3.4156319e-03   1.7090438e-03   4.7597898e-18   1.9862486e-19   7.7881476e-04   1.1199264e-03
   3.6939856e-04   1.2857584e-16   2.1277535e-16   1.3112747e-04   4.0052232e-03   1.8197291e-03   8.6412509e-25   4.7088908e-03   9.2338312e-04   7.3172014e-04
   1.5834389e-16   7.5627505e-15   1.3368123e-20   1.4129114e-04   3.7339808e-03   2.2570762e-03   4.7745281e-13   3.5923759e-06   1.2066928e-03   5.8044276e-04
   1.8189097e-23   1.5175585e-14   2.5396225e-27   1.6676332e-04   3.4749434e-03   2.2847491e-03   2.9009140e-22   2.9189767e-09   1.3478518e-03   1.1293657e-03
   9.6130179e-25   2.1709097e-13   1.2395494e-47   2.3413277e-04   3.5652376e-03   1.6606222e-03   5.3755722e-09   1.4372226e-03   1.1685089e-03   7.3329406e-04
   3.1804841e-24   3.1628192e-18   5.2671143e-49   2.3074120e-04   4.0297643e-03   1.4959692e-03   2.9547611e-11   7.5869063e-03   1.0030492e-03   3.6754984e-04
   5.2763778e-14   8.1746173e-16   1.4456925e-49   2.5447751e-04   3.6510271e-03   1.2213785e-03   8.8410654e-23   2.1323671e-03   1.0965436e-03   5.3018497e-04
   5.0844546e-13   1.1785539e-11   3.3163101e-55   5.4441323e-04   2.5084191e-03   1.3348533e-03   3.1308852e-19   3.1265715e-30   5.8931955e-04   1.2759924e-03
   1.9811152e-24   1.5124764e-15   1.5889348e-60   4.9653635e-04   2.9280517e-03   7.0953394e-04   4.9114493e-17   2.3907532e-22   1.1067127e-03   1.2923778e-03
   7.6265631e-12   2.0465386e-15   3.5452849e-53   3.9329287e-04   2.7753637e-03   1.1325668e-03   1.1205855e-19   9.3890424e-29   1.1830996e-03   8.8885350e-04
   8.9801926e-15   1.9281926e-15   9.0974341e-64   2.7162839e-04   2.7171099e-03   1.3895054e-03   1.0254294e-16   1.2435641e-31   9.7686956e-04   5.3294167e-04
   3.6317554e-11   1.0463915e-09   2.3303279e-60   2.6817455e-04   3.4154577e-03   9.7163103e-04   8.5100062e-15   1.7428226e-41   7.1716343e-04   7.4769638e-04
   3.8311836e-04   1.4499656e-17   4.6632513e-54   3.1089621e-04   4.3698032e-03   7.2052514e-04   2.2690076e-07   2.2546801e-72   6.2754169e-04   7.7092004e-04
   9.3540920e-04   1.2057709e-18   1.4024131e-37   3.9700119e-04   4.4090886e-03   3.6712761e-04   2.8846570e-04   4.5583375e-33   5.5814971e-04   7.6264581e-04
   2.0739316e-03   2.4073355e-14   7.1191328e-28   2.4680078e-04   3.8593770e-03   7.4982562e-04   4.1150215e-04   3.2138708e-15   4.5042105e-04   5.4958924e-04
   3.6281396e-03   5.7111586e-15   2.4308304e-31   5.3949430e-04   3.1518129e-03   5.4115932e-04   1.7767817e-05   1.0604306e-36   4.8464782e-04   2.8659186e-04
   3.7450552e-03   5.5632290e-11   5.0347289e-12   4.0332728e-04   3.2806552e-03   4.4256912e-04   7.3508158e-09   2.2634903e-11   4.2955311e-04   9.3659695e-04
   6.2846999e-03   1.6035815e-12   1.6079346e-05   3.2274281e-04   3.3906814e-03   4.9217117e-04   3.6689293e-11   4.1337114e-09   3.7825984e-04   9.5892719e-04
   1.2351506e-02   1.5529140e-07   2.4284809e-09   4.7240372e-04   3.4946246e-03   3.5467756e-04   3.4416841e-14   1.7514334e-41   4.0167939e-04   6.1958383e-04
   1.5972728e-02   2.9753992e-08   4.0117510e-20   3.9289413e-04   3.7851392e-03   2.7022816e-04   1.0350089e-18   1.5409165e-29   5.1410839e-04   8.7768809e-04
   1.6909520e-02   2.3075024e-12   1.0491176e-32   3.0496842e-04   3.6252767e-03   2.6521836e-04   5.6677963e-12   1.2380138e-13   4.3297062e-04   4.0681220e-04
   1.5956309e-02   4.8256670e-15   1.2807664e-42   4.5608509e-04   2.8855292e-03   5.3356863e-04   8.1802953e-13   1.0586215e-03   4.5131087e-04   4.3475918e-04
   1.4311588e-02   2.9784552e-17   5.1014653e-47   4.4183144e-04   2.6194906e-03   7.4086474e-04   2.4389138e-13   2.5468376e-25   3.7923815e-04   2.5033036e-04
   1.1468183e-02   1.1953378e-16   9.6428786e-24   3.2665999e-04   2.4575959e-03   6.9978222e-04   4.9930333e-13   4.4406946e-16   3.0728004e-04   5.7322211e-04
   5.7107766e-03   1.0590927e-11   1.8576227e-20   3.8678963e-04   2.8478364e-03   4.7050392e-04   1.3063158e-18   3.2259837e-28   4.2638431e-04   6.9262960e-04
   5.2079045e-03   1.5869011e-12   2.5551503e-11   2.1403903e-04   3.2543104e-03   5.7680303e-04   2.6989459e-40  7.9239787e-111   3.2405763e-04   4.8973545e-04
   2.8043501e-03   1.2819077e-11   1.2611684e-07   1.6062300e-04   3.4629669e-03   7.1378710e-04   4.0791867e-27   4.1660690e-18   4.5606743e-04   4.8353399e-04
   7.4199912e-03   5.5798828e-11   2.7368306e-05   1.8941702e-04   3.0420693e-03   4.8326872e-04   7.2061341e-17   9.0990340e-43   6.3333279e-04   8.0087767e-04
   1.5810956e-02   5.1054897e-13   5.4102268e-04   2.6209600e-04   2.6045550e-03   4.0085018e-04   3.8421807e-14   5.2134865e-22   3.1511600e-04   1.5287369e-03
   1.8704802e-02   9.4168453e-09   1.5033176e-08   3.0223016e-04   2.3297900e-03   7.6750610e-04   3.2966494e-22   1.4917786e-45   1.7519508e-04   1.7990957e-03
   1.6462805e-02   5.2590430e-10   5.1894174e-21   2.2700457e-04   2.7973551e-03   6.9710327e-04   9.0452935e-20   2.2495831e-31   2.0474242e-04   1.1303535e-03
   1.6212250e-02   8.4563308e-13   5.5035981e-32   2.5362234e-04   2.2738282e-03   8.2444719e-04   4.9526501e-21   2.2917019e-19   3.7566937e-04   6.1329810e-04
   1.5263559e-02   1.2122659e-13   1.6980227e-28   2.0480261e-04   2.4178259e-03   8.3918477e-04   1.9977359e-09   3.4678087e-35   4.4623676e-04   6.3681027e-04
   1.5069286e-02   1.1788291e-10   1.5498997e-25   2.3666314e-04   2.4429931e-03   6.9539872e-04   8.0901544e-07   1.5700297e-23   4.6491762e-04   1.1049363e-03
   1.3832749e-02   2.6817724e-13   3.5661540e-29   3.6964997e-04   2.0250638e-03   7.9202107e-04   1.2260869e-08   2.8105159e-32   4.6520055e-04   1.3659514e-03
   1.6138587e-02   6.1391422e-09   6.6812474e-18   3.2819338e-04   1.5620620e-03   7.4258971e-04   5.7112002e-15   1.5157496e-21   3.8212646e-04   1.3303217e-03
   2.2258122e-02   3.4402651e-07   1.3536139e-18   2.4576006e-04   1.7539169e-03   6.0547034e-04   5.1055759e-20   9.6089008e-11   3.6895763e-04   1.2918468e-03
   2.4311748e-02   1.5615008e-08   1.8405347e-12   2.7234993e-04   1.6754381e-03   6.1859212e-04   3.8727125e-10   3.7972770e-20   3.2042870e-04   1.3586717e-03
   1.9145378e-02   1.5835510e-09   6.3473218e-29   2.2909100e-04   1.6893410e-03   1.3969752e-03   1.2405354e-07   2.6088521e-55   3.3039835e-04   1.0473669e-03
   1.0718916e-02   6.3830522e-09   8.6400655e-19   2.1315054e-04   1.9274956e-03   1.2040074e-03   2.5166888e-16   1.5399063e-09   4.5965514e-04   1.4321057e-03
   9.1123634e-03   1.0096543e-06   2.2258548e-10   2.1552449e-04   1.7648589e-03   1.7037043e-03   4.4896828e-25   3.3996385e-10   4.6534953e-04   1.6151018e-03
   9.5314009e-03   7.8977863e-08   1.5805685e-12   1.5191960e-04   2.0927363e-03   1.3444322e-03   6.0893859e-21   3.9806747e-19   5.1564206e-04   1.6729416e-03
   9.5194324e-03   5.9030401e-10   7.9633829e-17   1.1781966e-04   2.1662961e-03   1.2870603e-03   1.5349929e-31   6.5709866e-23   3.9211095e-04   2.3244279e-03
   9.9778635e-03   1.4892755e-06   1.3269197e-34   1.3226084e-04   2.0652001e-03   8.6513680e-04   1.3754984e-12   1.2491495e-08   4.9807462e-04   1.8446378e-03
   1.1625581e-02   3.6368692e-10   3.6051986e-35   1.9437823e-04   1.6699305e-03   1.4372879e-03   5.8269273e-17   2.8414166e-13   3.8932324e-04   2.3177320e-03
   1.3879052e-02   5.2334399e-15   1.2539949e-21   2.3639968e-04   1.6456002e-03   8.9068644e-04   4.8794959e-18   6.8794258e-09   4.0925070e-04   2.4251230e-03
   1.1851131e-02   8.6532910e-12   1.2415277e-37   1.5726078e-04   1.9215923e-03   1.1932587e-03   1.9476788e-11   1.4093634e-04   2.7278461e-04   1.9359167e-03
   7.1684315e-03   3.6411985e-10   2.8781957e-44   8.4536219e-05   1.9304995e-03   1.5285751e-03   4.3278278e-26   1.6863136e-45   2.3531250e-04   1.5996512e-03
   2.1943989e-03   1.5478626e-08   2.4197941e-33   1.0183507e-04   1.6448911e-03   1.0330130e-03   4.5939556e-16   5.4531567e-45   2.6353579e-04   2.2170194e-03
   6.5545409e-03   8.6926479e-07   1.0052593e-20   8.0456241e-05   1.7027724e-03   1.2497527e-03   5.0455220e-24   8.5974794e-37   2.4212637e-04   1.1960699e-03
   9.1267113e-03   2.0888279e-06   1.1632731e-28   4.6731473e-05   2.1390434e-03   1.4760435e-03   1.3618700e-18   1.5589634e-15   1.9449208e-04   1.1350125e-03
   6.6298326e-03   7.7504556e-09   9.7638476e-25   6.6346620e-05   2.4946230e-03   1.1579355e-03   7.7754457e-21   6.3788194e-22   2.0316185e-04   1.4168077e-03
   5.2623647e-03   5.9574542e-09   2.5481056e-28   5.2003192e-05   2.0247958e-03   1.4041862e-03   8.9131356e-07   5.6740278e-12   2.6844895e-04   2.2667019e-03
   9.4272217e-03   4.2464306e-12   1.4563785e-23   1.5295805e-04   1.6405169e-03   1.2733411e-03   6.4510252e-06   7.0861523e-05   2.1512983e-04   2.0028378e-03
   1.3137651e-02   1.7351207e-13   9.8219206e-26   1.2850015e-04   1.5612348e-03   9.7121771e-04   3.7319730e-05   1.0961719e-27   2.5459173e-04   1.2752397e-03
   1.2990020e-02   5.1617698e-14   1.4732297e-29   1.3025190e-04   1.4061152e-03   1.2517811e-03   1.5592817e-05   8.4695638e-33   1.9219541e-04   1.9953283e-03
   9.5617266e-03   5.6510444e-09   1.8703696e-22   1.5916130e-04   1.3553195e-03   1.3431931e-03   3.2815768e-06   5.1544659e-13   7.5472086e-05   2.2221381e-03
   4.6637312e-03   8.1979638e-09   7.2005561e-24   1.1072657e-04   1.6714640e-03   1.1895881e-03   4.1356600e-10   8.2592721e-13   1.1586842e-04   2.2886649e-03
   3.3807280e-03   4.1472760e-06   1.3714760e-28   8.5240027e-05   1.7288865e-03   1.1584195e-03   1.7656602e-11   2.0205766e-17   1.2983922e-04   2.4072962e-03
   4.5903863e-03   3.9770990e-07   3.4776409e-35   1.1776163e-04   1.3320333e-03   1.0517814e-03   4.4668381e-13   8.0019632e-10   1.5188030e-04   1.9739074e-03
   5.2308969e-03   1.2794976e-08   1.6399847e-24   1.1315863e-04   1.0931247e-03   8.5665135e-04   1.2617265e-20   1.0593565e-06   1.5335115e-04   1.8557073e-03
   7.4447076e-03   1.9132013e-06   6.6132586e-07   1.0683718e-04   1.4627763e-03   9.4923921e-04   1.9192770e-29   7.7563131e-03   7.6597487e-05   1.6609267e-03
   7.3411092e-03   3.2122044e-06   1.3646872e-06   7.9164676e-05   1.8688755e-03   1.1818040e-03   2.8821649e-34   6.0243862e-08   6.6338795e-05   1.2243060e-03
   6.7185386e-03   1.2948839e-06   2.5018323e-12   6.2580796e-05   1.4859800e-03   1.4185880e-03   6.6788687e-29   1.3168674e-12   6.1924955e-05   1.3776413e-03
   9.2727874e-03   1.0592649e-06   3.3108261e-21   4.7396592e-05   1.5571173e-03   1.0155990e-03   1.6364518e-21   6.2062988e-07   6.3510943e-05   1.5245954e-03
   1.2460129e-02   3.8462863e-09   1.3213952e-21   8.4309290e-05   1.1475306e-03   7.8152905e-04   4.4346649e-22   1.6326178e-02   8.3650060e-05   1.4310618e-03
   1.2282013e-02   2.8864277e-07   3.1372180e-17   5.3465229e-05   1.1436329e-03   8.2423664e-04   3.0138316e-22   2.0472014e-12   3.9784261e-05   1.9719344e-03
   9.0925379e-03   4.8981985e-05   1.9732617e-17   4.4016083e-05   1.5091260e-03   9.2814485e-04   3.4144166e-41   2.4621852e-06   1.8636911e-05   3.1765240e-03
   6.9904617e-03   1.7929142e-07   1.5080422e-11   5.1536727e-05   1.6502084e-03   6.3192120e-04   5.0214372e-41   2.7398067e-27   4.6121468e-05   2.8323886e-03
   4.5796151e-03   9.2320462e-05   3.8328781e-19   6.6522062e-05   1.3522340e-03   5.5842860e-04   2.5325428e-34   9.1068479e-52   8.1179769e-05   2.2934407e-03
   1.6626498e-03   2.7143157e-05   2.2149846e-26   6.7109425e-05   1.1490048e-03   4.8027979e-04   3.4134719e-25   4.2001237e-24   1.0976132e-04   2.0773478e-03
   7.1404710e-03   1.0929408e-08   3.5643142e-11   7.9791452e-05   1.1303026e-03   4.5464994e-04   3.6152012e-25   1.4545942e-30   5.7477952e-05   2.0078055e-03
   8.8049693e-03   1.0018600e-05   7.2461367e-10   8.5601050e-05   1.0942949e-03   4.7463554e-04   3.4677949e-26   7.7165608e-20   2.8564703e-05   2.5969384e-03
   5.2375388e-03   4.9253965e-06   2.1516413e-09   5.6864506e-05   1.1635675e-03   5.5754087e-04   1.0240102e-30   5.0612934e-10   5.3340599e-05   2.5104012e-03
   2.1780356e-03   1.5649173e-04   8.2802206e-27   7.7009580e-05   1.1301739e-03   6.7233528e-04   3.0086167e-36   3.2915045e-11   5.3258849e-05   2.7144021e-03
   7.1700756e-03   1.5566052e-04   3.2292619e-24   5.8001841e-06   1.3895625e-03   2.7921108e-04   2.6822340e-39   1.1132180e-10   8.9844275e-05   2.1585599e-03
   6.0824543e-03   9.2614066e-05   2.6573672e-28   3.5841177e-05   1.0344434e-03   2.5907681e-04   1.3914558e-35   3.6422919e-03   5.1576151e-05   3.2087824e-03
   4.5586505e-03   9.9058415e-05   2.1163472e-30   7.0998102e-05   8.9341975e-04   2.0660564e-04   1.5969361e-33   1.3254866e-09   6.3876415e-05   2.9506575e-03
   2.2741589e-03   1.2535984e-04   2.9626997e-14   6.0607796e-05   1.0143991e-03   2.1784505e-04   3.0729319e-40   2.8133329e-02   3.5078257e-05   2.9000219e-03
   1.3744102e-04   2.0944604e-04   2.1235858e-06   2.9558362e-05   1.4653510e-03   1.0505448e-04   9.6223768e-32   5.2619384e-03   6.6351622e-05   2.0524998e-03
   5.3367214e-09   1.6236444e-04   1.6069544e-10   5.7013450e-05   1.4375820e-03   4.4002641e-05   2.3130187e-25   4.7527046e-22   1.2501730e-04   1.2172779e-03
   1.2094852e-03   2.5480419e-05   2.1927205e-04   7.7219922e-05   1.2688200e-03   5.7881175e-05   3.4684066e-23   1.4535333e-02   8.3675620e-05   1.2890693e-03
   3.1750867e-03   2.4547570e-04   1.8104857e-08   6.6559480e-05   1.2223040e-03   6.2496637e-05   1.3813538e-24   2.5026251e-02   9.1554554e-05   1.7142531e-03
   4.6120622e-03   3.0715598e-04   2.0273818e-04   4.2367888e-05   1.2853683e-03   7.9494644e-05   3.5504244e-20   1.4708066e-02   1.0341716e-04   2.1331824e-03
   3.6709377e-03   5.6523947e-05   1.0409160e-04   8.6663114e-05   9.2044253e-04   9.2575567e-05   3.9734127e-22   8.0505243e-08   1.2543317e-04   2.3022248e-03
   2.0936948e-04   1.3766364e-04   3.5856665e-11   9.9286122e-07   1.1871823e-03   6.9164022e-06   6.4389867e-22   1.3582705e-18   1.1775649e-04   2.2406696e-03
   2.0583484e-03   1.6354522e-06   2.9268295e-09   5.5743975e-05   1.0317181e-03   8.1367616e-06   7.5317671e-20   1.7340707e-15   1.0915811e-04   2.1843266e-03
   8.1702064e-04   6.0039336e-06   2.1473847e-18   8.3541806e-05   1.0628657e-03   4.7462652e-06   2.4043214e-26   2.8429509e-28   1.0451259e-04   1.7589201e-03
   5.0141477e-06   8.7386083e-05   2.7598428e-05   5.5656396e-05   1.0487131e-03   2.0014185e-09   2.9770969e-14   2.0136169e-13   9.8008731e-05   2.1911312e-03
   6.6238688e-04   1.8615107e-04   2.6936449e-04   4.4666596e-05   1.0169159e-03   9.7802602e-06   1.9796709e-21   8.3411820e-31   9.4763368e-05   2.3032131e-03
   8.7043583e-05   2.0838121e-04   2.4052177e-04   5.1700411e-05   1.1553144e-03   1.1639400e-06   1.4694142e-15   1.9320624e-12   9.5285360e-05   2.3719072e-03
   1.6233639e-03   1.5119224e-04   2.2472531e-04   7.0898046e-05   1.1015080e-03   8.8673785e-06   1.4087725e-16   2.4988881e-06   5.2925741e-05   2.7774253e-03
   2.7794037e-03   1.7532899e-04   5.4264540e-08   8.0719928e-05   8.5250668e-04   6.9961914e-05   6.6837415e-21   1.4952028e-11   1.0038136e-04   1.4910456e-03
   1.1620484e-03   4.4034062e-04   7.4978243e-11   7.1725952e-05   7.4377952e-04   4.8086960e-05   3.6435616e-18   7.2435058e-11   1.1345943e-04   1.5912912e-03
   8.4831831e-04   3.5089475e-04   6.2738651e-16   7.8243183e-05   6.6581887e-04   2.1305514e-05   2.3561378e-14   1.1397923e-03   9.4450825e-05   2.5338116e-03
   1.4151021e-03   2.8621202e-05   3.8887768e-04   7.6612838e-05   8.5651041e-04   1.2870757e-11   1.8624967e-22   8.0501472e-03   7.4959120e-05   2.2909630e-03
   2.8942390e-04   1.8984437e-04   3.8252058e-04   7.5058434e-05   9.2445332e-04   1.6949694e-06   7.6175622e-16   5.6674896e-15   9.1932850e-05   3.2179012e-03
   2.2790325e-03   1.5015240e-04   5.1371743e-05   6.7414786e-05   8.6361143e-04   1.1365901e-05   1.2935518e-15   1.9304337e-05   9.7462058e-05   2.7640561e-03
   2.4065252e-03   1.7602819e-04   2.0690834e-12   9.6515127e-05   9.4171276e-04   4.9541448e-06   3.1678828e-16   1.0543170e-04   6.2519571e-05   2.3128455e-03
   7.2317650e-04   3.5348525e-04   3.2891642e-04   9.0512332e-05   1.0913300e-03   4.8311118e-06   1.5048751e-17   2.1954849e-13   6.6456072e-05   1.7959735e-03
   3.7012189e-03   2.0677551e-04   8.4899568e-06   8.3742483e-05   1.1388936e-03   1.0926593e-06   1.5897816e-11   2.8998717e-02   1.6832749e-04   2.1173895e-03
   3.5219667e-03   1.7470652e-04   1.2599665e-19   1.0059864e-04   8.3098194e-04   7.5141147e-08   6.2849774e-14   3.0464576e-02   2.5153928e-04   1.8707577e-03
   1.8179441e-03   1.3177745e-04   5.5199241e-21   6.4646500e-05   1.1158662e-03   1.0376826e-11   6.4600511e-17   2.0648183e-05   2.4394033e-04   2.0726236e-03
   4.4207986e-03   9.9009685e-05   5.9191574e-17   8.1958767e-05   8.6488866e-04   3.5430003e-12   1.8098510e-17   7.2116964e-04   2.4587705e-04   2.5006080e-03
   4.5076984e-03   2.8215266e-04   1.4090368e-04   6.8214948e-05   9.3358722e-04   5.4635881e-13   6.6172552e-15   1.4271391e-02   1.5412526e-04   2.4914862e-03
   4.7269132e-03   4.1557084e-04   1.7640735e-09   4.5224601e-05   9.5014063e-04   3.1518642e-06   2.5705893e-10   4.8053593e-03   1.6268643e-04   2.8799304e-03
   3.8690952e-03   3.9177250e-04   3.0577853e-19   7.9481168e-05   9.9084952e-04   1.3509362e-10   5.2970100e-15   5.3463866e-04   1.7397299e-04   3.4523021e-03
   3.8809080e-03   4.1904926e-04   2.9005541e-09   8.0383267e-05   9.9828312e-04   1.1101119e-07   3.0861362e-16   6.0519672e-03   1.6507431e-04   2.1545399e-03
   6.8011740e-04   2.4684437e-04   2.4687661e-15   8.8978598e-05   1.0486691e-03   1.5297512e-05   5.1599919e-19   4.6253353e-07   1.4102502e-04   2.7504484e-03
   3.4883496e-04   5.0469525e-04   2.1767574e-27   8.2296067e-05   1.0077218e-03   1.8610233e-06   6.4412664e-14   5.7825355e-11   2.4340309e-04   3.9136895e-03
   1.0846883e-03   8.0728514e-04   4.5758222e-15   3.9593501e-05   9.6688072e-04   4.3367664e-05   1.7271658e-09   2.9077971e-50   3.0170016e-04   3.5382639e-03
   5.8292246e-23   7.3275916e-04   1.6870394e-04   1.3075417e-08   1.2113414e-03   1.3125019e-08   1.7730728e-09   7.5291230e-06   2.8757459e-04   4.7145233e-03
   3.4794227e-13   6.2558140e-04   2.1517461e-17   9.7402903e-08   1.5277844e-03   7.2142268e-17   4.6184415e-18   6.5992316e-10   2.4154008e-04   5.0220742e-03
   2.8192154e-03   6.6989893e-04   3.0717254e-24   1.1500126e-08   1.3892617e-03   1.5749838e-19   4.0501206e-22   7.8550778e-15   2.8188252e-04   3.5676489e-03
   1.9628204e-03   5.4814505e-04   4.4330725e-24   8.9120008e-07   1.4708309e-03   4.1399827e-15   1.4178214e-22   3.7223311e-15   2.8831994e-04   3.1233608e-03
   7.1341351e-04   8.5596210e-04   4.2523728e-35   2.5177757e-05   1.3930773e-03   7.8428199e-19   5.3569008e-25   5.3192467e-28   4.2622212e-04   2.1532399e-03
   2.6231887e-03   8.9448362e-04   1.7079758e-12   5.7606346e-05   1.1040198e-03   3.1374201e-19   6.8674504e-30   6.0553464e-24   3.5461781e-04   3.9635459e-03
   2.9369309e-03   5.8636533e-04   9.0536417e-08   6.2538271e-05   1.2211038e-03   1.1429169e-19   2.3649002e-30   2.3058058e-35   2.7463449e-04   4.2716478e-03
   2.7378024e-03   4.8003119e-04   2.6409341e-04   7.4117109e-05   1.3414752e-03   4.4158583e-22   4.5300961e-29   1.6420892e-07   2.7637848e-04   3.0429910e-03
   2.9793416e-05   6.7762170e-04   8.8087697e-07   1.8297785e-05   1.5840035e-03   2.0124052e-19   3.2613749e-18   4.8234737e-26   2.4009153e-04   4.2779711e-03
   1.4336629e-12   5.3286169e-04   3.1981240e-24   3.9125011e-05   1.6604672e-03   6.7311919e-16   3.3673432e-30   2.1104549e-25   1.6714347e-04   4.6063461e-03
   1.1037786e-12   5.5280884e-04   3.0586519e-04   2.4992979e-07   1.4834395e-03   2.4702915e-09   5.6425119e-17   2.9472074e-06   2.1993431e-04   5.5555995e-03
   1.5269182e-15   8.4704450e-04   2.1492577e-12   6.0912566e-07   1.2972644e-03   2.2728582e-08   4.5784105e-15   8.8267424e-04   2.0267371e-04   6.0532535e-03
   1.5348031e-19   6.6200878e-04   3.1698917e-12   2.4950530e-07   1.1140350e-03   8.5528680e-06   3.3615197e-19   6.6171571e-16   1.7593310e-04   6.2672113e-03
   1.9615972e-21   4.6189930e-04   1.3675062e-09   2.0351090e-09   1.4186299e-03   6.1099610e-06   3.0287098e-13   8.6007992e-16   1.4434478e-04   6.4067807e-03
   1.0966015e-07   4.4472002e-04   1.7390618e-08   3.4164807e-05   1.4172606e-03   2.6564787e-05   1.2533640e-18   1.4977330e-27   1.2485304e-04   6.7772984e-03
   2.1633121e-03   2.0935247e-04   1.5925057e-04   7.3566008e-05   1.3807805e-03   6.6274365e-05   3.3261327e-24   4.2287536e-20   5.6299337e-05   7.6272395e-03
   4.9454966e-03   4.9469958e-05   2.4918985e-04   6.8505419e-05   1.7258290e-03   3.0276538e-05   2.7001821e-26   7.2455158e-10   9.8939512e-05   5.7670503e-03
   4.7944048e-03   1.5906267e-04   2.1451704e-09   5.3446285e-05   1.8055161e-03   2.0108611e-13   5.3746727e-20   6.9076004e-10   5.3613827e-05   5.5807021e-03
   5.1593279e-03   1.2067082e-04   1.1596719e-22   6.0834007e-05   1.3120570e-03   7.0855159e-08   1.4797983e-15   1.3845187e-33   1.0238116e-04   5.9576205e-03
   1.5731415e-03   1.0150612e-04   5.0013810e-08   2.5577007e-05   1.3330904e-03   8.1197594e-06   2.2859122e-16   3.6058046e-27   1.1330797e-04   7.1675476e-03
   1.5815909e-07   6.5076866e-05   7.1275315e-14   3.4855059e-05   1.4115132e-03   6.8960145e-05   1.2022595e-22   1.7952473e-04   4.3818859e-05   8.0283795e-03
   7.9983272e-07   7.9121410e-05   4.4543795e-16   6.0404545e-06   1.3608531e-03   1.8366924e-04   5.5855933e-31   3.2760867e-08   8.6746530e-05   8.1696147e-03
   2.8576399e-10   1.7365776e-04   1.3272201e-17   7.2857485e-06   1.4724514e-03   1.4633145e-04   1.3333035e-25   3.9598352e-18   9.9562150e-05   7.6559761e-03
   2.2660486e-15   6.5358046e-05   8.5862954e-51   1.9696782e-05   1.1538502e-03   1.7141867e-04   2.6392776e-23   1.0815464e-20   1.0104964e-04   8.6860774e-03
   5.7882885e-24   1.8843771e-04   7.1023676e-16   5.1563269e-12   1.5068366e-03   2.0205233e-05   1.4029989e-06   5.8832481e-05   7.3019817e-05   1.0706573e-02
   9.4290310e-29   2.4303397e-04   6.6659193e-28   8.1701648e-06   1.3299457e-03   3.1485535e-05   1.2433703e-08   4.0881018e-04   5.9531782e-05   9.6734605e-03
   8.1017153e-05   6.7978728e-05   1.0583801e-24   2.9449779e-05   1.6250394e-03   2.9339686e-05   4.8007298e-17   1.7231024e-45   1.4195324e-04   5.3712761e-03
   2.2804965e-03   2.5329857e-05   1.0577260e-08   2.1293056e-05   1.1127503e-03   1.0444158e-04   3.0479939e-30   4.2250727e-17   5.9870651e-05   9.5846025e-03
   6.0882277e-03   8.2870657e-05   7.6926718e-05   5.2762576e-05   1.0067327e-03   7.1724951e-05   1.0934949e-16   6.8906871e-19   7.7630422e-05   6.0674765e-03
   1.9855946e-03   1.9439600e-04   1.5796222e-04   1.1662669e-05   1.3524875e-03   1.2909424e-04   4.4904715e-08   1.7123271e-18   3.0941114e-05   6.7904869e-03
   9.6835755e-07   6.7816579e-05   2.6507142e-10   1.2270764e-06   1.4734470e-03   2.2946118e-04   1.3047542e-24   9.9884860e-36   6.6559991e-05   5.4620936e-03
   3.1883853e-14   4.8000820e-05   7.5958524e-08   2.3089992e-05   1.1585199e-03   1.1412262e-04   4.8941581e-15   3.0090328e-14   5.0910986e-05   9.6829108e-03
   1.2697366e-13   5.7302717e-06   7.1488004e-13   3.4189386e-05   1.1820893e-03   6.3143947e-05   1.5923254e-10   1.2088606e-15   3.6446787e-05   1.2312298e-02
   4.5605821e-14   1.4742069e-05   4.2336440e-22   4.4481617e-05   1.1768864e-03   1.1936139e-04   9.1225029e-10   7.9042050e-20   2.4531258e-05   1.2892393e-02
   4.0159405e-16   7.4764403e-06   1.3811729e-04   4.4158292e-05   1.3219687e-03   1.0903922e-04   2.9603964e-05   6.5738712e-35   3.5391452e-05   8.9066787e-03
   3.5695606e-13   3.8327171e-05   6.0335382e-05   1.4560303e-06   1.5769790e-03   1.9403123e-04   2.8223728e-07   4.8300475e-30   3.9378203e-05   7.6145647e-03
   1.6636010e-09   3.2505912e-05   2.6661571e-05   2.2055066e-18   1.5638383e-03   1.6273937e-04   2.1986816e-15   1.1547894e-59   1.1163957e-05   8.0607906e-03
   8.7173042e-12   4.0646566e-05   2.0392541e-06   2.3176298e-14   1.5411864e-03   1.3849530e-04   2.8805083e-12   2.0122342e-14   7.9793759e-06   7.9593839e-03
   1.1269173e-12   6.0135813e-05   9.5732658e-05   2.7598274e-08   1.7531393e-03   1.1093153e-04   3.6021748e-05   1.5303944e-30   1.2581046e-05   8.3771098e-03
   6.1134686e-18   4.5047830e-05   2.1417285e-05   4.1475246e-10   1.9068536e-03   1.3982294e-04   1.3006949e-06   1.5330723e-08   2.1942660e-05   9.0863545e-03
   6.8138772e-14   3.4132038e-05   6.0786694e-06   9.8261775e-06   1.4647585e-03   1.6801854e-04   1.9819524e-05   3.8025781e-15   3.0311806e-05   8.5953323e-03
   7.6319088e-11   2.3134786e-05   1.8358014e-06   3.3455089e-05   1.2078883e-03   2.9409968e-04   1.0331194e-05   6.0420868e-28   1.1789190e-05   1.0398724e-02
   5.6510499e-17   2.8923644e-07   5.3673376e-13   7.8550493e-05   7.0649006e-04   2.2139347e-04   1.1688783e-08   2.6052638e-24   3.8991872e-05   1.0580386e-02
   1.5724374e-12   4.2906744e-05   2.1756629e-06   3.5213133e-06   1.3668473e-03   2.2685617e-04   2.0370520e-05   1.2099652e-28   4.8457149e-05   8.2155070e-03
   3.7895454e-13   7.5960162e-05   8.3832247e-05   2.8892351e-06   1.3217058e-03   2.0961699e-04   1.7799023e-04   2.8388445e-08   3.1477073e-05   8.9239715e-03
   1.8294548e-25   5.4849151e-07   2.4862453e-31   2.7558377e-05   9.9245148e-04   2.6938550e-04   1.4753053e-04   4.8560646e-18   7.9863356e-05   1.1425166e-02
   3.0175878e-20   3.4953438e-12   6.0836199e-19   5.0686636e-05   1.3113175e-03   1.9710464e-04   1.3305893e-04   5.1771561e-10   7.4663031e-05   8.9084112e-03
   1.1280398e-19   1.0078860e-09   9.5217026e-05   8.8288956e-05   1.1529930e-03   1.4479763e-04   5.4973390e-05   2.0660876e-10   6.9937908e-05   9.3675473e-03
   1.4932983e-18   1.1026903e-05   9.6854029e-06   6.9404032e-05   8.2162454e-04   2.5538533e-04   1.6547477e-05   5.2360432e-32   4.9803937e-05   9.7956513e-03
   3.8595895e-18   7.0620262e-06   1.8396209e-42   1.1393859e-04   1.0043371e-03   2.0340739e-04   4.7793874e-05   2.5068155e-19   7.8744422e-05   7.5727295e-03
   8.6580294e-27   3.0109423e-07   2.9729598e-16   5.9553602e-05   1.3668725e-03   3.6436038e-04   3.8857247e-05   4.5071889e-32   2.4462357e-05   8.2808505e-03
   7.5081689e-15   4.3209480e-12   1.5180853e-08   6.2310561e-05   1.1677287e-03   4.2071558e-04   2.2180749e-05   1.0207292e-33   2.1458969e-05   9.3615493e-03
   1.4497371e-07   1.0223990e-08   3.5074774e-06   8.2275764e-05   1.0692283e-03   2.4464490e-04   1.3792839e-05   6.8165796e-14   1.0761072e-05   8.9749025e-03
   1.9497537e-07   3.7733508e-06   3.8779308e-05   4.5699235e-05   1.3719922e-03   7.3291389e-05   6.2490343e-06   3.4214824e-06   1.6576197e-06   9.0274112e-03
   1.2020257e-14   8.2846104e-15   3.4990377e-05   2.5274440e-05   1.2674749e-03   1.8695059e-04   1.1442038e-04   2.0949467e-21   2.6423849e-06   6.5226322e-03
   2.7124937e-06   4.0795562e-14   3.6699066e-16   5.6959340e-05   1.0602101e-03   3.2430880e-04   5.8849244e-04   4.0654053e-23   1.0964145e-05   4.9766374e-03
   1.3297797e-04   7.7432688e-11   3.5587914e-06   7.2967192e-05   1.2994772e-03   3.8216330e-04   5.7718584e-04   1.2493420e-02   1.8538366e-06   4.5774768e-03
   1.6398333e-03   2.4932817e-13   3.5399279e-11   5.2058510e-05   9.1486925e-04   4.4496856e-04   3.5184634e-05   5.5661566e-02   4.8341157e-06   5.2467146e-03
   8.1605985e-06   5.8924627e-09   1.8385958e-11   5.6339322e-05   8.6075157e-04   3.2142766e-04   6.5892789e-05   5.0430307e-03   1.3188073e-05   7.5315738e-03
   3.3164491e-15   1.4745505e-07   3.2368886e-05   7.7759595e-05   1.0657185e-03   1.7204064e-04   7.1659230e-07   8.0146787e-16   5.8015497e-06   9.0608061e-03
   2.2935760e-16   1.3725360e-06   2.2249938e-05   8.0185499e-05   1.2237481e-03   1.3079491e-04   5.2859357e-17   1.8682638e-14   4.2150704e-09   9.0512812e-03
   9.5144771e-16   2.7717695e-08   5.1622510e-05   1.2030629e-04   1.1481857e-03   2.6443854e-04   5.8038424e-09   2.6550156e-11   7.5337865e-08   7.6673167e-03
   3.0292066e-10   7.2753162e-13   4.8057738e-05   8.7628494e-05   1.1082251e-03   3.5594701e-04   3.1575062e-07   2.2533785e-37   2.3169420e-07   6.5175066e-03
   5.0294315e-10   5.1211980e-13   1.9821001e-22   1.1368604e-04   6.4388208e-04   2.6692017e-04   2.8821596e-06   4.9426145e-15   3.5079066e-06   6.5803266e-03
   6.1333752e-24   4.1476581e-11   5.4746408e-26   1.0359728e-04   6.9349410e-04   2.9571435e-04   2.3067192e-06   9.8226397e-03   9.2526819e-06   6.3174133e-03
   2.4386703e-23   7.9644538e-07   2.3887509e-25   1.0300740e-04   7.3866688e-04   3.8354518e-04   4.7111030e-11   1.8909328e-32   1.0261626e-05   6.3917998e-03
   2.5429898e-07   2.9048885e-05   8.4420205e-11   9.3261182e-05   1.0019901e-03   1.4785945e-04   1.0813694e-05   1.4125247e-19   1.5817227e-05   5.7311457e-03
   3.6412342e-07   2.1951488e-05   1.4352352e-11   1.0528968e-04   1.0041375e-03   1.1517700e-04   3.7066748e-05   8.3462990e-14   4.0614505e-06   5.8869002e-03
   3.2711975e-04   3.0541127e-05   8.6027589e-12   9.0253795e-05   8.4386051e-04   2.8931735e-04   1.0067349e-07   2.1084004e-09   8.1096136e-06   5.6130283e-03
   1.0608810e-03   1.7505393e-05   6.1110121e-17   3.6813483e-05   1.2064446e-03   3.1236369e-04   1.7422439e-06   1.1017569e-33   1.6729770e-05   4.4037807e-03
   3.6125346e-05   5.3810198e-05   2.2735504e-24   5.3908261e-05   1.0252432e-03   1.3178932e-04   4.6392203e-05   1.2554041e-10   7.7719365e-06   7.6434407e-03
   3.1683951e-04   6.2810349e-05   1.4726297e-27   8.4151717e-05   5.8327666e-04   1.6762721e-04   1.8582299e-05   4.0333488e-03   9.0051100e-06   8.2719670e-03
   2.9292729e-04   9.2166373e-05   1.9672260e-28   8.8576489e-05   6.1814127e-04   1.7463932e-04   1.2837230e-05   6.8898594e-03   6.4667584e-06   7.1175087e-03
   5.0079048e-05   1.4183854e-05   1.3427258e-25   6.1536130e-05   6.3527682e-04   2.3385874e-04   4.2854536e-05   2.9406379e-05   2.6055195e-06   8.3827550e-03
   1.5823446e-07   1.3683393e-04   1.5900318e-28   2.0551132e-06   7.2501606e-04   2.4595454e-04   2.1651239e-07   2.2128463e-02   1.7104128e-05   7.7135027e-03
   1.1466682e-19   8.0609866e-05   2.5316291e-29   1.3106714e-11   8.7758662e-04   2.1645822e-04   3.3324863e-06   7.0837837e-03   7.1810712e-06   7.7724771e-03
   1.6384572e-18   2.8768123e-05   2.0478186e-21   8.1370679e-09   7.2186522e-04   2.8560992e-04   2.7860436e-05   3.9362093e-16   2.0662708e-05   6.1107695e-03
   5.0134495e-18   3.6502618e-06   4.1853401e-05   1.1160690e-05   1.1025074e-03   2.7909410e-04   4.6411792e-06   2.4137899e-75   1.3018371e-06   5.2629989e-03
   1.9209008e-13   3.0030961e-05   8.1458459e-05   1.7997051e-05   1.3657749e-03   1.0172761e-04   6.3151974e-05   5.0734848e-34   4.3302941e-06   4.8400325e-03
   2.0385132e-10   4.0379735e-07   2.0434090e-18   1.5824847e-05   1.1678101e-03   2.2199302e-04   7.2601634e-05   3.3362890e-15   1.2761959e-05   5.0517495e-03
   4.7424990e-11   6.5459103e-06   4.8141174e-28   1.2875619e-05   9.8473974e-04   1.7954680e-04   1.6058301e-04   3.6119765e-21   1.3418811e-05   4.1398998e-03
   6.3994492e-25   1.2185477e-04   3.4396024e-28   2.8757278e-07   7.2375940e-04   1.2842959e-04   1.2888264e-04   2.5427941e-16   1.1747678e-05   5.5998641e-03
   1.9470031e-18   1.3071319e-04   1.7435248e-28   1.0455633e-05   6.7701013e-04   1.2682751e-04   1.2443013e-04   9.1623974e-35   8.5113488e-06   4.7996412e-03
   4.4270113e-29   4.3151751e-05   9.2081263e-30   2.8961760e-05   6.5364883e-04   1.9027652e-04   1.6999660e-05   7.2486932e-08   1.0111489e-05   4.0860695e-03
   1.2421333e-43   1.8849270e-07   2.2684738e-15   2.0945897e-05   7.0135820e-04   1.9031055e-04   2.4115554e-04   1.9397999e-09   5.4574644e-06   4.8842830e-03
   1.6881675e-29   2.6801946e-07   1.0855545e-26   1.4603621e-05   6.1900941e-04   2.9130439e-04   7.1003337e-05   6.2335405e-05   1.0139296e-05   4.6971563e-03
   9.5248598e-18   3.9587178e-08   3.4886141e-19   3.5328110e-05   5.6855580e-04   2.9069699e-04   5.3160537e-05   1.0137672e-02   1.3327512e-05   3.9650860e-03
   5.9529768e-28   3.9201882e-10   9.8447227e-13   4.4360708e-05   6.4043764e-04   1.8121955e-04   1.8661519e-04   3.3943510e-03   6.3481996e-06   4.0519145e-03
   5.5896359e-27   2.4553112e-09   3.0579480e-14   3.9055481e-05   6.1942274e-04   2.6702823e-04   1.4467439e-05   1.0967974e-02   3.0911786e-06   5.1951562e-03
   6.6262526e-21   5.0973073e-11   2.8085719e-13   2.7740879e-05   6.5501654e-04   2.6133266e-04   3.0637710e-05   5.6414583e-03   1.8926487e-06   5.8513277e-03
   2.2246784e-21   8.1387107e-13   3.3118601e-07   1.7894618e-05   5.5318304e-04   2.5972071e-04   1.5706154e-04   1.5067671e-06   3.0743737e-06   6.0886374e-03
   4.1576550e-12   2.9456764e-14   1.5507676e-05   2.6269248e-05   4.7433359e-04   2.4089314e-04   6.4345450e-05   1.4363613e-10   6.7453366e-06   4.4627323e-03
   7.1530468e-10   5.0752592e-06   8.6956300e-06   9.5291415e-06   5.5856519e-04   3.2441831e-04   1.2119079e-05   8.4870314e-05   2.0675025e-05   3.3800755e-03
   1.4015749e-08   2.5738596e-05   6.7640850e-06   2.5185904e-06   5.8024971e-04   2.9002754e-04   1.3406520e-04   3.7442151e-05   1.1303495e-05   2.8800436e-03
   6.8844407e-12   1.4132823e-11   4.5718566e-24   4.6968008e-05   4.6421526e-04   2.4389838e-04   2.1173998e-04   4.4107548e-07   1.6366968e-06   5.2523680e-03
   5.0659976e-12   1.9877742e-13   1.4014580e-05   4.2061189e-05   4.2310098e-04   2.1036156e-04   1.8617295e-04   2.1372048e-03   5.9213416e-06   5.6236138e-03
   8.4141632e-14   8.2525298e-11   7.6139642e-14   4.0961166e-05   4.4859005e-04   2.2928124e-04   3.3330852e-04   1.6107286e-06   7.4930399e-06   4.0531408e-03
   1.0794092e-25   1.1748486e-12   4.5978039e-08   1.9855997e-05   7.7652648e-04   1.5173802e-04   4.3841580e-04   1.7811059e-02   1.7217617e-06   2.9020906e-03
   2.3744676e-25   9.4597960e-14   9.7907720e-10   1.2230433e-05   8.9740459e-04   1.4185025e-04   1.2747827e-04   1.0830920e-02   5.9759304e-06   3.7902930e-03
   1.4133506e-23   4.4568588e-11   1.9935596e-24   2.1646134e-05   6.7895156e-04   2.7940266e-04   4.0421804e-04   2.6402974e-02   4.1633910e-06   2.8618334e-03
   2.2023823e-15   8.8911639e-11   5.9917566e-17   3.4128748e-05   5.2317563e-04   2.8324500e-04   4.0506991e-04   7.1152981e-02   4.0313891e-06   2.7101415e-03
   3.0500047e-06   3.3945498e-15   9.2548165e-20   2.0137640e-05   3.8787497e-04   2.6120949e-04   2.4720471e-04   8.0661627e-02   5.9256511e-06   4.4472176e-03
   4.7200536e-13   1.2638228e-15   8.5821216e-20   2.9442649e-05   4.0064914e-04   1.6951788e-04   5.0595713e-04   5.2147278e-02   7.4193062e-06   5.5489652e-03
   1.4895952e-09   1.2553112e-12   1.8545832e-21   3.2330566e-05   3.4276260e-04   1.7435325e-04   4.0944520e-04   2.1830203e-02   9.2553972e-06   5.0149613e-03
   5.0060002e-09   1.1106422e-14   6.0944106e-10   1.7288341e-05   4.5850300e-04   1.4725674e-04   1.2433314e-04   7.3603330e-10   2.1021521e-05   3.4105728e-03
   6.3801163e-22   3.4293700e-17   9.2105463e-06   8.8588975e-06   5.0407005e-04   1.8053030e-04   4.6910909e-07   1.2402922e-18   1.5770207e-05   2.9464157e-03
   1.7577807e-14   1.4280400e-13   1.3029888e-22   1.0893266e-05   4.2883846e-04   2.5194152e-04   2.4640980e-06   4.8171484e-03   1.6754193e-05   2.6943785e-03
   2.5488006e-16   6.3830597e-11   1.4476791e-22   1.6371518e-05   4.5931925e-04   1.9970505e-04   9.0296194e-05   3.5236406e-02   7.5447859e-06   1.9379978e-03
   1.3271523e-11   2.2296804e-07   3.9516693e-29   1.5010654e-05   3.0644013e-04   2.4475123e-04   2.2743126e-04   4.8587046e-02   1.3134130e-05   1.6534186e-03
   2.8304587e-18   9.8139545e-09   4.9843257e-29   1.4070038e-05   2.9765764e-04   1.8816981e-04   2.3459716e-04   5.1482346e-02   1.7735473e-05   2.6557756e-03
   8.7466150e-22   3.5849893e-13   1.9710826e-19   7.7774253e-06   3.2718676e-04   2.1069365e-04   2.3374901e-04   3.2750462e-02   1.0940418e-05   3.5080999e-03
   4.2225340e-28   7.7702862e-18   5.1512914e-18   1.0189130e-05   3.7067468e-04   1.8847550e-04   1.7025044e-04   1.1712036e-17   1.4942534e-05   3.6862359e-03
   1.1657844e-39   7.6182976e-10   2.3050687e-25   1.7800191e-05   3.2333282e-04   1.2202997e-04   3.1053823e-04   2.8105276e-16   3.3246081e-05   2.3061746e-03
   1.3867588e-23   1.0384876e-10   3.3255668e-23   1.5180752e-05   3.4329511e-04   1.0512475e-04   3.5335767e-04   5.4454953e-26   2.1148540e-05   2.4674434e-03
   4.3753332e-27   4.5583225e-09   8.7793790e-29   2.3005837e-05   2.2627989e-04   1.4036023e-04   1.2369258e-04   7.9932240e-39   2.4692735e-05   2.4995493e-03
   2.4074566e-28   4.2059322e-08   1.2772112e-29   5.5539117e-06   3.7193999e-04   1.4319542e-04   4.2073230e-05   1.9474179e-53   1.8202837e-05   1.4286097e-03
   1.6580917e-19   5.3936025e-06   3.0053380e-23   9.5406394e-06   3.1261390e-04   1.0299746e-04   1.1752053e-04   8.4088585e-09   8.0239469e-06   1.5510128e-03
   1.3403242e-32   4.2274109e-06   1.7947151e-18   1.6182687e-05   2.6658002e-04   1.1158385e-04   4.4634684e-06   5.6696416e-03   1.6660131e-05   1.9964586e-03
   5.4049799e-20   2.1779014e-08   1.3170059e-21   9.3727987e-06   2.3589458e-04   1.2830786e-04   9.8725284e-05   8.1074558e-03   2.0530304e-05   1.9897518e-03
   1.3544659e-16   2.1913635e-07   1.1730212e-13   7.8758649e-06   2.1155630e-04   1.2471447e-04   1.0328681e-04   2.5498034e-03   9.4957486e-06   1.6932587e-03
   6.4759963e-14   1.6062988e-07   1.1444764e-25   1.3223882e-05   2.1950288e-04   7.0934105e-05   1.3286834e-04   5.5922289e-04   1.3037830e-05   1.5471819e-03
   4.6966332e-15   7.5365675e-10   1.5648279e-30   1.4357737e-05   2.3483270e-04   4.7596268e-05   2.0215048e-04   1.3415035e-02   1.6565422e-05   1.7581279e-03
   4.0180191e-30   2.8870517e-06   2.1623148e-26   1.6249988e-05   1.8591447e-04   5.6173810e-05   1.7901176e-04   1.5868503e-03   1.2405493e-05   1.6781195e-03
   7.3885805e-10   9.1120856e-07   8.1364071e-20   2.2406383e-05   2.4432624e-04   8.6317097e-05   5.4225384e-05   1.2156781e-32   1.8559137e-05   9.3110026e-04
   1.2189148e-08   2.9632405e-11   8.6644385e-18   1.4458898e-05   2.3379625e-04   9.6292176e-05   7.2448559e-05   1.3413684e-13   1.6651423e-05   1.1908188e-03
   6.6431858e-10   7.3830141e-07   6.2660033e-28   3.2120560e-05   1.8610912e-04   5.9408192e-05   1.6982520e-05   2.0100553e-40   3.4814440e-05   8.8005619e-04
   2.8453264e-13   3.5913614e-08   2.2276342e-33   2.1597646e-05   1.8092662e-04   9.0501818e-05   1.7990361e-05   8.9622682e-17   3.9066405e-05   5.8366626e-04
   4.1293301e-21   2.6529073e-09   7.6737073e-45   2.1365195e-05   1.6588981e-04   1.0525015e-04   2.3071732e-05   2.1300190e-15   2.5186773e-05   7.1056576e-04
   1.0759303e-05   5.9659086e-07   2.4295542e-31   1.5076005e-05   1.8376009e-04   6.6814554e-05   2.7472691e-05   2.5028765e-03   7.8685415e-06   8.2490994e-04
   7.9985571e-08   6.2054881e-09   7.1977673e-25   1.8237249e-05   1.4071764e-04   4.6346847e-05   4.3469231e-05   1.0996304e-02   1.8382560e-05   1.3207695e-03
   6.6979717e-17   5.4133008e-11   4.1603766e-15   1.6652996e-05   1.0642811e-04   2.0812849e-05   2.7055543e-05   1.2016338e-02   1.9639268e-05   1.6744556e-03
