   1.8752988e-03   1.0878077e-03   5.7529567e-32   1.4304807e-23   8.0233868e-03   1.3473147e-03   1.7812720e-03   1.8600403e-30   3.5062688e-03   4.7540208e-03
   2.3608771e-03   1.8949850e-03   1.0130551e-29   3.4972127e-16   1.1059786e-02   2.0206257e-03   6.6936133e-06   7.1655183e-24   2.2946143e-03   6.0315249e-03
   1.4761190e-03   1.3040981e-03   1.4923627e-40   2.9100808e-03   1.0009682e-02   1.6455899e-03   3.5129995e-08   1.2322121e-14   8.0062336e-04   6.9518658e-03
   4.0477365e-04   4.2112350e-04   7.6548518e-51   1.2747891e-30   8.0669079e-03   6.2040087e-04   4.6242549e-04   8.8304626e-11   4.8278676e-05   5.7179830e-03
   4.1210013e-04   2.8017263e-04   7.3826175e-56   6.0907379e-20   1.1611270e-02   5.1166549e-11   1.8055020e-04   5.7160477e-16   2.0736476e-03   5.2170535e-03
   2.0622314e-12   5.5068237e-04   2.5090098e-48   2.0403935e-10   3.7343180e-02   9.7214325e-44   1.0890820e-29   3.3807560e-28   3.6020056e-16   3.5539872e-03
   4.2367032e-08   5.5432885e-03   6.5690350e-38   6.9576271e-15   8.5451712e-02   5.2259941e-61   8.9192290e-37   1.6321952e-42   1.3544714e-19   2.8044280e-03
   5.5441635e-02   3.1709237e-02   1.2483304e-27   2.6796661e-12   6.3859789e-02   1.1769970e-48   2.9410915e-22   6.8275584e-15   1.0708536e-13   1.8884884e-03
   1.1858095e-01   3.2786241e-02   1.6310122e-51   1.4124099e-12   4.7920446e-03   9.3267834e-16   2.4715670e-02   2.7296572e-08   9.9685064e-03   1.6949946e-03
   5.5060953e-02   5.7963852e-03   4.2959243e-38   2.1571416e-14   7.6136141e-04   3.8751812e-02   5.9113034e-02   1.5706191e-03   2.8192777e-02   1.3548742e-03
   5.3422855e-03   8.4663202e-04   3.1865454e-13   5.0657054e-07   1.0515970e-02   6.2472202e-02   1.7105244e-02   1.0375470e-09   1.5209784e-02   2.4861108e-04
   9.4414318e-04   1.8406241e-04   1.3559009e-44   4.2388016e-05   3.0583661e-02   2.6163946e-02   3.0130042e-10   4.2357766e-04   2.1498021e-05   9.0320863e-04
   3.6841997e-10   1.7517575e-04   8.9282420e-25   2.1472308e-20   5.9091830e-02   3.3472222e-03   1.2664895e-15   1.1137481e-03   7.4872286e-05   3.9112980e-04
   1.2043139e-03   1.8222553e-03   5.2511277e-29   2.4510042e-13   5.7291668e-02   1.6051928e-16   3.4413847e-16   2.0652761e-03   6.3798855e-06   3.2656176e-04
   1.6808882e-02   1.5934093e-02   1.3012554e-33   3.7486452e-38   3.6396437e-02   1.1606934e-44   3.8975013e-42   2.1826342e-34   4.1954230e-10   1.6607895e-05
   8.6864866e-02   2.2592043e-02   8.3961357e-05   6.6987027e-25   4.6372699e-03   4.4830982e-24   6.9791899e-24   3.7949616e-21   1.8550689e-07   1.2017640e-09
   1.1869288e-01   1.0474018e-02   1.8356686e-04   1.0139198e-14   6.9008205e-03   8.7416129e-05   4.0743894e-03   1.2590189e-09   1.7134871e-02   5.5515098e-09
   6.5746392e-02   5.0122282e-04   8.6733181e-28   2.4269857e-13   3.0769171e-02   2.6361663e-03   2.5658182e-02   2.3303998e-05   7.6563174e-02   2.7752573e-05
   7.7526744e-03   1.9356404e-04   1.1019572e-24   1.9829350e-14   5.7248572e-02   1.3615376e-02   6.5954333e-02   2.1488630e-10   6.9987726e-02   2.1673706e-06
   1.0435846e-11   3.0988687e-04   2.3204601e-04   2.5097784e-33   4.7674456e-02   7.2559019e-02   2.6820639e-02   1.0210408e-25   2.0102836e-02   2.5770374e-06
   4.4044833e-04   1.1445825e-03   7.3270490e-05   9.6018429e-26   3.3541935e-02   8.4117639e-02   8.7095068e-21   3.7349407e-20   3.1121288e-04   6.0959228e-05
   6.1572748e-03   1.0883808e-02   1.8153146e-28   5.8075903e-58   3.3016487e-02   3.7912186e-02   2.1565919e-24   1.7342146e-15   1.1843919e-03   6.0323538e-05
   2.8985148e-02   2.2796735e-02   1.8623806e-26   2.3314545e-47   2.4540376e-02   1.2482550e-02   1.0335641e-35   1.5183136e-40   1.8084934e-03   2.1224574e-05
   5.8330488e-02   1.8679193e-02   8.4852476e-30   8.1714809e-14   2.0233932e-02   3.7716475e-03   7.5603776e-32   9.0834354e-04   2.2113120e-04   1.6601381e-04
   7.2168834e-02   5.4736062e-03   5.2104031e-42   2.0365190e-10   3.1669394e-02   9.2478267e-04   3.0323696e-03   1.7763205e-02   6.1175891e-03   3.2182560e-04
   5.0670927e-02   7.6029567e-04   2.7613009e-50   7.0677073e-23   2.7224893e-02   1.1105096e-03   1.6478986e-02   9.2225983e-03   4.4889625e-02   7.4798075e-04
   1.7519039e-02   3.6746225e-04   7.7453287e-40   2.2246840e-17   1.4475616e-02   1.5612694e-03   5.3993586e-02   7.2311007e-04   6.7644849e-02   1.9089315e-03
   4.4610246e-03   9.8051453e-04   1.9754598e-52   3.5714795e-30   1.0344067e-02   4.6854618e-03   1.1547151e-01   1.2678634e-09   2.8795820e-02   2.2421868e-03
   3.6011638e-11   1.1260983e-02   7.7898157e-20   1.3161888e-40   1.5463121e-02   1.4134121e-02   1.3794896e-01   2.8368725e-11   6.1887814e-27   8.8587502e-04
   1.4064651e-10   2.4462233e-02   1.0101909e-04   1.9096710e-45   1.5946432e-02   6.0931821e-02   5.2491825e-02   4.4723371e-07   5.0166209e-27   8.3219702e-13
   2.2263582e-03   2.9133713e-02   2.1674117e-04   8.8564570e-22   1.4451540e-02   6.7087137e-02   3.8120584e-05   2.4467521e-03   2.6022052e-21   1.0513658e-09
   9.5533836e-03   1.5957384e-02   4.2765173e-04   1.2109931e-02   8.5089926e-03   3.5380400e-02   9.5311601e-14   3.5537967e-02   8.5374151e-18   2.4444211e-06
   1.5087548e-02   3.0344606e-03   2.4546407e-19   1.9689216e-02   5.1112566e-03   1.1469846e-02   1.0439140e-09   7.2590572e-02   3.0945292e-05   6.0447747e-04
   1.1848227e-02   1.6548072e-03   5.1881822e-36   2.1264545e-29   3.7437798e-03   3.0913753e-03   8.0418151e-03   5.7118412e-02   4.3475884e-03   1.1640885e-03
   6.0146810e-03   4.6449448e-03   8.3400027e-55   1.9171779e-19   3.2769666e-03   9.9536364e-10   1.6254270e-02   3.9928877e-02   1.8517649e-02   1.3300363e-03
   1.6993962e-09   1.4612310e-02   2.5733987e-35   2.7232956e-43   5.2416769e-03   6.8561376e-27   2.3740647e-02   2.0512569e-02   1.8996793e-02   7.1891243e-04
   2.7334187e-16   2.7509354e-02   2.3103534e-12   2.3289630e-44   4.9938884e-03   2.9346580e-20   2.7743841e-02   1.7231852e-03   7.0086199e-04   3.9228233e-04
   1.9227646e-23   3.9035357e-02   5.4237079e-15   2.5312809e-39   1.7147871e-03   5.8517436e-12   1.6864849e-02   6.8867698e-28   6.0257555e-26   1.3541379e-04
   8.3617489e-12   3.8936869e-02   8.1378015e-05   4.1615557e-04   5.6056881e-07   3.3504441e-03   7.9724136e-03   1.3564722e-02   2.4067567e-30   2.9523945e-08
   5.5987360e-04   1.4756917e-02   2.9582709e-04   1.3654794e-01   3.8055689e-04   1.2212000e-02   4.1030809e-07   5.1660139e-02   8.1007420e-26   3.1547772e-07
   2.3425463e-03   2.0967809e-03   1.7304929e-08   8.1902179e-02   1.7266356e-03   1.0030941e-02   5.2063941e-11   7.6809626e-02   3.4820084e-13   1.7190454e-04
   2.3760661e-03   1.9609208e-03   6.9737177e-62   1.1017164e-03   3.6930282e-03   4.4617695e-03   9.0172389e-12   5.6221194e-02   3.1099604e-05   2.9250391e-04
   2.1914835e-03   5.1082979e-03   3.3348526e-41   1.3226076e-16   4.7892609e-03   1.0870936e-03   2.0497421e-03   2.1425655e-02   1.9260775e-03   4.9029894e-04
   7.5390527e-06   9.4490514e-03   8.4887936e-17   6.0616257e-25   2.7123214e-03   3.8130000e-18   3.2444622e-03   9.8760775e-03   5.2418992e-03   3.1999019e-04
   1.2422888e-12   1.6570966e-02   1.0219708e-08   2.6754854e-20   1.0305105e-03   3.0539056e-39   3.0155693e-03   4.7665738e-04   2.3135643e-03   1.7627699e-04
   9.9713567e-22   2.3278656e-02   2.5410968e-05   4.3806381e-09   2.6382806e-05   2.9055834e-47   1.1241023e-09   8.1690229e-32   1.8796219e-22   3.6220804e-06
   2.4451664e-09   1.7400222e-02   8.1529606e-09   9.9561860e-02   3.5742113e-04   1.4450159e-24   2.4545734e-07   2.0887610e-23   6.7259251e-28   1.5513199e-06
   8.5886083e-04   3.5766635e-03   2.4705604e-18   1.2641482e-01   2.2305543e-03   7.6478170e-04   6.1122514e-03   6.4467392e-03   1.4340897e-32   1.1546865e-04
   1.6862016e-03   1.9437121e-03   3.6163387e-32   1.7709571e-02   2.3767319e-03   2.4111821e-03   3.3372102e-03   9.8632218e-03   3.8614975e-38   3.1378466e-04
   1.5579578e-03   2.6156145e-03   2.2601527e-50   2.0116068e-03   2.1781550e-03   4.1326550e-03   8.1961840e-05   6.6605961e-03   7.4703158e-29   2.5459214e-04
   1.3398479e-03   3.6833605e-03   1.0283115e-58   1.4442790e-35   1.9281764e-03   2.8670827e-03   1.4420987e-06   2.9129362e-03   6.8631491e-17   1.4000376e-04
   1.4020468e-03   5.9754317e-03   1.3006032e-11   9.9442289e-23   1.3797200e-03   1.3097353e-03   1.2004767e-07   6.8447785e-05   5.8536693e-07   8.1454854e-05
   4.8647343e-04   1.0088639e-02   2.7676695e-04   6.3390441e-13   8.4420016e-04   3.3030486e-13   7.9609662e-10   1.9002176e-26   1.8525379e-04   1.0715175e-05
   1.9972963e-05   1.3018945e-02   3.0127490e-04   2.9362590e-02   1.0261529e-03   5.9291415e-47   1.8557336e-17   2.8041961e-61   3.4482211e-16   1.1361371e-13
   1.1304199e-03   7.7122475e-03   1.4569569e-04   7.2814894e-02   1.6347975e-03   4.4003431e-33   1.8033096e-03   1.7002593e-24   6.6671434e-23   1.6110681e-05
   2.8456507e-03   1.1747936e-03   2.3168440e-53   5.1581258e-02   2.1092676e-03   2.7047938e-04   4.3923948e-03   6.2215350e-03   7.2370018e-37   4.2371586e-04
   3.1921524e-03   1.7283973e-03   2.2699002e-24   3.6299579e-05   2.6624702e-03   6.8031365e-04   3.9013796e-03   1.0590389e-02   4.7218584e-39   2.7387850e-04
   2.8661573e-03   3.4330034e-03   1.0857983e-21   1.8853393e-14   3.3249307e-03   1.4515796e-03   2.0795430e-03   7.1422362e-03   8.5618422e-35   1.2613777e-04
   2.7224210e-03   4.5318626e-03   6.5069354e-05   1.1388762e-40   3.2762244e-03   2.4699604e-03   7.5005545e-05   1.2479184e-04   1.4007028e-19   9.8154922e-05
   2.1463927e-03   5.9002799e-03   2.1848803e-06   3.7425553e-25   1.6361415e-03   2.6675248e-03   2.1213283e-12   2.8838248e-13   5.8824359e-11   5.9159376e-05
   1.7176563e-03   9.1369451e-03   4.0664207e-04   1.8654168e-34   3.8451064e-04   1.7393002e-03   1.3682953e-18   1.3922469e-20   8.2082090e-05   3.5391598e-05
   1.2239519e-03   1.0780452e-02   5.2352319e-04   2.2700911e-05   1.1786619e-04   7.3756458e-04   3.8170815e-11   2.4999897e-24   1.3144345e-06   1.4785061e-04
   1.6899148e-03   5.2490350e-03   1.1372488e-10   5.4593301e-02   9.8883494e-04   2.5203503e-06   2.4570122e-03   9.2304499e-26   9.1948505e-22   2.8600987e-04
   2.5853718e-03   2.6867499e-03   1.9279098e-05   2.4154251e-02   1.7746868e-03   6.8374129e-14   3.7653863e-03   3.5541710e-03   1.8626872e-35   1.9415685e-04
   2.5653690e-03   3.1893215e-03   3.8730008e-05   9.4425905e-19   1.9345746e-03   7.5554704e-23   3.7421417e-03   5.8877773e-03   6.3455176e-45   2.2866294e-04
   1.7670641e-03   3.5871367e-03   2.0692108e-09   1.9197255e-14   2.0550937e-03   8.6085822e-18   4.8326306e-03   3.2811648e-03   8.5235563e-41   1.3644045e-04
   1.3026409e-03   3.4407878e-03   8.5082574e-05   1.3852152e-39   1.5401296e-03   4.7143871e-04   5.2349049e-03   1.0038412e-03   4.1330721e-31   5.1562077e-05
   6.3976119e-04   6.4664143e-03   4.0586078e-04   9.8945884e-32   7.7790393e-04   1.0675536e-03   1.9362827e-03   1.7180185e-09   5.3603721e-18   4.0093191e-05
   1.1475236e-04   1.0451787e-02   5.8194928e-04   2.7581567e-26   1.1406913e-04   1.2924480e-03   9.8908274e-12   2.7553150e-45   9.1384015e-08   3.3517383e-06
   2.1275592e-06   8.4053396e-03   1.9263471e-04   2.3780875e-02   2.4404343e-04   1.8427860e-03   9.8629944e-16   1.6215642e-36   5.1701544e-04   4.3313944e-05
   7.7562177e-04   4.0255308e-03   5.4389143e-59   4.2861956e-02   1.1829928e-03   1.8869339e-03   5.2338717e-08   3.6193306e-18   2.9239852e-04   2.0678697e-04
   8.8901879e-04   4.2438701e-03   1.5603444e-28   7.8466909e-04   1.1189924e-03   8.4228228e-04   2.9794266e-11   4.4667848e-03   2.5823529e-10   1.2982581e-04
   6.3190919e-04   4.2904832e-03   2.0124587e-04   2.1462566e-30   9.6030162e-04   2.8242644e-04   2.5683494e-10   7.8949331e-03   1.2013118e-17   1.3370694e-05
   3.8963116e-04   3.5710354e-03   6.3487221e-63   1.1228297e-27   6.1625163e-04   1.9304883e-09   1.0904698e-03   5.5317616e-03   2.0542722e-29   2.7983445e-04
   1.8511153e-04   6.2579565e-03   6.1307874e-51   1.7251441e-18   8.7087139e-05   3.8926318e-14   9.8039866e-04   8.0941251e-04   3.0671675e-15   3.0506069e-04
   3.3028980e-18   1.1759485e-02   9.3359396e-05   1.0088076e-21   1.4313297e-14   3.2624108e-25   2.7707120e-13   9.9610841e-13   1.8214116e-21   1.0631888e-04
   1.1008680e-21   1.5475349e-02   1.8275336e-04   3.6664041e-12   2.0498713e-18   5.7889216e-26   1.1070482e-19   2.4531950e-34   7.3337400e-25   9.0458469e-06
   4.8895147e-05   1.1166913e-02   1.0187977e-15   2.3244156e-02   7.6147888e-06   6.8090161e-20   2.0259317e-04   3.6313292e-28   1.1821004e-04   1.9142670e-04
   7.7350066e-04   7.1809336e-03   4.7465704e-32   1.3575207e-02   6.9712844e-07   9.8601482e-04   8.0808118e-04   2.2372224e-04   3.2452646e-04   4.4444521e-04
   1.1576715e-03   7.4522125e-03   1.3662835e-39   2.4669702e-12   6.5070504e-07   1.7136011e-03   7.6806281e-11   4.7029616e-03   8.1333847e-21   2.7828713e-04
   7.8498423e-04   6.5286453e-03   3.6046869e-64   4.0309103e-14   7.1531365e-06   1.8405985e-03   5.2758788e-15   8.6677483e-03   6.4793519e-21   4.0045326e-04
   6.6186213e-04   5.0169538e-03   3.1459136e-13   2.9784434e-05   1.1910101e-05   9.0036215e-04   5.5425531e-19   5.9945888e-03   6.0455760e-33   5.2509017e-04
   8.7982822e-04   7.9801303e-03   1.8689273e-06   8.8218366e-18   3.6995403e-08   1.8145912e-12   1.9643221e-12   3.2769811e-03   1.6228970e-24   4.5323934e-04
   7.0563678e-04   1.5669268e-02   3.0015752e-04   1.2463987e-15   1.1629841e-16   5.4146884e-40   1.9655344e-22   9.0145318e-13   3.6233260e-27   6.3700354e-05
   1.1205242e-03   1.6608247e-02   5.8942242e-10   2.7071400e-05   3.9363565e-17   9.4370108e-32   1.8297221e-12   9.3544811e-22   1.4301627e-19   2.1464339e-04
   2.5205240e-03   8.2963913e-03   9.9226842e-30   1.5095127e-02   3.5252326e-06   5.8668725e-07   3.2859147e-03   8.0580244e-10   2.7354191e-09   5.4673774e-04
   1.9920033e-03   6.6503335e-03   8.6719571e-60   1.2554725e-08   2.9173658e-06   5.5638512e-04   3.8355096e-03   5.1944261e-03   8.8095742e-05   4.6182486e-04
   3.0059711e-03   6.0125288e-03   1.2149128e-12   1.1548522e-21   2.1102389e-06   7.9406506e-04   3.3608282e-03   1.5487136e-02   6.2095430e-07   4.6349638e-04
   2.7869922e-03   3.9733597e-03   2.6279154e-04   1.2890028e-07   1.4054406e-04   1.5002251e-03   2.8582908e-03   2.4393948e-02   2.3148948e-10   3.1173625e-04
   1.9794673e-03   2.8638013e-03   2.7132742e-04   1.9258112e-02   3.7952672e-04   3.2760935e-03   1.0488301e-03   1.5766153e-02   2.8116915e-09   3.2161910e-04
   1.4419756e-03   5.2721256e-03   1.8956572e-04   1.4978952e-02   1.5044255e-04   3.2430398e-03   3.0974811e-13   1.0339085e-02   1.1524684e-20   2.9240376e-04
   1.2014484e-03   7.0855464e-03   4.6659577e-29   3.8299913e-03   1.7714437e-05   1.7465802e-03   3.9607166e-11   6.2613364e-03   1.4540270e-16   5.1638538e-04
   1.8237186e-03   4.7694646e-03   2.6358897e-47   2.0453992e-02   5.2359892e-05   9.5912518e-04   1.7249983e-03   3.5992630e-03   6.7658382e-11   7.3663362e-04
   1.8734145e-03   3.5332024e-03   1.9033549e-08   1.7659409e-02   3.3666122e-04   4.1462158e-04   4.6426704e-03   3.7049501e-03   1.1933779e-07   7.2881736e-04
   1.4098162e-03   2.1764878e-03   3.5155928e-04   1.6287349e-03   5.2745254e-04   3.2677919e-04   6.3268431e-03   1.4359293e-02   4.9548568e-04   6.4017852e-04
   1.1244783e-03   1.2616774e-03   4.8392160e-05   8.1344460e-05   6.1835506e-04   3.4174297e-04   6.2791429e-03   2.8141748e-02   4.4165908e-05   9.6936621e-04
   1.2109671e-03   7.8815438e-04   5.1337748e-06   2.2386153e-03   5.3987193e-04   1.0174714e-03   3.1018006e-03   4.1108825e-02   1.6720978e-18   9.2941778e-04
   1.0839531e-03   1.4755250e-03   1.2712074e-04   4.1097916e-09   3.8270992e-04   1.2427702e-03   2.4375342e-03   2.9312067e-02   4.5329290e-04   6.1006199e-04
   6.8825874e-04   2.9481635e-03   2.4143623e-29   1.1707148e-25   1.9353236e-04   4.6536988e-03   1.6130935e-04   1.3876911e-02   2.4470158e-17   8.2701081e-04
   4.9252836e-04   3.0402943e-03   9.5395556e-39   1.2763682e-21   1.1528479e-04   5.5660093e-03   1.3770795e-06   1.0372584e-02   5.6839317e-04   8.7725546e-04
   1.0496284e-03   2.8580602e-03   2.0272425e-62   5.2639789e-08   2.7793700e-04   5.4815683e-03   4.1041063e-05   4.4584405e-03   5.4307076e-04   1.0359108e-03
   1.4004470e-03   1.9981019e-03   1.0288537e-49   7.0837861e-04   5.3402645e-04   3.5095379e-03   4.4581276e-03   3.3552423e-03   1.9563699e-05   1.0675422e-03
   1.5757257e-03   1.0325633e-03   5.6894763e-46   4.1118195e-16   6.2750307e-04   1.8451452e-03   7.0206947e-03   3.8499544e-03   1.5900426e-04   1.1383557e-03
   2.0976158e-03   2.9446520e-04   9.9695825e-45   1.3742708e-03   4.8380888e-04   1.2216107e-03   9.1677989e-03   6.4343994e-03   5.4321290e-12   1.6011824e-03
   1.6926246e-03   8.7179541e-04   6.2817373e-42   1.2580478e-04   1.7024358e-04   1.5877098e-03   1.1200053e-02   6.3099642e-03   3.2271724e-10   1.3638865e-03
   1.1788987e-03   1.6188203e-03   5.6697749e-71   7.7443750e-19   1.5791941e-04   1.6672859e-03   9.3206694e-03   3.5718499e-03   9.9982693e-04   9.3205602e-04
   5.9507267e-04   2.4069856e-03   1.8531627e-36   1.6576978e-18   1.2181053e-04   2.9111941e-03   7.4352709e-03   1.9927766e-03   4.2533870e-09   7.9631527e-04
   3.0377013e-04   2.0357887e-03   2.2614627e-36   1.3472700e-06   1.7981287e-04   6.2389388e-03   2.9764987e-03   1.2466813e-03   4.3625458e-12   8.8713160e-04
   2.1787025e-04   1.5145626e-03   4.5299401e-75   3.3220329e-03   2.7233985e-04   1.0838255e-02   9.4236000e-05   4.1154991e-04   9.3088222e-04   4.2218529e-04
   1.7824158e-04   1.0650441e-03   2.0948677e-07   3.1733211e-03   2.4122290e-04   1.3156921e-02   5.0191381e-04   9.6172046e-05   2.2875889e-03   3.5668290e-04
   4.0990984e-04   5.4265237e-04   4.7343353e-12   2.1372376e-06   2.3314934e-04   1.0944655e-02   2.9892648e-04   1.5610963e-03   4.6710934e-03   6.4835017e-04
   5.8460415e-04   2.3402014e-04   1.1674672e-31   7.1667290e-04   2.1166897e-04   6.4584599e-03   1.2963950e-03   3.8879531e-03   4.4887656e-03   9.6532629e-04
   3.9034701e-04   6.7865303e-04   7.0829188e-56   6.7230754e-08   2.3639679e-04   3.6478234e-03   2.2001086e-03   5.3575949e-03   3.8374707e-03   8.9153904e-04
   3.3314917e-04   1.3880935e-03   5.5672777e-70   1.4106020e-23   3.5220228e-04   1.8495483e-03   4.5243319e-03   2.5403784e-03   3.0448564e-03   7.6826460e-04
   1.1576526e-04   1.5213058e-03   4.7836803e-66   3.5803244e-42   2.7386865e-04   2.7345708e-03   3.5203665e-03   1.9072806e-03   1.8255496e-03   8.1861205e-04
   2.4862400e-04   1.2485726e-03   4.1057795e-42   3.7360122e-12   5.1529204e-04   2.8728058e-03   9.5564987e-04   1.3751070e-03   4.2391040e-07   6.3572115e-04
   2.0803788e-04   7.8946110e-04   9.5851047e-39   2.3420002e-03   4.2927224e-04   2.5708862e-03   1.1020663e-03   6.6417234e-05   2.0708733e-03   1.2923050e-03
   3.0713471e-04   3.5555205e-04   2.8182197e-35   3.2778855e-13   4.1834975e-04   3.1044408e-03   3.3896169e-03   2.6612945e-04   1.8684397e-03   1.3234951e-03
   5.1381318e-04   9.6424241e-05   1.3896335e-26   2.7553288e-03   3.4467409e-04   4.6378353e-03   4.8407704e-03   9.1186090e-04   3.0461312e-03   9.4249853e-04
   7.0839631e-04   3.4819652e-04   3.1666579e-40   2.9125955e-04   2.6941097e-04   6.3857729e-03   9.5205828e-04   1.9372895e-03   5.4759580e-03   5.6308122e-04
   5.4201043e-04   5.9330647e-04   3.1466112e-56   1.1890434e-21   2.5389568e-04   5.6051377e-03   5.3216360e-04   2.3776465e-03   5.1424860e-03   5.3278121e-04
   3.9846753e-04   9.7627364e-04   2.9356056e-83   2.3272970e-22   2.5128650e-04   3.8573030e-03   1.7920802e-03   8.0888806e-04   4.8575969e-03   4.7460131e-04
   2.6623327e-04   8.7872343e-04   1.9709886e-38   3.9391416e-26   3.5067824e-04   2.3136439e-03   3.6957619e-03   5.6199143e-04   3.0998649e-03   7.7380320e-04
   2.6040275e-04   6.0572829e-04   2.2133556e-30   6.0805764e-04   6.6201104e-04   1.6981268e-03   4.6572410e-03   2.1428651e-04   1.4226701e-03   7.2828281e-04
   2.8542501e-04   2.5982542e-04   2.6920236e-61   1.7685270e-03   5.8253480e-04   1.3109443e-03   5.0757114e-03   2.9762366e-15   1.9635539e-03   8.2281923e-04
   3.8000745e-04   1.4703144e-04   2.3119588e-78   1.4285657e-03   3.9536046e-04   1.1434183e-03   4.5986046e-03   7.6742486e-05   3.0848267e-03   9.1746799e-04
   7.3065767e-04   9.3643508e-05   8.8030912e-47   8.9459282e-04   3.4588066e-04   1.3211721e-03   4.0533454e-03   5.4908308e-04   4.2058260e-03   9.0771826e-04
   9.1082412e-04   3.1089308e-04   5.9741372e-47   8.0088775e-14   3.6603739e-04   9.0827197e-04   4.8947309e-03   9.1265151e-04   4.7108470e-03   6.8912191e-04
   6.8530117e-04   6.2832456e-04   5.8715790e-65   2.7612180e-14   4.8872790e-04   2.5787426e-03   2.2174145e-03   1.1599590e-03   4.6445294e-03   4.3534888e-04
   5.5063840e-04   7.6089696e-04   1.0642997e-22   4.9474615e-19   5.0865064e-04   3.6894968e-03   3.4542713e-04   3.1506075e-04   6.4191366e-03   3.3178966e-04
   4.3432218e-04   6.1209150e-04   1.7697598e-22   1.7321426e-20   7.5928200e-04   3.5297007e-03   4.0524426e-05   8.1631437e-05   6.4298443e-03   4.6822025e-04
   3.3949210e-04   3.2798149e-04   1.0294948e-20   1.1494730e-03   6.4641841e-04   2.6141746e-03   1.4278796e-03   3.3575006e-16   6.2036501e-03   5.2465427e-04
   5.3063363e-04   2.1995610e-04   6.7995539e-16   9.5313948e-04   5.0886013e-04   1.6156902e-03   1.0073458e-03   6.9687718e-14   4.5719989e-03   3.9592433e-04
   1.1050306e-03   1.6899829e-04   5.4892155e-45   1.4029967e-03   8.2420459e-04   7.8732563e-04   1.5444244e-03   5.1631881e-07   4.9328541e-03   4.4450369e-04
   2.2675735e-03   2.0380236e-04   2.3469941e-57   2.4892734e-26   1.0670308e-03   8.2861528e-04   2.0211702e-03   3.9331592e-07   4.8431544e-03   4.2666430e-04
   2.5510556e-03   5.9468670e-04  3.1320642e-101   1.9299230e-12   1.1793704e-03   7.5828968e-04   2.7243626e-03   5.3652689e-04   3.9209108e-03   3.0215490e-04
   2.2436820e-03   1.0045521e-03   2.8678198e-26   1.1591722e-08   6.3841067e-04   1.1297713e-03   2.6791037e-03   6.2567210e-04   4.6133500e-03   2.3662528e-04
   1.9061425e-03   9.2958181e-04   1.9014030e-15   1.2864254e-16   1.1388149e-03   1.4021292e-03   2.1147911e-03   2.6402377e-06   4.4895345e-03   2.4337754e-04
   1.2829049e-03   6.1034313e-04   2.7434579e-66   6.2106431e-15   1.2998138e-03   2.6629630e-03   1.1947811e-03   1.2199585e-04   6.0016288e-03   3.4129138e-04
   1.5149688e-03   3.3852416e-04   5.9537863e-32   1.0565764e-06   1.0453347e-03   3.7078668e-03   2.1309509e-09   1.5092791e-08   8.0266705e-03   4.1196261e-04
   1.6867092e-03   1.1619135e-04   3.0015945e-25   2.8125427e-03   1.3218253e-03   3.5222810e-03   1.4270853e-03   8.1221926e-20   6.1676022e-03   3.9336268e-04
   2.0808709e-03   1.5004213e-04   6.8159007e-52   4.4172612e-16   1.6897261e-03   1.8656474e-03   1.8263702e-03   1.1715353e-15   1.4129357e-03   2.8167716e-04
   4.1069198e-03   4.6484509e-04   2.6184797e-56   3.5832786e-40   1.3380675e-03   1.0427383e-03   2.4117138e-03   6.1927134e-22   3.4783134e-05   5.4863039e-04
   4.6041861e-03   7.7453042e-04   4.4528281e-49   5.6725557e-26   1.1463808e-03   6.8490058e-04   2.7456296e-03   4.5154171e-04   1.3946210e-03   5.9490505e-04
   3.1551834e-03   1.1161209e-03   2.1110178e-36   1.2123456e-15   1.0698065e-03   6.3449705e-04   2.7379274e-03   1.1532685e-03   3.1533490e-03   5.0790434e-04
   2.7096258e-03   9.2825282e-04   5.9657753e-33   1.4975846e-18   1.0645834e-03   7.0647128e-04   2.9523833e-03   1.4149569e-04   3.0544355e-03   5.3392880e-04
   2.0794015e-03   5.1345993e-04   1.8561145e-25   3.2154659e-03   1.3990413e-03   1.6650920e-03   1.3032664e-03   4.4535228e-04   2.6974716e-03   4.7589955e-04
   1.6613728e-03   4.5054671e-04   5.0912440e-35   2.0510454e-03   1.1656744e-03   1.7510405e-03   1.2115156e-03   4.2493835e-04   4.5019068e-03   4.2166831e-04
   1.9942920e-03   4.5267937e-04   7.5806925e-46   1.6066088e-13   1.6194893e-03   2.8561495e-03   9.9792229e-11   3.5051186e-06   3.9053441e-03   3.8899842e-04
   2.3746688e-03   6.0301380e-04   3.9267387e-39   3.2066871e-22   1.2226101e-03   4.0449255e-03   4.3372606e-05   1.2714847e-14   1.5262384e-03   4.9903635e-04
   2.6026756e-03   1.0452411e-03   4.1985584e-49   1.0180751e-31   6.3739592e-04   3.9387440e-03   5.3444316e-06   2.1237994e-04   2.4958934e-03   6.3755075e-04
   1.9213170e-03   1.4405491e-03   3.6978777e-54   2.1386493e-20   6.6074179e-04   2.2280191e-03   7.4255333e-05   2.0041644e-03   3.5142641e-03   7.1314728e-04
   1.7161426e-03   1.4773172e-03   7.8055132e-36   3.6279887e-16   6.9930907e-04   1.0747093e-03   9.6927789e-04   2.3946641e-03   3.5126337e-03   6.1354293e-04
   1.3322075e-03   1.1853144e-03   1.2368324e-34   5.5901905e-10   1.1363929e-03   8.0070373e-04   1.9585879e-03   8.7457761e-04   3.8176093e-03   6.6131959e-04
   9.9586108e-04   8.7212609e-04   2.9567988e-78   3.1742883e-03   9.5650765e-04   1.1499720e-03   2.8411759e-03   1.9461683e-03   3.5528921e-03   7.3984817e-04
   1.2559185e-03   7.7378548e-04   6.2028619e-84   2.3110854e-05   7.1612595e-04   1.3996383e-03   1.8616812e-03   1.3017220e-03   3.4056776e-03   7.7697871e-04
   2.0139029e-03   9.0008326e-04   1.1228115e-55   1.2268456e-08   5.5240524e-04   1.9696037e-03   7.1704741e-04   3.3191706e-04   4.5136543e-03   7.5144746e-04
   1.7890370e-03   1.3289135e-03   1.7784605e-43   3.7198341e-14   6.2158964e-04   2.9565222e-03   2.6038745e-05   6.4389266e-04   2.3705378e-03   5.4929587e-04
   1.3623630e-03   1.6060962e-03   2.1924654e-53   8.3517432e-19   5.3347673e-04   4.2758543e-03   6.3347138e-10   1.4724174e-03   1.9568026e-03   5.7784030e-04
   1.1957030e-03   2.0345597e-03   2.7063017e-59   3.5289140e-08   4.4295763e-04   5.8964445e-03   1.5070883e-08   3.7255589e-03   1.8278442e-03   4.4805089e-04
   1.2892244e-03   1.5883150e-03   3.5987174e-39   1.9935834e-03   2.6981031e-04   6.1121971e-03   4.2701013e-07   4.2750023e-03   3.1312224e-03   4.8465225e-04
   1.0792025e-03   1.1899100e-03   7.0774899e-61   9.9735730e-06   5.3248730e-04   4.7100169e-03   1.3603904e-04   1.5223965e-03   6.8884562e-03   5.5241342e-04
   8.0154525e-04   1.1104699e-03   1.7525234e-28   1.5725948e-03   8.0986424e-04   2.7041366e-03   1.1266107e-03   5.1365252e-03   8.3127406e-03   5.7105933e-04
   7.5238220e-04   1.2232864e-03   3.1058783e-29   1.7764842e-03   8.8620233e-04   1.6570703e-03   4.6456210e-03   4.6213064e-03   6.1258948e-03   4.7291025e-04
   5.5172233e-04   1.5554039e-03   4.2329816e-82   1.5658787e-09   1.3384069e-03   1.4695158e-03   5.3097134e-03   1.8553251e-03   8.3335212e-03   5.3587732e-04
   4.0828142e-05   2.3430531e-03   5.5585843e-47   7.9783569e-36   1.4046350e-03   1.5114396e-03   3.0798048e-03   2.1514713e-03   7.9383837e-03   6.3690313e-04
   2.2161946e-04   3.3707731e-03   3.9467821e-68   3.7532146e-28   1.2683692e-03   2.8298012e-03   8.0975383e-04   3.9020963e-03   6.2483020e-03   6.0376363e-04
   1.8860214e-04   3.4696056e-03   3.2573017e-41   4.5899854e-24   1.2392793e-03   2.7948953e-03   1.2915078e-06   5.7468281e-03   6.2458709e-03   6.2236648e-04
   9.5711692e-07   2.5801654e-03   1.6060771e-41   1.2939285e-18   8.9291319e-04   3.4359060e-03   5.4792400e-12   5.2608094e-03   7.0783151e-03   1.1536326e-03
   5.7980355e-08   1.8682175e-03   3.8370570e-60   1.0255621e-05   7.9120673e-04   5.8350298e-03   2.0772117e-04   1.4025661e-03   7.5457045e-03   1.2854808e-03
   1.3446431e-04   1.3425037e-03   1.1526272e-32   3.3068947e-13   1.2224183e-03   5.1353356e-03   2.5159242e-05   2.9004156e-03   6.4590496e-03   1.2526936e-03
   3.2148032e-04   1.1971799e-03   8.6125477e-20   5.3285691e-10   1.2926252e-03   3.1687981e-03   8.5561842e-08   1.6091897e-03   4.9866561e-03   1.2772760e-03
   3.2494760e-04   1.4934617e-03   2.5240231e-42   3.1521335e-29   9.4480231e-04   2.0130791e-03   3.2018788e-04   9.4845549e-04   5.4825437e-03   1.4979120e-03
   4.0732639e-11   2.7372000e-03   4.1749543e-25   8.3131203e-36   7.6255635e-04   1.6100219e-03   1.0271886e-03   2.5492568e-04   8.9787582e-03   1.2651497e-03
   1.0618378e-10   3.4376346e-03   5.3765850e-11   3.0023268e-25   5.2856213e-04   9.9504448e-04   1.0440343e-03   5.1744940e-04   8.7099867e-03   1.4548823e-03
   1.8636470e-04   2.3393935e-03   7.3313715e-10   1.6114451e-16   4.3339839e-04   1.0060293e-03   8.1960170e-04   2.1975154e-03   3.3366985e-03   1.8149274e-03
   7.7453496e-05   1.1904288e-03   8.4173908e-32   1.2033125e-16   8.2116663e-04   1.5453112e-03   1.7269089e-04   2.8930673e-03   4.8095116e-03   2.0053102e-03
   6.9634991e-05   8.8124837e-04   1.0091467e-63   1.7030887e-05   8.2176518e-04   1.6641824e-03   3.9951674e-08   6.6091895e-04   5.6436212e-03   1.8504545e-03
   9.2965894e-05   8.1829588e-04   1.2827864e-54   3.2383877e-11   8.2389681e-04   3.1369573e-03   2.2872014e-04   1.8375435e-03   4.3916945e-03   1.5650083e-03
   1.4884395e-04   9.8774540e-04   1.6803450e-53   1.3371172e-08   8.0335701e-04   3.2839398e-03   2.5483284e-04   1.0258062e-03   4.4058411e-03   2.0307261e-03
   4.4748360e-05   1.5121383e-03   5.6675102e-53   3.7186165e-36   5.7694577e-04   2.5715332e-03   4.6083778e-08   5.4704786e-04   4.0620317e-03   2.4549195e-03
   1.5551017e-06   1.8556658e-03   6.5485685e-62   3.0647320e-27   6.3812082e-04   2.0402248e-03   2.0538522e-10   2.8397138e-04   2.8893560e-03   2.3424717e-03
   1.2841032e-08   1.7361119e-03   8.4967336e-55   1.7177419e-19   4.1872315e-04   1.3249272e-03   3.1681341e-05   1.0201921e-03   4.2628020e-03   2.4512807e-03
   1.9001618e-16   1.0670381e-03   4.3992480e-95   2.2630182e-20   3.6583076e-04   1.0461245e-03   7.7212546e-04   2.2289885e-03   4.1832784e-03   2.0030484e-03
   4.3625532e-11   9.5212129e-04   6.1684101e-64   3.1808312e-08   2.9883168e-04   6.1068920e-04   6.8210903e-04   2.0996985e-03   2.8470568e-03   1.9151513e-03
   1.6356880e-08   6.0135566e-04   6.4932490e-47   9.8934639e-21   3.2509331e-04   7.7890644e-04   4.9484449e-04   6.5391975e-04   2.6659479e-03   2.3120594e-03
   2.9072664e-08   6.5606158e-04   5.4537262e-58   2.7719197e-06   3.8741676e-04   9.6455356e-04   1.7598213e-04   9.2893755e-04   3.5152666e-03   1.9485802e-03
   2.4621384e-11   7.3387277e-04   2.6631701e-77   4.2718954e-26   4.0281027e-04   1.4462569e-03   2.7687710e-05   9.2761799e-04   3.5674540e-03   1.8944679e-03
   1.2038794e-13   1.2437031e-03   1.1206214e-56   1.3676758e-29   2.7302522e-04   2.2700988e-03   2.3285328e-05   4.1478819e-04   2.7710593e-03   1.6933868e-03
   1.6044548e-08   1.4242491e-03   1.6023002e-71   2.0901426e-20   2.8013806e-04   2.2881765e-03   5.2155434e-08   8.4466480e-05   2.1589140e-03   1.2520641e-03
   2.7465175e-05   1.0856110e-03   4.7320275e-46   1.5623606e-09   9.7067620e-05   2.0981044e-03   2.3485646e-17   7.5626128e-04   1.8505330e-03   1.6206912e-03
   5.4007098e-11   7.6622129e-04   9.3616107e-52   2.5271461e-14   1.8644763e-05   1.6398617e-03   2.4588298e-13   1.5467724e-03   2.5339978e-03   2.0585519e-03
   1.6722813e-07   6.4128561e-04   6.8002248e-83   3.3619717e-07   2.4259957e-04   1.2970269e-03   3.1436187e-05   1.2888381e-03   1.9711515e-03   2.2042239e-03
   9.1249010e-05   6.3140703e-04   2.2096696e-64   6.8193715e-23   3.8629844e-04   1.1243191e-03   2.1339969e-04   2.2013002e-04   1.8705581e-03   2.4087055e-03
   9.7716806e-05   6.6519113e-04   4.9019160e-57   4.2514573e-08   4.6121729e-04   6.1746621e-04   8.8567555e-04   8.8125052e-04   2.1163037e-03   2.6435160e-03
   3.7442775e-05   9.4079574e-04   1.6359014e-85   1.5355208e-23   3.1082371e-04   7.5664957e-04   5.7061088e-04   7.9808980e-04   1.9912830e-03   2.9800773e-03
   1.7483971e-04   1.0550689e-03   3.4147790e-88   5.9121433e-32   5.6797165e-05   6.9822931e-04   1.2717926e-04   3.6423442e-18   2.8847141e-03   2.9377326e-03
   1.3462566e-04   1.1086051e-03   1.1503176e-79   8.5597974e-25   6.7398920e-05   1.5487451e-03   1.2102907e-04   1.6892938e-04   2.6697840e-03   3.5100997e-03
   8.9119809e-05   6.9199733e-04   6.5642046e-75   1.4812315e-21   1.0472229e-04   2.1828944e-03   4.5229701e-08   7.6522741e-04   1.5211095e-03   3.8063439e-03
   8.8131575e-05   5.4455280e-04   5.7764456e-42   5.0058308e-06   1.7490210e-04   2.2554485e-03   1.0067320e-22   1.2990741e-03   2.3552058e-03   3.5579649e-03
   7.5892097e-05   5.3912349e-04   2.0450289e-43   2.7383675e-06   1.6884131e-04   2.4392778e-03   1.0667606e-12   1.2094072e-03   2.9071345e-03   2.6179395e-03
   1.8097540e-04   5.8502280e-04   1.9352395e-84   3.0420826e-14   2.6519297e-04   2.1808715e-03   1.6501549e-14   2.4276807e-05   2.5736556e-03   3.1613204e-03
   3.0398986e-04   6.9410558e-04   2.6889408e-63   6.1923725e-16   2.6032717e-04   1.5198335e-03   7.3499736e-05   8.8231684e-04   2.0064446e-03   3.6572328e-03
   1.3469469e-04   1.0212287e-03  5.0658745e-111   1.9729780e-26   9.7195205e-06   9.8059519e-04   3.9660273e-04   6.2047365e-04   2.6513715e-03   3.3646844e-03
   2.4436409e-04   1.1425038e-03   1.4978344e-64   2.5360760e-22   1.4316967e-05   6.2274953e-04   7.2238485e-04   3.2270620e-04   3.3619836e-03   2.7177894e-03
   2.3557791e-04   1.0993393e-03   2.5900753e-53   2.0873535e-26   1.0724862e-04   6.9899364e-04   4.9602001e-04   7.6253714e-04   2.6114928e-03   2.0345249e-03
   1.9307101e-04   8.2632578e-04   4.2994466e-12   8.2311936e-20   3.3439059e-04   9.5481582e-04   1.0652460e-04   9.2209872e-04   2.6991674e-03   1.6062300e-03
   1.3815742e-04   6.8022399e-04   1.3166163e-31   3.1192256e-04   3.1850970e-04   1.7239364e-03   3.6911305e-08   1.2364566e-03   2.4350295e-03   1.7795581e-03
   1.1571643e-04   7.1588239e-04   6.7601103e-49   1.1831432e-09   5.9114087e-05   2.3217336e-03   9.6009877e-15   1.2038136e-03   3.1621790e-03   2.8388642e-03
   2.6224514e-04   6.8094307e-04   4.4284492e-70   2.6988683e-10   2.0836220e-05   2.9292347e-03   2.2490595e-11   4.5474997e-05   2.6957452e-03   3.1816469e-03
   4.6810077e-04   8.0057553e-04   1.4104527e-51   4.3985395e-25   2.5824109e-05   2.4152169e-03   4.6299486e-13   4.3336710e-04   1.2417770e-03   3.5608115e-03
   1.4324212e-04   1.0311170e-03   4.4877985e-57   4.9427520e-34   5.3545124e-05   2.1671788e-03   2.1737715e-07   1.0463734e-04   3.4124017e-03   3.3041673e-03
   8.0884314e-05   1.2975379e-03   3.2918280e-40   1.1529885e-29   8.7997822e-05   1.4138763e-03   4.7326276e-04   2.0588559e-06   3.1899164e-03   3.1196581e-03
   1.5097813e-04   1.1352035e-03   4.3865219e-57   8.3289212e-24   2.7334189e-04   1.2844231e-03   5.7334494e-04   3.6799677e-04   3.1801316e-03   2.5171843e-03
   2.9720478e-04   8.7129088e-04   5.2796964e-40   5.6206248e-22   1.1857495e-04   8.7518957e-04   9.8009184e-04   9.4124452e-04   3.8302749e-03   1.8707411e-03
   2.5125703e-04   8.4579164e-04   9.0063120e-43   1.2942468e-04   2.3126788e-04   9.5153380e-04   4.1802203e-04   1.8526458e-03   3.1952641e-03   2.3024584e-03
   3.2500650e-04   8.4090832e-04   2.0065554e-39   5.0901544e-23   1.0098777e-04   9.6717651e-04   1.1924288e-04   1.4735290e-03   3.4494249e-03   2.0379602e-03
   3.2083112e-04   9.0880504e-04   1.3651577e-60   4.8409408e-08   5.2537667e-05   1.6932848e-03   1.4000793e-05   3.4332191e-15   3.2122661e-03   3.1207074e-03
   6.5599920e-05   9.7722887e-04   2.7209319e-42   8.3027433e-16   8.8420586e-05   2.5821285e-03   1.2190809e-10   8.6138006e-04   2.7823847e-03   3.2266810e-03
   8.4348623e-07   9.8874202e-04   1.0433580e-13   8.1696735e-33   3.0164885e-04   3.0678248e-03   6.6846253e-10   2.9666250e-04   5.4013587e-03   2.8161809e-03
   1.5141224e-04   1.0517530e-03   2.1310781e-41   1.3601152e-50   4.5052319e-04   2.4259440e-03   4.2707186e-09   8.6479762e-05   5.8181387e-03   2.4284320e-03
   3.0603749e-04   8.7771630e-04   8.8620845e-38   1.5632822e-33   1.0278748e-04   2.0601158e-03   2.2060437e-04   6.4783456e-04   5.2429406e-03   2.7681018e-03
   3.2217648e-04   7.5132898e-04   6.3416000e-56   3.6275591e-20   8.0284962e-05   1.1425321e-03   2.4712240e-03   1.3158932e-03   4.8764094e-03   2.3012411e-03
   4.1838875e-04   7.3234424e-04   5.2555259e-36   1.2218790e-06   1.8240393e-04   7.3264309e-04   2.1795792e-03   2.1140271e-03   4.9196587e-03   2.5111669e-03
   6.5580257e-04   6.0448606e-04   4.8111797e-20   1.1128806e-18   2.3900790e-04   5.6171542e-04   9.4952385e-04   1.7131158e-03   3.4107194e-03   2.4520046e-03
   6.9421761e-04   6.5314306e-04   3.3119399e-44   1.3137070e-25   2.9000674e-04   8.2695404e-04   4.0522014e-04   1.6036388e-05   3.9743518e-03   2.6003235e-03
   4.0649810e-04   7.0968538e-04   2.9584715e-25   1.6376593e-27   1.9357955e-04   4.9218425e-04   3.2434199e-04   5.4251344e-04   4.8817129e-03   2.9404816e-03
   1.5539200e-04   7.0446323e-04   8.3982934e-14   1.5389385e-34   1.1255841e-04   1.0426270e-03   7.1686492e-06   5.0482601e-04   5.7977369e-03   2.3383966e-03
   3.6156958e-04   7.0327765e-04   9.9035606e-40   3.4075318e-42   1.4706729e-04   1.7239593e-03   1.1654781e-04   1.5469273e-04   5.6565993e-03   2.1238033e-03
   2.8372548e-04   6.6506443e-04   2.1186317e-51   3.4608385e-40   7.5531342e-05   1.5791517e-03   9.6425004e-05   5.1709051e-22   3.7463400e-03   2.3344051e-03
   2.9113181e-04   6.3562306e-04   1.9431217e-28   8.5672835e-21   1.7180119e-04   1.3097307e-03   2.2474433e-04   3.7596874e-04   3.6882487e-03   2.3391554e-03
   2.7563319e-04   7.0001672e-04   4.6665655e-13   8.4179928e-27   3.2895366e-04   9.4340841e-04   1.2973473e-03   6.4241667e-04   4.4830503e-03   2.2924035e-03
   3.7026259e-04   6.9288342e-04   3.3947096e-40   9.3454991e-15   3.3151222e-04   4.9987337e-04   1.7938134e-03   3.4041409e-04   4.2813912e-03   2.1273947e-03
   2.8447353e-04   6.4833264e-04   1.3456141e-10   3.9771386e-38   3.0947993e-04   3.4024094e-04   8.7326207e-04   1.2968721e-14   3.9445527e-03   2.6347822e-03
   4.5692031e-05   7.4128320e-04   8.8480170e-59   2.4854005e-06   1.5192822e-04   2.2834847e-04   4.4435936e-04   1.3570126e-04   4.4046313e-03   3.0008382e-03
   1.7485644e-05   7.2554108e-04   5.2826452e-30   1.7334000e-06   1.9139035e-04   2.3760175e-04   6.0094937e-05   9.7411266e-14   5.5779708e-03   3.6607835e-03
   1.0227514e-04   5.6967031e-04   1.9244179e-27   3.3915559e-13   2.5121269e-04   1.3065523e-10   1.4349287e-04   3.5948423e-10   6.1064727e-03   2.9324268e-03
   1.0411907e-04   5.2250665e-04   3.2785294e-27   3.8995973e-08   1.5278891e-04   3.0217049e-04   2.4977822e-04   2.1229220e-04   4.0305418e-03   3.3942367e-03
   7.8826681e-05   5.0470667e-04   9.9966368e-23   2.6743311e-04   1.6926328e-04   4.4576293e-04   4.9884750e-05   6.6211596e-04   2.5134994e-03   3.9854306e-03
   8.8333281e-05   5.5180818e-04   1.2341845e-61   4.9670699e-05   2.1753695e-04   4.5568510e-04   2.3201906e-06   8.8541282e-04   1.5254655e-03   3.4291773e-03
   1.4121703e-04   3.7379268e-04   1.7888470e-33   8.9177055e-13   1.0864589e-04   3.9218821e-04   1.8894064e-04   6.1142840e-04   1.1736311e-03   3.5231409e-03
   1.4084028e-09   6.3861756e-04   4.3354639e-14   5.5425483e-25   5.2350869e-05   2.6042068e-04   1.8312304e-04   7.4299597e-17   1.6257039e-03   3.8782590e-03
   3.2679846e-15   8.5700000e-04   2.1147729e-12   3.3808480e-12   4.5024656e-05   1.5540024e-04   1.4695189e-04   4.2401141e-04   1.1620263e-03   3.6744570e-03
   1.0593792e-13   8.2171250e-04   1.5490725e-37   1.2780891e-10   5.3789521e-05   2.9105564e-05   1.7115434e-04   5.1524765e-04   1.0133741e-03   3.7295359e-03
   7.4533963e-20   6.7085853e-04   7.9198801e-58   2.5563535e-15   7.8006300e-05   1.0953195e-04   4.6714520e-06   2.7186728e-04   1.2523403e-03   4.2594138e-03
   2.6767877e-18   5.4251614e-04   3.7300281e-28   7.4591706e-26   8.3704265e-05   1.5721870e-04   8.9619882e-06   6.4775188e-04   5.0762008e-04   4.3823621e-03
   1.6880152e-09   4.9036085e-04   6.3331104e-27   7.6090908e-08   5.3618675e-05   1.8597906e-04   8.1302373e-09   7.9202702e-04   3.7982512e-04   3.9160997e-03
   1.3476746e-08   3.8164473e-04   1.7271717e-59   1.0289710e-03   7.7207213e-05   3.3819737e-04   3.5251544e-12   6.6750888e-04   2.5709087e-04   4.0483109e-03
   1.2622936e-11   4.3911322e-04   7.6779135e-33   9.3581769e-05   5.4522725e-05   4.2608680e-04   8.3031821e-17   3.4558571e-04   1.0904850e-04   4.2562519e-03
   1.8372298e-10   5.1381912e-04   5.9602323e-33   2.8001766e-18   1.7199438e-06   2.8186177e-04   9.2491289e-06   2.6775952e-11   1.1808366e-15   4.1110277e-03
   4.8204284e-13   5.5210884e-04   8.7218557e-16   5.5302575e-08   2.3686807e-05   3.7599673e-04   2.3635497e-12   1.9531459e-14   5.3901245e-04   3.5492150e-03
   1.0790969e-13   3.8574518e-04   1.3400496e-03   1.9682046e-10   2.7139695e-05   2.5379712e-04   3.2062038e-21   8.4816862e-05   8.7040239e-04   3.6670190e-03
   2.6897041e-13   2.6396318e-04   1.4309083e-32   3.6387162e-29   5.2065554e-06   1.7917343e-04   1.6595775e-14   2.7764925e-09   1.1544872e-03   4.9785536e-03
   1.8175003e-23   3.0077169e-04   1.5638509e-21   1.5977324e-21   3.6050439e-06   9.6276943e-05   9.0325151e-12   2.0626464e-42   1.6246520e-03   5.2704605e-03
   4.6227171e-21   2.9258660e-04   1.4274352e-40   1.3792424e-13   3.9708411e-07   1.0185438e-04   4.8156611e-05   1.3342596e-10   1.8988700e-03   4.7423684e-03
   1.2637457e-11   1.5297466e-04   1.7151949e-21   9.0735987e-10   2.3322571e-05   2.8944203e-04   1.7395162e-08   3.9468132e-05   1.5329966e-03   4.8966240e-03
   1.5995714e-15   2.7259690e-04   1.2109282e-17   4.7353115e-19   1.1290325e-04   2.5252929e-04   1.6253647e-13   1.5329716e-11   1.3880897e-03   4.2224613e-03
   8.3183682e-17   3.0642425e-04   3.3703540e-20   2.1876232e-33   5.8443197e-05   2.4990436e-04   9.0717014e-12   2.8124774e-21   8.6652966e-04   4.3065777e-03
   3.5804994e-17   2.8002551e-04   2.6658115e-03   5.6872158e-16   9.7038367e-06   1.5921660e-04   7.8534725e-13   3.9300542e-22   1.1444390e-03   4.7766439e-03
   3.7481402e-14   2.5117865e-04   4.9737494e-10   2.7984690e-21   1.2011576e-05   2.2712528e-04   5.7526546e-18   1.7650427e-30   5.7467490e-04   5.5611052e-03
   1.5782606e-10   1.6414793e-04   9.0308602e-06   4.8409465e-35   2.4990087e-05   2.6234077e-04   2.2019178e-21   1.0763239e-31   3.5776761e-04   5.9293660e-03
   1.0112345e-13   1.2187448e-04   4.8038467e-11   1.3917194e-39   3.8362967e-05   3.4813492e-04   1.2407790e-20   2.1368748e-26   1.2681343e-03   5.1158514e-03
   2.2341571e-06   8.4410801e-05   2.0590569e-16   9.1532641e-13   7.2262271e-05   2.1958842e-04   2.1743249e-18   1.3973123e-17   1.7300175e-03   4.1230388e-03
   3.3436564e-05   1.0578539e-04   2.1574642e-35   3.8306442e-32   1.1796738e-04   1.6393751e-04   1.5267549e-21   5.7766092e-14   1.3154859e-03   3.5336094e-03
   3.4995564e-05   1.0125655e-04   4.5040565e-06   2.2836474e-44   2.2494581e-04   1.3229326e-04   1.1686801e-16   2.6152736e-11   2.9855092e-04   3.4121104e-03
   4.3075550e-05   9.3812748e-05   8.2379202e-17   6.2478442e-31   2.3299975e-04   2.0281088e-04   2.1009512e-14   6.0020260e-10   1.6962763e-04   3.4304675e-03
   3.5314008e-05   1.1577753e-04   1.2327782e-49   1.5807433e-23   1.8454139e-04   1.6019815e-04   4.2572321e-18   3.2641517e-11   6.8333285e-04   3.5737587e-03
   2.8024446e-05   7.1850435e-05   5.4924071e-26   3.5649704e-22   1.5828996e-04   2.7229023e-04   1.1730728e-19   1.9937591e-14   7.1439596e-04   3.5794414e-03
   3.0246011e-05   4.9130544e-05   6.0931623e-15   1.3279407e-23   3.2145783e-04   2.8653819e-04   1.1343563e-16   9.4591147e-20   8.3558185e-05   3.0135533e-03
   4.5969027e-05   3.6977075e-05   3.2905747e-26   5.1081813e-40   3.0880763e-04   3.9695477e-04   2.6392101e-13   9.7582983e-26   3.9705925e-04   2.5515917e-03
   3.7217383e-05   1.7101040e-05   7.7590566e-19   8.6659934e-35   2.2894543e-04   3.4539566e-04   7.3491203e-14   4.0337661e-18   2.0353679e-04   3.6561876e-03
   7.5706335e-07   2.5771230e-05   1.9705795e-08   1.6458962e-36   2.1844099e-04   3.1480094e-04   6.7521842e-31   2.6304570e-15   2.8684129e-04   3.8827004e-03
   2.8108070e-07   2.1868253e-05   1.8433786e-03   3.0065164e-36   3.5997070e-04   2.9628397e-04   1.6150303e-23   4.9945097e-07   2.9408691e-04   3.1205379e-03
   2.6162537e-05   2.6264888e-05   3.3008437e-03   1.6432137e-21   2.6236284e-04   2.8519837e-04   1.4109891e-13   1.1681033e-04   5.1950179e-08   3.7710262e-03
   2.8963555e-05   3.2829256e-05   6.4438365e-03   2.6112788e-36   1.1527774e-04   1.5551487e-04   2.4991011e-17   3.9307106e-09   1.2418735e-11   4.7658738e-03
   4.5502531e-06   3.9172579e-05   1.7785076e-03   8.3243241e-39   1.3469315e-04   1.2837914e-04   8.0525315e-05   4.5417312e-29   1.8445119e-21   5.3266810e-03
   1.7489863e-05   1.6153982e-05   7.5000349e-18   1.8130878e-58   1.7565976e-04   1.3232232e-04   1.4154610e-05   8.8959434e-32   4.0193282e-17   5.4501750e-03
   3.5613289e-05   1.7423275e-05   7.2622039e-04   4.6063452e-53   1.9028178e-04   1.8335466e-04   2.0788930e-07   2.6371596e-32   4.5831412e-11   4.9984007e-03
   2.8964136e-06   4.2173778e-05   2.2385805e-08   6.1925579e-35   2.6003382e-04   2.8237803e-04   3.5688527e-21   1.0819807e-11   3.0516623e-10   3.9942138e-03
   2.2035385e-06   4.5042213e-05   4.0105973e-03   1.5575318e-28   2.5731479e-04   3.4202842e-04   3.4006564e-17   1.1600774e-04   6.9187345e-14   2.9766160e-03
   4.1366636e-07   9.0744878e-05   3.7527613e-03   4.5169063e-51   1.5475208e-04   2.3140074e-04   2.6501397e-17   1.9975486e-16   7.2345571e-09   3.9598110e-03
   1.5876018e-05   9.4227524e-05   2.0561030e-24   1.4660538e-31   1.0962201e-04   1.5705679e-04   2.4373335e-14   5.9738709e-05   1.9331054e-12   3.9959287e-03
   2.0626053e-05   1.0710272e-04   6.0139451e-21   4.7189202e-34   1.0445625e-04   9.9481183e-05   9.1694851e-16   7.1461336e-05   7.4526332e-16   5.0912542e-03
   2.9055345e-05   7.7866710e-05   1.0958577e-60   7.9196852e-35   1.2157208e-04   3.5826250e-05   1.0324737e-04   1.2605600e-04   1.0094600e-10   3.6465096e-03
   4.2907513e-05   3.3348953e-05   7.3362990e-03   1.6080557e-29   1.5193858e-04   1.1101085e-04   1.5348812e-04   9.7904245e-05   1.1619305e-07   2.6531987e-03
   5.0133529e-05   7.9755395e-05   1.2307422e-02   2.5254031e-39   6.6055003e-05   8.2763343e-05   5.8095802e-05   1.7560003e-13   1.5072984e-14   4.8005340e-03
   5.2490037e-05   1.0368379e-04   1.1705105e-02   2.3213817e-43   5.3311446e-05   5.5490678e-05   1.5048503e-14   6.7929150e-14   1.6388503e-16   5.4450976e-03
   3.4628997e-05   1.1130349e-04   1.6039795e-03   1.0160661e-44   7.1190975e-05   8.4121670e-05   8.4130847e-11   1.1652718e-11   1.0956111e-04   5.4134938e-03
   5.9059463e-06   9.6320498e-05   2.7896861e-26   5.4935597e-45   8.9989898e-05   1.9675806e-04   1.9363733e-08   4.0472352e-12   1.5319438e-04   4.6581026e-03
   1.2944134e-05   6.8757711e-05   3.5079936e-03   7.1287619e-38   9.0838260e-05   2.9117716e-04   9.6471128e-05   9.2859840e-12   8.9998604e-09   4.2978073e-03
   1.7808670e-05   7.8516235e-05   1.0168416e-02   4.9331107e-47   1.2148221e-04   2.4102167e-04   5.4288275e-06   1.0118851e-19   4.0797324e-17   5.1533278e-03
   3.7314746e-05   1.1894882e-04   8.6797588e-03   2.5397006e-42   1.0241951e-04   1.2643272e-04   3.7455181e-05   1.8318796e-24   5.7097974e-20   5.9847245e-03
   4.5712834e-05   1.0453904e-04   3.7656730e-03   6.8963977e-28   6.4845516e-05   1.1810772e-04   3.4428152e-05   1.0280065e-16   3.4840262e-19   5.8248839e-03
   2.9699611e-05   1.0019969e-04   2.6810597e-03   3.4146048e-47   8.6924399e-05   8.7463827e-05   5.5039806e-05   2.3223713e-14   2.1298550e-10   5.2683549e-03
   2.5329622e-06   1.4149314e-04   1.5168853e-03   1.9165432e-23   7.0439055e-05   1.6630848e-05   2.7545470e-04   6.6959659e-08   1.0659387e-17   4.5441675e-03
   2.8471208e-06   2.3831583e-04   8.3540666e-03   9.5257513e-20   5.4178612e-05   1.8931124e-06   1.6492345e-04   3.2420017e-04   5.4845408e-17   3.9543584e-03
   2.9049045e-05   1.9802346e-04   1.0950715e-02   6.0248787e-13   4.8436705e-05   3.4478907e-05   8.7961081e-05   1.1815413e-04   1.4818102e-16   4.5225530e-03
   1.7955272e-05   1.4761944e-04   6.1567604e-03   6.3339757e-15   4.6900802e-05   1.0137177e-09   5.4350292e-08   1.4015419e-25   4.1122400e-18   6.7772897e-03
   4.0395459e-08   1.5483269e-04   3.3731367e-03   3.0622926e-21   4.2172460e-05   5.4874608e-05   8.6303536e-05   2.6818514e-17   4.9427699e-19   6.0413874e-03
   8.8599136e-06   1.8901417e-04   1.1364516e-03   1.4547557e-21   4.7114941e-05   1.0055783e-04   1.3764155e-05   3.9706983e-13   6.1609445e-28   5.2774572e-03
   2.8686858e-05   1.5841999e-04   8.5549673e-05   2.9137987e-21   5.0442858e-05   8.1912547e-05   1.2893763e-04   1.3387901e-48   5.7475969e-23   4.4845154e-03
   5.7284842e-06   2.5969467e-04   2.5013533e-18   5.6660774e-36   4.3649217e-05   6.3777976e-05   2.7129144e-07   7.4437947e-26   1.9924938e-27   3.9542364e-03
   7.4116843e-07   2.9784288e-04   2.1731481e-09   8.2826617e-27   3.7783393e-05   5.2538233e-13   7.0275804e-20   7.0377837e-21   8.7454312e-38   4.7262239e-03
   3.1114456e-05   2.4982178e-04   3.4311895e-03   1.4101982e-22   5.3846105e-05   4.1727157e-07   3.6316423e-17   2.0940228e-17   6.8823071e-23   3.7278799e-03
   4.5420905e-05   1.9912044e-04   2.4694233e-18   1.8990266e-17   1.0529845e-04   6.3444631e-05   4.4311632e-06   3.8177124e-13   7.7660085e-05   2.1905357e-03
   1.3222645e-05   1.8384305e-04   2.6996810e-03   2.0052487e-11   4.6689463e-05   7.8239923e-14   1.1255463e-04   6.1284812e-19   4.9388276e-10   3.6368738e-03
   1.9795370e-05   1.2900325e-04   1.4810635e-05   3.3614881e-33   5.0773498e-05   6.4995568e-10   1.1217749e-04   8.8081988e-20   1.5568105e-21   4.7984850e-03
   1.9708766e-05   1.2040824e-04   9.2322735e-04   4.3001727e-15   7.3982864e-05   6.8285834e-05   7.0517364e-05   3.3641846e-17   2.2303090e-24   4.0499450e-03
   1.9313118e-05   2.3118789e-04   4.6771067e-03   5.2227691e-14   9.9533248e-05   1.6440865e-04   7.7064342e-10   1.8454276e-16   5.8006363e-24   2.3313854e-03
   4.8973849e-05   2.6137469e-04   1.8027442e-03   2.4986526e-16   1.6463129e-04   1.5155187e-04   5.4940066e-25   1.6050614e-35   9.9984577e-11   1.7760204e-03
   7.5494015e-05   2.4246850e-04   5.0187314e-03   1.1433464e-08   1.7432602e-04   1.1476501e-04   1.3653728e-20   8.1745049e-05   1.1784495e-05   2.0951666e-03
   1.5995609e-05   2.7894911e-04   2.9487214e-25   2.1700399e-12   1.7905072e-04   8.1834041e-05   1.6334622e-14   2.0446789e-04   6.4355110e-13   2.9646156e-03
   3.1669840e-05   2.2622313e-04   3.0708153e-05   5.6963036e-04   6.9653142e-05   6.6197626e-05   6.2599075e-10   1.0343442e-22   5.7313582e-19   4.0806011e-03
   3.2654812e-05   2.2083374e-04   4.9636267e-03   1.5976128e-03   9.2126337e-05   1.4001583e-05   2.5308607e-08   1.4286131e-31   1.1659133e-11   3.6997797e-03
   4.5172385e-05   2.1197916e-04   1.3961463e-02   4.6335468e-04   1.2838063e-04   1.7787564e-13   7.4116032e-05   7.2339118e-06   6.5745919e-10   3.4871159e-03
   1.8947769e-05   3.4876943e-04   3.6946057e-03   1.1969398e-16   1.2083144e-04   1.8503535e-13   9.8772151e-05   4.4919540e-17   6.7548371e-17   4.2552924e-03
   2.8436035e-05   3.2022004e-04   9.6666430e-03   2.6352281e-36   1.6063100e-04   4.5731345e-05   2.7675592e-05   5.7265128e-35   2.7778528e-15   3.1362785e-03
   2.9952989e-05   3.7163884e-04   9.1674956e-03   9.0382003e-17   1.1513251e-04   2.9758324e-05   5.3538914e-30   1.9957797e-48   6.9294232e-29   3.6903152e-03
   3.2617656e-07   3.9352192e-04   2.7053245e-03   6.5200983e-09   7.9086923e-05   4.0717904e-06   1.4298802e-30   9.6899723e-16   2.1033369e-31   4.7320146e-03
   1.8640521e-05   2.1321393e-04   2.7552505e-27   3.1335657e-12   7.7896796e-05   5.5030491e-05   5.8725984e-20   8.4294434e-05   1.6407188e-31   4.4836933e-03
   3.3673902e-05   1.5992723e-04   7.2209469e-03   1.8546257e-18   6.3383084e-05   7.3749673e-05   1.0740335e-12   5.0840452e-26   4.4173605e-34   3.7218157e-03
   3.1790452e-05   1.9581564e-04   4.2257584e-03   7.9326103e-19   8.8146849e-05   5.8646695e-05   3.0031409e-15   1.8103292e-25   1.6756915e-17   2.7866369e-03
   2.5234553e-05   2.2816106e-04   2.2738969e-04   1.7923160e-10   1.0925361e-04   5.4374351e-05   3.1291695e-11   6.6191371e-05   1.2066879e-04   2.2363053e-03
   3.0364209e-05   2.9526386e-04   5.0222877e-04   4.0456176e-22   8.0839018e-05   3.6132280e-05   6.1286292e-18   9.1072537e-32   7.5570232e-05   2.1065280e-03
   2.0285662e-05   3.6633727e-04   1.2979427e-02   1.3606022e-13   4.6072939e-05   5.7147096e-06   6.2487843e-19   1.5118625e-31   4.7249661e-13   2.6798336e-03
   1.9376612e-05   4.2971401e-04   2.0719642e-02   8.1516369e-06   1.3851281e-07   1.0585253e-10   1.6301441e-34   1.5475616e-43   9.3520923e-24   3.9391182e-03
   2.9090697e-05   3.3614776e-04   9.2337849e-03   1.2971534e-03   8.8035302e-12   6.1271712e-05   3.6019896e-45   5.9655542e-23   9.3927712e-26   4.2464430e-03
   2.3915617e-05   3.0749281e-04   1.2283064e-05   5.4901150e-06   2.5893902e-11   7.2115673e-05   7.8780161e-46   1.2579789e-14   8.2795797e-21   3.7946544e-03
   3.5528966e-05   2.2969404e-04   2.0618574e-08   5.0363410e-11   4.1093883e-06   1.1413985e-04   3.4604196e-13   2.7635034e-17   1.6421559e-09   3.0614277e-03
   5.2307855e-05   2.4973328e-04   7.2643443e-03   1.2526842e-08   7.0739850e-06   1.5662221e-04   7.0749961e-12   6.0675182e-05   2.2816494e-10   1.9626173e-03
   1.3876155e-05   3.8861693e-04   5.7621205e-03   1.0072658e-15   6.8604447e-13   1.6468586e-04   1.4652874e-09   1.4096499e-04   8.1661098e-06   2.1271359e-03
   2.4697685e-05   4.7172611e-04   1.3221313e-03   2.3815006e-14   7.2232886e-15   1.4059246e-04   4.4877660e-11   5.1610286e-10   8.4966858e-05   1.7189685e-03
   2.3076266e-05   4.8861869e-04   1.2625461e-03   1.6430152e-22   9.5249658e-14   6.1196158e-05   3.2419586e-17   1.2773670e-37   1.1555577e-05   2.3553033e-03
   3.3722826e-05   4.2550103e-04   4.8027754e-03   1.7540079e-38   9.3753950e-16   6.3150306e-14   5.1657558e-11   1.4019205e-31   4.3183460e-13   2.9771675e-03
   1.7470876e-05   3.7252926e-04   8.8829961e-04   9.8586190e-22   4.8086297e-14   2.3372260e-05   6.6782875e-06   9.9080038e-05   7.4732574e-27   2.9775160e-03
   2.8339357e-05   2.6743885e-04   1.2235377e-04   8.5946976e-12   3.4306030e-12   3.6058033e-05   3.7862576e-12   1.3178825e-04   8.8087840e-34   2.5087609e-03
   8.3013364e-05   2.9036358e-04   3.9191872e-03   4.1785277e-23   1.1366852e-10   1.1416768e-04   3.1599632e-13   1.3735873e-04   1.0159434e-13   1.8690804e-03
   7.1888061e-05   3.0731980e-04   2.3978848e-03   5.9738731e-16   5.9574088e-07   1.7702180e-04   1.4359499e-17   3.9073125e-15   2.5183416e-12   1.7378764e-03
   2.1396576e-05   5.0274583e-04   7.3949422e-03   1.9698463e-19   2.9073102e-10   1.2932569e-04   1.3788841e-15   7.5225153e-21   3.0568860e-17   2.2993314e-03
   1.8657519e-05   5.1422832e-04   5.5255272e-03   1.9610815e-20   2.5675614e-20   1.5126667e-04   2.9074396e-27   8.2500517e-57   5.4465362e-10   3.2919531e-03
   1.6204794e-05   6.2052561e-04   7.2731904e-04   1.7105175e-11   1.4424524e-23   1.6002592e-04   3.9550675e-27   5.8191293e-53   1.0448106e-11   4.1653251e-03
   2.4775156e-05   6.2694935e-04   7.7691111e-03   1.0546433e-13   9.6763274e-24   1.0078673e-04   5.9446658e-24   3.6169181e-56   5.4740725e-13   4.0926627e-03
   2.5770684e-05   6.6335878e-04   1.4061132e-03   5.6519882e-13   2.0525934e-26   9.1691256e-13   4.4515066e-26   8.1560208e-21   9.8654216e-26   3.8710688e-03
   2.6559142e-05   4.7751760e-04   9.4025568e-04   8.0479573e-12   6.7935243e-18   5.2569803e-05   4.1756113e-08   6.9770714e-09   9.9293046e-27   3.6084438e-03
   3.2449231e-06   4.1831600e-04   4.1599922e-03   1.1732086e-36   8.7397353e-11   8.0769422e-05   1.2033572e-07   3.8500373e-23   2.8739250e-07   3.0236159e-03
   2.0450266e-05   4.7853396e-04   2.4260835e-03   6.5266813e-04   9.8295945e-11   7.1200463e-05   2.1666103e-16   4.7570374e-28   8.0218636e-05   2.2466848e-03
   1.2579157e-08   6.7351881e-04   8.2664226e-03   4.7650792e-17   7.7169499e-19   2.0413869e-04   2.8276531e-19   1.3704595e-15   6.5042368e-05   1.5383857e-03
   8.2049551e-08   6.9816526e-04   6.3248684e-03   4.3608698e-20   6.2215015e-21   2.9394691e-04   3.3524463e-17   1.7579484e-26   1.2332591e-04   2.4493390e-03
   1.0517608e-05   7.2542614e-04   6.4878455e-35   4.7466970e-17   5.7925401e-22   2.6693245e-04   9.2957102e-23   1.7290751e-43   2.2454766e-04   2.7650914e-03
   5.6340270e-05   6.7397069e-04   3.3397597e-03   2.4779555e-24   1.0718088e-23   3.5775582e-04   1.1616279e-25   1.0786127e-34   3.9002787e-04   2.5985915e-03
   7.5360496e-05   6.0455668e-04   1.5170751e-03   1.4636669e-10   3.1246338e-21   3.6750486e-04   4.6899960e-14   7.5689249e-06   1.6886641e-04   3.1219801e-03
   3.1816099e-05   5.2443744e-04   1.8444922e-09   1.9981750e-05   1.7086120e-17   3.1983653e-04   1.4258675e-19   1.8366840e-04   2.0224927e-10   3.1037643e-03
   3.6367806e-05   4.8311311e-04   4.2227131e-03   7.7119965e-13   2.6110990e-14   2.2543399e-04   8.2500507e-07   4.7165700e-12   1.5140940e-14   2.7611661e-03
   6.8823957e-05   5.1511166e-04   1.4340740e-02   5.6658235e-04   2.1420978e-09   1.5389075e-04   1.5661568e-04   1.1943600e-19   1.2177546e-04   1.7731280e-03
   6.2394932e-05   5.9540408e-04   6.1319950e-03   5.3797249e-24   5.7835772e-14   1.2989184e-04   8.4687463e-05   2.7797751e-21   3.0904899e-05   2.1690251e-03
   4.4528224e-05   7.0504243e-04   3.7577522e-03   3.3002884e-16   1.2453846e-21   3.2610234e-12   7.7817914e-10   1.1872383e-41   9.0888258e-25   3.0993394e-03
   8.8233339e-05   6.5910910e-04   6.3066132e-03   3.7782824e-15   8.0746240e-24   2.1754155e-04   7.4637250e-20   1.3565109e-36   4.1202228e-10   3.5601967e-03
   1.1421346e-04   6.2525113e-04   6.8467836e-08   4.9863388e-15   2.8215798e-25   3.7330656e-04   7.5959028e-23   2.5084029e-18   3.4139450e-06   3.6395816e-03
   1.4282183e-04   4.2496142e-04   6.7849513e-03   5.2137120e-14   3.4006244e-18   2.9898042e-04   8.8744974e-06   1.4529036e-04   1.9375659e-08   2.8073827e-03
   1.8280118e-04   3.8946185e-04   4.1269831e-03   7.8080595e-16   8.8642045e-09   4.3408015e-04   3.7528818e-09   1.6872992e-04   6.5474548e-06   1.7469538e-03
   1.3230698e-04   3.5920837e-04   3.5686348e-03   3.4093606e-13   5.3911757e-07   4.3494861e-04   4.3575727e-06   5.9975821e-15   2.7666216e-11   1.5393672e-03
   5.1523196e-05   5.0576910e-04   2.9737060e-03   3.4785883e-06   5.9113237e-17   2.6431117e-04   3.1081323e-06   5.9155870e-05   2.2433313e-17   2.1244015e-03
   1.2106100e-04   3.5673250e-04   1.4173547e-04   4.6260999e-04   3.3837906e-15   1.1695016e-04   3.4854458e-04   2.1979289e-15   1.1933289e-22   2.6796648e-03
   1.2462571e-04   2.9516938e-04   5.3594805e-03   2.5810363e-03   4.6921969e-08   1.4236589e-04   2.9716132e-04   5.8822078e-20   5.3731900e-20   1.9109037e-03
   1.7943964e-04   3.2689037e-04   3.1723306e-05   1.9972492e-03   4.4888797e-13   6.7277824e-05   4.4295637e-04   4.8967176e-22   9.2079629e-22   2.1243296e-03
   2.0292277e-04   3.6834845e-04   1.2072949e-02   7.7659348e-16   1.4458708e-08   8.8411277e-06   2.4488684e-04   3.9674052e-36   3.1858745e-11   3.1644522e-03
   2.5703711e-04   1.6336368e-04   1.0967510e-02   1.2097635e-16   1.1584934e-05   7.3948562e-05   2.8198612e-04   9.0030066e-07   2.6193835e-12   4.0538024e-03
   1.6732516e-04   2.3877881e-04   3.5837444e-03   4.7190379e-04   5.6014544e-06   1.3546475e-04   2.7320433e-04   1.1924462e-04   5.7533934e-10   3.6652012e-03
   1.8395441e-04   1.3348663e-04   6.4665428e-03   2.4839232e-03   1.6246145e-05   1.2875971e-04   4.4611052e-04   7.5289064e-20   8.0864572e-08   2.5064445e-03
   1.1006399e-04   1.5066625e-04   7.7442055e-03   1.6229370e-03   2.5989296e-05   2.3200846e-04   1.6895087e-04   1.2254667e-04   1.1189765e-11   1.7587566e-03
   1.0126245e-04   2.5724979e-04   6.5220203e-03   4.2056172e-04   6.0827064e-06   2.3438295e-04   7.4726588e-07   4.3598211e-08   1.6809737e-21   2.7814445e-03
   1.1689193e-04   2.1545135e-04   9.7292992e-03   8.3035552e-11   2.0789462e-05   1.7083813e-04   4.9940478e-05   2.7373388e-06   6.3595963e-17   2.8144832e-03
   1.1313730e-04   1.7638395e-04   8.6947945e-03   4.1606404e-09   1.0029192e-04   9.1602877e-05   2.8399973e-04   2.1863347e-29   3.9161528e-21   2.2476111e-03
   1.0552926e-04   2.5257024e-04   2.6564368e-03   1.0429437e-04   9.4324928e-05   4.5062626e-05   3.1361933e-04   1.0948368e-11   7.1612896e-08   2.6048832e-03
   1.2643356e-04   2.3603821e-04   1.0536090e-02   1.1320563e-03   7.0967047e-05   2.7856947e-05   2.1897171e-04   9.1583333e-12   6.3651223e-05   2.6688901e-03
   1.0599713e-04   1.7047211e-04   5.4332354e-03   2.0830871e-03   6.9300356e-05   5.0214686e-05   2.1120278e-04   4.7295308e-09   4.2503818e-09   3.1379511e-03
   6.7500779e-05   1.9869981e-04   6.2661263e-03   1.2189959e-03   1.4071496e-04   1.2094105e-04   3.7125426e-11   1.9555699e-06   1.2193345e-04   2.4068201e-03
   6.2777061e-05   1.2155581e-04   1.2534145e-02   3.9509892e-05   1.7470775e-04   1.4442970e-04   1.1508045e-24   6.8062550e-05   4.7904641e-13   1.8729355e-03
   6.3556828e-05   1.2503580e-04   1.3374472e-02   9.3551185e-14   1.4405000e-04   8.3747247e-05   8.6864806e-05   3.4608234e-05   5.4592730e-22   3.0113296e-03
   5.8740706e-05   1.2773980e-04   1.0995658e-02   6.0111094e-04   1.0105776e-04   1.3047344e-04   1.4479235e-04   4.1664795e-18   2.0555095e-07   3.2340326e-03
   1.2106401e-04   1.5803254e-04   1.7495235e-12   6.8397085e-04   4.5074567e-05   1.4561900e-04   1.4106139e-08   3.2147500e-13   1.9033101e-06   2.9283260e-03
   9.1461773e-05   1.4937912e-04   2.0488805e-03   4.4295553e-08   4.3150620e-05   1.2632880e-04   4.0253667e-05   3.0146129e-08   2.0093350e-13   2.9980562e-03
   6.5830645e-05   1.2429181e-04   2.3622782e-03   5.5800935e-12   1.2785856e-04   6.4960190e-05   2.6979160e-04   5.3472192e-05   1.7858924e-11   2.7687871e-03
   4.3991664e-05   8.8386654e-05   9.7906128e-03   7.0455800e-11   1.3541894e-04   2.4945954e-05   2.7186403e-04   1.0262627e-04   4.0456998e-06   3.1155872e-03
   1.2804989e-05   9.2528115e-05   4.4953501e-03   3.3427199e-10   1.1526021e-04   1.3780590e-06   2.6062821e-04   1.0194490e-12   6.9998211e-07   3.9239862e-03
   4.0127709e-06   7.9524815e-05   4.9774537e-07   2.5746255e-20   6.3900373e-05   4.1436519e-05   1.9878670e-04   2.3332272e-14   2.9475286e-15   3.9216236e-03
   5.4189591e-07   8.8469782e-05   3.1842090e-03   1.7152697e-13   5.0322915e-05   3.7054650e-05   1.2866707e-04   9.4536605e-19   3.8792857e-23   4.4113958e-03
   2.3370181e-05   1.1199006e-04   9.9441717e-03   4.8675559e-04   7.3044876e-05   6.2603309e-08   7.0360915e-06   7.4100888e-33   3.2407416e-20   4.2790451e-03
   4.1406313e-05   9.4182655e-05   4.6365901e-03   6.9639351e-04   6.2143706e-05   5.6166737e-05   1.9844037e-08   1.2594574e-25   1.8648902e-19   4.0232268e-03
   4.9922778e-05   8.2226082e-05   4.4490498e-26   1.1053734e-16   4.4072164e-05   1.0744252e-04   9.7298525e-05   5.9380904e-11   1.8523761e-21   3.6349842e-03
   3.7950557e-06   1.0566757e-04   6.2125524e-03   3.2783008e-06   3.4100683e-05   7.8300697e-05   1.2666281e-04   7.0254132e-05   9.4598438e-19   3.8027184e-03
   9.7802748e-09   8.0849132e-05   9.5308928e-03   2.1350584e-04   3.0602606e-05   5.7446811e-05   2.5861166e-04   1.2101617e-04   2.4165215e-15   3.3914276e-03
   5.2161197e-08   5.0955618e-05   8.8957038e-03   5.4387910e-04   2.8533055e-05   5.2718180e-05   2.4734417e-04   1.6404286e-18   8.2832272e-21   3.1982906e-03
   3.6706216e-10   8.9904342e-05   3.6459661e-03   1.7256936e-04   6.1563727e-05   3.9041658e-08   2.4219444e-04   9.9135388e-05   1.5236924e-16   3.1010193e-03
   4.4222261e-07   6.5351307e-05   2.5165670e-03   4.2205108e-04   1.2803781e-04   4.6396629e-05   1.0912324e-04   1.0970163e-04   1.2759735e-10   2.5086828e-03
   2.8972609e-05   4.2226878e-05   6.4799161e-03   8.5950765e-04   8.9154091e-05   6.5440093e-05   6.7235657e-05   1.1540256e-07   2.9377875e-08   2.0119152e-03
   2.6500873e-06   1.0490509e-04   8.1183885e-03   5.3642431e-04   1.5953598e-05   5.8467531e-05   1.2982478e-04   1.6453849e-05   7.6656954e-09   2.3702947e-03
   1.8834186e-06   6.5936605e-05   6.1731906e-03   1.6221005e-11   1.9510158e-05   1.1828275e-04   1.3906534e-04   3.4522377e-05   4.2004259e-11   2.6532881e-03
   2.1339635e-06   7.1452600e-05   2.8592533e-03   1.1201244e-13   2.6115907e-05   6.5117499e-05   2.1417460e-04   6.1654434e-05   7.2020037e-13   3.3686760e-03
   9.2006956e-06   4.3063610e-05   4.1044964e-03   3.9274609e-21   4.0294000e-05   9.3584574e-05   1.5335097e-04   1.7993973e-04   6.6083898e-15   3.4041789e-03
   8.5514501e-08   6.5320863e-05   7.2694638e-03   4.6595265e-22   5.2332226e-05   8.9031310e-05   3.1133810e-04   8.3912035e-18   1.2852606e-13   3.4581369e-03
   3.5403134e-09   9.0941212e-05   1.2304593e-02   4.5944631e-04   5.9256641e-05   7.1702818e-05   3.2352949e-04   4.7247674e-06   2.1225438e-09   2.7272962e-03
   6.6059206e-09   1.0645015e-04   1.1656141e-02   1.6627835e-06   1.0613745e-04   3.3364558e-07   1.4784968e-04   1.1607279e-23   3.1785297e-05   2.7838979e-03
   5.8500853e-06   7.5741613e-05   7.8521440e-03   1.5956780e-27   1.2125834e-04   4.2239045e-05   1.5287428e-04   9.5629528e-10   5.9439357e-10   2.4254879e-03
   1.7225105e-05   1.1016121e-04   2.4071685e-03   2.5183473e-07   1.2154797e-04   3.9653199e-09   7.6345135e-05   4.0884274e-05   9.8960833e-17   2.5111529e-03
   4.3443223e-05   1.2000331e-04   2.9407476e-03   1.6595085e-10   8.2504542e-05   2.3971038e-05   1.0867440e-08   8.9074742e-06   1.8285993e-14   2.7694344e-03
   2.3264830e-05   1.2625919e-04   6.2738763e-03   5.2877912e-07   1.3861127e-04   1.0331775e-04   2.8044038e-05   3.8936315e-05   1.9059012e-10   2.2516462e-03
   1.6743916e-06   8.7387623e-05   1.3635849e-02   1.3598622e-10   1.6091205e-04   1.2892975e-04   3.7628329e-05   5.6608017e-05   9.2420174e-17   2.5149435e-03
   1.6286148e-14   9.0332712e-05   1.3535726e-02   1.8384156e-25   1.1839928e-04   5.9027555e-05   3.5581039e-04   6.9102478e-15   2.1885724e-11   2.6900782e-03
   3.7513949e-09   8.6982350e-05   9.9419024e-03   1.1917960e-04   1.3188245e-04   1.2725657e-04   1.8524096e-04   1.5813211e-04   9.3508095e-05   1.9932526e-03
   2.3409561e-06   1.1006032e-04   7.8596003e-03   1.1860609e-04   1.2928082e-04   1.3811360e-04   1.2459950e-04   1.2876112e-04   1.1892508e-04   1.8323428e-03
   2.3837476e-06   1.5041055e-04   4.3599596e-03   2.5924966e-17   1.0304562e-04   5.2638165e-05   7.6651467e-05   1.9315616e-08   5.1431019e-05   2.7776975e-03
   1.3878009e-05   1.3166205e-04   1.9892598e-03   1.9166476e-24   4.3454828e-05   1.8741327e-06   1.8476693e-13   6.4180527e-15   3.7965030e-18   3.4285899e-03
   1.0215519e-05   1.4696829e-04   6.7991530e-03   1.8182072e-20   3.3672861e-05   5.0082261e-06   2.6498124e-12   6.4594220e-16   1.8939739e-18   3.4602127e-03
   2.2909308e-07   1.6785219e-04   7.5639585e-03   2.9414637e-11   7.6357910e-05   1.2003938e-05   1.2180510e-06   8.6612695e-12   4.4210286e-12   2.9776592e-03
   1.8084448e-05   1.1476101e-04   6.4321930e-03   4.8179249e-05   7.7020533e-05   7.4904767e-05   1.5306052e-09   1.1617988e-04   1.2959041e-06   2.3818832e-03
   1.9459379e-05   1.2694758e-04   7.6034937e-03   1.4232811e-16   7.8311134e-05   1.3825929e-04   1.9465138e-09   4.2949811e-05   7.2593834e-05   1.7979694e-03
   7.7562385e-06   1.1832678e-04   1.7016320e-03   7.9591254e-20   7.4225831e-05   1.3178770e-04   6.5062085e-06   2.9678102e-13   9.1806498e-05   2.5794515e-03
   7.6124264e-06   1.4046992e-04   1.5285633e-03   1.1787039e-05   6.5561633e-05   4.6624547e-05   1.6725312e-04   4.2658546e-05   1.2912927e-04   2.3220516e-03
   3.8049160e-08   1.5187509e-04   2.9443859e-03   1.9405115e-10   7.5586583e-05   1.1754188e-04   3.8457078e-05   4.4808955e-05   2.3677987e-04   1.3922624e-03
   1.5458819e-05   1.0020550e-04   1.7172132e-03   6.0520893e-19   2.6765809e-05   9.0354980e-05   8.1786427e-07   3.5585338e-15   8.9814790e-05   2.2817897e-03
   5.2782870e-06   1.1718204e-04   6.2752803e-09   7.5614888e-15   2.1906958e-05   3.5756408e-05   1.0421429e-08   4.4869165e-05   8.3284931e-17   2.7117265e-03
   1.8782526e-05   1.3576038e-04   2.7977597e-13   3.4776619e-25   3.2461908e-05   5.0694884e-05   1.8380575e-06   1.4193046e-04   3.0892312e-09   1.8802060e-03
   3.1296256e-05   1.0982125e-04   4.0472060e-03   2.5024743e-25   4.4896729e-05   4.5395144e-05   6.7166277e-17   1.5328994e-04   6.8739462e-05   1.5036316e-03
   2.4763527e-05   1.1913849e-04   1.0582409e-02   9.6744912e-21   2.4107316e-05   7.2969337e-11   3.4268650e-10   5.8226299e-15   2.5248523e-09   1.9758382e-03
   2.2622803e-05   1.1246844e-04   1.6010060e-02   1.9098545e-05   1.2594902e-05   4.4926511e-05   1.0144580e-10   6.0698526e-05   1.5080075e-04   2.1809634e-03
   2.3221328e-05   1.0311929e-04   1.4661342e-02   9.2987724e-11   1.8210558e-05   7.7219375e-05   1.5147126e-06   4.7803125e-05   1.7276761e-04   2.0188126e-03
   1.9755538e-05   8.1981339e-05   7.7039848e-03   2.5164033e-18   3.2485037e-05   3.1664494e-05   5.2024584e-05   6.2860760e-05   2.4253438e-04   2.1516705e-03
   3.5653828e-05   8.7538510e-05   2.6364179e-03   3.3431181e-14   1.4842567e-05   3.3166755e-05   2.3426510e-05   5.5308422e-05   2.1196053e-04   2.1649715e-03
   1.5356315e-05   1.1325641e-04   7.0487003e-03   8.4800174e-13   2.6374563e-05   7.8213694e-05   3.1249639e-14   5.7731401e-05   1.8505003e-04   1.3366350e-03
   4.0652582e-05   9.2010108e-05   7.4106532e-03   3.7211017e-15   5.0408093e-05   6.7582331e-05   1.2765000e-09   5.2166115e-05   5.6565861e-05   1.1585128e-03
   4.6109079e-05   8.1832686e-05   5.4186577e-03   1.3313731e-29   3.3299002e-05   4.4066365e-05   2.0878731e-24   1.3252338e-07   4.8055055e-05   1.6745415e-03
   2.4627182e-05   1.0144863e-04   6.0655641e-04   4.0078165e-42   3.4603942e-05   2.9441190e-05   4.8883225e-11   2.6149337e-15   6.3727793e-05   1.5549954e-03
   1.7536674e-05   7.2609884e-05   8.1627748e-15   5.8720973e-15   3.5199353e-05   2.4583273e-05   3.3450304e-18   4.8726487e-05   5.0589694e-05   1.7821292e-03
   1.0160309e-05   9.0855987e-05   3.8428683e-03   1.4609519e-33   4.0338890e-05   1.9864870e-07   5.4623558e-11   1.6336762e-07   1.4252047e-08   2.0015847e-03
   1.0263429e-05   6.7754970e-05   6.8214336e-03   6.8552088e-18   1.6808462e-05   2.1662129e-05   5.2760965e-05   1.2058315e-20   3.6995893e-08   2.5069138e-03
   1.7492017e-05   1.1607326e-04   5.0814717e-04   2.5632358e-19   4.7683441e-06   6.2199763e-07   5.0035962e-05   9.2491728e-20   3.9043387e-07   2.6412242e-03
   1.6859748e-05   1.2327789e-04   3.4950154e-03   8.2854610e-23   1.2739368e-05   2.5931146e-05   4.1279130e-05   3.1633787e-11   6.5153683e-05   1.9236805e-03
   2.0064878e-05   8.4453172e-05   2.8501823e-03   2.2873782e-21   1.6406345e-05   3.1038909e-05   1.0325895e-05   4.7580385e-05   4.4860405e-05   1.8490276e-03
   3.6031794e-05   7.1491375e-05   3.4588493e-03   7.6228454e-17   2.0527032e-05   3.4491253e-05   5.6858667e-05   5.6518596e-05   2.5137086e-05   1.5079448e-03
   3.0574565e-05   7.6946096e-05   9.6173049e-03   2.9203389e-07   2.7678128e-05   4.5509592e-05   1.8651519e-05   2.2118103e-17   3.6072534e-09   1.1344493e-03
   1.7367743e-05   5.6652758e-05   9.3161603e-03   5.3309739e-19   2.7297748e-05   5.0744376e-05   5.4675873e-05   3.9202042e-05   3.1839535e-05   9.4913169e-04
   1.6972452e-05   4.9771767e-05   5.7583091e-03   3.5910255e-34   2.5320975e-05   3.5291964e-05   5.6265985e-05   6.9804936e-05   1.3697894e-05   1.0466866e-03
   1.6925952e-05   5.6489964e-05   1.3261293e-03   9.8837703e-23   2.9349413e-05   1.5915067e-05   4.2713156e-05   5.5284171e-05   4.2198345e-05   1.1400584e-03
   1.9629029e-05   8.4373291e-05   1.1230284e-05   4.3215414e-16   3.5575080e-05   7.9481248e-12   8.3031012e-05   4.8307505e-05   1.6419297e-05   1.1021281e-03
   5.2240439e-06   8.1778982e-05   3.0571536e-03   3.7376427e-21   3.2907564e-05   1.6414063e-07   1.0742436e-04   2.8388505e-05   8.4489436e-05   1.0377760e-03
   3.5900758e-06   5.3471280e-05   1.8074796e-03   7.5814513e-28   2.3759515e-05   1.9426522e-05   4.4795756e-05   1.1404044e-09   2.9982599e-05   1.4033584e-03
   1.6449418e-06   4.3162053e-05   2.1459149e-03   9.2876281e-20   2.0815220e-05   2.0141107e-05   3.0975379e-05   1.7866953e-24   1.2739074e-18   1.6963639e-03
   6.6617518e-06   4.7136093e-05   4.2442589e-03   2.5401900e-14   9.0271147e-06   2.4594227e-05   6.2558857e-09   3.3871877e-38   6.8359498e-20   1.7078172e-03
   1.4594733e-05   4.1356868e-05   3.7031018e-04   4.9399784e-13   5.8163960e-06   2.5486405e-05   6.4274465e-06   7.5078428e-15   2.1474741e-20   1.5632455e-03
   1.0472045e-05   3.2450321e-05   5.2778169e-04   2.5059587e-20   1.2608892e-05   2.3129588e-05   4.8246512e-10   1.4604944e-15   1.8555553e-22   1.4315410e-03
   3.6337406e-06   6.1940473e-05   5.5217828e-16   1.8472142e-19   6.2678895e-06   1.7131275e-07   2.4117439e-09   5.8817538e-24   7.2624754e-35   1.9208672e-03
   3.1536071e-10   4.6807887e-05   4.2157648e-03   1.9997639e-24   5.6764873e-06   3.0788506e-10   7.5593245e-08   9.9271972e-35   4.9832120e-31   2.1872206e-03
   3.8254859e-14   3.2852780e-05   5.3605154e-03   2.5796465e-31   1.2067344e-05   2.0042412e-07   4.2831028e-05   9.1124936e-23   5.0125186e-18   1.6952130e-03
   7.0939344e-06   2.8125349e-05   9.0086239e-04   3.0990546e-25   1.5604001e-05   5.1152788e-06   6.2809969e-05   4.1534358e-20   8.1232950e-11   1.6574053e-03
   9.2158300e-06   2.9052908e-05   3.6466936e-03   1.9929686e-16   9.1932927e-06   6.7945408e-06   3.6091865e-05   1.9000815e-19   7.4215296e-17   1.4328731e-03
   6.0205411e-06   2.3907165e-05   2.3016900e-03   3.7967159e-37   9.4080256e-06   1.5268509e-05   2.6995594e-05   4.6755301e-33   1.1401285e-22   1.1456288e-03
   6.4697938e-06   1.7942838e-05   4.7435279e-03   5.0116321e-26   1.8725469e-05   2.5567171e-05   1.2999731e-05   3.4333013e-05   1.6147216e-25   7.3026569e-04
   6.1396061e-06   2.7285556e-05   6.0636872e-03   9.5081723e-14   2.2782085e-05   3.6394039e-05   3.2246676e-11   5.1841131e-05   8.5715676e-21   6.9640433e-04
   8.4438504e-06   3.4862251e-05   3.3040426e-03   2.2406842e-13   2.1033418e-05   2.6767239e-05   2.5870790e-19   1.1212818e-13   3.1182889e-28   1.0131595e-03
   5.2321614e-06   3.2042880e-05   5.4059516e-03   1.7019645e-21   1.4895803e-05   2.7925076e-05   3.0520220e-10   7.7025444e-10   2.3849848e-25   1.1520384e-03
   1.2586364e-05   2.0073876e-05   7.9068964e-03   1.6553054e-06   1.7852772e-05   3.1222222e-05   3.0392271e-05   2.1582187e-05   3.6886756e-15   7.7675732e-04
   1.8447337e-05   2.5719158e-05   7.6170608e-03   6.2313370e-05   2.6351369e-05   2.6462491e-05   5.6662636e-05   1.6590373e-18   1.1127019e-05   5.8837409e-04
   2.1330222e-05   9.3966642e-06   7.7164684e-03   4.7858861e-05   2.4450606e-05   1.6814718e-05   5.3290674e-05   1.1200338e-10   2.3716051e-16   8.0586429e-04
   2.5981115e-05   2.3972965e-05   7.6278921e-03   1.0394900e-12   1.7175234e-05   7.6995912e-08   6.0182272e-05   3.4718709e-29   1.4212584e-21   8.3341098e-04
   3.2047158e-05   1.3802799e-05   6.1385047e-03   2.7941334e-06   2.3411540e-05   2.1922809e-05   1.1173103e-05   1.9026745e-10   5.5401617e-23   6.7062332e-04
   1.9584848e-05   1.9727014e-05   3.8369785e-03   2.1570121e-22   3.3226087e-05   3.6219212e-05   3.9061385e-10   2.0860355e-05   2.1367824e-23   5.1597268e-04
   1.5432373e-05   1.9546297e-05   3.2094525e-03   5.2014573e-26   3.7063129e-05   3.5540239e-05   4.5939273e-14   7.6602087e-18   1.0248432e-16   4.9538025e-04
   1.4365015e-05   1.6016962e-05   1.4600614e-03   1.7227611e-37   3.0635025e-05   3.7893357e-05   7.7386682e-11   1.8851893e-20   1.4204841e-20   6.5872285e-04
   2.5923832e-05   1.6305165e-05   1.3092755e-03   1.5877656e-22   2.7910536e-05   3.6009922e-05   3.7583049e-15   1.4777299e-19   2.7551163e-24   8.5785673e-04
   2.8231581e-05   8.4039147e-06   2.0547188e-03   3.2731642e-21   2.7449732e-05   4.5485409e-05   7.8290507e-06   8.7305817e-33   5.0796916e-17   8.9039780e-04
   4.0527324e-05   4.0749659e-06   2.3393453e-03   2.0086359e-21   3.3330414e-05   4.0314281e-05   8.4435514e-06   2.0837437e-20   3.5562994e-16   8.0839599e-04
   3.2915296e-05   6.8990948e-06   4.1446758e-03   4.6336829e-34   3.8838469e-05   2.7718254e-05   1.4003563e-05   9.8365168e-19   4.9028932e-19   7.3366116e-04
   3.4906046e-05   1.2159032e-05   7.9297738e-04   4.0423746e-25   3.1975133e-05   2.7394825e-05   1.6189961e-06   4.8520884e-23   1.8619966e-24   7.7988663e-04
   4.3161965e-05   1.5103571e-05   1.9699375e-04   1.2503676e-28   2.7662905e-05   1.7312865e-05   2.1084395e-05   3.4291101e-22   1.9664545e-29   7.3492606e-04
   3.3315118e-05   1.0060340e-05   4.9063719e-04   2.1922682e-34   2.5189972e-05   1.2955554e-05   9.0826447e-06   8.6953050e-29   1.2472879e-31   7.9099095e-04
   2.8098127e-05   7.5220414e-06   1.6837019e-04   1.3208860e-19   2.4036686e-05   1.6390988e-05   1.9853718e-05   3.1014535e-31   2.4114879e-21   6.2888249e-04
   2.5787222e-05   9.8636470e-06   8.4672132e-04   8.7903327e-09   3.4115584e-05   2.3288530e-05   2.9434629e-05   2.1122596e-22   1.8987799e-20   4.7553121e-04
   3.5660920e-05   1.1986757e-05   2.3000757e-03   8.2722044e-14   5.0179164e-05   2.6707252e-05   1.6647733e-05   1.4579618e-09   4.0412420e-11   3.5105462e-04
   3.8147196e-05   8.5080291e-06   1.8071124e-03   1.0669818e-11   4.6596950e-05   2.9951233e-05   6.0737154e-11   4.5937891e-15   4.0503716e-13   3.9748019e-04
   1.7994495e-05   1.0476625e-05   2.3273103e-03   5.3692617e-17   3.2042622e-05   2.9556953e-05   2.1030561e-05   5.5709271e-38   2.0155972e-16   4.0059218e-04
   2.6265499e-05   1.0414937e-05   4.0319911e-03   6.6905601e-37   2.0991478e-05   3.1875778e-05   1.0476093e-05   5.8927865e-32   1.6327912e-17   4.6197195e-04
   3.2230483e-05   6.3806014e-06   3.2403254e-03   4.0181281e-35   2.2031524e-05   1.2816850e-05   1.5404337e-24   3.6186770e-42   5.3898697e-21   5.9537716e-04
   2.2864429e-05   3.5699890e-06   3.6036658e-04   2.9264363e-54   2.7087221e-05   2.0754467e-05   8.8270477e-11   4.4423564e-30   5.6955665e-22   6.5893335e-04
   2.5876058e-05   4.7687919e-06   4.1873294e-04   5.3334113e-45   2.6255519e-05   1.0759151e-05   6.7445030e-06   7.0870211e-27   1.7003615e-22   6.8954276e-04
   2.5883035e-05   5.8472461e-06   3.7153159e-04   3.7041170e-44   2.9575798e-05   1.0471679e-05   3.0256914e-05   1.1403939e-32   5.9960025e-18   6.5007135e-04
   2.8180851e-05   6.4379078e-06   5.2621788e-04   8.8180857e-32   3.8576925e-05   2.1279961e-05   1.3340172e-05   3.7595552e-22   5.6741728e-17   4.3766903e-04
   2.9971453e-05   7.5747220e-06   1.0503130e-03   2.3381387e-26   5.2099957e-05   1.7670873e-05   1.2367591e-05   3.9629277e-11   2.0939042e-11   2.7140222e-04
   2.8245314e-05   7.3033250e-06   4.6818933e-04   5.0093414e-22   5.1149061e-05   1.3651439e-05   2.5738421e-05   5.4261980e-21   2.8473789e-16   3.4437005e-04
   3.9576889e-05   1.0108573e-05   1.2809695e-04   1.2472128e-20   3.8089290e-05   1.2788355e-05   1.0670391e-05   1.8808472e-30   1.0415707e-13   3.1702418e-04
   3.7453209e-05   4.5899296e-06   1.5820318e-18   3.6258415e-30   4.0213843e-05   1.1065867e-05   1.0128819e-05   1.4834767e-25   2.5390679e-19   3.0462255e-04
   2.5052025e-05   4.8111449e-06   3.7988246e-04   7.3795515e-36   4.6613020e-05   1.3610408e-05   2.4720665e-12   2.7335279e-24   3.8024249e-27   3.3250119e-04
   2.0204977e-05   9.8780454e-06   1.2694862e-03   4.5062888e-29   4.5368349e-05   1.5087904e-05   3.8267302e-14   2.0214673e-36   4.4318237e-27   4.0569409e-04
   1.4634242e-05   1.2534475e-05   1.1661834e-03   3.6898941e-37   3.8023294e-05   1.5659919e-05   9.7170287e-12   3.4482470e-42   8.7742364e-23   5.4922697e-04
   1.8401806e-05   8.4310894e-06   3.9839088e-04   2.1683660e-31   3.4207339e-05   1.0730624e-05   2.4426330e-24   7.5855661e-40   1.1441277e-31   6.2886355e-04
   2.3083498e-05   5.7450349e-06   6.8757038e-04   1.9262253e-30   2.7445377e-05   1.0742248e-05   5.6251161e-12   1.0283905e-36   3.8010512e-23   4.9083603e-04
   2.3590829e-05   8.5595877e-06   8.2241523e-04   3.8396019e-34   1.5985923e-05   1.4452459e-05   1.7112907e-06   7.1915062e-41   1.0489862e-13   3.7843494e-04
   2.2128010e-05   1.1343519e-05   5.4116110e-04   5.2729472e-19   2.0542675e-05   1.3169964e-05   1.2047031e-12   8.1938177e-33   9.0986472e-10   3.2574853e-04
   2.6375462e-05   1.0181900e-05   1.2877688e-14   2.3430831e-31   2.3087263e-05   1.2067062e-05   1.3993570e-05   2.9050970e-22   7.7022319e-13   3.6315620e-04
   1.6218522e-05   9.1472370e-06   6.6512398e-04   5.1268763e-48   2.7635484e-05   1.0512713e-05   9.8116971e-06   1.3315305e-30   6.8558590e-14   3.3983535e-04
   1.7259651e-05   1.1506729e-05   7.6884180e-04   7.3074659e-37   2.7186870e-05   1.4323815e-05   3.1010600e-10   4.9053022e-41   2.9720185e-21   3.2748994e-04
   2.1420241e-05   9.9045332e-06   1.9253062e-04   3.1081719e-34   2.5039930e-05   1.3831871e-05   7.7586186e-07   8.2994207e-34   9.5987194e-14   3.3244163e-04
   2.2545538e-05   6.2705320e-06   3.7893134e-04   4.0113605e-41   2.4071932e-05   1.2940035e-05   6.5191095e-06   2.3341376e-29   8.5167124e-10   2.6010846e-04
   1.7462927e-05   8.1675498e-06   8.6266440e-04   6.0316709e-42   1.7731199e-05   1.4994593e-05   5.1266400e-06   2.5982701e-27   1.4632838e-12   2.4393048e-04
   7.3439018e-06   7.6196981e-06   1.0939932e-03   2.9995705e-21   1.7210769e-05   9.1313539e-06   8.1870963e-15   1.3592252e-28   4.7601564e-21   2.8106161e-04
   9.9087744e-06   7.7227882e-06   1.0056673e-03   2.0202492e-39   1.7296110e-05   9.1855023e-06   1.9850979e-08   3.1725618e-25   2.8452387e-17   2.6750460e-04
   1.5025869e-05   7.3147358e-06   1.1030044e-03   3.3881923e-36   1.2151943e-05   1.2507069e-05   8.3173454e-12   1.0539911e-20   6.0972849e-11   2.6174046e-04
   1.3769800e-05   5.4407373e-06   1.1130372e-03   1.9651359e-30   2.0191596e-05   9.7922033e-06   8.6658066e-17   4.3819307e-33   8.5072065e-16   2.6977861e-04
   1.4463137e-05   6.0480299e-06   3.0620824e-04   5.1065820e-38   1.8295499e-05   1.1461200e-05   7.2062194e-17   5.8325248e-32   2.2853634e-20   3.0517661e-04
   1.1359541e-05   7.5306792e-06   2.8830129e-04   1.9053168e-22   1.1436476e-05   9.1074480e-06   1.8997132e-09   4.2173695e-34   1.1522854e-25   3.5334768e-04
   6.2647529e-06   7.0208469e-06   7.3004640e-04   1.3468500e-38   8.5612423e-06   9.5567446e-06   4.7909588e-18   6.9076303e-38   3.6672950e-38   3.7606778e-04
   5.8821997e-06   8.6522046e-06   2.7108445e-07   2.2004229e-26   1.2631131e-05   1.1828397e-05   4.8178804e-16   6.3454590e-33   6.9429035e-34   3.3532250e-04
   4.7586654e-06   9.9073688e-06   4.6948555e-05   6.4416772e-28   1.2016172e-05   6.7196126e-06   6.1737070e-08   4.5905597e-25   9.7767431e-33   3.1394183e-04
