   2.4691035e-03   1.8556341e-03   4.5634060e-03   1.2677981e-03   1.6292389e-02   6.9742897e-04   4.1452459e-03   9.0442078e-54   2.5608963e-03   1.7929323e-04
   4.7272720e-03   1.0070580e-03   7.6692186e-03   1.1400215e-03   2.0275836e-02   5.3272540e-04   2.2479003e-03   2.4731824e-45   3.0879401e-03   1.5919258e-04
   3.4609038e-03   7.4315291e-04   5.3972769e-03   9.6614954e-04   1.2312701e-02   4.0705973e-05   4.8058917e-07   7.1263672e-21   2.3782626e-03   2.8636965e-05
   2.2836372e-06   1.9788791e-04   1.7717023e-03   9.1763729e-04   5.2353503e-03   7.5059540e-06   7.0642854e-06   1.7085089e-21   2.4764976e-03   1.8799435e-04
   5.6537375e-10   6.2334606e-05   1.5666294e-03   2.3344695e-04   6.5366412e-03   7.5659925e-05   5.8814641e-25   8.5657647e-50   1.5758556e-03   6.6027970e-06
   4.0109624e-18   2.6686751e-04   1.7818210e-03   3.4133682e-04   5.7585535e-03   1.2390655e-04   1.5743560e-23   1.7997852e-67   1.0931729e-03   3.4344586e-07
   1.6177296e-19   2.2895570e-04   1.3685360e-03   1.1288046e-04   2.6282258e-03   9.1134938e-05   9.4613629e-15   1.9227327e-65   7.9319200e-04   3.3035928e-09
   1.6094787e-23   3.8813432e-04   1.3401666e-03   5.5754350e-50   1.8875169e-03   2.2725046e-05   1.5580525e-26   4.5772800e-58   9.1165303e-04   2.5199392e-12
   2.9655495e-25   2.8438660e-04   1.6924305e-03   1.1962545e-40   2.8929950e-03   1.2674697e-04   4.8526853e-21   7.9281037e-56   1.2066556e-03   6.4940674e-11
   1.0220446e-15   8.5966913e-07   2.2066088e-03   3.4881016e-35   1.5216805e-02   7.2166401e-07   2.5262686e-28   1.0063704e-64   1.5863441e-03   2.5157251e-18
   1.7926815e-11   1.1762117e-09   5.4527653e-03   1.3945710e-31   5.1643678e-02   2.8480149e-07   1.0228746e-23   5.3498116e-58   2.0254051e-03   2.0054393e-15
   8.7828011e-12   3.3568225e-20   1.9759579e-02   7.0168518e-45   5.1521313e-02   7.5260518e-08   1.1304047e-20   5.5957753e-89   2.1006634e-03   2.1290314e-15
   2.5772679e-13   2.9874987e-12   5.4840748e-02   2.3116193e-36   5.7085967e-03   4.2619391e-10   4.4464134e-18   3.4123372e-84   1.1893693e-03   2.3362793e-05
   1.2822871e-05   8.2394939e-05   8.9627563e-02   6.3678117e-30   4.6110470e-25   3.8283523e-17   6.0438224e-12   7.6979298e-65   7.9070387e-07   1.8109648e-02
   4.6058492e-06   9.8717942e-03   1.0131301e-01   1.6330282e-03   1.2219437e-28   7.2441212e-09   1.3044272e-11   4.0694846e-07   8.6818517e-15   2.8433631e-02
   1.7720570e-16   5.9638664e-02   5.2967827e-02   4.2006814e-03   1.4100226e-32   5.4527559e-02   7.2909891e-20   2.9108883e-02   1.4822294e-04   6.4989119e-03
   5.4872127e-17   1.2733898e-01   1.5087189e-02   7.2333883e-02   1.4783047e-22   4.4842175e-02   1.9573448e-25   7.5702160e-03   2.4561693e-04   7.1927590e-04
   1.9225224e-05   1.8732811e-01   3.3518365e-03   4.7449796e-02   9.4741727e-06   6.5414174e-03   2.1166265e-12   2.2647580e-17   2.9360885e-04   1.2553167e-05
   5.3218034e-05   1.6761103e-01   1.4214980e-03   6.7535934e-21   1.3137067e-02   2.1061711e-22   5.0611770e-03   3.8459854e-26   1.3003129e-04   3.2558622e-04
   1.6477948e-05   7.8290430e-02   1.3250449e-03   5.1532478e-54   6.2013656e-02   1.9258067e-34   4.3431281e-03   8.9836264e-25   2.5375606e-04   1.1576435e-05
   3.8005207e-05   2.0371318e-02   1.5021361e-03   1.8824020e-26   1.3277097e-01   1.6143332e-04   1.0255622e-07   7.3531914e-26   7.9890986e-06   8.5727346e-05
   6.6366738e-05   3.1589592e-03   2.0376462e-03   2.9903868e-17   1.3586608e-01   9.6142199e-05   3.0985465e-15   1.9534971e-17   1.1661893e-04   1.5362146e-04
   1.1520105e-05   1.0445899e-03   3.3035243e-03   1.5112506e-04   8.8481014e-02   1.2270248e-04   4.3424197e-04   3.3482262e-30   3.0849749e-04   3.1806660e-07
   1.5881540e-04   1.1219715e-03   6.4854298e-03   2.2804951e-37   4.6143129e-02   7.0144576e-14   1.5449963e-13   4.6527697e-50   3.8233241e-04   2.3795412e-06
   3.4975564e-04   2.1906071e-04   1.5468089e-02   1.6327418e-40   1.9864980e-02   9.1413040e-19   1.3255653e-12   3.8164732e-75   4.1432417e-04   7.9004969e-10
   1.8796186e-04   2.1352819e-15   2.3593596e-02   2.1711854e-71   6.1774573e-03   7.3132434e-28   2.5093473e-21   9.1719396e-51   5.9757450e-04   9.7213642e-04
   1.1680805e-04   8.2536827e-19   3.9166519e-02   2.1262930e-47   7.5230641e-05   3.8828359e-30   2.8928532e-27   4.8469877e-49   1.6264993e-04   2.1112593e-02
   6.3704728e-05   3.8268360e-31   5.1401560e-02   2.5163777e-47   1.7020741e-26   2.9348000e-35   2.2182279e-35   1.0947697e-10   1.2175807e-05   5.4302872e-02
   7.3878537e-05   6.9042728e-14   4.3667668e-02   3.7776561e-23   7.0552097e-26   1.3162017e-15   4.0437239e-04   2.5979758e-03   5.5475507e-05   4.5009057e-02
   2.3685599e-04   6.6226777e-05   2.6063263e-02   3.4111700e-28   2.5945057e-06   6.4288791e-03   2.5407225e-04   7.7378610e-02   2.9412049e-04   9.9540437e-03
   4.1991027e-04   3.4732718e-03   1.1769857e-02   1.2080424e-02   7.5245482e-11   6.2087827e-02   1.8406803e-04   1.1648407e-01   2.0162502e-07   6.4752787e-05
   3.7112406e-04   6.9684771e-03   4.6610120e-03   9.4493192e-04   2.1445925e-17   1.1155457e-01   4.8525738e-03   8.5729153e-02   4.2961533e-10   2.8326096e-16
   2.5698356e-04   1.2420259e-02   2.5071275e-03   1.1985098e-01   7.8217613e-14   6.8982951e-02   8.9263982e-03   5.5921396e-02   1.3227152e-06   2.1719089e-04
   9.6834830e-05   1.6966923e-02   2.0033019e-03   1.5330877e-01   1.5807872e-05   1.5507388e-02   3.3200056e-02   3.1776927e-02   5.1797958e-04   5.1159948e-04
   7.3404071e-05   2.3567668e-02   1.7383221e-03   7.6179121e-02   3.9594822e-08   3.7275747e-03   7.5379459e-02   1.4860408e-02   6.2254412e-04   9.2364441e-04
   5.4118537e-06   2.0125669e-02   1.8132062e-03   1.1761081e-02   1.0484066e-05   5.5162976e-04   1.4664797e-01   4.4816217e-03   7.2494313e-04   9.3177303e-04
   1.7464512e-04   1.0839357e-02   3.0940445e-03   5.1239451e-27   6.1746301e-04   5.4035508e-04   1.4072201e-01   1.0176673e-12   6.1490138e-04   1.2210406e-03
   2.4590171e-13   5.4723763e-03   5.1330413e-03   7.8284268e-33   2.1781899e-03   8.0721022e-04   6.9880753e-02   9.0750360e-15   9.8743471e-04   1.1309272e-03
   5.0446672e-21   3.4383688e-03   7.5603655e-03   1.0548148e-42   4.1478925e-03   5.0592517e-10   1.8665811e-02   5.7206187e-17   1.0771862e-03   5.3526790e-03
   1.0964181e-20   1.0207398e-03   7.4938405e-03   7.8344774e-21   5.1500791e-03   7.9790320e-04   1.8706720e-05   3.7113629e-82   1.2546402e-03   2.3806264e-02
   2.5583274e-15   1.5640090e-04   3.9077966e-03   1.3356006e-30   3.9995513e-03   2.8615584e-04   8.5965205e-04   9.9594349e-38   7.1154552e-04   6.5917843e-02
   2.3686783e-18   4.8499586e-11   2.2671872e-07   9.5132255e-31   5.1208468e-03   1.0155053e-03   2.3754017e-27   6.0616450e-05   8.8711896e-04   8.8795614e-02
   2.0260619e-08   6.4935813e-06   2.9862507e-04   2.7886470e-04   6.5189354e-03   1.3750989e-04   1.4173174e-22   9.9217939e-03   1.2574914e-03   6.1078892e-02
   5.9037775e-10   2.7780268e-04   3.1776304e-04   7.2682415e-05   3.8694547e-03   4.7592662e-03   4.5845727e-18   2.3655905e-02   1.3759551e-03   3.3022900e-02
   1.1247032e-19   2.6060443e-04   8.5983809e-04   7.1793718e-05   1.9196141e-03   4.7267300e-03   4.6926766e-08   3.3646440e-02   1.1587438e-03   1.3673184e-02
   2.2126569e-17   2.9972095e-04   8.4841165e-04   1.4296365e-04   1.3065302e-03   1.9527960e-02   8.2361823e-05   1.8722030e-02   7.0869115e-04   4.0634115e-03
   1.1057653e-09   4.1650906e-04   1.0612336e-03   5.5667201e-05   2.9272227e-04   4.8437568e-02   8.6837596e-13   5.6741351e-03   6.0524645e-04   1.3205230e-03
   1.4581210e-08   3.5585751e-04   9.0287009e-04   4.1085703e-13   8.0254501e-13   4.7348418e-02   3.0875476e-15   2.5511620e-03   6.6069902e-04   5.4696729e-04
   8.0287448e-16   5.5722590e-04   7.6815836e-04   4.2955728e-03   3.5137914e-07   2.2990870e-02   1.2991224e-17   1.3449780e-03   6.8971465e-04   7.5217976e-04
   4.4122653e-14   9.9253503e-04   1.0461810e-03   9.9480069e-03   2.9237860e-04   4.3035025e-03   1.7806100e-17   9.4890505e-04   6.8072673e-04   5.6544357e-04
   2.0966165e-11   1.5500868e-03   1.7447918e-03   8.9370529e-03   1.9110751e-04   6.6556038e-04   3.4050439e-04   3.2731678e-10   7.5191508e-04   6.3812857e-04
   4.8192487e-08   2.1214081e-03   2.0920466e-03   3.6004068e-03   2.4742236e-04   2.1349888e-04   2.5168175e-03   9.7298685e-25   5.9046879e-04   6.1468882e-04
   8.7148815e-05   2.4096794e-03   2.7827274e-03   5.8316881e-12   4.0127789e-04   6.0223705e-04   7.5694862e-03   3.7820558e-49   2.5014812e-04   1.1142976e-03
   2.2724306e-12   1.7364450e-03   2.5745993e-03   2.3727132e-22   3.3949719e-04   1.2124090e-04   1.2975051e-02   2.0349409e-50   4.2165335e-04   7.4096817e-03
   3.5225010e-18   1.1067844e-03   1.6742340e-03   1.6164917e-42   1.0281538e-07   1.9123205e-04   9.8763901e-03   1.5046157e-58   3.8670648e-04   1.5088254e-02
   1.3387008e-12   1.0905147e-03   9.7817649e-04   1.1810037e-52   2.3801617e-06   8.0146603e-05   3.9317739e-03   1.5659390e-26   3.9992465e-04   1.5923924e-02
   1.7511315e-05   1.1430578e-03   1.4554791e-03   1.5481064e-31   1.2140438e-05   2.6207075e-04   6.9592908e-04   1.9679054e-03   3.8479928e-04   1.0673689e-02
   3.6740890e-10   8.9695981e-04   1.4134312e-03   2.2346083e-43   3.2485358e-04   2.8953603e-04   1.6194992e-10   3.7537753e-03   5.3485753e-04   5.5590105e-03
   2.0122605e-20   7.3685930e-04   1.1282113e-03   3.7283854e-59   9.5805661e-04   9.7920431e-04   8.8653788e-17   8.1525358e-03   7.1338181e-04   2.8478844e-03
   3.4450009e-22   3.8988072e-04   8.7299061e-04   1.3369251e-08   1.3241886e-03   1.7917985e-03   3.6377202e-18   7.9861748e-03   7.0526488e-04   1.4348633e-03
   1.1328233e-14   3.7841353e-04   7.2869789e-04   3.9964202e-22   1.5614766e-03   2.7858006e-03   1.1040249e-19   4.9258937e-03   5.8701545e-04   1.1186252e-03
   7.8318476e-10   3.1524051e-04   8.9451171e-04   4.0676149e-10   1.5025825e-03   9.7602509e-03   1.6072594e-12   2.5401392e-03   6.9287028e-04   2.2813011e-04
   1.4114532e-13   5.1149199e-04   1.0234783e-03   1.0971812e-04   1.5624561e-03   1.1650473e-02   4.1189930e-11   1.3532883e-03   6.1193172e-04   5.2244062e-04
   7.9834677e-12   6.5254588e-04   1.3122228e-03   4.1347165e-04   1.7149813e-03   6.2658294e-03   4.7431927e-12   8.9244680e-04   7.1149628e-04   7.1447181e-04
   2.5584343e-13   5.7452697e-04   2.1614739e-03   1.5342200e-03   1.5162463e-03   3.1570921e-03   1.5920398e-15   3.1886514e-04   9.7141100e-04   5.4509823e-04
   1.6497085e-13   1.1179195e-03   2.4466145e-03   1.2918337e-03   1.2592800e-03   1.8923107e-03   4.3849895e-16   5.4085306e-32   7.9297868e-04   7.7510886e-04
   8.2903490e-07   1.2974574e-03   1.8918934e-03   4.0804813e-03   4.4113160e-04   9.8733174e-04   6.9618776e-19   9.8477582e-34   5.0260878e-04   6.5180720e-03
   9.7278810e-05   1.2235166e-03   1.3040183e-03   3.1834223e-03   1.5877831e-05   8.5774836e-08   3.3057554e-14   6.9599220e-52   5.5749610e-04   1.5318000e-02
   3.4313385e-05   1.8176951e-03   1.2484839e-04   9.3238920e-04   3.0642311e-08   1.6146186e-04   2.8507228e-09   1.0113427e-55   6.5603766e-04   1.9843630e-02
   9.7539092e-06   1.9368185e-03   6.8767783e-04   5.6454114e-16   7.0173919e-20   1.3512231e-04   1.1210065e-03   2.2124602e-09   5.1538985e-04   1.2034833e-02
   6.3474543e-09   1.2787423e-03   8.4415741e-04   1.3682575e-24   1.2470925e-22   1.7815868e-04   2.8597294e-03   9.2483682e-04   9.0673871e-04   7.2377746e-03
   1.1395650e-14   7.0300032e-04   1.0028707e-03   7.6551919e-36   5.1511452e-10   9.3158881e-05   4.9535727e-03   2.3589361e-03   1.2014740e-03   3.5903913e-03
   1.2582676e-19   5.6295343e-04   1.0492613e-03   1.5973948e-19   1.2867658e-04   5.2270416e-04   3.5168223e-03   3.0943986e-03   1.2731266e-03   1.6158854e-03
   3.1386944e-20   3.3661583e-04   9.8169627e-04   2.5890567e-24   4.0867524e-04   2.7040352e-04   1.4895017e-03   4.5913213e-03   1.4748467e-03   1.5640107e-03
   7.3290265e-20   3.6479290e-04   8.1147857e-04   6.7889042e-28   4.0276274e-04   1.9938465e-03   1.9340199e-04   3.3526935e-03   1.3183926e-03   1.5044316e-03
   1.3144952e-15   2.2890255e-04   1.0587206e-03   1.0126444e-04   4.0290836e-04   1.5525608e-03   3.4673141e-06   2.2889644e-03   1.0661372e-03   1.1318600e-03
   2.7376177e-08   2.5674820e-04   1.1246228e-03   2.9550247e-14   3.6582670e-04   5.1979108e-03   2.1553784e-08   1.2629477e-03   7.6248283e-04   1.2911466e-03
   1.6174351e-09   2.0954653e-04   9.8830626e-04   1.2006651e-05   3.5569532e-04   8.3402086e-03   8.9530591e-13   5.4184551e-04   8.9451284e-04   3.0138272e-03
   7.8201782e-09   3.1021476e-04   8.4405858e-04   2.9342229e-05   4.2076778e-04   6.5463407e-03   1.1375306e-27   5.0791603e-08   7.3043127e-04   5.7593288e-03
   1.7405752e-06   2.9089506e-04   1.2269654e-03   5.1651954e-04   4.0405825e-04   2.5749499e-03   1.6317503e-20   2.8129905e-46   6.1049840e-04   1.0027654e-02
   3.1291682e-04   6.4095589e-04   9.3072456e-04   2.4197106e-03   1.2792020e-04   1.0379223e-03   2.5740436e-16   1.2673655e-72   3.4231569e-04   1.6623467e-02
   3.1110685e-04   7.0995176e-04   9.1120640e-04   7.4874790e-04   2.6488484e-04   9.1084245e-05   8.3554350e-14   3.8717154e-53   5.6734718e-04   1.7484514e-02
   2.7550867e-04   5.4136201e-04   6.7844479e-04   5.0391696e-03   5.0598432e-04   4.9024555e-05   1.0105324e-20   9.7667693e-28   4.0911379e-04   1.3167073e-02
   9.8145806e-05   6.4875152e-04   6.6254052e-05   5.6814506e-03   8.7457006e-04   8.0344287e-05   1.1351849e-11   1.7787488e-30   6.1268479e-04   1.5441332e-02
   1.3722629e-05   7.1829005e-04   6.1931073e-04   2.7940470e-03   8.2691968e-04   7.6533539e-05   5.0719073e-04   3.4356757e-18   7.1111379e-04   1.0921890e-02
   4.3884969e-04   5.7235622e-04   7.1482084e-04   7.8518922e-04   5.8494448e-04   1.8215794e-04   1.2329957e-03   1.9651217e-03   4.1439758e-04   7.0377541e-03
   2.6073213e-04   6.0365735e-04   7.2297424e-04   1.7298221e-04   4.9173732e-04   1.4014525e-04   1.8398981e-03   1.9953992e-03   6.6439129e-04   3.9332202e-03
   6.7745985e-06   5.5289497e-04   9.1973432e-04   8.9908943e-27   4.2033728e-04   5.3927529e-04   2.4894793e-03   3.6904905e-03   9.2855702e-04   1.7419235e-03
   2.3772762e-04   3.6217156e-04   9.7079794e-04   1.4781479e-42   2.5073238e-04   4.6700264e-04   2.7013077e-03   4.0487647e-03   6.7108504e-04   1.2642164e-03
   2.8909652e-06   2.1821865e-04   1.1937200e-03   3.5998938e-21   1.2624376e-04   1.5975384e-03   3.8437541e-03   2.7365117e-03   9.1100972e-04   1.0918623e-03
   5.5306330e-06   1.8439499e-04   1.2703899e-03   1.3355823e-33   2.7542119e-11   1.8665998e-03   3.1885258e-03   1.4995974e-03   8.6947017e-04   1.8947189e-03
   1.3711027e-07   2.0370070e-04   1.2037879e-03   9.5152564e-37   1.5509290e-10   3.4697895e-03   1.5398821e-03   6.8210882e-04   8.2885961e-04   2.1819617e-03
   1.0724035e-04   1.8507136e-04   1.2983453e-03   4.9864778e-05   6.3730993e-14   9.3990621e-03   6.9214707e-05   3.0195491e-04   7.0786215e-04   3.1712570e-03
   3.7456826e-07   6.4569455e-05   1.1991992e-03   1.3160368e-07   1.7654251e-13   1.1035151e-02   1.4225545e-04   1.8691039e-30   5.1823766e-04   4.7739778e-03
   1.7115925e-06   2.2111560e-04   1.0367288e-03   9.0385552e-07   8.4957327e-14   6.7318140e-03   2.7217042e-04   3.4304135e-75   8.3400130e-04   9.4608120e-03
   2.5996714e-04   2.7859221e-04   8.8057096e-04   1.2832369e-03   2.3049714e-08   3.5880346e-03   1.6402547e-04   1.2400296e-12   8.2355172e-04   1.2066102e-02
   4.4249975e-04   3.1313289e-04   7.1587594e-04   3.5765253e-03   3.0103687e-08   3.1209485e-03   1.7929259e-04   4.2891737e-14   6.6417785e-04   1.3067605e-02
   5.2394536e-04   4.4172589e-04   9.7605021e-04   3.4069850e-03   4.2795972e-07   2.3662218e-03   3.2320338e-04   7.2864610e-04   7.3651194e-04   1.2250719e-02
   8.3393233e-04   4.2019436e-04   1.1562145e-03   9.6529562e-03   5.5932661e-06   2.4743242e-03   1.7654142e-04   1.6155529e-03   8.9116639e-04   9.4969576e-03
   6.4856471e-04   3.1168186e-04   1.4210794e-03   1.4688431e-02   1.8995100e-04   9.0146265e-04   5.6488573e-04   3.3914247e-03   8.2080034e-04   6.8337752e-03
   6.8488799e-04   2.5012982e-04   1.4543530e-03   1.0258744e-02   4.3567328e-04   8.1081059e-04   1.8914443e-03   4.9457441e-03   7.1149438e-04   2.9639709e-03
   8.9652497e-04   3.8886915e-04   1.8007040e-03   4.7370823e-03   6.1339229e-04   7.7990680e-04   3.0771944e-03   3.7787160e-03   7.3333887e-04   8.0031319e-04
   8.3918428e-04   5.6141698e-04   2.2221318e-03   1.8037129e-03   7.5213852e-04   1.7737308e-03   4.5211980e-03   4.9675515e-03   6.8373141e-04   3.4899661e-04
   5.9470018e-04   9.9809306e-04   2.5536540e-03   6.3485807e-04   9.2222879e-04   2.0884993e-03   6.5570753e-03   4.7852450e-03   7.4714580e-04   2.3703996e-04
   9.0551137e-04   7.1587048e-04   3.2386139e-03   6.2677988e-16   8.0704784e-04   4.3323983e-03   1.0050513e-02   3.4122063e-03   5.5139500e-04   1.0730302e-04
   1.0783239e-03   1.6065071e-04   4.3365563e-03   4.7994050e-24   6.8282352e-04   5.8933433e-03   1.2771073e-02   1.6045391e-03   4.9811723e-04   2.0720790e-04
   1.1534124e-03   3.1499738e-09   5.5620646e-03   5.5318454e-15   3.9892512e-04   1.4314966e-02   1.2236041e-02   6.7330000e-11   4.3954358e-04   2.9279918e-04
   8.5325245e-04   1.7091571e-06   4.9222558e-03   1.8646018e-31   5.0443161e-05   2.7992624e-02   1.5764298e-02   3.6694190e-19   6.4976406e-04   1.1462099e-03
   7.0740398e-04   4.1977310e-05   3.8416643e-03   9.9761845e-14   5.0347897e-07   2.9486532e-02   1.1892983e-02   2.1898646e-50   8.2637061e-04   2.2954333e-03
   5.7841340e-04   1.2606590e-04   2.9520950e-03   9.5351146e-26   1.4383015e-05   1.7814133e-02   6.8667069e-03   7.1408314e-38   8.3030766e-04   2.8631224e-03
   7.4877066e-04   7.6899690e-05   2.8657660e-03   1.7205651e-03   4.3900571e-05   6.4413869e-03   2.9292056e-03   8.9792811e-04   5.9356315e-04   2.0826815e-03
   5.8282722e-04   4.9609338e-04   2.7951314e-03   1.9013840e-03   2.3835263e-05   4.4230359e-03   2.2227671e-03   1.8751062e-03   6.4518385e-04   3.3469183e-03
   8.4284705e-04   3.7222365e-04   2.5926396e-03   1.3754577e-03   9.2122841e-06   2.9465166e-03   1.4952816e-03   6.8323647e-03   7.1903858e-04   4.8173957e-03
   1.1815713e-03   2.8180736e-10   2.7459948e-03   1.2108744e-02   1.6702303e-04   1.3504183e-03   1.8190948e-03   8.3041262e-03   5.5722352e-04   4.8766062e-03
   1.2190758e-03   2.4152750e-10   2.6724287e-03   6.4727519e-03   7.0474451e-04   1.5881641e-03   2.3474071e-03   1.4071915e-02   5.0121276e-04   2.3873433e-03
   1.4577703e-03   3.4088980e-12   3.2744108e-03   3.0714454e-02   7.5420038e-04   4.0621846e-04   1.9098488e-03   1.0020302e-02   7.2160004e-04   1.4654449e-03
   1.4574979e-03   6.5522436e-18   3.9636712e-03   3.4487926e-02   7.5840564e-04   9.6900553e-04   2.8575720e-03   1.3769344e-02   7.5897004e-04   3.2727721e-04
   1.9704041e-03   3.7533771e-11   3.7638403e-03   2.4109267e-02   5.6578156e-04   4.7442926e-04   7.1719640e-03   1.5032339e-02   6.0839850e-04   1.8753231e-05
   2.4057204e-03   1.2892893e-07   4.3990928e-03   1.3368783e-02   5.1256998e-04   1.0031003e-03   1.1196778e-02   1.4457505e-02   3.7382229e-04   1.1698545e-09
   2.0720672e-03   1.4210053e-04   5.0906057e-03   7.1849638e-03   5.3320256e-04   8.2444120e-04   1.3084913e-02   1.0394181e-02   6.1211518e-04   4.2178968e-10
   2.5765467e-03   4.5200690e-08   4.9687252e-03   3.9715470e-03   3.7638085e-04   1.6446414e-03   1.4781488e-02   5.0916971e-03   7.3930607e-04   2.0121587e-06
   3.6181596e-03   6.4586994e-04   4.2259606e-03   2.0684369e-03   9.2831927e-07   1.5325344e-03   1.7932916e-02   2.9586576e-03   8.0323086e-04   6.6789378e-04
   2.4774008e-03   3.8424690e-04   3.5839793e-03   1.8729582e-03   5.5760093e-04   3.0104467e-03   2.4932723e-02   3.4550013e-07   1.1145550e-03   7.7612731e-04
   3.1796867e-03   1.8235279e-04   2.9876446e-03   1.4122034e-03   2.8807377e-04   6.3349739e-03   2.5280876e-02   5.6765591e-20   6.5248163e-04   8.1806927e-04
   3.3734615e-03   2.3669298e-04   2.0029355e-03   8.3289460e-04   3.5884866e-04   7.8293493e-03   2.6499147e-02   8.9635619e-04   5.7121025e-04   1.0043069e-03
   1.5753735e-03   9.5063482e-04   1.9638828e-03   1.6600931e-03   1.4357851e-03   4.9687063e-03   2.8436923e-02   6.7884285e-12   7.1333490e-04   1.0461130e-03
   2.7533185e-03   8.7167026e-04   1.8436929e-03   2.2237587e-03   1.3740437e-03   1.9944779e-03   2.2960621e-02   1.7592102e-04   1.2173385e-03   9.6402867e-04
   2.9504337e-03   5.9096043e-04   2.2132478e-03   1.0780448e-03   1.0896569e-03   9.8582142e-05   1.2277524e-02   1.2874008e-03   1.5646289e-03   7.9882087e-04
   2.1020852e-03   9.1403300e-04   2.6577615e-03   4.1513149e-03   1.2361086e-03   1.5246769e-04   3.4569493e-03   3.1891683e-03   1.4172369e-03   7.6612105e-04
   3.2315003e-03   6.5390197e-04   2.9362421e-03   7.5571454e-03   9.9646851e-04   6.4002620e-19   8.9545751e-04   6.3344275e-03   1.1769853e-03   2.2118103e-04
   3.1297621e-03   7.0495317e-04   2.9826824e-03   9.6195177e-03   1.3544166e-03   5.7351404e-16   2.8878259e-14   1.4538897e-07   9.4479347e-04   2.3929152e-04
   3.0164582e-03   9.8642847e-04   2.8248046e-03   9.7912305e-03   8.9258637e-04   1.8275372e-13   3.2411485e-11   6.4021142e-03   8.4409856e-04   1.0568103e-08
   3.4671225e-03   4.7250146e-04   2.9349577e-03   1.5303517e-02   6.6049302e-04   2.5543223e-15   5.6927773e-09   8.0685237e-03   7.8758012e-04   1.1100036e-10
   3.1390711e-03   9.7968120e-04   2.4011494e-03   1.1561448e-02   1.4546929e-03   7.3614888e-09   1.3334967e-19   6.5291106e-03   8.2702929e-04   9.3960031e-10
   3.0639328e-03   7.5912750e-04   2.0021609e-03   5.7289076e-03   2.1866270e-03   5.4073190e-06   4.2881636e-11   3.8388567e-03   9.8508004e-04   3.6920307e-05
   4.2948095e-03   5.8937421e-04   2.4451929e-03   1.9729512e-03   3.1712562e-03   1.1967855e-04   3.4542128e-05   1.7751879e-03   5.2906385e-04   3.3176669e-04
   5.6525186e-03   2.7981307e-04   2.4868911e-03   5.3516695e-04   3.4639272e-03   3.5296999e-04   4.9578375e-04   6.5318642e-04   3.8828136e-04   1.3167980e-04
   6.2624335e-03   4.1370471e-04   1.9659726e-03   2.0061739e-21   3.3709252e-03   6.7200725e-04   1.1452244e-03   3.1164171e-24   3.8935396e-04   4.2209406e-04
   4.3606013e-03   9.6295307e-04   1.7008546e-03   1.9778067e-18   4.1386196e-03   1.8821764e-03   1.0771622e-03   2.1769501e-35   4.3242740e-04   4.6008079e-04
   2.3447847e-03   1.8461790e-03   1.3153289e-03   5.0617009e-19   4.7430516e-03   2.1755874e-03   6.1568493e-04   8.1535231e-20   4.6876785e-04   5.5791117e-04
   1.5486453e-03   9.6537203e-04   9.8467782e-04   1.9634162e-31   5.1655466e-03   1.7652102e-03   1.5705679e-03   7.0830730e-11   8.7891553e-04   6.2693332e-04
   1.4989349e-03   1.6600066e-03   1.0024777e-03   6.0234577e-06   4.2516041e-03   8.0552296e-04   7.9582919e-04   4.7843910e-33   8.8322601e-04   6.3209790e-04
   1.3677302e-03   1.0900440e-03   1.0068201e-03   1.8292327e-31   5.3758917e-03   3.7442326e-14   2.0820825e-03   7.0196417e-04   6.6365208e-04   6.7410862e-04
   1.6599833e-03   1.0643479e-03   9.5136576e-04   3.2723230e-08   4.9983350e-03   1.5178077e-06   2.5035707e-03   1.7663904e-03   6.2837643e-04   5.9018564e-04
   1.8112153e-03   1.2368935e-03   1.2938559e-03   4.5816380e-04   5.9813869e-03   7.1544208e-19   2.1745318e-03   2.4336126e-03   4.7004973e-04   1.8978596e-04
   1.1763493e-03   1.9037850e-03   1.3276286e-03   4.9724242e-04   7.2752652e-03   3.0370577e-09   1.1883180e-05   1.1144526e-03   4.8003830e-04   1.4675811e-04
   1.3056940e-03   1.5448963e-03   1.6706126e-03   3.6671898e-03   7.4293042e-03   2.7157975e-11   1.4348083e-09   4.0361202e-03   4.1106628e-04   4.3428433e-05
   1.7794663e-03   1.4491083e-03   1.4943581e-03   1.9478142e-03   6.6393100e-03   5.2356615e-09   1.6479875e-22   5.1801233e-03   2.5734637e-04   1.5460443e-04
   1.4538583e-03   2.1863454e-03   1.5121002e-03   7.7976021e-03   5.7935338e-03   4.2434438e-05   7.8302891e-28   4.3629201e-03   3.1753082e-04   5.4471522e-04
   1.9459716e-03   1.5825729e-03   1.3683374e-03   8.9585430e-03   4.8993892e-03   8.4831814e-05   1.2119996e-18   2.6984103e-03   3.4192502e-04   6.5949457e-04
   3.0219469e-03   2.7638208e-03   1.4059070e-03   5.6074804e-03   5.5100107e-03   3.1514236e-05   8.5026588e-32   1.6682995e-03   2.3942906e-04   7.7083070e-04
   3.1005374e-03   3.5326332e-03   1.3280085e-03   2.5666902e-03   4.4623955e-03   3.7082004e-04   4.1958945e-27   1.1099743e-03   4.7578868e-04   1.2264758e-03
   2.4612204e-03   5.0048267e-03   1.0888530e-03   1.4784830e-04   4.1465837e-03   1.4261186e-04   2.1546028e-32   7.9444132e-09   5.4221877e-04   1.0486063e-03
   3.3916034e-03   5.0575234e-03   9.4324172e-04   1.8858837e-24   2.9067557e-03   1.1151227e-03   1.0788579e-34   5.7716429e-56   4.1597916e-04   9.0269496e-04
   5.0174144e-03   5.5702404e-03   9.3141905e-04   1.1443882e-23   2.1885240e-03   1.8264038e-03   1.0283388e-34   1.0215723e-47   2.5960298e-04   8.3679006e-04
   4.8733465e-03   7.2424705e-03   1.0358146e-03   3.9341117e-28   2.8531278e-03   1.6070683e-03   8.8761578e-34   1.3734161e-29   2.1932304e-04   1.0739365e-03
   4.8482414e-03   6.3621656e-03   9.3395716e-04   1.5345552e-27   3.1136995e-03   9.5023014e-04   1.4519534e-22   7.0361996e-04   3.1934819e-04   1.3792561e-03
   2.9524893e-03   4.7106729e-03   1.3023060e-03   2.6285942e-22   4.6767483e-03   6.0121268e-04   1.3979341e-13   1.0113809e-03   2.7662101e-04   1.5110109e-03
   1.9625302e-03   3.1236449e-03   1.6715708e-03   7.8301051e-24   5.0875519e-03   1.5588320e-05   1.4849581e-05   3.8270706e-03   5.7627329e-04   1.0180713e-03
   1.6132132e-03   2.2967224e-03   2.4280178e-03   3.0047901e-04   5.3835080e-03   5.4124692e-21   7.5882860e-04   3.2095927e-03   3.3802182e-04   7.0307641e-04
   1.5618203e-03   1.8329699e-03   2.4562201e-03   7.9073549e-04   5.9006059e-03   8.4157045e-21   1.1877448e-03   4.7362121e-03   3.9111457e-04   7.0703851e-04
   2.4632205e-03   3.0521618e-03   2.3305639e-03   1.5568961e-03   3.9347583e-03   6.7282593e-23   1.7393452e-03   9.8839200e-03   5.0044533e-04   1.2493602e-03
   3.3262339e-03   1.6791069e-03   2.5089310e-03   5.5057645e-03   3.5613542e-03   7.0478981e-07   1.2338471e-03   1.0077623e-02   4.6790718e-04   1.7266004e-03
   2.5161634e-03   2.0944506e-03   2.7120284e-03   7.8117207e-03   3.5045205e-03   4.2471711e-06   3.3692368e-04   8.0800497e-03   5.6888228e-04   1.9200903e-03
   2.9172962e-03   2.4425368e-03   2.6753520e-03   1.6175048e-03   2.0292202e-03   1.6546878e-04   9.5875467e-11   5.6888249e-03   3.1630332e-04   3.9391677e-03
   3.0495115e-03   1.6603520e-03   1.9576483e-03   1.2818523e-02   3.5590684e-03   3.9644435e-05   1.7145973e-13   4.2265251e-03   3.3352391e-04   3.9719583e-03
   2.8223675e-03   3.1536007e-03   2.0525661e-03   1.4410953e-02   2.5273003e-03   3.4629757e-04   9.4406573e-18   2.9463629e-03   4.5280253e-04   3.0778827e-03
   3.0423988e-03   3.2612275e-03   2.1095776e-03   1.0254847e-02   3.2975163e-03   1.3895430e-04   1.9160101e-22   9.0153044e-04   3.8742691e-04   2.7422806e-03
   3.0010195e-03   2.3817291e-03   2.2056727e-03   4.9566897e-03   3.7888084e-03   1.6749039e-03   5.6362855e-05   2.9698581e-03   4.4279085e-04   2.9900483e-03
   1.8270836e-03   3.3335031e-03   2.4853339e-03   1.2655582e-03   2.5479283e-03   3.2624163e-03   2.1539151e-05   1.4784280e-03   6.7627526e-04   3.2932411e-03
   2.8560111e-03   4.1704317e-03   1.4944415e-03   1.0027230e-13   3.5778243e-03   2.7333678e-03   1.6618402e-03   1.8385962e-03   7.3244346e-04   3.5481264e-03
   2.8154667e-03   3.5272454e-03   1.8266178e-03   3.4269704e-26   4.5420772e-03   1.8628559e-03   2.7758654e-03   4.3386978e-03   1.0479787e-03   3.4218768e-03
   2.3725931e-03   4.9582253e-03   2.4323965e-03   1.3412324e-34   5.9816464e-03   1.2557395e-03   2.1493483e-03   4.0156993e-03   6.9737630e-04   2.8566659e-03
   2.2844715e-03   4.8834159e-03   3.1105219e-03   1.9050618e-29   5.3142707e-03   3.1407710e-04   1.3635109e-03   9.9569714e-03   5.0088935e-04   2.0460849e-03
   1.8522074e-03   3.7092655e-03   2.9551299e-03   1.5824287e-14   4.8023885e-03   2.0684756e-12   1.5277141e-03   3.5077085e-03   1.0032275e-03   2.6475185e-03
   2.7180908e-03   2.3539968e-03   2.4353108e-03   2.8924885e-35   3.2904079e-03   2.3883841e-06   1.6058137e-03   6.0900579e-03   1.9033270e-03   2.7065626e-03
   4.0049620e-03   1.1511439e-03   1.9313861e-03   2.4004783e-05   2.8958866e-03   4.3371527e-22   2.3093792e-03   1.1270096e-02   1.5889825e-03   2.6116964e-03
   2.6974144e-03   1.7236422e-03   2.1217064e-03   3.5913802e-04   1.6879274e-03   6.1712567e-18   2.0093235e-03   1.0027103e-02   2.1275776e-03   2.2012359e-03
   2.6888519e-03   1.7452198e-03   2.1110206e-03   1.2250150e-15   2.5753395e-03   3.0685632e-18   1.6386329e-03   5.7077767e-03   1.5649799e-03   2.7362265e-03
   2.2441105e-03   1.7984035e-03   1.7455865e-03   2.0102042e-03   2.7075339e-03   2.6800590e-08   2.1919015e-03   3.1457959e-03   1.7577328e-03   2.1973932e-03
   1.3941375e-03   2.2566558e-03   2.1323675e-03   1.1098994e-03   1.4554882e-03   2.1383785e-10   2.8194327e-06   1.9603360e-03   2.3142279e-03   1.7935408e-03
   1.6802866e-03   1.2439343e-03   2.5190743e-03   1.9071347e-03   1.1062356e-03   1.3347902e-04   7.1177600e-11   5.6640859e-04   2.0118785e-03   1.4290278e-03
   2.3038882e-03   1.5532212e-03   2.1183640e-03   2.2704351e-03   1.0356391e-03   7.4663805e-04   6.7442775e-19   1.1576682e-23   1.8697123e-03   1.3309499e-03
   2.6049833e-03   1.6463377e-03   1.6562270e-03   1.0500466e-03   6.9264764e-04   1.4014501e-03   1.4621312e-20   1.3049706e-30   1.0511570e-03   1.2667917e-03
   2.7166126e-03   9.7885521e-04   1.3293044e-03   3.4543934e-04   3.8216495e-04   4.6953428e-03   4.3084594e-32   1.2878020e-18   6.4758899e-04   1.1867267e-03
   3.3676852e-03   1.5395337e-03   1.2100673e-03   6.6327005e-24   1.6636922e-08   7.8150607e-03   3.5053527e-35   3.4172322e-29   8.9353043e-04   1.0524956e-03
   2.7939993e-03   1.4191310e-03   8.6528191e-04   2.0205973e-45   1.0693627e-04   8.4718446e-03   4.3828542e-23   7.3280166e-04   1.1309749e-03   3.5993214e-04
   3.3219244e-03   1.7032631e-03   1.3204964e-03   4.5908718e-32   6.0372051e-06   5.8000044e-03   8.2922850e-08   1.1325032e-03   1.0801848e-03   2.5939567e-04
   3.1338399e-03   1.5200303e-03   1.2751275e-03   2.5838084e-16   2.7950626e-04   2.0829474e-03   9.4628257e-04   1.6179262e-03   1.3908494e-03   8.3235192e-04
   3.1332877e-03   1.9344919e-03   1.4683128e-03   9.4623567e-15   1.2668520e-06   1.6533948e-03   1.6668474e-03   6.0133063e-14   1.0816054e-03   6.8150336e-04
   3.7542849e-03   2.6992153e-03   1.1841042e-03   1.5113655e-25   1.5551246e-10   4.1806597e-04   9.1203924e-04   1.5208948e-03   9.3233513e-04   1.0461108e-03
   2.7499010e-03   1.9458300e-03   1.2435770e-03   1.3807851e-40   2.1979364e-25   1.8411502e-03   1.2597525e-03   2.7851394e-03   1.8223795e-03   1.2142432e-03
   3.1690339e-03   1.1671859e-03   1.3001550e-03   2.3186175e-09   6.6006935e-21   1.3741732e-03   2.2760237e-03   2.4569637e-03   1.4188541e-03   1.0919727e-03
   3.1477074e-03   6.3900544e-04   1.0487523e-03   8.3395096e-04   2.3465543e-09   1.3987612e-03   2.9682932e-03   1.9599962e-03   2.1521536e-03   6.0735299e-04
   1.6678719e-03   2.7889902e-04   1.4654658e-03   5.3740472e-26   1.5670498e-04   1.8243359e-03   3.7134033e-03   1.2567394e-03   2.0314855e-03   5.3037305e-04
   3.3602320e-03   1.1382717e-04   1.6811288e-03   2.6479024e-03   4.1049822e-06   1.1347309e-03   2.8905506e-03   1.2569124e-04   1.2612911e-03   6.4709295e-04
   3.9576842e-03   2.9936185e-05   1.6878648e-03   1.4603529e-03   1.1302509e-05   4.8705155e-04   4.2880119e-03   2.6175211e-15   2.0096989e-03   7.9804379e-04
   4.1235014e-03   8.9787258e-05   1.0644068e-03   2.5747578e-03   6.4414969e-08   1.6381959e-03   3.3263162e-03   2.6396441e-44   2.4548679e-03   8.0507665e-04
   3.2903131e-03   4.1837276e-04   8.7971399e-04   4.5585405e-03   4.4457250e-07   2.0734842e-03   2.8102123e-03   3.4948184e-32   1.3322347e-03   5.7059152e-04
   2.7198923e-03   5.3196356e-04   8.9001190e-04   3.7113116e-03   1.0256726e-09   2.7104197e-03   5.9905661e-04   5.0324834e-11   1.1906783e-03   6.4223359e-04
   3.6037653e-03   2.0041344e-04   9.2148770e-04   2.0883870e-03   4.0499485e-14   3.0457620e-03   4.5705559e-04   9.3388907e-04   1.0597695e-03   4.6459849e-04
   4.8722617e-03   1.5564909e-06   7.3479926e-04   9.9300243e-04   4.8118328e-14   3.3216298e-03   2.7800931e-10   4.6613501e-04   1.3883963e-03   4.3811322e-04
   4.0617131e-03   5.8613004e-06   5.0220828e-04   4.2777510e-04   7.0835721e-18   2.9608668e-03   2.8496350e-12   1.2757821e-03   1.7721278e-03   7.0502960e-04
   3.7599272e-03   6.1116684e-07   6.1539685e-04   7.8557790e-05   2.4945390e-11   1.0654068e-03   1.2784573e-32   1.3330996e-03   1.8975077e-03   7.2831730e-04
   4.0807243e-03   1.3827717e-09   6.4669985e-04   3.5852497e-24   4.3185528e-09   5.5161012e-18   5.0381683e-14   3.8715129e-04   2.2088541e-03   6.3261928e-04
   4.0846267e-03   1.9082388e-10   5.5979154e-04   1.0942885e-16   2.6218390e-12   3.8093322e-16   7.2930414e-05   2.0264004e-03   2.4569357e-03   6.2384137e-04
   3.2071874e-03   4.8051369e-08   5.6779402e-04   2.4591665e-05   1.4878099e-04   3.8136879e-08   4.9814242e-04   2.6547280e-03   1.5949551e-03   4.8031211e-04
   3.2413067e-03   3.9720701e-05   5.5096342e-04   8.1848307e-32   3.5740959e-04   1.5789405e-04   5.2350034e-04   2.4374450e-03   1.2674019e-03   2.8682411e-04
   5.2746520e-03   4.4412241e-08   3.8035304e-04   2.7199798e-05   1.3426608e-04   3.8355729e-04   2.6681646e-04   1.7196911e-03   9.9029624e-04   3.5407601e-04
   4.8868058e-03   2.8565517e-09   4.3759055e-04   1.0564013e-04   4.4966284e-04   2.0290181e-04   1.5403901e-04   9.5211730e-04   7.3768279e-04   5.3628875e-04
   3.8675959e-03   2.4504477e-08   3.9376732e-04   2.7641464e-04   1.2253935e-03   2.8295458e-04   2.3694002e-04   6.5934625e-04   7.0836642e-04   4.7733943e-04
   3.3751186e-03   7.1685302e-06   4.0978377e-04   7.2165148e-04   5.7092177e-04   3.5176845e-04   3.3775254e-04   2.5774696e-04   8.2715823e-04   3.4942132e-04
   2.7725196e-03   1.5251247e-04   4.4454802e-04   1.0523492e-03   3.3162599e-04   5.1980438e-04   5.8717185e-05   3.9072665e-06   9.3960612e-04   3.3519796e-04
   3.2478126e-03   1.5463902e-05   4.3142277e-04   3.5813234e-04   5.7340520e-04   3.8128512e-04   4.0598711e-04   2.1955181e-37   1.1233872e-03   3.1039777e-04
   3.2976955e-03   3.3087951e-05   3.7177706e-04   1.2144318e-03   5.9433476e-04   5.9400578e-04   2.0806789e-05   2.0772210e-26   1.2317477e-03   3.0980616e-04
   2.9492512e-03   4.6291772e-05   3.5970384e-04   1.2053214e-03   5.5833645e-04   1.1573145e-03   9.2619340e-09   3.4935031e-05   1.2598174e-03   5.8334105e-04
   2.7597539e-03   1.1662618e-04   2.1780548e-04   7.6048911e-04   2.1772347e-04   1.3495040e-03   3.3329308e-05   2.0256314e-04   9.0496125e-04   7.8050793e-04
   3.9782336e-03   9.5640573e-10   3.1784137e-04   3.2007034e-04   5.9963734e-05   9.0593831e-04   8.7320355e-27   3.9801139e-04   9.8377201e-04   2.8484638e-04
   5.6233601e-03   2.4420457e-15   2.0730207e-04   1.0295886e-04   3.7254464e-08   5.1282252e-04   4.5606117e-33   1.8567825e-11   9.0732521e-04   4.8490032e-04
   7.9072105e-03   1.0279991e-13   2.2827437e-04   3.7760622e-17   1.4322829e-15   3.0888584e-05   4.1810089e-31   6.6054653e-17   8.1993528e-04   2.0679937e-04
   7.3027848e-03   5.5974233e-12   2.3864873e-04   7.4696513e-23   2.9726497e-06   3.2174154e-12   3.7563351e-22   3.8989320e-04   8.9085928e-04   2.1515939e-04
   6.0825661e-03   3.4614937e-14   2.3594259e-04   2.9949255e-41   5.1160462e-05   5.1211388e-05   8.1246043e-08   4.8129966e-04   1.2052599e-03   1.6859032e-04
   4.9058835e-03   3.1667693e-08   2.1588791e-04   3.2329888e-23   5.4227392e-05   2.7755873e-04   2.7661469e-04   1.6876409e-04   1.1459433e-03   1.6154281e-04
   5.4869375e-03   5.0806625e-08   2.1138369e-04   4.1104732e-32   2.3777096e-05   1.3434233e-04   5.5602201e-04   7.8647904e-16   9.1492642e-04   1.6867671e-04
   5.1834246e-03   4.2117790e-05   1.4416633e-04   1.9185320e-04   8.2402633e-06   3.2366522e-04   4.6216957e-04   1.0225433e-19   8.1932357e-04   2.2817748e-04
   5.8521578e-03   5.5519137e-08   1.7428048e-04   2.2330171e-07   6.2756657e-06   3.0979848e-04   1.9941280e-04   4.1757446e-25   7.3015677e-04   2.7875786e-04
   4.6671402e-03   4.2487533e-05   1.2809011e-04   7.3608112e-04   3.9999875e-07   4.4599805e-04   1.3539870e-09   2.1367065e-50   9.4628061e-04   4.7397270e-04
   4.8849157e-03   1.5504360e-05   1.9219379e-04   8.2002654e-04   1.1230944e-17   4.2872762e-04   2.0785202e-04   3.9852334e-10   8.2653247e-04   6.7088979e-04
   3.8908231e-03   7.2206797e-08   1.6052244e-04   2.5482895e-03   1.6066061e-08   6.6462718e-04   5.4788981e-04   1.3737880e-04   6.1710439e-04   1.1670134e-03
   5.4757264e-03   1.2373518e-08   2.1354442e-05   2.3372454e-03   5.1653760e-13   4.2745488e-04   2.5306234e-04   7.1609307e-04   1.2585010e-03   1.3762196e-03
   5.3977650e-03   5.1617681e-09   1.4739613e-04   2.8887568e-03   1.3690486e-14   9.1738797e-04   3.3302191e-04   3.0962016e-04   1.5437021e-03   6.4004075e-04
   2.9749713e-03   2.7286315e-06   3.0547177e-04   4.4137736e-03   3.9330762e-08   2.2378033e-03   2.1138996e-04   1.1962127e-03   1.2646187e-03   5.8745213e-04
   4.5417106e-03   2.5608735e-05   2.7694462e-04   3.7414757e-03   1.9383523e-14   2.4750934e-03   2.4949898e-05   8.5132520e-04   1.3062556e-03   3.0992547e-04
   4.1642540e-03   1.2270990e-04   2.8168588e-04   2.4009555e-03   2.8373286e-14   1.8359439e-03   2.8479353e-05   9.4713495e-15   1.2930791e-03   4.1099945e-04
   5.4455174e-03   9.5457371e-07   2.0848446e-04   1.2530056e-03   1.7048379e-16   5.1339409e-04   4.4308011e-16   9.8210172e-04   1.0225125e-03   3.7606912e-04
   5.6508168e-03   4.0919671e-08   1.8908768e-04   5.6988791e-04   1.9363111e-05   1.1956372e-05   7.3994444e-17   1.6720648e-03   1.1170976e-03   1.8923032e-04
   5.3817967e-03   1.5414870e-05   1.7766930e-04   1.5097635e-04   2.6354401e-05   8.7482993e-23   8.5231394e-20   1.6327324e-03   1.0598238e-03   3.5725692e-04
   7.0283602e-03   3.4294728e-15   1.9736948e-04   2.1454699e-17   2.0030484e-09   9.9302920e-05   1.1185932e-24   1.3402772e-03   1.1637311e-03   5.8549924e-04
   9.0944054e-03   9.4678601e-13   1.4979040e-04   4.5170841e-17   1.0186299e-06   9.2617164e-08   3.0042070e-13   9.2313756e-04   1.2129342e-03   6.2192570e-04
   8.6564773e-03   4.4860825e-05   1.5899200e-04   1.0478390e-04   3.3702372e-05   1.7301598e-10   6.8228385e-18   7.9249769e-04   1.0818518e-03   8.7667745e-04
   6.6423578e-03   3.3948060e-04   1.9593711e-04   3.1400434e-07   2.5409131e-07   1.1022999e-04   1.0683332e-13   8.7625950e-04   1.0205799e-03   1.6700906e-03
   7.3871445e-03   1.2968514e-04   2.7917532e-04   4.3095732e-04   2.0922269e-11   1.5769293e-05   1.2570431e-13   2.2720523e-12   9.6528233e-04   2.6283198e-03
   8.0608741e-03   2.6718564e-04   1.9354330e-04   6.6533489e-04   5.3042874e-06   9.8596588e-07   1.7506566e-17   2.3149387e-48   7.5316226e-04   3.5908553e-03
   8.9606332e-03   1.2435158e-04   1.8856565e-04   2.4724456e-04   1.1626185e-07   7.7378535e-06   1.0626463e-12   6.5231798e-04   8.3140414e-04   2.2429013e-03
   8.8829928e-03   2.8216464e-05   1.8052526e-04   9.0090443e-04   7.9104454e-06   1.1759406e-04   1.2184537e-18   1.0324652e-03   1.0953750e-03   1.5728331e-03
   7.9184664e-03   1.3380327e-09   3.1330208e-04   1.0686936e-03   1.1172413e-04   2.7149204e-04   4.0083736e-14   7.6871402e-04   1.5023350e-03   1.0681445e-03
   8.1065325e-03   1.7759840e-06   3.3931946e-04   1.2856901e-04   3.4809287e-06   3.7431042e-04   6.5780322e-09   3.1028591e-03   1.3242967e-03   1.2077998e-03
   5.6539603e-03   1.8681843e-04   4.5627518e-04   4.6302653e-04   1.1330156e-04   9.9535229e-04   3.6275148e-05   2.0646848e-03   1.2733853e-03   1.0266580e-03
   4.7680256e-03   5.9979093e-04   4.6912661e-04   5.3938537e-04   4.7368620e-04   1.4220363e-03   8.0944695e-10   8.0621818e-04   1.0782695e-03   7.9514400e-04
   5.5343733e-03   3.5049146e-04   5.1075757e-04   1.5755592e-04   3.6731422e-04   6.1392416e-04   3.0750613e-14   3.7818075e-03   1.3050694e-03   3.7405085e-04
   6.8277654e-03   1.0289458e-04   5.5474399e-04   7.7730438e-20   3.7721920e-04   2.1916607e-05   2.5955098e-14   3.7271204e-03   1.3253585e-03   4.1723852e-04
   7.6038950e-03   6.3249242e-10   3.8096805e-04   8.7091516e-34   1.1617382e-04   1.4477982e-04   1.0601993e-16   2.8643276e-03   1.4463942e-03   5.1436805e-04
   7.6325309e-03   3.0636309e-11   4.0441992e-04   1.3495271e-22   4.9030043e-04   8.9324100e-06   1.6508514e-26   2.2357503e-03   1.2403625e-03   2.4306147e-04
   8.9272607e-03   1.4347794e-11   5.2042623e-04   3.1672107e-11   8.6260756e-04   2.6966974e-04   7.1241176e-21   1.3782067e-03   9.8400127e-04   1.0741971e-04
   8.7774974e-03   1.1266263e-07   6.2989729e-04   4.9972074e-34   3.3515457e-04   2.3295739e-06   2.0269430e-32   3.7705014e-07   1.0348875e-03   1.6410273e-04
   1.0867483e-02   4.8243498e-05   5.1717672e-04   6.6880031e-46   5.0899310e-05   2.9993936e-17   2.9051041e-23   5.7527449e-21   9.4009046e-04   3.7638552e-04
   1.1753853e-02   4.2431834e-04   3.6692289e-04   1.8498456e-33   2.4972168e-05   1.3292054e-07   2.6595326e-30   1.0883099e-31   8.8318041e-04   4.6092796e-04
   7.0422148e-03   1.4981456e-03   4.2736471e-04   2.5631433e-32   1.3153324e-04   9.0125001e-10   4.7953445e-31   2.8131003e-20   1.2081812e-03   1.3251008e-04
   6.5743685e-03   7.7908375e-04   4.5903015e-04   4.0933172e-24   4.7244721e-04   3.5150121e-08   1.0149496e-30   1.8280093e-26   1.6730388e-03   8.6711884e-05
   5.9620094e-03   1.1871958e-03   7.0363731e-04   1.2223887e-28   3.1662141e-04   1.0192636e-05   8.6265124e-41   6.8374685e-17   1.4398700e-03   5.3693400e-06
   8.1267013e-03   1.7196746e-03   6.9490369e-04   1.1333912e-38   8.2404083e-05   1.4860786e-06   5.1862149e-43   3.5184431e-51   1.0277469e-03   3.6765550e-05
   7.1063870e-03   1.5813661e-03   7.8249784e-04   3.3472739e-06   2.3564010e-07   1.2352041e-04   2.5171199e-35   1.4541116e-08   8.9365231e-04   5.3867959e-05
   5.1882707e-03   4.0410691e-04   7.5497359e-04   1.9730077e-04   5.7038212e-05   8.9684006e-04   1.7871297e-20   9.2936721e-04   1.3547126e-03   7.0195986e-06
   5.3174989e-03   1.1924699e-04   7.1664603e-04   7.1786362e-12   2.0475671e-04   1.1426731e-03   2.9517187e-14   9.1594515e-04   1.3395554e-03   6.7553936e-05
   5.5082990e-03   7.5739965e-09   6.6912247e-04   8.1086036e-04   2.4916391e-04   4.8929238e-04   7.4443124e-37   1.1482845e-03   1.7172167e-03   6.6669564e-05
   4.6425491e-03   2.7003696e-07   5.4703279e-04   1.0804522e-03   3.0439690e-04   9.6526338e-05   3.8244694e-25   1.0186447e-03   1.7395176e-03   5.8185230e-05
   3.5520972e-03   1.5619472e-04   5.8895450e-04   6.8378302e-04   2.1457323e-04   1.0061244e-04   2.7623171e-17   6.0732001e-04   2.0054210e-03   1.4778009e-05
   3.9266964e-03   3.9919015e-05   6.5155196e-04   2.5880846e-04   4.7358543e-05   7.4629616e-09   1.7740518e-10   5.2829648e-04   1.6604289e-03   1.9350776e-05
   5.8658128e-03   1.5812565e-07   5.4214140e-04   4.2037047e-26   2.9318307e-05   1.9297281e-05   3.0713783e-22   3.5699518e-04   1.1642825e-03   7.0333204e-05
   5.7456079e-03   1.7572454e-05   4.0445605e-04   2.0407562e-34   1.6608933e-05   3.9302927e-07   7.6805625e-23   7.2648734e-15   1.4539485e-03   2.2220345e-04
   5.4874439e-03   5.1721068e-06   3.5360313e-04   4.8253471e-50   3.2258470e-06   5.3655152e-06   1.8109743e-35   2.3361247e-85   1.3754580e-03   2.0692234e-04
   4.1093482e-03   1.1288730e-09   5.3236832e-04   3.1466128e-32   4.6351066e-05   1.4366657e-06   1.7014166e-06   4.8879575e-17   1.8370584e-03   3.0182750e-05
   2.6096968e-03   2.4994801e-05   7.1339661e-04   7.7427387e-15   8.3786222e-05   1.7354132e-05   2.7045417e-04   1.0676367e-04   1.3895170e-03   7.6853532e-06
   2.8067580e-03   4.8714705e-04   5.7129609e-04   1.5548051e-35   2.7205315e-04   1.1946273e-04   1.4073694e-07   1.4271012e-18   1.5760068e-03   3.4103261e-09
   5.8080841e-03   4.1097471e-05   4.3614511e-04   2.9101506e-28   5.9019327e-05   2.1057485e-04   6.9481064e-16   6.7322568e-11   1.2640973e-03   3.5929696e-05
   7.1685481e-03   5.8811286e-08   4.2539625e-04   1.9316221e-35   6.5571928e-06   8.6892506e-05   1.3840149e-29   2.9964594e-46   1.0556753e-03   1.9864910e-05
   7.3944878e-03   3.3577037e-14   4.0207974e-04   1.7013361e-28   6.0914420e-06   4.8372554e-05   5.8008075e-36   1.0918214e-35   1.3121585e-03   1.5773126e-06
   6.9752634e-03   1.2012493e-04   3.8864812e-04   4.9661730e-29   1.1084377e-07   4.4149489e-04   3.1556974e-29   3.7957254e-41   1.2862781e-03   1.6679629e-07
   6.1845299e-03   1.0589821e-04   3.9391116e-04   1.8422802e-06   6.0490808e-12   1.2334143e-03   2.9806263e-15   6.2493673e-65   1.4538861e-03   2.4558093e-11
   6.0941464e-03   2.4119271e-06   4.4042357e-04   2.1130336e-16   1.0543406e-16   8.7128269e-04   1.8701988e-08   1.4636172e-58   1.8533664e-03   2.3703118e-14
   5.6883327e-03   2.8657868e-06   5.9677312e-04   1.3095771e-04   3.4355630e-06   6.4065760e-04   3.2319123e-18   4.9048357e-55   2.1095953e-03   3.2525426e-10
   4.2574241e-03   1.0928606e-09   6.4599287e-04   2.4794811e-04   5.4160401e-06   2.6211343e-05   4.4345926e-16   8.3056363e-76   2.1395773e-03   1.0872669e-07
   4.2037369e-03   2.1287416e-10   5.1866805e-04   3.7230863e-05   6.2928950e-06   3.8141360e-05   3.3842773e-07   2.0352439e-54   2.4012092e-03   6.5690721e-07
   5.6592834e-03   3.3578613e-11   4.2881468e-04   9.8077402e-27   5.2743467e-09   5.8413134e-11   3.7249754e-18   5.8383546e-43   2.4555205e-03   2.3990814e-05
   5.5246349e-03   1.3016642e-12   3.3029237e-04   5.5857960e-41   7.7838645e-06   3.7531771e-05   8.0957313e-18   7.2018629e-53   2.3481406e-03   2.8627664e-12
   6.8412805e-03   4.3123456e-10   3.4727928e-04   7.6814065e-46   5.1198770e-06   4.4944438e-11   5.1903391e-20   1.5573975e-57   1.8959117e-03   3.5022624e-06
   5.4312757e-03   4.0553924e-13   3.8844924e-04   1.0474074e-50   4.5190111e-10   6.6275407e-05   2.4063421e-31   1.2170142e-56   1.4445731e-03   1.9568761e-06
   5.5287389e-03   1.1587831e-06   3.0590617e-04   1.9016840e-63   4.6090434e-06   4.5452381e-09   1.6954485e-19   1.0723913e-52   1.6648425e-03   4.6307704e-10
   5.5771835e-03   4.7046008e-08   3.1270933e-04   2.8096721e-49   2.3476041e-06   2.2602907e-12   3.5807111e-08   1.4593515e-68   2.0503181e-03   1.2284874e-13
   4.2908341e-03   8.7146926e-11   4.1900873e-04   2.3165273e-43   2.8105104e-07   4.3118117e-05   1.0045569e-04   1.5426020e-58   2.2932259e-03   6.8432051e-13
   2.7563304e-03   2.6449373e-09   4.5658616e-04   1.7167449e-29   7.9525469e-06   1.7166814e-04   3.1071371e-04   3.9619056e-72   2.3215668e-03   2.1280492e-13
   2.9762554e-03   1.7818783e-06   3.6027358e-04   4.2047216e-34   7.7611139e-06   4.3957543e-04   4.7558618e-04   2.9004888e-68   2.1546009e-03   1.1939440e-11
   4.1708693e-03   1.5596254e-09   3.5823062e-04   1.2584916e-46   2.9057419e-08   1.0666906e-03   1.6240018e-04   1.0057632e-75   1.9783693e-03   7.3692475e-17
   5.0036467e-03   8.3432504e-11   3.5665402e-04   2.0923318e-59   5.3598126e-08   1.7267171e-03   3.9212271e-05   6.3591741e-81   2.1578942e-03   3.6224986e-18
   5.1811885e-03   1.3984338e-07   3.0637812e-04   1.5282858e-46   2.3589588e-21   2.7796548e-03   2.2669142e-04   3.7112161e-74   1.9362606e-03   5.9736210e-21
   5.0816515e-03   7.1001686e-08   2.9939091e-04   9.5258652e-53   7.1285843e-16   1.9733262e-03   2.5950883e-04   1.1224651e-65   2.5917992e-03   4.6515783e-19
   3.6635043e-03   7.5412340e-05   2.6397210e-04   7.7786761e-19   1.0104735e-10   1.8585351e-03   2.6267295e-04   2.8230951e-88   2.3724094e-03   1.0486101e-12
   3.9350029e-03   1.8266965e-05   2.7327484e-04   8.0949482e-05   8.9802119e-08   3.7036420e-04   3.6498799e-04   3.6738799e-66   1.9759839e-03   4.9411247e-11
   4.4367537e-03   3.8506872e-05   2.9090539e-04   6.5762399e-09   7.2271826e-12   1.9896331e-14   8.8275756e-09   1.6975982e-58   2.5480376e-03   5.8699769e-09
   3.4970223e-03   2.9836721e-05   4.2713560e-04   3.6944518e-18   1.8383829e-13   2.1680634e-04   2.2359637e-04   1.7568487e-73   3.5282073e-03   6.0304425e-11
   4.9194374e-03   5.4738864e-13   4.5475391e-04   3.4129124e-32   1.6281966e-10   7.2136785e-04   4.0333456e-04   1.0374734e-60   2.8556614e-03   9.2554035e-10
   5.1401170e-03   2.3563055e-11   2.7222584e-04   4.0690215e-39   7.4064028e-07   2.7324590e-04   3.7312683e-04   3.9070489e-66   2.5062731e-03   3.4299614e-08
   4.2242511e-03   6.5812582e-07   5.3983377e-04   3.4175283e-38   6.5450900e-08   9.2001726e-04   1.8566929e-04   2.3550049e-57   2.3422910e-03   2.4103833e-10
   4.7046192e-03   3.4449015e-11   4.8632190e-04   3.5186997e-44   3.4402908e-09   7.7576232e-04   8.9925590e-09   2.7157013e-80   2.0681913e-03   3.9001992e-11
   3.2885721e-03   1.7585449e-10   4.2732631e-04   5.7634952e-50   1.1008026e-06   4.7830407e-04   7.0027101e-22   3.4508198e-50   3.0223484e-03   7.6082521e-12
   3.5009741e-03   2.4246658e-10   3.1371462e-04   1.1727618e-46   1.1127619e-05   6.9145016e-04   1.2643867e-04   6.3216482e-88   2.8724705e-03   5.1560632e-10
   3.7872728e-03   4.5452362e-08   3.7499643e-04   2.8562711e-45   1.9542589e-05   8.3939581e-04   3.6807738e-04   9.7889736e-66   2.7141402e-03   1.5368748e-14
   4.3734916e-03   7.0881656e-08   3.8354956e-04   2.6464255e-41   2.3913755e-06   9.2429406e-04   1.8615340e-04   1.4444809e-70   3.8816270e-03   2.4614223e-15
   3.7185995e-03   6.1657413e-07   4.4075621e-04   1.2424347e-32   2.0352184e-18   1.8741521e-03   3.2428908e-04   5.0245069e-67   3.6157624e-03   1.4145082e-12
   2.7566051e-03   8.3584152e-06   2.9927839e-04   1.0681586e-43   5.4937699e-15   3.1562734e-03   3.2719177e-05   3.7717556e-89   3.6129125e-03   4.8125154e-10
   2.4816447e-03   2.3934997e-05   2.8732177e-04   4.1521829e-24   1.2705629e-07   2.5131698e-03   7.9322119e-04   1.3970459e-76   3.1898131e-03   6.0488107e-05
   2.8480925e-03   1.6434090e-05   3.4352125e-04   1.9829207e-21   5.2019728e-06   1.0848072e-03   1.4001184e-03   6.9877848e-80   3.2424650e-03   3.8962441e-05
   3.9263301e-03   6.0957369e-07   4.4000742e-04   2.0763134e-29   1.3907871e-05   2.7948616e-04   1.6168890e-03   1.1764119e-65   2.2478372e-03   8.3589538e-07
   3.5627421e-03   9.0367953e-10   4.6328839e-04   1.1739352e-04   1.6161821e-05   3.3070327e-04   9.5588913e-04   4.5595235e-56   1.8326912e-03   3.8608456e-06
   3.2188021e-03   4.0572361e-08   3.9129920e-04   1.9349064e-04   1.3308349e-05   2.6850330e-04   4.9484760e-04   9.0597854e-59   2.1711058e-03   1.1398291e-08
   4.3224712e-03   5.9095492e-08   4.2099736e-04   1.3029615e-04   6.3293320e-06   3.7116572e-07   6.5824163e-04   1.1747214e-38   2.1348499e-03   2.1623226e-08
   4.1797287e-03   1.3594388e-06   4.8693972e-04   2.2419971e-05   1.5542890e-05   2.5411811e-04   1.3455075e-03   3.2118732e-39   1.8083126e-03   1.7359987e-09
   3.4821499e-03   5.2093735e-07   3.7988763e-04   5.8577942e-22   2.0868031e-05   3.5598375e-08   1.7278721e-03   2.5131793e-34   2.2957243e-03   4.3411474e-10
   3.2909860e-03   8.2184240e-05   3.6865014e-04   9.5097686e-22   3.7247548e-05   2.4183884e-04   8.3409669e-04   3.1991821e-20   2.2909830e-03   1.0416846e-14
   3.0141265e-03   4.4892085e-05   4.1824360e-04   3.4042608e-23   3.4285817e-05   1.7305202e-05   4.6214461e-04   1.1508892e-14   1.5943869e-03   2.3233466e-16
   2.2895132e-03   6.0724471e-06   5.2995944e-04   1.1164916e-25   1.8660102e-05   8.0113239e-05   1.4608025e-03   1.9581531e-18   1.5452952e-03   2.5154063e-07
   1.9210940e-03   2.3041374e-06   6.3717366e-04   5.7321070e-07   1.9989879e-05   1.7623495e-04   8.3310478e-04   3.5692016e-27   1.5132877e-03   2.7241188e-05
   2.6243247e-03   1.7069174e-06   6.7808557e-04   6.9434058e-24   1.1941558e-05   4.0311712e-04   1.8372396e-03   1.4532279e-40   1.4892608e-03   3.2439048e-05
   3.2482367e-03   2.3597107e-07   6.3056917e-04   3.6199737e-26   2.8607900e-05   2.5778091e-04   1.4979553e-03   2.7767046e-29   1.3675435e-03   2.3538185e-04
   3.6547045e-03   1.5129967e-06   4.4842418e-04   4.8982214e-26   1.1110734e-06   8.1469867e-04   9.7437653e-04   1.0657552e-37   2.1350344e-03   3.9204542e-04
   2.8752979e-03   8.5358212e-09   5.1525293e-04   7.1975988e-30   4.5688660e-10   9.5240770e-04   6.0917605e-04   1.0010151e-27   2.8764017e-03   2.1831019e-04
   2.9865173e-03   1.3629790e-05   5.3768112e-04   6.9336074e-13   3.2302312e-13   5.0133536e-04   1.0498909e-04   1.1156243e-04   2.6617989e-03   2.3128790e-04
   3.2026197e-03   1.1642124e-04   5.4589736e-04   3.6261407e-04   7.3255306e-07   2.4509336e-04   9.9930503e-05   8.1433130e-12   2.2933129e-03   3.4188033e-04
   3.1620319e-03   1.7713613e-04   4.8499121e-04   3.0094466e-04   1.6949543e-06   1.8344456e-08   3.6998219e-04   8.0803726e-44   2.4672865e-03   2.6100289e-04
   2.5122311e-03   3.7568016e-04   4.4546860e-04   9.8113018e-05   2.2438949e-06   3.3825706e-20   3.4120010e-04   1.0768990e-04   2.5658935e-03   4.0035461e-05
   2.9365370e-03   2.6943489e-04   3.4534600e-04   4.3712170e-04   2.3446360e-06   1.0477643e-05   2.3661062e-04   1.9989258e-04   1.8412383e-03   1.0464029e-04
   2.8784907e-03   9.5375809e-05   3.1962505e-04   6.2010890e-04   2.9413609e-05   3.0025438e-06   3.4636477e-09   1.5906252e-04   1.3620869e-03   1.8509089e-04
   2.1949571e-03   1.7322846e-07   3.4558765e-04   5.1422820e-04   4.4961181e-05   4.3236082e-10   8.9972431e-07   1.0982997e-04   1.9574534e-03   1.0886455e-05
   2.0684764e-03   1.3832179e-05   4.4759075e-04   3.7006225e-04   5.3392952e-05   1.6782311e-15   1.9341504e-04   7.8831508e-05   1.5093990e-03   1.5436289e-04
   2.0712311e-03   8.0301902e-05   4.5747359e-04   2.9239223e-04   1.2493767e-04   2.4960907e-14   2.4309410e-04   1.1131620e-05   1.2564735e-03   2.6538822e-04
   2.3404902e-03   3.3829905e-11   4.5531661e-04   9.7671763e-05   6.8951050e-05   3.1744864e-16   1.5828569e-05   4.2972500e-23   1.6980788e-03   1.7814316e-04
   2.0304472e-03   1.3955096e-14   4.2930011e-04   1.6541700e-19   3.4954044e-05   2.5528683e-12   2.3483260e-10   1.3254215e-47   1.9797520e-03   2.8215903e-04
   1.2814252e-03   4.8405077e-05   4.0293959e-04   2.0930790e-05   1.5668550e-04   6.7392654e-13   1.5360515e-04   7.5405990e-44   1.8806564e-03   4.1371068e-04
   2.0525730e-03   6.4242688e-05   4.2363185e-04   5.3008800e-05   9.2920028e-05   5.7100162e-15   1.4270936e-11   2.5945986e-24   1.5599643e-03   3.6261454e-04
   2.4613098e-03   3.7479287e-05   4.0676816e-04   8.5806768e-18   7.7755439e-05   2.6750140e-04   2.7403870e-06   1.6306330e-32   1.3333794e-03   3.1835484e-04
   2.7632870e-03   6.8080480e-05   4.1104023e-04   8.9391867e-41   1.1102833e-04   3.7703058e-04   2.7438109e-04   3.0090264e-39   1.1703842e-03   2.1516595e-04
   2.5305666e-03   8.8808529e-05   3.5091459e-04   5.8932146e-05   4.5547974e-05   2.2707115e-04   4.0367536e-11   1.3075883e-13   1.5316719e-03   3.4518103e-04
   2.5795933e-03   9.7725977e-06   3.6413639e-04   8.2914338e-23   9.6115129e-05   3.3800185e-10   1.4741018e-19   3.3084452e-44   2.0722195e-03   2.2376047e-04
   3.1445659e-03   1.4823908e-05   3.2276977e-04   4.5822198e-05   1.1841950e-04   5.8468681e-20   3.9623344e-18   1.4924126e-39   1.8239756e-03   1.1022216e-04
   2.2749888e-03   2.3164109e-04   2.6478131e-04   6.0861967e-05   1.4806360e-04   2.4352975e-23   3.2296031e-15   2.6850866e-20   1.7773873e-03   1.4208295e-04
   2.5208657e-03   2.2636261e-04   1.8302759e-04   1.2288952e-11   9.2554945e-05   3.2982010e-18   1.3736446e-04   1.6455277e-13   1.7665583e-03   9.0787928e-05
   2.8629412e-03   3.3774082e-04   2.3108843e-04   2.9881775e-04   6.5715482e-05   1.2086211e-11   8.6284954e-06   2.3310292e-27   1.6272632e-03   2.4213179e-05
   2.2968041e-03   3.8072612e-04   2.6465032e-04   3.3557009e-04   5.8706489e-05   9.4587654e-22   3.7191036e-12   8.4040376e-31   1.6180856e-03   4.1487733e-05
   1.4550938e-03   3.2805923e-04   2.7242525e-04   4.9670897e-04   7.5103117e-05   2.2164682e-09   5.3201831e-10   1.6452970e-24   1.5966449e-03   1.0731916e-04
   1.3559474e-03   1.7988559e-04   2.8529754e-04   4.7828890e-04   5.6186491e-05   1.6059392e-07   1.2036348e-05   1.4878496e-12   1.7442721e-03   8.4311297e-05
   1.1445459e-03   2.7231705e-04   2.4101835e-04   1.6568318e-04   1.6548219e-04   2.0860272e-08   9.1023024e-05   2.8588365e-12   1.6829645e-03   2.1715280e-04
   1.6477866e-03   4.3422773e-09   2.0662986e-04   1.5325636e-04   1.3150651e-04   1.3290454e-16   1.6112912e-04   5.2572959e-41   2.2835285e-03   1.7650413e-04
   1.3826051e-03   5.1675552e-10   2.2832498e-04   9.6220259e-05   8.7030007e-05   6.0072371e-18   8.3893453e-05   6.2587707e-33   2.9165346e-03   1.8147152e-05
   1.5788381e-03   2.4326431e-07   3.6450544e-04   2.9664945e-06   1.9035505e-05   6.5895469e-11   4.7563029e-18   3.2692904e-37   2.2972982e-03   2.9330721e-06
   2.6401651e-03   3.8186439e-05   3.1013715e-04   5.2783613e-12   3.4710942e-05   3.2700739e-04   1.5594978e-05   3.7243430e-50   1.1896869e-03   5.5942696e-05
   2.2963992e-03   1.3504700e-05   1.6306269e-04   1.3040140e-11   6.0723929e-05   4.6019991e-04   1.9018484e-04   4.6935857e-11   1.9082832e-03   2.2776246e-04
   1.9087643e-03   3.5439099e-07   1.6011670e-04   9.4546096e-13   8.0427932e-05   4.3899157e-04   1.5183882e-26   2.2746577e-14   1.6390630e-03   1.8426171e-04
   2.2707185e-03   1.7284981e-05   1.8153768e-04   1.7844833e-22   5.3365354e-05   2.8941740e-04   4.4359416e-05   4.3951236e-86   1.5853793e-03   8.2902999e-05
   1.6940492e-03   1.1212618e-04   2.4175380e-04   6.4019268e-16   8.7623337e-05   2.4920745e-07   8.4274694e-08   1.1972056e-21   2.3555295e-03   8.6379948e-05
   5.7775873e-04   1.3423366e-04   2.9961637e-04   4.1053191e-21   2.3487027e-04   1.1046429e-08   1.5460266e-23   1.1794630e-06   3.1063324e-03   9.3179432e-06
   8.5489746e-04   1.5715648e-04   2.8261076e-04   1.7902232e-04   1.3476783e-04   1.1645203e-08   1.4222287e-28   5.3329335e-08   2.5004947e-03   5.4579757e-10
   1.2463232e-03   1.8411070e-04   2.5916702e-04   1.4205340e-04   2.0097312e-04   3.4947788e-06   2.1550315e-30   5.6359664e-09   1.7775566e-03   1.2798339e-04
   1.4590277e-03   2.8369644e-04   2.2418057e-04   7.8827922e-12   2.6914501e-04   2.2822317e-05   3.7493737e-33   1.0938049e-04   1.6506095e-03   1.7692313e-04
   1.4868537e-03   4.4758143e-04   1.9911920e-04   5.3733089e-08   1.6448326e-04   1.8390881e-04   9.7922268e-33   3.1513106e-06   1.5479369e-03   1.6813157e-04
   1.1838498e-03   4.7135814e-04   1.4397741e-04   1.2956217e-04   8.7867550e-05   1.0698022e-06   2.4571504e-40   1.1364518e-08   1.9717855e-03   2.8292009e-04
   1.2772926e-03   3.7936910e-04   1.5155363e-04   2.1306279e-04   6.7799777e-05   1.1733160e-06   1.2064329e-25   4.6385905e-19   1.9082272e-03   2.8648637e-04
   1.5458798e-03   2.9319808e-04   1.9670416e-04   1.4045884e-04   7.6988028e-05   3.2058159e-11   3.9882590e-20   6.5925981e-15   1.5710060e-03   2.7826427e-04
   7.7805937e-04   2.1189461e-04   2.5722762e-04   7.9871953e-05   1.2800939e-04   2.9271650e-07   4.3056832e-20   1.0723056e-10   2.1959894e-03   1.6126091e-04
   7.2103420e-06   2.0720243e-04   2.1305170e-04   1.2595894e-06   2.1988362e-04   1.6313957e-04   1.3444212e-20   8.5857087e-56   2.2989510e-03   3.7979656e-04
   5.6090759e-04   1.5023315e-04   2.2226528e-04   9.4704281e-35   2.3611766e-04   4.3521521e-04   8.0188538e-29   1.5550028e-04   2.5922902e-03   5.1101425e-04
   1.1068295e-03   4.9237067e-05   1.8156880e-04   1.0577942e-26   1.2657518e-04   8.5640349e-04   5.3126877e-35   2.0840423e-04   2.8749720e-03   2.3264186e-04
   8.7435392e-04   1.4388730e-04   1.5592203e-04   2.6435609e-27   2.5109205e-04   1.1079895e-03   2.2095950e-21   1.9846517e-26   2.1626655e-03   9.9079285e-05
   2.7756376e-08   3.8895756e-04   1.6090130e-04   5.8271419e-32   3.8004802e-04   1.1397887e-03   5.9824443e-09   1.9863902e-04   2.4378904e-03   2.7656350e-04
   7.3811565e-04   2.8238344e-04   1.5799800e-04   1.8554021e-47   3.0861236e-04   7.4487262e-04   1.6417770e-14   4.1913391e-04   1.9923739e-03   2.1660348e-04
   9.8296331e-04   1.2371155e-04   1.9553556e-04   1.8259992e-23   3.6324332e-04   3.9913405e-04   2.2378166e-15   4.8200160e-04   1.9070815e-03   1.7712333e-07
   7.1385919e-04   3.9155458e-04   1.6314158e-04   4.7311151e-30   4.1511263e-04   1.5177570e-08   3.6958743e-11   3.8027910e-04   2.8388521e-03   3.0753536e-04
   3.0823150e-07   7.5721251e-04   1.7557702e-04   9.1533729e-27   3.1373153e-04   2.9379746e-04   8.3055469e-07   5.4588891e-04   2.7540830e-03   3.1707990e-04
   2.7784711e-09   7.3171646e-04   1.4728209e-04   5.8493703e-05   3.9224775e-04   7.7082598e-04   1.8906181e-12   5.0404725e-04   3.0370616e-03   4.0352908e-04
   7.2396221e-08   9.1505404e-04   1.0729017e-04   2.2038335e-04   5.0063191e-04   2.1219589e-05   1.3477292e-15   4.9234202e-04   3.2835718e-03   5.8389608e-04
   1.0200302e-10   6.6821506e-04   1.5953106e-04   2.1010023e-04   3.7621049e-04   2.0345048e-04   1.2983765e-26   2.7652476e-04   3.2584405e-03   6.0843547e-04
   8.6492970e-12   9.3115408e-04   1.4904315e-04   9.3411897e-05   2.2556628e-04   3.5699177e-04   3.3172647e-23   2.0412203e-04   2.9567610e-03   6.4568947e-04
   5.3883587e-04   8.6661876e-04   1.8955253e-04   1.4787004e-04   3.0556415e-04   3.3033767e-04   1.1639899e-20   3.8330889e-04   2.5293599e-03   2.9903761e-04
   4.8800670e-04   9.2094282e-04   2.1683926e-04   5.3191426e-05   4.9930490e-04   4.0461180e-04   3.4252278e-21   1.4727165e-04   3.0382674e-03   6.1032530e-04
   1.8022661e-05   7.5864507e-04   2.2539240e-04   9.7009752e-05   3.9835708e-04   9.8331646e-04   1.8480659e-25   6.5628863e-04   2.9848882e-03   8.0234081e-04
   1.3259328e-12   3.8461771e-04   2.3143832e-04   4.0498119e-05   1.1537786e-04   1.3210224e-03   9.6411662e-24   9.3838825e-04   3.4475958e-03   3.0826177e-04
   3.3588670e-18   3.4028771e-04   2.1081068e-04   3.5810935e-24   1.9718748e-04   1.9449547e-03   1.5137785e-04   2.3329043e-04   3.9767437e-03   2.1431784e-06
   5.2260265e-15   2.3851052e-04   1.4128019e-04   9.9468619e-29   2.9836779e-04   3.1677307e-03   3.4268446e-04   3.0509561e-04   4.1529501e-03   2.4757134e-04
   5.1435939e-13   3.6713549e-04   1.8032373e-04   6.2544186e-23   2.1528550e-04   3.2715880e-03   2.8159449e-06   8.1427782e-04   4.1954027e-03   1.7949377e-04
   6.8768255e-10   6.5679456e-04   2.5883154e-04   5.9355660e-59   1.9452832e-04   2.1462953e-03   2.5959879e-05   6.9517556e-04   2.9771606e-03   9.9631319e-06
   2.1725287e-12   4.9944754e-04   2.3447474e-04   1.2066150e-34   2.7495459e-04   1.9533445e-03   2.4227504e-14   6.7422639e-04   3.1379760e-03   2.4945365e-04
   4.2530880e-14   3.8856227e-04   1.3624615e-04   1.2758119e-15   2.3977882e-04   1.0986262e-03   6.3513028e-04   7.4470277e-04   3.7896012e-03   2.2421668e-04
   1.0861750e-17   4.1742202e-04   2.2551079e-04   9.6382402e-05   1.6275665e-04   8.2068744e-04   1.0217295e-04   8.8605066e-04   4.0930497e-03   1.0594003e-04
   1.0682252e-16   5.1084707e-04   2.5406028e-04   1.0748941e-09   7.0844563e-05   1.7666930e-03   1.1695667e-20   7.5897649e-04   3.4236607e-03   1.1850701e-04
   1.1923796e-18   6.2439503e-04   2.7205871e-04   3.9520801e-04   1.5659724e-04   8.4573295e-04   5.7064409e-06   6.8915509e-04   3.0649614e-03   1.4502197e-04
   1.3247350e-15   4.9038665e-04   2.9200160e-04   7.0239271e-04   1.2543185e-04   3.6856134e-04   1.1105683e-10   2.7755239e-04   3.6804939e-03   7.7078847e-05
   1.8940203e-19   6.6117800e-04   3.1260060e-04   4.8169375e-04   3.1308324e-06   3.4376418e-04   3.4006103e-09   5.5136549e-13   3.7601884e-03   2.3775371e-07
   6.6957422e-14   3.5165632e-04   2.2567609e-04   6.8585947e-04   1.0511919e-04   3.0356669e-04   9.6839099e-04   2.2703594e-04   3.1533772e-03   2.4980298e-04
   1.5099364e-21   4.7716469e-04   7.9792232e-05   1.1096695e-03   1.8534632e-05   4.1595812e-04   8.1463945e-04   2.0124043e-11   3.9951622e-03   2.5711122e-04
   1.4147089e-19   5.2107629e-04   1.0421411e-04   8.8301139e-04   1.2816093e-06   1.1915332e-03   6.6093027e-04   3.5564147e-04   3.8161577e-03   1.4454979e-04
   8.7704218e-20   4.3121721e-04   1.8204571e-04   5.3220620e-04   1.3241186e-05   9.7547643e-04   4.3819311e-04   4.2628558e-04   4.1188990e-03   1.1976992e-07
   3.4564440e-29   2.6873754e-04   1.8516929e-04   2.7143060e-04   4.9303484e-06   7.8559292e-04   2.3458944e-15   7.4796857e-19   4.0616297e-03   2.7574839e-05
   3.5716792e-29   2.1777423e-04   1.6405244e-04   1.5564577e-04   1.6046323e-06   1.9200028e-03   9.6807083e-09   2.0875205e-04   3.8691502e-03   7.6875051e-05
   3.9613619e-26   1.0674247e-04   1.3147277e-04   4.4395350e-05   2.5461953e-05   2.2198525e-03   1.7777750e-04   2.4256101e-04   3.6987705e-03   1.1820380e-05
   6.2083195e-28   1.6366928e-04   1.4326468e-04   2.1202404e-19   2.1888158e-06   2.5169929e-03   3.5584162e-04   2.5538063e-04   3.7360713e-03   5.6557927e-06
   1.5226473e-29   1.4075227e-04   1.0302436e-04   1.9557578e-35   1.3166010e-07   2.0366497e-03   7.2940102e-05   2.2330068e-04   4.0199784e-03   1.6632622e-04
   9.5229856e-29   1.6929081e-04   1.5267530e-04   4.1724479e-31   4.9014831e-14   5.2795802e-04   1.5601485e-04   1.8396368e-04   4.2447538e-03   2.3739065e-04
   3.1470142e-24   1.6040888e-04   2.1235597e-04   8.6366291e-37   3.5658856e-06   2.2529415e-04   3.3645287e-10   1.4488586e-04   4.2695808e-03   1.0160564e-04
   7.3975630e-27   1.0729667e-04   1.8824556e-04   3.3907629e-08   2.6936324e-05   5.4129514e-04   7.4585933e-14   1.3307087e-08   4.1970780e-03   2.4160106e-04
   4.4378632e-28   2.3217624e-04   1.7436303e-04   5.3330632e-05   1.0814769e-13   1.1271623e-03   2.1789040e-05   3.1543378e-47   3.7192391e-03   1.6358082e-04
   1.7876561e-16   2.4794314e-04   2.0409966e-04   5.0045966e-12   3.6450889e-09   1.3870848e-05   5.4107868e-05   4.8192380e-20   3.4279549e-03   9.3418003e-05
   2.7297405e-22   2.5215068e-04   1.2335176e-04   2.7537445e-04   1.1291357e-07   4.8100732e-04   9.7725461e-11   2.9323709e-43   3.4988504e-03   3.3205957e-04
   6.3017781e-23   2.1196269e-04   1.0001432e-04   1.8005645e-04   5.0209257e-07   2.9548313e-17   2.8483227e-04   1.0655057e-41   4.5456587e-03   2.5770036e-04
   8.2290706e-21   1.7157259e-04   1.3328418e-04   2.8299455e-30   9.4938637e-12   2.7418202e-04   2.4587302e-05   6.2861729e-05   4.5854252e-03   1.1560103e-04
   6.4450916e-22   2.0503342e-04   1.0813337e-04   7.5279916e-10   3.0643191e-06   6.3819688e-04   6.6787317e-05   3.0998051e-04   4.2003028e-03   1.9661480e-05
   8.2543528e-23   1.2970552e-04   1.4169252e-04   9.2570432e-05   4.0065233e-06   7.4609360e-04   2.6617701e-04   2.0447745e-07   4.1375659e-03   5.1308247e-05
   4.4572222e-19   2.1444548e-04   1.1081202e-04   5.3099200e-05   8.2673048e-06   1.6629489e-12   6.5675425e-05   8.7494554e-05   4.6851118e-03   1.8030689e-04
   3.2524629e-14   1.0066221e-04   8.4059859e-05   5.7873303e-15   2.0590460e-05   6.3524038e-04   6.0539864e-13   1.7144706e-04   5.3291312e-03   7.7011841e-05
   1.3633028e-20   1.3603084e-05   5.8070801e-05   9.4199124e-50   6.4901049e-06   8.6098389e-04   1.7057606e-06   1.2465193e-06   6.8704081e-03   9.3139232e-06
   2.1323735e-26   1.2877017e-07   4.3784197e-05   1.0446623e-38   4.4081357e-10   1.0272680e-03   3.2131199e-07   3.7069874e-27   6.9759483e-03   2.3174388e-04
   2.4919617e-31   1.2609306e-10   9.0154145e-05   6.4845948e-50   1.9322278e-07   6.1545159e-04   7.6616925e-16   3.9155847e-36   6.1299568e-03   3.2374160e-04
   2.8898809e-36   4.1950589e-11   1.4063417e-04   4.7207088e-35   1.5217113e-06   2.5665084e-10   1.9672339e-25   2.1900104e-23   5.6715144e-03   4.2737396e-04
   3.0234570e-26   1.0584600e-11   6.9252188e-05   4.3314385e-35   9.6609480e-07   2.0590921e-17   1.2679567e-29   2.3809912e-19   6.4607224e-03   5.2365859e-04
   5.8137559e-24   1.6980155e-10   1.0544055e-04   7.3929576e-34   2.8410742e-09   6.7074215e-06   6.2610343e-18   5.6344566e-19   6.5084687e-03   2.1788090e-04
   3.9315333e-31   2.1042800e-05   8.6401979e-05   1.2013304e-39   3.5467409e-06   3.6365693e-04   1.6455114e-04   2.2190063e-07   5.1169417e-03   1.9178859e-04
   1.1517908e-21   3.1127438e-06   7.5374560e-05   1.2732343e-07   1.7673882e-06   1.4045341e-07   2.4649302e-06   7.2290710e-17   5.6478563e-03   2.5743450e-04
   1.3328197e-21   2.1144409e-07   6.8963189e-05   2.4146672e-09   1.3409332e-05   4.3993744e-08   9.1142055e-15   1.5629963e-59   4.8145284e-03   3.3998287e-04
   5.5854558e-22   4.0294233e-06   1.1041185e-04   5.1049845e-13   8.9255138e-07   4.9646239e-08   1.0496057e-29   6.3701411e-47   4.3363909e-03   1.7244946e-04
   1.5797549e-21   8.4872797e-09   9.5863172e-05   6.9154545e-19   3.4819831e-06   1.6895367e-19   1.2734589e-11   8.9238977e-06   5.5224638e-03   2.7683798e-05
   3.4481827e-19   4.8841837e-14   9.3021445e-05   5.1053398e-42   2.9317283e-06   7.6277719e-14   2.6727169e-20   9.2158793e-05   5.4282891e-03   1.2666421e-06
   1.2779653e-22   2.5910374e-10   6.0418051e-05   4.0611325e-18   4.1730515e-06   1.6921540e-10   6.6061098e-10   3.4800557e-06   5.9003909e-03   1.0654680e-04
   7.4978350e-19   1.5885957e-06   2.6603784e-05   3.3682156e-05   1.3385557e-05   2.8032086e-23   1.7595207e-08   7.5558584e-05   5.8257214e-03   2.3742827e-04
   1.3779697e-11   1.2856057e-04   2.6644839e-05   1.9834978e-14   3.0780688e-05   1.0101211e-04   1.2166200e-04   3.1581023e-04   3.8947051e-03   4.5589854e-04
   1.2126969e-10   7.3965299e-05   1.4997964e-05   5.7676230e-14   4.1977565e-12   4.0622951e-04   3.3351552e-04   2.4221953e-04   3.9500476e-03   5.0468268e-04
   3.5602761e-09   1.5030049e-04   5.1421467e-05   2.4155246e-13   2.1241769e-10   3.8100338e-04   9.6269007e-08   1.3046828e-04   4.4302170e-03   1.2187288e-04
   5.4968322e-22   1.5445897e-05   5.7666055e-05   1.2782711e-28   1.0558042e-17   2.0468910e-07   5.0382380e-07   2.5462430e-04   5.6576860e-03   3.1688618e-04
   5.8341086e-29   1.9626155e-15   3.2992798e-05   4.8203636e-29   5.9100465e-06   1.3113252e-21   2.6105255e-14   1.3589288e-04   6.5545662e-03   2.3020138e-04
   3.8583307e-29   6.0839780e-19   2.5652654e-05   6.9339825e-41   6.9632835e-06   5.5921059e-13   4.7908101e-15   7.1549804e-05   6.9978453e-03   2.1121309e-05
   8.9544951e-28   3.1744320e-13   4.9878392e-05   1.2206524e-40   3.0888824e-07   2.1314120e-14   2.3426849e-16   2.2040204e-04   6.0346652e-03   1.0210291e-04
   5.0058271e-24   4.0829580e-11   5.8989350e-05   5.2342105e-35   7.4769620e-07   1.6886901e-07   3.2702153e-09   2.2219855e-04   5.6649310e-03   1.4146531e-04
   2.5344305e-23   5.6944816e-16   4.8986964e-05   2.8973325e-24   3.3346874e-06   2.8293296e-11   2.1216865e-19   3.3843003e-28   6.0824241e-03   1.0164983e-04
   7.4556902e-28   1.1822930e-14   7.9683707e-05   8.1282065e-19   2.1733375e-06   2.5919125e-16   9.1440223e-10   2.9319480e-05   5.7944932e-03   5.2671797e-07
   3.7747645e-15   1.2336127e-10   7.1910449e-05   9.4436941e-06   1.6093891e-05   3.5257426e-15   1.4344811e-11   1.0500033e-15   5.3395453e-03   9.5093952e-07
   1.4563517e-16   2.4633997e-12   4.2306166e-05   3.4057390e-27   6.2119060e-06   3.2226255e-16   3.0372947e-22   2.7299800e-04   6.2296261e-03   8.4141743e-05
   1.4061206e-16   4.4602262e-16   3.0071213e-05   6.1066997e-12   8.9591372e-07   3.8268757e-17   1.1738289e-21   2.6114575e-04   6.5577274e-03   7.4836440e-05
   2.4650759e-22   2.0485367e-20   4.9906948e-05   1.0020187e-24   6.0737816e-17   9.6677743e-11   8.7518818e-29   2.0018971e-08   5.6274500e-03   9.1838635e-05
   9.6422979e-26   3.0612090e-20   3.7910687e-05   3.1714411e-20   1.0708303e-10   3.0796007e-16   8.8103270e-23   1.8836853e-04   5.9954267e-03   3.1332172e-04
   2.8373436e-23   5.3471712e-13   2.5655935e-05   9.7082503e-05   1.2266372e-08   3.9439803e-11   1.1634312e-19   4.6494475e-04   5.8210154e-03   2.1010161e-04
   3.8701891e-15   1.7638139e-06   4.3861102e-05   1.0634232e-04   4.5878496e-12   2.1421506e-05   1.0054835e-14   2.2424773e-04   5.4637791e-03   1.9137132e-04
   5.7051208e-15   2.7569696e-11   4.7069991e-05   6.5988138e-06   1.4010182e-06   4.3590302e-05   7.7981414e-21   1.6283124e-04   5.3313798e-03   1.7015810e-04
   5.7752471e-17   1.5325113e-05   3.8340854e-05   6.6703750e-09   4.1958918e-11   5.0484602e-08   3.9898300e-10   4.9379682e-04   5.2206413e-03   1.6889923e-04
   8.5832600e-15   1.9196766e-04   2.9832471e-05   4.1358149e-21   5.2168805e-06   9.3754930e-11   3.8660189e-06   1.9023224e-04   5.3269532e-03   1.2126952e-04
   4.6027056e-08   4.7019134e-06   7.8218150e-05   2.6239189e-20   9.4893225e-06   7.5667763e-16   7.6189588e-11   2.7331950e-07   6.3015504e-03   4.0413512e-05
   8.8218153e-13   2.6400817e-14   6.6086527e-05   3.7250921e-17   3.9084601e-06   3.7867182e-16   1.1663192e-24   1.4715902e-04   6.1263666e-03   1.2324611e-04
   1.8406582e-17   2.3037909e-17   5.7147360e-05   6.7323805e-23   6.5034686e-06   3.5429227e-12   1.8500080e-11   1.6798115e-05   5.7238552e-03   8.4316341e-05
   9.6009218e-19   3.4104862e-12   7.5868279e-05   5.4020623e-19   2.0707771e-05   4.3081088e-11   1.7080394e-11   2.5581989e-47   5.3500462e-03   6.4224037e-09
   3.1698655e-19   5.7174678e-05   6.5185461e-05   2.4405989e-18   3.5525067e-05   2.1231654e-16   1.3887728e-12   5.4076897e-12   5.1322374e-03   9.6370053e-07
   5.5837051e-28   2.6766923e-04   3.7245166e-05   2.0821776e-22   2.4638378e-05   1.5020529e-16   2.8287224e-06   2.2221751e-63   4.7456575e-03   1.8013242e-04
   9.6965028e-17   1.4365912e-04   7.7024584e-05   3.1289926e-16   6.6466307e-05   2.9179420e-25   4.2386277e-14   1.3669505e-04   4.2264233e-03   9.2013852e-05
   2.6291906e-15   2.5531882e-06   1.1841670e-04   1.1321477e-28   2.0022603e-05   7.2633214e-22   2.5943970e-05   1.0317857e-08   4.6093554e-03   3.6485961e-05
   2.3393065e-16   3.7891583e-05   1.1607340e-04   2.4507416e-07   4.9256223e-06   2.6482719e-10   3.9305952e-12   9.9170081e-13   3.9470810e-03   7.7195310e-05
   5.2698360e-19   7.8525872e-08   8.2259477e-05   2.1911497e-16   2.2642963e-05   1.5612042e-05   1.0172239e-12   2.2004468e-04   4.6504507e-03   5.3016043e-07
   3.0427418e-21   6.4973174e-13   5.4449723e-05   1.0450010e-06   3.5401161e-05   5.2649138e-09   8.8681902e-23   1.7948585e-04   5.9007442e-03   4.7761614e-06
   2.2796155e-17   8.0400078e-16   6.0122544e-05   1.5616508e-04   1.9374442e-05   6.0529564e-14   9.0366957e-30   7.3368913e-08   6.1961316e-03   9.0635766e-12
   1.4660562e-09   1.8752147e-08   8.1899757e-05   2.0333949e-04   4.3009609e-05   2.0684321e-04   9.0384566e-29   1.8357999e-06   4.2624019e-03   1.5194343e-06
   5.7800178e-09   2.3008496e-04   1.1806939e-04   1.2384054e-04   4.4076300e-07   4.8201412e-04   9.1293264e-23   8.8841157e-05   3.2033830e-03   1.4657735e-06
   2.1061059e-07   2.5196281e-04   1.2119024e-04   2.1530145e-04   6.0482774e-05   4.0144386e-04   7.9397179e-18   3.0616286e-19   2.3050265e-03   8.3568471e-05
   7.7295635e-15   1.0523033e-05   1.1767509e-04   1.7451689e-04   4.1194520e-05   4.7046202e-05   9.9398821e-25   2.8373751e-30   4.1933444e-03   1.5270297e-06
   3.9385110e-14   3.8316271e-08   9.3025576e-05   4.4262602e-19   1.6096296e-05   1.8822052e-16   5.6314669e-22   1.3783147e-15   5.0697690e-03   1.3689139e-12
   2.4999637e-15   8.4788748e-09   8.2914668e-05   7.8989517e-05   8.4036181e-06   1.7701327e-15   2.1847319e-14   1.7299664e-34   4.4765989e-03   1.8283556e-18
   1.3804202e-16   4.4307223e-08   7.8577920e-05   1.1864787e-04   7.9443394e-06   3.9350620e-13   4.8200370e-15   1.4880540e-44   4.8490606e-03   3.1451276e-13
   7.5675027e-19   3.5389574e-10   5.4846876e-05   8.6574331e-05   2.2713928e-05   2.4196749e-14   2.4004022e-20   9.4005898e-51   4.7938792e-03   7.1818507e-10
   7.2871165e-25   2.4441538e-10   8.0106520e-05   2.0140737e-05   2.1854957e-05   4.7804607e-19   2.4555169e-12   4.0314309e-33   4.2100859e-03   3.2290796e-09
   5.2586418e-22   2.3900932e-09   7.9207703e-05   1.3272838e-22   3.9655453e-07   1.2895511e-16   6.9300872e-12   1.3156386e-16   3.8708048e-03   3.4608774e-11
   1.3108197e-22   4.7130758e-11   6.4303463e-05   1.8467452e-17   7.4198923e-07   4.2731666e-16   6.6822510e-16   2.4806297e-60   3.3836968e-03   1.1473443e-09
   6.4722421e-18   1.0003508e-16   3.4666937e-05   2.0590955e-09   1.2840125e-05   3.2812888e-17   6.5803226e-17   1.4839643e-05   3.3826822e-03   1.3299312e-12
   1.5615025e-21   3.6558239e-15   2.4225640e-05   1.0549413e-12   3.1598896e-05   1.0355061e-13   4.5260949e-28   1.3786126e-04   2.9685120e-03   5.0498945e-14
   8.1126770e-26   1.7772706e-14   4.6615092e-05   1.4757718e-09   1.1885518e-05   1.6048849e-06   3.0778158e-28   8.6122137e-05   2.6793802e-03   1.2738175e-27
   3.0828171e-25   2.6848368e-27   4.6264212e-05   1.6604684e-25   2.5307882e-06   7.5941539e-13   2.8940728e-32   1.5331982e-26   3.2123742e-03   1.2003771e-19
   1.1343035e-22   1.2878397e-28   3.1077121e-05   9.4434581e-10   6.9208584e-06   9.7228189e-13   2.1874990e-35   2.6952493e-37   3.8640931e-03   3.1307709e-18
   5.3103833e-23   1.8098465e-15   5.3662616e-05   6.6593115e-05   1.5036561e-05   4.6028459e-07   3.4279873e-27   2.3177418e-23   2.6154901e-03   2.7877270e-10
   1.2795953e-19   2.7709241e-14   6.0694710e-05   7.6405009e-12   4.2612955e-06   5.7507152e-06   1.0825032e-20   2.0718784e-30   2.3369173e-03   2.2081686e-11
   4.0991822e-20   8.9676572e-19   3.6450327e-05   3.5515355e-20   4.3738354e-06   2.6500165e-15   7.6301770e-19   2.5957993e-21   2.6429310e-03   3.5116284e-15
   3.8924951e-24   1.3689328e-19   2.2899611e-05   2.4805525e-21   2.5164234e-06   1.1475522e-13   1.1245756e-21   3.5381903e-29   3.1140842e-03   5.2492694e-16
   1.4434425e-25   4.1578351e-23   3.2506763e-05   8.9339925e-30   1.2464332e-06   2.1645853e-18   3.5268081e-25   5.2223791e-62   3.1809475e-03   5.6350425e-14
   1.9671457e-19   8.3837371e-15   2.7275770e-05   2.3949709e-33   1.0857775e-05   2.6511103e-12   5.7512680e-25   5.0743484e-40   2.4953375e-03   2.5374548e-11
   7.1742101e-17   1.1841567e-18   3.0010879e-05   3.0271482e-26   1.5886239e-05   9.9597125e-10   7.4125323e-23   5.4106753e-16   2.2798952e-03   8.4632349e-11
   9.5876480e-06   6.3193401e-11   1.9943730e-05   6.3208490e-20   1.1390434e-05   1.1848996e-09   1.0914921e-25   1.0822794e-05   1.8208343e-03   3.0173716e-11
   2.9703179e-10   3.0865128e-09   2.7440481e-05   6.5461968e-24   2.2471227e-05   5.0125910e-13   3.1048633e-24   3.3487628e-47   1.4027952e-03   1.0882003e-10
   1.8102275e-17   7.9226270e-26   2.9031127e-05   4.5565410e-38   7.6142599e-06   2.4941075e-11   1.3543122e-29   3.3812084e-05   1.7436143e-03   5.1285368e-23
   1.1079669e-21   2.1720030e-24   2.3341249e-05   3.2494406e-42   4.0591344e-06   5.5617807e-09   7.9417323e-25   6.8569889e-05   1.7601346e-03   1.7029414e-25
   4.0273333e-29   4.9197515e-29   1.3111206e-05   2.3986417e-32   6.3566408e-06   5.9546538e-12   2.0012982e-33   1.3583700e-05   2.2040770e-03   3.9903478e-33
   7.0630411e-30   8.8266304e-38   1.6448747e-05   1.1563903e-37   2.4689834e-06   2.7766713e-14   3.4044463e-38   4.9433902e-14   2.1215684e-03   1.1179255e-33
   1.0814126e-24   5.8912969e-35   1.3474982e-05   1.9136090e-29   2.8725393e-08   1.3517822e-19   3.4885210e-35   1.4339707e-30   2.6153749e-03   2.2562882e-24
   5.3868986e-24   9.7173819e-26   1.4420880e-05   2.3512949e-31   3.2083507e-08   5.4842260e-16   1.0542719e-30   5.7421909e-37   2.3787521e-03   2.4252800e-23
   5.3955295e-27   5.0263101e-27   2.0612485e-05   2.7451395e-71   2.9966737e-06   1.9278150e-14   3.6536740e-25   4.1674761e-46   1.7922406e-03   2.0032662e-16
   2.6178186e-19   2.0302037e-26   1.4013887e-05   1.5509412e-36   3.2585743e-06   9.8886746e-17   4.1602750e-23   6.4103273e-34   2.0462592e-03   3.5995064e-18
   1.1457349e-20   8.2825573e-31   1.2978625e-05   2.6906459e-43   1.7501560e-06   2.7420219e-17   1.1950361e-26   1.6209109e-28   2.1928986e-03   2.6170311e-15
   1.3609392e-24   4.5340733e-25   1.7004987e-05   1.1285190e-54   4.1361351e-06   8.9019625e-20   3.9863652e-24   4.6332287e-55   1.7324855e-03   8.1973478e-17
   2.2247447e-26   3.4833028e-19   1.1168311e-05   7.5153032e-50   2.2138911e-06   7.5875207e-17   1.0385285e-17   6.4093041e-37   1.5690744e-03   2.3616126e-15
   6.3629544e-28   1.7330798e-23   8.6444018e-06   8.3701018e-39   6.8968375e-07   1.3927625e-23   1.3137916e-24   4.5854490e-56   2.1102036e-03   3.9453521e-23
   5.8600634e-28   1.8858194e-20   8.8246339e-06   8.4844258e-62   1.5341898e-06   4.6256637e-21   3.2617538e-23   1.1960034e-22   1.9798565e-03   3.0446492e-18
   2.6623714e-27   8.9566077e-19   1.2430128e-05   1.4501856e-44   2.9184406e-06   1.5229277e-18   3.8523029e-24   2.9558654e-16   1.6862598e-03   1.1566034e-20
   2.4015900e-26   1.2260355e-29   1.1884050e-05   5.1357667e-48   1.4232647e-06   1.1752630e-13   1.1054694e-23   3.3950305e-22   1.4737037e-03   5.8523407e-19
   3.1568418e-24   2.5939818e-14   1.0575520e-05   1.0264739e-31   5.3228188e-06   1.0493947e-13   1.8412681e-31   2.1819095e-05   1.2996981e-03   1.3807088e-26
   7.6193227e-22   1.1425288e-13   1.8161194e-05   2.0488073e-38   3.7720164e-06   7.1267129e-13   1.1643831e-30   4.6913675e-05   1.0839674e-03   4.0647111e-24
   1.8017209e-12   9.9923461e-27   1.3104350e-05   6.1732235e-36   6.3446082e-06   3.5953112e-11   3.1623199e-30   3.2912636e-05   9.5730214e-04   1.2532309e-23
   1.2697853e-09   4.3041228e-21   1.3424665e-05   2.0229620e-32   1.7464650e-05   9.7017859e-07   9.2562485e-39   1.9301616e-06   8.1054769e-04   2.2819382e-18
   7.8368011e-20   2.9960355e-18   9.1282087e-06   1.8577189e-35   1.6409432e-05   5.5029394e-09   4.4513313e-28   7.4669591e-34   8.7605905e-04   1.2573695e-14
   2.8341019e-28   5.0059966e-20   6.0086779e-06   1.5339234e-41   5.4530930e-06   1.3313129e-13   2.1244552e-32   5.6115409e-40   1.2489767e-03   4.2688219e-18
   6.8310829e-35   3.0075811e-27   5.6778099e-06   4.9067768e-30   4.3713919e-06   1.5000333e-16   5.3785654e-37   1.0087517e-34   1.5667146e-03   7.7099025e-27
   1.7350142e-28   6.5574934e-35   8.6571516e-06   1.9152368e-39   4.7776451e-06   3.7523820e-16   2.3457612e-41   1.8198257e-38   1.5542487e-03   7.0095136e-25
   1.6774865e-23   1.6232694e-32   9.5497320e-06   1.1964951e-60   6.2824504e-06   2.2255347e-16   1.1040677e-38   3.1051342e-39   1.3038885e-03   2.8460304e-26
   1.2680935e-23   1.9398924e-34   9.8790739e-06   1.6666667e-60   4.8563296e-06   2.7362078e-19   1.1506428e-41   1.1569092e-50   1.1488772e-03   1.4846712e-38
