   7.3580176e-29   5.0686919e-04   1.8156762e-01   2.5400950e-08   2.5624822e-03   1.3890580e-03   1.1925684e-23   5.6238205e-03   5.8942040e-03   1.8389439e-03
   1.1294089e-19   5.2812611e-04   1.7471797e-01   3.7924162e-04   3.7711131e-03   9.0763370e-04   7.1467757e-15   5.2936669e-03   3.7880454e-03   1.4257976e-03
   1.5643783e-03   4.6697222e-04   1.3721768e-01   2.3273929e-04   2.7424273e-03   8.3844816e-05   3.9949301e-08   2.7628575e-03   3.4733463e-03   8.1308927e-04
   2.5848928e-10   6.4197822e-04   1.2692131e-01   6.8653615e-11   1.9756500e-03   1.0174742e-04   3.2609496e-27   2.7295910e-03   3.0667561e-03   6.5168796e-04
   6.5800081e-07   1.0156822e-03   1.6852118e-01   2.1815831e-26   2.2684975e-03   3.1755966e-04   1.3700820e-51   7.1037610e-03   7.0330559e-03   2.1796082e-04
   5.5668418e-12   3.3505597e-03   7.9116510e-03   9.3402278e-06   1.4994470e-03   2.5930542e-08   1.3177700e-14   1.0362554e-01   4.2090951e-03   3.5775034e-52
   7.5075624e-12   1.3339966e-02   1.2721531e-18   9.5666268e-03   1.8307752e-02   6.1998671e-54   1.4013452e-04   1.5790664e-01   3.7797240e-03   1.4925177e-94
   1.4450696e-09   1.6443776e-02   1.7467047e-17   9.9580459e-03   5.1615788e-02   3.7902586e-46   1.5101483e-10   4.8985282e-02   2.1277110e-03   7.0668850e-69
   6.4731727e-36   4.1775708e-03   5.4368581e-07   1.0857734e-03   4.3948592e-02   1.3872763e-07   3.6027110e-22   9.2116058e-25   3.1371324e-03   4.5772727e-15
   1.0416019e-18   1.0591714e-03   7.0085248e-02   3.3419231e-09   1.8274087e-02   2.3839165e-03   2.6646299e-40   2.3303309e-08   3.9639279e-03   8.7082380e-12
   3.2816757e-29   3.4265298e-04   1.0447825e-01   3.6076940e-21   1.0714874e-02   2.2745468e-02   5.4551106e-68   9.1347035e-03   5.2180558e-03   7.6898749e-20
   3.7390555e-24   1.0864788e-03   1.9264188e-04   3.0459547e-21   2.7094856e-03   5.8749400e-02   1.1338363e-40   7.6689009e-02   1.6764555e-03   2.2542472e-02
   1.2818191e-13   9.2419666e-03   2.9230562e-24   6.9716197e-07   2.3652950e-03   4.0791166e-02   4.2360508e-24   1.0744437e-01   4.3539598e-08   3.5892859e-02
   1.5893438e-06   1.4628995e-02   9.8922510e-30   1.0654356e-02   2.5008365e-02   3.7012814e-03   5.8815439e-15   2.6760447e-02   3.7470155e-10   9.5817015e-03
   2.7659708e-40   7.0261537e-03   1.8186679e-25   1.5450468e-02   4.8078729e-02   4.1696368e-07   1.0326232e-11   2.7805126e-27   1.2923815e-25   7.4149887e-32
   4.2350185e-47   2.2898807e-03   1.2490114e-23   2.0793102e-16   4.2893612e-02   2.8360274e-05   2.1273921e-33   3.7321481e-24   4.3554337e-11   1.7509642e-04
   2.1884652e-66   2.3965565e-04   1.3261138e-02   7.4806835e-11   2.3027591e-02   9.0468901e-04   1.1602659e-56   1.5763245e-02   2.1732111e-03   1.9599401e-12
   3.6466261e-26   8.1569198e-04   1.8465867e-13   4.6398896e-43   1.0247603e-02   1.0280815e-03   4.4925919e-31   7.4505336e-02   1.3783333e-03   6.9805118e-09
   1.0394063e-05   3.8083828e-03   3.4294143e-22   2.4864334e-22   8.5485770e-03   3.5778982e-04   2.9140326e-14   9.1797532e-02   7.9225131e-05   2.5090274e-37
   1.6504582e-04   9.4861518e-03   8.7351388e-13   4.5927510e-04   1.4709708e-02   1.5779303e-04   1.2745675e-07   3.4509215e-02   9.5343837e-05   4.2906085e-49
   5.4147748e-28   4.6896848e-03   4.0768728e-19   2.2942342e-02   3.3092921e-02   1.1185104e-03   4.7502482e-02   1.3800930e-10   3.1087653e-04   3.0794028e-36
   1.3258658e-53   3.2739843e-03   6.9374602e-31   7.6363545e-03   5.3225897e-02   8.2226937e-03   7.4583679e-25   5.9309788e-25   7.1099327e-14   4.1852168e-12
   4.4667402e-54   2.3805957e-03   8.6698956e-33   7.0845052e-25   5.1725308e-02   5.1901894e-02   8.7436449e-40   3.8575879e-03   8.5036404e-18   2.2260542e-03
   6.5061039e-38   9.4749115e-05   1.1972813e-35   8.0715563e-56   3.3384772e-02   6.3998667e-02   1.1565612e-39   4.8967341e-02   9.0204746e-17   5.2834722e-02
   1.7792596e-09   2.6071311e-03   1.8478463e-34   2.9793224e-34   1.7531577e-02   2.5146345e-02   1.5652160e-28   6.3154096e-02   4.2037346e-08   4.2141869e-02
   1.0914625e-05   1.0602109e-02   8.0321522e-23   7.4231876e-16   1.2984987e-02   3.1788727e-03   1.0747089e-17   2.5745103e-02   1.3982989e-03   9.6874971e-06
   4.6826132e-34   8.3363146e-03   1.9878813e-20   1.9110842e-02   1.8559332e-02   9.3929802e-06   7.3262822e-02   4.6289215e-04   2.7077062e-03   1.8861525e-41
   4.7538844e-49   6.2151859e-03   5.5520875e-17   3.1595509e-02   2.0970273e-02   8.4821942e-04   8.6639380e-13   7.0614294e-11   1.3749993e-03   1.1516559e-20
   8.3222375e-42   7.9790976e-03   1.5095303e-28   1.2654344e-05   3.1234252e-02   1.8799011e-04   4.5572287e-39   1.8084048e-03   5.7336579e-05   1.3460610e-31
   4.0860210e-29   7.1304186e-03   6.6975933e-46   2.0437654e-23   4.2180444e-02   7.0285424e-04   3.9719761e-62   1.5685726e-02   4.6532333e-13   3.1837885e-13
   8.8598557e-02   9.7554484e-03   1.3095342e-40   2.9583094e-64   3.6874015e-02   3.6614021e-07   3.2051850e-61   1.8293453e-02   3.7095671e-15   2.1231759e-41
   9.5555281e-02   1.0079057e-02   6.1848304e-37   5.1003540e-38   3.1896797e-02   8.4481963e-04   8.2014511e-34   1.8466015e-04   9.1963820e-17   1.3586587e-27
   2.7408702e-27   9.9383612e-03   2.3933857e-24   2.0556331e-04   1.6295759e-02   2.3539287e-02   7.4722851e-04   2.8382269e-18   1.5950384e-09   2.6092783e-25
   4.0378484e-53   8.3475740e-03   1.5854482e-11   3.0527458e-02   4.3987281e-03   8.8351231e-02   6.4293011e-06   1.3339375e-25   3.5212921e-08   3.6002754e-21
   6.8942295e-48   7.9297015e-03   4.8303641e-18   2.3024458e-02   2.4082933e-03   1.3600613e-01   1.5211849e-31   1.2846987e-16   3.6196595e-12   9.8787167e-02
   5.9155770e-29   1.9556679e-02   1.7217423e-32   4.3032568e-39   3.4878309e-03   6.7369676e-02   3.4846900e-68   1.7055423e-05   5.3174455e-23   1.7042620e-01
   3.7042280e-03   3.3073135e-02   8.9835429e-30   7.4051388e-57   8.9710351e-04   7.3842548e-03   6.9570066e-73   8.9705856e-04   1.4456655e-13   5.8714493e-02
   8.8585970e-02   2.6546847e-02   2.9057377e-23   1.2227125e-70   2.4879898e-03   1.1981654e-03   4.0920682e-52   6.3923239e-13   4.0589888e-16   9.9573216e-30
   9.1120629e-29   1.8653110e-02   2.2114611e-26   4.3712312e-14   3.2406666e-03   7.3055095e-04   1.4367978e-06   4.3678165e-25   1.6596247e-13   1.0566016e-25
   1.9532431e-66   1.5057492e-02   9.2923256e-16   4.9389168e-02   6.9142135e-04   5.8123569e-14   2.0794506e-01   6.8118263e-16   8.2028339e-04   1.6372301e-43
   1.5420462e-46   1.5457976e-02   1.9237220e-16   1.0273127e-01   8.5354593e-04   3.0054364e-04   1.1834518e-24   7.8285162e-04   2.1574559e-04   1.7220878e-07
   2.0297403e-39   1.9939697e-02   2.8395199e-22   2.8582070e-02   1.6171992e-04   8.7574040e-11   5.8569361e-37   1.8704567e-03   5.4743163e-23   2.7449241e-33
   3.5270849e-17   2.9835941e-02   1.9165051e-29   3.7759300e-16   2.8108760e-09   1.7939216e-42   3.7233220e-55   5.5375985e-05   1.7459986e-10   8.7188279e-76
   1.6262193e-06   2.8499663e-02   9.2333648e-33   2.4606923e-32   5.1801879e-09   1.7037133e-23   2.2839090e-40   2.4646733e-13   1.4222318e-13   1.5249252e-64
   8.9178513e-28   1.9909690e-02   5.8829109e-39   1.9428863e-37   8.1063230e-04   8.2972920e-04   7.6334068e-09   6.0083247e-27   1.5303413e-17   1.9853486e-15
   5.0416095e-75   1.0128567e-02   1.2725223e-37   2.4020619e-02   2.3553881e-03   1.6870447e-02   3.7274946e-01   1.6284090e-27   2.2454218e-07   1.6051024e-02
   6.1702656e-70   1.2489129e-02   1.0661681e-39   8.0824185e-02   6.6050249e-05   1.7201723e-02   1.8079015e-02   3.4023661e-08   1.1032682e-04   6.1449717e-02
   8.2619709e-63   1.0933542e-02   1.7442961e-24   7.9751916e-02   2.2147455e-06   5.7531727e-03   3.4764205e-28   3.0719593e-03   2.3202103e-10   4.6261221e-02
   2.1384008e-14   1.7578388e-02   1.8494435e-35   4.3793878e-04   1.1088793e-08   3.6910491e-04   3.8417437e-60   1.0570086e-03   5.6592344e-29   7.5250054e-03
   1.0404179e-03   1.7867182e-02   2.2764619e-34   1.8655465e-09   1.2508348e-09   1.8461771e-26   7.8182456e-47   3.1714764e-07   1.1747945e-19   3.8643254e-50
   3.6797126e-19   1.4004678e-02   5.2634891e-28   3.5521148e-32   2.4645664e-05   3.3080987e-27   3.5725964e-21   1.4904774e-19   7.5927870e-17   1.3261000e-61
   9.8431029e-75   1.3355199e-02   1.3100903e-36   1.9769426e-17   3.4530400e-04   4.7709189e-38   4.0075157e-02   3.7241825e-15   2.5520100e-16   3.1668020e-65
   8.4438288e-56   9.5445836e-03   1.5908501e-27   9.6313836e-03   1.3383568e-03   5.3392383e-33   1.2296953e-01   8.1671386e-04   3.4734069e-24   1.7757136e-53
   1.8689425e-36   6.2588327e-03   2.8054405e-17   3.0645945e-02   7.9958003e-04   3.3006860e-28   7.9072275e-13   2.7812941e-03   1.9570642e-21   7.6967728e-32
   7.7022308e-14   7.6080601e-03   4.6671025e-16   1.5837553e-02   1.7215215e-04   1.4133082e-12   2.4156929e-38   2.6397265e-03   1.7275933e-22   2.5453417e-24
   3.0539392e-03   8.4477995e-03   4.8361668e-13   1.6691633e-08   3.6176021e-05   5.3373885e-04   2.9677071e-51   8.6397872e-04   7.4889931e-11   1.0239268e-08
   7.6084624e-07   6.9419950e-03   1.9568194e-12   2.5099753e-12   6.8400925e-06   6.2922351e-03   5.9130542e-29   1.2860716e-07   2.0991130e-07   1.8337816e-06
   1.9015128e-65   6.8143879e-03   3.9736326e-18   2.4520721e-58   1.0680365e-07   1.0201607e-02   2.2945994e-08   2.1223260e-18   5.1601762e-06   1.2498410e-02
   1.6099802e-75   8.4643061e-03   2.0760564e-22   4.7393406e-11   1.3807482e-09   4.4018662e-03   2.5230365e-05   4.3527230e-05   2.0695138e-09   2.6967120e-02
   2.8937574e-65   6.7233691e-03   4.7767299e-18   9.5876903e-03   4.3900636e-06   7.5249565e-04   1.3818321e-13   4.9784127e-04   5.0132480e-11   1.2596050e-02
   1.5384977e-18   5.7822168e-03   8.7968565e-15   1.5480068e-02   7.3185970e-06   2.5511895e-04   1.8857450e-28   6.2364013e-04   4.3251344e-09   6.4646317e-12
   3.1904336e-03   5.9930345e-03   2.0527707e-13   5.7842508e-04   1.6519289e-09   2.6385173e-18   9.1464962e-54   2.5646564e-05   1.6296107e-07   5.8616115e-27
   9.3287411e-04   4.6376780e-03   6.4123986e-15   3.2696716e-06   3.0113949e-07   1.2601256e-15   1.6723438e-41   1.0810537e-04   1.5284724e-05   8.1443007e-41
   6.5274839e-42   3.5963040e-03   6.6240320e-06   5.0564662e-17   1.7024583e-04   6.8781212e-08   3.3278247e-10   5.0855941e-04   5.4676401e-05   1.6804828e-12
   1.7223150e-60   4.4836170e-03   3.0930756e-11   7.4493918e-22   1.4463861e-04   5.8096040e-19   4.1253760e-02   4.6643581e-04   1.2799569e-05   7.1028645e-31
   1.8619173e-66   6.7723210e-03   3.1295710e-17   2.6320717e-03   2.2842617e-04   4.7359223e-30   1.2130316e-04   5.1537038e-05   1.5385802e-24   2.3508092e-39
   2.9379176e-36   6.7457421e-03   2.0644436e-19   1.4508802e-02   2.4722445e-04   4.1151289e-14   1.9595875e-26   1.1492535e-04   6.0701493e-07   1.6970630e-33
   1.0073259e-04   6.2611215e-03   1.3781536e-22   1.3988639e-02   6.8106036e-06   1.4856939e-03   6.3604198e-41   1.5819821e-08   6.5665648e-05   6.0265562e-04
   4.6735935e-04   4.5872948e-03   3.7441126e-06   2.6087067e-03   2.0631795e-05   5.1409258e-03   1.5055602e-34   4.6906272e-05   1.1867553e-04   4.4468387e-03
   4.2489884e-48   2.7064445e-03   5.2167661e-03   5.2299772e-03   4.7204844e-04   4.1124901e-03   1.1909725e-13   1.9422188e-04   5.1331735e-05   2.4742284e-02
   2.8957112e-61   4.6765228e-03   1.9941971e-12   1.3077576e-23   8.6223117e-05   1.4561802e-03   1.1191915e-07   4.3969383e-04   1.0564400e-04   2.7969140e-02
   3.4077897e-77   7.2047232e-03   1.0162171e-20   1.1208797e-11   3.1287051e-06   2.1102863e-05   2.3681040e-09   8.3725221e-05   3.3324731e-07   1.0914087e-02
   6.0906836e-54   8.7485169e-03   2.4596439e-21   8.5305077e-03   3.3238143e-05   1.0261132e-23   6.1111042e-20   8.5810192e-12   9.2376886e-11   5.1606285e-25
   3.8110310e-19   8.4868870e-03   1.8391679e-20   2.3052815e-02   1.0352982e-05   3.6475310e-29   4.8812527e-28   1.8994024e-15   2.7984258e-05   5.3112243e-32
   5.5751556e-06   5.9472236e-03   6.5788327e-14   1.7144560e-02   3.0444508e-05   5.0152869e-21   2.9927844e-30   3.1613148e-09   2.3080131e-04   8.4774887e-22
   2.6618852e-34   4.6332799e-03   1.5659165e-18   7.6868304e-03   8.0903976e-05   1.6623143e-13   1.0279717e-15   9.7653769e-07   1.1921984e-04   1.1319566e-08
   2.5935077e-48   5.1990780e-03   7.2345255e-18   3.6869357e-03   2.9403777e-04   1.7606249e-29   6.4002801e-03   8.3237734e-07   1.0576169e-05   2.4811264e-32
   1.1922647e-71   6.9714664e-03   2.4350856e-23   1.9915153e-23   7.1322242e-05   1.1429862e-24   5.7238404e-02   7.2756233e-19   6.0259790e-12   1.3600391e-38
   1.2376729e-44   9.4515906e-03   9.2418447e-23   8.0371972e-03   1.1491848e-06   1.9071956e-08   5.7954189e-08   1.3301439e-26   1.0389924e-24   1.3839039e-58
   4.8534469e-23   1.1893182e-02   6.6710389e-39   3.2812292e-02   8.1359298e-11   1.8967871e-03   3.6043090e-21   6.6083063e-34   4.8140184e-27   6.3588704e-19
   2.9793867e-14   9.6260529e-03   3.7745642e-27   4.3610511e-02   1.3715578e-06   4.8519869e-03   2.1807102e-32   3.3809378e-32   3.4366576e-23   1.1052051e-07
   3.1225979e-52   7.7996814e-03   3.5104468e-38   1.5403336e-02   9.3197458e-06   3.1964031e-03   1.2060173e-14   9.7287812e-35   1.4543556e-15   1.7460316e-02
   3.5767990e-49   7.2603829e-03   5.3860208e-36   1.1117735e-02   3.4423353e-07   1.5073779e-03   2.0445385e-14   1.4768606e-36   1.0425645e-11   2.8486368e-02
   3.2472267e-51   9.1952924e-03   2.7547505e-45   1.1729900e-06   1.4691697e-09   5.2878748e-04   1.0476612e-11   9.9211621e-33   1.4328342e-15   1.9425296e-02
   3.4846353e-40   7.9524491e-03   9.8522359e-35   5.1192901e-45   6.1109435e-07   7.8417635e-08   3.3566241e-11   2.6552432e-24   8.9997155e-11   8.8195046e-03
   5.9423627e-04   9.6729059e-03   1.2589621e-29   8.4777848e-04   1.3948747e-10   3.2186000e-10   4.5264633e-29   8.4977542e-17   1.3162659e-12   3.0666347e-03
   1.8467154e-02   9.9379016e-03   1.1835586e-34   3.4943349e-03   7.8564687e-10   1.7214819e-25   2.3613792e-33   9.9689729e-18   1.9466259e-13   3.0561696e-27
   4.2964813e-03   7.9281623e-03   3.3965399e-16   1.5767004e-03   9.5559506e-05   4.0296385e-08   2.3483660e-48   5.9511993e-14   1.8324400e-12   5.0871163e-51
   1.0368813e-13   5.8398954e-03   1.5494394e-15   9.1645179e-15   8.1714635e-04   2.8835740e-14   2.7527709e-36   6.6112126e-09   3.6295231e-06   2.5338734e-42
   1.0572027e-06   5.9576400e-03   9.4970480e-22   1.3304425e-19   1.4179559e-03   4.9520695e-04   1.1769552e-30   7.9526107e-08   4.4322611e-06   4.7810175e-38
   4.4653266e-14   5.1883212e-03   1.0394901e-23   1.1836546e-28   1.1489427e-03   3.4586677e-03   3.6528309e-18   3.1912361e-17   1.7541074e-12   3.5304773e-23
   3.9703692e-02   4.8325561e-03   1.4773742e-13   5.2703401e-22   1.1666394e-04   9.8871161e-03   8.1920510e-32   3.8428390e-07   1.4792531e-15   1.6348461e-14
   8.7990132e-02   4.9399983e-03   2.3040898e-13   4.0834358e-04   5.1789443e-05   1.5067409e-02   3.0743348e-42   1.5450634e-05   3.2615369e-20   1.3171978e-06
   8.6855645e-02   3.2669741e-03   9.7338722e-21   3.8260082e-03   8.6108431e-04   1.1710744e-02   5.5758405e-48   1.8722851e-04   1.5262205e-14   1.4541775e-02
   3.9977843e-02   4.3162593e-03   3.7581715e-25   7.5164470e-11   1.3291385e-03   8.0208249e-03   1.8507722e-43   4.9815272e-08   1.1572273e-13   1.1239351e-02
   3.4188647e-02   3.9814011e-03   5.0224843e-27   9.0443611e-19   1.0837287e-03   4.9764391e-03   4.5828325e-42   4.9034429e-04   2.1237711e-07   2.5230961e-03
   3.2671114e-02   2.9301438e-03   6.2619235e-26   8.0426442e-10   4.1372667e-03   2.1383316e-03   3.3721580e-20   5.8427762e-10   2.7704659e-15   3.6030951e-33
   3.6357369e-02   2.4978907e-03   3.6947466e-17   9.7101220e-33   4.1495746e-03   1.2708919e-03   3.5806424e-24   4.8768683e-11   7.3206324e-08   1.1585881e-30
   5.6156735e-02   2.6090218e-03   1.6278463e-13   7.4377008e-06   3.9987662e-03   1.0457246e-03   5.7533297e-30   3.2855577e-09   3.8542784e-05   1.6854590e-26
   3.0726439e-02   2.3285876e-03   1.0999294e-16   1.4950034e-03   5.4999575e-03   2.8660484e-04   5.9559015e-29   3.7400494e-09   2.0117504e-05   2.2290405e-22
   2.0572365e-09   2.0207395e-03   1.4167161e-24   1.2779768e-03   6.0084137e-03   1.2516854e-03   6.2794250e-28   4.2901095e-09   1.7565666e-04   2.3299763e-38
   1.1199701e-02   2.0257847e-03   2.5476047e-41   2.9950775e-18   4.6318370e-03   2.7316191e-03   1.1136092e-26   1.4097338e-10   6.0890291e-04   3.5625048e-53
   1.8438260e-09   2.0698275e-03   2.8259029e-36   1.7608861e-10   4.8108025e-03   1.0486761e-02   5.1462468e-17   4.8039961e-17   2.2172955e-04   1.3989262e-41
   6.0564337e-03   2.1472386e-03   3.2560491e-37   6.4114384e-17   4.3790956e-03   1.6238379e-02   5.2648056e-17   9.5692453e-15   4.6048014e-04   2.5377279e-30
   2.7876878e-02   1.5816548e-03   4.0550429e-38   1.5033887e-36   5.0714544e-03   1.4250349e-02   2.6498722e-23   3.1312662e-11   3.3151803e-04   2.4185490e-07
   1.6893292e-02   1.2354777e-03   1.0216895e-40   2.2186511e-03   5.4568416e-03   5.8054472e-03   7.4395244e-15   7.3347313e-11   1.7272700e-04   5.1290137e-03
   9.7170952e-18   1.1123479e-03   7.0302041e-28   3.1600657e-03   3.5750996e-03   3.7662151e-03   3.3898403e-22   2.2957614e-06   3.1796206e-04   8.6978416e-05
   3.8994077e-03   1.3942415e-03   4.2065590e-29   8.4157149e-04   3.3995035e-03   1.0977079e-03   1.6543778e-18   9.3312168e-08   3.6161543e-07   1.3948977e-07
   7.2962235e-11   1.6365743e-03   5.0462981e-28   8.4637246e-09   2.6368047e-03   5.8512267e-04   4.4319216e-22   9.1812580e-16   2.9892220e-04   5.0668768e-24
   2.8177970e-03   2.0265747e-03   1.5007037e-23   5.0498923e-05   2.2830823e-03   5.1417253e-04   1.1940852e-15   1.0564866e-21   4.3490009e-04   1.5915638e-36
   1.3673218e-02   1.4993210e-03   8.2220108e-29   7.5897526e-07   3.2420121e-03   9.7918748e-04   1.6622593e-13   1.2709744e-20   4.3895994e-04   6.2634382e-46
   1.2580242e-02   9.7327728e-04   3.2079056e-38   2.3801500e-07   4.2112930e-03   1.2631976e-03   7.4098779e-12   8.8232535e-19   8.9273042e-04   6.7180971e-45
   4.1223475e-24   5.9301223e-04   2.6070045e-32   3.2325315e-03   4.4474853e-03   2.6615123e-03   2.0054388e-09   1.7273109e-19   1.1976105e-03   9.8507287e-58
   2.0682372e-07   9.4494495e-04   2.5469153e-32   1.7090532e-03   2.6635067e-03   5.2058987e-03   1.5566603e-14   7.9663279e-17   1.2801729e-03   5.5684368e-47
   1.6385521e-07   1.1529315e-03   1.3876512e-20   1.4491643e-07   1.2630320e-03   6.3912555e-03   7.0845843e-19   7.8999494e-14   1.6930127e-03   4.7217601e-27
   2.0878378e-06   1.7559782e-03   3.9381695e-29   5.9393899e-09   7.2181881e-04   4.8037207e-03   4.5593969e-23   5.2749851e-15   1.4751885e-03   1.2171680e-04
   5.5265869e-03   1.6797393e-03   2.6068024e-28   1.6123259e-07   9.4210506e-04   2.3679587e-03   4.7666606e-22   2.0474131e-13   1.6250929e-03   4.8688629e-03
   4.2923743e-03   1.0656980e-03   4.7011231e-29   6.4246739e-13   1.5229141e-03   9.6409577e-04   2.3928521e-21   3.3898002e-07   1.5570522e-03   3.2274567e-03
   1.6534124e-28   7.5303213e-04   9.0164280e-27   1.5599429e-03   2.1039914e-03   2.3604106e-04   8.1090569e-12   2.3120396e-07   1.3806130e-03   1.2488946e-03
   2.8782382e-04   7.3975357e-04   6.1564797e-24   2.7246766e-03   2.3625916e-03   4.4889056e-04   6.5833668e-25   6.4560631e-05   2.2484198e-03   1.9040462e-06
   1.3836961e-03   9.6143680e-04   5.9453097e-23   9.1212258e-04   2.4243606e-03   4.3205410e-04   4.9049250e-17   2.2429032e-05   1.7659248e-03   1.0593269e-24
   3.2448718e-03   6.8883915e-04   1.1067324e-23   3.1877616e-04   1.7340683e-03   4.2169802e-04   4.4012400e-14   3.4100664e-04   2.2647997e-03   7.8303194e-29
   8.3500964e-03   1.0947806e-03   8.2277512e-30   6.7309494e-04   1.2489331e-03   4.9982988e-04   2.8836914e-12   4.0786282e-04   2.4333033e-03   1.9840602e-27
   6.7093458e-03   1.1927572e-03   3.4985930e-26   2.6448174e-06   1.4720801e-03   9.2600616e-04   5.9791059e-21   6.0569472e-06   2.4828549e-03   2.0773323e-52
   1.9965024e-26   7.7424771e-04   4.5606654e-21   2.5479694e-30   1.7887968e-03   2.2365395e-03   3.4807623e-14   1.3065360e-04   2.4551843e-03   2.7484213e-48
   4.8001656e-05   7.2669954e-04   8.4482137e-22   1.5452335e-03   1.4077871e-03   3.9781966e-03   9.0680621e-22   4.4512302e-04   3.3631611e-03   1.0578063e-32
   2.7841360e-03   4.9577674e-04   3.7453976e-37   1.5195641e-03   1.5060107e-03   3.6666015e-03   1.5671987e-09   5.3263039e-07   3.5408001e-03   2.0788876e-13
   5.6116105e-03   5.2603152e-04   1.5543029e-26   6.6428799e-05   1.3270971e-03   1.6773037e-03   1.1662290e-19   4.3679322e-09   3.0716303e-03   2.3433990e-03
   8.5864584e-03   7.8139915e-04   1.1062800e-24   1.8969751e-08   1.0783299e-03   5.1825197e-04   8.2896273e-25   2.5082601e-05   2.1880952e-03   3.1115870e-03
   3.8057555e-03   8.9834453e-04   4.6235307e-23   4.4957401e-05   7.5902357e-04   1.8448166e-04   6.6459352e-29   1.8201165e-04   1.5775019e-03   1.4684272e-03
   3.2473321e-06   8.0937008e-04   2.0653856e-21   2.6766449e-10   1.0608584e-03   1.4774984e-04   1.2057621e-30   5.0844551e-04   1.2987095e-03   4.5090920e-04
   3.9636395e-03   6.0433842e-04   2.0660135e-16   6.5993167e-05   1.3959319e-03   7.4119607e-05   7.2339629e-21   3.8453223e-04   1.2548873e-03   6.7443398e-10
   3.3903772e-03   5.6889973e-04   4.9578859e-13   1.8307367e-03   1.2094646e-03   2.3563119e-04   7.0885903e-20   2.3605543e-04   1.2678407e-03   3.5530067e-26
   4.7254689e-03   6.1864369e-04   2.5414660e-21   9.2066544e-04   1.0606514e-03   1.9543663e-04   1.6635170e-14   1.5828267e-04   1.2557866e-03   7.0945334e-19
   1.2766401e-02   6.7377110e-04   1.2411653e-27   2.0744604e-07   1.2587449e-03   6.8312491e-04   2.8036466e-22   1.0847593e-04   7.8290144e-04   1.3227841e-34
   8.0853492e-03   7.7930037e-04   1.0235799e-24   4.2670045e-04   1.1191282e-03   9.4372957e-04   7.8963268e-11   2.5886711e-05   9.4393044e-04   2.8889362e-59
   4.5978422e-06   9.0540332e-04   2.4134241e-20   1.5011225e-04   6.8904189e-04   2.3624312e-03   3.1139470e-23   2.8342347e-04   9.4311381e-04   6.0034531e-29
   4.7642425e-42   8.8376188e-04   1.3090644e-31   4.9285336e-08   9.7488886e-04   3.3635769e-03   3.1316579e-18   5.2352013e-12   9.5347778e-04   7.3315834e-15
   9.7539685e-11   8.5719044e-04   2.3525152e-36   1.9813625e-04   8.6997598e-04   2.7602286e-03   5.2712139e-27   1.5566638e-12   1.0555239e-03   1.1817392e-03
   4.0242418e-04   1.1904174e-03   1.0046464e-28   4.8413125e-04   6.8492517e-04   1.4393860e-03   2.8537718e-24   2.1351652e-08   9.9557976e-04   4.8408663e-03
   8.3230798e-03   8.8481442e-04   5.3422642e-17   2.6435755e-10   6.3221084e-04   4.7727391e-04   1.3256401e-30   5.3985991e-05   8.9660423e-04   4.1975982e-03
   9.1215800e-03   8.2728991e-04   1.3154022e-27   8.4796830e-20   9.2176156e-04   2.4319210e-04   1.8358730e-25   1.1995355e-07   7.0003788e-04   1.9508742e-03
   1.1222880e-03   8.0852176e-04   8.5205129e-30   6.5249446e-05   1.2602047e-03   3.4041470e-04   1.2602577e-24   6.7555404e-07   5.6853642e-04   6.8743025e-04
   5.1567888e-53   7.5864714e-04   4.7116594e-26   8.8860575e-05   1.2359419e-03   6.3053621e-04   2.5482347e-22   9.5262906e-17   4.6283484e-04   7.1739943e-13
   8.2326881e-24   1.0107053e-03   1.0468624e-30   1.6958465e-16   1.3906812e-03   3.6956144e-04   1.1368316e-23   3.5122007e-14   2.7399227e-04   7.3627239e-21
   2.0347270e-04   1.1444195e-03   2.7361060e-29   1.2929622e-03   1.2944355e-03   8.3548046e-04   3.1625085e-26   6.1643886e-11   1.2992805e-04   2.8048895e-27
   1.7437303e-03   1.3612566e-03   1.0103983e-29   5.5108033e-04   1.0766985e-03   1.1641840e-03   2.3126305e-20   4.2900754e-09   3.1267074e-04   6.7830792e-43
   2.8757098e-03   9.0360573e-04   6.5568121e-25   9.5627799e-08   8.8907290e-04   2.0938023e-03   1.7949279e-20   2.1894979e-06   2.8419461e-04   3.5843220e-38
   4.4795479e-13   9.6464734e-04   2.0977449e-21   1.4103125e-04   8.1108367e-04   4.3866564e-03   5.7468794e-14   1.2685721e-07   1.5156249e-04   2.8229605e-20
   1.3714612e-33   9.0014749e-04   4.9595823e-25   1.0244517e-03   1.2250110e-03   5.2589865e-03   8.0480466e-17   4.6783721e-22   2.5584688e-04   1.1443160e-07
   1.9945832e-40   1.4612561e-03   1.8204151e-28   1.5780106e-04   1.4544113e-03   3.1012910e-03   1.6037842e-25   1.2541865e-24   2.4177609e-04   5.5215756e-03
   1.6458803e-45   1.4632131e-03   2.4710898e-41   8.1476127e-27   1.7423404e-03   1.3719329e-03   9.4752031e-33   1.2965000e-23   3.4565854e-04   7.3438111e-03
   3.7387743e-37   1.5930236e-03   1.6007716e-39   1.6325505e-03   1.5592602e-03   2.9998286e-04   1.2017456e-18   6.3825877e-23   2.9572458e-04   4.0503785e-03
   1.1059266e-27   1.6172917e-03   4.2638540e-42   3.2593014e-07   1.0883684e-03   1.8679181e-04   3.7210588e-23   2.6723764e-12   3.4965859e-04   1.4707790e-03
   1.2395739e-30   1.1852500e-03   1.0693453e-35   5.1193571e-18   1.0389355e-03   4.4070320e-05   1.8633153e-22   1.9726141e-08   5.6699321e-04   8.3569874e-04
   1.4387593e-34   1.1871667e-03   8.6829751e-30   7.3513661e-04   1.2694224e-03   4.7308873e-04   2.9515452e-23   1.4824865e-08   3.6148685e-04   1.4513854e-18
   3.9742843e-58   1.4199856e-03   2.0270689e-32   5.4399064e-04   1.8113300e-03   5.2444318e-04   2.9269539e-18   5.7693665e-15   4.3708635e-04   1.7918879e-33
   6.4840488e-61   1.7802947e-03   3.2884708e-44   3.1406253e-04   2.6558049e-03   1.4735547e-03   4.7115089e-25   1.8541047e-25   3.7009192e-04   5.5441353e-43
   8.3719620e-50   2.3447680e-03   2.4368114e-58   3.8077649e-03   2.5128274e-03   2.2965598e-03   1.1965863e-11   6.9780469e-31   1.1197808e-04   3.9967681e-47
   1.1384006e-42   1.9345863e-03   2.5217497e-55   5.7154062e-03   1.4824417e-03   3.5453460e-03   2.7165684e-03   5.7223588e-28   4.4274689e-04   1.8773681e-25
   4.5279779e-44   2.0217258e-03   1.2738500e-49   1.9330388e-06   7.8657328e-04   4.0409121e-03   1.6241770e-10   1.4118746e-23   7.4070138e-04   2.0667958e-06
   5.9860091e-64   1.9935083e-03   4.6108056e-38   7.9754723e-04   4.3338504e-04   2.2647795e-03   2.2221811e-06   3.4763812e-19   9.2557745e-04   1.1867267e-04
   5.6065647e-71   1.5590112e-03   6.0134551e-44   2.7153460e-03   8.3731975e-04   3.0301774e-04   7.8484115e-10   3.5080838e-20   1.2848811e-03   3.6317363e-03
   1.1422492e-72   1.3357361e-03   8.4845430e-44   3.0621966e-03   1.1822030e-03   2.3119511e-04   4.2450590e-03   1.7302039e-12   1.1679441e-03   2.7279532e-03
   8.5203632e-55   1.7723277e-03   3.6118709e-47   6.0135046e-04   1.7222584e-03   3.7192006e-04   1.4748638e-15   5.4210031e-12   1.2797636e-03   1.3659647e-05
   2.8577058e-46   2.0612838e-03   4.0922526e-52   3.1549625e-03   1.5691905e-03   2.8620637e-04   1.0995234e-03   1.6589179e-16   1.8868184e-03   2.1734779e-21
   1.0145660e-40   1.2827714e-03   2.4923544e-46   3.3201923e-03   1.1373192e-03   3.8869398e-04   4.7434595e-04   1.0911427e-14   2.1718772e-03   1.4538060e-18
   2.2259977e-63   1.0528768e-03   2.5236493e-43   9.3051737e-09   1.1081560e-03   4.7547774e-04   1.6492242e-14   6.7515933e-06   2.8679991e-03   3.2007915e-41
   6.7419812e-59   1.0071413e-03   6.1813098e-44   7.6749999e-05   1.0742192e-03   9.7841434e-04   2.6275018e-17   8.6926802e-05   2.1848869e-03   2.9029362e-26
   5.8274550e-49   9.3130787e-04   2.6503438e-38   5.6130845e-04   7.4626130e-04   1.6632192e-03   3.9172801e-16   1.1044278e-04   2.0223627e-03   1.0970851e-22
   4.8020309e-40   7.6981630e-04   1.5733971e-29   1.3807983e-03   8.1476444e-04   2.2476992e-03   1.9446282e-25   2.6854993e-04   1.5457144e-03   4.5614254e-19
   6.1694427e-34   8.5530735e-04   3.5124963e-34   1.4639053e-03   9.6769798e-04   2.1071878e-03   1.8721702e-06   2.6412316e-05   1.4028070e-03   7.2884447e-10
   7.9085768e-39   1.1473640e-03   8.6735233e-31   2.4780623e-03   7.7616108e-04   1.7199658e-03   7.0123515e-12   8.4679690e-08   1.7234923e-03   4.8130895e-04
   2.6573129e-48   8.4033696e-04   7.6042297e-34   5.3966688e-04   4.7026187e-04   1.0428858e-03   5.1876747e-24   9.5899191e-05   3.0393291e-03   1.7347248e-03
   1.2927527e-36   7.4462842e-04   5.9500144e-34   5.8805200e-06   2.4986292e-04   4.2458572e-04   1.1983861e-19   1.3691817e-04   3.5952763e-03   3.1011061e-03
   7.0202347e-51   8.0906344e-04   8.4036190e-34   6.5020901e-04   3.1325610e-04   2.3830501e-05   5.9461732e-23   1.7399221e-04   3.3562588e-03   2.2889675e-03
   2.9486366e-40   6.1427214e-04   3.4477876e-35   1.1498071e-03   3.6319295e-04   8.0114758e-05   1.2869038e-20   2.6881972e-04   2.5462686e-03   1.0838952e-03
   3.1980062e-21   5.6561731e-04   5.4457468e-24   4.3958421e-04   4.9980557e-04   1.9281066e-04   4.1814424e-23   2.3673249e-04   2.2361083e-03   6.3049894e-04
   1.5976543e-32   8.7182897e-04   9.8515539e-28   7.2626959e-04   6.3375669e-04   3.3355832e-04   9.5784869e-11   2.4864406e-04   2.3022114e-03   8.7315979e-23
   3.6832802e-59   7.2785412e-04   4.2213986e-23   1.6723518e-03   8.2466317e-04   4.7515958e-04   3.8410055e-21   2.9828328e-04   1.6652946e-03   1.2396414e-18
   5.5626036e-47   5.0316099e-04   1.3218849e-23   1.0644309e-05   7.0396112e-04   5.8325032e-04   5.9598520e-29   5.4825958e-04   1.8355839e-03   6.5681862e-19
   1.7633120e-42   5.2797952e-04   6.2642494e-20   5.2012699e-06   5.7043869e-04   7.5152694e-04   6.8460947e-26   4.5965952e-04   1.5762642e-03   2.5260849e-53
   3.4034069e-40   6.7454272e-04   4.1302324e-19   1.9882267e-05   3.9631259e-04   1.1477805e-03   1.9645041e-28   3.4500492e-04   1.1056492e-03   5.2984040e-20
   8.0881117e-24   5.1292449e-04   1.1969412e-09   7.7413650e-04   3.1041778e-04   1.4565113e-03   8.4844874e-38   3.5305001e-04   7.1256097e-04   1.4254664e-05
   1.1341686e-22   4.7862672e-04   1.4653885e-17   3.9231886e-04   3.1469644e-04   1.0040942e-03   6.4276600e-05   3.6945142e-04   1.2521483e-03   5.7908812e-04
   5.8666773e-38   6.2599728e-04   7.9712378e-18   1.2666706e-03   5.0877279e-04   4.7145965e-04   1.9182796e-11   2.3950167e-04   1.4421646e-03   1.9535784e-03
   4.4206442e-35   5.6041375e-04   2.4790227e-06   6.2364499e-04   7.5373066e-04   1.9140514e-04   3.0461435e-32   2.2313181e-05   1.2087925e-03   2.4321075e-03
   1.0724336e-46   4.8393448e-04   7.9650588e-11   2.7069325e-08   5.1883045e-04   1.9318521e-04   9.2918198e-20   1.2264922e-04   1.3877175e-03   1.5195229e-03
   8.3670012e-56   4.6900087e-04   1.7359218e-16   3.0477445e-04   4.0446917e-04   1.3371626e-04   7.1141871e-18   1.5406602e-04   1.7502327e-03   5.8729423e-04
   1.2631495e-25   5.9321456e-04   3.0556709e-31   3.0804026e-04   2.6725875e-04   3.6963862e-04   2.1524877e-31   2.3665128e-04   1.7672897e-03   1.0678018e-06
   3.9288131e-04   4.6303143e-04   4.1245340e-19   4.7374079e-04   4.1386864e-04   3.6393049e-04   1.4909619e-26   1.4454352e-04   2.0178726e-03   1.2901257e-14
   2.7646155e-11   4.7352697e-04   6.1676804e-20   2.7325130e-05   3.8941824e-04   4.7384954e-04   6.1043697e-09   1.3605193e-04   1.9752146e-03   3.2455103e-44
   2.4256134e-33   4.4499211e-04   1.7352407e-17   1.4377085e-03   4.9635664e-04   7.0909403e-04   1.6485012e-29   2.3711100e-04   1.3862490e-03   9.0953370e-37
   5.9049028e-27   4.6857500e-04   5.8870483e-22   2.3199659e-04   6.4068987e-04   1.0621147e-03   1.0312351e-38   8.5772924e-05   1.7933078e-03   2.6820389e-28
   2.7362537e-18   4.3726127e-04   3.1543954e-17   1.4271570e-05   3.9303280e-04   1.3192746e-03   3.1287845e-34   8.9558032e-07   1.8501303e-03   3.1534773e-17
   4.4386537e-09   4.9405183e-04   2.7190019e-05   1.4798955e-06   3.7641269e-04   1.3173838e-03   2.9736675e-34   2.7696511e-04   1.2489662e-03   5.5542909e-04
   7.5898590e-12   5.9805523e-04   6.5728518e-24   3.1366717e-04   3.7793656e-04   1.0370443e-03   1.1083450e-39   2.7689304e-04   1.6097470e-03   5.2063475e-04
   7.3185732e-48   5.2718978e-04   6.8658136e-21   3.0436971e-04   4.4054803e-04   6.0412414e-04   1.8531916e-12   1.9058719e-04   1.7409399e-03   1.9490164e-03
   1.9051998e-19   4.7777193e-04   9.3884759e-15   7.6139493e-04   6.8916402e-04   2.0705596e-04   2.6744755e-09   1.4632967e-05   1.7000753e-03   2.0309008e-03
   1.8663659e-19   5.3008549e-04   7.0444456e-23   8.0943548e-04   4.9760043e-04   2.7550602e-04   3.3208639e-26   2.3488531e-09   1.7571629e-03   9.5624098e-04
   4.4326870e-28   5.7689733e-04   3.9425249e-28   1.5235972e-14   7.0544735e-04   5.0344801e-04   1.1340043e-22   1.3808558e-05   1.7672775e-03   2.3243231e-15
   2.1012308e-09   5.9713918e-04   3.3633304e-39   8.7476653e-06   7.8150572e-04   2.3395059e-04   1.1251668e-28   2.2098859e-04   2.1531930e-03   2.2520454e-15
   2.2654723e-03   4.4686584e-04   7.6578607e-18   4.1043127e-04   4.6699990e-04   3.7584761e-04   1.2732887e-44   7.6664031e-04   1.3048941e-03   2.6073463e-13
   9.2472040e-05   6.2906445e-04   7.7732595e-20   5.4304644e-04   3.7410586e-04   2.6994879e-04   2.5072000e-17   5.3396161e-04   2.3059715e-03   2.7690314e-33
   3.2100030e-09   5.0513427e-04   5.7050055e-38   4.6116415e-05   4.0488793e-04   5.5073496e-04   1.9020642e-03   2.6379259e-04   3.4313606e-03   1.0211346e-48
   5.0026992e-08   4.7511964e-04   1.0684655e-24   1.5722519e-03   5.5288159e-04   8.6535729e-04   2.5017897e-17   1.0624779e-04   3.1472427e-03   3.0239181e-41
   1.0771035e-22   4.8458616e-04   9.7064582e-25   9.8076029e-04   5.3133771e-04   1.0807234e-03   8.3659440e-41   4.9371380e-06   3.2165099e-03   2.1784011e-22
   6.5916358e-16   7.3046278e-04   6.9728045e-30   2.1766946e-05   5.2253516e-04   9.6511566e-04   1.5821753e-35   5.5654069e-05   2.9001000e-03   4.5032328e-09
   5.0593886e-04   7.6535579e-04   3.6075740e-26   1.1506958e-05   7.6436831e-04   3.2462096e-04   1.2175649e-36   2.4854883e-04   2.3829429e-03   7.6552458e-04
   4.5144223e-04   4.4881722e-04   9.7623328e-36   7.3793529e-04   9.3390771e-04   2.0622296e-04   1.0734970e-28   1.1426051e-04   3.3629830e-03   1.2815203e-03
   1.0965408e-48   6.4658482e-04   2.6422123e-44   9.5794903e-04   6.7944030e-04   4.1094083e-04   1.4876386e-05   6.2283401e-13   3.4734052e-03   6.9594035e-04
   1.6177172e-15   6.7163646e-04   2.0832980e-34   5.5994335e-04   9.6375530e-04   1.3192175e-05   1.4241226e-08   4.8252852e-12   3.9410876e-03   5.0862407e-04
   3.0018720e-04   5.5171148e-04   1.1939659e-35   1.8508771e-03   1.0897205e-03   3.5772204e-04   6.3004330e-28   7.8027950e-06   3.7490856e-03   9.1611720e-17
   2.3495937e-06   8.4294201e-04   7.7983737e-32   5.8402821e-07   8.8808800e-04   2.8302092e-04   1.2883973e-25   3.8136986e-05   3.6154545e-03   4.1800049e-24
   3.5430747e-03   1.0558922e-03   6.9578481e-26   2.8739629e-06   5.9838429e-04   3.5739141e-04   2.0869845e-26   2.8956984e-05   4.0141473e-03   1.0241092e-41
   1.1746984e-03   9.7061643e-04   8.9530147e-36   2.0614707e-04   4.0126345e-04   5.8858007e-04   6.5063600e-36   2.2965951e-04   4.3344959e-03   9.4696208e-37
   3.7565951e-20   7.3062995e-04   1.1311857e-39   1.4258828e-03   1.2121078e-03   9.9079287e-04   6.2189229e-10   5.0137518e-09   3.7646450e-03   4.9958850e-21
   2.3545873e-08   8.5119455e-04   4.9086471e-37   5.4468764e-04   1.3214701e-03   1.0685446e-03   2.0567428e-05   2.1843604e-12   3.4038729e-03   5.7364179e-19
   1.4831211e-12   6.7259003e-04   8.2693561e-54   1.9357720e-03   1.5180655e-03   9.0547949e-04   1.7504769e-17   5.8871937e-11   4.0469090e-03   4.3403334e-04
   1.1621986e-03   7.7168303e-04   1.1847618e-40   1.8071501e-03   1.2898162e-03   6.1628910e-04   2.9688259e-66   1.7580431e-09   4.7407201e-03   7.0240717e-04
   2.7085109e-03   1.0841173e-03   2.6374167e-48   2.5296127e-04   1.0073736e-03   5.5733603e-04   7.5200934e-30   6.0279929e-11   5.1438832e-03   1.2509279e-03
   6.1116261e-07   1.2521435e-03   1.0129875e-50   7.5579430e-04   1.1110714e-03   2.2007468e-05   9.1296600e-45   9.7339099e-15   4.3384988e-03   2.0938951e-03
   7.1394702e-32   1.0307377e-03   6.5828926e-46   9.0388556e-04   1.2178712e-03   2.2661592e-05   5.5912124e-22   3.2803085e-21   5.3317192e-03   1.2078053e-03
   4.1143043e-21   1.2822107e-03   1.1507660e-49   1.8920043e-03   1.7013526e-03   4.5542317e-04   9.9897162e-05   7.5711385e-20   4.8291780e-03   2.7906779e-11
   6.5815838e-18   1.3581086e-03   2.4559980e-42   9.7829227e-04   1.6926490e-03   1.0120682e-04   9.6379547e-07   4.3037550e-18   4.1653906e-03   5.5671369e-19
   3.2745264e-06   1.3198355e-03   9.6068839e-46   2.5017363e-03   1.4381556e-03   2.8987509e-04   6.7636393e-30   1.0516976e-14   4.1607309e-03   1.7196685e-25
   3.4108052e-04   1.8120232e-03   5.4794624e-44   1.4127318e-05   1.2824089e-03   3.6852633e-04   1.5813666e-31   2.9559082e-10   6.3809685e-03   3.7519990e-40
   8.3807481e-10   1.9161817e-03   2.1172576e-34   2.2819123e-04   7.5295665e-04   9.2767198e-04   1.2343988e-33   1.2696470e-13   5.2965474e-03   2.9395539e-29
   2.5510837e-33   1.5670686e-03   3.5026436e-29   2.0051338e-03   9.2645520e-04   1.4053108e-03   1.2612204e-26   7.0015861e-20   6.0813548e-03   1.6632002e-19
   1.9645597e-39   1.7917839e-03   3.1336963e-38   3.0518278e-03   1.0836079e-03   1.4810847e-03   1.2716389e-06   1.9227024e-23   6.6412044e-03   3.0215081e-17
   1.0924901e-28   1.8387720e-03   3.7938309e-44   3.6102342e-03   1.1653343e-03   1.1367830e-03   2.6767646e-05   8.2700790e-23   5.9621128e-03   1.2247019e-04
   8.5082539e-15   1.3473792e-03   1.4861515e-35   3.9051408e-03   1.2865154e-03   2.7047013e-04   5.8023106e-19   3.0388468e-21   5.1678935e-03   5.3301528e-12
   5.8587233e-23   1.8122442e-03   1.6052739e-30   4.3040203e-03   7.7878593e-04   2.1455869e-04   9.4373751e-56   2.9381635e-23   6.4767716e-03   4.8683693e-07
   3.3539877e-29   2.5839202e-03   1.4583994e-39   9.6620208e-05   5.5388660e-04   1.4396567e-07   1.0480832e-25   1.3792143e-27   7.1134995e-03   2.8579349e-26
   9.3695540e-38   2.0104107e-03   9.1039476e-49   4.2913188e-03   6.5112714e-04   5.5237099e-25   2.4725975e-30   4.9837914e-19   7.3333833e-03   1.3613038e-41
   1.2638398e-40   1.9710230e-03   3.5292572e-40   2.4469914e-03   5.0327480e-04   2.8971185e-09   1.5176424e-13   6.4123490e-22   6.1671616e-03   9.1941863e-46
   1.1484356e-34   2.1558561e-03   1.1308902e-44   3.0148611e-03   4.5586016e-04   8.5622603e-06   1.6014684e-06   6.1138411e-19   5.6880176e-03   4.2644339e-63
   9.0017784e-26   1.4545850e-03   3.4533682e-47   3.8272305e-03   6.6893484e-04   7.0550612e-05   1.1764773e-04   2.0600321e-19   9.8017187e-03   3.6027351e-52
   3.6810717e-24   1.5235644e-03   6.2318678e-39   3.6993844e-03   5.1506432e-04   7.1112848e-05   3.4618943e-26   1.1690549e-18   1.0236496e-02   3.9633724e-68
   4.3480504e-20   1.7753902e-03   2.2013749e-52   1.5483115e-03   1.1473170e-05   1.2919417e-04   1.0738254e-31   1.6402991e-16   9.7129893e-03   1.8882378e-64
   3.8684889e-28   1.5559175e-03   8.6384681e-36   1.8025147e-06   1.9841086e-04   1.7634267e-04   1.7435789e-26   4.3044688e-18   7.8631165e-03   1.0953886e-54
   6.8669161e-32   1.3284119e-03   3.9319807e-27   2.1874772e-03   2.6012272e-04   3.9845930e-05   1.4836039e-14   7.1270899e-18   5.7673495e-03   3.9231801e-33
   4.2668295e-21   1.2288165e-03   2.2762119e-52   2.1626491e-03   1.7121580e-04   1.6092668e-07   6.2299492e-05   6.3664882e-19   6.0625739e-03   1.6090337e-24
   2.6934904e-20   9.9943494e-04   3.7782843e-46   2.9575085e-03   2.1412150e-04   6.4779322e-08   3.7901487e-05   1.5545691e-16   6.4508933e-03   4.4950526e-40
   1.8824816e-09   9.8468395e-04   1.7909483e-43   1.4726317e-03   2.0902167e-04   1.8736426e-05   1.1000366e-23   5.1149052e-08   5.3414858e-03   2.6783214e-35
   3.8088578e-08   8.7861499e-04   2.1855813e-32   8.2583637e-04   8.6378133e-05   1.6183576e-07   1.1372488e-47   1.3004761e-04   5.0535858e-03   1.5369291e-12
   1.7073575e-07   7.1905100e-04   1.4974534e-34   3.0974818e-11   2.5517519e-04   9.0288063e-06   3.3441005e-38   3.8979340e-08   4.7028486e-03   8.3955916e-16
   1.1062811e-03   4.6392592e-04   4.2661300e-32   4.1291018e-04   3.9022752e-04   1.1275487e-04   6.7615665e-27   6.5865474e-11   5.0678261e-03   3.9888125e-29
   2.4865282e-03   4.6406287e-04   1.9946634e-36   2.4868424e-04   5.0142555e-04   1.2123081e-04   9.5984876e-05   5.8641367e-13   4.1978485e-03   6.0946706e-59
   1.4278286e-03   4.6988122e-04   1.4856071e-28   1.0808417e-17   6.2690196e-04   2.4118811e-04   3.2012853e-07   1.1873838e-07   3.3798612e-03   2.8729350e-44
   1.0197875e-03   4.6016033e-04   1.4124678e-36   4.8296856e-14   4.7557093e-04   1.5288995e-04   1.9233982e-18   1.8153393e-05   4.1541400e-03   2.1850317e-39
   7.3481214e-04   4.0801514e-04   4.3350727e-30   1.1839884e-24   4.6822526e-04   4.2120387e-05   8.6421123e-42   2.5663827e-04   4.1045782e-03   2.4303990e-19
   8.9157445e-04   3.1989382e-04   9.2882940e-26   7.5249680e-12   5.0425952e-04   1.1096405e-04   4.6468575e-47   1.9523255e-04   4.4153428e-03   2.2199365e-05
   3.3529326e-03   2.7440571e-04   9.7463923e-31   2.6487027e-11   3.8851303e-04   2.3426844e-04   2.2539495e-40   2.5629617e-05   4.9853516e-03   1.0903768e-04
   3.1945950e-03   2.5919257e-04   2.4080470e-27   2.8971990e-05   4.7018561e-04   2.1472557e-04   4.6247831e-62   4.4437597e-05   4.0641742e-03   1.0248171e-05
   2.6183336e-03   2.5843833e-04   5.9454113e-18   8.0552466e-05   6.0091109e-04   1.2084390e-04   3.9855413e-38   1.1965711e-04   2.3822538e-03   4.0229104e-04
   1.0709931e-03   2.4773464e-04   5.1241808e-39   8.5091060e-05   6.5965733e-04   4.1501411e-05   9.9663043e-27   6.7896966e-05   2.6399524e-03   3.5324394e-04
   8.8871971e-04   2.4786248e-04   1.5587736e-34   2.4575707e-08   4.9453149e-04   1.9761458e-04   3.8412254e-42   1.3806108e-05   3.3106973e-03   3.7684446e-05
   2.1372071e-04   1.8672362e-04   5.7745074e-30   1.2816899e-04   4.2746395e-04   2.3021383e-04   1.0603999e-42   8.9525150e-09   3.4813374e-03   4.3915852e-14
   1.7730987e-04   1.5872514e-04   2.3530291e-28   8.6411589e-05   4.8040424e-04   1.9855134e-04   4.4617199e-28   6.6970240e-11   4.7762084e-03   1.7050912e-31
   6.6140897e-13   1.7735635e-04   8.9596478e-27   2.3612798e-04   4.7803474e-04   2.8758915e-04   3.2650076e-26   4.9722131e-06   4.7946174e-03   2.4178568e-40
   2.1016037e-18   2.1390869e-04   3.7968572e-33   4.2185116e-04   4.5421482e-04   2.7419465e-04   5.8883467e-17   5.8785026e-07   3.7129836e-03   7.7868068e-29
   5.0155455e-39   1.9635508e-04   4.1422912e-29   3.5092791e-04   6.6630486e-04   2.9814619e-04   1.1429943e-08   6.7606506e-17   4.0321281e-03   3.0844393e-13
   4.7176211e-31   2.3721705e-04   1.5385382e-39   1.5707049e-04   6.1794622e-04   1.9145922e-04   8.8852304e-19   1.3142754e-19   5.6289906e-03   3.6218901e-09
   9.6063784e-21   2.4169808e-04   1.4724084e-30   7.4148499e-05   7.2276768e-04   1.1757840e-04   1.4231050e-41   1.1133329e-10   4.9903099e-03   3.0772627e-05
   2.4025572e-34   2.0320218e-04   9.5064258e-16   1.3590339e-04   5.8935529e-04   2.8426029e-04   5.1812041e-52   1.8091370e-06   3.4479045e-03   3.3366447e-07
   1.0634329e-39   1.7953479e-04   7.7228887e-21   1.1091560e-13   5.6567100e-04   1.7139573e-04   9.1505744e-34   4.6565661e-08   3.6134518e-03   1.0136717e-11
   5.9135414e-33   1.6876389e-04   4.2813920e-34   2.0174996e-04   5.1093402e-04   1.8033065e-04   3.0001535e-22   4.1311459e-08   5.3013061e-03   1.8416054e-04
   1.9479256e-30   1.0955837e-04   2.3280762e-39   3.3311397e-04   4.2698021e-04   1.9794266e-04   1.2999804e-12   4.7875485e-14   5.7534170e-03   2.0281313e-05
   2.0604827e-28   1.3065030e-04   5.1656694e-47   1.7343361e-04   7.0859096e-04   6.3000844e-05   7.2963192e-14   1.8577585e-27   4.8462566e-03   1.2260738e-04
   1.1143395e-25   1.5047432e-04   2.7901435e-36   1.7573344e-06   6.7684633e-04   2.7403874e-05   2.7112958e-13   2.0213230e-16   4.2510914e-03   6.1375652e-05
   3.6683161e-32   1.5034153e-04   1.2168136e-26   5.1601651e-13   6.7139805e-04   1.0047139e-04   7.8273146e-39   2.7211588e-08   3.6005349e-03   1.0305450e-30
   1.7011973e-29   1.2589495e-04   6.1787467e-20   1.8705503e-17   5.6577580e-04   1.2348934e-04   4.9340728e-32   2.7498436e-05   3.3587368e-03   1.0086938e-16
   7.8075297e-44   1.3663209e-04   4.7070059e-16   3.6798824e-15   4.0717462e-04   5.9405328e-05   4.4058328e-25   1.1842447e-05   4.2075492e-03   3.6502639e-30
   1.4217287e-18   1.2696371e-04   2.7951004e-25   3.0705560e-05   4.4927255e-04   1.8260439e-04   5.2106949e-11   8.5003371e-08   5.4026757e-03   1.0703737e-20
   8.7520739e-35   1.6408537e-04   7.0880827e-28   1.0475462e-05   3.9893054e-04   1.2696615e-04   2.0561502e-15   8.6031913e-07   4.5918048e-03   1.2916058e-12
   1.1189172e-35   1.7530070e-04   8.0442182e-33   5.1187995e-13   5.9706827e-04   8.7346966e-05   2.3015357e-27   1.0447685e-07   5.2012930e-03   1.4530500e-04
   8.5247052e-34   1.5165872e-04   1.1851032e-31   8.9701235e-17   6.7951867e-04   1.6341999e-04   4.0954470e-38   1.1998023e-10   5.3650105e-03   5.3911041e-05
   2.2243037e-34   1.6010673e-04   1.4399844e-17   2.3825562e-15   6.0091058e-04   1.1269389e-04   6.9517345e-34   4.7126379e-08   3.6653575e-03   1.5722851e-04
   7.9908812e-36   1.1644797e-04   1.2320110e-20   1.1502398e-25   5.3654177e-04   6.9757571e-05   3.8444407e-34   3.1774668e-10   4.1128185e-03   3.0960136e-04
   2.1046923e-36   1.0258153e-04   1.1635308e-33   6.4150178e-16   4.3276342e-04   1.7801866e-04   2.3276295e-06   2.3907512e-06   5.4428577e-03   1.3587556e-04
   7.8876553e-23   1.5889563e-04   2.9943409e-34   1.3254234e-17   4.1795761e-04   1.1308964e-04   1.6801781e-25   2.2053187e-08   4.8238166e-03   8.3675760e-05
   1.4475514e-30   1.3819417e-04   1.2203105e-32   3.1567360e-13   5.0832495e-04   1.5731640e-04   9.4802381e-28   1.8986422e-05   4.3880391e-03   6.1664359e-12
   1.0653375e-37   1.0549306e-04   1.8108790e-33   4.7181678e-11   4.1007592e-04   2.0554870e-04   2.4353111e-18   5.8746014e-05   5.1966409e-03   9.5336413e-18
   2.0976719e-20   1.1720781e-04   6.9546333e-22   2.7104675e-35   3.7267099e-04   2.2122707e-04   2.9089798e-43   9.9795807e-05   5.2552574e-03   5.6484119e-15
   1.1126223e-34   9.1961629e-05   3.9045039e-24   4.2707810e-40   3.7192505e-04   2.4074416e-04   2.5917896e-49   1.7564282e-04   5.9951907e-03   4.3069510e-05
   1.5841148e-51   8.0753534e-05   8.0949413e-19   7.0124444e-32   2.2363068e-04   5.9460514e-05   4.2942460e-34   2.4072261e-04   5.0029825e-03   2.9147216e-04
   4.7763711e-36   9.1299498e-05   1.7581572e-10   4.8171546e-14   1.9118801e-04   2.5079165e-04   3.4133655e-33   4.9602609e-04   3.2081727e-03   1.9315921e-04
   3.0548979e-37   7.6073469e-05   1.5437000e-10   1.2124230e-14   2.1923920e-04   1.7107477e-04   3.2549284e-35   5.0878863e-04   3.1702170e-03   3.2403629e-04
   8.3870743e-30   6.9162362e-05   1.2676252e-07   7.6645570e-15   2.6325921e-04   1.2785307e-04   2.3680537e-23   2.6016320e-04   3.6806307e-03   1.3260484e-04
   2.4712222e-46   8.8023305e-05   1.4576226e-06   1.7202565e-28   2.2739056e-04   1.0845131e-04   1.1672341e-45   2.9046032e-04   3.7159425e-03   3.5582858e-04
   5.2003168e-29   6.1796538e-05   6.2461143e-04   6.7689055e-37   1.9277261e-04   9.5434011e-05   1.6188271e-52   2.8046587e-04   3.1247061e-03   3.4039646e-04
   1.1340511e-28   4.3934768e-05   3.7148468e-04   6.7422465e-25   1.4696636e-04   2.3249343e-05   5.4275523e-63   6.3331951e-04   3.6357803e-03   2.2022839e-04
   5.3773208e-27   4.3956903e-05   1.4120526e-05   3.8328512e-39   6.6434185e-05   4.3175823e-05   3.4278254e-44   7.5451231e-04   3.7240041e-03   1.3633272e-04
   6.2965776e-20   3.4313589e-05   5.4414346e-06   1.9065711e-17   4.3444208e-05   5.6036392e-05   1.9120989e-23   6.6369783e-04   4.5366191e-03   8.3150304e-05
   4.6274673e-30   4.0887855e-05   7.3240896e-04   7.8031452e-24   3.2198088e-05   1.2733529e-04   5.2179622e-22   5.4764494e-04   3.8064333e-03   7.1162922e-05
   5.6946494e-32   5.2617155e-05   1.1172257e-03   4.0254604e-21   3.3989842e-05   2.2999482e-04   3.9217307e-30   6.1514996e-04   3.1868138e-03   4.0842812e-22
   2.1519746e-30   2.4944326e-05   3.1500872e-04   1.7101671e-16   4.4520203e-05   3.0827064e-04   8.6264590e-41   6.3279320e-04   3.0726474e-03   6.5223409e-30
   2.9515443e-36   5.4695369e-05   5.4026389e-05   1.8058457e-25   4.4135325e-05   4.0053786e-04   3.2148916e-41   6.5329883e-04   2.5582104e-03   3.9845309e-10
   6.4653929e-24   6.8606889e-05   2.6868271e-07   7.9120148e-55   3.8876524e-05   3.9798472e-04   1.4942286e-60   7.3794840e-04   2.7882631e-03   4.5668067e-05
   1.0011208e-16   9.5818923e-05   3.7598397e-06   3.8167958e-27   2.1266994e-05   1.8067120e-04   1.8566458e-60   5.0025884e-04   2.9211418e-03   1.9743670e-04
   4.2316661e-21   1.0364550e-04   1.3931334e-10   3.6714353e-21   1.4128852e-05   5.0751641e-05   3.2774123e-57   4.0821780e-04   3.0121128e-03   7.0832548e-04
   5.2322774e-36   9.0148538e-05   2.8136407e-07   3.3901214e-18   3.1521757e-05   1.7476410e-04   3.9729402e-45   4.9378990e-04   3.7616506e-03   9.3114249e-04
   8.9347383e-21   7.0325700e-05   1.0038532e-07   1.3837341e-08   1.0000000e-04   1.8796583e-04   5.3056889e-61   5.0190830e-04   3.7962502e-03   5.8866230e-04
   1.0988582e-19   6.5730067e-05   1.5730619e-12   7.2475143e-06   7.9379244e-05   9.7396769e-05   1.5719897e-35   7.2575763e-04   3.8648459e-03   3.2996907e-04
   1.6376910e-26   9.2336107e-05   3.8829455e-15   4.2952186e-11   8.7584914e-05   2.8466664e-04   9.5666116e-53   6.0744848e-04   4.2530026e-03   1.8776645e-05
   2.3969286e-18   1.4195342e-04   2.4052345e-12   5.8004628e-14   7.2178120e-05   2.9051252e-04   2.9644708e-53   4.4828667e-04   3.7816529e-03   1.2056420e-29
   6.6240052e-20   1.0679523e-04   9.9423597e-16   4.2275905e-13   7.0401076e-05   2.7612153e-04   3.9863181e-34   2.7441879e-04   4.1285501e-03   2.6196916e-33
   3.8953120e-44   1.1732106e-04   1.0244144e-28   1.4687152e-08   8.5549305e-05   2.6968995e-04   2.7501923e-21   2.9419466e-04   3.9658000e-03   1.0593740e-08
   9.6469242e-34   1.2733590e-04   3.6472129e-22   1.9709112e-05   1.0972827e-04   1.5281928e-04   1.9856381e-30   3.1856769e-04   2.9247255e-03   1.2589458e-04
   1.2532653e-40   1.0078735e-04   2.2422309e-20   8.0103508e-17   1.2748673e-04   1.3282115e-04   1.9584198e-17   3.5063187e-04   2.5896949e-03   1.0583347e-05
   4.2764162e-47   8.2206116e-05   4.3575681e-17   1.3350342e-05   6.8853849e-05   1.3670510e-04   4.5936801e-23   5.9196157e-04   2.4977922e-03   2.5250728e-04
   5.6126595e-45   9.4454353e-05   4.3327550e-20   4.5585867e-06   1.1071569e-04   1.4835517e-05   3.1461879e-54   3.8695542e-04   3.7490173e-03   2.5516927e-04
   3.2682628e-70   1.3926374e-04   2.3669767e-33   1.5837912e-36   1.3720245e-04   5.7722114e-05   9.4442353e-20   1.7528005e-04   4.2402612e-03   4.1021533e-04
   2.0169916e-66   1.5737855e-04   3.5038174e-36   2.6006107e-05   1.4621383e-04   5.9167820e-06   5.0684664e-27   1.7824045e-04   3.4322080e-03   4.7773442e-04
   1.2705634e-70   1.6137069e-04   2.3406466e-31   1.4796275e-04   1.1637655e-04   4.2594931e-05   3.3511644e-24   1.6403516e-04   3.0185604e-03   2.1996083e-04
   2.0986121e-56   1.3448985e-04   1.0487134e-35   3.8978184e-05   9.5091112e-05   1.3418891e-04   1.7297637e-18   8.7710754e-05   3.3886022e-03   9.5344291e-06
   1.1686860e-75   1.3152075e-04   3.1896724e-30   1.8996167e-07   1.0384863e-04   9.5992069e-05   1.5845538e-29   1.9733059e-04   3.5678615e-03   7.9583179e-06
   1.4586204e-63   9.7360089e-05   2.9781734e-29   6.1863624e-06   8.0560913e-05   1.0833124e-04   7.2196944e-21   2.9014652e-04   3.4515168e-03   3.2562355e-13
   3.1075268e-69   1.6007890e-04   7.0980364e-34   3.1664566e-16   1.0773858e-04   1.2482000e-04   3.9818358e-27   2.1229715e-04   3.2916710e-03   1.8441151e-27
   6.2236968e-71   1.4805611e-04   5.0596429e-22   4.4365641e-47   7.8663264e-05   2.2311254e-04   3.8567896e-29   8.4853198e-05   3.8577749e-03   8.7356103e-18
   1.0948473e-73   1.3333145e-04   2.3630162e-26   5.5354012e-18   6.6206209e-05   3.1274529e-04   4.8744766e-34   3.1494182e-05   3.4349549e-03   5.7850309e-08
   2.3993201e-63   1.4101217e-04   3.0018668e-42   3.9181149e-10   7.4616063e-05   2.4520904e-04   9.6518913e-54   9.1486387e-05   3.3837102e-03   3.5100117e-06
   2.9233750e-65   1.2120375e-04   8.3193660e-50   6.6062391e-15   1.0745158e-04   8.8588625e-05   2.4293515e-32   1.0245488e-04   3.3789330e-03   1.7535941e-04
   1.9771578e-64   1.3276719e-04   3.6714363e-36   5.1018341e-08   8.4817591e-05   5.3134778e-05   3.5063704e-36   7.6323489e-05   2.5081169e-03   9.2444802e-05
   1.7467885e-59   1.2064799e-04   1.0396950e-25   4.5957919e-05   9.4622266e-05   8.6244952e-05   1.0352848e-29   5.2554728e-05   3.1758155e-03   2.5800734e-04
   7.1293377e-73   2.0273464e-04   8.1112898e-49   2.9679985e-26   5.6309707e-05   9.1522280e-05   5.0578498e-29   2.8920965e-05   3.8927664e-03   3.1551630e-04
   4.7534564e-68   1.9419640e-04   1.6976368e-31   3.1638105e-05   9.4097549e-05   1.4576136e-04   2.7456748e-41   6.8130817e-06   3.5641716e-03   4.1026972e-06
   4.6227717e-85   1.9544101e-04   6.4583277e-29   1.6784829e-04   8.3897388e-05   2.5988505e-04   1.3040581e-24   4.2590109e-06   3.1167899e-03   3.0879330e-12
   4.4908470e-71   1.5082961e-04   4.6226197e-35   2.0111088e-05   4.2152773e-05   2.9425844e-04   3.8465193e-27   1.6979448e-07   3.3507847e-03   7.8791788e-22
   4.6004445e-76   1.3192678e-04   1.5048108e-35   1.1527023e-06   1.5788740e-05   3.0067588e-04   2.1790373e-23   6.4553313e-06   3.0186310e-03   3.2371050e-34
   1.2902963e-77   1.5864604e-04   2.6984295e-19   5.0340851e-08   3.4160322e-07   3.0096153e-04   6.9972067e-32   2.6116811e-05   2.5195752e-03   6.3709715e-09
   1.7744749e-64   1.2999685e-04   6.2750737e-21   9.2092754e-21   9.6189687e-06   2.0454085e-04   9.4534545e-31   1.0309864e-05   2.6940411e-03   1.8150524e-04
   1.8285680e-65   1.2446960e-04   4.9032013e-33   6.9868931e-11   2.7758016e-08   2.7628534e-04   5.9686857e-25   1.4626537e-11   3.2699034e-03   2.7397921e-04
   1.1931983e-80   1.7205667e-04   3.8186105e-32   2.1823453e-05   2.4205424e-05   2.2583752e-04   6.5553366e-23   1.6959778e-22   3.4723929e-03   5.8801796e-04
   3.1696556e-85   1.8240796e-04   6.0532547e-26   1.1736092e-04   4.6370988e-05   1.6657704e-04   1.8457527e-37   2.2595845e-22   3.0618309e-03   2.2899829e-04
   2.1311243e-83   2.1214369e-04   1.8474213e-23   1.9782771e-14   4.0550342e-05   1.4436254e-04   5.1565693e-18   3.3517098e-21   2.5089925e-03   2.5491239e-04
   7.1778718e-74   1.8283313e-04   4.4372241e-29   1.7911582e-07   5.0064696e-05   1.0871214e-05   1.6680513e-40   1.6481225e-15   2.6843853e-03   4.4650436e-04
   9.5070145e-81   1.8040868e-04   6.3570416e-29   9.4259150e-06   3.2628843e-10   1.5267125e-04   3.5904939e-25   1.6792261e-18   2.7285114e-03   3.7500950e-04
   9.0105537e-70   1.3275918e-04   2.6050290e-24   2.9761844e-18   4.8238558e-07   3.0040034e-04   5.4171645e-11   1.2983503e-09   2.1909082e-03   2.1650024e-04
   1.6995307e-52   1.2607466e-04   1.3778211e-16   5.2787743e-05   5.1197187e-05   3.4555759e-04   5.2859862e-39   1.0134975e-07   1.8491184e-03   1.8461892e-04
   1.1494365e-70   1.9742415e-04   1.7497903e-17   2.3965109e-04   2.6079769e-05   4.7776125e-04   1.6650782e-23   1.1400657e-18   2.3243552e-03   5.3181249e-05
   2.4635422e-92   2.3795077e-04   5.1873808e-24   4.8095763e-05   2.6208702e-05   6.6244468e-04   1.5990208e-25   1.3077143e-23   2.4479794e-03   3.7570629e-06
   1.2078751e-84   2.2158530e-04   1.8251721e-26   3.4517454e-40   1.2425995e-06   7.1815505e-04   1.2884157e-19   6.6019112e-25   2.9570871e-03   2.3959634e-04
   1.7324850e-72   1.6050968e-04   8.7297572e-33   6.4156188e-16   1.6319348e-05   7.6544648e-04   1.7396583e-24   7.8423048e-25   2.9334233e-03   6.1114619e-04
   4.6278901e-57   1.0223706e-04   2.4158347e-24   1.8464140e-29   1.8465477e-05   8.8325895e-04   8.2603353e-49   1.1830217e-21   2.8707715e-03   4.5167399e-04
   4.2033436e-67   9.1671608e-05   6.0151444e-27   1.4766999e-11   5.0765070e-05   2.6754385e-04   3.3016421e-38   3.9030653e-13   2.3798308e-03   1.3828661e-03
   1.2902805e-85   1.5555319e-04   2.0914458e-24   3.6183249e-06   1.1150264e-05   3.2611336e-04   5.6779262e-27   8.7078793e-19   2.3891623e-03   8.3803708e-04
  2.2563468e-102   2.0276980e-04   4.0496711e-21   3.6521373e-05   9.1834802e-06   2.2953266e-04   4.4480300e-33   4.4412512e-31   2.4370487e-03   1.2977660e-03
   3.3106214e-94   2.1562209e-04   7.4490290e-21   4.2215315e-05   2.6344348e-05   1.6478279e-04   8.8207903e-25   1.2281973e-24   2.2216639e-03   1.1089113e-03
   4.8780008e-68   1.4276650e-04   7.0850410e-20   7.8082935e-33   1.1585976e-06   4.7980011e-04   1.2260141e-36   5.6307105e-19   2.2280781e-03   4.3562632e-04
   1.0400462e-62   1.5617198e-04   8.2432779e-28   1.1373785e-06   7.4158719e-06   7.5500077e-04   9.3790371e-16   4.4485946e-21   2.1555316e-03   4.7929678e-05
   1.9477014e-62   1.2108340e-04   5.9454113e-30   9.4897457e-10   2.8915007e-09   9.8230941e-04   5.8963956e-17   4.9267188e-19   2.0079897e-03   5.7627120e-05
   6.6915474e-44   1.0094221e-04   1.2365316e-20   7.7401186e-05   6.8515298e-08   9.4722402e-04   1.8845453e-42   2.4957808e-09   2.3392066e-03   1.9333153e-11
   7.5049377e-45   1.2649559e-04   1.1411646e-24   2.7658084e-04   3.0065200e-08   9.6524661e-04   1.1160877e-26   6.0267616e-12   2.6958472e-03   5.3834031e-06
   1.7211784e-51   1.5965712e-04   8.0231768e-26   2.2211656e-04   8.2733276e-13   9.6885608e-04   6.6840951e-19   3.0679867e-18   2.4017541e-03   7.6937797e-04
   2.8012933e-56   1.6114995e-04   9.2384497e-29   1.3342140e-24   2.1769611e-08   9.9541378e-04   6.7579575e-22   7.1682030e-21   2.1233082e-03   7.7287899e-04
   1.7578194e-46   1.4566634e-04   4.4861185e-28   1.9174209e-14   6.6156804e-06   6.6732760e-04   6.6211532e-34   3.6843014e-20   1.8715752e-03   1.8890158e-03
   7.5347960e-52   1.5310833e-04   2.5129758e-35   2.1506363e-26   1.2166807e-07   6.5608086e-04   1.7204119e-27   3.3193935e-27   1.8911822e-03   1.5247154e-03
   1.1125454e-49   1.3830210e-04   2.3251336e-36   4.0693670e-17   3.1899410e-05   7.4671380e-04   8.6447039e-19   5.5566727e-24   1.9008796e-03   8.0805896e-04
   8.7330754e-45   1.4824681e-04   1.9147133e-38   2.1992015e-06   1.2510858e-11   3.8416655e-04   1.7482531e-20   1.9377609e-31   2.0689919e-03   2.0191494e-03
   1.9615181e-48   1.2150835e-04   2.1749388e-25   8.1682053e-05   4.7792652e-09   5.5027175e-04   1.8630653e-36   3.5500624e-23   2.0268087e-03   1.2949866e-03
   2.0880460e-36   1.4902955e-04   1.7003675e-28   2.9946825e-05   6.1453552e-07   6.4264876e-04   6.7720582e-24   1.4421120e-14   2.1910458e-03   8.9131964e-04
   1.1987514e-39   1.0981530e-04   5.0107120e-24   6.3391017e-07   2.4291762e-05   5.8851528e-04   3.4668116e-34   2.8277645e-11   2.2780551e-03   5.5017162e-04
   5.3439986e-62   1.0061221e-04   3.2171497e-29   1.8831727e-05   4.6521411e-05   4.8260778e-04   3.2048744e-16   1.7738506e-26   2.1449181e-03   2.9972586e-04
   3.4213953e-68   1.1185621e-04   1.0724210e-16   5.3621552e-07   7.6374845e-05   5.7467114e-04   6.6695913e-17   7.6997386e-22   2.0027214e-03   3.9344771e-05
   6.6686309e-18   1.2643108e-04   4.2614090e-29   1.7156377e-08   8.2916317e-05   6.5942936e-04   6.8923517e-26   2.4171277e-16   2.2564944e-03   2.3187151e-04
   7.9610288e-06   1.5376125e-04   6.3222591e-32   3.5308449e-05   6.0908335e-05   5.5313695e-04   1.0101975e-29   2.3499152e-12   2.4114469e-03   6.0678754e-04
   4.4767317e-15   1.3627759e-04   7.0883378e-22   1.8839126e-04   1.5841301e-05   4.6326689e-04   1.1451431e-24   4.5043863e-13   2.0870996e-03   6.4048625e-04
   2.0286714e-21   1.2010785e-04   6.0336812e-30   2.2597720e-09   8.1205039e-05   1.6141937e-04   3.5799942e-19   1.9961618e-13   1.8251466e-03   8.1427424e-04
   6.6256334e-19   1.3030833e-04   1.1332589e-21   5.1125989e-09   6.1604119e-05   1.3063149e-04   8.6202856e-40   2.5726686e-12   2.1462302e-03   8.3251613e-04
   5.4824374e-05   1.2025471e-04   2.7204557e-14   2.6336319e-09   9.5155785e-05   2.4959005e-05   1.8360635e-47   3.1131737e-11   1.4491716e-03   4.5209620e-04
   1.6731001e-05   1.4283836e-04   1.4453025e-13   2.2690924e-19   1.2494746e-04   6.0038967e-05   1.9716870e-20   2.0610488e-15   1.2368376e-03   3.1022948e-04
   2.2168175e-52   1.4136236e-04   3.2938653e-22   4.5292404e-06   1.1764512e-04   1.7506315e-04   2.6090286e-14   4.1924683e-23   1.4210493e-03   2.6188203e-04
   2.3702218e-05   1.0233385e-04   1.1399289e-38   7.5282450e-05   1.1266267e-04   2.2043297e-04   1.0529798e-28   6.6811156e-17   1.7545732e-03   1.8704488e-04
   6.2606967e-04   9.1598063e-05   6.3412627e-24   1.4631744e-04   2.5685890e-05   2.3793078e-04   1.5691793e-24   5.1397044e-13   1.6338711e-03   1.3783595e-04
   9.9156463e-04   7.8937892e-05   8.4170493e-24   2.0230472e-05   3.6912052e-05   3.0321803e-04   1.1817684e-38   9.6335906e-09   2.1057751e-03   2.1456945e-06
   9.1143685e-04   7.8766538e-05   2.7373841e-14   7.3151410e-20   3.8636020e-05   2.3858103e-04   5.1157522e-28   6.9220535e-07   1.9457292e-03   9.5680918e-06
   2.1899621e-04   1.2070006e-04   2.5261209e-16   5.7402141e-10   5.9486903e-05   2.7079843e-04   2.0005275e-41   1.6199975e-12   1.3763919e-03   6.3618204e-05
   7.0183694e-06   1.3301419e-04   1.0971642e-38   2.9811507e-12   8.8929282e-05   1.6725521e-04   8.7978785e-25   3.6029234e-19   1.6639125e-03   1.7845801e-04
   1.1134289e-04   1.4917153e-04   4.1088300e-40   1.1627514e-07   7.9902127e-05   5.6973551e-05   4.5933490e-36   7.6213535e-19   1.8357623e-03   2.2898253e-04
   1.0830682e-18   1.4412505e-04   2.0355062e-27   1.4039121e-04   5.8693563e-05   5.6429850e-05   1.8939251e-27   1.7454996e-15   1.3525978e-03   3.1358761e-04
   6.5031726e-05   1.4136508e-04   6.7254622e-25   6.6171948e-05   5.7449072e-05   1.1405742e-04   5.8171685e-25   3.6761456e-07   1.3556404e-03   1.6226684e-04
   7.8570844e-06   1.3354978e-04   3.5858141e-21   1.6238003e-35   4.4381729e-05   8.0678393e-05   1.5380764e-43   1.2724589e-07   1.4016069e-03   2.0941078e-04
   9.1016584e-12   1.1156661e-04   7.4576178e-10   1.5074175e-25   2.7731602e-05   5.6359679e-05   1.5884928e-56   1.1329616e-06   1.4081009e-03   2.6064050e-04
   1.8451845e-09   1.5381772e-04   2.1458821e-12   1.4499127e-33   1.9860375e-05   1.1276228e-04   1.1525735e-30   2.8914656e-07   1.2933840e-03   1.9246824e-04
   4.1272252e-04   1.7280907e-04   1.7534921e-31   1.2081424e-18   3.5750848e-05   1.4927905e-04   1.3424468e-36   1.2561236e-06   1.7240828e-03   1.1566057e-05
   1.3625450e-04   1.6486619e-04   7.0962053e-35   4.9850301e-18   4.7056030e-05   1.1838315e-04   7.3056132e-35   1.1422121e-05   2.1437636e-03   7.8225173e-05
   1.1078932e-04   1.2746722e-04   3.4438143e-25   4.5015872e-06   5.6125109e-05   1.0919201e-04   9.1093746e-32   6.5315229e-06   1.6046304e-03   2.7396326e-20
   3.5868887e-04   1.2689874e-04   9.6670535e-13   7.4127621e-09   4.3838930e-05   1.6518474e-04   1.5533309e-68   7.2474131e-06   1.3260617e-03   4.9089865e-06
   3.6910756e-04   1.4145500e-04   1.7253270e-21   3.0933047e-37   5.9117516e-05   1.6248594e-04   4.3333675e-52   1.5533377e-06   1.3633513e-03   1.2839839e-04
   2.3331728e-04   1.2539065e-04   3.9369347e-33   2.4666274e-54   3.5309766e-05   1.3404440e-04   2.0340935e-56   2.4985222e-05   1.5122996e-03   2.7239668e-04
   9.5816119e-05   1.7000040e-04   2.1107205e-24   2.7316146e-25   4.2704679e-05   7.3407778e-05   3.4289440e-49   3.5962542e-06   1.8285413e-03   1.1624384e-04
   4.0237673e-09   1.6733078e-04   2.3727751e-32   1.2222975e-28   5.3390477e-05   5.6934397e-05   3.3781875e-58   2.2332485e-08   1.8946897e-03   2.3971825e-04
   2.5745065e-11   1.0677073e-04   3.0388303e-30   7.5594265e-16   1.0367627e-04   1.2488495e-05   2.8373839e-36   3.3388612e-15   1.9333566e-03   2.0494501e-04
   2.2064280e-04   1.0301215e-04   9.7257438e-30   2.3269321e-23   7.1405615e-05   7.9771971e-06   2.4874302e-40   3.1430614e-08   1.9832147e-03   1.4560108e-04
   1.5210148e-04   9.6565921e-05   6.1481835e-39   6.2598108e-39   8.5417808e-05   3.3713362e-05   2.1638378e-62   2.0007120e-05   1.5273917e-03   2.2404977e-04
   4.4313407e-04   1.2415055e-04   1.3159628e-23   6.1379887e-27   7.1395458e-05   9.5091191e-05   1.3648588e-55   5.9625539e-05   1.7804102e-03   1.5773216e-04
   1.2351996e-03   8.3417790e-05   5.2566528e-11   3.6975828e-43   9.0257888e-05   1.6472871e-04   2.5163511e-36   6.2640098e-05   1.5260753e-03   5.7750360e-05
   8.0650113e-04   7.0227245e-05   1.2362664e-16   2.4294634e-17   9.6516549e-05   1.7659126e-04   4.2387632e-45   9.5513752e-06   1.0674369e-03   3.8589730e-05
   1.0996204e-13   7.0918201e-05   1.7916695e-28   2.0525071e-13   1.1127820e-04   1.8318885e-04   1.0514874e-19   3.5332636e-12   1.5107544e-03   2.9593455e-07
   1.1727081e-16   7.9954653e-05   8.0734331e-30   2.2886618e-10   1.0949066e-04   2.2584908e-04   1.3374678e-33   3.0803678e-13   1.5379748e-03   9.9478095e-06
   2.1041809e-04   8.5506804e-05   2.4101020e-25   7.1516471e-12   9.9146627e-05   1.1587474e-04   3.5515032e-50   8.7928924e-07   1.3784732e-03   1.4426310e-04
   2.2744477e-04   8.2326217e-05   3.0567174e-26   6.3182695e-40   9.0553010e-05   2.9554455e-05   4.0019725e-48   2.6847279e-05   1.4517873e-03   1.8687449e-04
   8.4108841e-04   6.4953658e-05   1.5645119e-16   1.4385770e-31   1.3218644e-04   3.1767133e-05   1.1131609e-49   5.6544764e-09   1.4686764e-03   2.8022348e-04
   6.2085928e-04   6.3522857e-05   9.5875492e-19   1.5825348e-14   1.1392358e-04   1.2086087e-04   4.6910782e-28   1.9048775e-16   1.5826255e-03   3.2313218e-04
   1.4546033e-04   7.0849238e-05   3.7078634e-23   3.7748016e-07   1.3062245e-04   1.0086382e-04   5.0887973e-30   3.9623298e-13   1.5362058e-03   2.3168080e-04
   8.6112258e-06   6.2988581e-05   3.3538103e-26   8.9144401e-06   1.4419487e-04   9.2075667e-05   5.7661567e-25   5.0137301e-13   1.8365991e-03   2.6752750e-04
   2.0662309e-04   7.1653412e-05   5.0917798e-34   8.2996829e-06   9.0277175e-05   1.4467537e-04   1.1009072e-39   7.7390891e-18   1.9717719e-03   1.6095275e-04
   1.0875029e-04   5.7606706e-05   1.9947482e-27   3.4001364e-18   1.4578006e-04   1.8702312e-04   1.8000296e-61   3.9609878e-12   1.6723534e-03   1.7312989e-04
   4.4491266e-05   6.0124817e-05   1.8864763e-31   4.5657027e-12   1.5696002e-04   1.8750359e-04   6.6077333e-32   1.4919927e-12   1.5735414e-03   2.2933866e-04
   8.8109345e-05   6.3898566e-05   2.4796881e-24   4.3181007e-21   1.1925067e-04   1.9346070e-04   1.2470855e-14   2.2516171e-09   1.0572188e-03   7.1908300e-05
   3.8242721e-05   6.2089811e-05   2.6401132e-21   3.9169816e-07   1.0839138e-04   2.4267491e-04   1.6415470e-39   7.1313704e-06   9.1661192e-04   1.8342713e-06
   5.0791918e-06   7.1977522e-05   4.5171051e-30   1.2142980e-06   1.0668692e-04   3.2592633e-04   1.3209516e-22   2.9108006e-12   1.3839491e-03   1.1384767e-04
   2.7423801e-25   6.1050945e-05   9.7812891e-38   3.1674587e-16   1.7566281e-04   1.3265803e-04   2.8638876e-31   4.2281682e-11   1.6120576e-03   5.0575629e-04
   2.1129985e-25   6.2451266e-05   8.4833994e-31   5.7382886e-15   2.1516235e-04   2.4191811e-04   5.1766898e-31   1.1825346e-18   1.4247389e-03   2.9356182e-04
   1.5508263e-15   6.1939917e-05   2.4825699e-31   8.0809560e-31   1.7606912e-04   1.5230881e-04   3.2821220e-33   1.7253865e-21   1.0543883e-03   4.4168521e-04
   8.9999446e-05   3.3138910e-05   6.2782915e-28   5.3313123e-24   1.5449712e-04   1.0268707e-04   1.1728136e-30   1.7584768e-14   1.4578541e-03   4.3806265e-04
   1.5122774e-27   4.3418726e-05   5.5119036e-25   3.2652346e-22   9.4579693e-05   1.6858353e-04   9.0769978e-37   1.2795744e-05   1.4191340e-03   3.6263767e-04
   8.4607449e-42   5.8350786e-05   2.8506933e-33   7.8068867e-07   6.9409676e-05   2.1495070e-04   6.3240418e-14   3.1510863e-05   1.2932934e-03   3.6110366e-04
   3.3473491e-25   5.6786825e-05   1.5900014e-16   1.8486768e-25   7.9129263e-05   3.3767865e-04   3.1754140e-16   2.0583883e-10   1.1378495e-03   2.7978611e-04
   2.6867426e-29   4.8347313e-05   1.0006173e-25   2.7874475e-06   8.0991082e-05   4.7314579e-04   2.1744216e-32   2.1495569e-06   1.4987482e-03   9.8672921e-06
   1.4446211e-31   6.9801116e-05   1.8829073e-29   3.4640515e-06   5.7405395e-05   4.7783670e-04   1.3248063e-39   3.8275491e-05   1.6627217e-03   9.5273409e-06
   9.3124089e-30   5.5560347e-05   5.9119181e-26   7.2985813e-31   7.6249736e-05   3.5433477e-04   8.5725260e-19   7.5518841e-05   1.7035942e-03   6.1690465e-19
   1.0913820e-39   3.5354623e-05   6.5590127e-29   4.0918004e-05   1.0175781e-04   3.0266240e-04   1.1527613e-06   1.0090327e-04   1.8456224e-03   2.0807098e-11
   1.1779688e-47   5.1566272e-05   7.5777742e-22   2.4428746e-06   1.2832756e-04   1.6669491e-04   1.0576167e-33   1.2093237e-04   1.8685442e-03   2.2020499e-04
   4.9048063e-43   4.6705707e-05   2.0321503e-20   3.6136746e-05   1.2510101e-04   1.4320889e-04   2.5356344e-20   1.6084522e-04   1.6680743e-03   2.6931753e-04
   3.4161777e-30   4.0213027e-05   4.2243467e-08   1.6935891e-05   1.2399284e-04   1.5288795e-04   4.3698426e-18   9.7048861e-05   1.1754347e-03   2.5495331e-04
   7.2711841e-42   5.5775575e-05   3.0236509e-09   1.6794376e-06   9.0799907e-05   1.8220569e-04   4.2268509e-40   1.0504110e-04   1.1496144e-03   5.1870696e-04
   5.5997703e-41   8.6990766e-05   1.2918088e-19   1.9867295e-13   5.2633651e-05   1.2385493e-04   3.6381673e-43   6.5607163e-05   1.4995096e-03   2.7325133e-04
   6.9039177e-38   4.6562917e-05   2.0484279e-31   5.8682418e-25   9.4255401e-05   2.4383665e-04   2.4322522e-31   7.8430183e-05   1.4919601e-03   3.2631132e-04
   1.8104323e-46   3.9572047e-05   1.5928553e-17   2.5342446e-28   7.6338233e-05   1.4481154e-04   4.3188161e-36   3.6724456e-05   1.3264863e-03   4.2482951e-04
   1.6498046e-34   5.6945342e-05   4.5143383e-09   8.3652212e-12   7.4682000e-05   2.4039311e-04   2.5690943e-18   4.1956513e-05   1.2065139e-03   3.1526880e-04
   1.6050005e-20   4.3066086e-05   1.4631235e-08   4.0710607e-06   5.1453748e-05   3.2604269e-04   4.3876305e-16   5.2312804e-05   1.3020198e-03   2.3327025e-04
   7.0370113e-31   3.5773886e-05   3.0112158e-17   3.5561789e-05   6.5586632e-05   3.4066573e-04   2.4929417e-29   1.0093514e-04   1.2323323e-03   9.3386373e-06
   1.9792772e-42   4.0296634e-05   2.8216135e-20   6.1475749e-05   4.9641242e-05   2.6543127e-04   1.5066740e-27   7.9397795e-05   1.5468044e-03   6.2446220e-21
   9.0371657e-56   6.2202334e-05   5.1469641e-15   1.1066910e-28   2.4932000e-05   2.8499783e-04   2.9837878e-23   6.4473445e-05   1.6071077e-03   9.4417577e-06
   4.4370440e-67   6.4748566e-05   9.5740948e-09   6.3825639e-14   2.7884625e-05   1.7788066e-04   2.8946167e-28   8.4159473e-05   1.3764379e-03   2.5262737e-04
   9.0163820e-56   4.6066701e-05   4.0364728e-07   1.2265963e-05   4.7895149e-05   1.6172102e-04   4.1162137e-24   5.6698442e-05   1.4988408e-03   2.6407253e-04
   2.3475798e-36   5.1183641e-05   4.8578850e-13   1.0671770e-11   3.6488230e-05   1.0110445e-04   5.9108349e-36   6.8651473e-05   1.6518830e-03   2.6975141e-04
   4.0471938e-26   4.0486214e-05   7.5596922e-10   7.7765971e-15   4.7981134e-05   7.9427438e-05   4.3569831e-28   9.8181872e-05   1.7474473e-03   1.8059143e-04
   1.5529434e-27   2.7533017e-05   6.6067266e-17   2.4842630e-05   7.3549731e-05   7.1700584e-05   1.4555292e-25   6.2885735e-05   1.6214875e-03   2.4232789e-04
   2.0072410e-36   3.3131185e-05   2.3395250e-17   4.6385608e-05   6.0058375e-05   1.0200951e-04   3.4621858e-35   6.8743025e-05   1.4404818e-03   3.5750431e-04
   4.1124448e-32   4.8519001e-05   4.5722803e-19   2.4166064e-20   5.0880347e-05   1.1886095e-04   1.1149437e-50   3.0150023e-05   1.0271380e-03   2.2250099e-04
   2.6550822e-36   5.8227240e-05   1.2018195e-10   1.8283359e-26   3.1038673e-05   1.9369340e-04   1.4566574e-23   1.5455356e-05   1.0282209e-03   5.8048007e-10
   5.0907572e-31   4.6676773e-05   4.1014852e-12   7.0533201e-25   2.2232088e-05   1.9423697e-04   7.0249408e-09   4.4024392e-05   1.4637190e-03   1.0114142e-08
   8.8853881e-16   3.8527197e-05   5.5531683e-23   3.8044564e-08   3.0089825e-05   1.4612787e-04   1.0822081e-13   8.1439257e-05   1.3390817e-03   6.6671801e-20
   1.2242771e-17   3.6245595e-05   2.0339166e-07   5.3865735e-15   4.7631436e-05   1.6697570e-04   1.2519457e-32   7.4594394e-05   9.7525806e-04   1.0715302e-08
   6.9274394e-32   3.4381265e-05   2.7925998e-08   1.5835324e-05   4.5619133e-05   1.2116429e-04   1.2391481e-45   3.3885678e-05   1.0198390e-03   1.2174788e-04
   2.4991468e-48   2.9815154e-05   8.2028370e-09   5.6576199e-24   4.9976528e-05   8.1792307e-05   1.2634146e-27   3.7546725e-05   1.0757326e-03   1.8989893e-04
   5.4300268e-53   3.4263507e-05   8.3051496e-09   4.9359866e-25   5.3966716e-05   3.0948491e-05   8.6744375e-28   5.0762008e-05   1.1308702e-03   2.1547437e-04
   8.0101515e-37   4.8179494e-05   7.5641613e-17   6.9598219e-33   4.6973692e-05   7.0287353e-05   5.9610575e-40   2.4419166e-05   1.1237697e-03   2.5531737e-04
   2.4293354e-19   4.0390446e-05   9.6532557e-13   1.3753090e-26   4.3549323e-05   3.7744088e-05   3.0356386e-19   2.0212685e-05   1.1137260e-03   1.8078678e-04
   5.2406673e-21   2.5006208e-05   3.8613230e-11   1.0295586e-05   5.1302621e-05   7.2293197e-05   4.4209746e-17   4.5354212e-05   1.0142944e-03   1.5194649e-04
   7.2149117e-17   1.9988124e-05   4.2289596e-08   4.7736322e-05   4.1391425e-05   6.4131986e-05   6.8637087e-47   6.1353616e-05   8.3362365e-04   2.0023424e-04
   5.3453781e-22   2.4530233e-05   7.0943107e-04   3.8415118e-05   4.3817614e-05   8.2560468e-05   7.4949340e-45   4.6651507e-05   7.8669685e-04   1.9467918e-04
   5.2125776e-35   2.3418578e-05   1.1924125e-03   4.3762823e-10   2.6500082e-05   1.0358035e-04   1.1769952e-56   3.5864804e-05   7.6185735e-04   1.5085657e-04
   3.9297116e-16   2.9880060e-05   9.1023635e-04   5.5101591e-10   3.1235170e-05   7.4057739e-05   5.0424190e-36   3.6572814e-05   8.7967657e-04   1.1172454e-04
   2.2559371e-34   3.5152672e-05   2.8321356e-04   1.2780156e-15   3.3678962e-05   5.7845907e-05   7.6899757e-23   5.0514841e-05   7.1332212e-04   2.9337792e-05
   3.5157459e-18   3.2326290e-05   2.4949670e-09   2.1818807e-17   2.3996323e-05   8.7130033e-05   3.5869551e-28   3.5554238e-05   7.6327707e-04   1.7789338e-05
   4.7321963e-14   2.2091296e-05   3.9457661e-04   2.0080323e-09   3.0266776e-05   6.5426777e-05   3.2823596e-19   1.8523532e-05   8.2114036e-04   9.7396701e-05
   3.6555778e-20   1.8043080e-05   8.8617970e-04   2.9091652e-05   3.2406483e-05   4.6996721e-05   5.0722514e-26   6.0802218e-05   6.7941426e-04   1.2156974e-04
   1.7134692e-39   1.4471086e-05   6.2163464e-04   2.9024484e-05   3.6596897e-05   2.5944120e-05   1.8136590e-26   4.4013822e-05   7.3061827e-04   9.7759788e-05
   1.8666195e-39   1.7480008e-05   4.8057914e-08   4.7859604e-21   3.8050001e-05   3.6514660e-05   2.0643440e-27   4.9069748e-05   8.2609194e-04   1.2432268e-04
   2.4332395e-20   2.0878188e-05   1.3383971e-06   1.0459764e-40   2.4273249e-05   3.2476414e-05   1.6347708e-23   5.1681115e-05   9.6246215e-04   8.4385287e-05
   2.3899813e-14   2.7693620e-05   2.5576188e-08   8.6170251e-40   2.2751025e-05   4.0676611e-05   1.2070432e-29   5.2607703e-05   7.0568539e-04   1.4434446e-04
   3.4475509e-24   2.7494726e-05   4.3059350e-11   7.8990915e-11   2.7493772e-05   4.9024962e-05   1.2010035e-29   4.8405739e-05   7.5917574e-04   1.1292851e-04
   2.3755717e-24   1.6877647e-05   6.8778196e-07   3.1298767e-05   2.1718136e-05   9.4239391e-05   2.8374678e-20   4.2090909e-05   8.0878936e-04   1.0404971e-05
   5.0652738e-15   1.7149119e-05   1.3777925e-05   1.6938971e-05   2.2689228e-05   8.1344465e-05   2.0595640e-06   1.9873866e-05   6.2415190e-04   2.9384554e-05
   5.5765127e-05   1.1375184e-05   5.1361175e-04   3.2356183e-06   2.2623956e-05   7.0475915e-05   9.0960341e-16   1.8407804e-05   4.4917839e-04   7.5819554e-06
   5.2151293e-05   2.1307711e-05   3.3244544e-04   1.0974103e-08   1.2871241e-05   7.2268799e-05   6.5428793e-24   2.6875393e-05   6.8892123e-04   1.5172115e-12
   3.1027470e-18   2.7680037e-05   2.7166803e-04   8.7433233e-15   1.4849651e-05   6.0963482e-05   7.4591407e-12   1.7540818e-05   8.5206019e-04   4.3388969e-05
   7.4574075e-50   2.4696366e-05   2.0794487e-09   3.5647260e-06   1.2697374e-05   3.7920701e-05   3.1733286e-14   3.6060458e-05   9.4549187e-04   6.9874303e-05
   1.8734075e-45   1.9985001e-05   1.1138926e-05   3.5502698e-06   1.6905911e-05   1.5581209e-05   6.9305141e-27   3.3772806e-05   8.9631559e-04   8.7413965e-05
   2.4836101e-39   1.8052901e-05   1.2897796e-08   1.4242131e-05   1.5311030e-05   2.4502100e-05   7.8127948e-23   2.2899901e-05   6.9801107e-04   6.8497090e-05
   2.4865211e-30   2.0866355e-05   4.4715370e-10   1.6260510e-05   2.2458170e-05   8.6978572e-06   1.2000947e-11   2.4950829e-05   6.6778354e-04   9.4614811e-05
   3.8773147e-26   1.6923437e-05   7.0842706e-09   2.1651677e-12   2.2458839e-05   4.7948923e-05   8.4507135e-07   2.2895011e-05   6.5908184e-04   4.6808030e-05
   6.6652759e-18   1.8896004e-05   3.7529334e-17   3.4766955e-07   1.6292925e-05   4.2794908e-05   1.3329730e-14   2.5150074e-05   6.8865531e-04   1.2899206e-04
   2.7488415e-16   1.2202215e-05   1.6435892e-29   2.9021945e-05   1.7230804e-05   6.9550198e-05   9.3518513e-05   2.3220705e-05   6.5832908e-04   1.0606950e-04
   8.2060001e-35   1.6254108e-05   1.2320232e-08   2.6765862e-05   1.7805538e-05   7.7911869e-05   2.3962322e-07   1.6947254e-05   5.7220769e-04   7.5785308e-05
   1.0119514e-28   1.6820740e-05   8.2891919e-08   2.3558726e-05   1.4588017e-05   5.7005623e-05   1.0629168e-14   9.8183808e-06   6.5454419e-04   7.3106821e-05
   1.6101367e-10   1.8456744e-05   1.4235353e-07   2.8702572e-05   8.7300442e-06   4.5809541e-05   1.0081926e-11   8.0408297e-06   7.8257978e-04   2.6870664e-05
   3.0067902e-05   1.3673202e-05   3.6559846e-16   1.7046371e-05   1.2701584e-05   6.2250352e-05   1.1150535e-14   6.5830502e-06   9.5018120e-04   1.3773668e-05
   3.9686400e-05   1.5431709e-05   2.2634490e-13   1.9463147e-18   1.2716335e-05   3.7529901e-05   1.3881311e-12   1.1342294e-05   7.0505433e-04   4.1736947e-05
   2.1084132e-09   1.3866279e-05   1.6587888e-04   1.0261020e-05   1.7530704e-05   1.9752478e-05   6.0564121e-05   3.0981302e-05   4.6623419e-04   4.2040239e-05
   5.1207727e-20   8.1993691e-06   2.4236762e-06   6.5400774e-18   1.8824974e-05   1.4696275e-05   1.2880637e-04   2.4276322e-05   4.2078894e-04   4.0200237e-05
   7.2324629e-21   6.5318496e-06   1.0876042e-13   2.4069160e-08   1.8255548e-05   1.4646767e-05   3.5638188e-31   1.8025536e-05   4.6962250e-04   9.9452762e-05
   1.5205024e-23   8.4841476e-06   2.3403617e-07   1.6903020e-08   2.1074512e-05   1.7098175e-05   3.7415980e-35   1.3641310e-05   5.2054799e-04   5.0995816e-05
   2.0237687e-05   1.0858247e-05   5.1408285e-15   3.0290829e-06   1.9223793e-05   2.2600459e-05   2.2116198e-34   1.7863382e-05   5.6819553e-04   7.2076149e-05
   7.2567989e-05   1.0097409e-05   1.8866859e-05   2.0699010e-16   1.6366335e-05   3.2282249e-05   1.2924930e-26   2.3069084e-05   4.5510413e-04   8.9139821e-05
   1.0676288e-05   8.6486636e-06   6.7615325e-05   9.8660517e-49   2.0844121e-05   4.8396814e-05   1.5827624e-16   2.7517095e-05   3.7216394e-04   6.7745106e-05
   2.3148331e-34   9.0356453e-06   4.3171748e-05   4.9941238e-06   2.0866997e-05   3.7796871e-05   2.0803617e-05   1.1803385e-05   5.5417289e-04   5.0072028e-05
   1.9697022e-21   4.5297845e-06   1.3248440e-04   2.1579074e-05   1.6713299e-05   2.7004705e-05   6.0818600e-05   1.6869697e-05   5.7145512e-04   4.4176516e-05
   5.4494343e-25   7.4051771e-06   3.2264148e-08   1.3627102e-05   1.0977507e-05   3.4634707e-05   2.4403783e-15   1.7313171e-05   3.9934330e-04   2.1475881e-05
   4.7118638e-19   9.3754012e-06   2.3334620e-16   1.0857464e-05   1.6019672e-05   2.3174050e-05   5.4246219e-20   1.5882818e-05   2.7712918e-04   3.6253427e-05
   2.9675762e-33   9.5359133e-06   9.9198285e-07   2.3097361e-07   1.5039584e-05   2.2876630e-05   5.3940772e-20   1.9156440e-05   2.4556203e-04   2.6893414e-05
   2.5379980e-17   8.3980403e-06   5.1875955e-06   4.4820859e-07   1.5797373e-05   5.0336568e-06   8.3619982e-20   2.8092837e-05   2.9577693e-04   5.0989755e-05
   2.3883395e-14   8.6207294e-06   2.1088921e-19   8.9786431e-06   1.1809232e-05   8.8491009e-06   2.5479285e-19   2.0751483e-05   2.9579172e-04   3.3548614e-05
   4.2401357e-22   6.5093038e-06   2.1354337e-10   2.4701614e-06   1.3058323e-05   1.4940912e-05   9.4829185e-36   1.4826520e-05   3.6229779e-04   4.1787656e-05
   1.8643327e-24   3.0992517e-06   4.6846489e-05   4.6881371e-36   1.2332035e-05   3.6168345e-05   1.5295996e-17   2.2091915e-05   3.4543576e-04   6.8227463e-13
   1.3533516e-25   5.3707933e-06   3.0522764e-27   3.6987014e-08   8.3874581e-06   3.1541014e-05   3.0136220e-38   2.1503388e-05   3.0660695e-04   5.6990110e-05
   8.9667489e-34   4.7871361e-06   1.9235761e-25   5.5295194e-06   8.3542139e-06   4.2666434e-05   1.4014012e-18   2.0336341e-05   3.4441956e-04   6.0589066e-05
   3.0224772e-09   2.4960711e-06   4.5852645e-27   6.1182171e-06   1.1874834e-05   4.9197084e-05   1.0639796e-30   1.7706330e-05   3.8603705e-04   3.3813420e-05
   3.7892444e-08   3.4875043e-06   1.0614897e-22   7.0928158e-10   1.6769696e-05   3.0574559e-05   3.2135357e-06   1.1203883e-05   3.5081397e-04   3.9960441e-05
   6.6530262e-08   1.5462318e-06   1.3564368e-37   1.0187976e-08   9.4092581e-06   1.9755152e-05   6.4663904e-05   1.7689727e-05   3.5325514e-04   4.0811532e-05
   5.2415104e-13   1.2907580e-06   8.7758384e-20   1.1079090e-10   2.0148830e-05   2.2901923e-05   4.9283104e-05   1.5016955e-05   3.1387910e-04   2.1754538e-05
   1.3153108e-32   2.7969325e-06   4.6436089e-14   3.0410397e-06   1.8123200e-05   2.2886771e-05   3.8002792e-07   2.5496671e-05   2.5342903e-04   1.2230382e-05
   3.6410582e-12   5.7948784e-06   7.7306651e-19   7.1942476e-06   1.0862368e-05   1.8086371e-05   5.9648770e-15   1.9861985e-05   2.0621117e-04   1.2856765e-05
   4.2860484e-10   5.2139068e-06   4.4126805e-07   6.4663378e-07   1.1483014e-05   1.0662479e-05   1.1844199e-08   2.0613101e-05   1.7218602e-04   1.8436653e-05
   1.3658848e-10   3.8244338e-06   2.2346771e-12   6.5935699e-09   8.8561237e-06   1.5373808e-05   7.3132433e-12   2.0763527e-05   2.0250996e-04   1.6183863e-05
   6.6737429e-21   3.8208884e-06   2.9700468e-19   2.7213255e-06   9.6341017e-06   3.8315739e-05   5.2040822e-13   2.9329397e-05   2.1219057e-04   5.5212536e-19
   1.0189329e-27   2.2276549e-06   2.7400033e-22   4.2361867e-06   1.1683734e-05   5.0254276e-05   5.8784951e-13   1.8600024e-05   2.3029914e-04   2.2379366e-05
   8.2442777e-30   1.3249357e-06   2.3426246e-33   1.5344941e-38   1.1264374e-05   3.7327820e-05   7.1270036e-06   8.8078970e-06   2.6414870e-04   5.3765165e-05
