   4.3339755e-04   2.5851222e-04   4.5536471e-04   9.9625924e-03   3.5350161e-04   6.8153038e-06   7.6005288e-04   1.8481943e-03   9.3524362e-05   2.3752692e-04
   6.2021360e-04   7.6406209e-10   1.1419142e-03   1.7451263e-02   7.3458623e-05   2.3296599e-14   1.2384517e-03   2.7806084e-03   6.5101250e-06   2.2472707e-04
   5.6295919e-04   2.1057276e-10   7.8789650e-04   2.2140706e-02   5.9378977e-05   1.7877728e-11   7.7454361e-04   1.3469209e-03   1.7962020e-04   1.7564294e-04
   6.2313433e-04   1.3157259e-04   2.5898040e-04   2.0009944e-02   7.6431553e-32   2.3746019e-05   4.3737818e-04   8.9671369e-04   1.7934037e-04   1.3631060e-04
   4.4043022e-04   8.9253319e-06   2.3155275e-04   2.0354179e-02   2.8059976e-06   8.6933574e-05   4.2222503e-04   6.1204673e-04   4.4184099e-09   1.0640515e-04
   3.4146876e-04   4.1209327e-16   1.5497046e-04   1.9265258e-02   6.1991710e-11   5.5527077e-11   2.8759784e-04   8.9264398e-04   4.4528379e-12   9.3108860e-05
   4.1530422e-04   4.0089533e-07   1.5994434e-04   2.1069345e-02   5.9050983e-16   4.0495124e-06   1.5525752e-04   1.4208253e-03   4.8513952e-20   7.2064178e-05
   3.6009234e-04   1.2442686e-12   1.6314086e-04   2.0504236e-02   1.1409281e-09   1.2377863e-04   2.0201763e-04   6.3904580e-04   1.5742553e-19   3.5874097e-05
   3.2823649e-04   4.2397497e-07   3.4530357e-04   2.2886028e-02   3.4815791e-07   1.5005706e-04   1.5955595e-04   2.4377935e-04   5.2529456e-07   4.1337236e-05
   5.4696127e-04   1.9843197e-07   4.1384330e-04   3.7829756e-02   6.5554538e-07   2.7512103e-04   1.8202521e-04   7.6812779e-04   7.2487624e-11   2.9754716e-05
   8.7366604e-04   1.1289621e-06   2.6978460e-04   7.1972049e-02   8.4718636e-05   2.1208294e-04   2.8420530e-04   4.5479841e-04   3.3270341e-08   9.7658262e-05
   1.3510303e-03   6.8973749e-17   1.5776175e-05   1.1416731e-01   6.4720648e-11   1.5926038e-04   3.5765802e-04   2.5710589e-03   5.2385628e-04   1.6069436e-04
   4.8226985e-03   2.6108370e-18   6.2867110e-05   1.4337063e-01   1.0083784e-14   8.0386549e-04   7.9581813e-04   5.3014623e-03   4.9227882e-04   2.0285817e-04
   1.9002076e-02   2.2049635e-25   5.4724010e-05   1.4639759e-01   5.5238689e-23   1.3106466e-06   1.7862333e-03   1.4685331e-02   4.8596428e-05   7.7694199e-04
   3.0509712e-02   3.8063838e-26   1.1816792e-07   9.3636294e-02   2.2638981e-22   1.1864716e-20   6.4636173e-04   5.1248752e-02   6.4561079e-03   1.9094397e-03
   4.5585987e-02   2.2153096e-18   8.6049027e-06   8.3741225e-03   9.2864369e-04   2.5480369e-24   1.7497415e-03   1.3162684e-01   5.6840586e-03   4.0967562e-03
   2.2109330e-02   2.4964005e-07   1.0399416e-05   9.8838194e-04   2.9793270e-02   9.5694090e-18   9.2288686e-03   2.3112482e-01   2.1226875e-03   4.0188500e-03
   3.0971379e-03   5.6847620e-03   6.2717399e-05   6.8349003e-05   5.0312001e-02   4.1579420e-21   3.4222949e-02   2.4308978e-01   8.0898063e-04   2.0297419e-03
   9.6294768e-07   1.8464521e-02   2.1702128e-04   2.6091097e-06   1.7847137e-02   6.4424022e-12   6.5114150e-02   1.2637476e-01   3.5080226e-04   1.1580229e-03
   3.0922477e-20   5.0571303e-02   1.9605994e-04   1.5658829e-04   7.5942636e-04   1.1357444e-09   4.6452138e-02   4.1796751e-02   2.4028281e-24   2.0656698e-03
   1.8876011e-15   8.3152696e-02   2.6648472e-04   2.8536214e-03   3.6231827e-04   4.3844897e-03   1.4172796e-02   1.5995911e-02   1.0719570e-17   1.8849095e-03
   1.3211660e-05   8.4352709e-02   4.4686799e-04   1.2323064e-02   1.0070802e-04   1.4484450e-02   5.2178322e-03   7.3551562e-03   2.2584562e-15   9.9966311e-04
   1.5432215e-04   4.5714328e-02   6.4956287e-04   2.4279976e-02   2.5219035e-14   1.9005512e-02   2.8417395e-03   1.9330133e-03   8.2150055e-17   5.4384902e-04
   3.0363626e-03   2.0975440e-02   3.9776330e-04   3.7081508e-02   2.2935916e-04   1.0887718e-02   2.2705181e-03   1.8864254e-03   7.0549129e-21   1.8985596e-04
   8.6131220e-03   1.4201490e-02   3.1769799e-04   4.2715853e-02   2.5812174e-19   5.5573266e-03   1.4032268e-03   3.8204531e-09   1.8867432e-14   1.9482830e-05
   1.9307535e-02   7.7961561e-03   3.1516383e-04   3.7808215e-02   8.0107872e-21   4.2240286e-03   1.1179969e-03   1.6352320e-18   2.7639973e-13   4.9453575e-05
   3.5164638e-02   3.1214157e-03   2.0069730e-04   2.4811730e-02   1.0639696e-15   3.1610341e-03   1.2310920e-03   2.8934467e-23   1.4874652e-11   3.4630434e-05
   5.9213022e-02   1.4233647e-03   2.7115501e-04   1.2068415e-02   6.7714808e-18   3.3719819e-03   9.7825337e-04   2.2323390e-24   3.8579320e-05   7.9223695e-05
   6.9544677e-02   9.4747469e-06   3.6363474e-04   6.1130508e-04   2.4190545e-38   1.1113247e-03   1.0519629e-04   3.1415325e-27   4.5450016e-03   1.3090960e-04
   8.8071128e-02   9.9060100e-19   2.2385302e-04   5.2684099e-11   3.3490334e-13   3.0288386e-09   5.0379586e-04   3.1826834e-33   5.8940658e-03   5.2937223e-04
   1.2836708e-01   3.8232910e-17   2.1362076e-09   1.0904759e-16   1.9283098e-06   1.1987723e-28   1.3266902e-03   4.7292781e-23   2.6160723e-03   1.6843615e-03
   1.3130940e-01   4.5681529e-23   1.2958443e-11   5.0505004e-13   3.8331872e-03   1.3498957e-40   5.7545658e-03   2.2139700e-11   1.6105455e-06   2.4984768e-03
   9.4806965e-02   1.3845812e-27   3.1261109e-05   1.1686066e-14   2.3251807e-02   5.4704041e-38   1.3143523e-02   5.1800436e-06   3.4015445e-06   2.1629670e-03
   4.1288917e-02   6.4705394e-28   9.0700704e-05   1.6887959e-10   8.0374447e-02   4.7072839e-28   2.4952097e-02   1.1059920e-02   1.6276098e-04   2.7794544e-03
   7.9620178e-03   3.8170427e-23   5.6867680e-05   2.9505786e-09   9.9934501e-02   5.9929730e-27   4.0143931e-02   1.0435174e-02   2.0011513e-03   3.1645634e-03
   5.7043337e-05   2.0387570e-30   4.7879733e-05   2.4638423e-07   4.1564766e-02   5.9105517e-32   7.5484764e-02   2.1275816e-05   2.3946228e-03   2.9418291e-03
   1.9130527e-06   4.6005244e-27   4.2810829e-05   5.9431312e-11   2.9041852e-03   2.1912352e-18   9.4918709e-02   3.2128034e-14   6.2075271e-04   4.6161729e-03
   8.0486577e-10   9.0271493e-19   1.7872311e-05   1.5041255e-13   1.8222046e-09   4.7616116e-03   8.4157081e-02   5.4510121e-23   1.9071200e-05   4.9117005e-03
   5.7805257e-06   6.8217136e-08   8.6566367e-05   1.1941162e-13   6.5591861e-30   9.4604560e-03   4.2882793e-02   8.3287008e-33   2.9281588e-05   8.9974217e-03
   7.8054176e-05   2.2617511e-03   4.7480994e-05   5.2513350e-09   2.6302647e-26   4.1728684e-02   1.5418633e-02   1.9955155e-32   7.3701629e-04   9.5036194e-03
   6.8067158e-05   5.8870789e-03   8.9853795e-05   1.6314651e-06   1.2821909e-10   6.4449697e-02   3.4761301e-03   4.3101378e-32   3.1871277e-03   6.9796925e-03
   5.3777354e-05   7.4269291e-04   1.8334559e-04   3.1695040e-06   9.7208339e-25   1.2067540e-01   4.3305812e-04   5.1981379e-31   5.9006375e-03   5.1937777e-03
   2.3110095e-03   3.2533140e-06   1.9471254e-04   1.5805378e-07   1.5934285e-26   1.4741850e-01   3.0468620e-05   1.1603636e-23   5.4053801e-03   3.4281870e-03
   4.7265201e-03   4.3613654e-11   1.7205812e-04   2.6371369e-07   1.2749238e-39   1.0021184e-01   7.7398300e-17   3.7935143e-23   1.6843874e-02   3.5802731e-03
   7.1793911e-03   1.0900930e-22   1.6079250e-04   1.1240463e-11   2.5722547e-38   5.9550797e-02   7.3056286e-24   1.1229948e-26   1.7056867e-02   4.4901140e-03
   9.8782943e-03   2.6815915e-28   5.8255213e-07   1.5794335e-26   2.1872591e-12   2.5976714e-02   2.7841800e-25   3.6022312e-28   8.7444352e-03   7.9838156e-03
   1.3974872e-02   3.6680091e-33   9.0233309e-09   4.7562907e-22   3.5820821e-15   5.6985802e-03   8.2506204e-26   2.4742508e-28   4.1110748e-03   1.0736361e-02
   1.5435320e-02   5.9839346e-37   1.1880003e-09   3.2412519e-22   3.1915672e-05   6.5386916e-12   1.7645834e-18   1.7644190e-15   3.0662724e-03   9.7666494e-03
   1.2821412e-02   4.2890176e-39   1.8976667e-12   1.9943849e-14   1.1138308e-03   2.2051888e-23   1.3373451e-06   1.3109550e-03   1.4427874e-03   7.9161636e-03
   5.3383187e-03   5.8253688e-33   1.4058417e-10   2.4734671e-12   5.4647951e-03   5.7257756e-31   6.6519692e-04   8.8594671e-03   1.4203910e-03   5.9027324e-03
   1.0058929e-06   1.3116690e-42   2.9189188e-06   3.3897181e-11   1.0702818e-02   9.5065966e-38   2.6483894e-03   9.4222044e-03   1.8103431e-03   5.0341771e-03
   2.0374532e-07   4.7016183e-48   1.3187972e-05   1.6194563e-13   9.6477101e-03   1.4915498e-39   4.4776660e-03   8.8643144e-03   3.2920640e-03   3.7489310e-03
   4.9882348e-06   9.5252010e-49   6.6176005e-07   2.2922758e-13   3.3279150e-03   1.6797816e-41   8.3941079e-03   7.8825725e-03   6.3064610e-03   3.0058519e-03
   4.5152327e-14   6.3736976e-59   3.3759150e-07   2.3927244e-12   1.7121582e-04   1.6175891e-55   1.9716870e-02   1.2655813e-03   8.0351956e-03   3.5162495e-03
   1.7123951e-09   2.5059074e-65   5.5118260e-10   8.0137562e-16   6.0712846e-17   4.9084645e-38   2.8843363e-02   1.3503588e-17   4.6008797e-03   5.9278952e-03
   1.6677807e-05   2.9270759e-57   7.4911627e-12   1.2883265e-13   1.3704510e-42   7.5748485e-28   2.9129216e-02   1.0037821e-29   1.4858144e-03   9.2018969e-03
   2.4739927e-04   2.9353739e-51   2.4043815e-22   3.5262276e-17   5.1311713e-66   7.4236770e-30   2.3613357e-02   1.8111394e-39   2.5798012e-03   1.0123216e-02
   4.8130559e-06   5.7547651e-44   7.1602715e-17   1.1521629e-17   1.7703843e-49   3.0741753e-35   1.4831157e-02   2.4554411e-40   4.0848913e-03   1.1301758e-02
   2.1106285e-05   8.2227534e-18   5.6980137e-07   7.4246914e-15   6.7186138e-46   9.6583313e-27   7.2356481e-03   4.7983148e-37   7.7690887e-03   1.1451030e-02
   4.0593678e-05   1.0898508e-04   3.4978112e-07   6.6925661e-17   6.3798732e-66   6.1305271e-19   2.2842677e-03   2.6800934e-28   6.5044045e-03   1.1567398e-02
   7.7120739e-04   1.6033171e-03   1.2250724e-09   1.3821247e-14   1.4602144e-20   2.3720695e-06   5.4113163e-05   2.6738670e-15   1.9347528e-03   1.2671626e-02
   2.0674274e-03   1.6863507e-03   2.6166698e-06   3.4632770e-17   7.4688527e-13   2.2486960e-03   3.4558509e-13   3.7278101e-06   3.1190486e-15   1.3802346e-02
   2.7801057e-03   7.2137592e-03   3.9204329e-05   7.1271435e-16   1.2589534e-07   8.6982034e-03   1.6862233e-17   1.1634330e-09   2.3546883e-17   1.2829986e-02
   1.4492790e-03   8.5725130e-03   9.4814902e-06   1.2069395e-19   3.3005471e-06   1.1269336e-02   5.7404782e-22   1.2823490e-05   5.1080478e-28   1.2312702e-02
   9.0361422e-06   2.7286178e-03   1.5247037e-04   1.6255392e-28   4.7442015e-05   9.8328584e-03   2.2696425e-20   1.5123815e-03   3.4243076e-21   1.0688045e-02
   1.3822004e-14   2.0559115e-17   1.0484946e-03   1.1431016e-32   8.6624427e-10   3.3545350e-03   4.2487815e-19   3.5202025e-03   4.9408697e-13   1.0998893e-02
   9.2759590e-16   3.9881316e-32   1.3082376e-03   3.2616193e-29   8.4696600e-04   3.6599094e-03   1.2436839e-12   5.0156963e-03   2.2446983e-08   1.0938241e-02
   1.8297503e-14   1.3630303e-34   7.2022611e-04   2.1591137e-20   1.7151092e-03   4.4563478e-03   1.8309695e-05   4.3702568e-03   4.7264789e-05   1.0442794e-02
   3.1097581e-11   4.4628963e-35   4.1126192e-04   1.2086938e-15   1.4906245e-03   1.5178444e-03   2.2313014e-07   2.3625637e-03   6.7313073e-04   1.0595632e-02
   5.4543679e-12   1.9583510e-43   2.4557525e-04   6.7951581e-12   4.0077578e-04   3.8489774e-11   1.1972971e-05   3.8125835e-04   3.5856942e-03   1.1007059e-02
   1.4102022e-11   5.2818409e-46   1.9922864e-04   3.1349133e-07   3.7403955e-48   2.7494044e-23   4.9922504e-04   1.2378049e-05   5.7381293e-03   1.1753458e-02
   5.9715041e-10   6.7111309e-56   1.8237694e-04   1.1935405e-05   1.0030232e-47   2.9903418e-34   2.0901400e-03   1.9762476e-11   7.0628623e-03   1.0793769e-02
   2.6968649e-08   1.4162621e-49   1.2486628e-04   2.3690242e-08   4.1212332e-64   3.3556417e-29   9.3060190e-04   3.5053979e-12   1.1200568e-02   8.7216425e-03
   2.6303064e-11   8.6353638e-44   5.5939151e-05   1.3380337e-09   9.4006965e-45   2.9985620e-39   1.1781118e-03   7.6626156e-26   9.4818225e-03   1.2118252e-02
   1.5775227e-09   1.1533510e-44   1.8538045e-10   2.9968919e-12   2.7759298e-30   4.8487414e-47   2.1532433e-04   4.4429955e-25   3.9191115e-03   1.7460010e-02
   7.2327056e-10   1.4041630e-33   1.4986062e-12   5.2031638e-18   1.0527852e-22   1.0449021e-45   4.1898791e-11   5.1022042e-33   1.2420344e-07   2.1787415e-02
   3.3310523e-16   4.0844589e-31   4.3798623e-18   9.4984682e-27   3.1666233e-14   2.2968831e-44   5.2686243e-19   1.5191909e-38   1.4953040e-29   2.2619914e-02
   1.9472818e-23   1.9540158e-38   9.4149568e-17   6.0111233e-38   8.5760058e-19   5.7899007e-45   6.2376402e-33   8.6760828e-39   5.1783472e-39   2.4798636e-02
   1.8242558e-21   6.1579298e-19   6.5812273e-11   1.1262378e-28   3.1961589e-15   2.4919210e-28   3.2441148e-31   1.5384146e-34   1.3062369e-40   2.3907479e-02
   2.9838907e-22   1.6714714e-07   3.5944520e-07   1.6680113e-19   2.7411030e-24   3.1259575e-10   1.3706524e-25   5.0845126e-35   8.9492089e-35   2.0936923e-02
   7.1400700e-17   1.8500536e-09   1.5011106e-05   5.1796276e-24   1.6355942e-22   5.2428231e-03   2.8164039e-17   1.3212068e-17   4.9809998e-24   1.6735252e-02
   7.2926166e-11   2.2442696e-05   1.5718699e-04   2.0558865e-17   3.0134964e-04   1.4656011e-02   9.8479584e-08   1.6563475e-07   1.4569645e-13   1.2856063e-02
   3.5748568e-10   2.2637127e-10   4.2833239e-04   2.1089334e-09   8.9787220e-04   2.1603200e-02   6.1759667e-08   1.0960949e-03   1.2783087e-03   1.0242083e-02
   4.0141535e-07   8.0060716e-04   6.3577567e-04   7.5757589e-08   2.5455301e-03   3.2520624e-02   4.4196056e-06   9.3464957e-04   3.2945910e-03   6.4862080e-03
   7.4881849e-07   1.4641381e-04   7.1645239e-04   3.8756584e-09   3.2194910e-03   2.9909207e-02   1.9937660e-04   2.3762578e-10   6.2284730e-03   4.9181182e-03
   6.3036699e-08   5.6040519e-16   6.1606807e-04   7.5829765e-10   3.3914982e-03   2.0885151e-02   2.8309092e-04   6.6571764e-19   8.4558993e-03   5.0183085e-03
   1.1800690e-10   4.3535602e-28   4.6577704e-04   2.3707378e-16   1.4353316e-03   1.2446859e-02   1.3267603e-04   8.4496627e-27   1.1077050e-02   6.5714733e-03
   4.4998030e-15   1.4829578e-38   4.3369347e-04   4.3106506e-10   1.7243031e-26   6.5876305e-03   4.6564043e-04   2.0414402e-33   1.7103541e-02   6.3148467e-03
   2.0769226e-16   1.8193156e-27   3.2958347e-04   2.5912193e-09   1.8917480e-60   1.2563340e-03   1.1329544e-03   6.6295014e-41   1.7011747e-02   8.0282068e-03
   6.9686928e-17   1.4568611e-28   2.6960038e-04   2.8711425e-13   5.2679737e-64   3.8732369e-04   2.6727251e-03   9.8531383e-35   1.2511361e-02   1.0073558e-02
   1.3215751e-17   1.9553385e-39   2.3825885e-04   1.8419753e-18   2.3798154e-68   1.1429953e-05   8.9682910e-03   5.9169696e-47   7.6166501e-03   1.2237868e-02
   3.8111516e-12   7.3282573e-35   1.6776468e-04   1.9676709e-27   5.2167582e-91   2.8281409e-07   9.7966370e-03   7.9649250e-49   2.2044415e-03   1.4408819e-02
   8.2337360e-09   5.1648040e-32   9.1326983e-05   7.2391435e-20   1.3389181e-57   4.6214012e-15   7.3265699e-03   4.3798502e-43   8.0484067e-05   1.4598987e-02
   4.7724961e-09   1.8211027e-28   4.7257327e-05   1.8887177e-16   1.0970720e-46   3.1705274e-16   4.3820603e-03   1.1659476e-38   1.0240550e-03   1.2745400e-02
   3.2640966e-10   7.7177113e-16   6.3096831e-05   1.0396832e-14   3.9797262e-43   5.7599834e-11   1.4235433e-03   7.3349974e-38   2.9320242e-04   1.4004116e-02
   3.1191804e-09   1.3927821e-21   1.0810255e-04   2.4150393e-14   8.7510712e-27   3.6432488e-07   8.8186233e-04   6.0310866e-39   9.4453468e-04   1.1840269e-02
   1.5614127e-12   2.1644745e-24   4.5367906e-04   9.7133831e-15   2.0616215e-45   5.8226062e-08   2.7817966e-05   6.2291742e-40   5.1619502e-03   1.0432949e-02
   1.2791254e-12   6.2636968e-09   3.0161330e-04   2.8801544e-19   3.6862345e-31   3.3507088e-04   3.6709602e-10   1.8038337e-32   6.4525612e-03   1.0388001e-02
   2.2215015e-14   2.9711502e-07   4.1451027e-04   3.1862654e-19   3.8544069e-04   1.6255798e-05   4.1587024e-13   1.0233354e-24   9.4620100e-03   9.1460943e-03
   4.0649305e-12   2.8138668e-03   4.9206558e-04   1.3074634e-13   1.2134160e-03   9.6937222e-04   2.0184570e-10   8.5314724e-18   9.9088032e-03   7.4028500e-03
   6.1267502e-17   5.8183944e-04   6.6019131e-04   3.9537399e-17   2.6774565e-03   4.1697796e-03   1.3281027e-10   2.5842002e-09   1.6496643e-02   5.0172843e-03
   1.1864180e-15   7.5355972e-05   9.5208024e-04   5.0909633e-18   3.0324922e-03   3.6954989e-03   1.6634304e-14   1.0946496e-06   2.4118861e-02   3.3719804e-03
   2.6299796e-13   1.5920136e-03   7.6622377e-04   1.3794346e-11   2.8285093e-03   5.4341295e-03   1.3523753e-10   1.6930104e-06   2.6384047e-02   2.0112381e-03
   6.1378375e-11   2.2711833e-03   8.9643620e-04   1.5762800e-09   9.8181468e-04   6.3317033e-03   7.7912323e-08   2.6425930e-05   2.3191912e-02   1.6035710e-03
   4.8433623e-10   7.1245223e-03   1.0919561e-03   5.7641787e-15   3.6083669e-36   5.0774210e-03   3.9336225e-06   3.2453769e-10   1.6986310e-02   2.0654594e-03
   2.3807811e-07   4.7711742e-03   1.1849717e-03   2.6132982e-20   3.5404656e-55   6.7989303e-03   2.5984491e-04   9.1226988e-14   1.4586229e-02   2.1738630e-03
   3.7139612e-06   1.9564749e-08   1.5566616e-03   2.3147439e-27   1.5452355e-63   6.1274644e-03   1.4704091e-03   6.5937709e-28   1.4317326e-02   2.5145412e-03
   3.2163927e-05   1.7681484e-24   2.0411537e-03   4.7253084e-25   1.8290473e-60   4.3535593e-03   2.2285363e-03   1.2241475e-29   1.4922882e-02   2.1917134e-03
   2.4088632e-04   1.0121342e-28   1.6778072e-03   4.3000876e-29   1.0817265e-59   6.4001729e-03   1.0848384e-03   1.5500352e-29   1.4569937e-02   1.9178514e-03
   5.5133856e-04   2.3943674e-30   1.7323648e-03   2.5204658e-25   3.9393768e-49   8.3047845e-03   2.8147746e-03   6.9108374e-34   1.3182058e-02   1.4818405e-03
   5.1925753e-05   2.9282412e-29   1.2109974e-03   2.8466535e-26   1.9891144e-48   6.0716392e-03   3.0214317e-03   4.4232027e-42   1.4820333e-02   1.3553519e-03
   9.0868913e-06   3.1364001e-22   1.1546313e-03   2.4319353e-23   2.1824838e-35   5.0528954e-03   1.6753611e-03   6.2839384e-44   1.3454408e-02   1.3892848e-03
   5.7623391e-04   7.2365897e-24   1.3371568e-03   1.6919340e-20   2.7580646e-32   4.8675698e-03   6.8469552e-04   5.9301268e-44   1.0758164e-02   1.0933415e-03
   1.7300218e-03   5.1539243e-13   9.3949798e-04   1.7466310e-18   1.4515386e-17   4.1680195e-03   6.8289848e-05   3.9502872e-29   1.2229190e-02   1.1542284e-03
   1.4362877e-03   2.2889441e-05   7.3415403e-04   1.0455112e-25   9.3218706e-04   3.5785823e-03   1.4793951e-04   8.8677075e-17   1.1060801e-02   1.0089573e-03
   4.4338283e-03   4.0150798e-05   8.5492903e-04   3.4638915e-28   2.4823953e-03   2.0539595e-03   1.8507970e-04   6.5912573e-13   9.3655732e-03   7.6670727e-04
   9.0007415e-04   1.8488445e-03   9.2710018e-04   8.6696000e-19   4.2754545e-03   6.5211823e-04   7.1468555e-05   1.7771766e-13   1.0898034e-02   6.8581879e-04
   8.3476401e-05   2.2876846e-03   8.1503257e-04   1.7585485e-18   5.8775318e-03   1.9376874e-04   1.0029059e-05   2.3224031e-11   1.0114124e-02   9.0509232e-04
   4.2737612e-04   3.3439958e-03   9.5349065e-04   3.7116513e-19   6.0683605e-03   1.1177592e-13   3.4909450e-07   1.4973715e-17   7.4471779e-03   1.2146881e-03
   5.8130112e-04   6.4294216e-03   7.1337140e-04   1.1045619e-22   6.3307746e-03   2.2983235e-07   1.3255311e-05   1.7043179e-16   5.0946927e-03   1.2591511e-03
   2.3088281e-04   7.9924007e-03   9.9559810e-04   9.0658325e-18   3.0729011e-03   5.1832587e-18   7.0036585e-05   1.8171262e-14   4.0051260e-03   1.1537320e-03
   5.5707459e-04   1.0723832e-02   9.2813453e-04   2.5645277e-15   4.5002199e-16   6.3106920e-06   1.0417656e-03   2.2286604e-10   2.3331521e-03   1.1891680e-03
   6.3920816e-04   1.1658091e-02   1.0132548e-03   1.3990357e-05   1.0968399e-25   3.2721326e-08   1.2868906e-03   7.5162988e-14   2.0983921e-03   1.0937464e-03
   2.6060825e-04   1.3451054e-02   1.3344711e-03   1.5266946e-05   2.5610082e-23   1.8566436e-04   2.5018808e-03   2.2541680e-13   2.1132939e-03   1.0024285e-03
   1.5448482e-07   1.4642654e-02   1.3570739e-03   3.0799582e-08   1.4609147e-16   1.3071738e-03   4.9898174e-03   2.4744696e-19   1.4619204e-03   6.3678701e-04
   9.2615354e-06   1.4180402e-02   1.0880883e-03   3.3990330e-24   2.9605750e-19   9.7924289e-04   6.2805241e-03   5.8587342e-25   1.7413058e-03   5.2410127e-04
   1.4841123e-04   8.4606248e-03   1.0285027e-03   2.5337050e-16   5.4742408e-18   1.0211848e-03   6.7772564e-03   1.2281215e-22   1.8596401e-03   3.4314425e-04
   5.3350975e-05   2.8585484e-03   9.3258750e-04   2.7258606e-13   1.2425505e-08   1.1036109e-03   7.0920184e-03   2.6816472e-19   1.8006592e-03   3.5652758e-04
   1.6011107e-04   1.0613849e-07   1.0640944e-03   9.9425304e-12   2.3121086e-10   1.2746770e-03   5.8819254e-03   1.2803853e-14   2.1625137e-03   3.9748987e-04
   2.4813121e-04   1.4268480e-14   1.3444649e-03   5.8899558e-16   2.1760326e-13   8.2860122e-04   6.8783603e-03   2.0002576e-11   1.4717230e-03   2.8939716e-04
   3.3002626e-05   1.9803312e-16   1.3307987e-03   1.5077333e-16   7.4280109e-09   6.0519321e-04   6.3025019e-03   4.3559115e-10   2.4525745e-03   3.1249536e-04
   3.6068256e-05   2.1702875e-08   1.1598957e-03   2.4264977e-13   1.7314273e-03   9.1270745e-04   4.8495950e-03   1.0337045e-03   4.0715449e-03   4.2792132e-04
   1.0685294e-05   4.4747130e-07   1.5718584e-03   4.2903163e-06   6.7034842e-03   2.2108195e-04   2.9285172e-03   1.9192080e-03   4.0758681e-03   3.0265838e-04
   2.9329945e-06   4.2062493e-06   1.4135546e-03   2.5820146e-08   1.5125141e-02   5.9372857e-04   1.3241375e-03   1.4155834e-03   2.9499971e-03   4.6562886e-04
   2.6295972e-04   4.5881971e-06   1.2225458e-03   3.6775692e-05   2.5601434e-02   1.3619005e-03   5.5811521e-04   7.4559571e-07   1.9075613e-03   5.9841577e-04
   3.1325540e-04   1.6673577e-03   1.2455342e-03   3.1808789e-12   3.0384579e-02   1.2207805e-03   2.0650192e-04   1.4616228e-16   1.6348680e-03   7.8968173e-04
   2.2037203e-04   2.4635810e-03   1.1893112e-03   3.5386331e-15   1.9082900e-02   7.6942283e-04   1.2669795e-04   4.8666520e-10   1.5668431e-03   1.1442052e-03
   5.7708494e-05   1.7920095e-03   1.4616067e-03   7.9520127e-15   1.0311279e-02   1.7875057e-04   8.0928480e-05   1.0294499e-03   1.3786575e-03   1.2950253e-03
   3.1338432e-05   4.7702304e-03   1.5530438e-03   4.1072306e-12   2.1859683e-03   1.3218441e-05   2.6810372e-04   2.2168306e-03   1.4157065e-03   1.2437438e-03
   2.4061744e-04   8.2902745e-03   1.4997970e-03   1.5259544e-13   1.6476945e-08   2.0337433e-07   6.4100442e-04   2.6900858e-03   1.2043693e-03   1.0543222e-03
   1.2009654e-06   9.3353423e-03   1.3283913e-03   6.8983759e-19   2.2598592e-16   4.5580554e-05   6.8488806e-04   2.8139358e-03   1.4977948e-03   8.5496672e-04
   4.4775696e-06   9.1273197e-03   1.1668391e-03   5.5822377e-11   4.9818971e-17   3.6729925e-08   1.6822391e-03   3.0373259e-03   1.7422578e-03   8.0408704e-04
   1.7999398e-06   1.0654730e-02   1.3286394e-03   1.3661162e-07   5.0239508e-47   3.0246658e-09   3.2982634e-03   1.9071537e-07   1.7793492e-03   9.0530320e-04
   7.2321502e-05   1.3025113e-02   1.1924716e-03   9.7859822e-07   2.6693177e-41   8.2718914e-10   4.2065851e-03   5.5449362e-20   1.7849765e-03   7.2426504e-04
   2.1981261e-05   1.0707001e-02   1.0119494e-03   3.5173651e-06   6.9340814e-33   2.8918438e-04   4.8973156e-03   3.1351123e-15   2.1547260e-03   6.7106533e-04
   2.5833384e-10   1.2396268e-02   8.4810754e-04   1.5287668e-12   8.2324367e-33   1.1868795e-03   5.6163645e-03   4.9093409e-20   3.1061022e-03   5.3865294e-04
   5.1216467e-07   1.4218079e-02   9.9901666e-04   1.5682829e-17   3.9024288e-20   1.1301988e-03   7.2539331e-03   3.8192801e-11   3.9814935e-03   4.0669749e-04
   2.1602533e-04   1.0645499e-02   1.2435042e-03   1.9131748e-15   6.9748234e-19   9.7337299e-04   7.5436608e-03   3.0679598e-08   3.8776000e-03   5.3513814e-04
   7.6395422e-04   8.9112759e-03   1.9628385e-03   6.6749878e-20   9.0085341e-04   5.0471342e-06   6.4152180e-03   5.6171440e-04   2.3540385e-03   1.0625499e-03
   6.5937201e-04   7.7554771e-03   1.8400720e-03   3.7235790e-14   2.9364830e-03   1.2033889e-07   4.8249963e-03   7.3390637e-04   1.7002353e-03   1.4451074e-03
   1.9714621e-05   6.3296287e-03   1.3829729e-03   1.3920983e-15   4.9008062e-03   5.2023609e-08   3.3335029e-03   1.1483139e-03   1.7385331e-03   1.5498764e-03
   1.9073108e-03   5.0311693e-03   1.1397596e-03   3.0946512e-24   6.9988095e-03   4.8059044e-13   2.3797321e-03   2.4522158e-04   1.9480225e-03   2.1164828e-03
   1.5939093e-03   6.3640010e-03   1.4992219e-03   2.3783070e-33   7.4294257e-03   3.7230021e-20   1.7041053e-03   6.3405926e-09   1.9911861e-03   2.5348842e-03
   2.3142144e-03   6.7415352e-03   1.7366122e-03   3.4147024e-33   9.8014845e-03   1.6893324e-29   1.2425972e-03   4.3899099e-11   1.5853743e-03   2.3585240e-03
   4.0882836e-04   5.0110490e-03   1.8406351e-03   6.3625303e-21   6.3035715e-03   3.2278359e-17   7.4595717e-04   5.8899268e-06   2.8103716e-03   2.0742811e-03
   3.2209223e-03   2.9684927e-03   1.3686674e-03   4.1488423e-15   1.3141582e-03   5.0653102e-25   6.4165385e-04   2.2156621e-04   2.5556458e-03   1.8305828e-03
   3.9973230e-03   2.3856908e-03   1.4685636e-03   1.4114666e-16   7.9326756e-22   9.1900967e-25   6.1519357e-04   1.1257977e-03   2.4950361e-03   1.8010410e-03
   5.6408766e-04   3.3545515e-03   1.6414850e-03   2.0560929e-18   2.3869231e-38   2.9362056e-06   8.5801258e-04   4.7915594e-07   4.1875346e-03   1.8374900e-03
   1.0240154e-03   3.9006745e-03   1.3599483e-03   1.2913149e-18   2.7021090e-48   2.5781530e-17   1.3511242e-03   2.0464301e-18   4.7641822e-03   1.7798370e-03
   1.2594527e-03   3.5272760e-03   1.4945908e-03   1.2648229e-12   3.7808415e-37   2.2578751e-04   2.5190629e-03   3.0876376e-14   3.5109391e-03   1.8272232e-03
   3.8826559e-04   1.6199808e-09   1.7224424e-03   2.3425544e-08   2.0302135e-55   4.8442259e-04   5.3310168e-03   8.1038359e-23   7.0872396e-03   1.3885609e-03
   1.3871643e-04   3.5487750e-03   1.7196519e-03   2.4102466e-13   5.9163232e-42   2.9140821e-04   4.1770297e-03   2.4924017e-31   1.0247528e-02   1.1567503e-03
   5.4996458e-04   3.4770689e-03   1.4986033e-03   1.8834045e-07   2.3109374e-33   8.6805947e-04   2.8084038e-03   1.8084474e-19   8.6429016e-03   1.1359959e-03
   1.3512054e-03   4.6926046e-04   2.1728250e-03   1.0570106e-09   1.2334558e-15   2.6168300e-03   2.7972376e-03   6.2642416e-11   5.9811734e-03   9.1591891e-04
   3.4063602e-04   4.3538380e-09   2.0019108e-03   7.3599914e-09   1.5682275e-03   2.8634239e-03   4.7312152e-03   8.5051723e-05   5.1533795e-03   1.2957351e-03
   2.9575831e-05   5.1868955e-05   1.9820306e-03   1.3870398e-09   4.6438444e-03   4.0794811e-03   3.4128002e-03   7.9638376e-06   5.3711196e-03   2.0370919e-03
   7.2291041e-05   8.3781503e-03   2.2783405e-03   1.9288398e-12   8.5523457e-03   1.3798900e-03   5.0717680e-03   3.7225783e-14   5.0336545e-03   2.3910778e-03
   1.6019204e-04   8.5644080e-03   2.1935077e-03   3.3761624e-15   1.2100809e-02   1.0780962e-03   5.6987777e-03   1.6301044e-18   4.3946678e-03   1.8887767e-03
   5.1979759e-04   2.8323991e-03   2.8492353e-03   1.1153484e-11   1.2949613e-02   1.5866887e-03   4.3863621e-03   2.6434895e-13   2.3222622e-03   2.0396512e-03
   3.4551018e-04   3.5330374e-03   2.9212515e-03   5.7968322e-12   1.8413743e-02   4.5825748e-16   1.5418924e-03   1.4310860e-15   2.6092566e-03   2.5592977e-03
   4.2357099e-09   2.2551243e-03   2.8830858e-03   1.0128535e-10   2.2645584e-02   2.0486874e-11   9.6614453e-04   1.6536386e-11   2.7569732e-03   2.5664601e-03
   1.5260974e-04   4.7725404e-06   3.7524807e-03   1.9577371e-12   1.2580903e-02   3.5403186e-13   5.8314676e-05   7.1272479e-04   4.1124112e-03   1.9653820e-03
   2.9251625e-04   5.9395024e-05   3.4217479e-03   3.8846313e-16   2.3039385e-03   1.2280443e-12   2.3439952e-04   1.5902938e-03   4.8697856e-03   2.2866671e-03
   3.0972974e-05   5.8161268e-10   3.5964536e-03   3.1641108e-20   9.1449776e-23   6.9254058e-14   3.8192697e-05   1.5264125e-03   4.8747235e-03   2.1838757e-03
   1.8404740e-05   1.7142695e-12   3.8884857e-03   3.9384551e-22   1.4759908e-19   1.2447438e-15   8.6858317e-05   3.8657852e-05   6.0062024e-03   1.9301261e-03
   1.3503322e-10   2.5858655e-15   3.6249774e-03   3.3000872e-28   5.1941915e-19   5.3001009e-19   1.3255953e-11   6.1614027e-14   7.3289477e-03   2.6563005e-03
   5.6574928e-14   1.6094100e-07   3.3333551e-03   3.8390570e-25   7.0564195e-27   6.1195263e-16   2.6637305e-12   3.7837603e-17   7.7415481e-03   2.9377193e-03
   1.5289850e-06   2.1547984e-03   2.9549393e-03   4.1195675e-25   5.5059811e-22   2.6402442e-13   6.7789526e-09   1.5903834e-19   4.6237644e-03   2.5979752e-03
   1.5003977e-04   1.9413362e-03   2.5640530e-03   2.5527499e-16   1.6279818e-13   4.9526788e-24   2.9547391e-04   9.3770121e-23   2.0411492e-03   3.4090253e-03
   2.1100789e-06   2.8136173e-03   2.0495021e-03   4.3429636e-21   1.3335308e-03   1.7215625e-22   8.7829915e-04   7.1012468e-21   2.8918776e-03   2.8857214e-03
   9.8564966e-07   2.9145459e-03   1.9769954e-03   2.2017007e-23   2.9463926e-03   2.2427893e-19   3.6785660e-04   2.2175848e-20   3.3566754e-03   2.6309508e-03
   4.9785253e-09   2.1717842e-03   1.9482077e-03   2.8610928e-19   5.2748382e-03   3.8445122e-20   8.6118101e-05   1.2273594e-22   2.5013890e-03   1.9527805e-03
   2.3507020e-06   1.7810912e-03   1.9922551e-03   4.9858394e-24   1.0836324e-02   8.1796232e-21   5.3950476e-04   1.3240748e-20   1.6830777e-03   1.6817614e-03
   3.0416855e-05   1.1804985e-03   1.9283295e-03   6.0250671e-28   1.6005164e-02   4.7580682e-30   5.3720947e-04   6.9731653e-28   1.5049302e-03   2.5513057e-03
   2.0083045e-11   2.6052277e-03   2.1749365e-03   7.6561988e-25   1.6415073e-02   6.4143787e-39   8.8754424e-04   4.8942761e-23   1.0498542e-03   2.3744421e-03
   2.5914457e-11   4.9575149e-03   2.2690719e-03   1.8843332e-19   8.8936477e-03   2.8959199e-25   6.3155802e-04   3.8585925e-20   2.0215114e-03   1.6655553e-03
   1.9806188e-12   3.7591535e-03   2.5479611e-03   2.5501424e-21   9.3694523e-03   2.8258692e-16   6.8947521e-05   1.8958719e-28   2.1999065e-03   1.7172410e-03
   1.1724232e-15   5.4691462e-03   2.3752051e-03   1.4051451e-26   9.3661724e-03   4.0115064e-09   1.0213595e-10   6.5549868e-37   1.7707019e-03   2.3290375e-03
   1.5326491e-09   6.1601064e-03   2.0297060e-03   7.6540297e-17   5.5245361e-03   3.0441104e-06   9.6097181e-14   1.0126980e-35   1.6911563e-03   1.9486341e-03
   3.3423590e-08   4.0671235e-03   1.5876941e-03   3.8254719e-15   1.3106025e-03   3.5601349e-05   3.9554505e-14   2.4207538e-40   2.3664865e-03   1.2685428e-03
   5.1592404e-09   1.2548830e-03   2.0453991e-03   6.3403636e-19   1.4379635e-34   3.7203673e-09   4.3539491e-13   6.4145673e-39   2.5883080e-03   1.6391769e-03
   2.2925515e-09   2.5624755e-09   2.6124698e-03   1.1326049e-18   1.1877803e-34   9.2920770e-13   7.7227159e-21   2.7559115e-35   1.8001695e-03   1.7239457e-03
   9.5778343e-06   3.1159613e-25   2.6337804e-03   9.9208957e-15   7.2385880e-45   4.7382516e-16   1.2497199e-12   6.3821113e-36   1.6183787e-03   1.5133950e-03
   2.8523603e-05   1.0501996e-18   2.6012137e-03   2.4939459e-14   1.7642209e-44   4.2743631e-08   1.7986582e-12   3.0980626e-31   2.6168102e-03   1.2976409e-03
   2.3554397e-05   8.9961071e-05   2.7533905e-03   4.5092729e-17   3.7769428e-50   8.4632889e-06   3.9280943e-08   2.6231963e-29   2.3560925e-03   1.5001606e-03
   1.5031937e-05   7.1846362e-04   2.3933168e-03   1.7075255e-22   1.9188135e-45   9.9243620e-05   1.1663199e-07   2.5679937e-24   1.9275618e-03   1.5907662e-03
   2.4761626e-06   3.2205349e-08   1.9518419e-03   2.0428857e-22   3.8393848e-38   5.7683734e-06   1.6340663e-04   9.8796309e-35   2.5167436e-03   1.7809368e-03
   3.0116969e-04   2.6552223e-11   1.8235966e-03   2.2326625e-23   2.0072935e-19   9.3099623e-08   7.4127167e-04   1.1114527e-30   2.1965851e-03   1.3697881e-03
   4.7744095e-04   1.2425645e-26   2.2046227e-03   4.0646402e-25   6.5955785e-04   3.4781379e-12   9.1566900e-04   3.8573470e-30   1.9206711e-03   1.3607598e-03
   1.6120405e-05   2.0287746e-14   2.0863390e-03   5.7203005e-20   1.4591702e-03   1.6280136e-08   1.3586876e-03   9.0109775e-24   2.4841256e-03   9.5233432e-04
   4.2657466e-04   8.3007658e-06   2.5647815e-03   8.2654564e-29   1.4641486e-03   1.1388566e-20   1.3635704e-03   2.3469529e-37   2.8860422e-03   9.0029400e-04
   4.8498010e-04   1.0993356e-03   2.2546690e-03   2.2731192e-26   1.8595098e-03   5.3091652e-22   1.2508640e-03   2.7753357e-34   2.7639924e-03   7.3614405e-04
   6.1073391e-04   4.0869426e-11   2.1842667e-03   3.8901340e-25   1.5651962e-03   2.0120588e-22   1.0046071e-03   3.2117234e-41   2.5734020e-03   6.1203789e-04
   5.7610059e-04   7.9297940e-23   2.7632792e-03   6.9063702e-29   1.4521582e-03   2.2510980e-07   5.7221575e-04   6.1112878e-51   2.9227738e-03   7.4656618e-04
   6.8250368e-04   1.7051253e-14   2.9084863e-03   7.6185048e-27   2.0827371e-03   1.1175684e-04   2.0901309e-04   3.2989038e-42   3.2630312e-03   4.8084725e-04
   6.8534019e-04   5.5923392e-18   2.8729189e-03   1.0673670e-29   1.2363489e-03   6.7139376e-04   1.0701749e-04   1.4821996e-42   3.5906994e-03   6.1488182e-04
   1.2932529e-03   5.7339508e-23   2.4531455e-03   1.0634319e-25   3.9141952e-23   1.1521270e-03   2.2356059e-04   6.2321733e-50   3.2080409e-03   3.9202858e-04
   1.6250235e-03   6.8396754e-23   2.0575180e-03   2.0441909e-24   1.6384915e-47   1.5794503e-03   1.4158590e-04   3.0380837e-45   2.5802240e-03   7.4229052e-04
   1.1087731e-03   9.3217600e-23   1.9300451e-03   2.0183714e-21   3.0702886e-44   2.0106190e-03   1.3469271e-05   1.0660690e-37   1.8944321e-03   8.4508168e-04
   2.5138048e-03   1.2966097e-03   1.7892843e-03   2.6124632e-16   3.7195275e-50   5.5218450e-05   4.3853060e-04   7.2004806e-46   1.2281197e-03   8.4254868e-04
   1.9246815e-03   2.8481385e-04   1.4331325e-03   2.5802264e-17   7.0784463e-55   6.0841120e-04   9.3967447e-05   3.1528622e-35   1.6035346e-03   8.8703457e-04
   1.7255687e-03   1.5596361e-22   1.7023662e-03   1.2679996e-14   1.2680888e-56   1.0608877e-04   1.1254951e-04   1.1428148e-37   1.6936018e-03   9.7830060e-04
   2.2761446e-03   1.0231581e-30   2.2850812e-03   1.4818884e-20   2.1957784e-60   4.7913308e-18   1.0350249e-04   1.2528033e-36   2.0501939e-03   7.5607014e-04
   1.1238636e-03   3.8658428e-21   2.1547934e-03   3.1966123e-19   8.8049215e-65   6.1118325e-18   8.1603300e-05   1.0788649e-33   2.6218102e-03   7.5170979e-04
   2.8231403e-04   1.3136437e-16   2.4502163e-03   2.0184708e-22   1.7808946e-49   1.0795272e-07   1.7666208e-04   5.3074640e-28   3.6197545e-03   6.5219983e-04
   7.8732164e-04   1.7597300e-17   2.8678753e-03   2.0485218e-18   2.7530855e-29   8.7215573e-12   3.5103369e-05   1.3150330e-31   3.6607785e-03   4.6791810e-04
   1.0864147e-04   1.7767756e-12   2.6165686e-03   1.1403513e-12   4.0879992e-17   3.4742454e-07   1.6507750e-04   2.2221504e-21   3.3573234e-03   6.7766357e-04
   1.0604829e-04   8.4363254e-26   2.9337535e-03   6.6865956e-18   3.4746456e-05   3.3266567e-10   7.6693047e-05   6.6745776e-26   3.1254050e-03   1.0339758e-03
   2.0504044e-05   1.9627062e-15   2.5236991e-03   6.3363578e-24   5.3070399e-07   2.3402914e-13   7.6576254e-11   1.9361851e-33   5.3546394e-03   9.0621480e-04
   8.7349465e-05   6.7123749e-04   1.8255753e-03   2.4950583e-16   8.4723658e-04   9.0991434e-17   4.1325136e-06   2.0668407e-34   6.2504558e-03   1.0917037e-03
   4.6204173e-04   1.8115838e-04   2.0313896e-03   1.9850061e-09   7.4004378e-04   1.1842980e-12   2.8678578e-04   3.3725752e-31   4.8870779e-03   9.4209049e-04
   5.4366320e-06   7.3511737e-04   2.4853420e-03   2.8228235e-16   1.5695773e-03   3.9886250e-04   1.1211690e-05   3.8009480e-38   3.6010719e-03   9.3741417e-04
   5.2471587e-08   2.7656735e-16   2.4873985e-03   1.1297477e-21   6.2040641e-04   5.7899747e-12   1.7390481e-05   8.8318949e-38   4.0295512e-03   1.1289094e-03
   1.4747786e-06   2.1066844e-03   2.4943865e-03   2.4591184e-23   3.0662160e-48   2.0372566e-07   2.7261202e-06   4.6737423e-34   3.9165400e-03   1.0445195e-03
   2.0379296e-04   3.1566160e-03   2.2420043e-03   1.1363388e-22   3.8184022e-56   1.2702335e-18   1.5080082e-10   9.2713365e-31   2.9229912e-03   1.1665758e-03
   4.0171730e-05   4.3257964e-03   2.6839698e-03   3.0090644e-18   3.9534401e-56   6.3460012e-22   1.1498024e-06   7.3502788e-29   2.0067540e-03   1.5242120e-03
   2.7117320e-04   4.7406611e-03   2.1867300e-03   1.7409839e-20   3.7045186e-56   1.3877376e-21   1.3753706e-06   1.0058014e-27   1.6677929e-03   1.6963740e-03
   1.3928584e-03   3.0592638e-03   2.5756706e-03   3.9817130e-27   1.1820027e-63   2.0507327e-04   8.2254938e-16   7.9871183e-30   1.3776377e-03   1.8740498e-03
   2.0798603e-03   2.3549729e-03   2.0146247e-03   1.6497059e-26   3.8316876e-78   1.1310207e-06   7.9419297e-13   3.4397636e-27   1.6274071e-03   1.8431717e-03
   1.0724639e-03   4.3386554e-03   2.1051873e-03   1.2662010e-24   6.4044660e-59   3.1686154e-05   1.2882662e-09   2.0466999e-24   1.6083852e-03   1.5299610e-03
   5.3238417e-04   3.9718765e-03   3.2162567e-03   6.8585772e-23   4.9144981e-45   8.6618231e-06   3.7711690e-09   1.5669291e-17   1.4384605e-03   1.4938355e-03
   8.4313567e-04   1.6699148e-03   3.7322681e-03   9.6717584e-27   2.1912437e-29   1.2302250e-12   5.0995100e-17   2.3206972e-21   1.6669914e-03   1.4057706e-03
   6.2022356e-04   1.7118805e-03   2.5045728e-03   1.7533495e-26   8.3006791e-05   4.5048467e-13   4.5901097e-09   6.8194388e-16   1.7416155e-03   1.0466449e-03
   6.8681740e-04   1.5811934e-03   2.5190190e-03   2.1946370e-18   5.9524072e-04   7.4210207e-06   3.8391476e-08   9.0805331e-14   2.2515852e-03   8.1462532e-04
   1.5307056e-04   1.9978141e-03   3.2346908e-03   2.4334143e-28   1.6506444e-09   3.2132080e-09   2.5356529e-15   5.1961054e-24   2.0131090e-03   1.0309253e-03
   5.0833014e-04   1.9392116e-03   2.5798019e-03   1.8220106e-28   9.1405627e-04   4.2706425e-19   1.0537661e-23   2.7580866e-25   1.8114255e-03   1.5992096e-03
   8.1504419e-05   4.8251857e-19   3.1273378e-03   3.5633386e-22   7.8432344e-04   8.8714565e-23   8.6945376e-31   1.1917379e-30   2.0339806e-03   1.7535655e-03
   4.5981362e-06   2.8669379e-03   2.9304271e-03   5.0743379e-20   2.5084058e-03   4.0706351e-21   4.1112636e-24   6.0040355e-30   1.9182168e-03   1.5794774e-03
   3.0718636e-04   4.6958322e-03   2.5192735e-03   8.5641025e-18   3.0156783e-03   1.7365339e-21   5.9477795e-17   1.5691925e-27   1.7884609e-03   1.2077028e-03
   9.6028935e-04   5.7482828e-03   2.7342716e-03   5.5152180e-29   1.6966854e-03   5.3310969e-25   1.0468127e-20   2.3419768e-29   1.1348059e-03   1.1252262e-03
   2.0395704e-05   5.0316413e-03   3.1329840e-03   3.5739777e-23   1.8205233e-20   1.7267595e-24   1.6796094e-16   9.1161989e-26   4.8850714e-04   1.3587957e-03
   3.8167558e-04   1.6316858e-03   2.2746622e-03   1.5343749e-23   1.0016563e-37   4.1280483e-31   9.2541849e-15   1.2389125e-20   9.7784232e-08   2.3824892e-03
   5.0811591e-04   4.3832317e-03   2.7163120e-03   1.6716204e-29   8.0505664e-55   1.0710227e-32   5.9053401e-20   4.6066274e-24   1.3379266e-07   1.9641602e-03
   7.9895785e-04   4.0274488e-03   3.7504773e-03   6.5997358e-22   2.8428025e-41   1.7973947e-25   7.8507148e-23   7.7941809e-31   3.1349709e-04   9.8302389e-04
   2.4655263e-04   9.3711365e-03   3.7473222e-03   3.8222326e-23   3.4809133e-49   4.3481603e-27   2.9403894e-22   1.6566560e-21   4.6774819e-04   9.5083878e-04
   4.4431301e-06   1.3030115e-02   3.4527088e-03   6.0144333e-35   2.3375270e-44   1.2917516e-27   6.4427853e-20   2.8884657e-23   7.1311502e-04   1.1646397e-03
   4.0989868e-05   1.0745213e-02   3.5328103e-03   5.0149559e-32   9.7355488e-21   9.4861163e-23   1.5489650e-16   1.8006776e-19   1.1212219e-03   8.4615481e-04
   7.2270908e-06   4.8588526e-03   3.7838373e-03   1.2957488e-24   3.2980363e-03   2.7504307e-04   2.0329996e-11   3.9060410e-08   7.9326042e-04   6.4125296e-04
   8.9437461e-11   1.1558238e-02   2.7851430e-03   1.2250950e-18   8.0175412e-03   9.8078121e-04   2.2550017e-07   7.7791383e-16   5.9688185e-04   5.4720821e-04
   1.5122740e-07   1.1576636e-02   2.6535682e-03   1.8255843e-17   1.0668497e-02   1.8114980e-03   7.2676040e-05   3.1452306e-15   2.9782965e-04   6.4752034e-04
   1.0465347e-04   2.5863338e-02   2.8707048e-03   1.7029121e-23   7.9456988e-03   4.7017453e-04   1.3902663e-04   1.6060826e-20   8.2684006e-20   6.4302527e-04
   1.2071116e-05   2.3845603e-02   2.8457936e-03   4.2534180e-15   6.4585687e-03   6.0726572e-04   2.7299499e-04   8.1449839e-26   4.2387510e-06   7.1958867e-04
   2.4439228e-05   1.4177580e-02   3.3703020e-03   5.8779836e-21   8.6215839e-03   4.6388157e-05   1.4660559e-04   9.6032090e-28   1.7558983e-04   7.2874858e-04
   2.3379303e-04   1.0357083e-02   2.9051145e-03   5.5977924e-26   6.1799469e-03   8.8123057e-12   1.0127124e-04   9.0342918e-24   5.2969221e-07   7.4222978e-04
   4.2480293e-04   6.0135729e-03   3.0054430e-03   3.8736469e-25   1.0613130e-02   9.5110580e-09   1.2924732e-04   1.1779283e-32   2.9810280e-08   5.6928180e-04
   5.2148444e-05   3.2776693e-03   3.6235464e-03   7.1379908e-29   1.2700582e-02   6.2711731e-04   2.0470357e-04   7.6359933e-34   8.0050663e-18   7.0589602e-04
   1.5599636e-14   3.5938713e-03   3.7242265e-03   1.9378910e-25   9.3481963e-03   1.9210505e-07   5.6806722e-04   1.1543522e-24   1.1796569e-18   8.8647206e-04
   1.2659736e-04   6.1047835e-03   3.5288577e-03   3.4065490e-21   4.8013561e-03   1.1631143e-38   4.9044064e-04   4.4453545e-22   3.1057748e-16   1.0177688e-03
   1.4441116e-04   8.3777018e-03   4.2678330e-03   1.6098497e-22   2.7493710e-08   3.8571313e-11   4.7991919e-04   2.1982893e-18   1.3200703e-08   8.5990687e-04
   1.8894584e-06   7.2285831e-03   4.3995531e-03   1.8846259e-22   2.0849623e-17   3.1707137e-07   5.6934286e-05   8.4897640e-19   1.8312497e-08   1.0481267e-03
   1.6040866e-12   6.0362532e-03   3.7944383e-03   2.5397010e-21   2.8986635e-25   6.0288984e-08   1.6479714e-11   7.4988140e-20   3.4387679e-11   1.3409670e-03
   6.8401824e-08   5.1048623e-03   4.0427719e-03   5.0180026e-21   3.0265091e-19   1.4897515e-07   7.1938637e-15   8.1329676e-23   1.2790827e-14   9.5369021e-04
   7.5543582e-07   2.4630300e-03   4.7825567e-03   1.7596655e-12   8.5996280e-06   3.1602719e-05   5.5826168e-14   6.5998647e-14   2.2127846e-23   5.3471771e-04
   8.1719932e-10   5.8263625e-04   4.2785531e-03   1.8073534e-14   2.6846924e-03   1.2909101e-05   1.3371540e-13   1.3706445e-20   1.5255873e-09   6.9415726e-04
   1.1678169e-08   1.6749186e-03   3.6309065e-03   4.5457200e-15   4.7575614e-03   6.9401297e-24   2.4153477e-17   1.0483507e-20   1.2192792e-04   9.2895286e-04
   1.4249279e-08   2.1304041e-06   4.7480393e-03   6.3549546e-23   1.0143990e-02   8.8249202e-26   1.8657360e-21   7.0189464e-24   5.8621790e-12   8.4962335e-04
   7.6235004e-10   2.3640398e-04   5.1492471e-03   8.0528961e-26   1.5032138e-02   8.1397682e-06   2.4450632e-20   3.9737016e-24   8.9845468e-21   6.4891504e-04
   9.1945521e-12   7.5738074e-06   4.1552621e-03   7.0273343e-18   1.5194626e-02   1.1169025e-03   3.6254433e-12   6.3890195e-25   1.1697878e-14   6.6400385e-04
   1.1580836e-07   1.0190201e-06   4.3499821e-03   3.2036858e-18   1.0328180e-02   4.0282730e-04   1.8616718e-04   3.9528924e-31   3.7611613e-04   7.1036168e-04
   1.0717210e-10   6.0484856e-09   4.6248175e-03   6.7295581e-11   9.7754953e-03   3.4173335e-04   6.5389297e-04   1.1395463e-37   2.0545219e-04   7.8928678e-04
   1.8043849e-05   2.1629469e-03   3.7095172e-03   1.1377739e-07   6.8009353e-03   5.0732069e-10   5.6106392e-04   9.9530343e-33   2.5603151e-11   7.7787033e-04
   3.6326752e-12   2.7686051e-03   3.6594883e-03   3.9287806e-08   7.8741987e-03   7.0536327e-08   2.1304925e-04   8.0638893e-34   2.1040113e-20   6.3980535e-04
   1.5945885e-14   1.9459434e-03   3.6362626e-03   2.5786571e-09   8.8689215e-03   9.8404957e-21   2.6120501e-05   4.7449704e-40   9.3137792e-17   7.5942776e-04
   6.2404943e-13   1.1090892e-03   3.7658864e-03   5.3700057e-11   6.0166300e-03   2.6030650e-06   1.5619639e-05   2.1477077e-35   3.1650555e-16   7.4916386e-04
   1.0908843e-10   8.9210214e-23   3.9973693e-03   2.7472909e-10   2.0955836e-03   1.6766426e-08   1.0257717e-04   8.1464925e-29   1.7510953e-04   5.9668651e-04
   2.8876753e-15   7.1472310e-28   3.9665662e-03   1.9386569e-06   2.1101317e-19   2.8115018e-18   2.3726389e-05   5.9167231e-18   4.4991334e-04   5.8312343e-04
   4.6465386e-16   6.0154334e-22   4.2514332e-03   6.4136572e-08   8.8351278e-31   4.8731199e-18   1.0664670e-07   3.3197854e-20   3.1390526e-04   5.5134218e-04
   6.9842261e-13   1.0838820e-17   4.0732103e-03   4.2965952e-07   5.4588504e-29   2.9417150e-07   4.9259214e-10   1.8410617e-17   3.8768671e-04   4.7499916e-04
   8.9210772e-06   8.1318181e-14   4.0058599e-03   1.0250241e-08   4.9339437e-48   2.6004617e-05   2.7931570e-10   4.0899179e-13   5.2979349e-04   3.4558575e-04
   2.4852158e-05   3.8521541e-20   3.3550021e-03   5.1764401e-11   1.8227179e-47   1.4585981e-12   3.7421439e-09   8.3282590e-13   9.5261932e-04   3.5639806e-04
   4.4897487e-07   2.1548927e-21   3.2075160e-03   3.2108228e-10   1.2713206e-35   5.6260232e-09   7.5951150e-07   8.1195606e-08   9.0247398e-04   3.7793367e-04
   4.3446634e-09   3.7479713e-20   3.8256806e-03   1.9746005e-09   1.3856626e-20   4.8543201e-06   5.0704434e-05   1.9446637e-04   6.2433140e-04   3.5393144e-04
   5.4112487e-14   1.7435325e-33   3.8237569e-03   3.6264358e-06   4.8301525e-08   2.3526043e-06   4.4641224e-05   6.4045997e-13   5.2463131e-04   3.0510946e-04
   1.0219742e-08   2.8057605e-28   3.3066455e-03   1.5819223e-10   1.2853767e-04   2.0971784e-08   3.3372042e-07   5.3383074e-04   2.1458501e-04   3.8765630e-04
   1.8805167e-07   2.8809477e-35   3.7440296e-03   1.0397818e-08   3.7808878e-13   1.0839445e-13   3.7811616e-06   3.5059995e-04   4.8684425e-04   3.3605485e-04
   1.1290098e-06   3.1153818e-33   3.8499912e-03   9.7176334e-06   1.0806889e-18   2.8816908e-24   4.4592083e-04   6.4450895e-05   1.9490897e-08   4.4412469e-04
   1.0751249e-08   1.6471442e-30   3.4791038e-03   1.5473539e-08   8.2588081e-17   9.0206557e-21   9.5172186e-04   2.4452716e-07   1.2773453e-04   6.3237999e-04
   7.7830322e-13   1.9582706e-38   3.2198100e-03   2.3958364e-07   4.0555590e-22   5.4921178e-22   1.3466804e-03   1.9952819e-14   3.8921786e-04   5.8610501e-04
   5.4326714e-15   2.5774519e-40   3.1829618e-03   1.3605999e-06   4.4167268e-11   2.7022858e-26   7.1910892e-04   3.7251481e-08   4.3601962e-04   6.9449402e-04
   1.3996462e-10   2.7466367e-30   2.2394737e-03   3.7250675e-06   6.4888890e-04   1.4227982e-27   3.7405486e-04   2.8734289e-04   6.3994160e-04   7.6730196e-04
   3.4076975e-12   1.5456581e-23   2.0851565e-03   7.8990704e-10   3.8402500e-04   2.0705829e-22   4.6508748e-04   5.7444243e-04   4.8622349e-04   7.8313906e-04
   7.9930887e-14   6.1272785e-24   2.0693306e-03   1.6536307e-07   2.2145523e-18   1.8376742e-11   4.0756378e-04   4.8919251e-04   6.8622728e-04   6.6771422e-04
   7.6200082e-09   6.9754898e-18   2.2233847e-03   1.9364123e-06   3.5067092e-19   7.8291250e-09   2.5978635e-04   4.2252212e-05   1.0134737e-03   5.7493089e-04
   2.3685564e-08   6.2446940e-21   2.3200622e-03   4.3935122e-05   9.7244852e-33   6.4379371e-20   1.0506400e-04   1.7150311e-10   1.2124716e-03   5.6372498e-04
   6.5932433e-12   5.1530111e-34   2.1620844e-03   2.4251566e-05   9.2518715e-34   5.5764753e-27   7.7722035e-05   1.6177877e-04   9.3414209e-04   6.4643670e-04
   3.8018747e-12   2.2831426e-27   2.1782727e-03   2.9678124e-05   8.1531941e-41   2.0557107e-17   1.2414352e-04   6.1773098e-05   5.6340391e-04   7.9426612e-04
   6.4345962e-12   8.0487614e-23   2.4341048e-03   1.6919006e-06   2.7551202e-34   4.4326663e-21   4.2208996e-05   3.8341438e-04   7.7462429e-04   5.7661352e-04
   1.8311707e-13   1.2718084e-19   2.7533183e-03   2.1743259e-06   1.1972875e-37   4.5246258e-22   1.4073234e-06   5.0282180e-04   6.6561414e-04   5.5811778e-04
   1.3426930e-19   1.5458316e-20   2.6991943e-03   4.5765757e-07   4.9271462e-37   1.3327782e-13   2.4853617e-05   5.0080192e-04   2.3646416e-04   7.6068228e-04
   1.4047291e-19   4.6605130e-31   2.5169639e-03   1.2769952e-08   3.3612776e-16   2.0667316e-04   3.7302123e-05   6.6954982e-04   2.7308500e-04   7.3513250e-04
   3.4421790e-18   8.1243794e-28   3.3250553e-03   2.0468862e-06   2.1438655e-14   6.4255159e-09   1.6670153e-08   7.7355347e-05   5.2521834e-04   5.5058929e-04
   3.5479268e-18   7.9979763e-24   3.4352468e-03   1.1263936e-06   1.7688052e-19   1.7991750e-11   2.4167439e-09   1.2041565e-04   4.8962557e-04   6.1159767e-04
   1.5947771e-13   1.1498601e-15   3.2118748e-03   1.6154143e-07   8.0550181e-21   5.6611490e-16   5.9590457e-07   2.6729925e-04   3.7752669e-04   5.8339681e-04
   1.3563616e-12   8.5217119e-13   3.2135150e-03   1.2913237e-08   7.8444963e-20   1.2076447e-04   3.5890622e-05   4.5038460e-04   4.2690717e-04   4.4383743e-04
   5.5946873e-15   6.1533152e-10   3.4701631e-03   1.0865923e-07   7.7947120e-22   3.1648717e-04   2.0383818e-07   2.1707277e-06   2.4885185e-04   5.2575148e-04
   7.2564226e-18   7.1023113e-16   3.5668855e-03   7.1698896e-10   2.8648595e-08   8.1550367e-06   5.6005046e-05   5.2006328e-11   1.6208695e-04   7.8222772e-04
   1.1571554e-19   2.2937597e-13   3.4354165e-03   1.8546574e-07   7.7661542e-08   2.1297455e-10   1.7416740e-05   1.2178409e-17   4.6351618e-04   7.7081160e-04
   5.6520609e-14   3.2735166e-11   3.4387324e-03   1.2349892e-06   1.5026712e-08   2.8198642e-10   9.9536685e-07   1.6728668e-08   7.4937362e-04   7.1927508e-04
   3.2563247e-13   1.6464959e-16   3.1725073e-03   2.5862224e-06   6.4521803e-15   1.1133176e-14   1.0335886e-06   1.1001218e-06   5.9465487e-04   6.4358716e-04
   2.9255898e-12   1.8501456e-08   2.9032711e-03   5.8857903e-06   2.2715010e-20   9.4400626e-13   2.3166824e-04   1.5714052e-04   1.4825249e-04   6.0795641e-04
   4.6308932e-10   1.6526213e-04   2.5342295e-03   6.9664730e-05   2.5100109e-27   5.5565981e-08   1.4579944e-04   6.5378237e-04   4.3949824e-04   6.5812400e-04
   2.8485979e-10   2.0941423e-06   2.8352597e-03   2.5138810e-05   3.1100436e-27   2.6687267e-06   6.6251776e-05   5.8071828e-04   8.7994832e-04   6.3436627e-04
   2.2709428e-09   1.8649198e-08   3.1132820e-03   5.4280588e-05   4.5274288e-27   8.0184445e-04   2.6733645e-04   3.0693177e-04   7.9028011e-04   6.0431195e-04
   1.9970047e-11   4.0610142e-13   2.7486099e-03   6.9965720e-06   2.2051455e-16   4.2429957e-04   4.8734918e-04   1.1719079e-04   6.1046458e-04   6.2537977e-04
   2.3628074e-21   8.9052747e-22   2.4327824e-03   1.8192691e-11   1.4530455e-20   9.9746035e-04   3.9315012e-04   1.7711417e-04   3.0167152e-04   7.9724960e-04
   1.8937779e-15   1.4390945e-10   2.2782556e-03   1.3944971e-07   1.9299482e-04   5.1146178e-04   4.9233468e-04   1.8401130e-04   3.6227613e-04   7.6352793e-04
   1.0555459e-14   3.9424774e-24   2.5490861e-03   1.2592895e-07   1.1856409e-04   3.4935892e-17   4.6177358e-04   1.1006782e-06   3.8974319e-04   1.0355395e-03
   2.5023107e-15   1.0493590e-19   2.3311194e-03   1.7264212e-10   5.2228251e-10   1.2170590e-04   3.6169650e-04   7.8478944e-05   5.6742811e-04   9.4246512e-04
   1.6925989e-14   1.2987674e-23   2.6885470e-03   6.1735623e-07   2.4939647e-15   2.3159617e-13   2.6175759e-04   7.1229787e-07   4.9649534e-04   7.2235491e-04
   9.6228477e-09   8.0475298e-36   3.1706508e-03   2.7841908e-07   4.9482574e-05   1.3591277e-20   2.9812933e-04   9.9980725e-09   2.1035131e-04   8.2388237e-04
   7.7240572e-09   6.2819855e-35   3.4105434e-03   1.6999663e-10   3.1507410e-04   4.4814624e-14   4.8550696e-05   2.3387165e-11   3.8161721e-04   9.5864310e-04
   9.3583124e-09   5.3986549e-35   2.8009656e-03   1.8332394e-09   4.3059891e-04   4.5437112e-13   2.8359866e-04   3.4594583e-07   5.4922835e-04   8.6133956e-04
   9.8574181e-07   2.9993742e-32   3.0193837e-03   2.2003813e-08   5.3406314e-04   2.8175445e-16   4.0032286e-04   1.6087923e-07   4.6845313e-04   7.4831901e-04
   8.1281835e-08   3.0484063e-34   3.1431287e-03   1.6339531e-06   1.4426443e-03   2.7693755e-23   6.2571181e-04   1.8848586e-08   5.0330777e-04   5.7045965e-04
   2.9876467e-08   4.0905218e-36   3.4050320e-03   4.2266529e-08   1.7193897e-03   2.1407334e-19   4.7978293e-04   4.1033564e-18   4.9368758e-04   6.0151402e-04
   2.8925831e-09   2.2497292e-35   4.2581757e-03   1.4948741e-08   7.7544655e-04   1.3072581e-17   3.5693080e-04   3.0976097e-17   4.9410351e-04   5.0681513e-04
   2.1734313e-07   3.1965770e-37   4.2658694e-03   1.4015924e-06   3.7345073e-10   2.3172663e-11   5.2415698e-04   3.8127466e-14   5.3600014e-04   4.1187625e-04
   6.7219806e-06   2.4674805e-33   3.3054249e-03   5.6685392e-07   1.3212254e-07   1.1555942e-15   6.9531341e-04   6.0738560e-06   5.6424438e-04   4.1927378e-04
   7.6702420e-05   9.9163460e-19   3.1134005e-03   4.1989815e-09   4.4805878e-11   9.1518085e-21   6.0568655e-04   6.9937188e-06   4.3107788e-04   4.8400614e-04
   6.9218421e-07   1.4275646e-19   3.0066068e-03   1.9617327e-08   4.0047685e-17   1.2269766e-12   3.0109524e-04   4.3142419e-05   5.3145482e-04   6.3379036e-04
   3.8098036e-12   7.6802925e-31   2.6248696e-03   1.3454553e-07   1.3216513e-13   5.1201593e-19   3.8665604e-04   1.7069761e-04   6.7232111e-04   6.0940371e-04
   7.5713817e-10   3.0298484e-07   2.6818536e-03   6.5751968e-08   3.6573134e-06   8.2679241e-06   3.2102077e-04   4.1567590e-04   6.0500405e-04   6.0041729e-04
   1.5713815e-08   1.1750129e-12   2.3914176e-03   1.0318264e-08   8.3380908e-04   1.9148635e-04   5.2324524e-05   2.5029024e-04   6.2112566e-04   7.2244251e-04
   1.3916093e-11   7.9870878e-09   2.7626908e-03   3.6559076e-08   7.8208014e-04   9.8212024e-07   1.9612640e-05   2.9457376e-04   5.5794883e-04   6.6097491e-04
   1.5446367e-07   3.6519077e-06   3.4812136e-03   5.7005558e-10   5.3615844e-06   4.2431920e-04   1.5877116e-04   1.5220112e-04   4.0513090e-04   6.1292164e-04
   2.0102276e-06   3.3175090e-04   3.8299235e-03   4.0024465e-08   2.2584741e-16   9.0769692e-10   6.5191138e-05   2.0998346e-09   4.4215035e-04   4.2439632e-04
   5.7182647e-12   1.3221348e-14   3.7397358e-03   7.5394010e-11   5.6926982e-17   3.1614252e-06   7.2060018e-08   6.4875114e-14   5.3730661e-04   4.3646813e-04
   1.7701990e-08   8.2376200e-30   3.2014420e-03   2.2371026e-08   1.0203541e-22   1.8146446e-04   1.0668483e-14   6.9527479e-11   7.9275394e-04   4.1631453e-04
   2.3160534e-05   3.3381331e-44   3.1874705e-03   2.1145610e-06   7.4859582e-18   5.9504753e-13   2.4944448e-07   6.7915927e-10   1.0084428e-03   3.7419127e-04
   4.6975944e-04   3.3020734e-47   3.1020893e-03   2.1108488e-07   1.7236164e-07   5.7469185e-12   1.9636065e-04   3.7471196e-12   9.4494695e-04   3.0517970e-04
   1.1871100e-04   4.7803144e-36   2.8629597e-03   2.9078303e-10   5.8655956e-04   9.3125019e-06   3.2649559e-04   1.2161535e-12   8.6491327e-04   4.5570885e-04
   1.8177197e-07   4.2895307e-42   3.6814947e-03   2.4144863e-08   5.8916350e-10   1.1159171e-15   9.7941116e-05   9.0882397e-11   8.8080262e-04   4.9146747e-04
   1.7237866e-04   2.2519793e-33   3.8285733e-03   1.6833041e-08   4.5356429e-10   1.6885986e-13   2.7369086e-05   1.5116863e-15   6.8449890e-04   4.9935924e-04
   3.8719372e-04   2.8308086e-36   3.5682040e-03   5.8219326e-10   5.8506420e-21   1.4106867e-04   4.4655159e-05   1.5835301e-20   3.3453989e-04   5.8160205e-04
   2.7543686e-04   5.1854738e-32   3.0066248e-03   7.7649411e-09   4.9045195e-32   7.9460431e-04   2.5765276e-04   1.0969574e-19   2.4365535e-05   7.7370407e-04
   3.7964736e-06   1.1824132e-34   3.1140717e-03   2.5697727e-08   3.5510190e-30   4.0355934e-10   2.2118417e-04   1.8822707e-21   5.2147366e-04   9.2443336e-04
   2.2175504e-07   2.7975816e-40   3.9471385e-03   6.2621451e-11   1.4239435e-38   4.3553791e-22   1.0455214e-04   4.6670433e-26   5.2695781e-04   6.7901476e-04
   5.8964469e-11   1.2549030e-47   4.3132471e-03   1.8735226e-10   1.0960414e-40   3.6871013e-17   3.5659520e-07   3.8588060e-23   5.2921361e-04   6.6437495e-04
   9.1360551e-08   7.5627957e-43   4.3691793e-03   1.3349266e-12   8.2885266e-23   7.5181536e-10   1.4104547e-10   3.4848058e-18   5.5850509e-04   5.0151680e-04
   7.2809611e-07   3.2530528e-30   4.1152506e-03   8.6253566e-12   3.9279541e-19   1.9582521e-17   2.8240550e-08   1.2069645e-21   3.4153178e-04   5.1826217e-04
   3.2915516e-06   4.2551184e-34   4.2789436e-03   9.2040971e-17   7.8091540e-20   3.5455614e-10   1.4455407e-05   1.2348946e-20   4.1398656e-04   5.1364686e-04
   2.5292872e-08   1.9870878e-32   4.2423427e-03   5.9571927e-16   7.9271904e-33   1.5129951e-08   7.9398262e-06   5.9552046e-19   7.4143041e-04   4.7193952e-04
   1.3363267e-09   8.7254379e-29   4.0013878e-03   7.8264359e-13   5.7590296e-23   1.0673299e-13   3.1061052e-09   1.2156160e-23   9.0506419e-04   5.1681090e-04
   8.3025222e-05   2.5539847e-25   4.3031103e-03   5.4654139e-12   1.7846516e-29   5.6799091e-05   3.0275894e-14   1.9358034e-40   5.9089853e-04   4.1386634e-04
   6.9131352e-04   1.0917583e-24   3.5481409e-03   4.0606085e-11   6.4852090e-25   7.0974571e-04   9.7079263e-06   5.2280979e-29   5.2613035e-04   4.1346623e-04
   4.0930775e-04   1.7562454e-05   2.8051708e-03   7.2524797e-14   9.4993902e-13   4.9343386e-04   8.1130211e-05   1.0900095e-23   9.3869925e-04   4.3552061e-04
   1.5217742e-04   5.8023375e-15   3.5913173e-03   3.6811124e-10   4.7330122e-16   8.6169549e-04   3.2662385e-05   6.8540091e-18   7.8691409e-04   5.2669636e-04
   3.6097887e-04   1.3424571e-28   3.6964971e-03   2.5948310e-09   3.9408495e-12   1.2692833e-06   1.3157116e-04   4.8881893e-17   4.6234048e-04   5.5028763e-04
   4.6088650e-04   1.6692618e-36   3.9627394e-03   3.6354255e-17   4.2741062e-11   7.1394488e-04   2.8423444e-04   9.3793658e-17   2.5821164e-08   6.3354310e-04
   3.4375091e-07   7.7008966e-37   3.6586952e-03   8.9819033e-14   8.1706219e-25   2.2638821e-03   1.7864870e-04   2.0991779e-25   3.6006070e-04   6.6378976e-04
   6.8570814e-11   5.7784536e-29   3.3737744e-03   3.2699167e-14   1.3573420e-31   1.3929117e-09   1.6436641e-04   1.0945856e-24   3.8618920e-04   9.3842760e-04
   3.6920726e-07   1.9689938e-30   4.1324305e-03   1.6357432e-15   4.2490795e-47   1.0655732e-03   2.4056071e-11   9.4074068e-24   4.4940228e-04   6.6178061e-04
   2.1174358e-05   3.5502171e-37   4.4140030e-03   5.4949751e-13   2.1251700e-50   5.4087393e-04   1.1865103e-05   1.0652394e-20   4.0048146e-04   3.4639485e-04
   7.2479098e-06   2.1948096e-33   3.9651702e-03   4.6653748e-12   2.3634204e-41   1.2468982e-04   2.9901472e-04   2.4050745e-24   3.0615476e-04   3.5595174e-04
   2.2254293e-04   3.3851971e-35   3.4960622e-03   2.0382464e-12   1.0905935e-29   1.0093372e-03   2.7301023e-04   3.1456953e-16   3.7431715e-04   2.6199534e-04
   1.7221654e-04   8.5769598e-36   3.3390444e-03   1.5016592e-14   1.4461389e-12   1.2052453e-03   1.7084539e-04   2.4552912e-16   4.2815048e-04   2.8133314e-04
   3.6201024e-04   2.5549429e-35   3.2734211e-03   5.0099435e-17   3.8448185e-05   2.7166649e-04   3.4077434e-04   1.3862764e-21   5.7613819e-04   3.9977094e-04
   4.9431559e-04   4.9726462e-24   3.1199516e-03   7.2434492e-10   1.0084096e-10   5.1521902e-06   4.3468938e-04   1.3268109e-15   4.8501782e-04   3.5182735e-04
   1.3637806e-03   1.4904500e-23   3.5727463e-03   5.5581973e-12   7.2058790e-34   1.5379982e-05   5.3750054e-05   9.2720574e-13   6.9701723e-06   2.7947161e-04
   6.5149417e-04   3.4492353e-29   3.4337649e-03   2.0128531e-10   5.4544306e-11   1.0189723e-03   4.8998115e-06   3.5625743e-14   8.4249567e-08   3.9674473e-04
   1.7682499e-04   1.5850039e-32   3.4980378e-03   2.0198264e-06   8.7037560e-16   1.3193389e-03   1.7764065e-05   3.0699007e-17   1.7971770e-04   3.4539573e-04
   1.5454896e-04   2.5779100e-24   3.9016094e-03   1.8373410e-09   3.8029331e-08   7.1376108e-04   3.3776790e-10   8.7116945e-25   1.3133683e-14   5.2412997e-04
   4.1768834e-04   5.3016519e-20   3.4599261e-03   2.5969785e-10   6.2642257e-09   1.2382006e-03   1.4099841e-07   4.8759864e-27   4.0938984e-17   3.0796516e-04
   4.4516612e-04   5.4242798e-16   2.9365768e-03   8.6878101e-09   3.0991424e-06   1.7730547e-04   3.4453032e-06   2.5412060e-20   5.9673041e-11   4.1985335e-04
   4.0195140e-04   2.3191411e-22   2.6132222e-03   3.8679335e-10   2.4100477e-04   3.9579718e-04   2.1732556e-08   4.5386442e-15   1.3930326e-17   4.5550943e-04
   2.8722245e-04   4.5551833e-14   3.3085807e-03   2.4052965e-11   1.7869697e-04   4.4129708e-04   2.1931129e-07   1.0593627e-22   3.7080274e-20   4.3332364e-04
   2.6628779e-04   6.4301530e-04   3.1316566e-03   1.0305517e-09   1.6669358e-07   1.4002758e-04   8.4680524e-09   1.9781398e-19   1.6214224e-14   4.0997867e-04
   3.0943857e-04   9.8082262e-04   2.4353793e-03   2.1123017e-10   7.9742122e-15   8.1921210e-09   2.6357536e-05   5.0506757e-23   3.6761822e-14   3.5475809e-04
   9.5375216e-05   6.6438804e-10   2.8861228e-03   1.1844846e-05   2.0417726e-16   5.0389071e-04   4.5374168e-07   2.4646134e-21   3.9651542e-16   3.3457742e-04
   3.5661306e-04   9.6606091e-14   2.8662557e-03   4.7413457e-08   1.0770779e-36   5.2815806e-04   2.8448162e-11   4.2576063e-27   1.9577883e-18   3.6400854e-04
   6.6516003e-04   7.2178620e-12   2.4035006e-03   5.1900772e-07   4.5932393e-33   5.5002187e-04   3.7579130e-09   5.3166823e-23   4.0754818e-05   2.5089264e-04
   4.4321125e-04   4.1807800e-21   1.6969683e-03   1.1301247e-06   3.5368012e-15   1.2842143e-03   1.2639322e-07   5.8700478e-21   2.0323537e-04   2.6920703e-04
   4.8028965e-04   2.3215930e-16   2.1173583e-03   6.9435760e-08   9.3368331e-05   6.2682240e-04   5.7146844e-18   3.9989587e-16   1.9445668e-11   3.0781043e-04
   4.4912048e-04   9.2954075e-10   1.9453735e-03   1.4091336e-07   3.1677991e-04   9.1094253e-26   3.0950208e-14   3.4610687e-16   3.0840523e-16   3.0956859e-04
   7.8851393e-04   1.5208189e-14   2.1948135e-03   4.0119802e-06   1.7725995e-04   4.0608251e-04   7.7023933e-08   2.6392432e-13   1.0468398e-07   2.2492613e-04
   5.7697033e-04   8.1757886e-31   2.3000033e-03   8.7695349e-08   9.1783420e-05   6.8556041e-04   6.2250931e-09   2.6461666e-15   1.0243312e-09   2.0377974e-04
   5.4711003e-04   1.7102153e-23   1.6627882e-03   1.2016311e-09   1.9980428e-04   5.5662820e-04   4.8024657e-09   3.7734777e-14   1.3742256e-12   1.7281740e-04
   9.2296514e-04   1.6244468e-34   1.7241436e-03   1.7673217e-09   2.0875942e-04   2.1448970e-04   8.6279416e-10   5.6539912e-14   1.4282971e-20   1.7453635e-04
   4.7708750e-04   1.3083586e-26   2.1847978e-03   1.3330215e-08   9.3775945e-08   5.8356405e-04   6.8505997e-05   3.8335292e-14   5.4636818e-17   1.4195982e-04
   3.5274306e-04   2.9271389e-42   1.9810522e-03   9.1402734e-08   9.2359749e-05   5.3054926e-04   1.1461785e-04   3.6952337e-15   6.3205490e-19   1.8762602e-04
   7.0884339e-04   4.6620391e-19   2.0458234e-03   1.6309694e-09   1.4548027e-05   2.9475975e-04   1.5586753e-04   2.7047677e-16   1.3088801e-16   2.6141670e-04
   8.6626231e-04   2.0358277e-20   2.5635708e-03   4.2649475e-11   6.1315036e-08   3.2582588e-05   1.3996036e-04   1.0708251e-23   8.5708945e-07   1.9331947e-04
   5.2862218e-04   7.0019746e-18   2.9947728e-03   6.9562852e-14   3.2316691e-06   7.9497946e-08   3.2307975e-14   5.2233143e-17   1.0146297e-15   1.4338781e-04
   2.9717403e-04   3.5904494e-16   2.6228166e-03   1.5980584e-11   8.6293004e-16   1.3224074e-04   1.0974788e-04   2.2760733e-12   1.1025087e-29   1.5244986e-04
   1.8210572e-04   6.9725283e-23   1.9566177e-03   3.6338924e-09   1.5358202e-28   8.5275004e-04   2.0714566e-04   3.8520184e-16   2.8746118e-21   1.4708064e-04
   2.3834016e-04   9.1036500e-26   2.3166847e-03   1.8322794e-12   1.0021985e-25   1.9243145e-04   9.9975114e-05   9.9608120e-18   9.0219024e-16   1.8486414e-04
   1.5993750e-04   1.6224196e-08   2.2071549e-03   1.0049791e-09   7.7725856e-27   2.4118524e-04   9.8032837e-05   4.7054142e-19   3.1810765e-06   1.4060797e-04
   3.1252583e-04   1.2888960e-04   2.4340307e-03   3.7011630e-05   1.1621302e-15   2.5171567e-04   7.0296141e-06   2.0505153e-19   1.6346851e-13   1.5569506e-04
   6.1066626e-04   3.3196592e-19   2.4001755e-03   2.2566491e-08   1.1951341e-10   5.9306164e-04   3.1228146e-06   2.4579968e-19   5.8974259e-22   1.6451432e-04
   9.5766178e-04   4.4484988e-30   2.2184735e-03   1.9192539e-10   5.3732947e-06   2.9684353e-04   1.3357320e-04   9.8684809e-28   9.3807869e-21   1.4976670e-04
   7.5197937e-04   5.1659966e-35   2.2670804e-03   4.6624919e-10   8.8622595e-06   9.0661399e-21   5.1695699e-05   1.0749808e-25   1.0793007e-15   1.3105922e-04
   6.9517684e-04   5.1652402e-36   2.2165999e-03   1.4467928e-06   6.2215344e-08   9.0116113e-05   2.5802626e-10   1.3318224e-09   1.2505299e-18   7.6173388e-05
   1.1788113e-03   7.3322724e-49   2.1581080e-03   1.3975030e-08   1.7840880e-07   4.3031497e-04   3.8810837e-05   1.7544444e-17   1.3747767e-22   7.9324126e-05
   9.0265758e-04   9.9083439e-59   2.5093851e-03   7.5344198e-08   5.3222309e-11   4.1448571e-04   3.6063380e-05   2.0389666e-18   7.7321102e-32   6.9632496e-05
   1.9275784e-04   5.9853202e-46   2.2406094e-03   8.0824311e-06   1.4996128e-09   1.6870005e-07   1.5599280e-04   8.4685829e-19   2.9656659e-33   1.1820172e-04
   7.2950627e-04   1.9981944e-43   1.6886414e-03   3.3167960e-05   4.2696066e-08   1.6914672e-05   1.4315699e-04   1.8797755e-19   1.3414468e-35   1.1783816e-04
   9.1800402e-04   1.8945443e-54   2.0437453e-03   8.4674705e-07   3.8264108e-06   2.5212601e-04   2.0603490e-04   3.7884621e-29   7.5881240e-22   1.1057760e-04
   1.0823831e-03   7.7183644e-58   2.3255041e-03   5.8235488e-08   5.0899467e-09   2.4302533e-04   9.7950823e-05   1.9828629e-17   3.3515832e-20   8.8853396e-05
   8.4683946e-04   2.0228498e-40   2.1694276e-03   6.5756490e-09   3.2479060e-05   1.1084024e-04   1.5523385e-04   6.4200758e-17   9.8534609e-28   1.3524430e-04
   6.4449002e-04   4.8125508e-38   2.2269969e-03   4.3716325e-12   3.1825253e-05   6.9750023e-09   3.0021782e-04   8.3226179e-17   5.4939526e-28   1.4709582e-04
   5.8229722e-04   1.4266490e-35   2.2848292e-03   3.6298069e-08   2.3050296e-13   2.7409815e-06   2.5806100e-04   2.8996692e-14   4.9675627e-20   1.7465026e-04
   2.8236036e-04   1.1555391e-24   2.6100530e-03   3.2073916e-05   2.7635293e-26   1.0913253e-05   2.8228267e-04   6.5653874e-17   1.6998758e-24   1.3389450e-04
   4.7398089e-04   8.3432785e-18   2.3117026e-03   1.5741088e-04   4.6973730e-22   1.8577552e-10   4.0408634e-04   6.8869215e-18   6.7725237e-22   3.3706506e-05
   2.4924349e-04   7.8114756e-24   2.1030893e-03   3.5389643e-06   2.2451757e-15   1.1878125e-28   3.1756340e-04   1.0548841e-17   7.6064950e-33   1.1352999e-04
   2.0335698e-04   4.5968345e-26   2.7058288e-03   5.6207576e-07   7.1155854e-15   1.0990572e-15   1.3069003e-04   3.2863418e-19   2.5089256e-25   1.1551504e-04
   1.4966163e-04   1.7035179e-21   3.0762198e-03   1.1486450e-06   4.4897788e-07   3.1720517e-07   1.9622755e-05   3.3688012e-18   5.0874881e-25   1.6159889e-04
   1.0767856e-06   5.0709109e-23   2.7683208e-03   3.7042863e-05   1.4034101e-06   4.6737604e-05   1.4839931e-05   2.7727958e-15   4.9312251e-33   1.5617906e-04
   2.4977519e-04   4.6599933e-11   2.6549666e-03   1.2598510e-04   3.0329883e-13   2.0651543e-05   4.3183225e-07   4.7208143e-11   2.7517814e-42   9.7647548e-05
   2.9434791e-06   1.4595080e-18   2.8764818e-03   2.8036593e-04   1.5852178e-23   4.9203042e-13   2.6089197e-09   1.7075854e-13   1.0890265e-34   1.1506322e-04
   2.7105021e-08   1.9253260e-14   2.6172311e-03   1.1746691e-04   2.4018103e-19   4.2721097e-12   1.9992767e-05   1.1908521e-16   6.9291383e-26   1.2124335e-04
   2.2950741e-06   3.1914202e-12   2.3684526e-03   2.6259410e-05   4.6795181e-29   9.7307447e-16   1.3060570e-04   2.3040535e-23   2.6728379e-32   1.2093527e-04
   1.4096611e-09   1.0059672e-08   2.2987199e-03   6.0367056e-06   1.0529501e-33   1.3791179e-10   1.0201105e-04   2.0281975e-22   1.3867946e-38   1.2731128e-04
   6.7604045e-09   5.9866289e-09   2.4228307e-03   1.3715536e-05   1.6666081e-26   5.0573293e-11   9.2792837e-05   2.2531718e-24   1.8260962e-28   8.9297596e-05
   3.0745588e-11   3.5829231e-21   2.6448550e-03   2.0359894e-06   8.4147582e-33   3.0645871e-12   7.0396081e-05   2.3706167e-26   5.0594781e-25   9.4526107e-05
   2.5719732e-10   1.5022865e-34   2.7031383e-03   2.7154260e-05   7.9210867e-13   3.9349992e-24   2.3040552e-06   5.9677172e-19   1.1814334e-24   1.1368277e-04
   4.8112435e-12   7.3783546e-34   2.2563898e-03   1.5634335e-04   3.7327804e-04   6.1349299e-12   7.7988205e-09   1.0112462e-04   2.0206941e-31   9.2146981e-05
   2.8017613e-10   3.1822972e-27   2.0630815e-03   1.1602455e-04   4.4030088e-04   2.0837453e-13   1.1160240e-07   1.5872526e-04   4.7414788e-26   8.4073719e-05
   1.0160672e-09   3.4526746e-24   2.0237558e-03   1.5900335e-04   6.3898972e-07   8.6191539e-19   7.0963424e-05   1.5766346e-04   2.6417724e-23   1.1539088e-04
   6.4179005e-12   3.6556148e-25   2.0185437e-03   2.8349362e-04   4.0590904e-18   1.2897350e-14   2.2527263e-05   1.0871984e-04   1.5330501e-32   1.0723584e-04
   2.0928993e-18   5.1466456e-31   2.4920239e-03   4.9379162e-05   9.3737245e-22   1.5379510e-19   4.6702884e-09   7.3202644e-05   2.0406167e-34   9.7102132e-05
   2.7112673e-25   3.3421037e-28   2.9158678e-03   4.4210922e-05   6.9991911e-20   1.0373145e-20   1.2603841e-09   5.5031637e-05   5.1800310e-35   8.7436597e-05
   1.4131480e-15   1.2753999e-15   2.6092643e-03   1.5371949e-04   2.4335440e-15   4.9077661e-08   2.2616189e-09   4.0286855e-05   4.8865411e-37   7.7521249e-05
   2.5019372e-07   1.7129881e-10   2.1778062e-03   5.9502978e-05   6.8234049e-10   3.7967170e-13   1.1977079e-08   1.2521264e-04   6.2699047e-32   8.9489202e-05
   6.4239698e-06   4.6821630e-25   2.1239493e-03   3.4999370e-04   9.4381108e-06   3.8004021e-21   5.2301671e-06   1.1705771e-04   1.1155583e-31   9.9947020e-05
   3.9614391e-07   4.9122073e-15   2.3605273e-03   8.2396779e-05   4.8674600e-10   4.0224253e-11   2.4981288e-05   5.0993828e-05   4.5125810e-31   7.6598794e-05
   7.6874737e-12   6.5677134e-08   2.4367762e-03   7.3099578e-05   1.1501863e-18   6.8983500e-05   1.7206923e-07   2.2609930e-04   1.2585171e-30   6.4147935e-05
   1.7067684e-18   1.8866401e-04   2.5731015e-03   1.3304872e-04   6.5414608e-15   2.9083061e-05   2.6465576e-07   1.9725543e-05   2.5204815e-29   6.8152854e-05
   8.7596552e-14   8.5663281e-05   2.7322208e-03   1.2054568e-04   1.1107488e-18   1.5326115e-07   7.8185236e-07   4.0646354e-11   1.4430252e-23   9.0868829e-05
   8.7672350e-11   9.1867582e-07   2.5297594e-03   1.4544983e-04   7.5222781e-15   2.2900717e-09   7.1336999e-05   2.4369776e-20   1.4385392e-18   9.7404901e-05
   2.3788150e-13   2.8273020e-04   2.5902337e-03   1.1497759e-04   5.3243873e-12   2.3143596e-12   8.8239097e-05   2.0744068e-23   9.3333315e-19   1.0246378e-04
   2.6405005e-14   6.6588627e-06   2.8000672e-03   7.7129867e-05   2.9882783e-13   2.5667373e-05   5.8008640e-05   6.7902335e-26   1.7075194e-14   9.8044920e-05
   1.7621453e-12   3.1015934e-11   2.5849028e-03   8.2628546e-05   1.2875037e-18   5.6395901e-05   1.2121654e-05   2.2657570e-22   1.7121309e-09   9.1372623e-05
   1.6895661e-13   3.1204113e-13   2.4399300e-03   8.9815842e-05   1.7984645e-04   1.1066743e-07   3.3240437e-05   5.5811444e-23   7.5100682e-14   8.2576327e-05
   2.7394211e-15   1.7780091e-20   2.5205917e-03   1.4231698e-04   2.7178319e-04   1.4478853e-12   2.1066324e-05   7.9468484e-30   1.0806404e-20   8.2045737e-05
   9.8800877e-13   1.8804901e-24   2.7698811e-03   2.9015449e-04   1.2177432e-06   1.3384024e-08   7.3463989e-10   4.1673174e-30   4.2813406e-26   9.5769549e-05
   2.3630566e-08   2.8206604e-28   2.7097850e-03   3.3438960e-04   5.6465511e-20   1.6730785e-06   1.3121561e-11   3.4550664e-24   2.7612496e-23   1.0050892e-04
   1.1853174e-05   6.6350018e-33   2.0126186e-03   4.2340143e-04   3.9419216e-14   6.6020139e-06   1.0772613e-06   6.0563581e-21   2.7294882e-20   8.7580932e-05
   9.6503879e-06   9.7913260e-27   1.8995927e-03   4.5429216e-04   1.4047801e-17   1.9213409e-09   1.2901897e-05   1.0868859e-15   2.5332057e-16   8.1026647e-05
   6.1533714e-07   6.0590557e-33   2.0327564e-03   4.1980461e-04   2.6194550e-23   2.7435916e-05   4.0550310e-09   1.4243367e-24   8.5715167e-19   6.0801547e-05
   4.7726200e-07   6.3739905e-32   2.1149447e-03   8.3089625e-04   5.0125925e-18   5.4237137e-10   8.1585042e-17   9.0740107e-19   7.0713586e-21   7.2209990e-05
   2.0942187e-10   7.1298366e-32   2.2653736e-03   5.9815431e-04   1.9821186e-22   5.5766539e-16   1.9156402e-11   4.6837606e-30   3.6735627e-20   6.7848656e-05
   9.3033824e-20   8.2408459e-42   2.5172714e-03   1.4612327e-04   7.4075665e-30   1.7966293e-07   3.2572038e-07   3.5375280e-26   2.4003954e-19   7.5425299e-05
   3.1965896e-16   1.7749230e-50   2.1264281e-03   2.9441249e-04   2.9859623e-19   6.9002032e-07   2.1076419e-05   4.8115711e-28   1.4618577e-14   9.0284829e-05
   8.9804115e-07   5.0672052e-44   1.5482164e-03   3.4844557e-04   1.6637363e-14   2.7742440e-06   6.4318911e-06   1.6736579e-33   4.1236534e-13   1.2042912e-04
   8.7959960e-05   5.2815698e-35   1.8822462e-03   1.2428442e-04   1.2535656e-16   8.0603741e-10   1.5184280e-10   6.9618834e-29   8.7556497e-15   1.1516658e-04
   1.3894497e-05   1.1407699e-37   1.9558140e-03   1.1657328e-04   6.7430260e-13   1.4920182e-14   3.7168702e-11   2.5491827e-27   2.6741327e-10   1.0061639e-04
   6.3331355e-05   2.2248990e-26   1.7141307e-03   3.7929407e-05   1.2093294e-13   2.9241551e-12   1.8465597e-14   1.4050709e-29   2.1846804e-10   8.2374846e-05
   3.6840531e-08   3.1519690e-20   1.6014994e-03   5.0869480e-05   1.2186601e-21   3.9655245e-06   1.0149031e-15   1.6678856e-26   1.7884096e-10   8.9846748e-05
   1.1046992e-07   2.3451216e-26   1.6414953e-03   4.8336345e-05   1.3889089e-09   1.4169530e-11   8.6042234e-10   4.4052801e-33   3.2553789e-19   9.4352201e-05
   2.6899693e-06   1.2889004e-20   1.9105118e-03   1.0429433e-04   1.2908380e-04   9.3965791e-12   1.2855886e-10   8.3699839e-27   2.6303067e-30   7.4290921e-05
   1.2424012e-08   2.9851926e-21   2.1047111e-03   2.5401737e-04   3.4513549e-05   1.1250083e-17   3.6017522e-13   4.6945041e-36   4.3539666e-24   8.4520209e-05
   9.3813430e-06   2.3212711e-19   1.8031617e-03   3.0023035e-04   1.4811551e-08   6.5815323e-15   6.1791190e-16   6.0585221e-28   6.9922246e-29   7.7901081e-05
   8.6878664e-05   1.6417870e-18   1.6812398e-03   4.1503196e-04   6.2947483e-20   3.6316746e-12   3.0872308e-18   1.5567868e-21   1.2186290e-19   6.6586574e-05
   7.5043774e-05   9.6420598e-19   1.6156223e-03   1.3308715e-04   5.6149887e-18   8.4001688e-18   2.1091924e-12   1.5127830e-21   2.3745231e-26   7.9014427e-05
   9.2742103e-11   2.7171628e-24   1.8346883e-03   2.4212614e-04   2.1812515e-38   8.8739735e-21   3.3109051e-16   3.1578055e-28   5.8809810e-32   7.3458929e-05
   1.3087865e-08   1.5127439e-26   1.7249874e-03   3.3701851e-04   7.8204108e-17   5.2655090e-33   2.1927772e-18   2.1152097e-30   2.6334238e-27   8.4793941e-05
   3.7322342e-09   2.8556884e-24   1.4728180e-03   1.6381895e-04   5.3034791e-13   5.7681572e-31   1.2565118e-15   2.1442584e-27   1.6280518e-19   1.1988086e-04
   6.0588565e-08   1.0098563e-20   1.3358371e-03   3.0797433e-04   4.1858233e-21   1.6207018e-16   1.4421382e-15   3.0441044e-24   5.8901234e-19   1.0319157e-04
   3.4077917e-05   1.4517154e-23   1.3751311e-03   8.1046888e-05   8.8034831e-17   1.9129991e-20   4.9130509e-18   4.5102317e-15   1.0059599e-24   8.5810794e-05
   9.8150975e-05   1.2210955e-24   1.3864950e-03   6.1184573e-05   1.1334071e-15   1.2754290e-23   2.0134888e-19   8.0598677e-20   6.1681557e-22   8.5612638e-05
   1.8209072e-06   9.5488851e-33   1.6788256e-03   9.0808969e-05   9.5579936e-35   2.1667397e-18   4.1555476e-28   1.0162203e-33   4.1597969e-24   7.3670535e-05
   5.8229586e-08   1.5642750e-30   1.6868396e-03   1.4047339e-04   2.3955559e-24   5.7811302e-26   1.7755348e-23   4.6183429e-32   1.3531283e-24   5.0841613e-05
   3.2918548e-10   7.6304245e-18   1.3353213e-03   2.2956043e-04   2.0933187e-09   5.3197367e-24   7.2053467e-13   4.6156340e-26   1.9788930e-10   6.9292644e-05
   1.6151107e-06   4.6526325e-23   1.3784367e-03   1.7437557e-04   1.1047061e-18   6.2983500e-11   2.6975574e-16   1.5315140e-23   3.3216851e-17   5.8473836e-05
   2.8170595e-07   1.4129001e-38   1.2699545e-03   1.4028252e-04   5.6018809e-33   3.9938979e-12   3.8167850e-15   1.0648148e-20   5.7343438e-15   5.3235343e-05
   4.8678105e-08   7.4443672e-24   1.2359917e-03   1.7173510e-04   4.0896797e-17   1.9084980e-14   2.4730416e-16   8.9506496e-20   5.0245749e-20   5.3679043e-05
   7.9521929e-06   5.2858184e-26   1.0913596e-03   2.7288018e-04   6.6077690e-07   7.0256982e-22   3.9971391e-13   8.0754709e-22   3.1535890e-20   4.5326266e-05
   4.5308255e-07   1.0788653e-20   1.1150985e-03   2.2672930e-04   5.6760614e-14   2.6124400e-31   9.4278815e-15   3.1950533e-21   2.9270742e-34   3.8611125e-05
   2.6668711e-07   3.7746855e-23   1.1924438e-03   1.8179412e-04   1.6159843e-19   1.5887824e-26   1.0779788e-13   1.3575800e-21   1.0741775e-24   3.2971170e-05
   3.0258386e-14   5.0079646e-08   1.3362758e-03   5.9370102e-05   3.7505335e-38   1.9760063e-13   4.9356600e-21   2.6988545e-28   4.0805739e-23   4.5049183e-05
   1.2055941e-14   9.0112429e-06   1.2697141e-03   1.0742556e-04   1.6605768e-30   4.8438771e-11   6.0711409e-20   2.4056757e-26   2.8597007e-15   5.2330458e-05
   3.0378778e-08   3.3076296e-06   1.2368434e-03   8.9017298e-05   3.7181059e-24   9.8103125e-12   2.5803312e-20   1.3627601e-30   3.3392894e-18   5.1732939e-05
   6.0126617e-08   1.4708779e-13   1.3777821e-03   1.7778180e-05   2.1046036e-20   3.2563025e-24   2.3005789e-30   1.1584764e-33   1.6981741e-22   4.8157882e-05
   2.9181334e-06   1.9263578e-06   1.1423238e-03   6.1935414e-05   1.6759313e-14   2.6911067e-17   1.9453469e-21   1.3040606e-29   4.4254766e-15   4.4293842e-05
   3.8166699e-05   2.7917711e-12   9.2811346e-04   5.6356181e-05   2.0617469e-16   3.6145731e-13   1.2821408e-17   2.3177274e-28   1.4742140e-20   4.1433929e-05
   9.1799223e-05   3.0253001e-11   6.9827007e-04   1.5463740e-04   1.0231347e-13   5.3890634e-14   1.2899635e-10   6.1418425e-28   9.0537987e-16   3.9086876e-05
   4.6977155e-06   1.8659757e-14   8.0188877e-04   2.9959788e-04   1.6876812e-25   7.9247107e-20   3.0507332e-09   4.0019620e-24   3.6146242e-11   2.6401432e-05
   2.3699426e-10   6.7366758e-22   9.5488213e-04   1.8812297e-04   2.2959406e-31   4.2097723e-14   5.5285902e-19   4.7030503e-30   3.3675235e-11   2.6191934e-05
   7.6393206e-08   5.8530490e-31   9.5926973e-04   7.4607210e-05   5.6403758e-25   7.0057283e-17   1.4763071e-13   3.3209501e-27   2.2466211e-07   2.8182978e-05
   7.1852740e-06   1.3551744e-29   9.2377658e-04   1.3865111e-04   2.5464324e-29   8.4310853e-18   1.4704783e-12   1.5180117e-28   6.0556957e-09   3.0650945e-05
   4.0768087e-05   6.9067751e-35   8.3555720e-04   1.6428898e-04   3.4757518e-28   4.1350823e-21   2.6834924e-08   5.7487972e-24   2.1025759e-10   2.8214722e-05
   3.3375038e-05   1.8785045e-38   8.0082628e-04   2.0710570e-04   3.4278641e-28   3.3889058e-34   2.2246441e-08   2.4842151e-33   1.3342832e-08   2.0225875e-05
   2.9472609e-05   8.8490613e-36   7.8136246e-04   1.3225086e-04   5.8152206e-36   9.9494626e-19   4.5585898e-16   8.2936275e-23   3.7733297e-19   1.7628396e-05
   1.6638227e-05   2.1634282e-32   6.5444876e-04   5.7170398e-05   1.2485951e-14   2.8378781e-15   1.8664903e-07   2.4937399e-16   1.5160580e-14   1.8733196e-05
   6.1990097e-05   7.3873264e-29   6.0134231e-04   5.7019803e-06   1.5034526e-06   2.8704906e-24   6.8026520e-11   5.3768342e-27   3.2450966e-15   2.4019414e-05
   1.0841500e-07   2.6409487e-26   7.5167565e-04   7.4154492e-06   4.2329188e-13   1.2811327e-16   6.0705496e-16   8.9536265e-32   4.8074993e-11   3.2949526e-05
   1.1312995e-05   1.7125983e-32   7.2806193e-04   1.3780999e-05   1.5662829e-22   6.0612186e-13   1.2755938e-11   1.8694174e-30   9.1114272e-10   2.8864504e-05
   8.6605052e-05   5.3695176e-12   5.5553045e-04   2.8262343e-05   6.7783044e-28   4.1004571e-13   4.0662056e-07   1.3071154e-30   5.7431110e-10   1.8127606e-05
   1.0024980e-04   6.4903488e-09   5.5467247e-04   5.1318609e-05   6.0949980e-26   2.7004706e-16   2.3875321e-09   1.0770989e-29   2.0901576e-13   2.5072629e-05
   9.6053860e-06   1.0052395e-09   5.1871798e-04   3.8820717e-05   4.5629536e-18   3.6970109e-11   3.4373085e-20   1.6405712e-30   1.0239189e-26   2.0424901e-05
   1.1199413e-05   9.2240262e-10   5.2824874e-04   5.2280148e-05   6.3364243e-20   4.5159603e-12   8.5287389e-16   5.2469507e-15   4.6880342e-12   2.8115963e-05
   9.5316328e-06   5.8536489e-06   5.5735038e-04   1.5778364e-05   1.1330280e-17   4.3830292e-07   4.3641332e-12   2.3407215e-16   6.0679307e-06   3.0036739e-05
   8.8060131e-08   3.4836018e-15   4.7414395e-04   5.8200197e-06   1.8070522e-21   5.4979405e-10   3.1414713e-10   1.6471341e-18   9.0685126e-06   3.1659336e-05
   5.9067092e-06   3.5439200e-05   3.9049198e-04   1.4099992e-05   2.1662957e-25   2.2994090e-07   1.1021084e-05   5.2989835e-21   5.7285597e-07   2.5928199e-05
   3.4984242e-05   2.4975416e-08   4.2228377e-04   1.8474443e-05   1.1556127e-19   4.9069753e-12   7.3225514e-06   9.3506977e-27   8.7629937e-16   2.6553839e-05
   2.3949435e-05   5.0314909e-21   4.7382178e-04   4.8842656e-05   6.1088230e-20   3.4490394e-13   8.6401301e-08   1.8270613e-21   1.2005379e-15   1.8382339e-05
   2.2268512e-06   3.4952517e-23   5.1712340e-04   2.6793595e-05   7.3613912e-29   4.7292932e-10   4.8708740e-11   2.1337329e-24   4.3615777e-12   2.0819161e-05
   2.2315003e-09   1.1882505e-21   4.5228875e-04   4.1294573e-05   4.7834330e-17   1.3157467e-14   8.4173923e-08   1.4078156e-26   1.4562991e-05   1.3367781e-05
   8.4157892e-11   1.2754784e-19   3.8449918e-04   2.1150739e-05   5.0662502e-06   3.6669506e-22   2.9542874e-06   1.4561904e-30   2.2076727e-05   1.7303633e-05
   5.7796652e-12   3.1158156e-18   4.1010908e-04   4.9286916e-05   4.1013564e-09   1.0949421e-14   7.8366531e-07   1.9398209e-27   1.6441981e-05   2.1347325e-05
   1.2851737e-05   2.6088609e-16   4.4919440e-04   8.5707671e-05   2.6613450e-14   5.8773413e-18   8.6258658e-07   3.0388968e-25   2.9572667e-06   1.3057426e-05
   3.2611943e-05   1.8171334e-18   4.7437994e-04   1.0150358e-04   9.1464416e-21   1.7884253e-13   6.9770211e-09   2.3953341e-24   3.8660470e-09   1.1373089e-05
   4.1032683e-05   1.7273457e-24   4.5271930e-04   9.7558967e-05   1.2823515e-13   6.4803486e-14   5.2582815e-10   1.2155703e-22   8.7570021e-06   7.1582061e-06
