   4.1922299e-03   9.7632470e-23   4.3108362e-21   1.1264258e-02   3.1530762e-03  4.6605761e-182   1.6824305e-03   1.7029682e-09   4.3635910e-16   2.9632963e-06
   4.2359497e-03   7.5761277e-20   6.6828441e-33   1.6648575e-02   2.3320681e-03   7.8607484e-88   1.3130024e-03   3.9241003e-11   6.7997973e-18   1.8508546e-08
   1.3469597e-03   9.1224317e-19   5.2038913e-12   1.9007026e-02   1.5659598e-03   3.9705094e-69   1.2218374e-03   5.3305210e-15   3.5051915e-06   2.7950327e-04
   1.4953135e-03   2.7009291e-13   2.3811741e-48   1.7132272e-02   8.3052935e-04   1.6675827e-40   7.5788367e-04   2.0635513e-05   1.3894509e-07   1.5674420e-07
   1.3639785e-03   1.6797086e-12   1.8850693e-39   1.9374859e-02   3.6246698e-04   4.6439150e-42   4.8692628e-04   6.0049728e-04   1.1159303e-12   1.0919468e-05
   1.2008988e-03   3.3614927e-17   4.7607026e-39   2.0246784e-02   2.7337647e-04   4.0068111e-15   4.1850452e-04   1.0563435e-03   5.3587061e-08   1.5526296e-04
   8.3516187e-04   1.7285799e-18   2.1504471e-48   2.2028349e-02   2.4939212e-04   2.2931754e-38   4.5338089e-04   1.0802738e-04   3.9128448e-25   1.0441610e-04
   8.7001532e-04   2.6458710e-24   3.4343258e-41   1.8609171e-02   2.0499560e-04   6.8618396e-43   2.8741212e-04   8.8184244e-06   9.8482569e-17   1.5142828e-04
   8.5348060e-04   1.7675574e-19   8.6707622e-38   1.6302697e-02   1.7824305e-04   4.1753636e-45   3.1033920e-04   6.2514434e-10   1.3539213e-08   5.1993765e-05
   1.1093586e-03   1.0112605e-13   3.4078784e-42   1.2609111e-02   2.9184575e-04   8.6728015e-34   2.0729243e-04   6.6173942e-15   1.9399596e-06   1.1761391e-05
   1.1012301e-03   1.2671755e-18   3.2274162e-22   1.0542529e-02   2.3958106e-04   3.1853222e-42   3.1828455e-04   1.6519372e-06   2.6027999e-05   5.2060226e-05
   2.7907561e-03   1.3950109e-20   3.6839577e-16   1.3696836e-02   2.8794013e-04   3.9467443e-36   3.1739712e-04   1.5190500e-10   1.1069944e-04   2.6911254e-04
   1.0456840e-02   6.3064943e-24   7.4956710e-13   1.3929798e-02   4.3963745e-04   2.0001992e-31   3.5772349e-04   2.8351332e-10   3.8398002e-08   9.8358252e-05
   5.2834500e-02   3.3982445e-13   1.0325633e-24   7.0008391e-03   4.1010246e-04   1.0409192e-40   4.0380571e-04   3.3313854e-12   3.5218128e-13   4.9634266e-04
   1.3713823e-01   4.9768491e-04   3.6580738e-49   3.4835205e-08   1.7437109e-03   2.8327291e-24   3.9602886e-04   2.3432903e-12   5.7917227e-08   1.1843219e-04
   2.3119130e-01   2.9776070e-03   2.8380035e-34   1.6716949e-10   8.9147635e-03   6.9542521e-04   5.3710898e-11   1.1008307e-17   2.2930935e-03   1.0790375e-15
   1.4076939e-01   3.3447078e-04   3.3959777e-06   6.0759264e-15   2.8351945e-02   1.6362977e-02   2.2553010e-09   6.9906398e-14   2.2826558e-01   2.5299699e-18
   1.1761115e-02   7.8899462e-06   2.2670561e-36   1.3976463e-18   8.7788852e-02   2.9747268e-04   2.4037119e-08   1.2913324e-14   2.0630880e-01   1.3386853e-05
   5.2678120e-20   2.4580817e-30   4.0200029e-24   2.0860034e-28   1.0912012e-01   5.0914532e-22   4.7708958e-04   2.0356229e-10   5.7829407e-05   1.2583664e-01
   5.2569918e-13   8.3280211e-25   7.3987342e-17   1.7267614e-17   5.3383950e-02   3.0065517e-39   1.6273106e-02   2.5572327e-15   8.4561211e-23   3.5876935e-01
   1.1311549e-08   8.6197386e-09   7.4526703e-31   3.3763259e-08   1.1045441e-02   1.4058419e-18   1.1252378e-01   9.9930691e-12   2.1931187e-27   1.8979453e-01
   3.3420589e-14   4.3052640e-17   2.7954296e-02   1.9456217e-20   1.8553496e-03   3.4893425e-03   1.6688141e-01   1.5415863e-14   6.8624336e-12   1.0044599e-02
   3.3130010e-07   4.4816874e-17   1.5593324e-01   4.7526139e-12   1.0595346e-03   5.8850355e-43   8.9776865e-02   3.7060191e-14   3.6691910e-05   2.9079528e-08
   6.3702957e-04   1.8882583e-19   1.2137090e-31   1.3526018e-07   5.5601245e-04   1.2263096e-24   5.8368971e-02   2.3641312e-28   2.9749080e-08   5.4287962e-27
   1.1658004e-03   2.5522180e-22   1.0092436e-82   9.5497438e-04   6.2111910e-04   4.2560271e-35   3.2395318e-02   2.7603285e-22   2.1857328e-14   3.0565050e-20
   2.3712202e-03   1.3051714e-34   7.9447944e-76   7.4101518e-03   8.3290918e-04   1.3363527e-36   9.7190344e-03   1.1698859e-13   2.9089963e-14   1.9348472e-07
   3.7818605e-03   2.6790988e-18   1.1726476e-48   8.1852740e-03   1.3982287e-03   8.9099309e-34   2.6937002e-03   3.0967622e-05   1.2213297e-09   1.0597235e-03
   8.6645834e-03   2.9767529e-19   2.5265087e-56   6.5172102e-03   1.0325415e-03   3.2254825e-30   1.7437694e-03   1.1845802e-03   7.0554691e-33   5.8107432e-04
   1.3880114e-02   5.6806032e-32   2.7934260e-30   7.2981417e-03   1.2890509e-03   1.8570995e-76   9.9576808e-04   5.4316714e-05   9.9825224e-29   8.5154786e-04
   2.7331231e-02   1.3116847e-06   2.2626778e-30   6.5296661e-03   1.3023375e-03   1.3496505e-58   1.0442644e-03   2.0987392e-07   7.7259257e-13   1.1610911e-04
   5.5170188e-02   1.2340310e-03   3.0272335e-43   4.0187299e-04   1.2885891e-03   4.2479978e-22   7.6255597e-04   2.1175208e-10   1.3423859e-14   7.4835390e-12
   6.8465958e-02   9.0368119e-07   2.0486619e-12   7.0189145e-05   2.3117439e-03   1.9413531e-02   6.2291211e-04   4.8318196e-15   1.5122087e-02   7.4693422e-06
   4.0788108e-02   8.8641808e-06   5.0832816e-08   2.5115371e-05   3.6429250e-03   2.8505105e-02   3.4757030e-04   6.2560708e-13   6.6593244e-02   1.5847560e-05
   1.1080975e-02   1.6583373e-04   4.2059030e-47   2.1537414e-03   5.3413516e-03   3.8003776e-04   6.6352285e-05   5.6379329e-14   1.3593469e-01   9.1299076e-28
   3.5360124e-07   6.5176492e-04   2.5550283e-50   2.8635255e-10   1.3645907e-02   9.3156142e-06   1.6476336e-08   1.5598016e-17   1.1854419e-01   2.5625637e-23
   1.4144887e-26   1.9240008e-18   1.3114255e-38   5.2673136e-16   2.5898667e-02   1.9777365e-14   1.0047477e-08   7.3808595e-19   4.0647840e-02   6.1820569e-21
   9.2357965e-42   5.6894279e-33   1.7106970e-25   6.1945347e-26   3.0285794e-02   1.2650146e-38   4.1035340e-13   3.3255294e-27   4.1229442e-20   1.1593927e-07
   5.6098554e-38   1.9871153e-47   1.8291181e-07   3.8334449e-22   2.3988701e-02   5.9836702e-74   4.1054071e-05   2.2309292e-26   4.0512676e-48   9.8591846e-03
   1.7342977e-15   6.8881616e-24   8.1739373e-30   1.8832729e-09   1.0942253e-02   2.9000324e-64   3.2630368e-04   3.9365041e-07   1.5471157e-41   3.9464812e-02
   4.2246033e-07   1.6774037e-28   6.0112282e-18   1.2070287e-03   5.1915743e-03   2.0283637e-29   1.4115329e-03   4.8627008e-03   2.1030701e-15   5.3600725e-02
   6.0425039e-06   1.3886135e-13   3.8233296e-40   2.0392701e-03   2.7174273e-03   1.9408441e-44   9.9559636e-03   1.0267659e-02   3.7324098e-12   3.5071194e-02
   3.4775645e-05   8.7372808e-14   3.7648394e-44   3.2585972e-17   1.4006439e-03   1.9504021e-29   2.5968254e-02   9.5490720e-03   8.3813680e-06   4.2961756e-03
   7.1355576e-04   1.4983182e-14   2.4658409e-02   9.1242097e-05   9.4541818e-04   4.4685559e-09   2.9412007e-02   9.7672911e-04   2.3020911e-09   4.6173290e-10
   9.9810646e-04   1.2687299e-22   9.0258834e-02   1.9129121e-05   1.0382243e-03   3.2862893e-18   1.5292737e-02   3.7578852e-04   9.0314509e-12   1.6701656e-07
   1.4755065e-03   6.5400647e-07   4.0227619e-02   1.1907132e-03   1.1414653e-03   5.8801406e-39   5.9721330e-03   2.5137117e-11   1.9566188e-30   2.8863504e-05
   2.8667907e-03   4.1280747e-08   3.2871835e-05   9.0037652e-04   1.0967311e-03   1.1983052e-19   3.5173795e-03   2.2513407e-04   8.2591215e-09   4.6720520e-08
   5.2531439e-03   8.5737426e-04   6.1330701e-35   1.8870693e-03   8.4635179e-04   1.9842612e-04   2.3645409e-03   2.9811320e-03   6.5345670e-04   1.1777046e-10
   6.4401250e-03   1.6384524e-04   5.8103863e-36   1.3363869e-03   8.7757898e-04   1.1118500e-03   1.9745459e-03   2.5184403e-03   2.4236727e-03   3.7520624e-08
   3.6776102e-03   1.6991942e-04   3.3228640e-13   2.8903563e-03   7.3236625e-04   9.8927205e-07   1.3104507e-03   2.3193784e-03   7.3321079e-03   2.9437404e-10
   1.3982639e-03   2.2381553e-04   2.0783534e-04   2.4758406e-03   6.4103839e-04   1.0445922e-10   6.9092333e-04   8.9194542e-03   1.2112582e-02   3.1766788e-22
   3.3496352e-06   2.1683862e-04   3.8333428e-04   4.9824955e-04   1.4796842e-03   1.2729647e-17   4.8043111e-04   1.2633007e-02   1.7624580e-02   2.1693983e-16
   2.1285528e-13   7.4608365e-06   7.0783977e-05   6.1210471e-05   2.4058386e-03   3.7702252e-22   3.3873660e-04   1.4754049e-02   1.4299067e-02   3.1455923e-17
   4.5111222e-19   5.9236673e-10   2.8507802e-11   1.2369184e-06   3.6226939e-03   1.0993979e-31   2.1696253e-04   7.4286253e-03   7.2071563e-03   2.0777291e-29
   1.4768729e-32   2.0709691e-29   2.7660531e-04   8.3624929e-12   5.6962691e-03   6.1772817e-56   1.1403854e-04   2.9837838e-03   7.4387678e-18   1.4079278e-26
   1.6786270e-46   5.1807482e-33   1.1658962e-03   5.7666822e-22   7.6405226e-03   2.2186956e-94   9.8049980e-05   6.2037547e-12   5.8160658e-62   5.1431150e-13
   4.7184538e-17   2.4694107e-40   8.0461834e-04   2.1480442e-27   7.5188164e-03  8.0556798e-120   2.8168818e-04   7.2144920e-19  4.5599968e-100   6.7528129e-06
   8.8653467e-05   1.9828846e-54   7.0053025e-18   5.0623482e-26   4.5746764e-03   1.4638276e-90   4.9366471e-04   7.2395305e-10   1.8028514e-55   8.8120306e-03
   2.8655796e-04   3.4726580e-05   2.8645627e-26   1.3495529e-05   1.7379575e-03   1.3267420e-34   6.6553238e-04   1.5865964e-06   4.6522734e-22   1.6933554e-02
   5.8270697e-04   7.2172725e-05   4.1319642e-12   9.2741517e-04   8.5137589e-04   3.6582391e-39   8.3264717e-04   2.8706776e-05   8.2217015e-12   1.6642939e-02
   1.2714983e-03   3.9349786e-07   8.1237215e-10   3.9879425e-04   4.6500729e-04   3.4129721e-51   1.2849231e-03   3.5924178e-03   2.0078483e-06   1.4654331e-02
   2.3071971e-03   1.8014140e-04   4.3308546e-19   1.9779562e-04   3.8101373e-04   1.3925915e-31   2.5313789e-03   8.1482811e-03   1.7041637e-04   1.0510621e-02
   2.4239882e-03   1.5045612e-17   5.7425503e-55   3.3186969e-16   6.8618922e-04   3.6593392e-19   7.3243322e-03   2.5924592e-02   3.6431048e-04   2.9877042e-05
   3.2398877e-03   2.2511467e-21   4.1732478e-41   1.3373453e-11   9.2747589e-04   7.9101288e-32   1.1344649e-02   1.2126097e-02   2.2301176e-06   6.0826886e-22
   3.9434510e-03   7.1278664e-20   7.1854326e-03   8.4375553e-05   7.3662993e-04   2.2792350e-66   9.8063949e-03   4.2278247e-03   1.2218853e-03   7.3851624e-27
   3.5825729e-03   2.1570103e-19   5.0222979e-02   4.4181185e-04   9.6971993e-04   7.5618696e-52   4.9678539e-03   4.4143685e-03   2.8959702e-03   1.5298542e-06
   8.3494349e-04   2.7699267e-17   4.5244772e-02   1.9105994e-03   1.2642304e-03   4.9437014e-28   2.7746072e-03   4.5902696e-03   6.7470491e-03   2.0414511e-19
   3.0664862e-04   3.5539649e-16   1.6802031e-02   1.8350618e-03   9.2549071e-04   5.2316933e-22   1.7500187e-03   3.6336929e-03   1.1486245e-02   5.6981644e-07
   1.3719628e-04   5.1620763e-10   3.3284952e-04   2.2762140e-03   6.2647332e-04   4.8725855e-26   1.4872229e-03   7.5010288e-04   1.7250834e-02   2.9087060e-04
   1.4728349e-04   5.5569270e-15   9.5320751e-17   2.0119909e-03   1.0027578e-03   7.3768362e-33   9.0845369e-04   4.8728584e-03   1.3344137e-02   4.4722056e-23
   4.4151602e-04   2.4747937e-14   1.3003467e-33   2.2981120e-04   1.5495313e-03   1.9458157e-25   9.6088823e-04   8.5603632e-03   5.4849445e-03   1.5339786e-04
   6.7136696e-04   2.2042878e-11   1.7359790e-29   2.5127149e-06   2.1515414e-03   6.6814475e-24   1.1141461e-03   3.8324089e-03   7.0275582e-04   2.1380273e-04
   1.9389640e-04   2.3856173e-12   1.3748449e-13   2.0927469e-07   3.5461460e-03   1.7939476e-69   1.0163167e-03   7.0472224e-13   1.5066373e-35   6.3452831e-10
   5.0711914e-21   1.1650140e-21   7.8777596e-04   3.3257885e-09   5.2274972e-03   6.0583206e-91   6.2915619e-04   1.6361939e-18   2.4325517e-47   2.4940472e-10
   4.1685878e-19   2.5721571e-18   1.0580340e-16   9.3627548e-20   5.9079014e-03  1.0696973e-101   2.4948377e-04   1.2394568e-15   1.4779998e-45   1.0655463e-09
   1.0805922e-04   6.7109658e-10   3.0799478e-03   2.0987665e-11   5.0358860e-03   1.0042133e-94   2.4802359e-04   1.3250177e-04   1.1220788e-54   2.7074100e-04
   1.9271890e-03   6.3356100e-05   2.4668250e-03   1.0386097e-04   2.6008459e-03   1.1574281e-56   6.6017120e-04   1.3112241e-04   3.0079821e-13   5.6060556e-03
   2.6678387e-03   5.9421206e-04   1.0866676e-03   1.1283194e-03   8.9590529e-04   7.5290249e-24   6.7744039e-04   5.8345963e-04   1.9649362e-03   8.9245990e-03
   2.5107544e-03   9.2603309e-04   1.5704758e-14   1.5931466e-03   9.0006738e-04   1.5432133e-31   7.3141204e-04   3.3163278e-03   2.0177065e-03   7.3662258e-03
   2.5572850e-03   1.3372177e-08   9.2655409e-05   3.4333178e-03   1.0897925e-03   2.2658167e-34   8.1001758e-04   2.2682735e-04   2.2368943e-03   5.5907140e-03
   2.1174242e-03   1.3125088e-05   3.0127223e-09   4.9248604e-03   6.6222565e-04   2.1678858e-24   1.0315207e-03   2.6976381e-03   2.8196595e-03   6.0719267e-03
   8.3791657e-04   3.6974940e-06   2.2723170e-04   3.9762485e-03   9.6475220e-04   1.9825013e-36   1.5678035e-03   8.5965277e-03   3.1045765e-03   3.6951365e-03
   7.3621580e-04   2.1296513e-12   3.2133174e-08   3.7569781e-03   1.0797002e-03   1.2060082e-35   1.9424882e-03   2.0786600e-02   2.4718540e-03   7.5142642e-04
   9.0544266e-04   2.8119279e-06   6.1224354e-26   2.0611801e-03   6.2829077e-04   3.7507262e-26   2.9584175e-03   3.0219226e-02   4.5833642e-03   3.7860717e-18
   1.2341485e-03   1.2829756e-16   5.6167028e-25   2.1487869e-03   6.0362107e-04   7.8106461e-32   2.9037654e-03   1.8645098e-02   4.9529449e-03   1.5322546e-10
   1.2077092e-03   3.1718755e-22   4.5965556e-07   3.0202816e-03   3.7154946e-04   8.8487578e-45   2.2348007e-03   1.4100088e-02   8.2053556e-03   3.2294675e-04
   4.4011813e-04   1.6602877e-11   9.1732246e-03   3.7397020e-03   5.5741882e-04   1.1331771e-37   1.2861794e-03   7.7024517e-03   7.6649680e-03   3.7679670e-04
   4.0232719e-04   1.7132482e-17   1.3383882e-02   3.2096735e-03   1.1907433e-03   1.2747941e-32   8.2113359e-04   3.3836085e-03   4.4598049e-03   4.0952819e-05
   7.8048474e-04   7.2004151e-11   5.1747468e-03   7.4846407e-04   1.2962625e-03   2.0539812e-37   1.1491838e-03   2.7056279e-04   3.0838779e-03   4.1823673e-04
   1.1246056e-03   6.5729866e-28   1.0774212e-24   1.1495082e-03   1.5876221e-03   9.3157183e-45   9.1578547e-04   4.1591174e-08   6.7613491e-04   1.0935131e-03
   1.0467398e-03   2.1709238e-09   2.2036563e-48   1.2996690e-03   1.9246278e-03   7.2550947e-64   7.5574843e-04   2.3708199e-04   1.9793506e-36   7.0434880e-04
   6.1821314e-04   9.4247048e-09   3.3221517e-11   9.6517816e-04   2.8212767e-03   1.4830368e-89   6.4737116e-04   9.9213554e-06   8.3725899e-47   3.2790164e-07
   6.5077687e-04   8.1198913e-13   8.0584400e-07   1.2868682e-04   3.8640736e-03   1.2073019e-77   5.0824240e-04   2.3527262e-11   9.8012728e-20   3.0358200e-06
   1.2283728e-03   3.9510117e-11   1.9473563e-05   5.9986314e-05   3.6165220e-03   1.3997977e-70   5.9939908e-04   2.2411865e-07   2.6560017e-23   1.0298631e-03
   1.3437663e-03   4.4808562e-10   4.5279738e-05   6.1175588e-04   2.7260934e-03   8.8159187e-51   7.0748772e-04   3.6153734e-05   1.3565334e-04   2.4068224e-03
   2.1348500e-03   3.3050434e-04   6.2411819e-44   2.0846299e-03   1.3231877e-03   2.8002238e-35   6.1822293e-04   9.2641101e-04   3.9796063e-04   5.3691495e-03
   2.1469168e-03   8.5832732e-18   2.8771339e-04   1.8283152e-03   1.0400096e-03   4.3537674e-27   4.2225623e-04   4.5135028e-04   7.4635874e-04   5.7148170e-03
   1.6382468e-03   3.3311548e-10   2.3557971e-04   1.2296492e-03   9.4922920e-04   6.4660096e-15   4.9259852e-04   2.7126649e-03   3.6468274e-04   6.4597702e-03
   1.8257624e-03   4.8795887e-06   9.5591291e-04   2.1264773e-03   8.0189269e-04   2.7283647e-22   5.2219359e-04   4.9125494e-03   8.2154567e-04   7.2440899e-03
   1.0045044e-03   1.9256226e-16   1.5337175e-03   1.5079588e-03   1.2689469e-03   1.7403024e-36   6.1837946e-04   1.0881448e-02   1.1211733e-03   5.4109336e-03
   5.7592506e-04   1.5608468e-04   2.2141462e-04   4.1731927e-04   1.2246744e-03   1.9159130e-23   8.7986284e-04   2.1617494e-02   1.2052702e-03   5.1310167e-03
   3.4488274e-04   2.9790222e-04   1.1963786e-30   2.6759952e-05   1.4764421e-03   1.0996261e-20   7.5606093e-04   3.8064117e-02   1.4937860e-03   2.8179962e-03
   8.1163887e-05   1.2568034e-04   1.7098210e-34   3.8030456e-04   1.6465625e-03   2.0765586e-23   7.3494892e-04   5.7001734e-02   1.5548815e-03   1.2989799e-03
   1.9454195e-04   4.5673791e-17   1.2442778e-16   9.9640416e-16   1.9515355e-03   7.8087995e-34   1.1538187e-03   7.1880225e-02   7.3890481e-04   6.5971958e-07
   1.1439501e-04   3.9641463e-17   1.2107917e-21   5.6955811e-13   2.0739048e-03   3.4801102e-24   1.8207723e-03   7.5488584e-02   3.6003626e-08   8.4637929e-20
   8.8516081e-04   5.0271962e-13   9.6685219e-39   8.7067042e-18   1.9695552e-03   2.1702444e-29   1.8181563e-03   4.6349824e-02   1.1995527e-06   5.3886218e-12
   1.6572675e-03   7.9034909e-05   1.8179741e-05   2.1745532e-04   1.6983865e-03   5.2384258e-63   2.6452030e-03   1.5271818e-02   2.6944662e-19   4.4690124e-14
   1.3897644e-03   1.0832814e-17   7.4053796e-03   1.5963692e-04   2.1513095e-03   6.4793076e-88   1.5607492e-03   6.0926905e-03   3.6636066e-16   6.5242019e-10
   1.3228467e-03   5.1281978e-16   1.6400851e-02   6.1989391e-04   2.5462323e-03   8.6363396e-52   1.0190205e-03   5.2477817e-03   1.5994425e-29   8.0491788e-15
   1.9553106e-03   2.7808743e-13   1.3827201e-02   5.4035396e-04   3.0770521e-03   1.8431968e-72   9.6811841e-04   4.1644558e-04   8.2114782e-35   2.0907479e-11
   1.7014781e-03   1.4386646e-24   5.1808155e-03   9.9059241e-06   3.9401081e-03   4.4373024e-86   8.7862898e-04   5.4629341e-04   7.8077642e-33   6.9390807e-06
   1.4418813e-03   2.6819840e-39   2.6009370e-11   8.9554470e-10   4.1827598e-03   3.5316209e-76   8.5616089e-04   6.4349870e-05   1.7966610e-30   1.6927986e-08
   1.5139264e-03   3.0235772e-18   7.9555178e-14   8.1778314e-05   3.2409169e-03   3.6681874e-53   7.4515806e-04   7.5571679e-05   6.1182927e-38   1.1709371e-07
   9.9204182e-04   3.4365043e-06   5.5887250e-18   2.0392672e-04   2.2880030e-03   2.8429029e-35   6.8491691e-04   1.4870915e-04   2.4528686e-24   1.7159442e-04
   7.9324855e-04   3.1692419e-26   2.5255879e-04   8.3109075e-04   2.0025754e-03   1.0624882e-26   7.5695707e-04   3.1378640e-03   7.8211709e-09   2.7727240e-04
   5.8572640e-04   2.4549918e-30   1.4916383e-04   2.6991357e-03   1.6139120e-03   2.3708155e-17   7.7655506e-04   7.4987100e-03   5.6606980e-08   7.9197124e-04
   1.0719099e-03   7.8893324e-21   2.5032799e-04   3.1101997e-03   1.2347021e-03   4.9505105e-18   7.6452434e-04   7.9046837e-03   3.1230869e-17   1.3599904e-03
   1.0996033e-03   7.8556787e-20   7.6692511e-25   8.8753391e-04   1.6060226e-03   3.7175413e-31   5.2471533e-04   5.4933887e-03   2.6827670e-19   9.9074511e-04
   4.2577381e-04   1.0442684e-20   5.6914656e-17   1.2891526e-03   1.7595029e-03   6.7397834e-29   7.2005637e-04   1.4134806e-02   4.2708715e-11   8.5345634e-04
   2.9734076e-04   6.4434729e-14   3.3481425e-15   8.2025727e-04   1.7473116e-03   4.6153263e-20   9.0822119e-04   2.8913579e-02   9.4106792e-10   1.5196475e-04
   2.0138062e-04   2.6074199e-21   1.4669998e-04   1.1219669e-03   1.9675053e-03   2.1201160e-31   7.9502623e-04   3.5375311e-02   5.3112274e-14   1.2097808e-05
   2.2775495e-04   2.5692599e-29   9.6167146e-05   3.0642677e-08   1.8100012e-03   4.6774163e-56   9.8548345e-04   4.1058533e-02   2.9750607e-12   1.3742977e-04
   3.2703354e-04   8.7546062e-16   7.7954491e-12   4.8578129e-04   1.7928081e-03   4.7043688e-49   6.8829176e-04   3.4387837e-02   9.0028574e-12   5.8344581e-05
   4.4259520e-04   1.9723465e-27   2.6660150e-04   1.6921583e-07   1.5873997e-03   1.5713354e-37   1.0018911e-03   2.0193276e-02   9.1910524e-36   2.1843723e-04
   5.9336827e-04   7.8591363e-14   4.8019878e-47   1.1002508e-03   1.2356302e-03   7.7473053e-28   1.6699796e-03   1.8856925e-02   5.3806327e-12   1.4840525e-11
   8.4492949e-04   6.3459727e-28   2.0260917e-51   4.9095280e-04   1.1420049e-03   1.8433047e-58   2.7800546e-03   1.1480850e-02   2.9602325e-18   1.2732894e-12
   1.0547884e-03   2.6147971e-13   2.6843232e-06   8.5879741e-04   1.5121168e-03   2.3190443e-39   3.4473286e-03   9.8742058e-04   1.0048054e-16   5.1179025e-11
   9.7100311e-04   9.4049080e-13   1.9089506e-03   1.0437614e-03   2.3182407e-03   7.6269713e-48   2.9755192e-03   4.3507505e-06   1.0371161e-18   2.6062128e-09
   5.8314657e-04   1.7244476e-08   7.3591316e-03   7.6287192e-04   2.7702132e-03   4.3988446e-75   2.7854117e-03   1.4255863e-10   1.7623396e-37   1.0473574e-13
   4.4666034e-05   5.0408522e-12   2.0152934e-02   1.1219440e-03   3.0809731e-03   6.1693514e-61   1.6910919e-03   4.6175422e-14   1.0702468e-47   5.5179378e-10
   3.2294773e-05   2.9465012e-05   3.3723272e-02   3.2520608e-04   2.7598320e-03   1.4283097e-47   1.1208198e-03   7.9847979e-08   2.1678950e-45   3.3050441e-09
   1.1916210e-04   8.0250184e-11   2.4911228e-02   1.8420549e-03   2.1118999e-03   4.4779238e-38   1.5708371e-03   1.7581796e-03   2.1923073e-33   3.8757889e-05
   9.7894183e-05   1.5468817e-12   9.0393636e-03   1.7113543e-03   1.8215973e-03   8.0206927e-35   1.6576000e-03   2.4980525e-03   2.4792062e-34   9.2015047e-06
   1.6141673e-04   1.2483190e-07   2.4753207e-11   2.6119288e-03   1.4836424e-03   3.3322320e-23   1.2129710e-03   1.6534684e-09   5.3263020e-17   7.9326128e-07
   5.9121235e-04   1.0340380e-12   1.4939758e-22   2.1746442e-03   1.4376487e-03   2.6525202e-25   1.0170979e-03   1.7716687e-04   3.0728528e-17   4.2349013e-05
   7.5133112e-04   1.6077989e-06   1.5343058e-21   1.3662214e-03   1.2559510e-03   1.6059840e-28   1.0057445e-03   1.2080582e-03   2.7296054e-18   1.0891815e-04
   5.4699770e-04   2.9182441e-04   1.7146558e-40   1.6973153e-03   1.1941442e-03   1.7174321e-29   8.1762909e-04   1.9578373e-03   2.1232972e-11   9.2355419e-05
   3.2027079e-04   3.8109059e-04   1.5782040e-20   1.2326965e-03   1.4501019e-03   4.1448560e-28   8.3806955e-04   2.3504973e-03   4.5757093e-12   9.0568119e-05
   2.4757916e-04   3.3046738e-09   1.1119517e-20   1.7816216e-03   1.6671896e-03   7.1114364e-79   1.1664088e-03   3.3219075e-03   1.1429232e-23   2.3686533e-05
   1.7290141e-04   3.0997652e-14   2.0797150e-11   2.3444407e-03   1.6462801e-03   3.1474679e-03   1.2842266e-03   1.3374605e-03   9.3327788e-22   2.3820073e-06
   3.6783215e-04   1.3292233e-08   6.7502159e-04   9.9375209e-04   1.4362614e-03   1.9682867e-03   1.4120595e-03   6.4549669e-07   1.7721781e-26   9.5225908e-06
   3.9424532e-04   1.0455807e-19   4.9977072e-04   2.4599984e-03   1.2973214e-03   2.5225015e-88   1.4343549e-03   1.1566353e-08   4.6260761e-22   1.6254877e-05
   9.6190150e-05   2.8973821e-08   9.6829950e-18   2.9849710e-03   1.5646224e-03   2.9358914e-23   1.8027846e-03   1.2069539e-14   1.5374569e-32   5.8963751e-07
   3.0033031e-04   6.0541255e-04   2.2991888e-55   1.2109237e-03   1.4968863e-03   1.4123191e-19   2.3612100e-03   2.1995110e-08   4.2027675e-19   4.1810598e-09
   2.2429951e-05   2.6888342e-11   3.2551981e-49   1.4471909e-03   1.6811038e-03   7.4259133e-21   2.2156555e-03   2.6663860e-04   1.5267527e-30   4.1177861e-09
   5.2499707e-09   1.4790044e-04   2.3125627e-22   1.1905112e-03   1.7557495e-03   9.9667229e-42   2.4008424e-03   5.2859641e-05   8.1308255e-54   2.6308389e-10
   8.1734115e-07   1.7755790e-04   1.0577509e-08   1.2927834e-03   1.5602671e-03   3.2426964e-61   2.0453032e-03   2.1651407e-08   1.0193442e-56   2.0068629e-06
   9.8925624e-06   4.9532527e-04   8.8813921e-04   1.1999649e-03   1.5560000e-03   2.3371680e-29   1.4990203e-03   5.3388935e-09   3.1760969e-49   6.4022896e-05
   3.5764371e-07   7.6908164e-04   3.9999747e-04   5.0486793e-04   1.5203073e-03   2.6605331e-03   1.4560136e-03   9.6321691e-15   5.5521731e-31   2.0996229e-04
   1.3856926e-04   6.1328083e-04   7.4586956e-06   6.2990842e-04   1.2637786e-03   1.0958441e-02   1.4198008e-03   6.1203144e-21   1.8634039e-23   3.6471923e-04
   1.6617555e-04   5.9517546e-04   1.8677747e-03   1.0332160e-03   1.2825158e-03   1.6508520e-02   1.2095140e-03   2.1303172e-20   2.1680706e-25   6.8040663e-05
   1.6598473e-04   2.2453087e-04   1.0743894e-02   1.9234197e-03   8.8884645e-04   1.9759910e-02   8.8223324e-04   7.6998413e-15   4.1295785e-19   2.9052065e-05
   2.5522217e-04   3.3397254e-04   1.6769701e-02   1.4567067e-03   9.0043375e-04   1.2677434e-02   1.0418436e-03   1.9198298e-15   1.4320276e-06   3.2123471e-05
   3.4060622e-04   3.5746822e-04   1.1570709e-02   3.5169364e-03   9.3813862e-04   5.1634034e-03   1.3201424e-03   1.9678189e-12   1.7894440e-15   3.4443715e-06
   3.5842873e-04   6.0221456e-04   3.3715191e-03   2.2266146e-03   6.9649832e-04   2.5913993e-03   1.3113893e-03   1.3845340e-15   1.8515400e-08   1.0409550e-05
   2.6245633e-04   9.4084193e-04   2.8970858e-33   2.1832371e-03   7.4741259e-04   3.4480740e-16   9.6774484e-04   3.2002678e-20   3.8856879e-30   1.3280640e-04
   3.4064899e-04   3.5513901e-05   4.6734388e-05   3.5979810e-03   1.1078330e-03   1.6545895e-33   9.7070345e-04   2.2069568e-12   1.2239057e-20   1.0126608e-05
   5.9340962e-04   8.0709775e-07   1.7128501e-03   2.3729591e-03   1.0619431e-03   1.8218976e-47   6.6189737e-04   1.3214262e-15   4.1925662e-16   2.0713999e-06
   8.9699544e-04   3.6344013e-09   7.5709782e-04   1.4508615e-03   8.8565464e-04   3.2174247e-22   7.6028742e-04   3.9958075e-23   1.4830058e-20   1.3713312e-08
   8.5159011e-04   3.9899638e-04   1.7811208e-37   1.7376304e-03   9.3422967e-04   2.9916394e-12   8.2988427e-04   5.5900196e-24   1.1582831e-20   5.8633564e-10
   1.8964517e-04   2.1020131e-04   6.7947818e-21   2.6604808e-03   1.5507149e-03   1.4277928e-19   6.1738536e-04   3.1468533e-20   6.0922004e-31   1.8709898e-17
   3.0673212e-04   9.1531060e-05   1.4800163e-03   7.1312946e-04   1.6811787e-03   8.6281593e-39   3.7896067e-04   1.8004360e-24   5.9661700e-41   1.0816117e-24
   4.1983339e-06   3.7985972e-18   1.6275594e-03   2.2458637e-03   1.6978065e-03   1.7762856e-32   6.5053223e-04   2.4194274e-26   8.2620718e-54   6.9848088e-26
   1.5909198e-10   6.8766288e-20   1.6400330e-05   1.3280895e-03   2.2852588e-03   4.9325934e-74   6.9022689e-04   2.0213667e-40   6.7749435e-74   2.0946994e-22
   4.8363922e-12   5.5217221e-39   1.0776510e-03   3.2863577e-04   3.2634747e-03   1.9087695e-62   5.4423538e-04   6.0460802e-30   4.3187045e-67   1.1320096e-21
   3.0314399e-12   5.9222336e-37   9.4666540e-04   1.8731369e-08   3.2284498e-03   1.4562881e-59   3.2078372e-04   7.5464389e-34   1.8016314e-70   5.7272947e-17
   1.7082604e-11   1.1759791e-30   3.3942887e-28   5.2236018e-04   2.6762737e-03   8.9816645e-39   6.2756690e-04   5.5232306e-35   6.9265317e-63   2.0280027e-13
   5.7488852e-10   2.8939637e-28   1.6135056e-04   3.1924430e-04   2.1472571e-03   1.9289237e-35   9.0866699e-04   1.8629677e-25   1.9770558e-29   6.5201255e-08
   1.2644684e-05   4.4897922e-31   8.0240685e-04   1.9574012e-03   1.8218761e-03   2.7869997e-55   6.6970276e-04   1.8936082e-12   1.1508620e-10   6.1931524e-08
   2.9928245e-04   4.7499373e-16   1.3190739e-03   2.0499869e-03   1.3197967e-03   2.8655420e-35   8.2595730e-04   2.7323416e-06   5.1120856e-08   5.5796903e-09
   4.1008104e-04   9.7454378e-15   2.0613814e-12   1.0852085e-03   1.0437831e-03   7.0831358e-55   9.2720804e-04   4.9691906e-06   2.8992584e-10   1.5402285e-10
   6.1273745e-04   3.9192996e-14   4.8528106e-03   1.1440200e-03   1.2017384e-03   1.7953261e-18   7.3512858e-04   5.2613613e-10   5.1024191e-14   4.6894307e-10
   5.2039681e-04   2.5984045e-10   8.9313935e-03   2.6240661e-03   1.3617694e-03   2.5011128e-03   5.2941090e-04   1.5578058e-10   5.7244627e-14   2.6565231e-13
   1.0871333e-03   1.9835412e-12   8.5591704e-03   3.2961852e-03   1.2963786e-03   1.2156374e-03   8.4522611e-04   7.6234069e-09   6.7866084e-18   7.9320481e-07
   1.2308678e-03   6.1487057e-08   6.0595865e-03   2.4426246e-03   1.1974782e-03   9.5543455e-08   8.7461646e-04   5.6191407e-07   1.9808563e-16   5.8503160e-06
   1.0805771e-03   8.8325727e-11   4.0409032e-03   2.8037130e-03   1.2372901e-03   1.4598922e-17   8.0829275e-04   5.2694480e-19   1.4787420e-26   1.0259461e-10
   6.3424494e-04   3.6081203e-06   2.5447080e-03   7.9688318e-04   1.7002716e-03   2.3480603e-18   8.0118521e-04   6.6362003e-22   2.4692729e-17   1.2594783e-19
   3.6144838e-04   9.6857084e-17   3.3287272e-15   1.6467416e-03   1.5126844e-03   3.0138534e-43   7.0675176e-04   2.1750008e-18   2.1523013e-24   3.9601487e-25
   6.0640627e-04   3.0175231e-13   1.6029027e-03   2.6863487e-03   1.2331647e-03   1.4150809e-24   4.7811481e-04   7.0002458e-17   2.7240409e-35   3.8056961e-14
   6.4590262e-04   6.5764343e-12   1.1105100e-03   3.6936708e-03   1.4414675e-03   1.2457938e-09   5.3807122e-04   1.6914469e-08   3.8377738e-30   6.5928070e-12
   3.6138919e-04   4.8932373e-18   7.0305242e-23   2.1766374e-03   1.7067519e-03   6.3889728e-15   6.2245443e-04   1.9258370e-08   9.7753448e-30   3.5951210e-13
   3.8425448e-04   2.4742806e-21   2.4190649e-04   1.7163011e-03   1.6661920e-03   5.5551857e-27   8.0655049e-04   9.4904006e-21   1.3226504e-42   4.7303139e-15
   3.3679102e-04   2.1372330e-13   1.6444490e-03   1.4428331e-03   2.2190498e-03   2.4778990e-24   8.5175948e-04   1.1589499e-14   2.5065470e-42   3.5318531e-13
   5.6845926e-04   1.1755481e-04   1.4682608e-04   1.1124154e-04   2.1689906e-03   3.4615741e-16   9.6109814e-04   1.7682985e-05   4.6340527e-27   5.8608634e-13
   6.6266767e-04   1.1194943e-09   2.4635825e-05   1.2420367e-03   2.1415900e-03   1.7595316e-37   1.1107136e-03   4.4826986e-06   1.3492219e-17   6.3952128e-10
   5.2582855e-04   1.3683556e-12   1.3826672e-03   1.9369454e-03   2.3805539e-03   1.0031301e-49   1.1324497e-03   2.8852431e-06   2.4863617e-21   4.1538704e-06
   4.3282246e-04   6.3320393e-29   8.7004520e-04   1.7683501e-03   2.4094108e-03   1.9264264e-39   1.0561921e-03   2.8959069e-04   8.5061705e-13   7.5452674e-07
   3.9631173e-04   2.2761140e-15   6.7699893e-04   1.2985844e-03   2.0805751e-03   2.1195901e-20   1.4239011e-03   5.9817175e-04   9.1750548e-07   3.9038957e-07
   1.2400055e-03   7.4232435e-12   3.8114314e-04   4.1525101e-03   1.3913001e-03   2.1720870e-03   1.3209959e-03   3.3007091e-03   1.3421549e-16   2.6042870e-06
   1.1445059e-03   3.2157116e-08   1.7447294e-03   3.7724624e-03   1.8859628e-03   6.8550977e-22   8.0927761e-04   4.7469497e-03   3.2363336e-13   1.7580084e-05
   1.2344121e-03   7.9143338e-15   3.1342577e-03   3.0257082e-03   1.7180551e-03   1.4781448e-33   9.2067315e-04   5.2270794e-03   7.0308237e-14   1.8952928e-05
   1.1262619e-03   2.5416673e-40   2.8905574e-03   4.6485486e-03   1.6224855e-03   1.5312673e-12   8.3606710e-04   2.6823767e-03   1.7996394e-16   7.7630883e-05
   1.2565759e-03   6.1610852e-18   2.3961368e-03   6.4393120e-03   1.9485849e-03   1.7027596e-21   1.1545824e-03   2.0507271e-06   9.6463608e-17   3.4606071e-06
   1.4137966e-03   5.6330945e-12   3.1659534e-03   4.8837954e-03   1.5925521e-03   2.5526705e-03   9.8468115e-04   4.7866481e-11   1.9118435e-33   1.6074982e-05
   5.5337042e-04   2.2932965e-08   1.0975990e-03   5.4303982e-03   2.0348228e-03   6.4772152e-06   9.5369788e-04   2.4338396e-11   8.7866348e-33   1.4662721e-05
   4.3698255e-04   4.2663222e-10   3.7222071e-03   2.8447125e-03   2.7432347e-03   4.9893196e-31   1.1638733e-03   9.2326524e-17   1.7834245e-36   4.0658064e-08
   1.2469015e-04   1.6786800e-09   1.9553109e-03   2.8487722e-03   3.0441380e-03   6.4932912e-03   1.1705387e-03   3.8030418e-13   1.9524200e-32   3.3384712e-15
   3.5788838e-04   6.3019146e-04   3.3426436e-03   3.2099767e-03   2.4529377e-03   7.1919330e-03   1.3918601e-03   9.4201981e-06   1.0653881e-28   1.1253884e-14
   4.2240656e-04   6.9604374e-04   5.9246158e-05   3.8188579e-03   2.0833968e-03   1.0422352e-02   1.1711165e-03   2.9777681e-06   6.9703654e-27   1.8934155e-15
   7.4784533e-05   2.0798854e-13   4.4631558e-03   2.7048812e-03   2.4707057e-03   1.8208169e-02   6.8535870e-04   1.1608512e-03   3.8667112e-29   2.8128207e-12
   4.7506626e-08   7.2515626e-04   4.6115413e-03   4.0660169e-04   3.8522027e-03   2.4993833e-13   8.5247694e-04   1.0737671e-03   2.1531072e-27   2.2836785e-14
   6.7000665e-14   1.1647055e-03   1.6153387e-03   1.1539281e-03   4.5214387e-03   1.1639560e-18   9.8773617e-04   1.9575631e-03   7.1999587e-36   1.2129167e-13
   1.8942427e-07   6.2282803e-19   2.3385012e-03   3.4013861e-03   4.4756942e-03   1.1147656e-02   1.4370594e-03   2.2915844e-03   2.8244402e-25   2.1534678e-11
   1.0214640e-04   9.2935664e-04   1.0463558e-03   7.5258012e-04   3.7015710e-03   5.6453300e-25   1.8178602e-03   3.8071454e-03   4.1204494e-10   8.6720080e-10
   6.8611640e-05   1.2765512e-03   1.3693574e-03   8.5020910e-04   2.8530303e-03   5.3129154e-03   1.7566731e-03   5.7722359e-03   4.5538501e-12   6.3709479e-11
   6.0136160e-04   6.4828485e-04   7.5886804e-04   4.2504809e-03   2.4268691e-03   1.0226920e-02   1.6621620e-03   5.9358844e-03   2.9455558e-14   1.2152195e-15
   4.1527092e-04   9.3401079e-04   2.7624959e-11   4.8555423e-03   2.4996671e-03   6.3697863e-07   1.7099815e-03   1.4295356e-02   2.2566316e-23   2.0404808e-18
   6.7849949e-04   1.0583519e-03   2.0778638e-16   2.8643780e-03   2.2425633e-03   3.9887811e-15   1.8731378e-03   8.2853641e-03   1.5477768e-26   2.3459145e-20
   6.4400197e-04   1.7152539e-03   5.8030219e-09   2.4120189e-04   2.0663602e-03   1.3596584e-15   2.3334336e-03   2.9694521e-03   2.4862334e-17   5.5858015e-20
   1.9710392e-04   1.0815692e-03   1.9587659e-05   9.1552236e-04   2.4607333e-03   7.2161158e-27   2.1321570e-03   2.2356341e-03   4.6328601e-26   9.8977877e-23
   4.0013836e-04   5.8115895e-04   1.7242444e-03   1.8574901e-03   2.3258512e-03   5.7032319e-03   2.4473605e-03   4.0201930e-04   3.0548680e-24   2.3898894e-20
   1.7596101e-05   1.6208167e-04   3.6014775e-03   3.7386907e-03   2.4526931e-03   1.6347760e-02   2.3713335e-03   1.6471200e-11   2.3312774e-32   4.1206521e-26
   4.4935312e-05   7.8325268e-04   5.1769975e-03   2.5173937e-03   2.4096991e-03   4.9573391e-54   1.1602711e-03   1.6677763e-11   2.4933070e-30   1.9579767e-40
   4.1356595e-09   1.5286944e-03   1.3219772e-30   5.2322512e-04   2.8043689e-03   9.3813642e-03   1.9473174e-03   7.4127504e-07   2.4263785e-32   1.2512830e-26
   1.1873634e-11   9.6042555e-04   2.7681363e-03   8.5412663e-04   3.0407315e-03   4.0463840e-03   2.1949673e-03   5.4713583e-13   3.5866608e-49   1.6010916e-27
   1.1499779e-14   2.1714373e-07   1.0220878e-02   8.3073604e-04   3.5909952e-03   1.7509713e-30   1.2133166e-03   8.2474452e-30   2.6603969e-40   1.0501510e-38
   1.1557172e-10   7.3996816e-04   1.6989190e-02   1.7472939e-04   3.5070218e-03   2.9863929e-24   1.3533444e-03   5.7732048e-14   2.1440786e-29   6.5976177e-36
   1.1368212e-09   4.0972725e-04   1.1497081e-02   5.2237532e-04   3.0225198e-03   1.1587030e-23   1.9577860e-03   1.8204191e-08   2.4612847e-31   1.3194794e-29
   3.9201930e-11   6.6168106e-04   4.6733827e-03   8.7730475e-04   3.1316143e-03   1.9161208e-22   2.3557156e-03   1.7271971e-05   9.6403166e-47   2.4753119e-26
   3.8886943e-14   8.3506108e-04   7.6998304e-13   2.4784895e-04   3.4065920e-03   1.5312904e-22   2.1343688e-03   2.1038505e-12   1.5346925e-29   7.1655337e-20
   1.0062360e-09   2.2272836e-17   5.6187109e-04   8.5751021e-05   2.8691202e-03   1.6595931e-65   1.6221707e-03   1.1237765e-15   1.8513599e-25   2.4554093e-14
   3.8610018e-05   2.5050580e-21   2.8823772e-05   3.7861181e-03   2.7330638e-03   1.4178788e-28   1.8597343e-03   1.6609389e-13   4.2319947e-22   2.5667432e-19
   3.3013830e-04   6.3976130e-16   4.7231616e-21   5.5069200e-03   2.3356788e-03   1.4158123e-20   2.2459703e-03   5.3081604e-05   4.8504316e-17   5.0371532e-20
   1.1639292e-05   2.8111178e-20   4.8714654e-36   1.8511028e-03   2.5615092e-03   5.8075123e-83   2.2389888e-03   2.7813343e-03   1.6229354e-22   3.6797544e-14
   1.7874268e-04   9.0032736e-04   8.6238584e-18   2.2300735e-03   1.6563186e-03   2.6097104e-17   2.1250634e-03   3.5056839e-05   3.3145028e-15   1.0052090e-08
   3.6108634e-05   4.4259181e-04   1.7970275e-14   3.0576384e-03   1.4365500e-03   6.8466909e-34   2.2044551e-03   1.8340721e-03   9.5173909e-13   3.3175030e-13
   2.3366153e-07   5.2087196e-04   2.6925284e-15   1.5777360e-03   1.4833300e-03   1.2444285e-43   1.4465253e-03   1.0054070e-03   1.8396380e-21   1.0001562e-13
   1.0853214e-08   6.6024148e-04   5.0729058e-36   3.2159620e-03   1.1790033e-03   5.4217149e-28   1.7307492e-03   5.1780918e-03   5.8665278e-26   3.0828118e-15
   1.0396205e-11   1.8156289e-08   4.3384132e-40   4.5854538e-03   1.2580872e-03   7.9783860e-20   2.4701375e-03   1.9298408e-03   5.3700580e-23   1.1425402e-12
   1.2235649e-04   1.3895135e-11   1.8498633e-26   3.7017852e-03   1.3387987e-03   7.7816237e-50   2.1734698e-03   1.7233236e-05   2.0212212e-14   2.4310849e-16
   4.4547158e-05   2.2710907e-07   3.5941325e-08   2.2572660e-03   1.5127498e-03   1.0924458e-27   1.3125260e-03   2.9255564e-07   1.1051646e-21   1.5276014e-20
   3.5065012e-09   1.5245865e-26   1.5383787e-03   4.4859527e-03   1.5644576e-03   1.1301012e-23   8.2117817e-04   2.5921115e-09   5.3036280e-22   5.1473152e-27
   4.2543090e-05   1.1954716e-09   1.3942249e-03   2.9758102e-03   1.6292799e-03   2.5987610e-18   9.4665296e-04   4.8285354e-19   1.6221576e-18   2.1170161e-24
   2.7487200e-04   5.9098828e-09   8.8085976e-18   3.2045340e-03   1.3891570e-03   2.8406288e-14   1.1814900e-03   3.3585078e-07   8.5432953e-16   9.6353480e-19
   1.0388055e-04   1.3748547e-15   2.2230352e-07   6.1889607e-03   1.1747230e-03   5.7479712e-17   1.0464387e-03   8.3155108e-04   2.5057032e-10   1.5241253e-11
   3.9890250e-04   3.4007435e-19   2.2042866e-11   7.9689906e-03   7.2358142e-04   1.0285948e-25   9.3761473e-04   2.4861693e-04   1.4339538e-04   1.3369377e-07
   3.5144014e-04   2.3401772e-26   8.7036952e-08   5.5892171e-03   8.7341040e-04   3.7039787e-31   1.4703253e-03   4.1392094e-10   2.3153902e-04   8.2700219e-20
   1.7670468e-06   1.6308081e-32   2.5191530e-03   4.4750158e-03   1.2866916e-03   1.6810812e-08   1.7038142e-03   6.7676612e-10   2.9927896e-04   1.1818907e-21
   3.6800588e-05   2.5595183e-17   4.1585984e-03   4.7514971e-03   1.7229515e-03   4.1018500e-19   1.6275147e-03   4.4192227e-04   4.8969980e-08   1.4091688e-18
   4.1053931e-05   1.4712403e-08   2.1799841e-03   5.5741681e-03   1.6602486e-03   3.3793470e-58   1.2290572e-03   2.2654948e-03   2.0631608e-12   4.1117729e-12
   1.5548723e-04   4.0995813e-06   1.8874113e-03   4.6952179e-03   1.5619220e-03   3.7233745e-46   9.3279013e-04   1.3209538e-03   2.6494897e-18   2.3918513e-09
   1.4372148e-04   6.2578839e-20   2.7194650e-03   5.1897059e-03   1.3812060e-03   2.2303998e-76   8.5282084e-04   2.5622608e-17   3.8845804e-28   1.2055775e-05
   3.3139179e-05   4.6948427e-12   6.5218235e-04   4.8241830e-03   1.4415312e-03   1.2540023e-37   1.1267270e-03   3.4358187e-03   7.7594386e-21   1.4561318e-07
   1.4749607e-04   6.0479096e-08   1.2474047e-10   3.0223548e-03   1.3479655e-03   9.7822421e-37   1.1441399e-03   9.8778199e-04   1.1080559e-16   9.9725277e-05
   2.5124939e-04   2.8364126e-04   3.2245207e-18   3.8914079e-03   1.1601438e-03   6.8368735e-14   1.4108228e-03   2.5092893e-06   7.8394577e-24   2.5754005e-06
   2.1106639e-04   2.0039456e-10   3.9623957e-27   5.0574955e-03   1.2574554e-03   3.7446947e-41   1.5443031e-03   1.8616047e-05   2.9505693e-20   6.7077060e-11
   7.3851791e-06   4.6771884e-04   2.9387826e-15   4.2021616e-03   1.1919413e-03   1.1400138e-22   1.1811072e-03   3.3714923e-04   5.1995081e-12   1.0942080e-07
   7.9450156e-05   7.7549715e-04   2.0609822e-19   5.9307325e-03   9.9225940e-04   8.6915871e-07   1.5616432e-03   3.9209008e-04   1.7779492e-17   2.9878297e-16
   2.2921490e-05   5.7993255e-04   1.0128539e-28   5.2283180e-03   1.2271086e-03   1.6407842e-40   1.8819832e-03   1.1743130e-04   5.0329370e-29   5.3858672e-22
   1.1153703e-04   3.9911095e-04   1.5735510e-28   4.4130713e-03   1.4845714e-03   4.5124869e-77   2.0589680e-03   1.7804440e-04   5.0857117e-28   2.1910673e-13
   6.1731496e-05   2.3340222e-04   3.3975442e-06   3.5958817e-03   1.6724373e-03   2.0759464e-29   1.8089836e-03   4.4738370e-04   7.4570832e-22   3.3921617e-08
   1.1755522e-04   2.7470152e-04   1.5998208e-03   3.4120379e-03   1.7237860e-03   5.4602859e-32   1.1115917e-03   5.8676166e-04   1.5212685e-16   6.9811233e-06
   3.3982663e-04   1.9942305e-22   1.0146239e-14   6.0501573e-03   1.5487679e-03   5.3292930e-29   1.0047632e-03   2.8598709e-05   1.3800770e-11   1.6997640e-06
   5.6416788e-04   9.6900136e-13   5.9085975e-31   7.4735808e-03   1.5706138e-03   9.3731650e-35   1.8124259e-03   4.8841696e-04   1.4356243e-07   7.0716804e-07
   3.0826156e-04   1.2809146e-13   6.9608716e-04   1.0277570e-02   1.7908396e-03   1.3497136e-30   2.0880411e-03   3.3827007e-05   1.0954912e-07   1.2838827e-14
   2.5370966e-04   2.9819931e-09   3.6077573e-03   7.7128308e-03   1.9814957e-03   8.3331648e-22   7.2570014e-04   1.4377484e-06   3.0903829e-27   2.5389211e-12
   1.0992373e-04   7.0626734e-06   3.5455960e-03   5.3409564e-03   2.0844520e-03   1.3472064e-33   1.1431804e-03   2.9601052e-06   9.4430869e-18   3.5483276e-07
   6.0736044e-05   5.2753405e-04   5.5217271e-03   4.9118158e-03   2.1161967e-03   9.2604752e-66   9.0599592e-04   7.2558143e-04   1.3210872e-18   1.9403179e-10
   4.1803125e-05   5.4651650e-04   9.4273964e-03   5.5665141e-03   2.1949112e-03   1.3117497e-59   6.8161625e-04   1.9611064e-04   1.8879345e-26   6.3682150e-05
   8.5157593e-05   2.4928384e-05   1.2278598e-02   3.4682673e-03   1.8941428e-03  2.8523016e-105   8.0831710e-04   1.3122906e-03   2.6622330e-33   1.4776632e-05
   8.5686357e-05   2.7347718e-04   5.9396209e-03   1.8084899e-03   1.6145867e-03   1.8887962e-59   1.0495786e-03   2.4277283e-03   1.1126106e-24   3.8993326e-04
   1.0071422e-04   5.4473987e-12   1.3099400e-03   3.0651997e-03   1.6451182e-03   3.5148329e-50   1.1856673e-03   3.0805430e-04   3.2802029e-24   6.9618539e-04
   4.0904361e-04   4.1864032e-05   9.2444309e-06   3.1204516e-03   1.6094703e-03   2.2969334e-45   1.6287029e-03   3.9029337e-05   9.5060953e-30   1.6598888e-03
   1.6951836e-05   2.2963341e-20   5.3593640e-17   4.4430199e-03   1.8957284e-03   7.7328935e-34   1.6642051e-03   1.9203619e-03   2.3058497e-18   8.5662035e-04
   1.6689868e-04   2.2308904e-04   3.8656804e-34   5.4122058e-03   1.7838315e-03   9.2104259e-75   1.6263223e-03   8.4842387e-04   4.1220781e-17   4.3108397e-05
   2.7874937e-05   8.8414287e-21   9.7249396e-37   4.8375968e-03   1.7273289e-03   7.3356274e-39   1.3718468e-03   4.7000126e-03   4.1163066e-29   2.8816733e-04
   8.0226928e-08   1.0111943e-03   1.7029696e-22   2.3843216e-03   1.5062681e-03   9.0980597e-41   1.6438049e-03   4.6231313e-03   3.2283024e-08   3.0459270e-04
   5.6363519e-04   9.7300943e-04   2.4975416e-26   3.3581284e-03   1.6170899e-03   7.2602498e-20   1.3484972e-03   4.0770517e-05   1.3460512e-07   4.5761627e-04
   1.1842359e-03   7.2558298e-08   1.1214356e-15   2.5658013e-03   1.4646959e-03   3.2063356e-25   1.8225636e-03   5.7493180e-04   9.8439303e-12   6.6433669e-05
   6.6260602e-04   1.0378511e-10   1.3039790e-24   2.4541266e-03   1.1234426e-03   2.9585500e-63   2.2914921e-03   1.1955227e-03   1.1627470e-03   1.9874039e-10
   3.5886985e-04   6.0088572e-04   6.7576316e-40   2.3661850e-03   1.3967079e-03   4.2451491e-17   1.6728040e-03   2.3569568e-03   7.3033504e-04   1.5715919e-11
   2.0825789e-04   1.0423617e-03   1.6458792e-24   1.5518738e-03   1.4518780e-03   5.4596486e-04   1.5930487e-03   2.4251398e-04   5.6668171e-04   1.8518558e-10
   1.2108660e-04   7.2560782e-04   1.8988678e-25   4.0938371e-04   1.6032493e-03   5.5876483e-14   1.4650681e-03   2.2071011e-08   2.0592463e-04   6.4551026e-08
   1.9665277e-04   6.0610454e-04   6.3990813e-21   7.7384195e-04   1.5243005e-03   7.6498684e-26   1.5167238e-03   6.3689388e-09   9.4646616e-13   3.9302755e-04
   3.9458734e-04   6.7185045e-04   1.6925640e-03   1.4728979e-03   1.4134752e-03   9.8582843e-04   1.7037808e-03   1.0024210e-07   1.0484015e-32   2.8664468e-08
   6.1450086e-04   8.3633655e-04   2.7807867e-03   1.3128483e-03   1.1172792e-03   1.3083001e-03   1.6907437e-03   2.0806961e-10   1.6817636e-16   1.0991223e-05
   2.2255799e-04   9.9362056e-04   7.3689966e-04   1.3386704e-03   1.5469762e-03   1.9271410e-35   1.2456442e-03   1.3913808e-15   6.4997206e-33   1.9305737e-09
   7.7141291e-05   8.5853341e-04   6.0026833e-03   1.3933058e-03   2.0208900e-03   5.2130420e-28   1.2360987e-03   1.3538532e-16   1.8164154e-37   1.7244684e-04
   8.7602282e-05   1.4540657e-03   4.5495782e-03   3.6723212e-04   1.6047127e-03   1.7424926e-30   1.1035770e-03   3.0690272e-13   2.8339045e-41   3.5802695e-04
   2.3553452e-05   1.6390698e-03   4.8079046e-03   5.7337965e-04   1.4642482e-03   1.3178179e-51   1.1676112e-03   1.4545184e-09   1.2452211e-38   8.5462403e-04
   7.9010107e-06   1.5735592e-03   9.4128434e-03   3.3352300e-04   1.7587367e-03   6.6048835e-48   1.2528404e-03   2.7211289e-11   7.3028516e-32   3.1760052e-04
   2.7611088e-04   1.3505695e-03   1.2314771e-02   6.8243547e-04   1.4773077e-03   1.1752757e-28   1.3836091e-03   1.6744301e-09   5.3973403e-18   1.6474458e-04
   1.4137202e-04   1.6384628e-03   9.8810455e-03   2.5438205e-03   1.1568392e-03   4.3407735e-09   1.2775658e-03   5.9961000e-11   2.1627851e-09   1.0450440e-03
   2.6216133e-04   1.3497829e-03   6.6917800e-04   2.5883548e-03   1.0328782e-03   1.7937156e-06   2.0453511e-03   4.3164675e-11   2.4825936e-04   5.4807029e-04
   1.6963636e-04   1.8792012e-03   4.0241261e-08   6.1442901e-04   1.7104047e-03   1.0442928e-05   1.4991332e-03   1.0410284e-13   4.1968000e-12   2.2881951e-04
   1.9443823e-04   1.9529793e-03   1.6111765e-11   1.0180275e-04   1.8419142e-03   7.5263118e-23   1.1017664e-03   1.1242080e-09   4.3740998e-30   1.4741657e-06
   2.8231309e-04   1.5453185e-03   3.4474111e-55   8.4836428e-04   2.0159231e-03   1.7669177e-80   1.1706131e-03   9.1182725e-11   6.3627419e-22   1.7953472e-06
   1.5809382e-04   1.1775545e-03   7.5777553e-08   1.3233132e-03   2.1983789e-03   6.0070253e-13   1.3410817e-03   1.6750102e-28   6.5822678e-13   1.1900937e-08
   1.3894231e-04   1.4933057e-03   5.1672983e-27   8.3401849e-04   1.5541633e-03   2.9101366e-03   2.5314770e-03   1.3937026e-09   6.5411265e-05   2.9106356e-09
   6.6945002e-05   9.0024193e-04   9.1684556e-16   1.2465663e-03   1.1637839e-03   9.7122411e-17   2.4596775e-03   1.4814106e-08   5.2704740e-04   6.0551962e-11
   2.2441817e-04   1.4487525e-03   1.9588421e-20   9.0390063e-04   1.3880574e-03   1.2488133e-40   2.1637559e-03   1.5190550e-04   1.7407782e-09   1.4291118e-17
   3.9968634e-05   2.3035673e-03   2.4865222e-26   9.6196519e-04   1.7322841e-03   1.4780486e-19   1.4621524e-03   8.0854537e-09   1.1888256e-26   3.3825211e-16
   6.0014808e-05   2.3374442e-03   3.4714691e-12   1.8291351e-03   1.9856843e-03   8.2392051e-04   1.1824307e-03   2.3495348e-16   4.4726454e-38   1.8638468e-17
   5.8682249e-06   1.6098728e-03   3.0591299e-04   2.2536180e-03   1.8195683e-03   7.4905231e-14   1.2550834e-03   6.9969441e-30   8.1500404e-34   1.1669675e-19
   1.1328886e-05   1.8548493e-03   3.6355035e-04   1.9060819e-03   1.5898552e-03   8.6775019e-18   1.2945669e-03   1.0802975e-24   2.5041290e-29   1.4192110e-18
   1.8056863e-04   2.0166853e-03   6.5883208e-04   2.7897041e-03   1.2671699e-03   2.1431056e-30   1.5974737e-03   3.3647666e-28   1.5001928e-28   2.8854018e-20
   8.6431738e-06   2.2952857e-03   1.1852319e-04   2.5455574e-03   1.4521619e-03   2.8746215e-18   1.4373849e-03   6.1390464e-38   5.5043908e-23   5.1810644e-24
   8.3028630e-07   2.0075851e-03   1.7272174e-03   2.4676642e-03   1.6724552e-03   1.0014854e-50   7.8032445e-04   3.3790324e-30   1.1436630e-28   1.0124384e-19
   4.2453067e-09   2.5863424e-03   1.3287177e-09   1.3804273e-03   1.4867729e-03   3.0999654e-18   1.0795582e-03   7.9626892e-29   1.6832649e-27   3.3598560e-19
   1.4042707e-08   3.8771241e-03   6.4045645e-44   7.8263334e-04   1.8013686e-03   4.1061150e-16   1.1445621e-03   1.8595927e-29   3.7289301e-29   1.2443784e-21
   1.2797082e-04   4.9187560e-03   1.7200669e-04   4.0843712e-04   1.3947081e-03   9.9351259e-10   9.6293333e-04   1.1228598e-26   1.1379778e-16   3.9557727e-19
   1.8665059e-04   2.3487416e-03   5.3333160e-04   7.9160041e-04   1.1455002e-03   1.5132999e-02   1.0304841e-03   2.2749446e-16   6.2902801e-04   2.1008483e-15
   1.5535560e-05   2.6195836e-03   2.0933318e-03   6.7234206e-04   1.7132309e-03   3.1425630e-03   8.7951330e-04   9.9430952e-21   3.2062945e-09   1.3667215e-11
   3.1550973e-06   3.6505300e-03   5.7310153e-12   8.3774706e-04   2.0042287e-03   1.1513474e-16   1.1535552e-03   4.1413023e-16   3.2502453e-05   6.9534951e-15
   3.8313137e-10   3.8194822e-03   3.9815341e-04   8.8459085e-04   1.9423253e-03   9.0695933e-15   1.3865656e-03   8.8376233e-17   7.4900662e-04   9.5368018e-19
   4.7249092e-07   2.8463329e-03   2.7030575e-11   1.0686386e-03   1.9215656e-03   5.1080576e-05   9.3270757e-04   1.4484817e-21   3.5520574e-04   2.4620946e-32
   1.2095114e-08   1.8084623e-03   1.8821265e-13   1.3663510e-03   1.7665675e-03   1.2387079e-51   1.0259412e-03   5.9735300e-25   3.4243804e-05   3.9011330e-23
   3.4573260e-07   2.4353950e-03   9.8301280e-06   1.2875514e-03   1.7997421e-03   1.1359472e-03   4.7010443e-04   1.3905682e-27   7.7060077e-22   1.7874748e-20
   9.0230934e-06   9.0284223e-04   1.6277946e-49   1.8041587e-03   1.8645292e-03   5.3181483e-03   8.0763414e-04   7.2539585e-13   4.6883321e-27   2.5524448e-29
   7.4048165e-05   1.8577400e-03   8.5274743e-31   2.1823394e-03   1.4738604e-03   1.3303453e-02   1.1315803e-03   4.4354952e-10   1.6186260e-18   3.7703828e-25
   2.4369797e-06   2.1863986e-03   2.2914591e-09   1.9621555e-03   1.6939072e-03   1.5139821e-02   6.3409034e-04   1.6580967e-12   3.4894334e-26   8.5377887e-30
   3.2943634e-08   4.8142663e-03   3.2702495e-19   1.4722846e-03   1.1563645e-03   3.3912025e-03   5.7867416e-04   1.6979584e-03   5.2700688e-21   9.5332151e-24
   8.6258935e-05   2.8662810e-03   8.1583341e-45   8.4474416e-04   9.9429510e-04   2.3518101e-03   8.3341267e-04   4.0463826e-04   4.4593085e-38   1.6276138e-15
   3.7187082e-06   8.1164792e-04   6.3230194e-23   1.0830803e-03   1.2690305e-03   3.0711940e-15   7.4442990e-04   1.4257785e-09   1.8581270e-28   1.1256177e-16
   1.2167174e-06   1.1901682e-03   2.5300999e-04   8.6458352e-04   1.6731209e-03   3.5116458e-37   6.7829532e-04   1.9004658e-12   1.1949488e-29   1.2655711e-19
   1.6369149e-05   2.5760534e-03   7.9569183e-09   4.8904550e-04   1.8141754e-03   1.3086050e-05   6.7928464e-04   2.2936054e-21   1.1341234e-33   1.1138776e-19
   6.8412866e-05   1.7828858e-03   1.5488429e-08   4.4621217e-04   1.4787219e-03   3.3189092e-03   8.3822327e-04   2.7742761e-22   2.4407116e-26   8.4745631e-19
   8.9946622e-05   1.2509391e-03   1.0318846e-16   1.1169113e-03   1.5147105e-03   3.6505714e-04   5.8749657e-04   1.6331988e-16   9.9870733e-30   2.4000572e-13
   8.1275966e-05   2.5200215e-03   1.1762721e-03   1.7308165e-03   1.0760191e-03   2.5371838e-19   6.0055997e-04   1.8231859e-11   3.3148036e-29   8.5167577e-11
   7.5951544e-05   3.1674261e-03   2.2584967e-04   7.8411588e-04   6.9727741e-04   7.2444633e-11   8.0229519e-04   4.7191624e-10   4.1084028e-16   1.1470678e-07
   2.9808235e-06   1.8848469e-03   2.9757084e-19   1.3259183e-03   1.0487425e-03   7.2983136e-03   8.2055840e-04   1.5549820e-08   1.8286520e-14   3.2698255e-13
   7.0355336e-08   2.5616927e-03   2.3644495e-13   2.6980662e-03   1.4144598e-03   7.1134781e-11   7.2678757e-04   3.1442330e-07   1.3646446e-17   1.0980834e-07
   2.0766737e-05   1.9639273e-03   4.5572273e-04   2.2349373e-03   1.4483506e-03   9.7440275e-24   4.9516274e-04   9.1962933e-19   1.5483801e-26   1.2991178e-06
   4.2723421e-05   3.3787206e-03   4.8098766e-04   1.2448707e-03   1.3920889e-03   1.5371445e-13   9.0531927e-04   8.2508070e-09   4.7026161e-24   5.8715849e-06
   8.2821059e-09   3.4918260e-03   4.3640698e-04   2.2486378e-03   1.0901439e-03   6.1938466e-04   1.0937544e-03   1.6825622e-06   6.3948558e-29   1.3165126e-14
   1.6242570e-09   2.5776812e-03   1.0352095e-04   1.2617137e-03   1.0283626e-03   1.3158435e-24   7.3576637e-04   8.2049430e-11   7.5884982e-24   2.4728706e-05
   4.8200628e-05   2.3358477e-03   2.9825638e-11   6.8915191e-04   9.3158608e-04   7.0410891e-25   6.6359940e-04   1.1061043e-11   7.4951954e-20   2.8271931e-04
   3.1003832e-05   1.8318077e-03   6.6082735e-09   6.5367566e-04   9.8099874e-04   2.0607969e-18   1.0481492e-03   2.5761081e-09   3.8923951e-36   2.0236031e-06
   1.8930043e-07   2.0745663e-03   3.1524205e-04   5.2671844e-04   9.5039648e-04   2.8976119e-29   9.5350406e-04   6.7027418e-09   1.1107917e-45   3.7440438e-13
   4.6203061e-09   2.2899930e-03   3.2045063e-08   6.7660338e-04   1.0727747e-03   1.9853596e-73   6.2188029e-04   3.0403118e-23   3.9160960e-47   1.1333209e-24
   3.9470662e-09   2.4515929e-03   5.3444815e-04   1.1163132e-03   1.1414288e-03   4.2136392e-18   5.6884712e-04   5.1027056e-20   4.5130612e-36   5.7451242e-10
   7.7508127e-09   3.8908116e-03   5.7498177e-04   1.6939174e-03   1.0138404e-03   4.0524851e-13   7.8458187e-04   6.9510427e-11   3.2556788e-31   1.9284197e-10
   2.8087876e-08   2.8881373e-03   1.1262782e-05   2.2296816e-03   9.3222618e-04   4.7388047e-49   7.4108719e-04   3.6932922e-09   3.3437644e-32   5.8754348e-09
   1.2198304e-10   2.5748383e-03   2.0147725e-24   2.3005122e-03   9.5524957e-04   4.7352872e-22   6.3287261e-04   2.3070529e-19   2.2687727e-36   9.0068020e-05
   5.2892902e-09   1.9212643e-03   1.0647295e-58   1.8364656e-03   8.8540104e-04   1.3824880e-09   5.5784169e-04   1.9840231e-16   7.5860191e-33   3.8814210e-06
   1.9551994e-05   2.6781106e-03   2.4780892e-04   2.3351387e-03   5.6153111e-04   8.6553889e-10   7.6419700e-04   3.2020078e-12   1.9907488e-15   2.1833754e-05
   5.9369995e-08   4.4266611e-03   1.2725571e-03   6.7703399e-04   6.7970958e-04   2.3037702e-08   6.4742068e-04   3.5899752e-10   4.9478678e-25   7.4795168e-07
   5.8713077e-07   3.0737377e-03   1.0855407e-04   1.5729156e-03   6.3073217e-04   8.1503990e-04   7.4175513e-04   5.4792487e-12   6.3789716e-24   3.6576944e-06
   1.1443270e-04   3.3095163e-03   1.6859683e-03   1.2845742e-03   4.2691263e-04   7.3946402e-09   5.8602418e-04   8.5837282e-11   2.5596483e-11   8.0744526e-08
   4.3244331e-06   2.1836215e-03   1.4103932e-03   1.4826525e-03   4.9600689e-04   4.5378933e-05   6.0002958e-04   1.5699470e-16   5.7817452e-20   2.8644226e-10
   8.4779372e-06   4.6130503e-03   1.8761055e-03   1.7728883e-03   4.1027707e-04   1.8264215e-11   6.5400415e-04   5.9912470e-12   2.3389037e-22   1.5831834e-04
   6.1284643e-09   4.9100319e-03   1.5480856e-03   2.1456135e-03   3.9983754e-04   8.3121248e-68   5.3589044e-04   2.7809308e-14   1.3284168e-19   4.4950612e-05
   8.6211217e-06   4.0007727e-03   5.2888211e-07   1.8766580e-03   3.6342209e-04   3.5069493e-19   5.1810871e-04   6.4073562e-25   2.9303081e-17   1.5837921e-05
   6.4283877e-05   3.9718982e-03   7.5727153e-04   1.4190674e-03   2.4112841e-04   2.8064207e-04   4.7882705e-04   2.4126652e-19   1.8588304e-16   1.5382956e-07
   7.3313303e-05   3.4175532e-03   1.4650068e-03   2.0141253e-03   2.3277254e-04   1.4133666e-03   5.5381584e-04   9.4883742e-11   6.1571996e-20   8.1210382e-15
   1.2572688e-05   4.2004351e-03   2.7361915e-03   1.9991761e-03   2.7801206e-04   6.8924783e-04   4.7008920e-04   2.9768519e-12   1.4201097e-26   1.9510414e-07
   2.1296774e-05   3.3497215e-03   3.0331423e-03   1.9248395e-03   3.1317476e-04   4.9678574e-03   3.8824065e-04   1.1478051e-27   2.0630277e-26   1.7555224e-06
   5.2362118e-07   4.3659051e-03   2.9586284e-03   1.9217337e-03   3.1802746e-04   4.6151860e-15   5.2059876e-04   2.5891081e-26   7.6896699e-24   2.0343624e-09
   2.8739112e-07   4.2893974e-03   1.8653826e-03   3.2683367e-03   3.2712400e-04   3.6805861e-25   4.3798995e-04   3.0536778e-17   2.8927494e-20   1.0849682e-14
   1.7525350e-05   4.4355646e-03   2.0611736e-04   2.6910609e-03   3.0053936e-04   2.8502899e-15   1.8969587e-04   3.9525028e-11   1.0404235e-25   1.8588884e-20
   1.5337914e-06   4.3069285e-03   2.5253805e-06   1.9035988e-03   3.0061735e-04   1.7249164e-14   2.9753150e-04   1.5117720e-23   1.2381717e-24   1.3482737e-15
   2.5344733e-05   4.3389803e-03   5.2117356e-04   1.7306104e-03   2.2103335e-04   2.7067041e-28   3.7324472e-04   2.1791026e-21   5.9223223e-46   3.0108515e-11
   8.0157370e-13   3.8755857e-03   4.6868910e-07   1.5326656e-03   2.6127417e-04   9.1963557e-29   3.9111031e-04   4.8771677e-26   2.6809035e-40   1.4706103e-07
   4.7400893e-06   3.5652313e-03   1.7643387e-14   8.4863585e-04   2.6921987e-04   2.7356059e-03   2.8489963e-04   5.6387514e-26   2.0741039e-32   1.3881736e-06
   1.0639803e-05   3.4000650e-03   1.6288433e-52   6.3666990e-04   2.7379978e-04   8.9503750e-03   1.3739581e-04   1.6250611e-28   1.4248169e-26   1.1250063e-08
   5.7826658e-06   2.6238941e-03   2.4101522e-12   4.6731045e-04   2.8840129e-04   3.7750263e-07   1.8353392e-04   7.4707689e-27   2.1179229e-22   2.6810293e-20
   2.9806570e-05   3.9247678e-03   7.4875102e-07   8.4210456e-04   2.5016960e-04   7.5116596e-36   2.2588050e-04   1.6802368e-21   4.1811632e-20   3.5905436e-27
   8.8638997e-05   3.0956759e-03   7.6418307e-04   1.1605013e-03   2.1491203e-04   4.1726214e-50   2.0569033e-04   8.5992797e-17   2.2566614e-28   7.6355069e-20
   7.9696316e-05   3.1506689e-03   5.5963460e-04   5.8673699e-04   1.8977119e-04   3.7117718e-04   2.7485041e-04   6.1671307e-16   1.8001893e-18   3.6769055e-19
   2.8885229e-05   3.8960462e-03   3.7431287e-04   5.5221025e-04   2.1542568e-04   7.7537728e-04   2.6747855e-04   8.1698159e-21   4.2497539e-19   1.3984489e-13
   1.7841643e-05   3.4705248e-03   3.9257463e-06   8.7688519e-04   2.2383095e-04   2.8438803e-05   2.5749639e-04   1.3737701e-21   3.9899578e-19   3.2188080e-17
   1.9914538e-05   3.8111859e-03   1.0014764e-08   9.1931049e-04   2.3265045e-04   2.7760909e-10   2.3230744e-04   8.1112636e-20   3.2354323e-15   9.4447115e-25
   6.8585785e-05   4.2482561e-03   3.5590144e-11   6.5243205e-04   2.0790409e-04   6.2404672e-07   2.3402765e-04   1.5701803e-20   2.2680599e-19   2.2318249e-14
   4.8449154e-05   3.5526789e-03   1.0339082e-08   5.2079731e-04   2.6452164e-04   4.6722500e-11   2.3086947e-04   2.7883261e-22   4.3786981e-22   3.5603038e-29
   8.6821681e-05   3.5915737e-03   4.2120392e-04   6.7144326e-04   2.7145357e-04   2.5487753e-50   9.8860873e-05   1.6330972e-16   1.9233896e-16   4.6520843e-20
   7.4489077e-05   4.0885312e-03   1.7972040e-04   8.6299766e-04   2.4786272e-04   7.8740740e-26   4.9769197e-05   3.4957059e-20   1.7878217e-13   1.0133053e-08
   6.9169959e-05   3.4765289e-03   2.7386366e-04   1.1608212e-03   2.3505717e-04   6.3482450e-48   3.9030617e-05   9.3087868e-23   3.2510330e-10   7.3979347e-15
   7.3536347e-05   4.0050408e-03   2.0192749e-04   5.3111819e-04   2.1600258e-04   1.1512884e-11   5.7780419e-05   3.3365054e-19   2.9445203e-22   2.0464497e-29
   6.7223304e-05   4.5740797e-03   6.1801066e-19   6.9115689e-04   2.0788941e-04   5.0852456e-04   9.5858411e-05   1.2960936e-21   1.8749878e-30   4.3599410e-11
   1.4822497e-04   3.0936938e-03   1.0381649e-10   9.5968239e-04   1.6221538e-04   8.6810441e-17   8.5169864e-05   1.9761619e-25   6.4513022e-16   9.4319884e-12
   9.3602751e-05   2.7282039e-03   1.6085652e-30   1.4427608e-03   1.7785832e-04   2.7803414e-06   5.0697336e-05   5.7408507e-19   1.9176620e-17   2.4621450e-42
   3.6616085e-05   3.4108487e-03   1.0179231e-45   1.2027834e-03   2.3335545e-04   1.6162399e-05   7.6571764e-05   2.5033596e-13   1.2752744e-24   5.9606567e-33
   1.0330076e-04   2.9777990e-03   3.3785789e-44   8.3335660e-04   2.3867968e-04   4.1519518e-30   6.1393626e-05   4.0765057e-08   7.9174192e-08   4.9166202e-24
   5.6328793e-05   2.8877082e-03   4.6316470e-37   7.1365725e-04   2.6386453e-04   1.1366956e-06   3.4605015e-05   7.0021791e-11   2.6849669e-11   3.5458468e-25
   5.3869136e-05   2.8413176e-03   9.9196551e-36   9.7639617e-04   2.2978165e-04   5.4910934e-04   2.5822231e-05   1.7826580e-10   3.8399915e-29   6.5045095e-12
   5.9050878e-05   2.9180487e-03   8.1702622e-53   7.5478891e-04   2.3024428e-04   1.2856229e-03   4.3029537e-05   2.8061682e-08   1.9539358e-22   3.1203648e-11
   3.7440785e-05   2.7479949e-03   1.1493348e-49   9.4777153e-04   2.0614139e-04   1.1291980e-02   5.6163394e-05   2.1217237e-11   1.3024508e-09   1.7305953e-24
   9.7505550e-05   3.3572272e-03   2.0740693e-37   1.0565608e-03   1.6280426e-04   5.2534240e-03   5.7550584e-05   3.0312694e-13   1.1051496e-05   3.8909297e-07
   8.4816195e-05   3.8801774e-03   2.3500222e-32   1.0302006e-03   1.2818764e-04   6.5329748e-36   7.9179495e-05   1.0427528e-11   1.4459015e-11   1.1954195e-05
   1.5374059e-04   2.6014057e-03   2.2461431e-37   1.0420522e-03   9.2884868e-05   3.3263936e-31   9.6690227e-05   3.2654918e-16   7.7817322e-08   1.0962517e-07
   1.2556034e-04   2.1745803e-03   8.1164247e-34   1.0812280e-03   1.1050443e-04   2.7710642e-04   7.1681101e-05   5.8022108e-21   6.1745541e-18   5.7129930e-20
   9.1232745e-05   3.6008670e-03   7.6880713e-42   1.5034171e-03   1.4687414e-04   1.8874925e-10   5.8619017e-05   2.2705265e-11   4.7598093e-09   4.3704441e-12
   5.9293411e-05   5.2037687e-03   7.8583289e-20   1.7601438e-03   1.2669723e-04   6.7728240e-12   6.3022526e-05   3.0337801e-11   1.8920315e-16   3.1995606e-08
   5.4973086e-05   5.8662230e-03   3.4103254e-30   1.6161216e-03   1.1657717e-04   1.1296676e-19   6.2087975e-05   9.8827494e-08   1.3871808e-19   5.9457355e-06
   5.4320825e-05   5.6552248e-03   1.1188983e-28   1.2357121e-03   1.1023518e-04   3.3449944e-78   6.0434738e-05   1.1520277e-05   1.5362066e-14   1.5975259e-05
   7.6367839e-05   5.5758460e-03   1.7471217e-19   1.0055499e-03   1.2552320e-04   4.3152744e-03   7.0126859e-05   7.6081516e-07   2.2975337e-19   1.6720193e-09
   9.1387644e-05   4.8628339e-03   1.8478703e-32   6.5164098e-04   1.2531814e-04   1.5185089e-02   8.5900683e-05   5.4363296e-08   3.8507217e-17   2.7551961e-15
   7.0702293e-05   4.5819768e-03   2.7037328e-42   6.9385211e-04   9.8338010e-05   2.6134348e-03   8.7189344e-05   1.9929614e-15   2.1160027e-15   2.1317326e-14
   8.8313955e-05   3.5716934e-03   2.3313119e-20   4.6762650e-04   1.0758987e-04   7.1371551e-14   9.8295635e-05   5.4055774e-17   9.5776710e-22   5.1713149e-12
   5.8714842e-05   6.1697153e-03   2.0950565e-22   4.3768200e-04   9.1241230e-05   1.5448139e-12   8.6977383e-05   3.7630759e-16   6.4078007e-27   1.7431950e-07
   5.0329345e-05   7.3140578e-03   9.1092634e-31   7.9713655e-04   7.6942912e-05   1.8847946e-44   8.3314725e-05   3.3962332e-13   2.5448227e-05   6.2106742e-06
   8.1203461e-05   6.5797764e-03   9.9700364e-57   9.1135921e-04   6.0808535e-05   2.1854254e-14   8.6162054e-05   1.4886253e-08   8.7712232e-05   4.0819950e-08
   8.1145214e-05   6.5130138e-03   1.9101058e-44   6.5106250e-04   6.4098010e-05   6.3894378e-03   9.1512850e-05   9.2057039e-19   8.5382568e-05   8.4665158e-21
   7.7321458e-05   6.7910505e-03   5.4031223e-24   7.8945914e-04   1.1139108e-04   6.6643187e-05   8.6844449e-05   3.3823981e-11   1.1713232e-04   7.8336938e-06
   7.3599410e-05   3.3640392e-03   1.4740571e-23   1.1863954e-03   1.0890304e-04   2.0652808e-50   1.0881498e-04   7.2194952e-06   4.0045873e-05   3.4597705e-10
   7.0157696e-05   4.4862369e-03   3.6768116e-39   7.1117557e-04   1.0146705e-04   5.0424847e-11   1.1736893e-04   7.2601422e-06   6.5257912e-31   3.7051799e-10
   1.1809196e-04   4.0366287e-03   1.4930779e-39   1.2385678e-03   1.1045364e-04   2.9106959e-15   1.2930968e-04   1.5324923e-05   2.8683699e-11   3.1798001e-06
   9.9344750e-05   6.5194000e-03   6.6284631e-50   9.4827837e-04   1.0799994e-04   2.4250269e-39   1.1172941e-04   3.2530201e-08   2.8500929e-09   1.0764641e-06
   1.0623626e-04   8.3037425e-03   9.8746714e-18   9.8184767e-04   9.0837571e-05   1.3541180e-39   9.3510564e-05   9.0426779e-09   4.2215020e-08   6.4383456e-06
   7.9008429e-05   6.0515055e-03   2.5691184e-12   1.2606301e-03   9.8723193e-05   7.5439639e-51   9.4830316e-05   1.5241471e-10   1.1437659e-04   8.4606994e-06
   7.8492332e-05   4.2128577e-03   1.1121974e-25   1.4767651e-03   1.1724002e-04   1.2664973e-06   9.0294930e-05   1.1678607e-12   1.2186707e-04   3.8073228e-07
   1.3367434e-04   3.7279366e-03   5.9054851e-25   2.3509932e-03   1.6715197e-04   9.9584936e-03   9.8597923e-05   2.1722334e-15   2.1963318e-27   1.6786869e-10
   1.4086555e-04   6.1114537e-03   2.1110359e-37   1.8826435e-03   1.2175673e-04   5.8005771e-09   9.1968823e-05   1.7513474e-07   1.9112872e-13   1.6249138e-20
   9.0839814e-05   5.6700933e-03   7.1593487e-13   1.6017296e-03   1.0655633e-04   1.2657546e-47   1.5006396e-04   2.5528287e-07   1.1265863e-06   7.0586004e-06
   1.0644186e-04   7.8191377e-03   5.5109694e-04   1.0295758e-03   1.1288947e-04   5.7816270e-20   1.4820943e-04   3.8377629e-19   1.1342108e-18   1.8167761e-15
   9.3890867e-05   1.0167086e-02   2.9746106e-04   1.3056949e-03   1.2134245e-04   8.3796032e-04   1.0359590e-04   4.0740737e-12   3.8139554e-14   2.2102087e-14
   8.1418532e-05   9.6802735e-03   2.5496210e-22   1.4984037e-03   1.5174343e-04   1.4729087e-03   1.3228552e-04   1.8030605e-23   3.3529072e-12   1.5200802e-20
   8.0653964e-05   7.4629931e-03   5.5045420e-10   1.8286488e-03   1.7246196e-04   1.2881478e-02   1.4717548e-04   1.3127880e-11   1.7220071e-06   2.3355485e-25
   1.9136902e-04   6.5593740e-03   1.1781042e-14   1.6908697e-03   1.6094700e-04   1.2544703e-02   1.5294737e-04   7.1366090e-14   2.1182184e-07   6.2472443e-19
   1.8913547e-04   4.7651807e-03   2.4960217e-14   1.5095369e-03   1.4934240e-04   1.0333764e-03   1.5640117e-04   6.2411007e-09   2.4366627e-14   3.6880634e-11
   1.1792692e-04   4.9287637e-03   2.7278389e-14   2.3936021e-03   9.9672886e-05   2.4263253e-02   2.0045243e-04   3.5727380e-05   3.2638373e-05   2.5814619e-16
   1.4713361e-04   5.7710869e-03   3.1756747e-20   3.0524845e-03   1.1721956e-04   4.4092538e-02   2.2251926e-04   6.9280676e-05   7.6000476e-11   5.5406894e-20
   1.1878138e-04   8.4057695e-03   3.9480498e-04   2.2612217e-03   1.5472423e-04   3.8318211e-02   2.2099407e-04   2.0069948e-06   3.3134534e-05   3.5868590e-24
   1.1266735e-04   8.1212437e-03   2.4339002e-04   2.0254012e-03   1.4993976e-04   2.2499388e-02   2.5483380e-04   3.0285662e-15   1.1441947e-13   8.1920507e-18
   1.0151116e-04   1.0928461e-02   2.3365472e-14   1.8841129e-03   1.1662911e-04   7.2240297e-04   2.2043677e-04   7.9065640e-16   8.9930872e-14   1.3254294e-20
   6.7396423e-05   8.0943523e-03   1.1120411e-09   2.4015219e-03   2.1573248e-04   2.6971704e-14   1.4677295e-04   5.4917185e-10   8.8627740e-12   7.8979759e-17
   4.7929266e-05   6.7239188e-03   4.8204479e-20   2.0835336e-03   2.3516664e-04   1.6065856e-05   1.9117251e-04   3.1310903e-07   1.1568071e-04   4.4692469e-13
   7.0155421e-05   6.7480446e-03   4.7781018e-26   1.6159193e-03   1.5873335e-04   2.6363086e-04   1.9224298e-04   3.2965312e-06   3.6916539e-06   1.7986825e-09
   1.2767692e-04   8.9903643e-03   2.1177302e-20   1.5491982e-03   8.5272289e-05   9.9894736e-03   2.1871714e-04   2.1746297e-05   4.4652705e-25   6.2514327e-06
   7.4732169e-05   9.8609420e-03   6.6943465e-25   2.0220749e-03   1.3086427e-04   7.9212561e-03   2.0386728e-04   2.7745752e-11   2.8095023e-17   2.0658458e-10
   3.4624128e-05   1.1512991e-02   5.0417798e-14   1.5203863e-03   1.4931158e-04   2.2612276e-09   2.1098107e-04   2.1000729e-12   2.3467421e-05   9.7153373e-18
   5.5325723e-05   1.0682687e-02   1.9894636e-04   8.3162501e-04   1.7667774e-04   8.1648481e-03   1.4346408e-04   2.7982360e-08   2.1013688e-05   9.7198546e-16
   4.0831074e-05   9.7089163e-03   3.1479221e-04   3.6106798e-04   2.0328805e-04   4.7975133e-02   1.8849901e-04   7.5444114e-05   1.8985829e-28   5.0765502e-16
   7.6225102e-05   9.4564109e-03   9.5639559e-05   1.8933911e-03   1.6472030e-04   4.0184417e-02   2.4787113e-04   1.1667642e-08   3.4519696e-24   6.7868648e-19
   3.7665642e-05   7.2893934e-03   1.4883263e-23   2.9960125e-03   1.4088038e-04   3.2388648e-07   2.6503426e-04   8.9966127e-05   1.9931174e-10   4.6451666e-25
   4.5264840e-05   8.7888492e-03   6.2573993e-04   1.7980314e-03   1.4787654e-04   1.5716205e-10   1.9095498e-04   1.2642571e-05   2.5201774e-11   2.1668062e-35
   1.6635284e-05   7.8828301e-03   6.0446542e-04   1.7407770e-03   1.8731881e-04   1.2192865e-02   1.4032457e-04   3.1043450e-05   1.5655964e-27   1.1651229e-29
   4.4141071e-05   8.5994397e-03   1.7733571e-16   1.2647607e-03   1.8771291e-04   3.7513283e-02   2.5088830e-04   3.2540859e-09   1.0655852e-23   4.8107142e-30
   6.8926758e-05   8.3170680e-03   3.1462367e-05   5.7569570e-04   1.5113386e-04   5.2729733e-02   3.3168105e-04   6.6987606e-09   9.9211544e-12   6.4023319e-34
   1.0230798e-04   7.5467577e-03   1.5377944e-04   6.5295354e-04   1.3726716e-04   3.4217791e-02   3.0784505e-04   8.1178879e-05   1.1800287e-23   4.1506674e-30
   6.0432980e-05   6.5302372e-03   2.4511355e-12   1.2705977e-03   1.6498726e-04   1.8646849e-02   3.6354111e-04   7.2160470e-05   1.4724280e-13   2.3405379e-19
   3.0116892e-05   6.9033094e-03   1.5560857e-07   1.2602176e-03   1.6585019e-04   4.3960451e-11   4.0303715e-04   3.7784194e-05   8.8530015e-15   3.0104902e-23
   5.8098965e-05   7.7704748e-03   1.2166951e-19   8.9171510e-04   1.6546987e-04   6.0675004e-75   4.0455406e-04   4.0156944e-06   2.0637930e-07   1.3702994e-28
   4.7986324e-05   5.5688399e-03   8.2198107e-04   1.0527113e-03   1.5446184e-04   8.6801218e-33   2.4776168e-04   9.0172856e-08   5.2709018e-05   4.5286008e-18
   5.1384609e-05   3.1934143e-03   1.0125139e-03   1.9572755e-03   1.7840158e-04   7.9463941e-09   2.6104102e-04   1.3051965e-16   5.5646699e-14   4.5689014e-17
   9.0493798e-05   2.6958593e-03   5.4480144e-04   1.4468382e-03   1.6249903e-04   4.5097314e-16   1.6468596e-04   3.1436381e-21   2.0892128e-08   9.7311187e-29
   1.1621617e-04   3.8393178e-03   5.1856183e-04   1.4713224e-03   1.1187225e-04   6.6288359e-27   1.5580979e-04   3.4065090e-17   4.6460794e-06   2.1943717e-21
   1.0252918e-04   5.2167892e-03   8.9634346e-04   1.3562204e-03   1.1935970e-04   3.5202944e-22   1.5745079e-04   3.4944663e-17   4.7608051e-05   2.2315332e-18
   1.3635124e-04   4.7306953e-03   6.8816127e-04   5.2446281e-04   1.3308780e-04   2.0758998e-26   1.6849997e-04   1.0136781e-12   2.6711771e-05   1.2965643e-17
   5.7318148e-05   3.4983927e-03   2.3457104e-12   7.9763095e-04   1.8602125e-04   9.5760946e-11   1.3892381e-04   6.9646916e-15   3.5652383e-34   3.0076697e-37
   6.8759803e-05   2.7227701e-03   2.2337908e-04   6.1584671e-04   2.1845765e-04   2.9625944e-08   1.5644825e-04   1.8923831e-10   4.4159247e-26   5.3350059e-43
   6.9696400e-05   4.2431038e-03   1.6512782e-07   7.1311609e-04   2.1370771e-04   6.2970950e-27   2.0968795e-04   2.6641145e-06   9.0736311e-20   1.4282982e-35
   1.6710209e-04   4.3653052e-03   1.1815699e-04   8.7409463e-04   1.5538093e-04   4.6055439e-04   1.1154295e-04   7.6281527e-13   2.0204788e-14   1.5486876e-20
   1.6628256e-04   3.7557657e-03   9.7519428e-17   7.1897100e-04   1.6693567e-04   9.0223020e-03   1.9254156e-04   6.5317866e-07   9.8700026e-19   1.3412806e-36
   1.0730174e-04   4.9506628e-03   2.5148737e-31   8.1119365e-04   1.6809993e-04   1.5763779e-04   1.6671138e-04   2.3906487e-04   3.1440998e-18   2.0674716e-31
   5.1975086e-05   5.6019023e-03   4.8220113e-13   4.7252252e-04   1.9617490e-04   1.8299014e-29   1.4986689e-04   2.5010059e-06   4.7085274e-13   3.1222787e-28
   4.6745032e-05   5.2383490e-03   5.9822479e-04   7.3091247e-04   1.8678996e-04   4.2169460e-45   6.9264258e-05   2.8997280e-19   2.5457838e-27   9.0011976e-26
   4.7630484e-05   5.7768400e-03   3.5967894e-04   8.3847261e-04   1.5128915e-04   7.0918810e-53   5.8612387e-05   5.5032562e-11   5.2183829e-21   1.7075127e-20
   1.9809602e-05   4.2655182e-03   3.4272553e-20   6.8850688e-04   1.8033639e-04   3.7302405e-24   1.3625932e-04   1.7355877e-04   1.5592529e-20   8.5619207e-21
   3.3311458e-05   3.6569048e-03   3.3649645e-20   6.9183623e-04   1.8818863e-04   2.0351017e-03   1.4418246e-04   5.4020630e-04   6.4576061e-24   5.8334581e-29
   8.7574721e-05   3.8481525e-03   3.5516126e-21   9.5110009e-04   1.4654980e-04   2.1803988e-03   9.8970565e-05   4.4105781e-04   1.1970509e-15   1.9530820e-30
   1.1256187e-04   3.3950905e-03   2.8760259e-38   1.2252023e-03   1.1374160e-04   4.6662649e-04   8.2257438e-05   4.6899178e-07   3.9917839e-05   1.5012864e-22
   1.2368928e-04   5.6956718e-03   9.4383172e-18   8.2328189e-04   1.1324894e-04   2.3589397e-12   9.0392775e-05   3.2388000e-08   2.7517151e-05   1.6273935e-37
   4.3009182e-05   6.7785110e-03   5.1694763e-04   7.0863713e-04   1.4396927e-04   1.0197997e-18   5.9569923e-05   8.6306515e-11   1.6740813e-06   2.0778426e-34
   2.1894848e-05   5.1358976e-03   2.5663992e-04   8.4941547e-04   1.3561935e-04   8.2951475e-97   7.8140808e-05   4.3214941e-08   3.1835103e-17   1.0159129e-28
   4.0730925e-05   4.4304262e-03   3.4371166e-07   8.2722650e-04   1.0586087e-04   1.8886440e-03   1.2744410e-04   2.2325290e-06   4.6836112e-05   6.5609602e-34
   5.7253544e-05   5.4173129e-03   1.2185883e-29   4.1829977e-04   1.0366834e-04   8.7457935e-04   6.9405945e-05   4.6506043e-12   3.5497678e-05   1.2583841e-26
   1.1377101e-04   4.9864110e-03   1.1816636e-06   4.1041008e-04   1.1949871e-04   5.7758072e-10   2.5657001e-05   3.5839922e-15   1.5444309e-21   2.5375106e-14
   7.6952420e-05   4.0965971e-03   8.8597302e-08   7.4002692e-04   1.4002763e-04   1.0467668e-03   5.4183367e-05   4.4506526e-10   1.4702949e-09   3.3836334e-36
   8.4201979e-05   3.9742508e-03   6.6936149e-05   5.7800155e-04   1.4707485e-04   9.9795086e-04   4.0805650e-05   1.2885176e-12   5.6932791e-05   7.9999746e-34
   1.3774372e-04   4.3675115e-03   7.1425784e-27   2.3888342e-04   1.0572901e-04   2.4220377e-20   3.8279264e-05   6.8933627e-19   2.1069305e-04   2.1353454e-26
   2.4736821e-04   3.1335165e-03   5.9851990e-17   7.1010247e-04   1.3460051e-04   2.3468723e-56   4.3055583e-05   2.5160457e-15   2.4438085e-05   1.5425491e-39
   1.3843226e-04   2.9591658e-03   1.1097030e-08   5.4909005e-04   1.5160378e-04   3.4300869e-06   3.1545894e-05   1.0876146e-12   1.9270729e-12   4.6973334e-25
   2.4716580e-05   4.2267759e-03   9.3484649e-05   5.7010457e-04   1.4998016e-04   1.6655321e-03   1.1874952e-05   1.6182384e-13   3.8973241e-17   1.1821960e-13
   9.3331767e-05   4.4345046e-03   1.2512732e-04   3.3685333e-04   1.1678892e-04   1.7526325e-03   1.6570630e-05   1.5565582e-22   5.7565210e-18   1.1678657e-18
   1.2648424e-04   4.4014420e-03   1.2890667e-04   6.1549852e-04   1.0920072e-04   5.1951025e-03   3.1829510e-05   2.3078442e-07   4.6900388e-18   5.3814663e-17
   1.4443613e-04   4.9663996e-03   3.6408109e-11   6.4340240e-04   1.3962148e-04   5.1129741e-03   3.2704492e-05   1.9610952e-06   6.3924171e-20   3.4451502e-23
   2.1083829e-04   4.4525059e-03   8.7252182e-21   5.0844171e-04   1.4094871e-04   1.7947220e-13   3.8329807e-05   1.1931048e-09   1.2760086e-14   1.5326971e-13
   2.5495090e-04   3.3730675e-03   1.1160171e-04   5.8239120e-04   1.2523993e-04   2.6959410e-21   4.7499533e-05   2.7249319e-14   4.5116744e-11   8.9077109e-13
   1.2803452e-04   3.4018709e-03   2.5809748e-04   6.2465542e-04   1.4241675e-04   1.6735905e-04   2.3022907e-05   4.7256350e-13   4.9415220e-06   1.3549145e-27
   1.5125512e-04   3.2580589e-03   2.0902442e-04   7.9856359e-04   1.2687297e-04   1.6173032e-12   2.2645019e-05   1.1122295e-16   7.4040456e-06   6.3163052e-18
   1.1411980e-04   3.8557855e-03   7.1262144e-05   6.3031789e-04   1.1477344e-04   1.0944205e-18   1.8285294e-05   4.9276325e-22   3.4186706e-06   3.6614548e-24
   9.1018080e-05   3.6370022e-03   9.4714539e-05   4.9973064e-04   1.0908493e-04   1.6910327e-37   2.0128472e-05   4.8281457e-15   1.9006134e-12   3.5761641e-28
   1.3855792e-04   2.7229652e-03   1.9259984e-04   6.1136883e-04   1.0834508e-04   3.2299186e-12   2.4078978e-05   1.8310916e-25   1.0328879e-32   1.3985123e-17
   1.4311767e-04   2.8315346e-03   1.7971866e-04   4.6324121e-04   1.0885370e-04   5.0566109e-03   3.2212183e-05   2.5615508e-22   1.3080738e-23   2.3955855e-15
   2.4877297e-04   4.5810175e-03   9.3207573e-05   4.5214142e-04   7.0103618e-05   4.5816762e-03   1.7354864e-05   1.9705065e-19   1.2966516e-06   1.1387625e-23
   3.0674589e-04   4.5215938e-03   1.0286669e-04   5.9880001e-04   6.2075821e-05   8.0573295e-03   2.0177901e-05   5.4734290e-12   8.2874718e-06   1.6952719e-14
   2.4586679e-04   4.1271667e-03   2.6834841e-15   6.1885669e-04   6.1689545e-05   1.7174717e-02   2.7174972e-05   5.5326828e-12   5.3024254e-11   7.7135647e-14
   1.0481800e-04   2.8035250e-03   5.8744806e-05   6.7239779e-04   6.3315327e-05   2.4418935e-02   1.8332694e-05   2.8102353e-08   9.8696668e-07   4.3758805e-07
   7.5683026e-05   2.5517467e-03   6.1836381e-05   5.7334355e-04   6.7646656e-05   1.5744102e-02   2.2886901e-05   4.6566872e-07   2.2205681e-06   4.6504577e-19
   1.0544720e-04   3.0276376e-03   4.7907942e-19   4.4462055e-04   5.9429509e-05   6.3185328e-15   2.1762594e-05   1.0085779e-10   5.8444430e-08   4.5865747e-13
   1.2695927e-04   4.8331377e-03   1.7061805e-16   4.2641429e-04   4.7584929e-05   4.4540488e-23   1.7746753e-05   1.0953096e-31   5.5211390e-22   4.9708703e-38
   1.3660300e-04   5.1632385e-03   8.5898141e-19   4.6622434e-04   5.5793347e-05   5.5072960e-03   2.4199673e-05   4.9902891e-25   5.0409916e-07   2.2163403e-07
   1.8057578e-04   3.3059962e-03   2.7810924e-14   3.7532516e-04   7.1720648e-05   9.0375703e-03   2.5562801e-05   4.7491504e-25   6.8472513e-06   8.7423174e-12
   1.6632957e-04   3.5406736e-03   3.8238280e-05   6.7052285e-04   5.6089079e-05   3.5650162e-14   1.2972928e-05   2.7431079e-19   1.4254052e-15   3.1542745e-07
   1.0305249e-04   4.2412610e-03   7.2495553e-20   3.7789643e-04   6.8350148e-05   9.7974339e-57   1.2125479e-05   1.7169319e-17   2.1249480e-06   1.6569746e-09
   4.9034516e-05   4.3026059e-03   2.4454502e-21   6.2121207e-04   4.7296802e-05   7.2514556e-60   1.3146057e-05   3.7329023e-12   1.1678895e-04   6.2242557e-08
   6.2726388e-05   4.5490823e-03   1.0246326e-06   4.8984484e-04   4.8067721e-05   6.4880529e-32   2.0244825e-05   7.2653954e-19   2.4643482e-05   5.5051210e-09
   7.8238209e-05   4.5224640e-03   8.7930360e-05   2.3283726e-04   5.6305982e-05   6.5827350e-26   9.2019170e-06   4.8646990e-25   2.5041292e-08   5.8530037e-23
   6.9935878e-05   3.7942236e-03   9.5229208e-05   2.1160385e-04   6.1524812e-05   8.7124180e-27   7.8967595e-06   1.0460760e-18   2.2520215e-21   4.4063244e-14
   8.4306836e-05   3.4915128e-03   3.0997114e-15   1.8176688e-04   5.6649479e-05   1.5056107e-12   1.7832590e-05   1.1912838e-21   6.1771027e-06   1.9921786e-20
   8.3237518e-05   3.4400255e-03   3.5702331e-05   6.3330385e-05   4.9386896e-05   1.0644852e-03   1.3217609e-05   3.2655850e-21   6.4324407e-24   2.3950348e-14
   8.2070569e-05   3.0563046e-03   2.8161948e-05   1.2681783e-04   4.2346574e-05   6.7479821e-03   1.3574622e-05   2.6206649e-22   5.2560109e-05   1.2080587e-08
   7.0685316e-05   2.8123903e-03   1.6747405e-05   2.6691040e-04   4.5118214e-05   5.2621252e-03   1.6085259e-05   2.0948180e-19   2.5539849e-05   2.6772771e-14
   3.6161440e-05   2.7744974e-03   1.3869809e-16   2.6180572e-04   4.3908814e-05   2.6526407e-05   1.8645073e-05   2.1828174e-13   5.2030287e-06   1.4169152e-08
   2.9603077e-05   2.4728474e-03   2.7082291e-08   1.8236613e-04   3.4056967e-05   4.0506360e-50   1.6065313e-05   2.4292410e-12   2.6545143e-05   2.5506754e-09
   3.9592606e-05   2.9960821e-03   2.9963230e-05   8.0476461e-05   5.5359775e-05   3.6681856e-35   1.2766967e-05   2.8806637e-22   8.2074292e-06   2.1573341e-18
   7.8996287e-05   3.4703912e-03   2.0130941e-19   1.1805603e-04   6.1810214e-05   2.1950404e-26   1.4104573e-05   3.8709026e-27   1.4078937e-18   2.9344266e-30
   7.3379429e-05   3.1093027e-03   7.1268329e-19   6.8512326e-05   5.4691225e-05   3.3801735e-03   1.5747332e-05   3.3298382e-23   1.9606702e-05   6.5894924e-18
   4.0325371e-05   2.5743517e-03   6.0488478e-18   1.6880849e-04   2.3544562e-05   8.4009952e-03   1.8422529e-05   1.3843417e-17   4.4147688e-05   4.6769909e-07
   2.6803322e-05   1.8876380e-03   7.6810219e-14   1.2630118e-04   3.6936386e-05   6.2894483e-03   1.5495639e-05   3.4947350e-15   1.2527206e-12   2.0252645e-13
   4.9828704e-05   1.7049279e-03   1.0718823e-28   7.0715963e-05   5.0537504e-05   1.8477315e-03   1.1315278e-05   3.0145347e-10   4.7462023e-08   4.2040624e-10
   1.8939976e-05   2.0799087e-03   2.4191257e-14   7.7427396e-05   4.9613571e-05   1.1495849e-19   1.1146017e-05   5.0497258e-17   1.5075470e-05   2.8100063e-14
   7.5355396e-05   1.7544187e-03   5.4944671e-25   9.7386167e-05   3.3395296e-05   1.0645691e-27   1.1720131e-05   3.7898523e-25   3.7552646e-05   1.5064259e-06
   1.1472393e-04   1.1308332e-03   1.4405319e-19   8.7461451e-05   4.9784949e-05   4.7550036e-06   9.7430111e-06   1.7143985e-23   1.5679115e-14   9.7635869e-09
   9.5412805e-05   9.3392403e-04   3.4327446e-13   1.2211354e-04   5.6438428e-05   7.7852023e-04   1.2663879e-05   1.2731881e-15   3.6160535e-14   7.6625460e-15
   6.5039858e-05   1.5080702e-03   2.1851477e-11   1.1346359e-04   6.1401092e-05   3.2084090e-04   9.9240653e-06   5.4429149e-23   1.8114473e-05   2.8355698e-11
   5.3403041e-05   2.2030733e-03   2.3872274e-23   1.1313286e-04   5.6619862e-05   1.0169966e-14   9.5142443e-06   2.2570472e-12   2.0406673e-08   1.2421468e-14
   3.9333862e-05   1.7541863e-03   8.2513274e-33   1.2945242e-04   4.7872590e-05   1.0325461e-29   1.3041323e-05   1.1762689e-12   3.4174792e-17   2.0145686e-18
   3.3546870e-05   2.2278847e-03   1.9700412e-05   1.0758820e-04   5.1004716e-05   9.0502675e-21   8.5215322e-06   4.1876324e-15   1.9574183e-05   2.0166455e-09
   2.2446936e-05   3.2098312e-03   5.2227549e-05   9.2889687e-05   2.2406166e-05   1.5268124e-20   9.0212743e-06   6.4699943e-21   1.4907399e-05   2.2457483e-05
   1.4393529e-05   3.3446511e-03   4.0505461e-16   4.8624613e-05   4.8493644e-05   3.7913686e-29   1.2264788e-05   2.2588931e-23   8.0781412e-15   1.0187948e-05
   2.5838349e-05   2.9244822e-03   1.3765060e-28   8.0096353e-05   3.4344178e-05   5.0326479e-22   1.5413660e-05   2.1484420e-26   7.6862252e-06   1.0551463e-05
   4.4163870e-05   1.8995112e-03   1.1080529e-18   1.0609107e-04   1.8208350e-05   2.5457433e-09   1.2863595e-05   1.1316004e-28   2.0709700e-05   6.4288370e-06
