   1.5132499e-03   6.9032399e-04   2.2959480e-04   2.0413916e-04   8.5551728e-04   5.2487533e-03   4.2335207e-06   2.6289503e-04   1.1146133e-04   1.5450807e-04
   1.4758540e-03   8.0706971e-04   2.5433064e-04   1.2197123e-04   8.3398028e-04   6.9775341e-03   6.1438082e-06   1.7184484e-04   2.5499195e-04   1.7838215e-04
   1.1499586e-03   5.5701745e-04   3.6607049e-05   1.3385123e-04   3.8856572e-04   5.7031772e-03   1.6654801e-10   2.7158619e-04   1.6876327e-04   1.3236345e-04
   7.0554051e-04   4.4659738e-04   9.8716472e-06   7.8724554e-05   6.4036315e-12   3.1001886e-03   3.4041376e-09   1.9619309e-04   9.4363006e-09   8.2437023e-05
   5.3794179e-04   3.6833865e-04   6.5794523e-05   8.6254863e-05   2.4481770e-17   3.0352049e-03   1.9909457e-12   8.4011651e-05   1.5141129e-05   3.7442879e-05
   4.3786700e-04   3.8365327e-04   1.9945673e-05   6.4175116e-05   2.1579393e-18   2.7970819e-03   6.7810447e-07   2.9408588e-06   3.8810282e-05   2.9356609e-05
   4.2557440e-04   4.8592427e-04   1.3805874e-06   9.4913539e-05   4.0708441e-12   2.4934274e-03   7.6656959e-06   3.0055378e-05   2.6694970e-05   8.2527359e-05
   4.6010755e-04   4.2564673e-04   3.3669311e-09   9.8715894e-05   3.3737320e-14   2.3660768e-03   3.5995088e-04   3.0705980e-05   2.3345347e-14   7.5095796e-05
   3.1898708e-04   4.0563488e-04   9.1557714e-07   6.7305514e-05   1.0844509e-22   2.8812028e-03   1.1649378e-03   2.5581295e-06   1.0288482e-09   2.3921605e-05
   4.5190150e-04   4.4797151e-04   4.8026157e-10   9.2302157e-05   4.1591440e-13   3.8782057e-03   9.3106185e-04   7.9954543e-06   2.2316329e-26   4.1787406e-05
   5.8895921e-04   2.6626577e-04   9.9338010e-06   1.0579541e-04   8.1978688e-07   5.4454733e-03   8.3914477e-04   8.7101600e-05   1.2892352e-05   4.9123593e-05
   7.0841292e-04   1.7864908e-04   6.2526776e-08   1.4513420e-04   6.6362744e-05   1.0885090e-02   9.5905329e-04   1.3904971e-04   2.4000319e-05   3.0008221e-05
   9.8643894e-04   1.0291816e-04   2.1597890e-09   1.9056764e-04   1.0780767e-04   1.9962361e-02   7.0266517e-04   2.0789601e-04   5.9085849e-05   3.3861494e-05
   1.5311379e-03   7.9012569e-05   2.1423460e-06   1.7425515e-04   1.6969265e-04   2.8737118e-02   5.3085629e-04   3.8536154e-04   6.6199993e-05   6.3138370e-05
   2.1892368e-03   1.5375066e-04   4.4294727e-08   9.6352435e-05   6.8639298e-05   3.5010532e-02   4.2530417e-04   4.9437081e-04   2.3613020e-05   2.5376850e-05
   3.4982298e-03   1.4961638e-04   7.0505622e-05   1.8813503e-04   2.8595902e-05   4.7688550e-02   5.9423978e-04   3.1679778e-04   1.7918579e-04   6.8796128e-06
   7.7995804e-03   2.4035133e-04   1.8164716e-04   1.4951571e-04   8.1239532e-11   5.6294063e-02   4.6701384e-04   1.6120238e-04   4.5765113e-05   1.5345894e-05
   2.2449838e-02   5.2835276e-04   1.3600172e-05   5.0836367e-05   5.1723418e-08   4.6308493e-02   1.5150048e-07   4.2141089e-15   7.6763274e-05   1.2143600e-05
   5.6592225e-02   2.2177399e-04   1.0372373e-20   1.4135724e-04   3.4394062e-31   1.6879515e-02   1.6991262e-04   8.7254473e-09   4.5322012e-17   2.1076250e-04
   1.0543252e-01   1.8958804e-04   2.4497592e-14   6.1330258e-06   1.4788184e-28   9.0124132e-15   3.6980599e-08   2.0343028e-06   1.3261990e-51   1.9378652e-03
   1.4161659e-01   1.1877403e-23   2.6342352e-45   3.2683134e-31   9.3096605e-21   1.8863601e-35   1.1753015e-24   4.5581418e-04   2.1822031e-82   7.1434299e-03
   1.2319436e-01   8.7219331e-20   3.2980337e-19   1.8007097e-04   4.6001544e-17   4.7228212e-27   6.1857160e-20   1.5404185e-02   9.3848173e-62   5.1371957e-03
   6.4159881e-02   3.5239052e-04   8.1179420e-28   3.9391608e-03   7.4448474e-34   1.0359363e-06   7.1192939e-04   4.6755512e-02   7.8455274e-17   4.4596389e-04
   2.3310332e-02   7.4644013e-04   1.5630468e-15   2.2525697e-02   1.4523600e-45   6.5539903e-03   3.5372949e-03   3.4623670e-02   6.0825619e-30   1.3929638e-16
   1.5827785e-02   2.7045476e-04   7.9869896e-17   4.4505282e-02   1.3651241e-28   6.8199036e-03   1.4403372e-02   6.0720543e-03   4.3035648e-14   1.2631286e-18
   1.1656869e-02   4.5007858e-04   1.3201848e-02   3.5144818e-02   1.3559006e-45   6.4993789e-03   2.3702666e-02   1.0159223e-05   6.4007973e-04   3.9361419e-16
   6.1758052e-03   1.5060217e-03   1.6518663e-02   1.1224992e-02   3.0562252e-36   5.9363344e-03   6.2241934e-02   1.4489373e-06   1.0431788e-03   2.4839786e-06
   4.0283009e-03   2.2190551e-03   8.4738182e-03   3.4788542e-03   1.3757161e-32   9.4765940e-07   1.0696581e-01   8.5481416e-08   1.7614293e-03   3.9292402e-05
   2.6505212e-03   2.0322775e-03   2.4403503e-03   7.5752258e-04   9.2380446e-12   3.1798032e-03   9.3141140e-02   1.6247768e-09   3.1773186e-03   9.3612983e-05
   2.3266083e-03   2.5994618e-03   5.3411499e-06   5.4881925e-04   1.7770070e-11   6.2168646e-03   4.2045618e-02   4.1634154e-05   1.1310288e-02   9.7210026e-05
   2.2628013e-03   2.6828710e-03   2.2630312e-12   3.9836329e-04   2.3303998e-03   8.4627715e-03   1.9340041e-02   1.4151373e-05   2.1121548e-02   1.6272208e-04
   1.8185736e-03   2.5665915e-03   7.1409144e-19   2.3696483e-04   5.7857624e-03   1.1501977e-02   1.0209174e-02   1.3879410e-04   2.6011561e-02   1.1020921e-04
   2.2608542e-03   2.9175810e-03   7.3801391e-14   4.5469549e-04   6.8799196e-03   9.0632191e-03   4.6195138e-03   6.3422755e-07   3.7803540e-02   1.2713653e-04
   2.5152531e-03   3.8560115e-03   2.3903503e-09   4.9436568e-04   1.4870938e-02   7.9289782e-03   4.0061595e-04   2.9098514e-08   3.4720295e-02   9.0439992e-05
   4.0883429e-03   5.1052665e-03   9.1160235e-17   3.5125331e-04   2.4391453e-02   5.0518400e-03   3.2818236e-06   2.7415151e-12   2.4103957e-02   5.7362159e-05
   5.5301213e-03   6.8508529e-03   8.0397104e-22   1.3452369e-04   5.7474107e-02   5.0223307e-04   5.9147485e-11   1.9285231e-12   1.7805398e-02   5.9913781e-05
   7.5816988e-03   7.1465125e-03   5.8544382e-17   1.4598307e-04   6.6719694e-02   4.1916150e-12   9.5126059e-12   2.8949642e-15   1.1224400e-02   1.8328386e-04
   1.0041891e-02   4.7188396e-03   2.1614567e-24   3.0085994e-07   1.3059062e-01   2.0096230e-10   4.5746392e-13   4.3802436e-09   5.0089844e-03   4.3485972e-04
   1.9648158e-02   2.3675472e-03   3.1432326e-21   1.2960573e-04   1.5211102e-01   1.6826601e-17   7.4111940e-09   7.1041791e-05   4.0379825e-03   2.5837203e-03
   3.9397372e-02   7.5790954e-04   2.7453863e-36   6.9018494e-06   8.2199491e-02   1.1451249e-31   7.3948186e-19   1.7557122e-04   3.7399353e-18   1.3175826e-02
   4.1973900e-02   1.3810309e-04   1.3546455e-24   2.8886470e-07   3.0518519e-02   3.5555255e-37   1.9468260e-23   9.8779138e-04   5.9251596e-36   2.4695475e-02
   3.5160559e-02   8.3546027e-08   4.6270495e-19   1.2867102e-10   1.3731238e-02   6.7358898e-26   8.3531418e-22   9.0044525e-03   9.9599527e-42   2.4270529e-02
   2.3900891e-02   5.0648415e-04   1.0158851e-22   6.4645514e-04   2.1597892e-03   1.1779696e-14   7.9721355e-18   3.4160021e-02   1.3865077e-37   1.5614901e-02
   1.0239840e-02   1.2991015e-03   4.8158766e-10   2.2063446e-03   1.0593788e-03   1.9125697e-05   5.8056228e-17   6.7405025e-02   8.4331192e-12   4.5576177e-03
   5.1121710e-03   1.7415516e-03   1.0296885e-06   4.8204001e-03   7.8147403e-15   2.8338562e-08   2.8701194e-19   8.5743345e-02   1.1001434e-06   1.3277953e-03
   2.8739134e-03   1.5498080e-03   1.1875080e-18   9.1887507e-03   1.7078195e-14   1.7104341e-05   1.3639184e-13   8.0823976e-02   1.5788269e-04   7.1432077e-04
   1.8471531e-03   1.4776626e-03   1.0214846e-20   2.3807824e-02   1.2830738e-18   1.7042642e-08   6.2807384e-13   4.5362760e-02   1.5491916e-15   8.9885574e-04
   1.3082360e-03   1.6037744e-03   3.3817575e-11   5.3964800e-02   3.3411253e-13   1.6931688e-11   6.4756900e-04   1.0941309e-02   6.1898168e-22   1.1638147e-03
   1.1054158e-03   1.3540027e-05   2.9640509e-03   7.1987899e-02   1.5416337e-29   2.7431812e-16   3.3005776e-03   1.7059329e-03   7.4022969e-21   1.3082108e-03
   1.0522008e-03   1.3017951e-06   2.0212324e-02   4.9203317e-02   1.5254949e-34   4.1824840e-04   1.5780932e-03   8.3097088e-07   4.2406219e-41   1.0723897e-03
   7.9419517e-04   1.1110766e-03   4.8103185e-02   1.8145326e-02   3.0204455e-44   6.0506235e-05   1.4589106e-03   6.8936441e-06   3.1103382e-04   1.0708571e-03
   4.5203324e-04   2.1949458e-03   5.5799134e-02   9.0022313e-03   2.6595345e-47   3.1248888e-05   1.2910941e-03   6.4671822e-05   4.4679104e-18   1.0328529e-03
   3.3707791e-04   3.6370369e-03   4.7448516e-02   3.2979501e-03   1.4146142e-48   1.2347328e-11   1.7325210e-03   4.6172552e-05   3.1779707e-24   7.6606470e-04
   4.1946832e-04   5.0118253e-03   2.4944499e-02   2.6929914e-03   1.4800900e-38   1.0350876e-19   1.2240230e-02   3.2988321e-07   2.8156475e-35   8.1275206e-04
   2.6122340e-04   4.9242093e-03   8.1632539e-03   2.1098504e-03   2.4839281e-27   5.6029516e-26   3.1325721e-02   1.7017717e-11   9.7100395e-04   1.5730615e-03
   2.8414269e-05   4.0665455e-03   4.8687255e-09   1.8704870e-03   2.8797629e-21   3.0046979e-33   6.5267241e-02   4.4297013e-17   2.3057364e-03   2.0158380e-03
   1.7440491e-04   4.2964018e-03   1.4081505e-12   5.1080870e-04   6.8345118e-24   5.5230335e-28   7.4705971e-02   2.9326174e-27   2.4565471e-03   2.6915847e-03
   1.1233482e-03   4.0376479e-03   1.4125854e-15   5.6279995e-04   4.7858929e-20   6.5885858e-30   3.4711893e-02   4.2462080e-18   5.3128792e-03   5.3371388e-03
   1.6309961e-03   2.9218858e-03   3.3121243e-16   1.3740799e-04   4.0382958e-15   2.3962528e-30   9.4763380e-03   2.6747774e-22   1.3798824e-02   1.4202068e-02
   2.0106450e-03   8.8012857e-04   4.7877222e-06   3.4548177e-08   3.4870684e-12   2.7205253e-27   3.2470283e-11   2.3720877e-24   1.6285405e-02   3.1144469e-02
   7.4659532e-04   4.4907788e-12   7.5478177e-14   5.5544114e-13   2.1850969e-15   6.9845301e-29   2.9079133e-26   1.8462278e-21   1.7995989e-02   4.4411682e-02
   2.6238304e-04   9.9291636e-08   6.2465297e-13   7.1185786e-14   6.3335477e-13   4.0398974e-26   1.6661089e-22   2.6442817e-10   2.9532742e-02   4.0190073e-02
   4.5008243e-07   1.1461684e-12   2.0242403e-23   6.3027620e-19   4.3809676e-39   5.5120731e-26   3.9627492e-27   4.7428986e-06   3.5794415e-02   3.9398657e-02
   3.4484262e-07   1.6691233e-07   1.7322860e-41   3.7730690e-05   1.6617677e-11   8.3958594e-22   6.7716251e-19   3.0493564e-03   3.2709081e-02   2.9628113e-02
   3.1291965e-05   1.4165296e-03   6.4071498e-21   8.1727108e-04   2.5047198e-47   5.5254014e-04   5.1500622e-03   1.4409604e-02   2.6237053e-02   1.4503555e-02
   4.5046448e-14   4.2820742e-03   7.0800461e-04   1.1453420e-03   6.7704396e-72   1.5124865e-12   1.6448157e-08   2.8005757e-02   2.5858795e-02   6.7240218e-03
   2.0754409e-26   4.8236404e-03   7.3741665e-04   8.1813652e-04   1.1913460e-67   5.9872721e-24   2.7074392e-18   5.3436000e-02   2.1431158e-02   3.1192254e-03
   1.6866914e-28   4.9986311e-03   3.4352262e-06   1.8502486e-03   1.2953892e-56   6.2397812e-32   6.1177301e-29   6.5868866e-02   1.5677059e-02   1.7928759e-03
   1.0773354e-22   6.1865486e-03   2.0297520e-04   5.1186867e-03   7.8061738e-45   1.3699319e-19   7.6893127e-30   4.6338561e-02   9.5634583e-03   1.0416464e-03
   4.4667104e-12   7.0165391e-03   3.1735256e-19   1.3634753e-02   9.2869403e-14   1.1459517e-15   1.5642025e-28   1.2573776e-02   8.6494038e-03   1.5675000e-03
   1.1542284e-10   7.2589442e-03   1.2825686e-03   3.2499425e-02   4.6846352e-04   1.8409771e-22   9.7051940e-41   3.1348752e-12   4.4143644e-03   1.2829833e-03
   1.6885495e-10   5.6329868e-03   1.6280853e-07   5.1900278e-02   7.8875595e-06   6.6281959e-24   8.3645838e-38   1.6182186e-20   1.3753623e-03   1.1413022e-03
   4.4846745e-09   3.8358676e-03   2.7137849e-02   6.4176731e-02   2.6240931e-03   3.0686171e-20   2.6990984e-39   1.9694248e-14   6.1078671e-07   1.7203262e-03
   1.2030013e-09   5.3001401e-03   2.7597961e-02   8.7462132e-02   2.1277499e-05   4.9028011e-30   3.3392804e-31   1.2758269e-20   6.2071813e-17   1.2602505e-03
   1.2829443e-12   6.3667271e-03   9.3970396e-02   4.5005872e-02   1.1070535e-02   6.1508068e-29   4.2851719e-19   8.1254196e-16   1.0114663e-13   1.7772657e-03
   9.6409548e-08   5.0991800e-03   4.3475468e-02   4.2388101e-02   3.4758528e-02   6.7064614e-19   7.6265725e-13   2.0338509e-12   3.1944319e-39   2.3641097e-03
   7.2196867e-06   3.6322715e-03   9.3197311e-02   1.0016692e-02   3.6542371e-02   1.4286704e-18   2.0872241e-17   5.8601329e-03   1.0754821e-18   1.9477117e-03
   4.9224866e-04   2.1009018e-03   9.1395088e-02   1.5144637e-02   2.0434856e-02   2.2604799e-10   1.7895215e-17   4.0818158e-03   8.0947029e-18   4.5896741e-03
   1.2138616e-03   2.6667540e-03   6.5162294e-02   5.2727758e-03   6.7451380e-03   4.4909629e-10   5.6978019e-18   3.7500292e-03   1.7814548e-46   1.0638971e-02
   1.0014553e-03   2.3094983e-03   3.7609663e-02   6.9972464e-03   1.2151674e-06   1.4643661e-09   9.9575426e-17   3.5715031e-03   6.1377053e-61   1.9270080e-02
   9.6913590e-05   6.1881396e-04   1.8833361e-02   1.2125684e-03   3.4999614e-26   4.1274338e-11   2.6000679e-12   1.7293005e-11   3.9608114e-54   3.3273076e-02
   1.3557047e-08   9.1762166e-04   4.2678460e-03   6.1305692e-04   1.9189959e-08   3.6795278e-15   2.8927058e-10   9.9834544e-06   5.0285776e-48   3.5003871e-02
   2.3893927e-19   1.9031321e-03   2.0154477e-10   7.3461534e-04   5.7979442e-08   3.5432111e-12   2.7117569e-08   6.2922096e-07   1.4814575e-53   3.6643738e-02
   1.0391569e-26   2.7092183e-03   2.1686050e-15   1.0422682e-05   1.8610812e-35   2.2991478e-18   2.9586449e-06   5.0637750e-05   1.6814918e-44   4.2506616e-02
   1.9476658e-31   4.5047415e-03   2.1702191e-28   1.2557548e-05   8.0652223e-54   7.6427342e-22   9.5393382e-04   7.1792553e-03   8.6718913e-48   3.2080058e-02
   2.2047578e-24   2.1794252e-03   3.0867128e-38   5.0914340e-04   5.1652573e-55   3.3509781e-15   4.7325950e-02   2.2718941e-02   1.3989250e-19   1.2387159e-02
   1.5119999e-21   3.5028737e-03   1.6453576e-22   6.5563601e-04   1.7815478e-71   1.7757567e-21   2.9668943e-02   2.7743660e-02   1.2134534e-02   5.7331822e-03
   5.6722513e-26   5.4262720e-03   9.0552445e-28   3.9449086e-04   8.1975974e-75   2.2187781e-27   7.6961832e-08   3.2423541e-02   2.4226978e-02   6.7379688e-03
   2.6224366e-30   5.8510204e-03   7.1768251e-19   3.1159297e-05   3.7142385e-69   3.1867304e-37   5.3185296e-16   4.5282449e-02   3.6787418e-02   5.4557259e-03
   3.4509287e-25   5.4270067e-03   8.9177696e-11   9.8992559e-05   2.1738017e-72   1.9948131e-44   3.7931251e-25   5.2495968e-02   4.4646387e-02   3.8508445e-03
   1.8104492e-22   6.5273200e-03   7.1415132e-22   1.5035026e-05   2.7106070e-63   3.6640393e-41   6.3380520e-30   4.2719840e-02   4.2094015e-02   3.3155293e-03
   1.3153164e-18   8.2888614e-03   1.1050303e-51   1.7762508e-04   1.1198722e-58   6.6018842e-28   1.1903647e-23   2.2541250e-02   3.6927403e-02   3.4957367e-03
   4.2322047e-14   1.0025886e-02   1.8958853e-33   2.5994565e-03   4.3343861e-53   1.1521185e-25   2.9279033e-30   6.2748165e-04   4.2815191e-02   2.8339372e-03
   1.8474661e-08   8.8052425e-03   5.1949862e-38   3.9995640e-03   5.5543976e-49   6.2029713e-26   2.0819246e-19   4.3565438e-11   5.0439135e-02   3.3055190e-03
   1.6525084e-04   6.5640022e-03   2.6462291e-30   6.3661933e-03   6.8602688e-37   1.4330487e-22   7.4028080e-15   1.3668564e-05   5.4970574e-02   2.8605478e-03
   7.7511317e-04   6.6405917e-03   1.5010168e-14   7.5719728e-03   1.7459884e-35   4.4731633e-20   2.6816503e-16   2.3533877e-10   5.1887550e-02   2.2455587e-03
   2.6259194e-04   8.0297308e-03   7.3754945e-11   1.3394782e-02   2.1695008e-29   7.8821729e-21   1.7193819e-22   1.8793503e-22   4.0976196e-02   4.0504654e-03
   8.6067661e-04   7.9402294e-03   8.9315434e-03   1.1475862e-02   5.1341663e-36   9.4777600e-30   1.5613818e-29   4.9283175e-17   2.3320468e-02   6.7674307e-03
   2.5466234e-03   6.4173252e-03   1.1445448e-02   2.5647945e-03   2.3738808e-41   2.4077690e-18   3.1295777e-34   6.8096433e-10   1.3559949e-02   8.8927805e-03
   2.0181629e-03   4.5974264e-03   1.5489943e-02   2.5278286e-03   1.9859532e-38   9.8092657e-15   5.2445951e-27   9.1965798e-10   1.1171768e-02   1.4951298e-02
   1.0777617e-03   3.1613960e-03   3.6312545e-03   1.0483405e-04   2.7572852e-27   5.9002794e-07   6.3886318e-18   2.9102889e-14   1.1871313e-04   2.4134858e-02
   1.0970658e-03   2.7879887e-03   1.1652025e-02   6.8495294e-06   1.0685999e-13   3.0080453e-09   7.3059362e-13   1.3062775e-18   3.4116534e-08   2.3561121e-02
   5.1136040e-04   4.4213935e-03   1.1324032e-02   9.3085941e-06   2.4916942e-29   4.5973360e-13   6.5576704e-10   1.3044795e-16   1.3345234e-10   1.8979077e-02
   5.3210497e-04   5.5880511e-03   8.9047856e-03   1.6223502e-05   6.7278164e-08   8.8202139e-15   6.3557282e-10   4.2863428e-09   1.5827590e-11   1.5130216e-02
   1.0083882e-03   6.2064431e-03   4.7885551e-03   5.2351271e-05   6.8942843e-11   1.2611276e-07   3.6415489e-08   3.2244057e-04   2.0341281e-10   1.0527490e-02
   1.6738542e-03   8.0617294e-03   2.6123788e-03   2.3495832e-06   1.4423377e-05   1.4328886e-17   1.8892963e-04   1.1716122e-03   5.9823632e-21   5.9466328e-03
   1.4404659e-03   7.9429270e-03   1.7820106e-03   1.0388707e-06   2.9819017e-03   6.2890812e-16   2.6598456e-03   2.5948773e-03   1.7274828e-13   2.1594401e-03
   3.6600046e-04   8.1461789e-03   2.2897483e-03   1.0845032e-07   6.4552453e-04   1.4401546e-17   3.3048688e-03   1.1833963e-03   2.8969866e-24   1.4111195e-03
   7.4378187e-04   6.8889748e-03   6.5626532e-04   5.9242007e-08   2.7072260e-03   1.1061268e-17   3.7504494e-04   3.0857626e-03   8.9293685e-13   7.4789555e-04
   2.3929938e-05   6.1850446e-03   1.2316113e-24   2.5990924e-09   8.8461537e-03   1.7648288e-18   2.0292786e-02   3.9140754e-03   6.6702253e-28   6.5327244e-04
   6.5855034e-06   5.0827232e-03   1.5925072e-33   2.9607203e-09   5.9370308e-03   3.1900271e-22   4.4714434e-02   4.8167129e-03   4.6483715e-33   4.9034270e-04
   3.3841065e-10   6.2590324e-03   2.9593654e-27   4.6871796e-11   2.3045596e-03   1.6368953e-28   5.9880948e-02   4.3007835e-03   7.5100846e-23   4.7605856e-04
   1.2694472e-11   6.6731939e-03   3.7866497e-23   2.1076020e-10   1.4115928e-02   1.0199077e-32   5.5531859e-02   5.5980451e-04   9.3314530e-34   2.5841134e-04
   5.4607408e-13   7.2707888e-03   1.6596763e-40   7.4955140e-12   2.1192640e-02   3.9165406e-35   5.3880167e-02   1.9838767e-10   1.0379120e-15   2.0450531e-04
   2.8230883e-05   6.7098005e-03   1.8967457e-22   5.4690420e-14   1.3762942e-02   2.1798348e-28   3.2537715e-02   1.8072153e-17   1.9660910e-08   2.8084889e-04
   6.7443373e-04   6.2650624e-03   2.4967144e-17   2.7775821e-10   3.8075845e-03   4.3132079e-22   6.1886436e-03   3.9277683e-18   3.4963617e-14   3.5909433e-04
   1.5752759e-03   4.6944494e-03   3.6514522e-17   1.3108029e-06   3.8611484e-03   9.3679579e-16   1.3700675e-03   1.8104214e-20   1.3522286e-04   5.2255824e-04
   2.7185314e-03   4.9242335e-03   6.2339838e-09   7.8882713e-05   3.1743821e-04   2.2759567e-22   1.0575121e-05   4.8424096e-29   1.6196229e-03   8.9418689e-04
   3.2110449e-03   4.3480431e-03   1.8293814e-17   5.0100763e-04   2.3105851e-29   1.1367529e-17   3.3675373e-06   1.8572061e-19   2.9692550e-03   2.4076992e-03
   2.2449207e-03   3.6081394e-03   1.5830888e-39   7.3524163e-04   2.4288817e-08   2.3500580e-11   2.9308833e-03   1.5253960e-21   3.7365689e-03   4.5493328e-03
   1.4453066e-03   4.5239281e-03   7.3882795e-05   1.4153951e-03   1.8051679e-11   5.6805035e-08   6.1421038e-12   3.8590633e-24   3.2156723e-03   6.1672702e-03
   1.0181287e-03   5.6847365e-03   1.3859524e-03   1.6107715e-03   1.1605280e-42   8.1702438e-22   2.0130272e-14   4.3755667e-21   2.0599375e-03   5.2362408e-03
   8.0408412e-04   6.4184172e-03   4.9953416e-03   2.4573003e-04   9.0705795e-49   2.2017794e-28   8.3873189e-20   1.4552910e-16   2.1488123e-03   2.7814811e-03
   6.1120662e-04   5.8099206e-03   5.1125996e-03   3.1833586e-04   2.6451005e-48   4.3803296e-20   3.1314395e-20   1.3174950e-16   3.4541025e-03   2.0557727e-03
   1.0822634e-03   4.7961875e-03   6.2420890e-03   1.9600768e-05   5.1301018e-40   6.1539136e-17   1.0281395e-14   3.9459271e-08   3.9313354e-03   1.5869274e-03
   8.5175406e-04   5.7612879e-03   4.1977084e-03   4.9111954e-05   2.6386621e-30   2.6376189e-13   3.4598053e-13   1.7529913e-05   1.6835765e-03   1.0009702e-03
   8.7684223e-04   6.0571943e-03   4.0549556e-03   1.5372389e-05   5.3494275e-21   1.5962250e-12   6.1830658e-13   5.0498269e-04   3.9268188e-04   5.8131301e-04
   7.5447903e-04   6.0814314e-03   3.5476153e-03   7.5142423e-05   2.8376392e-21   1.7519658e-17   3.4350019e-09   5.2330488e-04   6.1557521e-04   5.2507563e-04
   4.9982477e-04   5.9253876e-03   3.8352228e-03   3.2545640e-04   3.3303973e-30   3.6727734e-19   3.3043202e-08   1.4170599e-04   1.1442388e-04   3.0554766e-04
   3.5126622e-04   6.0691097e-03   1.6467544e-03   3.2176779e-05   6.7594828e-26   2.7933408e-16   1.1671365e-04   2.8447282e-07   6.2519502e-25   1.4939798e-04
   3.0753353e-04   6.1578872e-03   1.0166853e-03   1.9095273e-05   4.2674107e-23   1.3389534e-23   1.5712388e-03   7.5500979e-11   2.4557513e-32   8.3415784e-05
   2.7940820e-04   5.7702889e-03   4.7374811e-04   1.7082713e-05   4.1358632e-20   4.1783838e-22   1.5131491e-03   2.3974229e-12   6.3952005e-35   1.0810703e-04
   9.3297314e-04   5.2006004e-03   5.9126809e-07   1.3058120e-05   7.5281670e-14   3.9231128e-25   1.5418654e-03   4.4317440e-11   1.1423586e-42   7.7965015e-05
   1.0488183e-03   6.1740977e-03   6.0368563e-19   8.4323323e-06   1.0735646e-11   7.7657141e-27   2.9150354e-06   1.6060925e-10   2.5990274e-43   4.2879445e-05
   1.5486001e-03   5.7015219e-03   5.8309028e-20   2.0810209e-05   4.7647023e-09   1.3228260e-20   1.3684531e-13   6.2617887e-10   3.6895190e-41   8.3656570e-05
   2.6436666e-03   4.7921187e-03   7.7927297e-20   6.0745313e-07   7.2332458e-04   8.6885077e-22   2.2230738e-22   5.6406478e-12   1.2424355e-36   1.3806453e-04
   3.5160926e-03   4.8461543e-03   7.6907970e-34   3.3363738e-06   7.6534294e-05   1.3919112e-27   8.7082172e-24   3.2182453e-14   4.9979935e-47   2.0451078e-04
   3.8660712e-03   5.4661432e-03   6.2476713e-26   2.9279568e-06   1.7702385e-15   1.1194049e-27   2.7041602e-22   5.9130342e-21   1.2792004e-44   2.5689554e-04
   3.3640966e-03   5.3812365e-03   2.7667076e-19   3.1924156e-11   7.4657376e-05   1.3298515e-23   4.1459843e-15   1.4282595e-31   1.0326474e-46   8.4033508e-04
   3.4877819e-03   4.3133272e-03   5.6506322e-22   7.2507325e-17   3.6126348e-12   2.1981308e-26   1.3493506e-12   2.2551749e-30   1.0496177e-49   1.4991768e-03
   2.8025405e-03   4.8068354e-03   5.6177691e-34   1.5947882e-11   7.5437464e-04   2.8195053e-31   7.3121592e-10   4.8713777e-26   2.8848126e-61   1.9480067e-03
   2.2797163e-03   5.8011036e-03   1.4839785e-40   2.6721396e-07   6.1597999e-04   4.4305010e-31   9.9815859e-15   3.2606779e-28   1.3374376e-45   1.5905683e-03
   1.6151325e-03   4.9140978e-03   9.5277671e-26   8.3576894e-05   3.7930154e-04   1.4992992e-12   1.1258416e-14   4.5819338e-23   3.1443802e-40   1.4528667e-03
   1.0416874e-03   3.9879164e-03   7.1859239e-29   3.0247280e-04   2.4059605e-03   2.7305606e-10   2.6505111e-13   7.7026422e-17   5.4843327e-40   1.0369824e-03
   5.8073975e-04   4.5947054e-03   5.0710066e-13   4.8291157e-04   2.3282356e-03   1.1809697e-13   3.2482717e-13   2.2369102e-12   5.3434108e-31   7.3507846e-04
   5.3875837e-04   4.0492400e-03   8.6077147e-08   6.4800393e-04   3.1056851e-03   1.7382676e-04   1.1386927e-13   1.9734837e-07   5.4014464e-34   6.7302840e-04
   1.0715401e-03   4.0301550e-03   1.9171365e-04   5.1211479e-04   5.7749333e-03   4.1072156e-05   1.4026266e-11   5.1557973e-06   2.4045440e-24   4.5417292e-04
   6.4413992e-04   4.8200084e-03   3.7735719e-04   2.9504486e-04   4.5712818e-03   1.6451641e-05   2.4928207e-15   2.1155579e-05   2.3043619e-08   2.3174235e-04
   3.7345827e-04   4.7767261e-03   6.3327912e-05   1.8397779e-04   2.7841361e-03   2.3661043e-04   1.4117202e-27   2.2675748e-05   4.8257488e-04   1.0822140e-04
   5.3132271e-05   5.3807504e-03   4.9062670e-04   4.5650399e-06   8.7198321e-03   1.6956202e-06   1.7113539e-20   3.3754668e-07   5.6257762e-04   7.4131861e-05
   1.9460131e-04   4.0614907e-03   8.8450739e-04   1.0549946e-04   1.5216150e-02   2.9751711e-06   7.9604560e-11   1.5397947e-11   8.0761567e-04   6.1513683e-05
   2.5434786e-04   3.6269655e-03   4.2782620e-04   2.1822166e-06   1.4682364e-02   1.7875775e-04   2.3930432e-09   2.7529450e-09   8.6928281e-04   4.8723602e-05
   3.0065029e-04   3.9064163e-03   6.4791042e-04   5.0038833e-05   5.7814662e-03   3.0818107e-04   1.6765444e-10   7.3680124e-13   4.8723439e-04   4.1980674e-05
   6.2011018e-04   4.2488606e-03   1.1254388e-03   5.5637771e-08   2.7854479e-03   5.0371926e-05   9.0069654e-09   1.8772799e-10   2.1116899e-15   7.0191454e-05
   7.0170945e-04   4.2441587e-03   7.9536363e-04   1.1167654e-05   2.8053940e-03   2.3175740e-06   3.8297785e-07   2.0866034e-10   1.5962666e-12   7.6220465e-05
   1.0829355e-03   3.9874490e-03   5.8045758e-04   1.6227369e-05   1.2603282e-08   8.9575144e-15   7.2037169e-07   1.1936511e-08   5.9729175e-04   1.3209000e-04
   2.0101928e-03   4.2204264e-03   3.0379719e-04   3.4194972e-07   1.8428537e-05   1.2524061e-20   1.6085868e-12   4.6515371e-10   1.2752009e-03   2.1802983e-04
   2.8306753e-03   4.4828014e-03   1.0222462e-04   1.1977596e-06   3.4471661e-05   4.4950057e-22   5.2732976e-11   6.4501824e-13   8.8152589e-04   2.2092736e-04
   1.8538488e-03   4.6593902e-03   1.9865632e-05   1.3618805e-07   1.4075786e-15   1.8749349e-27   1.6605691e-13   5.1751376e-17   2.2159156e-14   7.2146300e-04
   1.8738694e-03   3.9231508e-03   2.2384358e-07   8.8722820e-09   1.7641649e-21   5.6225161e-13   8.1758251e-13   6.4249556e-19   9.4109050e-19   1.1633633e-03
   1.9184764e-03   3.4202366e-03   4.2385140e-12   1.0398451e-13   2.9457423e-20   3.3829718e-14   2.2608701e-10   1.5528494e-19   2.9354883e-21   1.4675619e-03
   2.8559802e-03   3.3649614e-03   6.3607944e-18   1.2178764e-11   4.3424284e-25   1.3834879e-16   1.3169507e-15   9.6111009e-16   7.8630792e-38   1.2613246e-03
   3.0200123e-03   3.5165209e-03   6.6229978e-31   6.6823743e-10   1.0496199e-38   5.8563776e-18   9.3579865e-10   3.5315450e-10   2.1153889e-38   1.1818682e-03
   2.6312804e-03   3.4218344e-03   3.0151752e-33   5.5252958e-08   1.8044479e-40   1.4357527e-18   2.1649810e-05   7.3206697e-10   1.2904621e-39   1.1566776e-03
   2.3264483e-03   3.8405324e-03   3.8474728e-36   6.1606484e-06   5.3192975e-26   3.0820042e-18   6.4494776e-05   5.2812909e-11   1.1892253e-41   7.9848362e-04
   1.9456531e-03   3.7378109e-03   4.4955757e-47   7.6185283e-05   1.3474109e-26   7.4389001e-15   4.1043815e-04   4.5289934e-11   3.7787338e-52   7.3446873e-04
   1.5718272e-03   4.4828986e-03   5.8480657e-30   1.8403729e-04   1.6477799e-16   2.5099632e-20   3.8047447e-13   4.8372006e-06   4.2981782e-44   6.6894952e-04
   1.3592387e-03   4.0827702e-03   1.8270963e-26   3.7587135e-04   2.0410721e-12   2.0932656e-16   1.4137637e-17   6.6262243e-05   1.5008868e-53   5.6672295e-04
   1.7955270e-03   3.9402725e-03   1.9417203e-25   4.3758290e-04   4.9320587e-26   3.5253705e-20   2.2382096e-11   1.6372494e-06   5.7563179e-37   2.9825978e-04
   1.5823954e-03   4.9397775e-03   6.1235200e-09   4.9670282e-04   3.8342997e-29   1.4766054e-22   4.9991924e-15   5.4394222e-06   6.6197958e-41   1.2156654e-04
   6.7633487e-04   6.1231073e-03   5.9756448e-16   3.4838593e-04   1.0445420e-14   2.1400922e-19   1.2025526e-19   5.5128307e-07   7.7052380e-46   1.6364397e-04
   5.9370537e-04   5.7950818e-03   3.2566291e-04   3.9564052e-04   1.1696271e-06   3.1329090e-16   2.0996024e-23   1.4473408e-11   5.3091904e-41   1.9448021e-04
   1.1881416e-03   5.4902628e-03   1.3004564e-05   3.4009697e-04   8.2504328e-16   4.6557208e-15   1.2421445e-21   1.3732024e-15   5.2439940e-35   1.9686622e-04
   1.2457447e-03   5.6788448e-03   8.5914222e-04   1.4668173e-05   3.7881970e-11   1.9484919e-15   6.2073221e-21   8.2363605e-15   8.6246401e-31   1.3547835e-04
   1.1832087e-03   6.4363189e-03   3.7182989e-15   3.1230684e-04   2.2471386e-06   1.5690898e-21   3.8119244e-19   4.0159017e-15   5.8881636e-34   1.4325645e-04
   1.6771932e-03   6.3743145e-03   1.0775988e-03   6.9712798e-06   1.4665670e-03   1.9592278e-25   8.6327305e-19   9.1620764e-09   1.9479091e-37   1.7717823e-04
   2.2417056e-03   6.7416570e-03   6.4850537e-04   1.7676079e-04   2.0013350e-03   4.1488067e-29   1.5449998e-27   6.7257720e-12   7.1236224e-29   2.9189349e-04
   2.1436267e-03   6.9065972e-03   8.2924037e-10   1.4560664e-04   2.8804345e-03   9.9726616e-27   1.7105505e-27   1.6870256e-13   3.0887932e-20   4.9646526e-04
   1.5185919e-03   6.7864093e-03   1.0682837e-03   1.8649892e-06   5.7670532e-03   7.4515707e-27   2.1446241e-30   1.0071716e-07   1.8858220e-20   1.3086346e-03
   1.9672673e-03   4.2436734e-03   1.6318922e-03   2.9364036e-06   4.2893762e-03   2.2079175e-23   3.8274614e-20   9.5047715e-04   6.2027985e-21   3.0937583e-03
   2.5585883e-03   4.3195526e-03   1.1916001e-03   3.8044824e-08   6.4421319e-03   1.4391683e-31   2.4833855e-18   4.9011615e-08   2.8172404e-19   3.5852554e-03
   1.8627817e-03   5.2124362e-03   4.6511517e-04   2.1607377e-06   6.3947150e-03   9.3340855e-28   3.8349208e-25   4.7792758e-12   1.7680734e-15   2.8860596e-03
   1.4853656e-03   4.2159155e-03   1.9579690e-09   3.5512745e-06   3.9929543e-03   2.5504304e-15   2.4020179e-18   1.1879045e-10   1.7233428e-14   3.1508292e-03
   7.2108640e-04   4.0550919e-03   1.3468074e-14   8.7821627e-06   3.2103799e-03   1.2118952e-15   2.0227403e-09   1.0908520e-11   4.0467462e-22   3.1245967e-03
   5.7498264e-04   5.1221655e-03   1.4460725e-11   4.2995131e-05   2.4706306e-03   6.3915491e-15   2.1554339e-07   2.3612013e-10   6.5344085e-31   2.4571508e-03
   3.3549190e-04   4.4257308e-03   3.9152217e-12   3.2093708e-05   1.1614952e-03   3.6044983e-16   2.5257613e-07   4.4602106e-09   7.5351169e-24   1.8292434e-03
   2.7423195e-04   4.5629166e-03   7.1384661e-06   1.2080791e-09   1.2952881e-03   2.4071567e-09   4.3492503e-09   1.3640911e-11   1.1964960e-03   1.9474528e-03
   3.2510113e-07   4.9759671e-03   9.2677054e-06   2.2034618e-09   4.8068839e-03   1.3427369e-15   5.1429340e-18   1.0463493e-09   1.9010687e-03   2.3351390e-03
   2.0858609e-05   5.1056105e-03   9.4181947e-16   5.5454211e-05   6.8428650e-03   3.2721201e-16   1.4346477e-12   1.4003740e-05   4.8227749e-04   1.9702690e-03
   5.9043609e-05   4.8483963e-03   6.6756397e-14   7.4010329e-04   8.4164786e-04   1.5310076e-15   1.1496123e-05   8.0601485e-06   6.8220545e-24   1.3342100e-03
   8.6948336e-06   5.0951946e-03   2.8323701e-09   1.4108024e-03   4.6548937e-03   6.9442749e-15   3.7837739e-06   1.5722849e-08   3.5729814e-18   7.1367879e-04
   2.3010879e-06   4.8615579e-03   1.0893719e-04   2.0738691e-03   3.0188106e-03   5.1593451e-10   3.7514667e-09   1.1282288e-14   2.6751649e-14   5.3856395e-04
   2.8254338e-05   3.5680152e-03   5.7915713e-08   3.4462871e-03   2.3708808e-03   1.4305357e-16   1.7117740e-16   3.7807854e-22   3.1018526e-04   6.1858551e-04
   9.6223577e-10   5.1830544e-03   3.2497749e-05   2.7214927e-03   2.4116787e-03   1.2282050e-20   1.1859368e-17   5.9696123e-26   4.2019123e-07   3.7114682e-04
   9.4610787e-14   6.0988825e-03   2.0308361e-03   3.9610703e-03   6.6820048e-05   1.2017963e-27   3.5673368e-21   3.9212817e-27   2.8142962e-21   2.8546929e-04
   1.2622689e-10   6.5656994e-03   4.0151389e-03   2.4564283e-03   1.4554140e-10   8.5865225e-28   5.3975595e-19   4.7459328e-30   8.8457920e-32   3.2381398e-04
   4.8125036e-07   6.1640540e-03   5.6874475e-03   2.3537482e-03   6.5516263e-18   7.6566256e-27   9.4282221e-27   2.5271547e-30   1.5635790e-36   4.2808956e-04
   4.0445642e-08   5.6307592e-03   5.0551356e-03   6.5871646e-04   5.6071055e-17   1.4845902e-22   1.1581301e-23   7.0075089e-22   6.2450994e-36   7.8686928e-04
   1.6148623e-07   4.3363611e-03   6.5411377e-03   2.7463957e-03   2.6299533e-27   1.7763577e-12   2.7445172e-16   1.1668846e-24   2.0238119e-33   1.5057946e-03
   3.0036686e-10   4.1183324e-03   6.2892948e-03   1.8079544e-03   6.7162140e-38   1.2901688e-20   6.5614611e-15   7.1556503e-28   1.5566317e-53   2.0800048e-03
   1.1782748e-09   4.1390449e-03   3.1379686e-03   1.2562549e-03   1.4714762e-33   9.1911497e-16   9.7330296e-20   1.1711724e-28   3.8429491e-40   1.9221473e-03
   7.0928020e-10   3.6823032e-03   5.1575898e-03   1.3624036e-03   1.4779732e-31   3.5230832e-14   1.3163002e-23   5.5764761e-27   2.3827348e-39   1.4291948e-03
   4.4318683e-10   3.7300632e-03   3.8534791e-03   2.0090875e-04   3.5554678e-37   5.6232115e-05   1.1161697e-27   4.6389640e-23   1.6624557e-46   1.2057565e-03
   1.1706534e-07   3.1003910e-03   1.9471989e-03   6.3887342e-04   1.3427627e-13   1.5859347e-04   3.0575432e-18   9.7749492e-17   2.0504384e-49   8.9850062e-04
   1.0995882e-07   2.3226212e-03   3.7140680e-03   8.0531709e-04   1.9236353e-09   1.6072973e-04   1.3355683e-25   3.7156099e-18   5.6589143e-35   7.1833431e-04
   9.9511850e-09   2.7758225e-03   4.8611775e-03   3.3804417e-04   1.1858489e-36   8.3623038e-05   9.1463150e-16   2.1141941e-23   4.1427631e-38   4.2519997e-04
   1.3861794e-09   3.1648817e-03   3.4794936e-03   4.4854572e-04   1.0746785e-20   1.7924282e-04   5.6411493e-13   1.6627345e-19   7.0066841e-45   3.5285534e-04
   3.7589951e-07   3.0003757e-03   1.8765257e-03   2.3837213e-04   1.3780226e-05   2.8560173e-04   2.5831806e-11   2.1074951e-15   4.8503362e-42   3.7743884e-04
   5.6252245e-07   2.5205673e-03   8.9799196e-04   5.1735971e-04   5.3194356e-04   3.0027508e-04   6.6974019e-10   3.9219495e-17   1.9207404e-33   3.8301824e-04
   9.4629907e-06   2.2103406e-03   7.7164705e-04   2.9640496e-04   8.5767523e-06   3.0056273e-04   1.8033848e-18   5.2896385e-07   3.1750308e-17   3.5950950e-04
   3.1043134e-05   2.2169450e-03   3.8945203e-04   5.2870238e-05   6.3859104e-05   2.0685973e-04   2.5813621e-16   8.0681106e-05   1.0890422e-15   2.9228714e-04
   2.4956637e-05   2.3603213e-03   1.0959275e-04   2.4712036e-04   6.8914724e-04   2.5008075e-04   1.1711089e-11   9.2551708e-09   1.6525138e-26   1.9953346e-04
   2.9908104e-05   2.1325615e-03   2.1883113e-05   5.9058426e-04   9.2101307e-04   2.5008218e-04   2.5347433e-14   3.0128018e-17   1.3658216e-20   1.1860787e-04
   6.5297234e-05   1.4787606e-03   5.0898715e-19   7.3771292e-04   2.5700289e-03   6.1261246e-04   9.1844486e-17   9.6744823e-19   8.6309925e-11   1.2093317e-04
   6.4050973e-05   1.6412355e-03   6.1724963e-09   8.7107536e-04   8.7844583e-04   8.2189705e-04   1.4810028e-10   3.0694051e-22   6.6021701e-25   1.3687165e-04
   2.6619713e-04   1.4455727e-03   1.1766078e-16   1.2650569e-03   1.2173659e-03   7.0677717e-04   6.5019331e-19   1.0184160e-20   2.8727262e-26   1.4597439e-04
   3.8858963e-04   1.3464833e-03   1.2895645e-05   1.4818707e-03   1.3802646e-03   3.9500616e-04   5.6331115e-20   6.8009797e-13   1.5490360e-23   1.4125865e-04
   3.9985254e-04   1.3146316e-03   3.1554170e-04   1.3344113e-03   2.7711531e-04   6.1474862e-04   6.1038204e-16   8.4891307e-06   6.4151899e-21   3.6634872e-04
   1.5349530e-04   1.2198043e-03   1.8327927e-04   7.1152028e-04   1.7491921e-03   1.0914707e-03   6.1408423e-18   1.1590479e-10   7.5211298e-24   6.9230004e-04
   1.8984191e-04   1.0250390e-03   7.5968781e-04   6.8357104e-04   1.5159999e-03   9.3212297e-04   4.4599735e-29   4.1332395e-14   8.1019290e-29   1.0316901e-03
   2.1371355e-04   8.8332384e-04   6.3709048e-04   8.9234640e-04   8.3071791e-04   8.1878713e-04   1.3039204e-23   2.4399582e-08   1.2210543e-25   9.1727376e-04
   2.2004087e-04   9.0946381e-04   4.8725575e-04   3.6360228e-04   4.3728647e-04   9.7454407e-04   2.8631244e-16   1.1592645e-07   1.4702906e-27   7.1911964e-04
   1.9187721e-04   9.0596156e-04   5.3274008e-04   7.3661010e-04   1.9017314e-04   1.0063077e-03   9.9872731e-15   6.6484291e-09   7.5103035e-28   6.6352519e-04
   2.3108635e-04   7.2537231e-04   7.9710950e-04   6.9487083e-04   9.6343131e-04   1.2952103e-03   4.9274302e-22   4.0818239e-05   1.2254816e-28   7.0641092e-04
   8.9213899e-05   1.2761077e-03   1.0092957e-03   6.1668070e-04   4.5634219e-04   1.1212988e-03   5.6444696e-20   7.6830894e-12   2.1785664e-43   5.7049157e-04
   8.8230837e-05   1.0349191e-03   9.1203410e-04   4.2490061e-04   3.2147694e-05   1.3201534e-03   6.3142170e-29   4.0278591e-11   4.1992617e-28   2.9737519e-04
   2.7495046e-04   7.3948029e-04   6.2002769e-04   4.1197676e-04   1.8330420e-04   1.5076781e-03   6.5074697e-08   9.6385621e-06   3.1113209e-25   2.6373838e-04
   2.2727405e-04   7.4743460e-04   6.5734738e-04   5.0241175e-04   6.0759373e-04   1.4340073e-03   1.3040496e-09   7.2964544e-05   1.4139421e-52   3.1085091e-04
   2.0238294e-04   8.4692707e-04   9.6814984e-04   3.4014338e-04   3.7384438e-04   1.6310336e-03   3.6325977e-16   2.0040472e-04   4.9623912e-35   3.5923170e-04
   1.8481902e-04   7.0799664e-04   6.4281925e-04   3.1496454e-04   4.7862817e-06   2.1557787e-03   9.9547327e-12   1.4209111e-04   7.2860486e-31   3.7510277e-04
   1.4040495e-04   7.0475969e-04   1.2827005e-03   2.6109036e-04   2.8059249e-06   1.6190109e-03   6.0317331e-12   2.1784545e-04   2.3739979e-29   3.8035769e-04
   1.3937453e-04   8.1836361e-04   1.3841983e-03   2.7230554e-04   6.9486165e-05   1.5786759e-03   1.0996838e-15   8.8087744e-05   1.7082583e-31   2.9068368e-04
   1.6052179e-04   6.7860909e-04   1.1323103e-03   6.2609210e-04   1.7032988e-04   1.9178423e-03   1.5158861e-15   1.2048513e-06   3.3238522e-31   2.1295792e-04
   2.3872793e-04   6.5251479e-04   6.9727035e-04   6.1707234e-04   2.8676861e-05   1.9959474e-03   3.8066904e-08   3.0114725e-05   1.5075622e-26   1.8682345e-04
   3.2873718e-04   7.2384807e-04   3.3430413e-04   2.9977965e-04   4.2812793e-07   2.0288963e-03   1.0474311e-12   1.8074579e-06   3.8793394e-26   2.4205198e-04
   4.3269874e-04   7.1329953e-04   3.3514013e-05   5.8236634e-04   9.0257461e-12   2.3494709e-03   2.9843010e-10   2.3843863e-11   8.7301114e-20   2.5289978e-04
   4.4190295e-04   7.2685065e-04   2.5911989e-04   1.0241400e-03   1.3192765e-12   1.8234343e-03   7.4074683e-09   2.3038179e-11   3.2525018e-14   2.6744884e-04
   3.0193483e-04   7.1785599e-04   2.6814631e-07   1.3737880e-03   2.2000899e-18   1.5098114e-03   9.4566054e-10   1.7405502e-05   9.1832858e-08   4.0376158e-04
   2.8994272e-04   5.6902792e-04   1.0212039e-04   1.4257150e-03   1.7814707e-13   1.7454691e-03   1.8818870e-12   5.6792324e-05   3.2522543e-15   4.9031343e-04
   2.7887156e-04   5.5030619e-04   1.3852793e-17   1.3163236e-03   1.3175536e-08   1.6865698e-03   6.8950820e-15   1.1437912e-08   6.4432865e-20   7.7013742e-04
   1.6660344e-04   5.7711217e-04   4.9018545e-10   1.7517769e-03   7.7130148e-19   1.2042322e-03   1.6648236e-11   6.9889540e-13   5.2047978e-15   7.1266137e-04
   1.8449849e-04   5.7686961e-04   7.4144563e-04   1.8196702e-03   5.8289687e-13   1.3737289e-03   1.3411976e-11   2.3227079e-07   3.9722521e-13   7.7409168e-04
   2.5911530e-04   5.7313908e-04   6.1430429e-04   1.3953040e-03   1.9424137e-20   1.6223286e-03   2.1221524e-05   5.0516255e-05   1.1768547e-20   8.4614965e-04
   1.9073867e-04   7.0990270e-04   2.8531538e-04   1.8248838e-03   9.4870754e-31   1.1188407e-03   2.0756409e-05   1.7159933e-05   1.1241883e-21   8.6389562e-04
   1.7009476e-04   8.0723829e-04   1.2062769e-03   1.6533678e-03   2.9221329e-17   1.3769369e-03   2.6282052e-09   1.4134802e-05   5.1780647e-20   7.9997632e-04
   2.5586886e-04   7.5009786e-04   4.7234217e-04   1.1954695e-03   2.0932705e-10   1.2123219e-03   1.5411875e-11   7.8540667e-05   2.2668577e-07   5.2474183e-04
   2.7589693e-04   4.9659096e-04   1.6364443e-03   6.8403793e-04   1.7523506e-22   1.4477460e-03   6.1605864e-09   4.6503590e-04   1.7054643e-06   4.4636774e-04
   1.4001710e-04   6.9924665e-04   1.4467034e-03   1.0190199e-03   9.1641504e-48   1.3614636e-03   7.1311290e-08   3.1263828e-04   4.4952317e-16   5.0989902e-04
   1.7131227e-04   7.9554529e-04   1.2126176e-03   8.5373227e-04   6.4158578e-30   1.4358976e-03   2.9354293e-07   8.2745151e-04   2.9454031e-09   4.6733196e-04
   1.3436437e-04   5.4504662e-04   1.2229328e-03   1.5776373e-03   1.2970316e-21   1.4259801e-03   1.2625729e-09   1.0015615e-03   4.2493662e-04   4.5590421e-04
   1.4912738e-04   6.1323498e-04   2.3565585e-04   1.4726808e-03   3.5891876e-11   1.3929984e-03   1.1684487e-14   1.0055213e-03   6.1730856e-04   5.3839996e-04
   2.0443446e-04   6.3095858e-04   8.2489743e-04   1.0379986e-03   9.4905490e-22   1.4596583e-03   2.9404055e-11   8.5504214e-04   5.0129136e-04   5.3124468e-04
   2.7745484e-04   7.9503053e-04   1.1014946e-05   1.0409846e-03   2.6093769e-06   1.6424353e-03   4.5091972e-12   9.1090912e-04   3.3536955e-04   4.7795395e-04
   4.0296057e-04   6.7687002e-04   3.8644547e-05   1.0723493e-03   4.6730515e-10   1.7484096e-03   2.1810066e-07   7.1127444e-04   4.9597814e-04   2.9147707e-04
   5.0125905e-04   8.7801513e-04   8.3091880e-05   1.0879473e-03   4.4641207e-06   1.7176540e-03   2.6446486e-06   2.1017385e-05   4.9558566e-04   2.2141907e-04
   6.2045575e-04   9.5159302e-04   5.1798882e-05   1.3079964e-03   4.4851711e-05   1.6181365e-03   2.2675952e-05   1.1699770e-05   4.5330645e-04   2.7376762e-04
   7.2617410e-04   6.7035214e-04   2.5495560e-05   9.6091252e-04   8.0568521e-15   1.3067412e-03   1.5193956e-04   2.5539938e-04   4.8333436e-04   4.5280089e-04
   5.4491799e-04   6.3780187e-04   9.9887833e-05   5.1420464e-04   2.0398772e-05   2.0063880e-03   6.0468724e-05   6.1509397e-04   4.5128274e-04   4.8571114e-04
   7.2326250e-04   7.3373246e-04   7.1903786e-04   5.2810987e-04   9.7006197e-14   2.9093368e-03   2.0063784e-06   4.4481382e-04   2.7941268e-04   5.6634249e-04
   6.7498415e-04   7.1077576e-04   7.3634784e-04   1.2374756e-03   6.9967732e-17   2.8754212e-03   1.6669579e-06   5.2035560e-05   1.8481576e-13   7.8999049e-04
   8.5850298e-04   7.3743773e-04   4.0814535e-04   1.0041660e-03   2.9361021e-14   2.7380843e-03   1.0461241e-10   5.8739101e-04   5.9855991e-28   8.2985916e-04
   1.0620422e-03   7.0602070e-04   1.9937393e-04   7.4187631e-04   3.3824130e-05   2.8823978e-03   2.4949490e-05   4.5704735e-04   4.3744851e-25   8.2760957e-04
   8.2086783e-04   9.2816005e-04   4.5387806e-22   7.5723062e-04   1.6027283e-05   3.4241243e-03   3.3484905e-06   2.0009909e-04   2.5434996e-30   6.0019881e-04
   1.1488014e-03   8.3671430e-04   7.5684099e-06   1.0980737e-03   3.4632378e-06   3.0904919e-03   6.4849277e-06   1.7060945e-08   2.7403831e-25   4.1052775e-04
   9.4130890e-04   1.0306502e-03   4.5197417e-14   1.1298575e-03   2.9070916e-17   2.8107571e-03   1.9779462e-06   1.1227371e-05   1.3657573e-07   3.8522050e-04
   8.8756459e-04   9.7132755e-04   1.2674646e-04   6.6018868e-04   1.1618320e-12   2.3125562e-03   1.8523066e-06   4.4135741e-04   2.3112335e-09   3.2618390e-04
   5.6539387e-04   9.9086095e-04   3.5647555e-04   7.0185352e-04   1.4296914e-08   2.2792962e-03   7.0972238e-05   5.8645402e-04   5.8628923e-21   2.9041909e-04
   3.4388430e-04   9.7142894e-04   1.3143821e-04   1.2977886e-03   3.3761454e-07   2.8301991e-03   5.2485879e-05   2.5301741e-04   3.8860759e-05   2.2457893e-04
   3.5874985e-04   9.0694836e-04   2.6262424e-15   1.1893487e-03   2.7966495e-11   3.1541498e-03   9.8680808e-06   1.2509919e-04   3.0084938e-04   3.2386288e-04
   2.0718540e-04   1.2156162e-03   5.8698656e-14   7.3642791e-04   7.9485824e-23   3.0914457e-03   2.7229199e-06   2.1154468e-04   3.0393855e-05   4.3109065e-04
   5.2288435e-05   1.3206959e-03   4.5526529e-08   6.2759691e-04   4.6821018e-28   3.1116352e-03   5.6727451e-09   9.7937394e-04   4.0384666e-14   4.6535864e-04
   4.2561431e-05   1.2088146e-03   2.5323758e-06   4.6427823e-04   8.5528307e-26   2.8188846e-03   1.0372422e-09   1.5001501e-03   8.8380151e-28   3.3019098e-04
   1.1295608e-04   9.3738910e-04   1.0229094e-06   5.7306326e-04   5.6886436e-24   3.2322792e-03   5.5673334e-05   1.0957093e-03   6.4340728e-21   3.5529894e-04
   1.4261353e-04   9.6380929e-04   1.3136552e-04   4.5352063e-04   2.9829025e-22   3.1577520e-03   6.2570949e-05   1.0540758e-03   7.7382455e-24   4.0193285e-04
   1.5339520e-04   1.1440513e-03   8.1850762e-15   2.1588446e-04   1.5132615e-47   1.8019095e-03   9.8169958e-05   1.4462280e-03   3.2889051e-30   3.8896141e-04
   5.9408166e-05   1.3766204e-03   2.3403237e-06   2.4807428e-04   1.7592993e-38   2.4340771e-03   1.4080589e-10   1.1627231e-03   8.5706772e-29   3.2616189e-04
   4.8702897e-05   1.3401392e-03   2.9381392e-12   2.1408107e-04   9.1586982e-42   2.9847254e-03   2.6380657e-08   9.8804132e-04   1.0240834e-26   3.2146604e-04
   5.1003733e-05   1.0990877e-03   7.0055000e-05   7.4045159e-05   3.8005288e-26   3.1466298e-03   3.9893509e-08   5.9081361e-04   5.3647156e-44   4.2036589e-04
   9.0108121e-05   9.2134360e-04   1.0735850e-04   7.4411311e-05   8.0052081e-27   3.1416452e-03   5.6290276e-14   2.8188849e-04   1.4214584e-44   5.4811718e-04
   5.1149584e-05   1.1366875e-03   6.5466110e-05   1.2831082e-04   8.7472840e-45   3.4837793e-03   4.3867662e-08   1.0929861e-07   1.6955958e-25   6.4872795e-04
   6.9737528e-05   1.2402654e-03   1.5954806e-05   6.0532736e-05   1.6048578e-39   3.1422203e-03   9.6591239e-07   2.6753757e-06   1.6058761e-20   5.3067589e-04
   1.4690700e-04   9.6091385e-04   3.6771115e-05   2.8750789e-05   5.7871002e-38   2.2928012e-03   1.1415801e-05   1.0098615e-03   1.0001563e-28   4.4737916e-04
   9.0906931e-05   1.0660585e-03   1.0018782e-05   4.3343841e-05   8.0204222e-47   1.9467018e-03   4.0360936e-08   1.2456719e-03   1.5769482e-30   4.2100797e-04
   2.5485032e-05   1.2426571e-03   8.7622172e-06   7.3069372e-05   2.9611357e-54   2.0864961e-03   1.2992448e-12   5.2328863e-04   6.0836486e-25   3.2725726e-04
   2.8444026e-05   1.2344777e-03   2.1819489e-05   1.1764453e-04   3.3919067e-34   2.3832969e-03   7.9029426e-11   9.4177716e-05   7.8181284e-25   2.5113164e-04
   4.9761283e-05   1.1897597e-03   9.8856144e-09   1.6667714e-04   2.7343192e-48   1.4156524e-03   2.0200915e-15   4.9735197e-04   1.4533606e-33   1.5787256e-04
   3.7491634e-05   1.3143828e-03   1.3457951e-24   2.7459947e-04   3.0926807e-32   1.1651391e-03   3.7175298e-25   8.0152167e-06   3.3630273e-27   1.2743833e-04
   5.7745366e-05   1.1995854e-03   2.4930584e-15   2.7737082e-04   3.1908563e-43   1.4353756e-03   6.5978287e-26   3.7923097e-04   1.4403316e-19   8.7403747e-05
   7.5657823e-05   1.0049252e-03   3.1999604e-24   2.7383844e-04   5.5868836e-07   1.7492341e-03   2.1074737e-18   6.2498280e-04   7.6312091e-23   1.0337326e-04
   9.1205684e-05   7.3469216e-04   1.2469744e-31   2.9584181e-04   1.5394542e-14   2.3240803e-03   2.7609770e-15   8.9745096e-04   2.9895405e-24   1.1752868e-04
   5.0807649e-05   8.3557949e-04   8.7721019e-18   2.1291076e-04   2.4788410e-05   2.8151823e-03   1.1048337e-19   6.6140940e-04   7.8967741e-41   1.3453991e-04
   4.4087121e-05   1.0325878e-03   1.1331947e-13   2.2268548e-04   4.1784371e-14   2.3780879e-03   1.1851303e-23   2.0479993e-04   1.7898202e-20   1.0698330e-04
   3.1936130e-05   1.1473192e-03   7.6749272e-20   2.4822555e-04   4.1947755e-12   1.8955628e-03   1.7261000e-21   5.0616500e-04   4.9528835e-22   1.0317039e-04
   1.7197753e-05   1.3456534e-03   7.9248623e-13   1.6971927e-04   2.1912693e-14   1.5745776e-03   1.4583817e-27   4.1428810e-04   5.9902122e-52   1.1459752e-04
   7.2394833e-05   1.2098425e-03   1.2097715e-06   1.2597036e-04   1.1698899e-25   1.9258634e-03   7.3947639e-23   2.2056752e-04   4.0137836e-49   1.0925935e-04
   1.3032895e-04   1.0148313e-03   1.6039991e-07   2.2882816e-04   1.0636588e-06   1.9533558e-03   5.9923503e-16   4.8411224e-06   8.3188205e-40   1.0309630e-04
   1.6904005e-04   1.0071558e-03   3.7719954e-09   2.5186507e-04   3.1013989e-27   1.8172534e-03   5.1267869e-27   4.3865532e-05   2.4866437e-37   1.2133388e-04
   1.3379208e-04   9.1532817e-04   9.6016512e-06   2.7116526e-04   2.0666934e-05   1.7404906e-03   1.3859197e-19   2.4046833e-13   8.3167693e-21   1.9531181e-04
   1.4171739e-04   7.0008263e-04   7.4165791e-06   2.2543810e-04   3.1101465e-04   1.7601369e-03   2.7733651e-17   5.4859302e-11   5.7475609e-12   2.9775303e-04
   6.2785775e-05   8.2060829e-04   5.9748795e-05   1.8272434e-04   6.2025078e-04   1.5642651e-03   1.0213259e-19   5.8289908e-10   1.1335969e-17   3.8406762e-04
   4.5996438e-05   9.3965404e-04   9.7586135e-07   1.8364678e-04   9.0539970e-04   1.8530278e-03   5.9127789e-17   3.0534980e-14   9.0786557e-12   2.9841802e-04
   5.7162072e-05   9.4732450e-04   2.8515919e-10   1.0079800e-04   9.0028872e-04   2.0061224e-03   2.0167177e-14   1.0881172e-09   5.2915211e-21   3.0438272e-04
   1.0125571e-04   8.5658658e-04   1.1858725e-05   8.8482369e-05   6.6062963e-04   2.4272171e-03   3.9956148e-22   2.9725686e-07   2.2064403e-22   2.2979622e-04
   1.1632286e-04   6.5683436e-04   1.3704236e-05   1.9316377e-04   2.6386389e-04   1.6488115e-03   7.8020525e-19   5.9243150e-06   3.4397551e-12   1.9748470e-04
   1.7799856e-04   5.6692710e-04   6.3370126e-05   1.7811921e-04   1.1644254e-04   1.7234937e-03   1.5267575e-11   2.1830211e-06   1.1821850e-09   1.9108636e-04
   1.7467992e-04   6.0658748e-04   8.2467793e-06   2.7433159e-04   2.1566435e-04   1.8247592e-03   1.0551831e-13   8.8104120e-05   8.8554585e-26   1.6818434e-04
   2.1680674e-04   4.6613576e-04   3.0609228e-07   3.2425904e-04   4.3117176e-04   2.0704808e-03   9.3768479e-24   4.8433155e-05   7.8535382e-19   1.2196752e-04
   1.9354522e-04   4.1890692e-04   1.4734769e-06   2.2069045e-04   3.4306501e-04   2.1241689e-03   1.2274455e-14   2.7708397e-04   1.7858654e-05   1.1151679e-04
   1.8019792e-04   5.1492842e-04   3.0878379e-06   8.7918111e-05   1.1042622e-14   2.4305891e-03   9.2945425e-13   1.4760706e-04   4.9523080e-07   1.2657951e-04
   1.8500759e-04   4.4487871e-04   2.4843493e-05   2.6824930e-04   1.3789564e-04   2.3346052e-03   1.7805218e-13   2.0203098e-05   3.1698924e-05   1.4591852e-04
   1.6352962e-04   5.4566554e-04   4.8851228e-06   4.0845898e-04   6.9351418e-05   2.2222927e-03   6.9224670e-15   1.4563212e-05   5.0874378e-49   1.7467210e-04
   1.0596077e-04   6.4693132e-04   1.9872294e-05   3.7144479e-04   1.5711277e-33   2.0055123e-03   3.8084229e-17   7.2743947e-06   7.4292176e-06   1.7243218e-04
   9.8324995e-05   7.1801674e-04   9.4667243e-06   2.5983706e-04   4.8754177e-12   2.2433361e-03   6.8775573e-16   9.9688003e-07   6.2264789e-14   1.2207909e-04
   1.2260490e-04   6.2819457e-04   9.8775891e-23   5.4462191e-04   4.2548756e-34   2.3472931e-03   1.6715952e-14   6.3014516e-07   1.0992789e-13   1.2660617e-04
   2.5154379e-04   4.8265530e-04   4.1921014e-28   7.7341455e-04   6.9308105e-16   2.5100494e-03   3.6801503e-14   1.0776836e-04   3.2772561e-18   1.2913696e-04
   2.5525993e-04   4.9933602e-04   8.8421744e-15   6.4221534e-04   1.7248556e-27   2.7021722e-03   1.7157815e-21   3.6917158e-12   1.7650987e-17   1.9828849e-04
   2.1966700e-04   4.2999320e-04   1.9298886e-08   5.8503752e-04   1.6304765e-15   2.4320451e-03   4.0872316e-21   3.9711394e-13   3.5202668e-20   3.2988782e-04
   9.8252171e-05   4.5498895e-04   5.3729327e-12   4.2812216e-04   1.5074772e-16   2.3560196e-03   1.5645425e-27   6.6798412e-12   3.9165128e-25   6.2840640e-04
   9.7153732e-05   3.6400716e-04   1.1352280e-20   1.6482759e-04   1.0379796e-06   2.4288269e-03   3.5133568e-19   5.6065555e-10   2.1452404e-31   9.4719811e-04
   7.2961906e-05   4.7995995e-04   4.2822993e-10   1.1299768e-04   2.3194411e-26   2.3119032e-03   3.1822431e-13   4.9495052e-17   1.1705829e-39   1.0457733e-03
   1.3491653e-04   3.0554356e-04   2.3226769e-19   3.5654585e-04   1.7011237e-06   2.4721799e-03   7.5350080e-14   4.4908520e-10   2.9458705e-40   8.5678769e-04
   9.2014030e-05   3.1209238e-04   3.2870813e-06   6.1757217e-04   4.3712486e-18   2.8491600e-03   7.5633592e-18   1.1814837e-07   2.8252551e-31   7.2406613e-04
   7.6982819e-05   3.9605209e-04   2.8004838e-07   4.9267472e-04   6.0927718e-16   2.9586858e-03   3.9170106e-14   1.2940961e-09   8.1728054e-34   7.5905860e-04
   1.1818301e-04   3.2783558e-04   1.8243823e-15   4.7034909e-04   3.0437022e-08   2.9738100e-03   9.7617267e-30   1.2865793e-07   4.5743551e-48   9.4281342e-04
   1.1412320e-04   3.5315453e-04   7.3115386e-12   4.0509325e-04   1.8320256e-10   2.9465707e-03   4.1186013e-21   3.3009188e-10   6.7915632e-49   9.9564035e-04
   9.1047359e-05   5.5367797e-04   1.1960587e-04   1.5748463e-04   5.8157131e-43   3.0489363e-03   8.4587833e-22   5.4123024e-06   2.2147123e-48   7.5227602e-04
   1.1268994e-04   6.3465894e-04   7.9001170e-05   3.0600341e-04   2.4647015e-26   2.8535963e-03   7.0466175e-15   7.6580501e-06   6.3136311e-45   6.0104125e-04
   1.6855521e-04   4.2301924e-04   1.4725772e-04   3.7834067e-04   9.4285450e-11   2.5612879e-03   1.1698811e-11   1.5397110e-04   6.9135751e-47   4.8805910e-04
   1.8810474e-04   3.2139412e-04   1.0010912e-04   2.7443994e-04   1.0736648e-30   2.4928427e-03   1.8662920e-14   2.1326229e-04   3.6685154e-44   4.2551934e-04
   1.4797188e-04   4.8874554e-04   3.6871456e-04   1.7701421e-04   3.3870814e-24   2.2930696e-03   1.3200050e-23   3.1783202e-04   6.6090084e-29   4.6540612e-04
   4.2613235e-05   4.6690750e-04   6.3598728e-04   5.5837591e-05   4.7013841e-32   2.5785283e-03   2.4503946e-15   3.5573122e-04   7.5504738e-37   7.4750763e-04
   4.2464264e-05   3.8111205e-04   5.5481281e-04   2.1735505e-04   1.4574131e-22   2.9678240e-03   1.2609423e-24   7.9222045e-04   4.1401516e-48   6.7660475e-04
   7.3834226e-05   4.2398547e-04   1.0835328e-04   4.3972332e-04   7.3355969e-39   2.6012214e-03   2.6900972e-28   7.4717529e-04   1.2762115e-48   6.2574644e-04
   1.6901149e-04   4.6087501e-04   2.3641303e-04   6.5857783e-04   1.7352337e-23   2.5191754e-03   3.0382457e-24   6.2825002e-04   2.1407539e-39   5.8103195e-04
   2.2697307e-04   2.9321943e-04   4.3584587e-04   7.9285094e-04   5.1827920e-32   3.1366015e-03   1.6959759e-26   6.8881027e-04   9.0404837e-41   6.6830603e-04
   2.2695064e-04   2.5298858e-04   8.5393218e-05   1.2316015e-03   4.8345706e-26   3.3036340e-03   2.1586247e-25   2.1506719e-05   7.8104954e-43   6.4319791e-04
   8.1291968e-05   3.3754578e-04   4.6661088e-04   1.0815158e-03   1.5289609e-29   2.4978188e-03   6.5174981e-33   3.9642494e-04   5.2609105e-65   9.4964354e-04
   9.1122880e-05   1.2749652e-04   5.0882095e-04   1.3199194e-03   2.5069472e-05   2.5420115e-03   2.3171089e-25   1.4170950e-05   8.9288909e-62   1.3939086e-03
   6.4488825e-05   3.7036411e-04   2.3820911e-04   9.5056065e-04   4.7825019e-05   2.1621806e-03   2.0423826e-21   1.8331320e-13   2.7768292e-62   1.4337923e-03
   6.2909990e-05   3.8109987e-04   4.7443865e-04   6.2856608e-04   1.3456096e-04   2.1709737e-03   4.9218096e-17   3.7655203e-14   2.3330383e-64   1.2641337e-03
   5.6775412e-05   5.6740418e-04   7.3582052e-06   9.2854594e-04   1.6399727e-05   2.6890048e-03   1.2618092e-21   5.3393956e-12   1.0154034e-57   1.0490883e-03
   1.7734491e-04   4.1068093e-04   6.7838198e-08   1.1162176e-03   1.2253004e-10   3.1520552e-03   4.5805274e-20   4.1584355e-10   3.4799252e-54   1.1280178e-03
   1.6106718e-04   4.5173108e-04   2.0566629e-04   9.6570820e-04   1.0276089e-17   2.7180250e-03   1.2003317e-20   5.1043046e-13   1.6841102e-71   1.0789476e-03
   2.1567150e-04   3.3010992e-04   2.7713047e-04   5.4154046e-04   6.5645122e-05   1.7668802e-03   2.2908906e-21   6.6275358e-04   1.2819033e-63   1.1128974e-03
   2.5184586e-04   4.3651026e-04   1.9367243e-05   7.2120162e-04   2.7806029e-05   2.3708011e-03   4.1938623e-16   3.6949344e-04   3.9176732e-35   7.9359096e-04
   2.2769956e-04   5.5017440e-04   2.0297503e-04   1.0657374e-03   2.8349407e-09   2.8285130e-03   1.0474519e-16   1.5543216e-05   9.0901996e-30   6.7165604e-04
   2.5589077e-04   4.0939758e-04   8.7943156e-05   6.7285279e-04   2.0313099e-22   2.7975893e-03   5.8031529e-19   3.6265223e-04   2.5567952e-30   5.3685656e-04
   2.4538300e-04   4.9492104e-04   4.2985184e-04   5.2611490e-04   2.9744112e-31   2.0820855e-03   1.7326879e-33   4.3677183e-04   3.3199400e-22   3.2623494e-04
   1.9139854e-04   5.0366993e-04   2.3688325e-04   6.5826491e-04   1.5624729e-34   1.9112671e-03   1.0785573e-29   9.0770048e-04   3.2203125e-16   2.5872436e-04
   2.0922681e-04   5.5790646e-04   2.2115258e-05   6.0552129e-04   3.6028334e-32   1.3609213e-03   1.0978572e-16   4.4985709e-04   4.5601290e-29   3.1826444e-04
   1.6362669e-04   4.5578617e-04   3.8102347e-04   5.4018392e-04   1.0830813e-26   1.3166918e-03   1.5233730e-19   2.4161189e-04   4.9730106e-58   4.9040174e-04
   1.7160947e-04   5.4639361e-04   3.3534967e-04   3.9930272e-04   2.1119984e-36   1.1711325e-03   3.4118668e-14   2.8923590e-04   4.7430708e-30   3.7609336e-04
   1.4544261e-04   7.9094507e-04   2.8090235e-04   3.4095852e-04   3.6505353e-33   1.6447866e-03   2.3684369e-19   1.8603971e-05   7.3931236e-15   3.0592913e-04
   1.5254185e-04   8.2173620e-04   1.9247122e-04   5.4677857e-04   1.7788236e-46   1.5612755e-03   5.7896105e-26   3.3580379e-05   2.0504976e-11   2.3993258e-04
   1.2273214e-04   8.4349332e-04   1.7621525e-04   2.8099690e-04   6.4723094e-38   1.3542478e-03   2.2133910e-27   6.0166122e-05   4.8563368e-24   2.5658339e-04
   1.3538339e-04   7.0173883e-04   4.0419006e-04   2.9001781e-04   1.5156998e-31   1.7910607e-03   2.2031736e-25   1.3219948e-05   6.5760623e-34   4.2370490e-04
   1.2430459e-04   6.1711681e-04   5.3705553e-04   3.6147303e-04   4.1912953e-27   1.5287187e-03   4.2029930e-28   2.1270178e-05   1.6364902e-35   5.8853926e-04
   1.5558737e-04   5.1571617e-04   5.8543233e-04   5.4337860e-04   2.4624791e-30   1.7305228e-03   2.6248287e-22   7.4935707e-05   6.9547638e-48   8.8793843e-04
   1.2266537e-04   5.0930653e-04   2.1122319e-04   4.9764507e-04   5.3700773e-22   1.6367354e-03   1.7501346e-20   3.0202032e-09   1.8111267e-47   9.7291912e-04
   1.0823366e-04   4.6615491e-04   1.3472762e-06   5.4717469e-04   1.4625460e-29   1.5795747e-03   7.5833207e-23   9.7216396e-16   2.5600862e-34   8.6118516e-04
   1.8540631e-04   4.7027834e-04   6.6561569e-05   6.6425129e-04   4.9294405e-17   1.5796895e-03   8.9616966e-32   4.7961276e-13   1.0738322e-26   7.8257077e-04
   2.9275031e-04   4.8408055e-04   2.4929217e-04   5.7283117e-04   5.2153009e-45   1.3787636e-03   4.3601676e-23   6.8445713e-10   5.9922370e-24   8.1692723e-04
   2.0086723e-04   6.5480027e-04   2.2401801e-04   3.5802301e-04   1.0485543e-37   1.2077746e-03   4.2648590e-28   2.1101061e-09   3.3822568e-24   7.5314096e-04
   7.5188451e-05   7.3056942e-04   1.5118570e-04   2.4314179e-04   1.2680233e-33   1.2476905e-03   9.4480992e-31   1.6644290e-12   2.1395410e-22   8.8887185e-04
   6.3061376e-05   7.2689815e-04   1.8655270e-04   2.9973504e-04   7.6127768e-29   1.1269996e-03   2.8882758e-24   2.8773964e-15   9.4333287e-16   7.9528146e-04
   1.2977188e-04   5.8758593e-04   2.4821960e-04   1.9277948e-04   1.2593112e-09   1.2607677e-03   1.9316195e-22   1.4989540e-12   3.6550737e-08   5.4248117e-04
   1.5026025e-04   4.7651532e-04   2.0034541e-08   3.8034110e-04   5.9637834e-11   1.2056257e-03   2.6840942e-19   1.3967853e-12   5.2433887e-15   5.7434611e-04
   1.7562343e-04   4.1975592e-04   3.7670748e-04   5.0498002e-04   4.9867048e-12   1.3488195e-03   1.5438189e-21   7.4475986e-19   8.0669029e-11   4.6350321e-04
   2.0111230e-04   4.6223259e-04   1.6394126e-04   6.5759963e-04   1.6436352e-04   1.3618532e-03   6.6499409e-30   3.9572423e-14   1.9039792e-04   3.6906435e-04
   1.7099937e-04   5.8549256e-04   4.5232480e-24   4.9656922e-04   8.7246932e-05   8.1579048e-04   6.8838076e-33   3.4832465e-14   1.4342256e-04   4.3052843e-04
   1.2949381e-04   6.6087534e-04   2.5090156e-04   4.0683957e-04   5.8766547e-05   1.2204762e-03   2.3371755e-20   1.1781463e-14   4.3031504e-17   5.5304083e-04
   1.0342814e-04   5.4853042e-04   3.6075820e-04   3.3887945e-04   8.9008122e-05   1.6046635e-03   5.0169763e-20   9.9484077e-17   2.0122749e-15   4.8747229e-04
   8.0108970e-05   5.7456233e-04   2.1864804e-04   6.1755416e-04   1.6584255e-04   1.6933647e-03   1.5182293e-29   1.7239516e-19   1.6374401e-04   4.0030763e-04
   1.0522799e-04   6.5414154e-04   3.4979613e-04   4.0307696e-04   7.6728334e-05   1.4133535e-03   9.7362852e-26   9.4496688e-15   7.5505040e-05   3.4692835e-04
   1.0590537e-04   7.4707897e-04   2.1699498e-04   3.0429024e-04   2.6666566e-04   1.2283651e-03   1.8586800e-30   2.2528003e-06   1.5605958e-43   3.3760367e-04
   1.1996974e-04   7.0669749e-04   4.7035752e-05   2.5967166e-04   1.1516414e-03   1.3446082e-03   3.2630818e-25   4.0065523e-10   4.7016447e-39   3.3666262e-04
   1.1122743e-04   3.9465243e-04   2.5561262e-04   3.3654007e-04   1.6050819e-03   1.8190341e-03   4.9689575e-24   6.5700821e-04   1.2944212e-49   4.0160794e-04
   5.4505234e-05   6.6485336e-04   3.7026365e-04   2.4079618e-04   1.8299454e-03   1.5864842e-03   1.7441474e-34   2.7304926e-16   3.9664735e-32   6.1364406e-04
   1.9678808e-05   6.1666391e-04   1.7791437e-04   2.1947024e-04   1.3439820e-03   1.5922380e-03   9.8974676e-26   2.1820348e-16   4.9835420e-23   6.9984342e-04
   5.6583345e-05   5.0600979e-04   7.9274582e-06   3.4604512e-04   5.6476399e-04   1.9550861e-03   5.2113638e-24   3.6142576e-15   3.9312319e-19   6.1543753e-04
   9.3972814e-05   5.0718777e-04   2.4898420e-04   4.3518832e-04   1.2445171e-03   1.6767460e-03   8.6747817e-31   1.6417457e-13   2.3408930e-14   5.5057505e-04
   7.2678304e-05   5.0340650e-04   2.3476567e-04   3.5270787e-04   1.0073503e-03   1.5502946e-03   3.7738121e-29   1.8668491e-21   2.4728087e-14   4.8115417e-04
   7.3656998e-05   5.4364274e-04   6.8262454e-07   3.4599359e-04   5.9006014e-04   1.5829284e-03   1.0327559e-23   9.2510368e-24   6.6553662e-33   4.7940247e-04
   9.2602807e-05   4.6146892e-04   6.4081773e-06   3.4903268e-04   3.4425471e-04   1.7016943e-03   5.0624870e-23   3.4386872e-18   4.3998213e-26   5.5088295e-04
   1.1032237e-04   4.5693926e-04   3.6580788e-15   3.6434465e-04   8.4591806e-05   2.1716079e-03   9.9091316e-14   2.0817848e-16   1.0665189e-21   4.7398733e-04
   1.3809420e-04   5.6403102e-04   1.0675618e-04   5.0797352e-04   1.4754760e-04   2.0927318e-03   1.4032099e-16   4.1126205e-08   1.4905139e-38   3.6349474e-04
   1.6057824e-04   4.6493082e-04   5.2224159e-04   4.3061588e-04   2.2025775e-04   1.9259946e-03   6.2465627e-13   1.1449364e-06   2.4599227e-38   5.1246197e-04
   1.2092203e-04   5.8257964e-04   1.1883072e-04   5.9623582e-04   1.0468733e-12   2.3702663e-03   9.6088014e-12   5.5454385e-07   5.3175503e-26   3.5524943e-04
   7.2507082e-05   7.5223649e-04   4.4436303e-08   7.6071861e-04   4.2429606e-05   2.2338495e-03   4.0549195e-16   8.6583494e-14   4.9775167e-34   3.7484920e-04
   8.9085391e-05   6.5716586e-04   3.9107449e-04   7.6238515e-04   3.1347747e-05   1.9027885e-03   2.0524293e-17   1.0135577e-14   8.6719085e-25   3.3651035e-04
   5.4439193e-05   4.2295740e-04   6.1713433e-05   7.5348886e-04   3.7004558e-46   2.6301312e-03   1.7962524e-16   2.1489907e-12   4.3230416e-38   4.2749209e-04
   6.0086936e-05   4.7252408e-04   2.6312719e-06   7.0811055e-04   5.9455010e-07   2.9384839e-03   1.0139388e-17   6.2927180e-17   4.5994401e-40   4.2464610e-04
   7.5234071e-05   4.2305530e-04   3.2124546e-05   7.2803330e-04   4.0630765e-06   2.2686917e-03   4.5059470e-21   3.9031838e-19   1.1064794e-17   4.0577193e-04
   8.2529025e-05   5.4476806e-04   3.4889643e-04   5.7835264e-04   1.2067565e-04   1.8302534e-03   7.0364293e-23   4.4273283e-16   1.2909773e-20   4.1294913e-04
   8.6755162e-05   5.8510031e-04   7.2259899e-04   3.1044807e-04   6.3997450e-05   2.0851799e-03   5.5376350e-13   3.3973295e-16   9.3410401e-18   3.6160032e-04
   7.2193630e-05   3.8073368e-04   3.4997185e-04   4.3404136e-04   9.8251091e-05   2.2266172e-03   1.2689574e-14   4.6219309e-19   2.4294288e-10   4.0179715e-04
   4.0855705e-05   4.4428926e-04   4.0480976e-04   6.7164793e-04   2.5062823e-04   2.0184569e-03   8.7407298e-18   6.6909915e-14   5.5296053e-20   5.4630571e-04
   1.5423930e-05   5.6235834e-04   6.4534072e-07   5.7978945e-04   8.7643472e-05   2.0715290e-03   1.5187191e-15   2.8769495e-16   2.4271682e-36   7.9800386e-04
   1.0553438e-05   5.0656008e-04   2.6679314e-04   3.1912002e-04   1.7750572e-04   2.5855048e-03   3.8836687e-20   3.9307156e-14   3.9653027e-49   9.6951874e-04
   3.5163934e-06   5.2024339e-04   1.8014709e-04   4.0253685e-04   1.7537334e-17   2.4697716e-03   1.1481536e-19   9.5379411e-19   3.4763782e-45   9.5746365e-04
   1.2628225e-05   5.3744667e-04   2.2407404e-05   3.1772860e-04   1.4047469e-04   2.3161168e-03   8.3243036e-19   9.7207480e-18   1.5954697e-37   8.1791205e-04
   2.6993038e-05   5.3926262e-04   9.9228416e-05   1.7192165e-04   1.8863420e-18   2.1716026e-03   8.4834861e-18   2.9510788e-18   1.2882145e-37   7.3746769e-04
   1.0196331e-05   5.6172131e-04   9.7865972e-05   2.3452643e-04   8.8421302e-05   2.2058166e-03   1.9428112e-14   2.8605345e-19   1.5496028e-42   7.5369889e-04
   2.9034049e-05   4.4188092e-04   2.1684272e-05   3.3175829e-04   8.4849418e-06   2.8224626e-03   1.7570350e-10   2.6403515e-21   4.8520559e-36   8.0813342e-04
   2.0822176e-05   5.5165292e-04   4.7401399e-16   2.8283973e-04   1.5665023e-04   2.9953288e-03   1.6438124e-10   2.6564330e-22   1.4666820e-29   8.2074730e-04
   2.6628585e-05   6.6286965e-04   7.1804003e-05   1.8672874e-04   9.9472807e-05   2.6725719e-03   1.2002267e-14   3.2338865e-24   1.5257236e-38   6.4233851e-04
   3.4361579e-05   6.4382070e-04   1.3008515e-04   2.8707008e-04   7.7098568e-11   2.4170446e-03   1.3045680e-09   1.6232881e-16   1.5583283e-49   5.3832209e-04
   1.1986427e-05   6.7723048e-04   2.2449977e-04   2.9960538e-04   5.0072210e-21   2.2587446e-03   8.8724986e-13   8.4700621e-09   4.0248705e-51   5.4175332e-04
   6.4695262e-06   6.1328446e-04   1.4149996e-04   3.5995328e-04   2.1789522e-32   2.5955123e-03   4.1406077e-11   4.0171887e-06   7.4207685e-46   5.3961705e-04
   3.7250499e-05   4.9753084e-04   1.3535770e-05   4.6059108e-04   1.2824826e-04   2.8472426e-03   1.5059727e-09   5.0799292e-08   6.4569045e-16   4.4028238e-04
   6.1910805e-05   5.2528766e-04   1.2684526e-05   4.4687450e-04   7.3166031e-15   2.9796374e-03   6.2153215e-09   1.8931790e-12   7.6767259e-05   5.0449998e-04
   4.2859812e-05   5.2287151e-04   8.2279700e-05   3.6150408e-04   2.3758480e-04   2.5326245e-03   9.0648036e-16   4.1427388e-14   1.0000472e-18   5.7343986e-04
   6.1980812e-05   3.6291790e-04   9.2460086e-06   5.6218075e-04   7.0128472e-04   3.1437417e-03   9.7050825e-05   4.1050527e-18   2.6478393e-15   4.3590124e-04
   6.6209507e-05   5.1319511e-04   8.9560306e-05   6.5700791e-04   1.3089784e-03   3.3704821e-03   6.0632228e-05   4.9321531e-19   1.3119021e-11   4.4069944e-04
   1.5604375e-05   6.4424718e-04   6.4284339e-05   4.7344449e-04   1.6818766e-03   2.9480521e-03   1.9850757e-07   7.2428062e-21   4.5446462e-22   5.6569049e-04
   8.7062192e-06   6.0317925e-04   1.8668119e-09   7.6613147e-04   1.8396123e-03   2.5586275e-03   1.8014036e-10   2.8403486e-16   1.1168945e-14   5.2241826e-04
   8.6056466e-06   5.5097093e-04   1.2236008e-07   4.6127160e-04   1.6922359e-03   2.6500236e-03   8.1090718e-14   1.2042858e-19   7.8090655e-26   7.0410342e-04
   4.6605246e-06   5.4686872e-04   5.2847346e-15   2.6171980e-04   9.0704933e-04   2.7626522e-03   2.2991093e-19   3.5397739e-21   2.3362526e-37   8.9178744e-04
   2.8080666e-05   5.5619587e-04   3.3959054e-08   3.6360961e-04   4.8395959e-04   2.8613656e-03   1.4161146e-13   1.0914408e-11   3.5878898e-30   1.0062308e-03
   9.0484818e-05   3.9408835e-04   7.0549958e-06   4.3047105e-04   3.3790562e-04   2.7587726e-03   4.2001894e-13   1.3898430e-07   1.3727411e-31   9.8646750e-04
   5.9204416e-05   4.9350589e-04   4.1629701e-05   3.8750396e-04   2.0034799e-04   2.5699797e-03   4.7005229e-08   7.3101836e-12   9.6992275e-34   8.3455595e-04
   4.5671284e-05   5.8106219e-04   2.6153885e-05   3.8496621e-04   9.1405773e-06   2.5772885e-03   4.9667842e-09   4.2338522e-18   2.5370612e-29   7.0958027e-04
   6.4451226e-05   5.6843315e-04   3.0838556e-06   3.4755205e-04   1.1635730e-04   2.2325571e-03   4.9311221e-13   1.0464670e-23   3.0011861e-32   6.5943597e-04
   1.9599897e-05   5.9230506e-04   3.2150231e-10   2.6789466e-04   4.0019591e-13   2.2239714e-03   1.4972131e-10   7.5265991e-28   3.4610621e-45   7.1741119e-04
   5.9756150e-05   5.2502019e-04   2.7943337e-05   1.4004911e-04   3.0232972e-11   2.4520191e-03   1.0034117e-16   9.2915253e-21   2.5766947e-30   7.2458256e-04
   7.8162749e-05   6.0556269e-04   1.6844949e-06   1.1691186e-04   2.8264621e-06   2.4615875e-03   2.0120686e-18   4.9741330e-11   3.0643005e-27   5.8202378e-04
   6.1352581e-05   6.7109672e-04   9.3310648e-23   1.6091827e-04   3.2060122e-05   2.5489429e-03   1.5512009e-08   4.7097577e-06   8.2003693e-42   5.5415814e-04
   9.2125333e-05   6.7286748e-04   1.0338106e-06   2.2142388e-04   6.3076584e-06   3.0140659e-03   8.2162453e-05   3.0226143e-14   6.3444544e-35   3.7508968e-04
   7.8593082e-05   7.1836079e-04   2.0053091e-04   1.5310985e-04   1.1442294e-04   2.5095773e-03   2.4632536e-06   4.2746339e-11   1.7841810e-28   3.3282296e-04
   9.5578134e-05   8.3325632e-04   9.1957542e-05   1.8102582e-04   9.3527580e-05   2.0852850e-03   4.3172019e-15   1.3957068e-07   4.4115782e-47   3.2975306e-04
   6.0378057e-05   8.3499094e-04   4.5085096e-11   1.5061233e-04   4.9901315e-05   2.3649443e-03   6.7547659e-22   1.0166592e-16   4.8488876e-34   4.4700864e-04
   1.6669559e-04   5.4551804e-04   2.0980029e-04   8.8667323e-05   2.1732624e-05   2.4627977e-03   6.0190885e-20   2.9372545e-11   6.8101445e-40   4.4560716e-04
   1.7114693e-04   4.4216878e-04   2.3489424e-04   7.2085148e-05   3.1495945e-04   3.2517274e-03   1.5107180e-08   2.2178344e-08   8.9023177e-23   3.1943732e-04
   8.5251792e-05   5.6617974e-04   1.9692892e-04   5.2576494e-05   2.5554326e-04   2.7279274e-03   5.1842171e-08   1.7957311e-06   1.4167465e-42   2.9600413e-04
   8.8991587e-05   5.8160413e-04   2.0525461e-05   9.1038121e-05   1.4207427e-21   2.2028457e-03   2.5463645e-05   9.5727000e-13   9.0098764e-22   2.8180543e-04
   1.0111119e-04   5.4743995e-04   3.9597161e-05   1.6586503e-05   2.5556933e-04   2.5637347e-03   4.0790759e-06   1.7883093e-16   3.7848810e-29   2.9133042e-04
   1.0292961e-04   3.9185298e-04   1.0742863e-04   3.6678706e-04   1.6336022e-04   2.3424968e-03   1.5415042e-08   1.1558510e-16   7.3575036e-35   4.8248809e-04
   7.0643310e-05   4.4820597e-04   1.8589473e-04   5.5964161e-04   4.0854376e-05   2.2943610e-03   6.7325975e-07   1.8563907e-21   2.9340972e-29   6.1734209e-04
   7.9756043e-05   4.4426453e-04   2.5849455e-04   4.6148278e-04   8.7174479e-05   2.3756376e-03   1.4822953e-09   2.3625519e-19   6.8542860e-51   5.9064622e-04
   3.5619127e-05   4.1113343e-04   2.7103012e-04   2.5984270e-04   1.9549205e-05   2.5801491e-03   1.6848112e-09   1.8813656e-18   5.6109110e-29   5.3634990e-04
   1.0901352e-04   4.7767007e-04   1.6880594e-04   1.2181813e-04   2.9626129e-05   2.6708317e-03   9.6163827e-12   1.2332451e-14   2.2111789e-19   4.3483089e-04
   1.0155156e-04   4.6762283e-04   3.2990195e-05   1.5487194e-04   4.0116992e-06   2.8139805e-03   2.0642212e-22   1.5852283e-18   8.7290561e-31   5.3360783e-04
   1.3255615e-04   3.8880867e-04   4.4819066e-07   2.4281767e-04   1.9203193e-04   2.7431376e-03   3.8665922e-13   1.6805024e-21   2.2954393e-35   5.8497183e-04
   1.0298108e-04   4.0885802e-04   1.8009745e-05   2.3866183e-04   1.7518336e-04   2.5816175e-03   1.3548151e-06   1.0717621e-24   1.6247120e-41   6.5388510e-04
   6.6710161e-05   4.4928176e-04   4.1262824e-05   2.3794401e-04   2.4536183e-04   2.8262624e-03   8.8365157e-09   1.2420478e-19   2.3251800e-52   6.4382033e-04
   4.4711292e-05   4.9443289e-04   1.2258391e-04   2.4154849e-04   8.1316670e-25   3.0850960e-03   3.1421408e-19   3.0215941e-17   9.7599335e-19   6.0219417e-04
   6.4536954e-05   5.3091538e-04   8.6181368e-17   1.2901350e-04   3.9528683e-04   3.2240717e-03   3.1508981e-17   1.9719697e-16   3.5142769e-20   4.7633772e-04
   9.3319639e-05   5.0236647e-04   1.4541561e-04   1.4795533e-04   8.0323837e-04   2.8198722e-03   2.9532901e-10   4.2458343e-14   3.9436582e-38   4.4956766e-04
   1.4431762e-04   6.7454619e-04   9.0358085e-05   1.6816122e-04   5.2209544e-04   2.5811797e-03   2.3173249e-06   3.9116039e-17   1.5402499e-49   2.3834965e-04
   1.7216198e-04   6.5914483e-04   1.5368653e-04   2.6596379e-04   6.2854119e-04   2.5096451e-03   2.1902638e-07   5.6530599e-11   7.2252721e-22   1.9487662e-04
   5.7241818e-05   5.5125255e-04   2.5573919e-04   1.9513105e-04   1.9714031e-03   2.5954500e-03   4.0817611e-05   1.1941555e-16   1.2367456e-07   3.0862576e-04
   1.1379741e-04   3.5851165e-04   4.7548692e-05   2.2104101e-04   3.1684588e-03   2.7506890e-03   2.0209300e-06   1.8959675e-20   1.8065768e-04   2.6808268e-04
   1.3106969e-04   3.0089906e-04   1.0060249e-10   2.1836417e-04   3.0949112e-03   2.7737946e-03   4.3117914e-08   5.5039014e-11   1.5898369e-04   2.6270442e-04
   7.6349258e-05   3.5437844e-04   5.2442881e-14   2.1098894e-04   2.3737142e-03   2.5685290e-03   9.7402062e-11   1.0161253e-09   7.0002561e-13   2.6600973e-04
   1.1723192e-04   4.7659451e-04   9.3233266e-09   2.7420267e-04   1.0689278e-03   2.3101444e-03   7.5707551e-16   1.4328437e-15   1.4022650e-14   2.3150027e-04
   7.1483018e-05   5.3230381e-04   1.4803622e-04   2.1032023e-04   6.9522198e-04   2.4209340e-03   1.1050873e-16   3.8671739e-17   1.0564457e-10   2.6719042e-04
   5.0440322e-05   3.5894508e-04   6.2001165e-06   2.0024341e-04   9.9551210e-04   2.3718400e-03   1.9387168e-10   1.1425620e-11   1.7168782e-15   4.0519615e-04
   1.0622748e-04   4.1405261e-04   8.1769996e-05   2.3998521e-04   8.6462255e-04   1.7781914e-03   3.3334990e-06   9.7274706e-19   1.1745674e-38   4.7795206e-04
   1.7830444e-04   4.0049773e-04   8.3407329e-06   3.8254679e-04   3.0469163e-04   2.2293494e-03   3.4573546e-06   8.4342204e-22   2.9298411e-35   4.6106408e-04
   1.2536438e-04   3.6934287e-04   1.5432196e-04   4.1826808e-04   4.1668868e-04   2.1965210e-03   4.3004144e-08   7.6853698e-14   4.7333012e-17   3.4261014e-04
   2.0971331e-04   2.5210163e-04   2.4415114e-04   2.0233427e-04   1.7286216e-04   1.9972538e-03   1.6394654e-10   1.2069007e-15   7.3534500e-09   3.9438282e-04
   1.2929177e-04   2.8579718e-04   9.4283190e-05   2.0164770e-04   1.8861791e-04   2.2388548e-03   8.3939178e-12   3.4076231e-14   1.4915861e-10   4.1318861e-04
   9.5998896e-05   3.7911316e-04   9.4669194e-05   3.3942572e-04   5.3746291e-05   2.0730811e-03   1.3996822e-18   1.0043997e-17   4.9574389e-07   4.9412640e-04
   1.2019767e-04   3.2812148e-04   6.9323303e-06   4.0178263e-04   4.8969991e-04   1.9287783e-03   3.0174792e-13   1.5249400e-11   1.9743392e-06   4.3147293e-04
   1.4014708e-04   3.3446105e-04   1.7313579e-04   7.9675916e-05   2.3776108e-04   1.7311940e-03   1.0595027e-15   2.3119317e-06   1.1037181e-16   3.7589696e-04
   2.6030443e-04   3.2709988e-04   1.8003322e-04   2.8900923e-04   1.1908265e-04   1.7095151e-03   5.9675694e-11   7.6428984e-09   1.0764274e-31   3.8542652e-04
   2.9388597e-04   2.5218662e-04   1.4487461e-04   3.5565589e-04   3.6209593e-04   2.5380542e-03   3.7335893e-05   9.2243558e-09   3.0038371e-34   3.0448362e-04
   1.9694102e-04   3.1726789e-04   2.3438887e-10   4.1829633e-04   2.0711025e-04   2.6433937e-03   9.7918871e-08   1.4709767e-09   1.1622925e-26   2.7538660e-04
   9.8247783e-05   3.1963807e-04   6.2008676e-08   5.8050152e-04   1.5022476e-04   2.6990326e-03   6.8736132e-12   4.1887324e-06   5.5327862e-05   1.5284340e-04
   1.0206021e-04   3.0706151e-04   5.2191585e-05   6.0383735e-04   1.5897962e-04   2.8662889e-03   3.6590324e-07   4.0012686e-06   9.3324993e-12   2.2801478e-04
   6.2322360e-05   3.0548176e-04   1.5173568e-04   3.1034068e-04   1.4942925e-04   2.7612032e-03   6.7320781e-09   5.0939287e-11   2.0504569e-28   3.0125960e-04
   7.0212190e-05   2.9870640e-04   5.0151131e-07   3.2500225e-04   2.2132052e-04   2.1962971e-03   4.4857583e-11   3.6708460e-09   1.6907798e-16   3.8150741e-04
   1.1196788e-04   2.2815177e-04   1.2566503e-04   2.2854506e-04   1.6817118e-04   1.6700961e-03   1.1164925e-11   2.0872234e-07   2.1347206e-11   2.6276572e-04
   5.7158726e-05   2.2166817e-04   1.6440945e-04   3.0844125e-04   1.9826800e-04   1.5894529e-03   3.9610570e-18   9.1788688e-06   3.3863391e-10   2.3110323e-04
   6.5370941e-05   2.0432437e-04   7.4237489e-05   3.2882852e-04   5.2051929e-14   1.8345395e-03   5.0990400e-14   3.0602613e-05   1.0442291e-04   2.2793765e-04
   3.6710456e-05   1.8706532e-04   1.0257925e-04   2.7555592e-04   2.5522628e-04   1.6334191e-03   8.2766511e-12   6.2178810e-05   1.2268462e-06   2.7390211e-04
   7.9088452e-05   1.3187470e-04   4.2228146e-05   2.8586824e-04   1.7473695e-04   1.4960360e-03   2.6907134e-05   5.6479460e-05   4.6976237e-19   2.6455081e-04
   9.2579471e-05   1.5283612e-04   2.4405877e-20   3.0728319e-04   6.7211830e-05   1.7110334e-03   3.1889833e-07   6.6044672e-05   1.5416903e-21   2.8467292e-04
   9.2733786e-05   1.6833812e-04   2.1498890e-08   3.3582947e-04   1.2172308e-04   1.6639219e-03   2.1492889e-06   5.8156989e-07   7.6457147e-24   2.4083991e-04
   9.6194203e-05   1.8303394e-04   2.7070429e-05   2.6448075e-04   5.3742682e-05   2.0773726e-03   4.8747405e-06   7.1322291e-07   4.0432287e-10   1.9308856e-04
   3.4726361e-05   1.8562158e-04   1.2665159e-04   3.1343435e-04   2.2651242e-04   2.0108176e-03   2.5156986e-09   2.1577222e-06   1.1588748e-05   2.3229352e-04
   6.6386655e-05   1.5757493e-04   2.4435905e-06   3.8179656e-04   1.5585214e-04   1.8807099e-03   2.2090400e-14   2.1011861e-09   1.3863041e-10   2.4983735e-04
   9.1248420e-05   1.6364021e-04   2.6685795e-05   3.3148902e-04   2.4090717e-05   1.7286627e-03   5.5920757e-15   5.8522009e-08   3.1410460e-16   2.0774455e-04
   1.0490996e-04   1.4877655e-04   3.9496388e-09   2.8586879e-04   6.2254385e-05   1.5716789e-03   7.6464517e-08   1.6486572e-05   1.5699970e-18   1.9048389e-04
   8.1513407e-05   1.6205782e-04   6.0716468e-05   1.9452425e-04   4.7743619e-05   1.4483587e-03   7.7519636e-11   2.3609846e-05   1.1689104e-16   1.5699912e-04
   8.1653610e-05   1.5197468e-04   6.5324982e-05   3.4011899e-04   1.9357497e-04   1.3602406e-03   7.0016627e-12   1.1297889e-06   8.0258620e-21   1.2991486e-04
   7.7632494e-05   1.5214838e-04   1.8675543e-05   2.6870880e-04   2.1016728e-04   1.4055045e-03   8.1166810e-09   1.0766320e-11   1.1058870e-36   1.6095970e-04
   9.9695998e-05   1.0103346e-04   4.7368003e-07   2.7800511e-04   2.7568054e-04   1.7827768e-03   1.8948047e-05   1.2634333e-09   4.0783294e-43   1.6229452e-04
   8.7115414e-05   8.5379906e-05   2.4457480e-05   2.4861594e-04   4.6309458e-04   1.8166905e-03   7.2740220e-05   5.2680668e-08   2.5966420e-53   1.2164413e-04
   4.1760331e-05   6.7218154e-05   7.7880852e-05   2.4661213e-04   6.3885037e-04   1.7752900e-03   8.3588135e-08   1.6134652e-06   3.1995705e-33   8.7531047e-05
   3.3699037e-05   1.0793965e-04   1.2452173e-04   1.5254453e-04   7.2233261e-04   1.3886127e-03   8.8126379e-13   5.1154380e-06   1.0723653e-27   9.2358694e-05
   5.7534438e-05   1.1250553e-04   5.9864397e-05   1.4157448e-04   5.3630884e-04   1.2756447e-03   2.0700431e-05   9.5413232e-06   1.5355863e-21   8.2275993e-05
   4.2587570e-05   5.1963951e-05   2.4175646e-05   2.2138155e-04   3.3442286e-04   1.5084387e-03   8.2165247e-05   3.2102522e-05   3.0656198e-13   8.8761133e-05
   5.0769178e-05   6.2233148e-05   4.5498705e-06   2.2510633e-04   3.2879041e-04   1.4563048e-03   9.3712558e-06   4.8581601e-05   1.5625221e-07   8.9486136e-05
   4.1829352e-05   8.2670679e-05   8.0261797e-05   1.5759559e-04   4.2953436e-04   1.5157638e-03   4.5915524e-05   2.6943561e-05   2.7744480e-05   7.0141961e-05
   4.2673102e-05   9.9596688e-05   7.4331164e-05   1.1243591e-04   3.5710627e-04   1.0546311e-03   4.6140351e-08   3.6867811e-12   3.1517744e-05   5.8731662e-05
   5.0585020e-05   7.3139774e-05   8.5302740e-05   1.2497621e-04   2.8603730e-04   7.4441480e-04   3.9918051e-12   1.8390359e-16   3.3181648e-05   6.4048754e-05
   4.2223715e-05   6.3402524e-05   7.6721729e-05   7.7075873e-05   3.1655714e-04   1.0457655e-03   2.1165562e-11   2.7350675e-06   1.9947389e-05   5.9290535e-05
   4.6455390e-05   6.7639605e-05   5.7710644e-05   1.2749707e-04   1.5679268e-04   9.6583689e-04   7.8499288e-06   1.7053249e-05   1.4909903e-05   4.7608925e-05
   4.6346779e-05   4.8657747e-05   5.5562620e-05   9.6584641e-05   1.2103872e-04   1.1683109e-03   2.2646960e-06   3.6561977e-05   1.7038297e-05   6.0858819e-05
   5.5163265e-05   2.8623074e-05   5.2082763e-05   7.0369132e-05   1.7247820e-04   1.3899826e-03   4.0992476e-05   8.6810022e-06   1.6291245e-28   5.1550902e-05
   6.9833905e-05   5.2544844e-05   3.9927417e-05   6.0467170e-05   1.5392678e-04   1.3509434e-03   3.4433020e-05   1.4671285e-05   1.4255361e-25   5.1656302e-05
   7.9666594e-05   4.7985926e-05   1.7592646e-05   8.9154521e-05   1.4387324e-04   1.1691645e-03   3.2494881e-05   1.0139128e-08   5.4963306e-43   5.8885966e-05
   6.0736418e-05   3.4678739e-05   2.2968276e-05   1.0869011e-04   1.0933783e-04   1.1845497e-03   1.1463960e-05   4.6636368e-06   1.2297704e-18   5.9182182e-05
   5.2707150e-05   6.0774581e-05   2.7669946e-05   1.1407359e-04   4.5337374e-06   9.8994908e-04   2.2781886e-09   1.5066234e-07   3.8671629e-08   4.8428430e-05
   8.0447573e-05   5.5607608e-05   3.9077279e-05   8.2922260e-05   5.7757207e-05   1.0177024e-03   8.6440109e-09   5.4339350e-09   2.8993075e-06   4.1540998e-05
   9.0949760e-05   4.2153171e-05   5.9732955e-06   7.1930824e-05   7.2520545e-05   8.4722903e-04   1.3216210e-11   1.7018588e-07   1.0510904e-18   5.1144013e-05
   5.9125010e-05   5.1216311e-05   4.5211359e-07   4.7799336e-05   6.4761553e-05   6.9348195e-04   3.0372634e-07   1.6164566e-06   9.1627246e-24   4.7671912e-05
   4.7829207e-05   4.3787930e-05   4.6588389e-08   3.6671404e-05   3.7798083e-05   8.8673112e-04   1.6088868e-05   1.1175551e-05   2.6998672e-29   4.9363132e-05
   4.7908349e-05   4.5365731e-05   1.2609961e-07   7.7694877e-05   4.1341330e-05   8.3819851e-04   5.9371097e-05   5.1359459e-06   4.5856525e-26   3.5693393e-05
   5.1032373e-05   4.5322036e-05   5.5759974e-07   8.4211523e-05   3.5070784e-05   8.3187978e-04   2.1925528e-06   1.5114728e-08   2.1232709e-32   3.1493948e-05
   6.8142502e-05   3.6965338e-05   7.2888542e-07   5.5425966e-05   2.8606749e-05   1.0257805e-03   3.0623816e-06   1.4627548e-08   1.4562577e-26   3.5814922e-05
   5.4144721e-05   3.3441804e-05   8.1447953e-14   5.4105547e-05   1.6815378e-07   1.0011068e-03   2.2006355e-08   1.5973560e-06   1.8478031e-07   3.7253702e-05
